-0.8894334,-8.222918,2.718945,-0.0026994036,0.0
-0.88918716,-8.223028,2.718945,0.022806115,-0.07057409
-0.89126194,-8.222095,2.718677,0.048311636,-0.14114818
-0.8956236,-8.220132,2.717544,0.073817156,-0.21172228
-0.90220135,-8.217162,2.714959,0.09791069,-0.2393981
-0.9108606,-8.213226,2.7110894,0.122004226,-0.26707393
-0.9215547,-8.208315,2.705723,0.14609776,-0.29474977
-0.93422735,-8.202413,2.6986494,0.16849907,-0.3
-0.94877124,-8.195514,2.6903503,0.19090036,-0.3
-0.96518314,-8.18756,2.6809478,0.21330166,-0.3
-0.98343664,-8.178502,2.670442,0.23524423,-0.3
-1.0034617,-8.168301,2.6588554,0.25718677,-0.3
-1.0252241,-8.156896,2.646188,0.27912933,-0.3
-1.0486845,-8.144218,2.63244,0.30137464,-0.3
-1.0738239,-8.130185,2.6175964,0.32361993,-0.3
-1.1005923,-8.114716,2.601657,0.34586522,-0.3
-1.1289335,-8.09773,2.584622,0.36812422,-0.3
-1.1587865,-8.079139,2.5664907,0.3903832,-0.3
-1.190082,-8.058854,2.547263,0.4126422,-0.3
-1.2227434,-8.036779,2.526939,0.4330905,-0.3
-1.2565454,-8.01292,2.5056078,0.45353878,-0.3
-1.2914023,-7.987184,2.4832695,0.47398707,-0.3
-1.327221,-7.9594812,2.459924,0.49077427,-0.3
-1.3636286,-7.9299393,2.4357517,0.5075615,-0.3
-1.4005321,-7.8984857,2.4107525,0.523,-0.3
-1.4377362,-7.8651347,2.384993,0.523,-0.3
-1.4740688,-7.830837,2.3592336,0.523,-0.3
-1.5095059,-7.7956142,2.333474,0.523,-0.3
-1.5440241,-7.759491,2.3077145,0.523,-0.3
-1.5776004,-7.7224903,2.281955,0.523,-0.3
-1.6102126,-7.684637,2.2561955,0.523,-0.3
-1.6418389,-7.6459565,2.230436,0.523,-0.3
-1.6724585,-7.6064744,2.2046764,0.523,-0.3
-1.702051,-7.5662165,2.178917,0.523,-0.3
-1.7305969,-7.52521,2.1531575,0.523,-0.3
-1.758077,-7.4834814,2.127398,0.523,-0.3
-1.7844732,-7.441059,2.1016383,0.523,-0.3
-1.8097681,-7.397971,2.0758789,0.523,-0.3
-1.8339447,-7.3542457,2.0501194,0.523,-0.3
-1.856987,-7.309912,2.02436,0.523,-0.3
-1.8788799,-7.265,1.9986004,0.523,-0.3
-1.8996086,-7.2195387,1.9728409,0.523,-0.3
-1.9191597,-7.1735587,1.9470813,0.523,-0.3
-1.9375198,-7.12709,1.9213219,0.523,-0.3
-1.9546771,-7.0801644,1.8955623,0.523,-0.3
-1.97062,-7.032812,1.8698028,0.523,-0.3
-1.985338,-6.985065,1.8440433,0.523,-0.27964905
-1.9989033,-6.9366617,1.8199837,0.523,-0.25929812
-2.0113702,-6.8876715,1.797634,0.523,-0.23894717
-2.022798,-6.838159,1.7770034,0.523,-0.22329542
-2.0332406,-6.788238,1.7577008,0.523,-0.20764369
-2.0427501,-6.7379527,1.739731,0.523,-0.19199196
-2.0513818,-6.6873446,1.7230983,0.523,-0.18663794
-2.0591788,-6.6365476,1.706924,0.523,-0.18128392
-2.06616,-6.5855803,1.6912085,0.523,-0.17592992
-2.0723453,-6.5344605,1.6759522,0.523,-0.15323184
-2.0777705,-6.483059,1.6626477,0.523,-0.13053378
-2.082527,-6.4314227,1.6513019,0.523,-0.10783571
-2.0867083,-6.379595,1.6419203,0.523,-0.09038173
-2.0904098,-6.32764,1.6340529,0.523,-0.07292775
-2.093707,-6.2755833,1.6277016,0.523,-0.055473767
-2.096677,-6.2234483,1.6228687,0.523,-0.038643084
-2.0993972,-6.171258,1.619501,0.523,-0.021812404
-2.1019428,-6.1190324,1.6175998,0.523,-0.0049817204
-2.1043897,-6.0667906,1.6171657,0.523,0.0074445964
-2.106814,-6.0145483,1.6178145,0.523,0.019870913
-2.1092715,-5.962316,1.6195465,0.523,0.03229723
-2.1118188,-5.9101057,1.6223613,0.523,0.04678136
-2.1145115,-5.857932,1.6264375,0.523,0.06126549
-2.1174147,-5.8058114,1.6317745,0.523,0.07574962
-2.1205926,-5.753758,1.6383711,0.523,0.0839918
-2.1241117,-5.7017612,1.6456838,0.523,0.09223398
-2.128008,-5.64983,1.653712,0.523,0.10047616
-2.1323178,-5.5979724,1.6624556,0.523,0.105031
-2.1370783,-5.546179,1.6715939,0.523,0.109585844
-2.1423097,-5.4944563,1.6811271,0.523,0.11414069
-2.1480308,-5.4428124,1.6910547,0.523,0.11996905
-2.15426,-5.3912635,1.701487,0.523,0.1257974
-2.1610217,-5.3398194,1.7124233,0.523,0.13162576
-2.1683402,-5.288491,1.7238636,0.523,0.13740918
-2.1762393,-5.2372894,1.7358035,0.523,0.14319262
-2.1847422,-5.186228,1.7482425,0.523,0.14897604
-2.1938717,-5.135319,1.7611803,0.523,0.15192306
-2.2036548,-5.0845556,1.774372,0.523,0.15487008
-2.2141018,-5.033949,1.7878176,0.523,0.1578171
-2.2252233,-4.9835105,1.801517,0.523,0.15766647
-2.2370348,-4.9332275,1.8152034,0.523,0.15751585
-2.2495337,-4.88311,1.8288769,0.523,0.15736522
-2.262717,-4.833167,1.8425373,0.523,0.16115835
-2.276573,-4.783439,1.8565242,0.523,0.16495149
-2.2911139,-4.7339406,1.8708373,0.523,0.16874462
-2.3063521,-4.6846867,1.8854765,0.523,0.17198163
-2.322301,-4.635689,1.9003938,0.523,0.17521864
-2.3389692,-4.5869617,1.915589,0.523,0.17845565
-2.356366,-4.5385213,1.931062,0.523,0.18132882
-2.3745005,-4.4903812,1.9467813,0.523,0.18420199
-2.3933797,-4.4425573,1.962747,0.523,0.18707515
-2.4130092,-4.395067,1.9789587,0.523,0.19072533
-2.433392,-4.347934,1.9954829,0.523,0.19437549
-2.4545355,-4.301177,2.0123196,0.523,0.19802564
-2.4764476,-4.2548165,2.0294683,0.523,0.20146385
-2.4991355,-4.208871,2.0469105,0.523,0.20490205
-2.5226045,-4.1633596,2.0646465,0.523,0.20834024
-2.5468597,-4.1183047,2.0826757,0.523,0.2125505
-2.5719006,-4.0737343,2.101064,0.523,0.21676075
-2.597733,-4.0296726,2.1198106,0.523,0.22097102
-2.624362,-3.9861434,2.1389155,0.523,0.22210126
-2.6518106,-3.9431417,2.1581166,0.523,0.2232315
-2.6800728,-3.900686,2.1774137,0.523,0.22436172
-2.7091413,-3.8587942,2.196807,0.523,0.22441977
-2.7390163,-3.8174746,2.2162051,0.523,0.22447781
-2.7696867,-3.7767427,2.235608,0.523,0.22453585
-2.8011413,-3.7366142,2.255016,0.523,0.22053817
-2.8333976,-3.697068,2.274084,0.523,0.21654049
-2.8664317,-3.6581092,2.292812,0.523,0.2125428
-2.900219,-3.6197426,2.3111997,0.523,0.21344191
-2.9346993,-3.582011,2.3296638,0.523,0.214341
-2.9698634,-3.5449297,2.3482044,0.523,0.2152401
-3.0057018,-3.508514,2.3668215,0.523,0.21077272
-3.0422473,-3.4727368,2.3850582,0.523,0.20630533
-3.0794744,-3.4375992,2.4029138,0.523,0.20183794
-3.117358,-3.4030998,2.4203882,0.523,0.20337287
-3.1558263,-3.3692784,2.4379935,0.523,0.2049078
-3.1948717,-3.33615,2.45573,0.523,0.20644273
-3.2344859,-3.3037295,2.4735973,0.523,0.20179562
-3.2747116,-3.2719915,2.4910681,0.523,0.19714853
-3.315524,-3.240932,2.5081418,0.523,0.19250143
-3.3568985,-3.210546,2.524818,0.523,0.19007945
-3.398794,-3.18084,2.541287,0.523,0.18765746
-3.4411922,-3.1518147,2.5575488,0.523,0.18523549
-3.4840765,-3.1234698,2.573603,0.523,0.17509034
-3.5274906,-3.0957658,2.588787,0.523,0.16494519
-3.5713966,-3.068677,2.6030996,0.523,0.15480004
-3.6157584,-3.042176,2.6165392,0.523,0.1560373
-3.6604636,-3.0162785,2.6300852,0.523,0.15727457
-3.7055068,-2.9909942,2.643738,0.523,0.15851183
-3.750882,-2.9663317,2.6574972,0.523,0.14679375
-3.7966745,-2.9422526,2.6702468,0.523,0.13507566
-3.842847,-2.9187205,2.6819851,0.523,0.12335758
-3.8893638,-2.8956966,2.6927104,0.523,0.13346228
-3.9360635,-2.8732023,2.7043095,0.523,0.14356697
-3.982955,-2.8512824,2.7167807,0.523,0.15367165
-4.0300446,-2.8299809,2.7301233,0.523,0.1389527
-4.0775175,-2.8092647,2.7421963,0.523,0.12423376
-4.12533,-2.789084,2.7529974,0.523,0.10951481
-4.1734405,-2.7693868,2.7625244,0.523,0.12322084
-4.221659,-2.7501798,2.773238,0.523,0.13692686
-4.2699943,-2.7315238,2.7851362,0.523,0.15063289
-4.318452,-2.71348,2.7982168,0.523,0.12634166
-4.367306,-2.6960125,2.8092003,0.523,0.10205041
-4.4164863,-2.6790357,2.8180802,0.523,0.07775917
-4.4659233,-2.6624599,2.8248515,0.523,0.10296601
-4.5153584,-2.646256,2.8338108,0.523,0.12817284
-4.564792,-2.630542,2.8449526,0.523,0.1533797
-4.6142206,-2.6154337,2.85827,0.523,0.11362101
-4.6641116,-2.6009076,2.8681526,0.523,0.07386233
-4.714331,-2.5868227,2.874585,0.523,0.034103643
-4.7647486,-2.5730317,2.877557,0.523,0.07841305
-4.815081,-2.5594244,2.884385,0.523,0.12272245
-4.86528,-2.5462203,2.8950555,0.523,0.16703185
-4.915293,-2.5336344,2.9095476,0.523,0.11168978
-4.965874,-2.521682,2.9192631,0.523,0.056347717
-5.016806,-2.510168,2.9241722,0.523,0.0010056496
-5.0678744,-2.4988863,2.9242597,0.523,0.05329579
-5.1188717,-2.4876251,2.928903,0.523,0.10558593
-5.1697087,-2.4766464,2.9380896,0.523,0.15787607
-5.2202926,-2.466208,2.9517941,0.523,0.09923181
-5.2714005,-2.4563897,2.9604297,0.523,0.040587544
-5.322802,-2.4469743,2.9639666,0.523,-0.01805672
-5.374271,-2.4377348,2.9623926,0.523,0.028170925
-5.425713,-2.4284165,2.9648478,0.523,0.07439857
-5.477056,-2.4192462,2.971327,0.523,0.12062622
-5.528225,-2.4104486,2.981816,0.523,0.06912389
-5.5797358,-2.4021475,2.9878366,0.523,0.017621558
-5.6314106,-2.394139,2.9893725,0.523,-0.03388077
-5.683076,-2.3862133,2.98642,0.523,0.0011260628
-5.734748,-2.3781302,2.986518,0.523,0.036132894
-5.7863865,-2.3700576,2.989667,0.523,0.07113973
-5.837953,-2.3621624,2.9958627,0.523,0.03642987
-5.8896646,-2.3545728,2.9990375,0.523,0.0017200112
-5.941434,-2.3471422,2.9991872,0.523,-0.03298985
-5.9931765,-2.3397236,2.9963121,0.523,-0.021026671
-6.044914,-2.3321538,2.9944797,0.523,-0.009063494
-6.096647,-2.324488,2.9936895,0.523,0.0028996826
-6.1483755,-2.3167808,2.9939423,0.523,-0.015269083
-6.2001004,-2.3090875,2.9926114,0.523,-0.033437848
-6.2517924,-2.301329,2.9896972,0.523,-0.051606614
-6.3034215,-2.293426,2.985201,0.523,-0.048961084
-6.355021,-2.2852898,2.9809349,0.523,-0.04631556
-6.4065924,-2.2769325,2.9768991,0.523,-0.04367003
-6.458135,-2.2683659,2.9730937,0.523,-0.05128771
-6.509627,-2.2596066,2.968625,0.523,-0.058905393
-6.561057,-2.250621,2.9634936,0.523,-0.066523075
-6.612416,-2.2413762,2.957699,0.523,-0.060831368
-6.663739,-2.2318304,2.9524,0.523,-0.05513966
-6.715028,-2.2220094,2.947596,0.523,-0.049447954
-6.766284,-2.2119393,2.9432876,0.523,-0.0450961
-6.817507,-2.2016463,2.939358,0.523,-0.040744245
-6.8686986,-2.19115,2.9358075,0.523,-0.03639239
-6.9198613,-2.1804702,2.932636,0.523,-0.032591987
-6.9709964,-2.169627,2.9297955,0.523,-0.028791582
-7.0221066,-2.1586373,2.9272861,0.523,-0.024991179
-7.073194,-2.1475182,2.925108,0.523,-0.01686436
-7.124266,-2.1362858,2.923638,0.523,-0.00873754
-7.175327,-2.124977,2.9228766,0.523,-0.0006107211
-7.226381,-2.1136293,2.9228232,0.523,0.007045674
-7.277433,-2.102279,2.9234374,0.523,0.01470207
-7.328488,-2.090961,2.9247189,0.523,0.022358466
-7.37955,-2.07971,2.9266677,0.5087807,0.03622062
-7.429225,-2.0688663,2.9297383,0.4945615,0.05008278
-7.4775147,-2.0584798,2.9338648,0.48034224,0.063944936
-7.5244203,-2.0485938,2.9389806,0.4578338,0.08975239
-7.5690866,-2.0394177,2.94582,0.43532538,0.11555984
-7.6115026,-2.031006,2.9541857,0.41281694,0.14136729
-7.651657,-2.0233917,2.9638798,0.39295614,0.11905478
-7.69006,-2.0164943,2.9716587,0.3730953,0.09674227
-7.7266603,-2.010214,2.977665,0.3532345,0.074429765
-7.7614136,-2.0044653,2.9820428,0.33895868,0.021955365
-7.794871,-1.9990815,2.983283,0.32468286,-0.030519033
-7.826918,-1.9939653,2.9816318,0.310407,-0.08299343
-7.857457,-1.9890381,2.977343,0.30537954,-0.115354225
-7.887384,-1.984078,2.971485,0.30035207,-0.14771502
-7.916663,-1.9790487,2.9641173,0.2953246,-0.18007581
-7.945262,-1.9739193,2.9553018,0.28953168,-0.16071962
-7.973347,-1.9686258,2.9475794,0.28373876,-0.14136343
-8.000911,-1.96321,2.9409168,0.27794585,-0.122007236
-8.0279455,-1.9577107,2.935279,0.27546465,-0.07957275
-8.054822,-1.9520856,2.9316294,0.27298346,-0.037138276
-8.081503,-1.9463999,2.92994,0.2705023,0.0052962005
-8.107949,-1.9407175,2.9301789,0.27788514,0.03198264
-8.135105,-1.9348892,2.93166,0.28526798,0.058669083
-8.162957,-1.9289546,2.9344478,0.29265085,0.08535553
-8.191493,-1.9229577,2.9386058,0.2947618,0.11381502
-8.220177,-1.9170538,2.9441853,0.2968728,0.1422745
-8.248994,-1.9112902,2.951201,0.29898378,0.17073399
-8.277925,-1.9057144,2.9596674,0.3008757,0.1755206
-8.307061,-1.9003544,2.968424,0.30276757,0.18030721
-8.336402,-1.8952222,2.9774733,0.3046595,0.18509382
-8.365945,-1.8903296,2.9868183,0.2995751,0.22798131
-8.394778,-1.8858309,2.9981027,0.2944907,0.2708688
-8.422862,-1.8817734,3.0112355,0.28940633,0.3137563
-8.450156,-1.878195,3.0261223,0.29475486,0.2600835
-8.478451,-1.8749132,3.0387557,0.3001034,0.2064107
-8.5076685,-1.8718979,3.0490065,0.3054519,0.15273793
-8.537729,-1.8691068,3.056752,0.29333538,0.2220399
-8.566239,-1.866682,3.0675182,0.28121886,0.29134184
-8.593102,-1.8646886,3.080981,0.2691023,0.3606438
-8.618236,-1.8631634,3.0968077,0.24743769,0.35531968
-8.64141,-1.8621248,3.1111546,0.22577304,0.34999555
-8.662609,-1.8614793,3.1240573,0.2041084,0.34467143
-8.681816,-1.8611425,3.1355517,0.18580508,0.32323793
-8.699434,-1.8610361,-3.137797,0.16750178,0.30180445
-8.715427,-1.8610967,-3.1294992,0.14919846,0.28037095
-8.729764,-1.8612702,-3.1226182,0.17681095,0.37688124
-8.746201,-1.861582,-3.1117733,0.20442343,0.4733915
-8.764387,-1.8621246,-3.0962403,0.23203592,0.56990176
-8.783903,-1.8630103,-3.0753744,0.26088804,0.66134816
-8.804446,-1.8643726,-3.0486689,0.28974018,0.75279456
-8.8255,-1.8663346,-3.0156538,0.31859228,0.8442409
-8.846497,-1.8689929,-2.9759643,0.34765464,0.9178483
-8.867329,-1.8724753,-2.929941,0.376717,0.99145573
-8.887492,-1.8768078,-2.8774,0.40577936,1.0
-8.908656,-1.882533,-2.8204913,0.4335661,1.0
-8.930884,-1.8899263,-2.7596858,0.4613528,1.0
-8.954016,-1.8992164,-2.6949835,0.48913953,1.0
-8.977852,-1.9106311,-2.626384,0.5103262,1.0
-9.001845,-1.9242167,-2.5548131,0.523,1.0
-9.025376,-1.9398626,-2.4814649,0.523,1.0
-9.047698,-1.9571908,-2.4081166,0.523,1.0
-9.068689,-1.9761082,-2.3347685,0.523,1.0
-9.088238,-1.996513,-2.2614202,0.523,1.0
-9.106238,-2.0182955,-2.188072,0.523,1.0
-9.122595,-2.0413384,-2.114724,0.523,1.0
-9.1372175,-2.0655181,-2.0413756,0.523,1.0
-9.15003,-2.0907047,-1.9680274,0.5202192,1.0
-9.160904,-2.1166236,-1.8950691,0.51743835,1.0
-9.169812,-2.1431239,-1.822501,0.51465756,1.0
-9.176737,-2.1700547,-1.7503227,0.5039289,1.0
-9.181599,-2.1968446,-1.6796491,0.49320024,1.0
-9.184494,-2.2233346,-1.6104802,0.4824716,1.0
-9.185528,-2.249382,-1.5428158,0.47308472,1.0
-9.1848135,-2.2749329,-1.476468,0.46369785,1.0
-9.182453,-2.2998753,-1.4114366,0.45431098,1.0
-9.178558,-2.3241107,-1.3477217,0.4579416,0.9979812
-9.173067,-2.3483162,-1.283581,0.4615722,0.9959624
-9.165958,-2.3723836,-1.2190161,0.46520278,0.9939436
-9.157216,-2.3962016,-1.1540285,0.46767914,0.97957194
-9.146664,-2.4200375,-1.0893127,0.47015554,0.96520025
-9.13427,-2.4437585,-1.0248886,0.4726319,0.9508286
-9.120012,-2.4672277,-0.9607763,0.4738345,0.9085073
-9.10332,-2.4911096,-0.8984997,0.47503713,0.8661859
-9.084157,-2.5151837,-0.8381808,0.47623974,0.8238646
-9.062517,-2.5392375,-0.7799385,0.4660298,0.79755634
-9.039375,-2.562128,-0.7243527,0.45581985,0.77124816
-9.014897,-2.5837862,-0.6713993,0.4456099,0.7449399
-8.989249,-2.6041644,-0.6210508,0.44377974,0.71844065
-8.962079,-2.623605,-0.57236725,0.44194958,0.6919413
-8.933472,-2.6420367,-0.52537084,0.4401194,0.66544205
-8.90352,-2.6594007,-0.48008206,0.43445495,0.6579497
-8.873029,-2.6752772,-0.43580416,0.42879048,0.6504573
-8.842095,-2.6896822,-0.39252844,0.423126,0.64296496
-8.810807,-2.7026358,-0.3502461,0.42209136,0.62137854
-8.778571,-2.7144117,-0.30929223,0.42105672,0.5997922
-8.745464,-2.724991,-0.26967984,0.42002207,0.57820576
-8.711561,-2.7343624,-0.23142128,0.4127501,0.5652339
-8.677635,-2.7423568,-0.19457553,0.40547815,0.552262
-8.643766,-2.7490313,-0.15912226,0.3982062,0.53929013
-8.610029,-2.7544453,-0.12504065,0.4013324,0.52758646
-8.5756235,-2.75877,-0.09136555,0.4044586,0.51588285
-8.540588,-2.76198,-0.05811212,0.40758482,0.5041792
-8.504962,-2.7640526,-0.025295498,0.40662083,0.51179576
-8.469521,-2.7649493,0.007894499,0.40565684,0.51941234
-8.434307,-2.7646713,0.041453816,0.40469286,0.52702886
-8.399359,-2.7632217,0.07537838,0.4111546,0.5221155
-8.363823,-2.760538,0.1095532,0.41761634,0.51720226
-8.327741,-2.7565691,0.14396828,0.42407808,0.5122889
-8.29116,-2.751266,0.1786136,0.42573434,0.5289333
-8.254989,-2.7447357,0.21441877,0.42739064,0.5455777
-8.219291,-2.736962,0.25138178,0.4290469,0.5622221
-8.184131,-2.7279325,0.2895003,0.43850642,0.5369359
-8.148019,-2.717176,0.32688338,0.44796595,0.5116498
-8.111028,-2.704634,0.3634386,0.45742548,0.48636362
-8.073231,-2.6902587,0.39907315,0.45654982,0.4912137
-8.036138,-2.6746163,0.43496528,0.45567414,0.4960638
-7.999794,-2.6577296,0.47111297,0.45479846,0.5009139
-7.9642477,-2.6396234,0.50751406,0.4560906,0.50218195
-7.9293084,-2.620194,0.54410315,0.45738274,0.50345
-7.895031,-2.599455,0.5808805,0.45867488,0.504718
-7.861468,-2.5774233,0.6178467,0.46062577,0.51525104
-7.8287954,-2.5542045,0.6556759,0.46257663,0.525784
-7.7970824,-2.5298107,0.69436973,0.46452752,0.536317
-7.7663975,-2.504259,0.73392993,0.4651199,0.55266315
-7.7370014,-2.4777434,0.7746245,0.46571228,0.5690093
-7.7089624,-2.450302,0.8164453,0.46630466,0.58535546
-7.6823454,-2.4219787,0.8593839,0.4670434,0.6042087
-7.657251,-2.3928661,0.90360594,0.46778217,0.6230619
-7.6337442,-2.3630238,0.94909966,0.46852094,0.64191514
-7.6118884,-2.332519,0.99585265,0.46909857,0.6681158
-7.591864,-2.3016157,1.0442877,0.46967623,0.69431645
-7.573726,-2.2704098,1.0943755,0.47025388,0.7205171
-7.55752,-2.2390072,1.1460857,0.47485554,0.74857694
-7.5431843,-2.2073073,1.1999499,0.47945723,0.7766367
-7.530791,-2.1754336,1.2559572,0.4840589,0.8046965
-7.520398,-2.143522,1.3140943,0.48906314,0.80557066
-7.511797,-2.1107547,1.3728819,0.49406743,0.8064448
-7.5050735,-2.0772293,1.4323207,0.4990717,0.8073189
-7.5003104,-2.043052,1.492412,0.50825185,0.79717624
-7.4975295,-2.007648,1.5530113,0.517432,0.7870335
-7.49688,-1.9711256,1.6140909,0.523,0.77689075
-7.498494,-1.9338657,1.6752005,0.523,0.77820927
-7.5023756,-1.8968219,1.7363919,0.523,0.7795278
-7.5085073,-1.8601326,1.7976652,0.523,0.78084624
-7.5168633,-1.8239349,1.8590201,0.523,0.7555753
-7.527684,-1.7874372,1.9187909,0.523,0.73030436
-7.540971,-1.7508106,1.9769396,0.523,0.7050334
-7.556707,-1.7142197,2.0334287,0.523,0.6843431
-7.574793,-1.6779556,2.0885324,0.523,0.66365284
-7.595183,-1.642156,2.142227,0.523,0.6429625
-7.6178207,-1.606949,2.1944892,0.523,0.61839366
-7.6427093,-1.5723575,2.2450223,0.523,0.5938248
-7.6697702,-1.5384955,2.293795,0.523,0.56925595
-7.698917,-1.505464,2.3407784,0.51391023,0.5697908
-7.729039,-1.474398,2.3869836,0.5048204,0.57032555
-7.7599964,-1.4452909,2.4324095,0.49573064,0.5708604
-7.7916517,-1.4181271,2.4770548,0.47143736,0.57148045
-7.8228664,-1.3936734,2.5195532,0.4471441,0.5721005
-7.8534193,-1.3717674,2.5599003,0.42285082,0.5727206
-7.883112,-1.3522418,2.5980923,0.4122846,0.5964821
-7.9123063,-1.3346027,2.6366913,0.40171844,0.62024367
-7.9409165,-1.3187902,2.6756067,0.39115226,0.64400524
-7.9688616,-1.3047359,2.7147484,0.38116297,0.5836632
-7.997814,-1.2915682,2.749757,0.3711737,0.5233213
-8.027527,-1.2792906,2.7806735,0.36118442,0.46297926
