-4.173721,-0.60732615,-0.5230442,0.6351011,0.0
-4.118702,-0.63905066,-0.5230442,0.523,0.09966044
-4.0736194,-0.6650459,-0.5143715,0.4932154,0.19932088
-4.03153,-0.6888311,-0.4980951,0.46343082,0.29898134
-3.9926238,-0.7099894,-0.47534475,0.43496755,0.39794374
-3.9569714,-0.72834,-0.44725138,0.40650427,0.49690613
-3.924752,-0.7437947,-0.41495407,0.378041,0.5958685
-3.8961184,-0.7564088,-0.3795929,0.35197812,0.68623096
-3.8708262,-0.7664988,-0.3424225,0.32591522,0.7765934
-3.8489282,-0.7743047,-0.30435267,0.29985234,0.8669558
-3.8304152,-0.7801199,-0.26625332,0.27903286,0.92564905
-3.8142276,-0.7845347,-0.22909492,0.2582134,0.98434234
-3.8003113,-0.7877798,-0.19325024,0.23739393,1.0
-3.7877235,-0.79024315,-0.15995689,0.22215343,1.0
-3.7758737,-0.7921549,-0.12880094,0.20691292,1.0
-3.7647867,-0.7935909,-0.09978241,0.19167241,1.0
-3.7544823,-0.79462254,-0.07290128,0.181969,1.0
-3.7446766,-0.79533863,-0.047381006,0.17226559,1.0
-3.7353795,-0.79577947,-0.02322159,0.16256218,1.0
-3.7265985,-0.79598343,-0.00042303174,0.15735228,0.98441046
-3.7178915,-0.7959871,0.021421295,0.1521424,0.96882087
-3.7092779,-0.7958026,0.042321064,0.14693253,0.95323133
-3.7007773,-0.79544264,0.06228652,0.14520006,0.92845494
-3.6920958,-0.7949012,0.081663355,0.1434676,0.90367854
-3.6832485,-0.79417706,0.10044824,0.14173514,0.8789021
-3.6742516,-0.7932703,0.1186385,0.1413078,0.85042775
-3.6649954,-0.79216695,0.13633879,0.14088048,0.8219534
-3.6554935,-0.7908634,0.15353741,0.14045316,0.7934791
-3.6457584,-0.7893568,0.17022318,0.14023933,0.7635392
-3.6357741,-0.78764063,0.18638535,0.1400255,0.7335993
-3.6255536,-0.7857133,0.20201097,0.13981166,0.7036594
-3.61511,-0.78357446,0.21708761,0.13931708,0.67589974
-3.6044962,-0.7812335,0.23161373,0.13882248,0.6481401
-3.5937247,-0.778693,0.2455817,0.13832788,0.62038034
-3.5828073,-0.7759567,0.2589844,0.13640639,0.59159476
-3.5718625,-0.773057,0.27166304,0.1344849,0.56280917
-3.5609055,-0.7700049,0.2836224,0.13256343,0.53402364
-3.5499506,-0.76681185,0.29486823,0.12649788,0.50680596
-3.5393684,-0.7635977,0.30510166,0.12043233,0.47958833
-3.5291772,-0.7603882,0.31436318,0.11436679,0.4523707
-3.519395,-0.7572076,0.32269478,0.10600533,0.4051475
-3.5101554,-0.754118,0.32965854,0.09764388,0.3579243
-3.5015023,-0.7511574,0.3353598,0.08928242,0.3107011
-3.4934752,-0.74835974,0.33990914,0.0769686,0.24894924
-3.4864423,-0.74587274,0.3430698,0.064654775,0.18719737
-3.4804602,-0.74373585,0.34507522,0.05234095,0.12544551
-3.4755733,-0.74197924,0.3461667,0.03686983,0.061407506
-3.4721115,-0.74073064,0.3465438,0.021398708,-0.002630496
-3.4700987,-0.7400038,0.3465344,0.0059275874,-0.066668496
-3.4695425,-0.73980296,0.3464686,-0.013319901,-0.08223362
-3.470791,-0.74025375,0.34665096,-0.03256739,-0.09779874
-3.4738395,-0.74135494,0.34718093,-0.05181488,-0.11336386
-3.4786806,-0.7431066,0.34815785,-0.07003858,-0.13122427
-3.4852076,-0.74547553,0.34968525,-0.08826228,-0.1490847
-3.4934077,-0.7484659,0.3518702,-0.106485985,-0.16694511
-3.503265,-0.752085,0.35481936,-0.1240232,-0.19021566
-3.514685,-0.75631607,0.35872754,-0.14156042,-0.2134862
-3.527639,-0.7611732,0.36372626,-0.15909763,-0.23675674
-3.542093,-0.76667535,0.36994568,-0.17619231,-0.2763486
-3.557897,-0.7728041,0.37795785,-0.193287,-0.3
-3.5750592,-0.77961826,0.38747787,-0.21038169,-0.3
-3.5936677,-0.7872126,0.3978399,-0.2292663,-0.3
-3.6138597,-0.7956983,0.40913203,-0.24815091,-0.3
-3.6356099,-0.8051292,0.4213543,-0.2670355,-0.3
-3.6588895,-0.815563,0.4345067,-0.2862089,-0.3
-3.6836913,-0.8270732,0.44860345,-0.30538228,-0.3
-3.7099788,-0.8397263,0.46364456,-0.32455567,-0.3
-3.7377117,-0.8535926,0.47963002,-0.34048852,-0.3
-3.7665694,-0.8686027,0.49640024,-0.3564214,-0.3
-3.79651,-0.88481957,0.5139552,-0.37235427,-0.3
-3.8274865,-0.9023078,0.53229487,-0.3874839,-0.3
-3.8593826,-0.9210948,0.55137974,-0.40261355,-0.3
-3.8921456,-0.9412442,0.57120985,-0.41774318,-0.3
-3.9257185,-0.96282077,0.5917851,-0.430118,-0.3
-3.9598217,-0.985743,0.6129699,-0.4424928,-0.3
-3.9943986,-1.0100626,0.63476413,-0.45486766,-0.3
-4.0293894,-1.035831,0.6571679,-0.46748134,-0.3
-4.064748,-1.0631129,0.6801929,-0.48009506,-0.3
-4.1004057,-1.0919595,0.70383924,-0.49270877,-0.3
-4.1362906,-1.1224209,0.7281068,-0.5059665,-0.3
-4.172371,-1.154587,0.7530273,-0.51922417,-0.3
-4.2085624,-1.1885084,0.7786009,-0.523,-0.3
-4.2441316,-1.2235973,0.8043604,-0.523,-0.3
-4.2787857,-1.2595909,0.8301199,-0.523,-0.3
-4.3125005,-1.2964649,0.8558794,-0.523,-0.3
-4.345255,-1.3341953,0.88163894,-0.523,-0.3
-4.3770266,-1.3727566,0.9073984,-0.523,-0.3
-4.407794,-1.4121236,0.9331579,-0.523,-0.3
-4.4375377,-1.4522699,0.95891744,-0.523,-0.3
-4.4662375,-1.4931691,0.98467696,-0.523,-0.3
-4.493874,-1.5347937,1.0104364,-0.523,-0.3
-4.5204296,-1.5771166,1.036196,-0.523,-0.3
-4.545886,-1.6201093,1.0619555,-0.523,-0.3
-4.570227,-1.6637434,1.087715,-0.523,-0.3
-4.593436,-1.70799,1.1134745,-0.523,-0.3
-4.615497,-1.7528198,1.1392341,-0.523,-0.3
-4.636397,-1.7982028,1.1649935,-0.523,-0.3
-4.6561203,-1.844109,1.1907531,-0.523,-0.3
-4.674655,-1.8905082,1.2165126,-0.523,-0.3
-4.6919885,-1.9373692,1.242272,-0.523,-0.3
-4.7081094,-1.9846612,1.2680316,-0.523,-0.28624728
-4.7230687,-2.032551,1.2926434,-0.523,-0.27249458
-4.7368994,-2.0809853,1.3161031,-0.523,-0.25874186
-4.7496376,-2.1299136,1.3384058,-0.523,-0.23238699
-4.7613587,-2.1794395,1.3584805,-0.523,-0.20603213
-4.7721467,-2.2294838,1.3763129,-0.523,-0.17967725
-4.782091,-2.2799718,1.3918905,-0.523,-0.16609924
-4.7912703,-2.3307288,1.4063023,-0.523,-0.15252122
-4.799735,-2.3817239,1.4195457,-0.523,-0.13894323
-4.8075395,-2.4329286,1.431618,-0.523,-0.12377165
-4.814739,-2.4843266,1.4423792,-0.523,-0.108600095
-4.821398,-2.5358903,1.4518269,-0.523,-0.09342853
-4.827578,-2.587594,1.4599589,-0.523,-0.07734235
-4.833346,-2.639418,1.4666939,-0.523,-0.06125616
-4.8387704,-2.691337,1.47203,-0.523,-0.045169972
-4.843922,-2.743329,1.475966,-0.523,-0.02702347
-4.8488727,-2.795375,1.4783213,-0.523,-0.008876967
-4.853702,-2.8474495,1.479095,-0.523,0.009269536
-4.858491,-2.8995275,1.4782871,-0.523,0.009855127
-4.863322,-2.9516015,1.477428,-0.523,0.010440719
-4.868198,-3.003671,1.4765179,-0.523,0.011026311
-4.873121,-3.0557353,1.4755569,-0.523,0.023412239
-4.8780932,-3.107784,1.4735162,-0.523,0.03579817
-4.8831697,-3.1598036,1.4703965,-0.523,0.048184097
-4.888406,-3.2117798,1.4661981,-0.523,0.052656006
-4.8938584,-3.2637217,1.4616103,-0.523,0.057127915
-4.8995485,-3.3156257,1.4566334,-0.523,0.06159983
-4.9054947,-3.3674865,1.4512674,-0.523,0.07407874
-4.911714,-3.419271,1.4448161,-0.523,0.08655765
-4.918261,-3.4709623,1.4372805,-0.523,0.09903656
-4.925189,-3.5225427,1.428662,-0.523,0.09810032
-4.932562,-3.5740664,1.4201247,-0.523,0.09716408
-4.9403753,-3.62553,1.4116684,-0.523,0.09622784
-4.948624,-3.6769304,1.4032935,-0.523,0.1045319
-4.9572964,-3.728217,1.3941984,-0.523,0.11283596
-4.966426,-3.779376,1.3843838,-0.523,0.12114002
-4.976048,-3.8303933,1.3738502,-0.523,0.13407527
-4.98619,-3.881222,1.3621982,-0.523,0.1470105
-4.996904,-3.9318364,1.34943,-0.523,0.15994576
-5.00824,-3.982209,1.3355474,-0.523,0.1715116
-5.0202518,-4.032322,1.3206705,-0.523,0.18307745
-5.032981,-4.0821476,1.3048012,-0.523,0.19464332
-5.0464697,-4.1316557,1.2879417,-0.523,0.209282
-5.0607476,-4.1807814,1.2698323,-0.523,0.22392069
-5.075865,-4.2294836,1.2504765,-0.523,0.23855937
-5.091866,-4.2777176,1.2298788,-0.523,0.25263527
-5.1087976,-4.3254433,1.2080909,-0.523,0.26671118
-5.1266975,-4.3726115,1.1851172,-0.523,0.28078708
-5.1456017,-4.4191723,1.1609622,-0.523,0.29647654
-5.165532,-4.4650483,1.1354964,-0.523,0.31216604
-5.18652,-4.510179,1.1087257,-0.523,0.3278555
-5.208594,-4.5545006,1.0806568,-0.523,0.344619
-5.231766,-4.5979304,1.0512086,-0.523,0.3613825
-5.2560573,-4.6403956,1.0203892,-0.523,0.37814602
-5.2814794,-4.6818223,0.98820746,-0.523,0.3807981
-5.3081927,-4.7223663,0.95581096,-0.523,0.38345018
-5.336176,-4.761982,0.9232,-0.523,0.38610226
-5.365404,-4.8006225,0.8903747,-0.523,0.38479817
-5.395901,-4.838303,0.8576548,-0.523,0.3834941
-5.4276314,-4.8749847,0.8250402,-0.523,0.38219002
-5.460558,-4.910631,0.79253113,-0.523,0.3719949
-5.4947634,-4.945328,0.7608483,-0.523,0.36179978
-5.5301895,-4.9790564,0.72999495,-0.523,0.35160467
-5.566778,-5.0118,0.6999743,-0.5215543,0.3609384
-5.6040993,-5.0432334,0.6692763,-0.5201086,0.37027213
-5.6421256,-5.073315,0.63790774,-0.5186629,0.37960586
-5.6808257,-5.1020036,0.6058756,-0.50229025,0.3771422
-5.7192125,-5.1285977,0.5750463,-0.48591766,0.37467852
-5.75716,-5.153192,0.5454075,-0.469545,0.37221485
-5.7945538,-5.1758823,0.51694685,-0.45744526,0.35678643
-5.831816,-5.197067,0.49031857,-0.44534552,0.341358
-5.8688374,-5.2168283,0.46547073,-0.43324578,0.32592958
-5.9055142,-5.2352505,0.4423506,-0.42197844,0.3313755
-5.9415755,-5.2523313,0.41946924,-0.41071114,0.3368214
-5.9769783,-5.268119,0.39684668,-0.3994438,0.34226733
-6.0116816,-5.2826624,0.37450287,-0.3847652,0.32613152
-6.0456038,-5.295995,0.35395762,-0.37008658,0.30999568
-6.0786633,-5.308212,0.33514154,-0.35540798,0.29385987
-6.1107883,-5.3194,0.31798428,-0.33705232,0.27432278
-6.141607,-5.329544,0.30276665,-0.31869665,0.2547857
-6.171045,-5.3387394,0.28937936,-0.30034098,0.23524861
-6.199037,-5.347074,0.2777119,-0.28655815,0.24334387
-6.225783,-5.3546987,0.2662042,-0.27277535,0.25143915
-6.251272,-5.361649,0.2548932,-0.25899255,0.25953442
-6.2754955,-5.3679605,0.24381565,-0.23995215,0.24012981
-6.298113,-5.373587,0.2343044,-0.22091174,0.22072522
-6.319079,-5.3785915,0.22624344,-0.20187135,0.20132063
-6.3383546,-5.383028,0.2195156,-0.18166386,0.15366432
-6.355876,-5.3869376,0.21488136,-0.16145635,0.106008016
-6.3715615,-5.390361,0.21203409,-0.14124885,0.058351707
-6.385347,-5.393328,0.21066119,-0.12076649,-0.00326581
-6.3971562,-5.3958535,0.21072692,-0.10028413,-0.06488333
-6.4069424,-5.397947,0.21181062,-0.079801776,-0.12650084
-6.414682,-5.399611,0.21348862,-0.060464583,-0.17422816
-6.4205017,-5.4008727,0.21523553,-0.041127395,-0.22195546
-6.424421,-5.4017296,0.21674448,-0.021790206,-0.26968277
-6.4264717,-5.402181,0.21771206,0.0015546037,-0.3
-6.4263268,-5.402149,0.21763548,0.024899414,-0.3
-6.424004,-5.4016356,0.21640912,0.048244223,-0.3
-6.4195027,-5.400646,0.21403292,0.07416329,-0.3
-6.4125795,-5.3991413,0.21038012,0.10008235,-0.3
-6.403229,-5.3971443,0.20545073,0.12600142,-0.3
-6.3914447,-5.3946886,0.19924474,0.15494835,-0.3
-6.376935,-5.391759,0.19161302,0.1838953,-0.3
-6.3596883,-5.388413,0.18255554,0.21284224,-0.3
-6.3396926,-5.3847218,0.17207235,0.2424601,-0.3
-6.3168716,-5.3807554,0.16013038,0.27207798,-0.3
-6.2912116,-5.376611,0.14672962,0.30169582,-0.3
-6.262699,-5.3723974,0.13187008,0.33163026,-0.269512
-6.2310104,-5.368194,0.11715338,0.36156473,-0.239024
-6.196123,-5.364088,0.102886364,0.39149916,-0.208536
-6.158024,-5.360154,0.08937783,0.42147642,-0.1536919
-6.116539,-5.3564367,0.07862403,0.4514537,-0.09884781
-6.071753,-5.352908,0.071198605,0.48143095,-0.044003714
-6.0237784,-5.3494864,0.06766895,0.5113796,-0.013324941
-5.972762,-5.346029,0.0665333,0.523,0.017353833
-5.9205856,-5.3425527,0.0680459,0.523,0.048032604
-5.868467,-5.3390007,0.07223113,0.523,0.02449875
-5.8163185,-5.335227,0.07436639,0.523,0.0009648919
-5.7641635,-5.3313413,0.0744505,0.523,-0.022568965
