7.4131474,-3.7872121,-2.4548857,-0.2932849,0.0
7.435828,-3.7686179,-2.4548857,-0.26338837,-0.08266263
7.4561276,-3.7519763,-2.451261,-0.23349187,-0.16532525
7.473885,-3.7373104,-2.4448566,-0.20359537,-0.24798787
7.489022,-3.7246451,-2.436528,-0.17382686,-0.21988538
7.501941,-3.713651,-2.4302087,-0.14405835,-0.19178289
7.512653,-3.704418,-2.4256322,-0.11428984,-0.16368039
7.5211606,-3.697017,-2.4225283,-0.08468656,-0.080939345
7.5275116,-3.691457,-2.4213872,-0.055083275,0.0018016994
7.531652,-3.687824,-2.4214036,-0.025479991,0.084542744
7.5335608,-3.6861496,-2.4217622,0.0038042027,0.18298206
7.5332794,-3.6863964,-2.4216468,0.033088397,0.28142136
7.5308895,-3.688492,-2.4201155,0.06237259,0.37986067
7.5265403,-3.6923182,-2.4162607,0.091297716,0.4793425
7.5204782,-3.6976922,-2.409243,0.12022284,0.5788243
7.512995,-3.704421,-2.398282,0.14914796,0.67830604
7.5044446,-3.71228,-2.3826842,0.17778836,0.775736
7.4952354,-3.721014,-2.3619351,0.20642877,0.8731659
7.4858046,-3.730337,-2.3355684,0.23506916,0.97059584
7.476612,-3.7399168,-2.3032377,0.26333845,1.0
7.4670978,-3.7504961,-2.2663057,0.29160774,1.0
7.457002,-3.762592,-2.2254093,0.319877,1.0
7.4464793,-3.7763026,-2.180548,0.34388635,1.0
7.435839,-3.7915344,-2.1323197,0.36789566,1.0
7.425255,-3.8083596,-2.080724,0.39190498,1.0
7.414919,-3.8268404,-2.0257611,0.40526545,1.0
7.405297,-3.8465097,-1.9689248,0.41862595,1.0
7.396528,-3.8673592,-1.9102144,0.43198642,1.0
7.388757,-3.8893678,-1.8496305,0.43347982,1.0
7.382311,-3.9118843,-1.788837,0.4349732,1.0
7.377227,-3.9348295,-1.7278341,0.43646663,1.0
7.373539,-3.9581218,-1.6666218,0.4374627,0.97333825
7.3711843,-3.982618,-1.6063417,0.43845877,0.9466765
7.3702736,-4.0082245,-1.5470418,0.43945482,0.9200147
7.370906,-4.0348396,-1.4887693,0.44015896,0.8822467
7.3731976,-4.062714,-1.4321232,0.44086307,0.8444786
7.377245,-4.0917115,-1.3771898,0.44156718,0.8067106
7.383123,-4.1216917,-1.3240534,0.44189933,0.77421546
7.3908396,-4.1523294,-1.2725607,0.44223148,0.7417204
7.4004207,-4.183496,-1.2227687,0.4425636,0.70922524
7.4118743,-4.2150674,-1.1747323,0.44289201,0.67574286
7.4252057,-4.2469487,-1.1285625,0.4432204,0.64226055
7.4403944,-4.279025,-1.0843139,0.4435488,0.6087782
7.4574056,-4.3111897,-1.0420388,0.4445359,0.568558
7.4763026,-4.343534,-1.0021478,0.44552302,0.5283378
7.4970226,-4.3759565,-0.96471655,0.44651017,0.48811758
7.519488,-4.4083686,-0.929817,0.4495417,0.44405514
7.543762,-4.4409056,-0.89762944,0.45257324,0.3999927
7.5697513,-4.473497,-0.86825657,0.45560476,0.35593024
7.5973454,-4.5060897,-0.8417964,0.4583838,0.31230512
7.6264024,-4.538624,-0.8183231,0.4611628,0.26868
7.65679,-4.571081,-0.79791975,0.4639418,0.22505489
7.688365,-4.603457,-0.78066427,0.46801198,0.19546936
7.7209816,-4.6357665,-0.76551414,0.4720821,0.16588385
7.754553,-4.6680284,-0.7525221,0.47615227,0.13629833
7.788988,-4.7002707,-0.7417391,0.4786631,0.11607152
7.8240423,-4.73239,-0.7325,0.4811739,0.09584471
7.8596535,-4.76442,-0.7248255,0.48368472,0.075617895
7.8957596,-4.7963967,-0.7187354,0.48553023,0.05110232
7.932255,-4.8283243,-0.71460193,0.4873757,0.026586747
7.9690557,-4.8602514,-0.7124426,0.4892212,0.002071172
8.006079,-4.892231,-0.71227366,0.4902873,-0.015278387
8.043182,-4.92427,-0.7135221,0.49135342,-0.032627948
8.080313,-4.9564123,-0.7161936,0.49241954,-0.049977504
8.11741,-4.9887,-0.7202935,0.49318838,-0.06499326
8.1544,-5.0211625,-0.7256321,0.49395722,-0.08000902
8.191234,-5.053837,-0.7322119,0.4947261,-0.09502478
8.22786,-5.086761,-0.74003536,0.49411565,-0.10026963
8.264165,-5.1199126,-0.748279,0.4935052,-0.10551448
8.300131,-5.1533027,-0.75694156,0.49289477,-0.11075933
8.335742,-5.1869426,-0.7660217,0.4931514,-0.12283888
8.371014,-5.220874,-0.7760927,0.49340802,-0.13491842
8.405907,-5.2551227,-0.7871541,0.49366465,-0.14699797
8.440376,-5.2897143,-0.7992052,0.49386322,-0.15420271
8.474404,-5.3246946,-0.81184745,0.4940618,-0.16140744
8.507961,-5.3600755,-0.8250807,0.49426034,-0.16861218
8.541021,-5.3958693,-0.8389047,0.4949721,-0.177024
8.573582,-5.432115,-0.8534322,0.49568385,-0.18543583
8.60561,-5.468827,-0.8686641,0.4963956,-0.19384766
8.637069,-5.5060153,-0.88460135,0.49801078,-0.2009364
8.667988,-5.5437694,-0.90116745,0.49962595,-0.20802514
8.698331,-5.582098,-0.91836524,0.50124115,-0.2151139
8.728061,-5.621009,-0.93619764,0.5048954,-0.22134393
8.757263,-5.660677,-0.95467186,0.50854963,-0.22757398
8.785893,-5.701111,-0.9737946,0.5122039,-0.23380402
8.813905,-5.7423186,-0.9935724,0.5175873,-0.24054396
8.841336,-5.7844424,-1.0141233,0.5229707,-0.24728389
8.868128,-5.827493,-1.035458,0.523,-0.25402382
8.893951,-5.8710327,-1.057363,0.523,-0.2590724
8.918782,-5.915069,-1.0796938,0.523,-0.26412097
8.942592,-5.9595885,-1.1024495,0.523,-0.2691695
8.96535,-6.004576,-1.1256299,0.523,-0.2681721
8.987066,-6.0500917,-1.1487263,0.523,-0.26717463
9.0077305,-6.0961094,-1.171739,0.523,-0.26617718
9.027336,-6.142603,-1.1946678,0.523,-0.2675171
9.045864,-6.1895165,-1.2177092,0.523,-0.26885697
9.063299,-6.2368274,-1.2408633,0.523,-0.27019688
9.079629,-6.284511,-1.2641299,0.523,-0.27055585
9.094843,-6.332557,-1.2874267,0.523,-0.27091485
9.108932,-6.38094,-1.3107536,0.523,-0.27127382
9.121887,-6.4296336,-1.3341107,0.51013136,-0.2656565
9.13343,-6.4774847,-1.3564326,0.49726278,-0.26003915
9.143652,-6.5244393,-1.3777418,0.48439416,-0.25442183
9.152646,-6.5704484,-1.398061,0.4648165,-0.25011572
9.160387,-6.614814,-1.417236,0.4452389,-0.24580961
9.166992,-6.6574907,-1.4352934,0.42566124,-0.24150352
9.172576,-6.698443,-1.4522605,0.40852216,-0.25545704
9.17725,-6.737692,-1.4694653,0.3913831,-0.26941058
9.1810665,-6.775225,-1.4868273,0.37424403,-0.28336412
9.18408,-6.8110304,-1.5042663,0.35479763,-0.2836541
9.186344,-6.845017,-1.5208155,0.33535126,-0.28394404
9.187953,-6.877169,-1.5364733,0.3159049,-0.28423402
9.188993,-6.907474,-1.5512377,0.29453388,-0.28185448
9.189547,-6.93576,-1.5648912,0.2731629,-0.27947494
9.189702,-6.962016,-1.5774499,0.2517919,-0.2770954
9.189541,-6.986234,-1.5889301,0.22765252,-0.27092528
9.189143,-7.0081654,-1.5990843,0.20351315,-0.26475516
9.188587,-7.0277996,-1.6079599,0.17937377,-0.25858504
9.187943,-7.045129,-1.6156046,0.15952317,-0.2845152
9.187257,-7.0604243,-1.6230674,0.13967259,-0.3
9.18656,-7.0737495,-1.6299467,0.119821995,-0.3
9.1858835,-7.0851765,-1.6358484,0.11109391,-0.3
9.185193,-7.0957675,-1.6413201,0.10236582,-0.3
9.1845045,-7.1055226,-1.6463621,0.093637735,-0.3
9.183829,-7.1144423,-1.650974,0.090004414,-0.3
9.183141,-7.1230135,-1.655407,0.08637109,-0.3
9.182443,-7.131235,-1.659661,0.082737766,-0.3
9.181742,-7.139108,-1.6637362,0.08028904,-0.3
9.181029,-7.146745,-1.6676908,0.07784032,-0.3
9.18031,-7.1541467,-1.6715246,0.07539159,-0.3
9.179586,-7.1613126,-1.6752379,0.0731832,-0.3
9.178857,-7.1682663,-1.6788424,0.070974804,-0.3
9.178126,-7.175007,-1.6823381,0.06876641,-0.3
9.177395,-7.1815357,-1.6857251,0.06674304,-0.3
9.176663,-7.18787,-1.6890124,0.06471966,-0.3
9.175935,-7.19401,-1.6922001,0.06269629,-0.3
9.175209,-7.199955,-1.6952881,0.061308034,-0.3
9.174481,-7.2057667,-1.6983078,0.059919775,-0.3
9.173754,-7.211445,-1.701259,0.05853152,-0.3
9.173026,-7.216989,-1.7041419,0.05772554,-0.3
9.172293,-7.2224545,-1.706985,0.056919564,-0.3
9.171555,-7.227842,-1.7097886,0.056113586,-0.3
9.170813,-7.233151,-1.7125523,0.054595225,-0.3
9.170075,-7.2383146,-1.7152413,0.053076863,-0.3
9.169346,-7.2433324,-1.7178556,0.0515585,-0.3
9.168624,-7.2482047,-1.720395,0.050932925,-0.3
9.167898,-7.253016,-1.7229036,0.050307352,-0.3
9.167171,-7.2577667,-1.7253814,0.04968178,-0.3
9.166439,-7.2624564,-1.7278284,0.047943875,-0.3
9.165723,-7.26698,-1.7301898,0.046205968,-0.3
9.165023,-7.2713385,-1.7324655,0.044468064,-0.3
9.164339,-7.2755313,-1.7346557,0.044255402,-0.3
9.163649,-7.2797027,-1.7368355,0.044042744,-0.3
9.162953,-7.283852,-1.7390047,0.043830086,-0.3
9.162252,-7.2879806,-1.7411635,0.04209504,-0.3
9.161571,-7.2919436,-1.7432369,0.040359996,-0.3
9.16091,-7.2957425,-1.7452247,0.038624953,-0.3
9.160269,-7.2993765,-1.7471272,0.037959676,-0.3
9.159633,-7.3029466,-1.7489967,0.0372944,-0.3
9.159001,-7.3064528,-1.7508336,0.03662912,-0.3
9.158375,-7.3098955,-1.7526377,0.035952363,-0.3
9.157753,-7.313274,-1.7544085,0.03527561,-0.3
9.157138,-7.316587,-1.756146,0.034598853,-0.3
9.156528,-7.3198357,-1.75785,0.03423587,-0.3
9.155921,-7.3230495,-1.7595363,0.03387288,-0.3
9.1553135,-7.326228,-1.7612046,0.03350989,-0.3
9.154708,-7.3293715,-1.7628552,0.032976188,-0.3
9.154106,-7.3324637,-1.7644793,0.032442484,-0.3
9.15351,-7.3355055,-1.7660773,0.03190878,-0.3
9.152918,-7.3384957,-1.7676488,0.031406093,-0.3
9.152331,-7.3414383,-1.7691957,0.030903403,-0.3
9.15175,-7.3443327,-1.7707177,0.030400714,-0.3
9.151173,-7.347179,-1.7722151,0.029945685,-0.3
9.1506,-7.349982,-1.7736901,0.029490655,-0.3
9.150033,-7.3527412,-1.7751426,0.029035626,-0.3
