-2.097433,-2.7947376,2.0951877,-0.12581216,0.0
-2.0911338,-2.8056283,2.0951877,-0.15570727,0.09998272
-2.0833766,-2.8190396,2.0925972,-0.18560238,0.19996545
-2.0743098,-2.834809,2.0864527,-0.2154975,0.2999482
-2.064158,-2.8527198,2.0758405,-0.24541593,0.39993894
-2.0532207,-2.8725026,2.0599146,-0.27533436,0.49992973
-2.0418673,-2.893833,2.0379171,-0.30525282,0.5999205
-2.0305216,-2.9163287,2.009194,-0.33518666,0.6999078
-2.0196383,-2.9395428,1.973209,-0.36512053,0.7998951
-2.0096748,-2.9629514,1.9295598,-0.3950544,0.8998824
-2.001051,-2.9859483,1.8779886,-0.42439297,0.9994111
-1.9941111,-3.007825,1.818492,-0.4537315,1.0
-1.9881006,-3.031592,1.7548584,-0.48307008,1.0
-1.9833236,-3.0572515,1.6871101,-0.5104631,1.0
-1.9801228,-3.0846455,1.6155201,-0.523,1.0
-1.9788594,-3.112875,1.542172,-0.523,1.0
-1.9796683,-3.1411214,1.4688237,-0.523,1.0
-1.9825448,-3.1692324,1.3954755,-0.523,1.0
-1.9874736,-3.197057,1.3221272,-0.523,1.0
-1.9944283,-3.2244456,1.248779,-0.523,1.0
-2.0033712,-3.251251,1.1754308,-0.523,1.0
-2.0142546,-3.2773287,1.1020826,-0.523,1.0
-2.0270197,-3.302539,1.0287343,-0.523,0.974933
-2.0421627,-3.3276832,0.95658964,-0.523,0.94986606
-2.0596983,-3.3525498,0.8856937,-0.523,0.9247991
-2.0796201,-3.3769298,0.8160911,-0.523,0.8477088
-2.1033287,-3.4021401,0.75073653,-0.523,0.7706185
-2.130766,-3.4277382,0.69001806,-0.523,0.69352823
-2.1617837,-3.4533393,0.63429636,-0.523,0.65208316
-2.1952672,-3.4779737,0.58139986,-0.523,0.61063814
-2.2310753,-3.5015059,0.53141934,-0.523,0.5691931
-2.269054,-3.5238307,0.48444062,-0.523,0.50938547
-2.3094604,-3.5450952,0.4419346,-0.523,0.4495779
-2.352038,-3.5652406,0.4040532,-0.523,0.3897703
-2.3965197,-3.5842602,0.37093198,-0.523,0.32145724
-2.442766,-3.602247,0.34339172,-0.523,0.25314417
-2.490443,-3.6192942,0.32156092,-0.523,0.1848311
-2.5392172,-3.635542,0.30554137,-0.523,0.123328246
-2.588716,-3.6511548,0.2948185,-0.523,0.061825387
-2.638664,-3.6663225,0.28943282,-0.523,0.00032253267
-2.6887887,-3.6812494,0.2894047,-0.523,-0.05120821
-2.738848,-3.6961553,0.2938664,-0.523,-0.102738954
-2.788642,-3.7112243,0.30280605,-0.523,-0.1542697
-2.8379695,-3.726635,0.31619996,-0.523,-0.18153474
-2.88686,-3.7426307,0.33193696,-0.523,-0.20879976
-2.9352312,-3.7593038,0.3500054,-0.523,-0.2360648
-2.9829977,-3.7767403,0.3703918,-0.523,-0.24699481
-3.0302713,-3.7950974,0.39170325,-0.523,-0.25792482
-3.0770113,-3.814403,0.41393727,-0.523,-0.26885483
-3.123174,-3.8346834,0.43709114,-0.523,-0.26935416
-3.1688488,-3.856024,0.46028695,-0.523,-0.26985347
-3.2140098,-3.878415,0.48352474,-0.523,-0.2703528
-3.2586322,-3.9018464,0.50680447,-0.523,-0.2654855
-3.302756,-3.9263427,0.52967507,-0.523,-0.2606182
-3.3463655,-3.951875,0.552136,-0.523,-0.2557509
-3.3894455,-3.9784145,0.5741867,-0.523,-0.25194874
-3.431972,-4.0059247,0.5959166,-0.523,-0.24814661
-3.4739316,-4.0343795,0.6173254,-0.523,-0.24434446
-3.5153117,-4.0637546,0.63841283,-0.523,-0.24705991
-3.5560355,-4.093975,0.6597298,-0.523,-0.24977535
-3.5960784,-4.1250353,0.6812762,-0.523,-0.2524908
-3.6354153,-4.1569285,0.70305187,-0.523,-0.2573032
-3.6740003,-4.18963,0.7252335,-0.523,-0.2621156
-3.7118018,-4.223136,0.7478205,-0.523,-0.266928
-3.7487888,-4.2574425,0.7708124,-0.523,-0.2661789
-3.7849846,-4.292598,0.79374135,-0.523,-0.26542982
-3.8203723,-4.328581,0.81660724,-0.523,-0.26468074
-3.854935,-4.365371,0.8394101,-0.523,-0.26263443
-3.8886683,-4.402961,0.8620408,-0.523,-0.26058808
-3.9215605,-4.4413247,0.88449925,-0.523,-0.25854176
-3.9536004,-4.480439,0.9067852,-0.523,-0.25552073
-3.9847853,-4.5202894,0.92881656,-0.523,-0.25249967
-4.0151086,-4.560849,0.95059294,-0.523,-0.24947862
-4.0445642,-4.6020913,0.97211426,-0.523,-0.24819376
-4.0731354,-4.6439714,0.9935271,-0.523,-0.2469089
-4.1008115,-4.686467,1.0148313,-0.523,-0.24562404
-4.1275854,-4.729557,1.0360268,-0.523,-0.23969278
-4.1534777,-4.7732687,1.0567206,-0.523,-0.23376152
-4.1784954,-4.81757,1.0769118,-0.523,-0.22783026
-4.2026477,-4.8624306,1.0965996,-0.523,-0.22326541
-4.2259364,-4.907805,1.1158997,-0.523,-0.21870057
-4.248368,-4.953667,1.1348114,-0.523,-0.21413572
-4.26995,-4.999992,1.1533346,-0.523,-0.21414426
-4.2906704,-5.0467086,1.1718585,-0.523,-0.21415278
-4.3105216,-5.0938005,1.1903832,-0.523,-0.2141613
-4.3294973,-5.1412525,1.2089084,-0.523,-0.21795267
-4.3475757,-5.1890078,1.2277566,-0.523,-0.22174402
-4.364736,-5.237055,1.2469273,-0.523,-0.22553536
-4.380958,-5.28538,1.2664202,-0.523,-0.22780341
-4.3962274,-5.3339868,1.2861058,-0.523,-0.23007146
-4.4105296,-5.382859,1.3059839,-0.523,-0.2323395
-4.42385,-5.4319797,1.3260545,-0.523,-0.23138395
-4.436185,-5.481369,1.346044,-0.523,-0.23042838
-4.4475327,-5.531006,1.3659524,-0.523,-0.22947283
-4.4578924,-5.58087,1.3857796,-0.523,-0.22911027
-4.4672623,-5.6309342,1.4055761,-0.523,-0.22874773
-4.47564,-5.681178,1.4253418,-0.523,-0.22838518
-4.4830236,-5.731582,1.4450768,-0.5216359,-0.22931068
-4.4893928,-5.7819796,1.4648387,-0.5202718,-0.23023617
-4.49475,-5.83235,1.484627,-0.5189077,-0.23116167
-4.4990973,-5.882673,1.5044414,-0.5165425,-0.23367955
-4.502429,-5.9328127,1.5243764,-0.5141773,-0.23619743
-4.504749,-5.982749,1.5444299,-0.51181215,-0.2387153
-4.5060596,-6.032461,1.5646,-0.5105513,-0.24083076
-4.506367,-6.082042,1.5848951,-0.50929046,-0.24294622
-4.50567,-6.1314707,1.6053146,-0.50802964,-0.24506168
-4.503969,-6.1807265,1.6258574,-0.506576,-0.24366923
-4.5012636,-6.229813,1.6462271,-0.5051224,-0.24227676
-4.4975686,-6.2787104,1.6664248,-0.50366884,-0.2408843
-4.492898,-6.3273997,1.6864508,-0.502771,-0.24057373
-4.487263,-6.3759027,1.7064158,-0.50187314,-0.24026318
-4.480673,-6.424201,1.7263199,-0.5009753,-0.23995261
-4.473135,-6.4722757,1.7461632,-0.49982238,-0.23898503
-4.4646626,-6.5200925,1.7658827,-0.49866948,-0.23801744
-4.4552684,-6.5676346,1.7854785,-0.49751657,-0.23704985
-4.444966,-6.6148844,1.804951,-0.4979651,-0.2361652
-4.4337325,-6.661978,1.8243695,-0.49841365,-0.23528053
-4.4215736,-6.708896,1.8437343,-0.49886218,-0.23439586
-4.408494,-6.755622,1.8630449,-0.5019241,-0.2391517
-4.394445,-6.802318,1.8828607,-0.504986,-0.24390754
-4.3793993,-6.848955,1.9031861,-0.50804794,-0.2486634
-4.363332,-6.895502,1.9240252,-0.512483,-0.25388888
-4.346172,-6.9420447,1.9454786,-0.5169181,-0.25911435
-4.327885,-6.9885445,1.9675531,-0.5213532,-0.26433983
-4.3084383,-7.03496,1.9902556,-0.523,-0.26806659
-4.287899,-7.08102,2.0133433,-0.523,-0.27179334
-4.266324,-7.126547,2.0367439,-0.523,-0.2755201
-4.2437134,-7.171509,2.0604575,-0.523,-0.28266463
-4.220092,-7.2158318,2.0847695,-0.523,-0.28980917
-4.1954513,-7.259475,2.1096792,-0.523,-0.29695368
-4.1697865,-7.3023987,2.1351848,-0.523,-0.3
-4.1430607,-7.344614,2.1609445,-0.523,-0.3
-4.115257,-7.3861275,2.186704,-0.523,-0.3
-4.0863924,-7.4269104,2.2124634,-0.523,-0.3
-4.056487,-7.4669366,2.2382228,-0.523,-0.3
-4.0255613,-7.5061793,2.2639823,-0.523,-0.3
-3.9936345,-7.5446124,2.289742,-0.523,-0.3
-3.9607286,-7.5822105,2.3155015,-0.523,-0.3
-3.926865,-7.6189485,2.341261,-0.523,-0.3
-3.8920667,-7.654802,2.3670204,-0.523,-0.3
-3.8563564,-7.6897473,2.3927798,-0.523,-0.3
-3.8197577,-7.7237616,2.4185395,-0.523,-0.3
-3.7822952,-7.7568216,2.444299,-0.523,-0.3
-3.7439935,-7.7889056,2.4700584,-0.523,-0.3
-3.7048783,-7.819993,2.495818,-0.523,-0.3
-3.6649754,-7.850062,2.5215776,-0.523,-0.3
-3.624311,-7.8790936,2.547337,-0.523,-0.3
-3.5829124,-7.9070683,2.5730965,-0.523,-0.3
-3.5408072,-7.933967,2.598856,-0.523,-0.29730716
-3.4979875,-7.959794,2.6243913,-0.523,-0.29461432
-3.4544866,-7.9845395,2.6497018,-0.523,-0.29192147
-3.4103377,-8.008196,2.6747878,-0.523,-0.281638
-3.3654733,-8.030805,2.699014,-0.523,-0.2713545
-3.3199418,-8.052384,2.7223778,-0.523,-0.26107103
-3.2737892,-8.072951,2.7448769,-0.523,-0.25828227
-3.2271512,-8.092489,2.767141,-0.523,-0.25549352
-3.1800551,-8.110997,2.78917,-0.523,-0.25270474
-3.1325285,-8.128476,2.8109639,-0.523,-0.243189
-3.0845168,-8.144956,2.8319535,-0.523,-0.23367324
-3.0360577,-8.160459,2.852137,-0.523,-0.2241575
-2.9871874,-8.175014,2.871513,-0.523,-0.21838723
-2.9379807,-8.188636,2.890398,-0.523,-0.21261697
-2.8884628,-8.201344,2.9087918,-0.523,-0.2068467
-2.8386583,-8.213152,2.9266937,-0.523,-0.19356182
-2.7885156,-8.224096,2.9434607,-0.523,-0.18027696
-2.7380698,-8.234224,2.9590898,-0.523,-0.16699208
-2.6873538,-8.243584,2.9735785,-0.523,-0.14904827
-2.6363618,-8.252233,2.9865224,-0.523,-0.13110445
-2.5851328,-8.2602415,2.9979177,-0.523,-0.11316065
-2.5337029,-8.267682,3.0077605,-0.5143577,-0.09523028
-2.482958,-8.274514,3.0159118,-0.5057154,-0.077299915
-2.4329352,-8.280834,3.0224206,-0.4970731,-0.059369553
-2.3836672,-8.286734,3.0273364,-0.48020858,-0.03933215
-2.3359964,-8.292204,3.0304835,-0.46334407,-0.01929475
-2.2899563,-8.29734,3.0319734,-0.44647953,0.00074265
-2.2455764,-8.302225,3.031918,-0.42485082,0.026820946
-2.2033617,-8.306873,3.030019,-0.4032221,0.05289924
-2.1633463,-8.311357,3.026466,-0.3815934,0.07897754
-2.1255577,-8.315727,3.0214481,-0.3561077,0.09804543
-2.0903735,-8.319975,3.0156384,-0.330622,0.11711333
-2.057798,-8.3241,3.0091996,-0.30513626,0.13618122
-2.0278313,-8.32809,3.0022955,-0.27917337,0.15936895
-2.0005348,-8.331917,2.9949114,-0.2532105,0.18255666
-1.9759018,-8.335556,2.98725,-0.22724763,0.20574439
-1.9539208,-8.338976,2.9795125,-0.20687398,0.223703
-1.9340132,-8.342232,2.9718635,-0.18650034,0.2416616
-1.9161654,-8.34529,2.9644248,-0.16612668,0.2596202
-1.9003607,-8.34812,2.9573169,-0.16003326,0.2795905
-1.8852392,-8.350939,2.9499564,-0.15393983,0.2995608
-1.8708001,-8.35374,2.9423852,-0.14784639,0.31953108
-1.8570414,-8.356518,2.934645,-0.14314285,0.3215891
-1.8437507,-8.359308,2.9271042,-0.1384393,0.32364714
-1.8309263,-8.362102,2.9197664,-0.13373576,0.32570514
-1.8185663,-8.364889,2.9126341,-0.13024595,0.3204311
-1.8065273,-8.367695,2.9057968,-0.12675616,0.3151571
-1.7948095,-8.37051,2.8992486,-0.12326636,0.30988306
-1.7834129,-8.373327,2.8929837,-0.121274434,0.2859176
-1.7721356,-8.37619,2.8872828,-0.119282514,0.26195216
-1.7609848,-8.379089,2.8821344,-0.11729059,0.23798671
-1.7499678,-8.382013,2.877526,-0.11590217,0.21839093
-1.7390451,-8.384967,2.8733408,-0.11451375,0.19879514
-1.7282208,-8.387942,2.8695717,-0.113125324,0.17919935
-1.7174987,-8.390933,2.866211,-0.11164379,0.16000003
-1.7068923,-8.3939295,2.8632467,-0.11016226,0.14080071
-1.6964048,-8.396927,2.8606699,-0.108680725,0.121601395
-1.6860398,-8.399918,2.8584728,-0.10686956,0.11178599
-1.6758424,-8.4028845,2.8564858,-0.10505841,0.10197058
-1.6658131,-8.405824,2.8547034,-0.103247255,0.09215517
-1.6559523,-8.408733,2.8531199,-0.09936915,0.08908379
-1.6464638,-8.411549,2.8516464,-0.09549106,0.08601241
-1.6373471,-8.4142685,2.8502793,-0.09161296,0.08294102
-1.6286019,-8.416891,2.8490143,-0.0901238,0.07598755
-1.6199975,-8.419483,2.847874,-0.08863465,0.06903408
-1.6115338,-8.422043,2.846855,-0.08714549,0.062080603
-1.603211,-8.424569,2.845954,-0.084178,0.059031308
-1.5951725,-8.427017,2.8451262,-0.08121052,0.055982012
-1.587418,-8.429386,2.844369,-0.078243025,0.052932717
-1.5799471,-8.431675,2.843679,-0.076297574,0.05288195
-1.5726637,-8.433911,2.8430068,-0.074352115,0.052831184
-1.5655674,-8.436095,2.8423524,-0.072406664,0.05278042
-1.5586581,-8.438227,2.8417158,-0.07010066,0.059837073
-1.5519729,-8.440294,2.841017,-0.06779465,0.06689373
-1.5455118,-8.442297,2.8402617,-0.06548865,0.07395038
-1.5392752,-8.444235,2.8394554,-0.06302667,0.08286803
-1.5332786,-8.446104,2.8385859,-0.060564693,0.091785684
-1.5275224,-8.447904,2.8376608,-0.058102712,0.100703344
-1.5220065,-8.449634,2.836687,-0.056583136,0.11144131
-1.5166427,-8.451322,2.8356383,-0.055063557,0.12217928
-1.5114312,-8.452968,2.8345199,-0.053543977,0.13291724
-1.5063722,-8.454572,2.8333373,-0.05244162,0.14345281
-1.5014266,-8.456146,2.8320878,-0.051339258,0.15398836
-1.4965944,-8.457692,2.8307753,-0.0502369,0.16452393
-1.4918761,-8.459208,2.8294039,-0.04981672,0.17439751
-1.4872072,-8.460714,2.8279634,-0.049396537,0.1842711
-1.4825879,-8.462213,2.8264549,-0.048976358,0.19414467
-1.478019,-8.463702,2.8248801,-0.048437677,0.20009238
-1.473508,-8.46518,2.8232753,-0.047898997,0.20604008
-1.4690549,-8.466648,2.8216422,-0.047360316,0.2119878
-1.4646599,-8.468104,2.8199813,-0.046970095,0.21337599
-1.4603047,-8.469555,2.8183236,-0.04657987,0.21476418
-1.4559895,-8.471001,2.8166692,-0.04618965,0.21615237
-1.4517142,-8.472441,2.8150182,-0.04572959,0.21829899
-1.4474857,-8.473873,2.8133676,-0.045269523,0.2204456
-1.4433041,-8.475297,2.8117177,-0.04480946,0.22259222
-1.4391693,-8.476713,2.810069,-0.04443355,0.22440636
-1.4350733,-8.478123,2.8084211,-0.044057634,0.22622052
-1.4310158,-8.479527,2.8067741,-0.043681722,0.22803468
-1.4269971,-8.480926,2.8051283,-0.0433716,0.22990204
-1.4230108,-8.48232,2.803481,-0.04306148,0.23176943
-1.419057,-8.483709,2.8018324,-0.042751357,0.2336368
-1.4151359,-8.485096,2.8001828,-0.0444417,0.2380177
-1.4110662,-8.486542,2.7984364,-0.046132043,0.24239859
-1.406849,-8.488049,2.796591,-0.047822386,0.24677949
-1.4024849,-8.489617,2.7946439,-0.050304443,0.24757005
-1.3978984,-8.491276,2.7925894,-0.052786496,0.24836063
-1.3930902,-8.493025,2.7904267,-0.055268552,0.2491512
-1.3880609,-8.494867,2.7881553,-0.057797115,0.25021777
-1.3828073,-8.496806,2.7857702,-0.060325675,0.2512843
-1.3773302,-8.498841,2.7832701,-0.06285424,0.25235087
-1.3716304,-8.500976,2.7806547,-0.06571578,0.2503664
-1.3656739,-8.503224,2.777941,-0.06857733,0.24838194
-1.3594613,-8.505589,2.7751312,-0.07143887,0.24639748
-1.3529932,-8.508071,2.772227,-0.07445419,0.24363735
-1.3462551,-8.510679,2.7692337,-0.077469505,0.24087723
-1.3392473,-8.513416,2.7661536,-0.08048482,0.2381171
-1.3319707,-8.516285,2.7629895,-0.08380772,0.23608533
-1.3243995,-8.519297,2.7597225,-0.08713061,0.23405355
-1.3165345,-8.522455,2.7563543,-0.09045351,0.23202178
-1.3083767,-8.525763,2.752888,-0.094333746,0.23113167
-1.2998792,-8.5292425,2.7492862,-0.09821398,0.23024157
-1.2910434,-8.532899,2.7455506,-0.10209421,0.22935148
-1.2818708,-8.536735,2.741682,-0.10674447,0.22859384
-1.2722944,-8.540782,2.7376506,-0.11139472,0.2278362
-1.2623162,-8.545047,2.733457,-0.116044976,0.22707857
-1.2519383,-8.549535,2.7291028,-0.11729589,0.23822118
-1.241496,-8.554104,2.7244897,-0.118546814,0.2493638
-1.2309929,-8.558758,2.7196138,-0.11979774,0.2605064
