-1.0494108,4.711881,-3.0478642,0.07355779,0.0
-1.0567343,4.711193,-3.0478642,0.102479815,-0.09994857
-1.0668864,4.7102385,-3.0495684,0.13140184,-0.19989714
-1.0797105,4.709055,-3.0539172,0.16032387,-0.29984573
-1.0949687,4.707714,-3.0618098,0.18846847,-0.3
-1.1129165,4.706279,-3.0710924,0.21661307,-0.3
-1.1335589,4.704821,-3.0817614,0.24475765,-0.3
-1.1568997,4.703423,-3.0938165,0.27150786,-0.3
-1.1828082,4.702184,-3.1071892,0.29825807,-0.3
-1.211285,4.7012043,-3.1218793,0.32500827,-0.3
-1.2423282,4.700592,-3.137887,0.3501082,-0.3
-1.2757751,4.700468,3.1280541,0.37520817,-0.3
-1.3116168,4.7009535,3.1095738,0.4003081,-0.3
-1.3498402,4.7021775,3.0898573,0.40948576,-0.20088625
-1.3899115,4.7042527,3.0762393,0.41866338,-0.1017725
-1.4314723,4.7069726,3.0691502,0.42784104,-0.0026587485
-1.4741441,4.710069,3.0689607,0.441104,0.09637745
-1.517934,4.7132554,3.076035,0.45436695,0.19541363
-1.5624101,4.7161756,3.0907395,0.4676299,0.29444984
-1.6071028,4.71845,3.113358,0.4908373,0.3934855
-1.6524173,4.71973,-3.1384618,0.5140447,0.49252117
-1.6977118,4.7195883,-3.097951,0.523,0.59155685
-1.7410834,4.7176943,-3.0493422,0.523,0.4915591
-1.7869948,4.7134466,-3.0081995,0.523,0.39156136
-1.834907,4.7070174,-2.9749339,0.523,0.2915636
-1.8843057,4.6987076,-2.9498777,0.523,0.19159234
-1.9347081,4.6889243,-2.9332793,0.523,0.09162105
-1.9856628,4.6781535,-2.9253042,0.523,-0.008350235
-2.0367424,4.66693,-2.9260318,0.523,-0.10819854
-2.0875332,4.655809,-2.9354448,0.523,-0.20804684
-2.137622,4.6453342,-2.953449,0.523,-0.3
-2.1867044,4.635989,-2.9792085,0.523,-0.3
-2.2360113,4.6279116,-3.0049682,0.523,-0.3
-2.2855096,4.6211066,-3.0307276,0.523,-0.3
-2.3351672,4.6155787,-3.056487,0.523,-0.3
-2.3849504,4.6113315,-3.0822465,0.523,-0.3
-2.4348264,4.608368,-3.1080062,0.523,-0.3
-2.4847624,4.6066904,-3.1337657,0.523,-0.3
-2.534725,4.6062994,3.12366,0.523,-0.3
-2.584681,4.607195,3.0979006,0.523,-0.3
-2.6345975,4.6093774,3.0721412,0.523,-0.20026545
-2.6857285,4.612934,3.0548012,0.523,-0.10053091
-2.7375686,4.617445,3.046053,0.523,-0.0007963657
-2.7896302,4.622434,3.0459836,0.523,0.098809525
-2.8414373,4.6274023,3.0545824,0.523,0.19841543
-2.8925173,4.6318583,3.0717642,0.523,0.29802132
-2.94239,4.6353464,3.097359,0.523,0.3973238
-2.9905686,4.637479,3.1310883,0.523,0.49662626
-3.036548,4.637962,-3.1105654,0.523,0.5959287
-3.079812,4.636619,-3.0616407,0.523,0.49593076
-3.1256645,4.632945,-3.0201623,0.523,0.39593276
-3.173563,4.6271,-2.9865448,0.523,0.2959348
-3.2229893,4.6193748,-2.9611242,0.5129592,0.19598548
-3.2724862,4.610344,-2.9444757,0.50291836,0.09603618
-3.3215768,4.6005397,-2.9364383,0.49287757,-0.0039131283
-3.3698306,4.5904994,-2.9367597,0.48039603,-0.10358907
-3.4166138,4.58078,-2.945039,0.4679145,-0.20326503
-3.4615595,4.5718303,-2.9607818,0.45543292,-0.3
-3.5043595,4.5640063,-2.9832134,0.44675845,-0.3
-3.5465057,4.557275,-3.0052178,0.43808398,-0.3
-3.587969,4.5515847,-3.026795,0.4294095,-0.3
-3.628722,4.546886,-3.0479448,0.42554423,-0.3
-3.6691978,4.543084,-3.0689042,0.42167896,-0.3
-3.7093759,4.5401587,-3.0896733,0.41781366,-0.3
-3.7492373,4.5380874,-3.1102521,0.41859505,-0.3
-3.7892077,4.5368342,-3.1308694,0.4193764,-0.3
-3.82927,4.5364046,3.1316602,0.4201578,-0.3
-3.8694072,4.5368032,3.1109662,0.39172187,-0.20100705
-3.9077725,4.5379786,3.0979311,0.363286,-0.10201411
-3.943878,4.539556,3.0917652,0.33485007,-0.0030211688
-3.9773211,4.5412235,3.0915966,0.30518273,0.09535372
-4.007663,4.542742,3.0964394,0.27551538,0.19372861
-4.0346713,4.5439625,3.1052797,0.24584804,0.2921035
-4.0581994,4.544817,3.117079,0.21621299,0.38815027
-4.078206,4.5453076,3.1307175,0.18657795,0.48419708
-4.0947185,4.545487,-3.1379924,0.15694289,0.5802438
-4.107844,4.5454397,-3.1236525,0.1780105,0.48024723
-4.1236286,4.5451565,-3.1099455,0.1990781,0.38025057
-4.142105,4.544572,-3.097631,0.22014569,0.28025395
-4.1632404,4.543642,-3.0874822,0.23285626,0.18028979
-4.1861153,4.542403,-3.080523,0.24556682,0.08032562
-4.210547,4.5409093,-3.077239,0.2582774,-0.019638544
-4.236316,4.5392485,-3.0780845,0.2654535,-0.11949788
-4.262619,4.5375757,-3.0833588,0.2726296,-0.21935722
-4.2891836,4.536027,-3.0932462,0.2798057,-0.3
-4.315883,4.534735,-3.1070275,0.30394882,-0.3
-4.3449035,4.533732,-3.121998,0.32809198,-0.3
-4.376241,4.533118,-3.1381576,0.3522351,-0.3
-4.409891,4.533002,3.1276789,0.37625945,-0.3
-4.445833,4.533502,3.1091468,0.40028378,-0.3
-4.4840536,4.534743,3.0894315,0.42430812,-0.3
-4.524534,4.536856,3.068533,0.39503536,-0.20080915
-4.563141,4.539682,3.0554006,0.36576262,-0.10161829
-4.5993934,4.5428143,3.0492165,0.3364899,-0.002427435
-4.632899,4.545918,3.0490804,0.30667987,0.09626045
-4.6632943,4.548738,3.053993,0.2768699,0.19494835
-4.6903524,4.5511146,3.062932,0.24705991,0.29363623
-4.7139277,4.552973,3.0748498,0.21730696,0.39081565
-4.7339754,4.5543127,3.088647,0.187554,0.48799506
-4.7505183,4.5551896,3.1033027,0.15780106,0.58517444
-4.7636633,4.555693,3.1178296,0.12818405,0.6756959
-4.773662,4.5559306,3.1311915,0.09856705,0.76621735
-4.780764,4.5560045,-3.1406026,0.06895006,0.8567388
-4.7852798,4.556,-3.1319182,0.08780679,0.7567425
-4.7916636,4.5559382,-3.1218708,0.106663525,0.65674615
-4.8001094,4.555772,-3.111017,0.12552026,0.55674976
-4.810761,4.555446,-3.0999622,0.12907189,0.45676568
-4.822335,4.554964,-3.0904744,0.13262354,0.35678157
-4.834746,4.554329,-3.0827544,0.13617517,0.25679746
-4.8478937,4.5535545,-3.07699,0.14064892,0.15691517
-4.861757,4.5526576,-3.0733268,0.14512268,0.057032876
-4.876212,4.551669,-3.071948,0.14959642,-0.042849414
-4.8911214,4.550629,-3.0730162,0.17323409,-0.14278969
-4.9082284,4.549454,-3.0771248,0.19687174,-0.24272996
-4.9272985,4.548223,-3.0850112,0.22050941,-0.3
-4.9483314,4.547032,-3.095872,0.24879353,-0.3
-4.9720745,4.5459456,-3.108126,0.27707765,-0.3
-4.99853,4.5450597,-3.121773,0.30536178,-0.3
-5.0276966,4.5444818,-3.1368132,0.33316398,-0.3
-5.0595245,4.5443296,3.1299627,0.36096615,-0.3
-5.0940065,4.5447307,3.112184,0.38876835,-0.3
-5.131131,4.5458226,3.093036,0.35889015,-0.20085749
-5.166257,4.5475297,3.0811021,0.32901195,-0.10171499
-5.1989284,4.549508,3.075534,0.29913375,-0.0025724887
-5.2287765,4.5514827,3.075406,0.2692438,0.09592567
-5.2555184,4.5532556,3.0797038,0.23935387,0.19442382
-5.278958,4.554708,3.0874112,0.20946392,0.29292196
-5.2989826,4.555794,3.0974917,0.1796623,0.3897737
-5.315585,4.5565267,3.1088696,0.14986068,0.48662543
-5.328824,4.55696,3.12055,0.120059066,0.58347714
-5.3388414,4.557171,3.131574,0.090522416,0.675337
-5.3459063,4.5572414,3.1410058,0.06098576,0.7671969
-5.3502965,4.5572443,-3.1351242,0.031449102,0.8590568
-5.3523507,4.557231,-3.1311553,0.052910537,0.7590638
-5.356189,4.557191,-3.125086,0.07437197,0.65907073
-5.3620677,4.5570936,-3.1174953,0.095833406,0.55907774
-5.3701897,4.556898,-3.1090236,0.10789374,0.45911604
-5.3798566,4.556583,-3.1010547,0.11995408,0.35915437
-5.3910775,4.556128,-3.0940278,0.13201442,0.2591927
-5.4038234,4.555521,-3.0883884,0.14475927,0.15928228
-5.418096,4.554761,-3.0845618,0.15750411,0.059371866
-5.433793,4.553865,-3.0830042,0.17024897,-0.04053855
-5.4507747,4.552869,-3.0841541,0.19472413,-0.1404772
-5.4700236,4.551762,-3.0886981,0.21919927,-0.24041584
-5.4912834,4.5506363,-3.097397,0.24367443,-0.3
-5.5145397,4.5496078,-3.1093988,0.27225748,-0.3
-5.540536,4.548771,-3.1228085,0.3008405,-0.3
-5.569271,4.548231,-3.1376257,0.32942355,-0.3
-5.600742,4.548106,3.1293342,0.35837245,-0.3
-5.634976,4.548526,3.1116834,0.38732138,-0.3
-5.671962,4.549632,3.0926063,0.41627032,-0.3
-5.711682,4.5515795,3.0721037,0.38647008,-0.20080893
-5.7494607,4.554209,3.059256,0.3566698,-0.10161786
-5.7848234,4.5571275,3.0532258,0.32686958,-0.0024267912
-5.817383,4.560012,3.0530934,0.29701954,0.09607041
-5.8468323,4.562625,3.057842,0.26716948,0.1945676
-5.8729534,4.564818,3.066451,0.23731942,0.2930648
-5.8956094,4.5665236,3.0778775,0.20762256,0.39072654
-5.9147677,4.5677457,3.0910568,0.17792569,0.48838827
-5.93046,4.5685396,3.1049707,0.14822882,0.58605003
-5.942801,4.5689917,3.1186342,0.11879758,0.67953444
-5.9520397,4.569204,3.131077,0.08936634,0.77301884
-5.958436,4.569271,3.1414778,0.059935093,0.86650324
-5.962317,4.5692716,-3.1340952,0.030576251,0.95351344
-5.9640865,4.569258,-3.1299396,0.0012174121,1.0
-5.9641523,4.5692573,-3.1297688,-0.028141428,1.0
-5.962632,4.5692754,-3.1337156,-0.0027805546,0.90001017
-5.962459,4.569277,-3.1340785,0.022580318,0.80002034
-5.964032,4.569265,-3.131379,0.047941193,0.7000305
-5.967699,4.5692277,-3.1262312,0.07168885,0.60007155
-5.9736147,4.5691366,-3.119484,0.09543652,0.5001126
-5.9819875,4.5689516,-3.1118567,0.11918418,0.40015364
-5.9929595,4.568625,-3.1041183,0.13710399,0.30041957
-6.0060463,4.5681343,-3.0973566,0.1550238,0.20068553
-6.021223,4.567463,-3.092206,0.17294359,0.10095147
-6.0384083,4.566613,-3.089301,0.19680133,0.0011266351
-6.0580616,4.5655847,-3.0892642,0.22065906,-0.0986982
-6.07999,4.564436,-3.092888,0.2445168,-0.19852303
-6.103933,4.563269,-3.1009254,0.27390912,-0.2981216
-6.130094,4.5622044,-3.1143343,0.30330145,-0.3
-6.1590586,4.5614147,-3.129273,0.33269376,-0.3
-6.19084,4.561023,3.137526,0.36247262,-0.3
-6.2254677,4.561164,3.119673,0.39225146,-0.3
-6.262932,4.5619855,3.1003532,0.42203033,-0.3
-6.303216,4.5636477,3.079567,0.39246383,-0.2008726
-6.341599,4.5660315,3.066516,0.36289734,-0.1017452
-6.3775992,4.5687394,3.0603726,0.33333084,-0.0026178001
-6.4108224,4.5714436,3.0602272,0.3036126,0.095893964
-6.440944,4.5738997,3.0650723,0.27389434,0.19440573
-6.467739,4.5759544,3.073891,0.24417612,0.2929175
-6.491063,4.5775356,3.0856416,0.21461345,0.39065987
-6.5108767,4.5786457,3.0992625,0.18505079,0.48840225
-6.5272036,4.579337,3.1137338,0.15548812,0.5861446
-6.5401516,4.579698,3.1280687,0.12613073,0.6806807
-6.549953,4.5798306,3.141298,0.09677333,0.7752168
-6.556865,4.5798326,-3.130599,0.06741593,0.8697529
-6.5612135,4.579785,-3.1220129,0.09412363,0.7698044
-6.5679708,4.5796523,-3.1110945,0.120831326,0.66985595
-6.5774384,4.5793633,-3.098591,0.14753903,0.5699075
-6.589849,4.57883,-3.0853236,0.16986448,0.47060117
-6.6049647,4.577978,-3.0724869,0.19218993,0.37129486
-6.622832,4.576741,-3.060865,0.21451537,0.27198854
-6.6434274,4.575075,-3.0512602,0.2428027,0.1735702
-6.6672454,4.572918,-3.0442715,0.27109,0.07515187
-6.69415,4.570291,-3.0408792,0.29937732,-0.023266464
-6.7239275,4.5672817,-3.04204,0.32925966,-0.117088504
-6.7564664,4.5640316,-3.0484507,0.35914204,-0.21091054
-6.7914324,4.5607657,-3.0609818,0.38902438,-0.3
-6.828477,4.557773,-3.0801425,0.41864723,-0.3
-6.8683963,4.555317,-3.1007624,0.44827008,-0.3
-6.9111853,4.553569,-3.1228411,0.47789294,-0.3
-6.956832,4.5527124,3.1368062,0.507517,-0.3
-7.0053167,4.5529447,3.1118093,0.523,-0.3
-7.0552583,4.5544324,3.0860498,0.523,-0.3
-7.1051455,4.557206,3.0602903,0.4984325,-0.20100406
-7.153824,4.561173,3.0437047,0.47386497,-0.102008104
-7.2007384,4.5657797,3.0356624,0.44929746,-0.0030121566
-7.245416,4.5705304,3.0354369,0.42270526,0.095795535
-7.287256,4.574989,3.0421753,0.39611307,0.19460323
-7.3259277,4.578846,3.054942,0.36952087,0.29341093
-7.361168,4.5819073,3.072754,0.34097108,0.39193952
-7.392605,4.584075,3.0944614,0.31242126,0.4904681
-7.420133,4.585373,3.1189885,0.28387147,0.5889967
-7.443731,4.5859065,-3.1379137,0.2565798,0.6832881
-7.463629,4.5858335,-3.1109154,0.2292881,0.77757955
-7.4799604,4.5853324,-3.0841055,0.20199642,0.87187093
-7.492935,4.5845857,-3.058333,0.23046027,0.774837
-7.5093455,4.583216,-3.0314615,0.25892413,0.67780316
-7.5293922,4.5809994,-3.0044003,0.28738797,0.5807693
-7.553193,4.5777135,-2.97812,0.31697097,0.5279645
-7.5802093,4.5732574,-2.9515064,0.34655398,0.47515965
-7.6104703,4.567435,-2.925083,0.37613696,0.42235485
-7.643978,4.5600643,-2.8993857,0.4025101,0.37932786
-7.6802764,4.551097,-2.8745444,0.42888322,0.33630088
-7.719327,4.540413,-2.850956,0.45525634,0.2932739
-7.761081,4.527924,-2.8290212,0.4756051,0.2624551
-7.804787,4.5137997,-2.808455,0.49595383,0.23163635
-7.8504043,4.498015,-2.789479,0.5163025,0.20081756
-7.897893,4.4805665,-2.7723145,0.523,0.19626519
-7.9457307,4.4620514,-2.7553163,0.523,0.19171283
-7.9932895,4.442709,-2.7387075,0.523,0.18716045
-8.040562,4.4225616,-2.7224884,0.5198451,0.21416718
-8.086963,4.4018903,-2.7040744,0.5166903,0.2411739
-8.13241,4.380632,-2.6835065,0.51353544,0.2681806
-8.176823,4.3587337,-2.6608272,0.5040271,0.3030088
-8.219476,4.3364863,-2.6357608,0.4945188,0.33783698
-8.26029,4.3138795,-2.608443,0.48501045,0.37266517
-8.299192,4.2909207,-2.579011,0.47925308,0.395825
-8.3365965,4.2673354,-2.5482135,0.47349575,0.4189848
-8.372457,4.2431493,-2.5161078,0.46773842,0.4421446
-8.406729,4.218397,-2.4827518,0.46203738,0.4585783
-8.439488,4.1930337,-2.4486632,0.45633638,0.47501194
-8.470711,4.1671104,-2.4138792,0.45063537,0.49144563
-8.500377,4.140683,-2.3784366,0.43968928,0.4997253
-8.528266,4.114008,-2.3433213,0.4287432,0.508005
-8.554411,4.087181,-2.3085618,0.41779712,0.5162847
-8.578851,4.0602946,-2.2741876,0.39382872,0.5165593
-8.601,4.0341783,-2.2417693,0.36986035,0.51683396
-8.620993,4.0089936,-2.2113094,0.34589195,0.5171086
-8.638961,3.9848866,-2.1828098,0.321309,0.50413346
-8.655124,3.9618595,-2.156942,0.29672602,0.4911584
-8.669597,3.940062,-2.133617,0.27214304,0.47818327
-8.682489,3.9196272,-2.112745,0.24799888,0.4869231
-8.693794,3.9008503,-2.0934048,0.22385472,0.4956629
-8.703623,3.8837872,-2.07566,0.19971058,0.5044027
-8.71208,3.8684845,-2.059574,0.1777123,0.50096726
-8.719399,3.8547223,-2.0453486,0.15571405,0.49753177
-8.725652,3.8425508,-2.0329628,0.13371578,0.49409628
-8.730901,3.8320134,-2.022394,0.12421084,0.46211466
-8.735753,3.8220098,-2.0131643,0.114705905,0.43013307
-8.740216,3.8125877,-2.0051923,0.10520097,0.39815146
-8.744297,3.803791,-1.9983944,0.10146159,0.38025022
-8.748204,3.795218,-1.992118,0.0977222,0.36234894
-8.751941,3.7868793,-1.9863447,0.093982816,0.3444477
-8.755512,3.778786,-1.9810555,0.09097141,0.3277821
-8.758947,3.7708879,-1.9761741,0.08796,0.31111646
-8.76225,3.763193,-1.9716864,0.084948584,0.29445082
-8.765422,3.755708,-1.9675776,0.08351055,0.27955455
-8.768524,3.7483048,-1.963737,0.08207252,0.26465827
-8.771557,3.740987,-1.960159,0.08063448,0.249762
-8.774523,3.7337587,-1.9568372,0.07725431,0.24826255
-8.777343,3.7268212,-1.9536734,0.07387414,0.24676311
-8.780019,3.7201762,-1.9506658,0.07049397,0.24526368
-8.782555,3.7138252,-1.947813,0.07024494,0.24766576
-8.785062,3.7074933,-1.9449431,0.06999591,0.25006786
-8.78754,3.7011807,-1.9420561,0.06974688,0.25246996
-8.78999,3.6948872,-1.9391524,0.06787325,0.26309428
-8.792351,3.6887732,-1.9362104,0.06599961,0.2737186
-8.794621,3.6828384,-1.933237,0.064125985,0.2843429
-8.796803,3.677083,-1.9302387,0.06456566,0.2926249
-8.798978,3.6712961,-1.9271346,0.06500533,0.30090687
-8.801144,3.6654778,-1.9239235,0.065445006,0.30918884
-8.8033,3.6596282,-1.9206045,0.06327879,0.32205275
-8.805357,3.653989,-1.9172664,0.061112564,0.33491668
-8.807317,3.6485605,-1.9139185,0.05894634,0.34778062
-8.809181,3.6433418,-1.9105703,0.05968207,0.35177287
-8.8110485,3.6380594,-1.9071429,0.0604178,0.35576513
-8.812918,3.6327133,-1.9036355,0.06115353,0.3597574
-8.814788,3.6273034,-1.9000474,0.0588764,0.36675698
-8.816565,3.6221025,-1.8965286,0.056599267,0.37375656
-8.818251,3.6171105,-1.8930844,0.05432213,0.38075614
-8.819848,3.612327,-1.8897198,0.057798855,0.3817585
-8.82153,3.6072338,-1.886131,0.061275575,0.38276088
-8.823293,3.6018298,-1.8823168,0.064752296,0.38376325
-8.825133,3.5961146,-1.8782761,0.06714902,0.3928118
-8.827011,3.590202,-1.8739922,0.06954574,0.4018604
-8.828922,3.5840933,-1.8694586,0.071942456,0.41090894
-8.830863,3.57779,-1.8646691,0.07520374,0.4317876
-8.832841,3.5712526,-1.8594236,0.07846502,0.4526663
-8.834849,3.5644884,-1.8537041,0.081726305,0.47354499
