7.6655455,-7.2734103,-1.5318365,0.77761745,0.0
7.6685743,-7.3511133,-1.5318365,0.523,0.09997173
7.6706014,-7.4031124,-1.5231367,0.49425375,0.19994345
7.6729093,-7.451498,-1.5067759,0.46550748,0.29991516
7.6757545,-7.4958797,-1.4838543,0.4579597,0.39987472
7.679417,-7.537904,-1.4541401,0.45041195,0.49983427
7.684018,-7.577166,-1.4181612,0.44286418,0.59979385
7.6895766,-7.6132975,-1.3764971,0.44347483,0.6996704
7.6961274,-7.646587,-1.3289,0.44408548,0.79954696
7.703542,-7.67664,-1.2758288,0.44469613,0.89942354
7.711584,-7.7031083,-1.2177984,0.44868922,0.9986672
7.7199826,-7.7259035,-1.1549257,0.45268232,1.0
7.729863,-7.748277,-1.0914392,0.4566754,1.0
7.7412434,-7.77017,-1.0273927,0.46348748,1.0
7.7541914,-7.7916055,-0.96239084,0.4702995,1.0
7.768715,-7.812456,-0.8964336,0.47711158,1.0
7.784811,-7.832592,-0.829521,0.48403165,1.0
7.8024697,-7.851882,-0.7616379,0.49095172,1.0
7.821667,-7.870188,-0.6927843,0.4978718,1.0
7.842366,-7.8873687,-0.6229602,0.5044712,1.0
7.864503,-7.903271,-0.55221057,0.5110706,1.0
7.8880115,-7.9177566,-0.4805354,0.51767004,1.0
7.9128137,-7.9306855,-0.40793467,0.52163935,1.0
7.9386854,-7.941867,-0.33477727,0.523,1.0
7.9653745,-7.951151,-0.26142904,0.523,1.0
7.992672,-7.9584546,-0.18808082,0.523,1.0
8.0204315,-7.963738,-0.1147326,0.523,1.0
8.048504,-7.9669733,-0.04138438,0.523,1.0
8.076737,-7.968142,0.03196384,0.523,1.0
8.10498,-7.967239,0.105312064,0.523,1.0
8.133081,-7.9642687,0.17866029,0.523,1.0
8.16089,-7.959247,0.2520085,0.523,0.9832881
8.188964,-7.9520187,0.32455945,0.523,0.9665763
8.217125,-7.9425435,0.39629287,0.523,0.9498644
8.245194,-7.930798,0.46718872,0.523,0.9139665
8.273707,-7.9164157,0.53621876,0.523,0.87806857
8.30242,-7.8993516,0.60329413,0.523,0.84217066
8.331097,-7.879594,0.6683283,0.523,0.8337988
8.358684,-7.857813,0.73287433,0.523,0.825427
8.385048,-7.8340816,0.7969277,0.523,0.8170552
8.410064,-7.808482,0.8604838,0.523,0.7862932
8.434157,-7.7804694,0.9221751,0.523,0.7555312
8.457154,-7.750131,0.98194313,0.523,0.72476923
8.478901,-7.7175713,1.0397314,0.523,0.69810724
8.499192,-7.6830244,1.0957594,0.523,0.6714453
8.5179205,-7.646611,1.1499873,0.523,0.6447833
8.534995,-7.6084585,1.2023767,0.523,0.6263209
8.550256,-7.5689287,1.253471,0.523,0.6078584
8.563651,-7.5281405,1.3032529,0.523,0.589396
8.575145,-7.4862113,1.3517053,0.523,0.5714826
8.584705,-7.4432735,1.398852,0.523,0.5535692
8.592318,-7.3994403,1.4446778,0.523,0.5356558
8.597975,-7.354823,1.489168,0.523,0.5198321
8.601676,-7.3095827,1.5324668,0.523,0.50400835
8.603431,-7.2638197,1.574563,0.523,0.4881846
8.603256,-7.2176294,1.6154462,0.523,0.47002
8.601175,-7.171047,1.6549243,0.523,0.45185542
8.597221,-7.1241627,1.6929843,0.523,0.43369082
8.591437,-7.0770583,1.7296138,0.523,0.42422265
8.5838995,-7.029994,1.7654927,0.523,0.41475448
8.574638,-6.9830327,1.8006178,0.523,0.40528628
8.56369,-6.9362335,1.8349861,0.523,0.38911307
8.551054,-6.889522,1.8680543,0.523,0.37293983
8.536788,-6.842953,1.8998139,0.523,0.3567666
8.520953,-6.796575,1.9302565,0.523,0.35045072
8.5036745,-6.750593,1.9601827,0.523,0.34413487
8.484984,-6.705045,1.9895912,0.523,0.33781898
8.464918,-6.6599655,2.0184808,0.523,0.32345748
8.443452,-6.615265,2.0461864,0.523,0.30909595
8.42065,-6.5709677,2.0727024,0.523,0.29473442
8.396573,-6.5270953,2.098023,0.523,0.2923461
8.371376,-6.4838147,2.1231444,0.523,0.28995776
8.34508,-6.4411507,2.1480665,0.523,0.2875694
8.31771,-6.399125,2.1727889,0.523,0.27165338
8.289179,-6.3575997,2.1961777,0.523,0.25573733
8.259559,-6.3165774,2.2182274,0.523,0.23982129
8.228917,-6.276055,2.238932,0.523,0.24213041
8.197461,-6.236198,2.2598321,0.523,0.24443954
8.165197,-6.1970296,2.2809274,0.523,0.24674869
8.132134,-6.158573,2.3022182,0.523,0.22036545
8.098046,-6.120591,2.3212717,0.523,0.19398221
8.063047,-6.0830584,2.3380744,0.523,0.16759898
8.02725,-6.0459404,2.3526154,0.523,0.18675613
7.991042,-6.009472,2.3687997,0.523,0.2059133
7.954388,-5.9737306,2.386622,0.523,0.22507046
7.917259,-5.938795,2.4060752,0.523,0.17839171
7.879095,-5.90426,2.421543,0.523,0.13171297
7.840118,-5.870071,2.4329906,0.523,0.08503422
7.8005514,-5.8361588,2.440394,0.523,0.13363796
7.7609468,-5.8027186,2.452008,0.523,0.18224172
7.721265,-5.7699957,2.4678056,0.523,0.23084547
7.6814785,-5.738229,2.4877493,0.523,0.1599881
7.640496,-5.706824,2.5016356,0.523,0.08913073
7.598711,-5.6757164,2.5093946,0.523,0.01827336
7.556526,-5.6448164,2.5109873,0.523,0.08674543
7.514444,-5.6140947,2.5185392,0.523,0.15521751
7.4724817,-5.5839434,2.5320146,0.523,0.22368959
7.43067,-5.5547466,2.5513508,0.523,0.1440991
7.387669,-5.5259404,2.563868,0.523,0.06450861
7.343948,-5.4974375,2.569487,0.523,-0.015081877
7.299981,-5.4691253,2.5681725,0.523,0.047669798
7.2560964,-5.4407845,2.5723262,0.523,0.11042147
7.212312,-5.4127655,2.5819316,0.523,0.17317314
7.1686544,-5.385415,2.5969512,0.523,0.094031796
7.1241193,-5.3584375,2.6051357,0.523,0.01489045
7.079171,-5.3317103,2.6064334,0.523,-0.0642509
7.034276,-5.3050933,2.6008368,0.5206941,-0.0023158193
6.989636,-5.278289,2.6006358,0.5183881,0.05961926
6.945278,-5.2516418,2.6057837,0.51608217,0.12155434
6.90123,-5.225488,2.6162133,0.523,0.04511545
6.8560295,-5.199284,2.6201446,0.523,-0.031323444
6.8107023,-5.1732445,2.6174147,0.523,-0.10776234
6.765687,-5.14722,2.6080396,0.5174556,-0.04676609
6.7211823,-5.120931,2.6040077,0.51191115,0.014230156
6.6772165,-5.094721,2.6052217,0.5063667,0.075226404
6.633814,-5.0689178,2.6115646,0.51441914,0.003868717
6.5894303,-5.042911,2.6118963,0.5224716,-0.06748897
6.544446,-5.016572,2.6060238,0.523,-0.13884665
6.499902,-4.9901385,2.5939598,0.5173535,-0.086212024
6.4558964,-4.9633017,2.5865355,0.5117069,-0.03357739
6.412432,-4.9363503,2.5836723,0.50606036,0.019057244
6.3695083,-4.9095635,2.5852797,0.51174927,-0.042344958
6.326089,-4.882564,2.581669,0.51743823,-0.10374716
6.282482,-4.85523,2.572738,0.523,-0.16514936
6.239018,-4.8274407,2.5584078,0.51761603,-0.117180996
6.1961083,-4.799132,2.5483217,0.512232,-0.06921263
6.15374,-4.7705626,2.5424178,0.50684804,-0.021244269
6.111894,-4.741985,2.5406232,0.51082087,-0.07870697
6.0698924,-4.7131906,2.5339293,0.51479375,-0.13616967
6.02802,-4.68407,2.5222821,0.5187666,-0.19363238
5.9865675,-4.65452,2.5056448,0.5140349,-0.16046202
5.945744,-4.6243815,2.4919565,0.5093033,-0.12729165
5.905516,-4.5938234,2.4811807,0.5045716,-0.094121285
5.8658442,-4.563008,2.4732773,0.50759095,-0.13376424
5.826361,-4.531835,2.4619946,0.5106103,-0.1734072
5.7872405,-4.5002255,2.4473114,0.5136296,-0.21305014
5.7486596,-4.468105,2.429211,0.51033807,-0.20034549
5.710809,-4.4354143,2.412284,0.5070465,-0.18764083
5.673666,-4.4022202,2.3965197,0.50375503,-0.17493618
5.637203,-4.3685856,2.381907,0.50490934,-0.1926232
5.6012716,-4.334456,2.3657975,0.5060636,-0.21031024
5.5659413,-4.299798,2.3481896,0.5072179,-0.22799727
5.531285,-4.2645817,2.329082,0.50651747,-0.22963943
5.497367,-4.228773,2.309866,0.505817,-0.23128158
5.4642024,-4.192384,2.2905416,0.5051166,-0.23292375
5.4318047,-4.1554265,2.2711096,0.50638914,-0.23935291
5.4001,-4.11781,2.251101,0.50766164,-0.24578209
5.369127,-4.0795307,2.230514,0.5089342,-0.25221127
5.338921,-4.040589,2.209347,0.50988597,-0.25562438
5.309518,-4.0009775,2.1878595,0.5108377,-0.2590375
5.280945,-3.9607046,2.166051,0.51178944,-0.26245064
5.2532306,-3.9197793,2.1439204,0.5129868,-0.26470745
5.2263823,-3.8781788,2.121552,0.5141841,-0.26696426
5.2004266,-3.8359158,2.0989447,0.51538146,-0.26922107
5.1753902,-3.7930036,2.0760977,0.51552296,-0.26537997
5.1513085,-3.749473,2.0535629,0.5156645,-0.26153886
5.128184,-3.705353,2.0313406,0.515806,-0.25769776
5.1060166,-3.6606724,2.0094311,0.5164524,-0.25579536
5.0847964,-3.6154377,1.9876529,0.51709867,-0.253893
5.064531,-3.5696716,1.9660059,0.517745,-0.25199062
5.045227,-3.5233972,1.9444908,0.5180028,-0.24891081
5.0269,-3.476658,1.9232227,0.51826066,-0.24583103
5.0095487,-3.4294798,1.9022018,0.51851845,-0.24275123
4.993172,-3.381887,1.8814287,0.51857686,-0.24228784
4.977784,-3.3339534,1.8606921,0.51863533,-0.24182448
4.9633904,-3.2857,1.8399922,0.51869375,-0.2413611
4.949995,-3.237148,1.8193288,0.5182575,-0.24124558
4.9376163,-3.1883695,1.7986925,0.51782125,-0.24113007
4.9262557,-3.1393857,1.7780831,0.517385,-0.24101456
4.9159155,-3.090218,1.7575009,0.51684386,-0.23956946
4.9065957,-3.0408823,1.737061,0.5163027,-0.23812437
4.898292,-2.991401,1.7167634,0.51576155,-0.23667929
4.8909993,-2.9417958,1.6966078,0.5158616,-0.23478821
4.884704,-2.8920214,1.6766064,0.5159615,-0.23289715
4.8794017,-2.8420992,1.6567593,0.51606154,-0.23100609
4.8750887,-2.7920492,1.6370666,0.5167603,-0.22843112
4.8717556,-2.741826,1.6175632,0.51745903,-0.22585616
4.869398,-2.6914496,1.5982499,0.5181578,-0.22328117
4.868011,-2.640939,1.5791273,0.51931417,-0.21971793
4.8675885,-2.590258,1.5602628,0.5204705,-0.21615468
4.868124,-2.539425,1.5416582,0.5216269,-0.21259144
4.86961,-2.4884582,1.5233147,0.523,-0.20676832
4.872039,-2.4373298,1.5054196,0.523,-0.20094521
4.875387,-2.3861916,1.4880215,0.523,-0.1951221
4.879629,-2.33506,1.4711211,0.523,-0.1699418
4.8847585,-2.2837691,1.456379,0.523,-0.14476149
4.890667,-2.2323544,1.4438047,0.523,-0.119581185
4.8972435,-2.1808462,1.433406,0.523,-0.10048185
4.9043703,-2.1293004,1.4246621,0.523,-0.08138253
4.911961,-2.077729,1.4175761,0.523,-0.062283196
4.9199276,-2.026142,1.4121506,0.523,-0.048710205
4.92818,-1.9745599,1.4079063,0.523,-0.035137214
4.9366565,-1.9229841,1.4048442,0.523,-0.021564221
4.945294,-1.8714147,1.4029646,0.523,-0.011446858
4.95403,-1.8198528,1.4019669,0.523,-0.0013294935
4.9628177,-1.7682965,1.4018509,0.523,0.00878787
4.971611,-1.7167431,1.402617,0.523,0.013063717
4.980365,-1.6651853,1.4037557,0.523,0.017339563
4.989059,-1.6136211,1.405267,0.523,0.02161541
4.997675,-1.562048,1.407151,0.523,0.028410066
5.0061917,-1.5104675,1.4096271,0.523,0.03520472
5.0145793,-1.4588773,1.4126952,0.523,0.041999377
5.0228066,-1.4072752,1.416355,0.523,0.048367582
5.0308423,-1.355658,1.4205694,0.523,0.05473579
5.038658,-1.3040246,1.4253381,0.523,0.061104
5.0462246,-1.2523735,1.4306611,0.523,0.068524994
5.0535126,-1.2007077,1.4366295,0.523,0.07594599
5.060488,-1.1490271,1.4432431,0.523,0.083366975
5.067118,-1.0973321,1.4505016,0.5206284,0.088078514
5.0733414,-1.0458459,1.4581343,0.51825684,0.092790045
5.079143,-0.9945703,1.4661376,0.51588523,0.097501576
5.0845065,-0.9435078,1.4745077,0.51322377,0.099649884
5.0894165,-0.89267653,1.4830173,0.5105623,0.10179819
5.093869,-0.8420802,1.4916648,0.50790083,0.10394649
5.0978622,-0.7917223,1.500448,0.5057817,0.103627
5.1013985,-0.7415399,1.5091679,0.5036626,0.1033075
5.104484,-0.69153726,1.5178244,0.5015435,0.102988
5.1071253,-0.6417187,1.5264181,0.49932563,0.10487806
5.1093283,-0.5921093,1.5351301,0.4971078,0.106768124
5.1110907,-0.54271305,1.5439593,0.49488994,0.10865819
5.112411,-0.49353364,1.5529039,0.49259803,0.10804788
5.113287,-0.44456896,1.5617573,0.4903061,0.107437566
5.113728,-0.39582303,1.57052,0.48801416,0.10682726
5.1137414,-0.3472998,1.5791924,0.4836786,0.099799395
5.113337,-0.2991743,1.5872241,0.47934306,0.09277153
5.112553,-0.2514526,1.5946251,0.4750075,0.085743666
5.1114254,-0.20413977,1.6014049,0.46900353,0.07478026
5.1099944,-0.1573924,1.6072448,0.46299958,0.06381686
5.10831,-0.11121738,1.612166,0.4569956,0.052853454
5.106423,-0.06562068,1.6161898,0.45188352,0.04117366
5.1043744,-0.020517135,1.6192899,0.44677144,0.029493868
5.1022096,0.024088081,1.6214857,0.44165936,0.017814076
5.0999722,0.06819029,1.6227969,0.43766254,0.008617252
5.0976973,0.11189576,1.6234255,0.43366572,-0.0005795717
5.095416,0.15520228,1.6233836,0.4296689,-0.009776396
5.093158,0.19810772,1.6226835,0.42401144,-0.01312154
5.0909586,0.24044816,1.6217563,0.41835397,-0.016466683
5.088828,0.28222358,1.6206082,0.41269648,-0.019811828
5.0867734,0.32343397,1.6192455,0.40125304,-0.021836614
5.0848308,0.36350262,1.6177853,0.3898096,-0.023861403
5.083,0.40242946,1.6162353,0.37836617,-0.02588619
5.081282,0.44021437,1.614603,0.36684066,-0.049733162
5.0796776,0.47681794,1.6115636,0.35531515,-0.07358013
5.0782332,0.51222384,1.6072102,0.34378964,-0.09742711
5.0769877,0.5464171,1.6016365,0.3321643,-0.10880292
5.0759697,0.5794214,1.595625,0.32053894,-0.12017874
5.0751796,0.6112343,1.5892202,0.30891362,-0.13155454
5.0746155,0.6418536,1.5824665,0.29817155,-0.1321195
5.0742702,0.67140883,1.5759199,0.28742945,-0.13268445
5.0741243,0.6998988,1.5695823,0.27668738,-0.1332494
5.0741577,0.7273222,1.5634557,0.27182963,-0.13189252
5.0743556,0.75426835,1.5574976,0.26697186,-0.13053563
5.0747075,0.7807361,1.551706,0.26211408,-0.12917873
5.075204,0.80672437,1.5460783,0.25521904,-0.119479395
5.07583,0.8320566,1.5410081,0.24832398,-0.10978005
5.0765653,0.8567285,1.5364738,0.24142893,-0.100080706
5.0773897,0.8807365,1.5324534,0.23511449,-0.072313845
5.0782886,0.9041692,1.5296222,0.22880003,-0.044546984
5.0792294,0.92700714,1.5279241,0.22248557,-0.016780127
5.0801826,0.94923216,1.5273019,0.21017744,0.02273053
5.081096,0.97022456,1.5280981,0.19786929,0.062241185
5.081939,0.9899552,1.5301493,0.18556115,0.10175184
5.0826893,1.0084001,1.5332907,0.17312454,0.1366425
5.0833325,1.0255392,1.5372212,0.16068794,0.17153317
5.083864,1.0413631,1.5417926,0.14825132,0.20642383
