9.03931,-1.2790498,1.6028413,0.1355313,0.0
9.038876,-1.2655035,1.6028413,0.15414408,0.038878154
9.038383,-1.2501087,1.6038398,0.17275687,0.07775631
9.037813,-1.2328947,1.6060764,0.19136965,0.116634466
9.037143,-1.2138995,1.609788,0.21337953,0.0467138
9.036312,-1.192601,1.6114486,0.23538941,-0.023206865
9.035356,-1.1690879,1.6105384,0.2573993,-0.093127534
9.034337,-1.1434797,1.6065489,0.28169465,-0.14966723
9.033341,-1.1156429,1.5995483,0.30598998,-0.20620692
9.032481,-1.0857046,1.5891066,0.3302853,-0.26274663
9.031897,-1.0538149,1.5748088,0.35219422,-0.3
9.031762,-1.0201688,1.5574621,0.37410313,-0.3
9.032238,-0.9844325,1.5390363,0.396012,-0.3
9.03344,-0.94661915,1.5195314,0.41310292,-0.3
9.035462,-0.90720576,1.4991846,0.43019384,-0.3
9.038403,-0.86621314,1.4779961,0.44728476,-0.3
9.042362,-0.8236662,1.4559659,0.46219411,-0.3
9.047421,-0.77980196,1.4332012,0.47710344,-0.3
9.053674,-0.7346533,1.4097023,0.49201277,-0.3
9.061213,-0.6882581,1.385469,0.4987946,-0.3
9.069993,-0.64142245,1.3609017,0.5055764,-0.3
9.080057,-0.5941829,1.3360003,0.5123582,-0.3
9.091444,-0.54657847,1.3107649,0.5115232,-0.3
9.104009,-0.49935365,1.2855707,0.51068825,-0.3
9.117736,-0.45253685,1.2604176,0.50985324,-0.3
9.132612,-0.4061561,1.2353057,0.5028081,-0.3
9.148427,-0.360799,1.2105407,0.49576297,-0.3
9.165123,-0.3164773,1.1861227,0.48871782,-0.3
9.182644,-0.27320027,1.1620517,0.47871718,-0.3
9.200821,-0.2312342,1.1384732,0.46871656,-0.3
9.219582,-0.19057582,1.1153873,0.45871592,-0.3
9.238856,-0.15121938,1.0927941,0.44950446,-0.3
9.258611,-0.11308979,1.0706544,0.440293,-0.3
9.278782,-0.07617908,1.0489686,0.43108156,-0.3
9.29931,-0.040477324,1.0277363,0.42229438,-0.3
9.320158,-0.005938137,1.0069369,0.41350722,-0.3
9.34127,0.027450468,0.98657024,0.40472004,-0.3
9.3625965,0.059701946,0.9666364,0.3943962,-0.28097662
9.384122,0.09088711,0.94840914,0.38407233,-0.26195323
9.405748,0.12102803,0.9318321,0.3737485,-0.24292985
9.427383,0.15014842,0.916848,0.36291173,-0.22206429
9.448918,0.17824501,0.90352654,0.35207492,-0.20119871
9.470266,0.20534311,0.89179987,0.34123814,-0.18033314
9.491349,0.23146775,0.88159925,0.33165622,-0.15940101
9.512173,0.25673905,0.87282544,0.3220743,-0.13846889
9.532673,0.28117853,0.8654163,0.31249237,-0.11753676
9.552793,0.30480647,0.85930884,0.30479214,-0.09372872
9.572607,0.32778984,0.85455453,0.29709187,-0.06992068
9.592065,0.3501441,0.8510952,0.28939164,-0.046112645
9.61112,0.37188327,0.8488719,0.28271452,-0.023877466
9.629798,0.39309594,0.8477469,0.2760374,-0.0016422868
9.648062,0.41379297,0.84767133,0.26936027,0.020592893
9.665883,0.43398374,0.84859574,0.2580105,0.0477661
9.682919,0.45332155,0.850649,0.24666071,0.07493931
9.699141,0.4718112,0.85372686,0.23531091,0.10211252
9.714524,0.489455,0.8577246,0.2200628,0.1351271
9.728788,0.5059479,0.86266565,0.2048147,0.1681417
9.741921,0.5212858,0.8683783,0.1895666,0.20115627
9.753922,0.53546333,0.87469095,0.17147498,0.23404697
9.764618,0.5482626,0.88131887,0.15338337,0.26693767
9.77403,0.5596782,0.8880621,0.13529177,0.29982838
9.782185,0.56970656,0.894722,0.11463353,0.34720442
9.78893,0.57811475,0.90122306,0.093975306,0.39458045
9.794314,0.58491707,0.9072441,0.07331707,0.4419565
9.798396,0.5901381,0.91247046,0.051081385,0.5125026
9.80112,0.5936595,0.91664517,0.028845701,0.5830487
9.802585,0.59557045,0.9192921,0.0066100154,0.65359485
9.802903,0.59598774,0.919962,-0.016810093,0.7232616
9.802139,0.5949852,0.9181077,-0.040230203,0.79292834
9.800425,0.59274226,0.913331,-0.06365031,0.86259514
9.7978945,0.5894651,0.90527356,-0.08772211,0.9299181
9.794656,0.5853395,0.89355433,-0.1117939,0.9972411
9.790854,0.58061206,0.8779036,-0.13586569,1.0
9.786165,0.574964,0.85884905,-0.16032796,1.0
9.780506,0.5684056,0.83636385,-0.18479022,1.0
9.773815,0.5609952,0.81044793,-0.20925249,1.0
9.766024,0.552803,0.7811013,-0.2348358,1.0
9.757013,0.5438697,0.7481667,-0.2604191,1.0
9.7467,0.5342976,0.7116442,-0.28600243,1.0
9.734998,0.5242057,0.6715337,-0.3118142,1.0
9.721808,0.51372343,0.62780327,-0.33762598,1.0
9.707046,0.50300866,0.58045286,-0.36343774,1.0
9.690624,0.49223986,0.5294825,-0.3864675,1.0
9.672603,0.48169318,0.47528228,-0.40949723,1.0
9.65293,0.4715689,0.41785225,-0.43252698,1.0
9.631571,0.4620856,0.35719246,-0.4563749,1.0
9.60847,0.45346403,0.29318807,-0.48022282,1.0
9.583631,0.44596532,0.22583915,-0.50407076,1.0
9.557087,0.43986675,0.15514566,-0.523,1.0
9.529168,0.43550023,0.08179744,-0.523,1.0
9.501005,0.4331914,0.008449223,-0.523,1.0
9.472748,0.43295264,-0.064899,-0.523,1.0
9.44455,0.43478525,-0.13824722,-0.523,1.0
9.416562,0.4386794,-0.21159545,-0.523,1.0
9.388934,0.44461408,-0.28494367,-0.523,1.0
9.361815,0.45255744,-0.3582919,-0.523,1.0
9.335352,0.46246678,-0.4316401,-0.523,1.0
9.309687,0.47428873,-0.5049883,-0.523,1.0
9.284956,0.48795977,-0.57833654,-0.523,1.0
9.261293,0.5034064,-0.65168476,-0.523,1.0
9.238827,0.52054554,-0.725033,-0.523,0.9762968
9.216902,0.5399714,-0.79724437,-0.523,0.95259356
9.195724,0.56165737,-0.8682784,-0.523,0.92889035
9.17549,0.58555615,-0.93809503,-0.523,0.9016822
9.156307,0.6117178,-1.006466,-0.523,0.874474
9.138366,0.6400618,-1.0733409,-0.523,0.84726584
9.121843,0.6704897,-1.13867,-0.523,0.8094011
9.106731,0.7032563,-1.2017677,-0.523,0.7715364
9.093208,0.7382231,-1.2625436,-0.523,0.7336717
9.081423,0.7752365,-1.3209105,-0.523,0.690154
9.071449,0.81431484,-1.3764056,-0.523,0.64663625
9.063386,0.8552701,-1.428924,-0.523,0.60311854
9.057296,0.89791006,-1.478366,-0.523,0.5623901
9.053212,0.9419661,-1.5248442,-0.523,0.5216617
9.051129,0.98726195,-1.5682812,-0.523,0.48093325
9.051012,1.0336291,-1.6086051,-0.523,0.44278327
9.052798,1.0808517,-1.6459522,-0.523,0.4046333
9.056409,1.1287925,-1.680268,-0.523,0.36648336
9.061743,1.1773272,-1.7115029,-0.523,0.3354267
9.068669,1.2262244,-1.7401958,-0.523,0.30437005
9.077081,1.2754064,-1.7663189,-0.523,0.27331337
9.086864,1.3248055,-1.7898473,-0.523,0.24950056
9.0978775,1.3742751,-1.8113705,-0.523,0.22568774
9.110023,1.4237808,-1.8308764,-0.523,0.20187491
9.1231985,1.4732955,-1.8483537,-0.523,0.18257949
9.137291,1.5227578,-1.8641803,-0.523,0.16328408
9.152215,1.5721571,-1.8783501,-0.523,0.14398865
9.167884,1.6214873,-1.8908578,-0.523,0.133024
9.184194,1.6706927,-1.902419,-0.523,0.12205937
9.201095,1.7197752,-1.913032,-0.523,0.11109473
9.218537,1.7687384,-1.9226959,-0.51060593,0.099169545
9.236051,1.8164345,-1.9311215,-0.4982118,0.08724437
9.25355,1.8628789,-1.9383566,-0.48581773,0.075319186
9.270958,1.9080873,-1.9444494,-0.46570054,0.04690499
9.287938,1.9513963,-1.9480888,-0.44558337,0.018490786
9.304351,1.9928136,-1.9494618,-0.4254662,-0.009923416
9.320079,2.032344,-1.9487581,-0.40072688,-0.029014135
9.334861,2.069573,-1.9468206,-0.37598756,-0.048104852
9.348652,2.104504,-1.9438074,-0.35124826,-0.06719557
9.361423,2.1371398,-1.9398766,-0.3243936,-0.03617567
9.373118,2.1673748,-1.9379212,-0.29753897,-0.005155766
9.383798,2.1951456,-1.9376655,-0.27068433,0.025864135
9.393503,2.2204044,-1.9388322,-0.2548062,0.01476205
9.40267,2.2441761,-1.9394591,-0.23892805,0.0036599636
9.411281,2.2664635,-1.9396049,-0.22304991,-0.007442123
9.419321,2.2872682,-1.9393282,-0.20799264,-0.027088415
9.426811,2.3066638,-1.9383893,-0.19293539,-0.04673471
9.433737,2.3246486,-1.936887,-0.17787813,-0.066381
9.44009,2.341221,-1.9349204,-0.16222589,-0.08412947
9.4458475,2.3563266,-1.9326485,-0.14657365,-0.10187794
9.45101,2.3699636,-1.9301641,-0.13092141,-0.11962641
9.455581,2.3821318,-1.92756,-0.12410161,-0.12702064
9.45988,2.393667,-1.9249398,-0.11728182,-0.13441488
9.46391,2.404568,-1.9223202,-0.11046202,-0.14180912
9.467676,2.4148347,-1.9197183,-0.105249986,-0.14263344
9.471238,2.424625,-1.9172248,-0.10003795,-0.14345774
9.4746,2.4339378,-1.914841,-0.09482591,-0.14428206
9.477765,2.442772,-1.9125687,-0.09502214,-0.14877568
9.480914,2.4516256,-1.9102212,-0.09521837,-0.15326929
9.484047,2.460499,-1.9077984,-0.095414594,-0.15776291
9.487164,2.4693918,-1.9052999,-0.09082663,-0.16507563
9.490105,2.4778545,-1.9028124,-0.08623867,-0.17238836
9.492874,2.4858866,-1.9003469,-0.081650704,-0.17970107
9.495474,2.4934878,-1.8979146,-0.078789994,-0.18402056
9.497962,2.500823,-1.8955117,-0.075929284,-0.18834005
9.500342,2.507892,-1.8931423,-0.073068574,-0.19265954
9.502614,2.5146942,-1.8908106,-0.06843213,-0.20763184
9.504721,2.5210505,-1.8884594,-0.063795686,-0.22260413
9.506664,2.5269613,-1.8861121,-0.05915924,-0.23757643
9.508447,2.5324278,-1.8837916,-0.061444756,-0.2448468
9.5102825,2.5380993,-1.8813092,-0.06373027,-0.2521172
9.512168,2.5439756,-1.8786595,-0.06601579,-0.25938758
9.514102,2.5500565,-1.8758374,-0.062506385,-0.2677647
9.515912,2.555806,-1.8730812,-0.058996975,-0.27614182
9.517602,2.561225,-1.8704003,-0.05548757,-0.28451896
9.519174,2.5663133,-1.8678044,-0.055899736,-0.29341784
9.52074,2.57143,-1.8651098,-0.056311898,-0.3
9.522301,2.5765784,-1.8623363,-0.056724064,-0.3
9.523858,2.5817688,-1.8595425,-0.051575065,-0.3
9.525261,2.586492,-1.8570023,-0.04642606,-0.3
9.526513,2.5907469,-1.8547156,-0.041277062,-0.3
9.527617,2.5945323,-1.8526826,-0.04407146,-0.3
9.528789,2.5985765,-1.8505119,-0.046865854,-0.3
9.530025,2.6028798,-1.8482035,-0.04966025,-0.3
9.531324,2.6074426,-1.8457576,-0.04411992,-0.3
9.532469,2.611499,-1.8435845,-0.03857959,-0.3
9.533462,2.6150484,-1.8416845,-0.033039257,-0.3
9.534307,2.6180897,-1.8400571,-0.03482858,-0.3
9.535192,2.6212971,-1.8383417,-0.03661791,-0.3
9.536117,2.624671,-1.8365381,-0.038407233,-0.3
9.53708,2.6282113,-1.8346465,-0.03574162,-0.3
9.537971,2.6315076,-1.8328861,-0.03307601,-0.3
9.538789,2.6345596,-1.831257,-0.030410398,-0.3
9.539537,2.637367,-1.8297591,-0.02954153,-0.3
9.54026,2.640095,-1.828304,-0.028672662,-0.3
9.540957,2.6427438,-1.8268919,-0.027803795,-0.3
9.541631,2.6453135,-1.8255224,-0.026538024,-0.3
9.542269,2.6477668,-1.8242154,-0.025272254,-0.3
9.542874,2.6501043,-1.8229706,-0.024006484,-0.3
9.543447,2.6523252,-1.8217882,-0.02341931,-0.3
9.544003,2.6544924,-1.8206347,-0.022832135,-0.3
9.544541,2.6566057,-1.8195102,-0.02224496,-0.3
9.545065,2.6586657,-1.8184146,-0.021655267,-0.3
9.545572,2.6606712,-1.817348,-0.021065574,-0.3
9.546063,2.662623,-1.8163104,-0.020475881,-0.3
9.546538,2.6645203,-1.8153019,-0.019941943,-0.3
9.547,2.6663687,-1.8143197,-0.019408004,-0.3
9.547447,2.6681683,-1.8133638,-0.018874066,-0.3
9.54788,2.6699185,-1.8124342,-0.018377697,-0.3
9.5483,2.6716232,-1.811529,-0.017881328,-0.3
9.548707,2.6732821,-1.8106483,-0.017384958,-0.3
9.549102,2.6748955,-1.809792,-0.01692705,-0.3
9.549484,2.6764667,-1.8089583,-0.016469145,-0.3
9.549856,2.6779957,-1.8081472,-0.016011238,-0.3
9.550216,2.6794825,-1.8073585,-0.015595513,-0.3
9.550565,2.6809309,-1.8065904,-0.015179789,-0.3
9.550903,2.6823409,-1.8058428,-0.014764064,-0.3
9.551232,2.6837125,-1.8051156,-0.014405767,-0.3
9.551552,2.6850512,-1.804406,-0.014047471,-0.3
9.551862,2.6863568,-1.8037142,-0.013689174,-0.3
9.552164,2.6876292,-1.8030399,-0.013354456,-0.3
9.552458,2.6888707,-1.8023821,-0.013019738,-0.3
9.552743,2.6900814,-1.8017409,-0.0126850195,-0.3
9.5530205,2.691261,-1.8011161,-0.012393327,-0.3
9.55329,2.6924136,-1.8005058,-0.012101635,-0.3
9.553554,2.6935394,-1.7999097,-0.011809943,-0.3
9.55381,2.6946383,-1.799328,-0.011534262,-0.3
9.55406,2.6957114,-1.7987598,-0.011258582,-0.3
9.554303,2.6967592,-1.7982054,-0.0109829,-0.3
9.55454,2.6977813,-1.7976644,-0.010848357,-0.3
9.554772,2.6987913,-1.7971301,-0.010713814,-0.3
9.555002,2.6997886,-1.7966024,-0.010579271,-0.3
9.555228,2.7007737,-1.7960813,-0.010577289,-0.3
9.555454,2.7017586,-1.7955604,-0.010575308,-0.3
9.555679,2.7027435,-1.7950395,-0.010573327,-0.3
9.555904,2.7037284,-1.7945187,-0.010580022,-0.3
9.5561285,2.7047138,-1.7939976,-0.010586716,-0.3
9.556353,2.7057002,-1.7934762,-0.0105934115,-0.3
9.556576,2.7066872,-1.7929544,-0.0106003955,-0.3
9.556799,2.707675,-1.7924323,-0.01060738,-0.3
9.557021,2.7086637,-1.7919099,-0.010614364,-0.3
9.557244,2.709653,-1.7913871,-0.01059001,-0.3
9.557466,2.7106402,-1.7908655,-0.010565656,-0.3
9.557686,2.711625,-1.7903451,-0.010541301,-0.3
9.557905,2.712608,-1.7898259,-0.010422873,-0.3
9.558122,2.71358,-1.7893125,-0.0103044445,-0.3
9.558334,2.714541,-1.788805,-0.010186016,-0.3
9.558545,2.715491,-1.7883033,-0.010071661,-0.3
9.558753,2.7164307,-1.7878072,-0.009957306,-0.3
9.558958,2.7173595,-1.7873168,-0.009842951,-0.3
9.559159,2.718278,-1.786832,-0.00973607,-0.3
9.55936,2.7191865,-1.7863525,-0.009629189,-0.3
9.559556,2.7200851,-1.7858782,-0.009522309,-0.3
9.55975,2.7209737,-1.7854092,-0.009397454,-0.3
9.559941,2.7218509,-1.7849463,-0.009272599,-0.3
9.560129,2.7227166,-1.7844896,-0.009147744,-0.3
9.560315,2.7235706,-1.7840391,-0.009026504,-0.3
9.560497,2.7244134,-1.7835945,-0.008905265,-0.3
9.560677,2.725245,-1.7831559,-0.008784025,-0.3
9.560854,2.7260654,-1.7827232,-0.008667263,-0.3
9.5610285,2.7268748,-1.7822963,-0.008550501,-0.3
9.561199,2.7276735,-1.7818753,-0.00843374,-0.3
9.561368,2.7284613,-1.7814598,-0.008321348,-0.3
9.561535,2.7292387,-1.78105,-0.008208957,-0.3
9.561698,2.7300057,-1.7806456,-0.008096565,-0.3
9.561859,2.7307622,-1.7802469,-0.007988404,-0.3
9.562018,2.7315087,-1.7798535,-0.007880243,-0.3
9.562174,2.732245,-1.7794653,-0.0077720815,-0.3
9.562328,2.7329714,-1.7790825,-0.0076679904,-0.3
9.56248,2.733688,-1.7787048,-0.0075638993,-0.3
9.562629,2.7343953,-1.7783322,-0.007459808,-0.3
9.562776,2.7350926,-1.7779648,-0.00733,-0.3
9.56292,2.7357779,-1.7776039,-0.0072001917,-0.3
9.563061,2.7364511,-1.7772492,-0.0070703835,-0.3
9.563199,2.7371123,-1.7769009,-0.006936931,-0.3
9.563334,2.7377608,-1.7765592,-0.0068034786,-0.3
9.563468,2.7383971,-1.7762241,-0.006670026,-0.3
9.563598,2.739021,-1.7758957,-0.0065414305,-0.3
9.5637245,2.7396328,-1.7755735,-0.006412835,-0.3
9.563849,2.7402327,-1.7752576,-0.006284239,-0.3
9.5639715,2.7408204,-1.7749481,-0.0061622052,-0.3
9.564091,2.741397,-1.7746446,-0.006040172,-0.3
9.564208,2.741962,-1.7743471,-0.0059181387,-0.3
9.5643215,2.7425158,-1.7740556,-0.0058029327,-0.3
9.564434,2.7430587,-1.7737697,-0.005687726,-0.3
9.564544,2.7435908,-1.7734896,-0.00557252,-0.3
9.564651,2.7441125,-1.7732152,-0.0054638297,-0.3
9.564755,2.7446237,-1.7729461,-0.0053551393,-0.3
9.564858,2.7451248,-1.7726823,-0.0052464493,-0.3
9.564959,2.745616,-1.7724239,-0.0051439246,-0.3
9.565057,2.7460973,-1.7721705,-0.0050413995,-0.3
9.565153,2.7465694,-1.7719222,-0.004938875,-0.3
9.565248,2.7470317,-1.771679,-0.0048421724,-0.3
9.56534,2.747485,-1.7714405,-0.00474547,-0.3
9.565431,2.747929,-1.7712067,-0.0046487674,-0.3
9.565518,2.7483644,-1.7709779,-0.0045577115,-0.3
9.565605,2.748791,-1.7707533,-0.004466656,-0.3
9.56569,2.7492094,-1.7705333,-0.0043756003,-0.3
9.565773,2.749619,-1.7703178,-0.0042897696,-0.3
9.565854,2.7500207,-1.7701066,-0.004203939,-0.3
9.565934,2.7504144,-1.7698995,-0.004118108,-0.3
9.566011,2.7508,-1.7696966,-0.004037259,-0.3
9.566088,2.751178,-1.7694978,-0.0039564106,-0.3
9.566162,2.7515485,-1.769303,-0.0038755615,-0.3
9.566236,2.7519116,-1.769112,-0.0037993044,-0.3
9.566307,2.7522674,-1.768925,-0.0037230474,-0.3
9.566377,2.7526162,-1.7687415,-0.0036467905,-0.3
9.566445,2.7529578,-1.768562,-0.0035750181,-0.3
9.566512,2.7532926,-1.7683859,-0.0035032458,-0.3
9.566578,2.7536209,-1.7682133,-0.0034314734,-0.3
9.566643,2.7539423,-1.7680442,-0.003363853,-0.3
9.566706,2.7542574,-1.7678785,-0.003296233,-0.3
9.566767,2.7545662,-1.7677163,-0.0032286127,-0.3
9.566828,2.7548687,-1.7675573,-0.0031649335,-0.3
9.566887,2.755165,-1.7674013,-0.003101254,-0.3
9.566944,2.7554557,-1.7672486,-0.003037575,-0.3
9.567001,2.7557404,-1.767099,-0.0029776294,-0.3
9.567057,2.7560194,-1.7669523,-0.002917684,-0.3
9.567111,2.7562928,-1.7668086,-0.0028577382,-0.3
9.567164,2.7565606,-1.7666678,-0.0028013224,-0.3
9.567216,2.756823,-1.7665299,-0.0027449066,-0.3
9.567267,2.7570803,-1.7663947,-0.0026884908,-0.3
9.567317,2.7573323,-1.7662623,-0.0026353723,-0.3
9.567366,2.757579,-1.7661325,-0.002582254,-0.3
9.567414,2.757821,-1.7660053,-0.0025291354,-0.3
9.567461,2.7580583,-1.7658807,-0.0024791462,-0.3
9.567507,2.7582905,-1.7657586,-0.002429157,-0.3
9.567552,2.7585182,-1.765639,-0.0023791678,-0.3
9.5675955,2.7587411,-1.7655218,-0.002339235,-0.3
9.567639,2.7589605,-1.7654066,-0.0022993023,-0.3
9.567681,2.759176,-1.7652934,-0.0022593697,-0.3
9.567723,2.7593877,-1.765182,-0.002222677,-0.3
9.567764,2.759596,-1.7650726,-0.0021859843,-0.3
9.567804,2.759801,-1.7649649,-0.0021492918,-0.3
