-7.091598,-3.3721564,-2.6228662,-0.23018408,0.0
-7.071608,-3.3607445,-2.6228662,-0.20047285,0.07740307
-7.05425,-3.3508353,-2.6254497,-0.17076162,0.15480614
-7.039576,-3.3425083,-2.629838,-0.14105038,0.2322092
-7.027608,-3.3357866,-2.635248,-0.11118151,0.31698388
-7.018369,-3.330663,-2.6410239,-0.08131264,0.40175855
-7.0118036,-3.3270714,-2.6463232,-0.051443774,0.48653322
-7.0078025,-3.3249102,-2.6503322,-0.021555223,0.5547086
-7.006187,-3.3240457,-2.6522243,0.008333326,0.622884
-7.0067844,-3.324364,-2.6514142,0.038221877,0.6910594
-7.0093827,-3.3257504,-2.647354,0.06813347,0.7183243
-7.013899,-3.328184,-2.6398804,0.09804507,0.7455892
-7.0202146,-3.331648,-2.628795,0.12795667,0.7728541
-7.028197,-3.3361425,-2.6139054,0.15785845,0.758963
-7.038092,-3.3419096,-2.5957997,0.18776022,0.7450718
-7.049888,-3.349074,-2.574582,0.21766199,0.7311807
-7.0635552,-3.3577764,-2.550358,0.24744976,0.78227895
-7.078128,-3.3675594,-2.521287,0.2772375,0.8333772
-7.0932956,-3.378395,-2.4870849,0.30702528,0.88447547
-7.1087313,-3.3902395,-2.4475,0.33662271,0.8738876
-7.1253386,-3.4040606,-2.4044778,0.36622018,0.8632997
-7.1429615,-3.4200592,-2.3580906,0.39581764,0.85271186
-7.1614113,-3.4384391,-2.308411,0.42460993,0.882688
-7.179547,-3.458396,-2.253746,0.45340225,0.9126642
-7.1970477,-3.479908,-2.1939623,0.48219454,0.9426403
-7.213585,-3.502918,-2.1289372,0.5090635,0.8724752
-7.230919,-3.5306804,-2.0639534,0.523,0.80231017
-7.248128,-3.5627,-2.001284,0.523,0.7321451
-7.2643604,-3.5980487,-1.9430158,0.523,0.7913035
-7.2777305,-3.632294,-1.8810167,0.523,0.85046196
-7.288262,-3.665146,-1.8155036,0.523,0.9096204
-7.2960424,-3.696304,-1.7467054,0.523,0.8311303
-7.3022118,-3.7310123,-1.682316,0.523,0.7526403
-7.30646,-3.7689483,-1.6227316,0.523,0.6741502
-7.308581,-3.809752,-1.5683192,0.523,0.70772135
-7.308482,-3.8494916,-1.5116519,0.523,0.7412925
-7.306202,-3.8880005,-1.4527932,0.523,0.7748636
-7.3018026,-3.9251099,-1.3918098,0.523,0.7143134
-7.294768,-3.9639935,-1.334707,0.523,0.65376323
-7.285057,-4.004358,-1.2816942,0.523,0.5932131
-7.272694,-4.0459223,-1.2329656,0.523,0.6056769
-7.2584434,-4.0864887,-1.18334,0.523,0.6181407
-7.242339,-4.125952,-1.1328251,0.523,0.63060457
-7.2244244,-4.164206,-1.0814288,0.523,0.5957794
-7.204076,-4.2024145,-1.0325148,0.523,0.5609543
-7.1813726,-4.240437,-0.98614264,0.523,0.5261291
-7.156411,-4.278152,-0.94236845,0.523,0.536225
-7.129981,-4.314522,-0.89783543,0.523,0.5463209
-7.102127,-4.3494663,-0.85254824,0.523,0.5564168
-7.072902,-4.382906,-0.80651146,0.523,0.52287424
-7.041545,-4.4156156,-0.7629828,0.523,0.48933166
-7.0081797,-4.4475174,-0.7220113,0.523,0.4557891
-6.9729366,-4.478554,-0.6836431,0.523,0.45267928
-6.936474,-4.5082603,-0.6455184,0.523,0.44956943
-6.898848,-4.536598,-0.60763776,0.523,0.44645962
-6.860119,-4.563531,-0.57000136,0.523,0.4302256
-6.8201,-4.589182,-0.5336462,0.523,0.41399163
-6.778876,-4.6135383,-0.49858198,0.523,0.39775762
-6.7365284,-4.636595,-0.4648178,0.523,0.39693943
-6.6934123,-4.658216,-0.43111938,0.523,0.39612123
-6.649577,-4.678379,-0.39748675,0.523,0.39530304
-6.6050735,-4.697063,-0.3639199,0.523,0.38442713
-6.559766,-4.71432,-0.33122998,0.523,0.37355122
-6.5137196,-4.7301555,-0.29942077,0.523,0.3626753
-6.466997,-4.744579,-0.26849607,0.523,0.3571902
-6.4197536,-4.7575774,-0.23801883,0.523,0.35170507
-6.3720393,-4.7691536,-0.20798999,0.523,0.34621996
-6.323903,-4.7793126,-0.17841047,0.523,0.33889085
-6.2753606,-4.788066,-0.14943267,0.523,0.3315617
-6.2264605,-4.7954283,-0.12105817,0.523,0.3242326
-6.177248,-4.801415,-0.09328849,0.523,0.3171797
-6.127773,-4.806044,-0.06610223,0.523,0.31012684
-6.078077,-4.809334,-0.039500758,0.523,0.30307394
-6.028199,-4.811305,-0.013485393,0.523,0.29489985
-5.978162,-4.81198,0.011849078,0.523,0.28672576
-5.9280005,-4.811385,0.03650096,0.523,0.27855167
-5.87775,-4.8095503,0.060468607,0.523,0.27099726
-5.8274508,-4.806505,0.08380246,0.523,0.2634428
-5.777132,-4.8022785,0.1065012,0.523,0.25588837
-5.726822,-4.7969,0.12856351,0.523,0.25379422
-5.6766148,-4.7904096,0.15044919,0.523,0.25170007
-5.626535,-4.7828174,0.1721581,0.523,0.24960594
-5.576605,-4.7741356,0.19369021,0.523,0.24001457
-5.5267544,-4.7643576,0.21441118,0.523,0.23042318
-5.477002,-4.753524,0.23431915,0.523,0.22083181
-5.4273667,-4.7416754,0.25341225,0.5224438,0.21555103
-5.3779616,-4.7288804,0.27203614,0.5218876,0.21027026
-5.3287992,-4.7151666,0.29019123,0.52133137,0.2049895
-5.2798915,-4.7005615,0.307878,0.51636016,0.1979565
-5.2316446,-4.68522,0.32480308,0.5113889,0.19092351
-5.18406,-4.6691966,0.3409771,0.5064177,0.18389054
-5.137139,-4.6525474,0.35641068,0.5029141,0.1743384
-5.090722,-4.635266,0.37094963,0.4994105,0.16478625
-5.0448084,-4.6174073,0.38460365,0.49590695,0.15523411
-4.9993935,-4.5990252,0.39738244,0.49208558,0.14717114
-4.9545097,-4.580187,0.40940905,0.48826423,0.13910818
-4.910151,-4.5609384,0.42069283,0.4844429,0.1310452
-4.86631,-4.541324,0.43124324,0.4809081,0.11972953
-4.822935,-4.5213656,0.44081682,0.47737333,0.108413845
-4.7800145,-4.5011168,0.44942558,0.47383854,0.097098164
-4.737537,-4.480628,0.45708168,0.46949103,0.07971333
-4.6955414,-4.459974,0.4633125,0.46514353,0.062328488
-4.6540117,-4.439226,0.46814132,0.46079603,0.04494365
-4.6129313,-4.4184546,0.4715918,0.4570573,0.0284769
-4.572231,-4.397699,0.47376078,0.4533186,0.0120101515
-4.5318947,-4.3770185,0.47466817,0.44957986,-0.0044565974
-4.4919076,-4.3564706,0.47433424,0.44491643,-0.014241928
-4.452332,-4.3361516,0.4732782,0.44025302,-0.024027258
-4.4131575,-4.31609,0.47151536,0.43558958,-0.03381259
-4.374374,-4.2963157,0.46906108,0.42475533,-0.04291466
-4.3365207,-4.277132,0.46602398,0.4139211,-0.052016728
-4.2995925,-4.2585583,0.46243712,0.40308687,-0.0611188
-4.263585,-4.2406087,0.45833364,0.38817883,-0.07396071
-4.2288685,-4.2234807,0.45355302,0.37327078,-0.08680262
-4.1954417,-4.207187,0.44815964,0.35836276,-0.09964453
-4.163305,-4.1917357,0.442218,0.3419809,-0.12025059
-4.1326194,-4.1772065,0.4353806,0.325599,-0.14085665
-4.1033893,-4.1636105,0.42776206,0.30921715,-0.16146271
-4.0756197,-4.15095,0.419477,0.29731205,-0.16201419
-4.048822,-4.1389995,0.41148394,0.28540692,-0.16256565
-4.0230083,-4.127734,0.40378508,0.2735018,-0.16311713
-3.9981916,-4.117131,0.3963825,0.26692274,-0.15366885
-3.973859,-4.106947,0.38957313,0.26034367,-0.14422058
-3.9500256,-4.0971622,0.38333696,0.2537646,-0.1347723
-3.9267042,-4.0877566,0.37765414,0.24865884,-0.13468169
-3.9038,-4.078671,0.37208936,0.24355306,-0.13459107
-3.8813164,-4.069896,0.3666425,0.23844728,-0.13450046
-3.8592575,-4.0614257,0.36131337,0.23302889,-0.12390734
-3.8376265,-4.053251,0.35651335,0.2276105,-0.113314226
-3.8164334,-4.045358,0.35222396,0.22219212,-0.10272111
-3.7956882,-4.037733,0.34842667,0.21928981,-0.08731318
-3.7751553,-4.030275,0.34523958,0.21638751,-0.07190525
-3.754846,-4.0229707,0.3426486,0.2134852,-0.056497317
-3.7347705,-4.0158095,0.34063944,0.21085028,-0.030109007
-3.7149062,-4.008768,0.33958152,0.20821536,-0.0037206947
-3.6952739,-4.001833,0.3394524,0.20558044,0.022667617
-3.6758938,-3.9949894,0.340229,0.20025173,0.05834257
-3.6570487,-3.9883182,0.3421751,0.19492301,0.09401752
-3.6387675,-3.9818068,0.34522495,0.1895943,0.12969248
