-5.3763905,3.8513477,-2.286926,0.5722314,0.0
-5.4139557,3.8081813,-2.286926,0.523,0.004379654
-5.4482884,3.768729,-2.286544,0.493,0.008759308
-5.480637,3.7315285,-2.2858245,0.463,0.013138962
-5.5109906,3.6965716,-2.2848105,0.43300003,0.0008479357
-5.5393467,3.6638482,-2.2847495,0.40300003,-0.011443091
-5.5657344,3.633392,-2.285518,0.37300003,-0.023734117
-5.590174,3.6052284,-2.2869933,0.34300005,-0.03253896
-5.612681,3.5793693,-2.2888532,0.31300005,-0.04134381
-5.6332564,3.5558178,-2.2910092,0.28300005,-0.050148655
-5.651898,3.5345724,-2.2933736,0.25300008,-0.042389084
-5.6686144,3.515612,-2.2951605,0.22300008,-0.034629513
-5.683383,3.498921,-2.2964473,0.1930001,-0.026869942
-5.696186,3.4844885,-2.2973115,0.16300012,-0.008135676
-5.707013,3.4723046,-2.2975326,0.13300015,0.010598588
-5.71585,3.4623656,-2.2972977,0.103000194,0.029332852
-5.7226887,3.4546695,-2.2967942,0.07300032,0.027941179
-5.7275333,3.4492126,-2.2964542,0.04300044,0.026549507
-5.730386,3.4459968,-2.296264,0.013000564,0.025157833
-5.731248,3.4450245,-2.2962096,-0.01699933,0.03203703
-5.7301207,3.4462957,-2.2963002,-0.046999224,0.03891623
-5.727005,3.4498093,-2.296605,-0.07699912,0.04579543
-5.7218995,3.4555626,-2.2971926,-0.10699896,0.018121403
-5.714794,3.4635603,-2.2975156,-0.13699879,-0.009552622
-5.705692,3.4737985,-2.2972975,-0.16699862,-0.037226647
-5.6946063,3.486273,-2.2962615,-0.1969977,-0.0658505
-5.6815643,3.5009804,-2.2941012,-0.22699678,-0.094474345
-5.6666074,3.5179207,-2.290532,-0.25699586,-0.123098195
-5.6497946,3.5370998,-2.2852728,-0.28699028,-0.10453913
-5.631093,3.558662,-2.2802818,-0.3169847,-0.08598007
-5.6105194,3.5826225,-2.275745,-0.34697914,-0.067421004
-5.5880866,3.60899,-2.271849,-0.3769348,-0.062197912
-5.5638204,3.6377382,-2.267944,-0.40689045,-0.056974817
-5.5377393,3.668883,-2.2640824,-0.4368461,-0.05175172
-5.509859,3.702438,-2.2603161,-0.46654856,-0.057801016
-5.4802284,3.7383747,-2.255824,-0.49625102,-0.063850306
-5.448895,3.776726,-2.2505467,-0.523,-0.0698996
-5.4160995,3.817302,-2.2444587,-0.523,-0.11551725
-5.3836894,3.8579042,-2.234412,-0.523,-0.1611349
-5.3518915,3.8985708,-2.220427,-0.523,-0.20675255
-5.3209295,3.9393308,-2.2025332,-0.523,-0.19433247
-5.290625,3.9807427,-2.1857004,-0.523,-0.18191236
-5.260952,4.022758,-2.169931,-0.523,-0.16949227
-5.231881,4.0653296,-2.1552274,-0.523,-0.17788334
-5.203481,4.1082606,-2.1398036,-0.523,-0.18627441
-5.17579,4.151558,-2.1236606,-0.523,-0.19466546
-5.1488442,4.1952257,-2.1067991,-0.523,-0.1968782
-5.1226506,4.2393227,-2.0897486,-0.523,-0.19909093
-5.0972238,4.2838397,-2.0725088,-0.523,-0.20130365
-5.072579,4.3287683,-2.0550802,-0.523,-0.20648125
-5.0487466,4.374071,-2.0372095,-0.523,-0.21165885
-5.025753,4.419742,-2.0188973,-0.523,-0.21683645
-5.0036244,4.465775,-2.0001442,-0.523,-0.22146727
-4.9823847,4.5121665,-1.9809971,-0.523,-0.22609809
-4.962059,4.558907,-1.9614563,-0.523,-0.23072891
-4.942671,4.605985,-1.9415224,-0.523,-0.23749435
-4.924255,4.6533637,-1.9210149,-0.523,-0.24425979
-4.906843,4.701031,-1.8999346,-0.523,-0.25102523
-4.890468,4.7489724,-1.8782827,-0.523,-0.25630987
-4.875156,4.797191,-1.8561848,-0.523,-0.26159453
-4.860933,4.8456683,-1.8336416,-0.523,-0.2668792
-4.847825,4.894384,-1.8106539,-0.523,-0.27536365
-4.8358684,4.943273,-1.7869536,-0.523,-0.2838481
-4.8251,4.9923115,-1.7625424,-0.523,-0.29233256
-4.815556,5.041475,-1.7374221,-0.523,-0.3
-4.807269,5.090747,-1.7116625,-0.523,-0.3
-4.800254,5.1402164,-1.6859031,-0.523,-0.3
-4.7945156,5.18985,-1.6601436,-0.523,-0.3
-4.790057,5.2396145,-1.634384,-0.523,-0.3
-4.7868824,5.289478,-1.6086246,-0.523,-0.3
-4.7849927,5.339406,-1.582865,-0.523,-0.3
-4.7843895,5.3893666,-1.5571055,-0.523,-0.3
-4.7850738,5.439326,-1.531346,-0.523,-0.3
-4.7870445,5.489251,-1.5055865,-0.523,-0.3
-4.7903004,5.539109,-1.4798269,-0.523,-0.3
-4.794839,5.5888667,-1.4540675,-0.523,-0.3
-4.800658,5.6384907,-1.428308,-0.523,-0.3
-4.8077536,5.687948,-1.4025484,-0.523,-0.3
-4.81612,5.737207,-1.376789,-0.523,-0.3
-4.8257527,5.786234,-1.3510294,-0.523,-0.3
-4.836645,5.834996,-1.3252699,-0.523,-0.3
-4.8487897,5.883462,-1.2995104,-0.523,-0.3
-4.862179,5.9315987,-1.2737509,-0.523,-0.3
-4.876803,5.9793744,-1.2479913,-0.523,-0.3
-4.892653,6.0267577,-1.2222319,-0.523,-0.3
-4.909718,6.073717,-1.1964724,-0.523,-0.3
-4.927987,6.1202216,-1.1707128,-0.523,-0.3
-4.947448,6.16624,-1.1449534,-0.523,-0.3
-4.9680877,6.211742,-1.1191938,-0.523,-0.3
-4.9898925,6.256697,-1.0934343,-0.523,-0.3
-5.012848,6.3010755,-1.0676748,-0.523,-0.3
-5.0369387,6.344848,-1.0419153,-0.523,-0.3
-5.0621486,6.3879857,-1.0161558,-0.523,-0.3
-5.088462,6.43046,-0.99039626,-0.523,-0.3
-5.11586,6.472242,-0.96463674,-0.5225815,-0.3
-5.1443024,6.513272,-0.93889785,-0.52216303,-0.3
-5.173768,6.5535235,-0.9131796,-0.52174455,-0.3
-5.204234,6.5929728,-0.88748187,-0.5134678,-0.3
-5.235205,6.631013,-0.86219186,-0.505191,-0.3
-5.266613,6.6676574,-0.83730954,-0.49691427,-0.3
-5.298394,6.702922,-0.8128348,-0.479585,-0.28779957
-5.3300066,6.7363186,-0.790147,-0.46225575,-0.27559915
-5.36131,6.7679205,-0.7691819,-0.44492647,-0.2633987
-5.3921747,6.7978,-0.7498748,-0.42623228,-0.20656586
-5.422702,6.8262324,-0.7353048,-0.4075381,-0.14973299
-5.452588,6.8532643,-0.7251724,-0.38884386,-0.092900135
-5.481563,6.878944,-0.71916044,-0.37173513,-0.031031037
-5.509517,6.9034204,-0.7172382,-0.35462636,0.030838061
-5.53623,6.926719,-0.7190606,-0.33751762,0.09270716
-5.561517,6.948855,-0.72426814,-0.32258213,0.15528247
-5.5853868,6.9699717,-0.7325832,-0.30764666,0.21785776
-5.6077185,6.990061,-0.7436656,-0.2927112,0.28043306
-5.62842,7.009103,-0.75716794,-0.27164316,0.3588342
-5.646905,7.0265727,-0.77306736,-0.2505751,0.43723536
-5.663153,7.042425,-0.79075116,-0.22950706,0.5156365
-5.677196,7.0566187,-0.80961233,-0.20661467,0.573765
-5.6891656,7.069183,-0.82830405,-0.1837223,0.63189346
-5.699189,7.0801053,-0.84639066,-0.16082993,0.690022
-5.707409,7.0893946,-0.8634535,-0.13516283,0.6973013
-5.714142,7.09727,-0.8779193,-0.10949572,0.70458066
-5.7194705,7.1036887,-0.8897397,-0.08382862,0.71186
-5.723467,7.1086197,-0.8988664,-0.054984864,0.7563928
-5.725956,7.1117496,-0.9051558,-0.026141101,0.80092555
-5.72708,7.1131806,-0.908284,0.0027026583,0.8454583
-5.7269697,7.113039,-0.90794694,0.032415923,0.85072803
-5.725654,7.1113544,-0.9038854,0.06212919,0.8559977
-5.723135,7.1081543,-0.8960652,0.09184245,0.8612674
-5.7193975,7.1034822,-0.8844522,0.12167711,0.885385
-5.7145166,7.097524,-0.86875266,0.15151176,0.9095025
-5.7085075,7.09042,-0.84882385,0.18134642,0.9336201
-5.701378,7.0823226,-0.82453007,0.2110154,0.9323143
-5.6928396,7.073089,-0.79628915,0.24068439,0.93100846
-5.6827903,7.062818,-0.7641087,0.27035338,0.92970264
-5.6711164,7.051631,-0.72799665,0.2996861,0.92625314
-5.6576743,7.03965,-0.68806976,0.32901883,0.92280364
-5.642334,7.0270386,-0.6443488,0.35835156,0.9193541
-5.6249623,7.013987,-0.5968547,0.3860192,0.90651447
-5.605279,7.0006113,-0.54619867,0.4136868,0.8936748
-5.5831304,6.987148,-0.49246216,0.44135445,0.8808351
-5.5583763,6.9738655,-0.4357282,0.45988142,0.86787057
-5.531425,6.961318,-0.37725013,0.47840843,0.854906
-5.5022354,6.9497523,-0.31708953,0.4969354,0.8419415
-5.4707885,6.9394326,-0.25530908,0.50310653,0.78262854
-5.4362717,6.9304233,-0.19618183,0.5092777,0.7233156
-5.3988276,6.9229817,-0.14000225,0.5154488,0.66400266
-5.3586316,6.9173174,-0.087059304,0.523,0.6084573
-5.3158803,6.913586,-0.037234634,0.523,0.552912
-5.271404,6.911929,0.008542474,0.523,0.4973667
-5.225442,6.9123216,0.050130818,0.523,0.45193532
-5.178452,6.9146795,0.08819714,0.523,0.40650392
-5.1306005,6.9189105,0.122662894,0.523,0.36107254
-5.082041,6.924897,0.15345694,0.523,0.34671402
-5.0334306,6.932416,0.18307698,0.523,0.3323555
-4.984819,6.9414163,0.2115169,0.523,0.317997
-4.9362483,6.9518456,0.23877083,0.523,0.28438744
-4.887473,6.9637184,0.26322713,0.523,0.25077787
-4.8385544,6.976901,0.2848582,0.523,0.21716829
-4.789541,6.9912534,0.3036396,0.523,0.18454324
-4.740481,7.006625,0.31963447,0.523,0.15191817
-4.6914015,7.0228696,0.33282578,0.523,0.11929312
-4.642323,7.0398355,0.34319952,0.523,0.08956666
-4.5932703,7.057364,0.35099632,0.523,0.05984021
-4.544247,7.075314,0.35620928,0.523,0.030113751
-4.495252,7.093544,0.3588338,0.523,-0.01154154
-4.4462867,7.11191,0.35782778,0.523,-0.05319683
-4.3973684,7.1302013,0.35319299,0.523,-0.09485212
-4.3485174,7.1482105,0.34493744,0.523,-0.15795383
-4.299911,7.165675,0.3312263,0.523,-0.22105554
-4.251657,7.182269,0.31211418,0.523,-0.28415725
-4.20388,7.1976852,0.2876771,0.523,-0.3
-4.155969,7.211861,0.26191762,0.523,-0.3
-4.107709,7.2247987,0.2361581,0.523,-0.3
-4.0591316,7.2364883,0.21039858,0.523,-0.3
-4.0102696,7.2469234,0.18463908,0.523,-0.3
-3.9611547,7.2560964,0.15887956,0.523,-0.3
-3.91182,7.2640014,0.13312006,0.523,-0.3
-3.8622978,7.270633,0.10736054,0.523,-0.3
-3.8126214,7.2759867,0.08160103,0.523,-0.3
-3.7628236,7.2800593,0.05584152,0.523,-0.3
-3.7129374,7.2828484,0.030082008,0.523,-0.3
-3.6629958,7.284351,0.0043224967,0.523,-0.3
-3.613032,7.284567,-0.021437015,0.51119894,-0.3
-3.5642066,7.28352,-0.046615284,0.49939787,-0.3
-3.516549,7.2812967,-0.071212314,0.4875968,-0.3
-3.4700854,7.2779827,-0.0952281,0.45789352,-0.3
-3.4265394,7.2738233,-0.117780894,0.42819023,-0.3
-3.3859162,7.2690163,-0.1388707,0.39848694,-0.3
-3.3482137,7.2637467,-0.15849753,0.36850578,-0.3
-3.3134503,7.25819,-0.17664768,0.3385246,-0.3
-3.281613,7.2525067,-0.19332115,0.30854344,-0.3
-3.252686,7.246844,-0.20851795,0.27854788,-0.26175776
-3.2263627,7.241274,-0.22053167,0.24855232,-0.22351551
-3.2027128,7.2359724,-0.22971399,0.21855676,-0.18527326
-3.1817954,7.231081,-0.23642424,0.18855934,-0.16677417
-3.1637185,7.2267256,-0.2416411,0.15856192,-0.14827506
-3.1484919,7.222973,-0.24554522,0.12856449,-0.12977597
-3.1361258,7.219874,-0.2483182,0.09856653,-0.13894124
-3.1266637,7.217475,-0.25059333,0.06856859,-0.14810652
-3.1200936,7.215793,-0.25227973,0.03857063,-0.15727179
-3.1164048,7.2148423,-0.2532866,0.008571669,-0.16056941
-3.1155856,7.21463,-0.253515,-0.021427294,-0.16386704
-3.1176322,7.2151604,-0.2529324,-0.051426258,-0.16716467
-3.1225417,7.216429,-0.2515063,-0.08142561,-0.15461823
-3.130334,7.2184315,-0.24941634,-0.11142495,-0.14207178
-3.141023,7.221154,-0.24678682,-0.1414243,-0.12952533
-3.154622,7.2245803,-0.24374233,-0.171422,-0.10904737
-3.1711588,7.2286925,-0.24063298,-0.20141973,-0.08856939
-3.1906435,7.233474,-0.2376636,-0.23141743,-0.068091415
-3.2130828,7.2389097,-0.23503937,-0.2613952,-0.0740756
-3.2384338,7.2449803,-0.23181516,-0.29137293,-0.08005979
-3.266701,7.251653,-0.22793144,-0.32135066,-0.086043976
-3.297889,7.2588873,-0.22332874,-0.35077113,-0.042612363
-3.332064,7.2666492,-0.2208383,-0.3801916,0.0008192539
-3.3691597,7.274977,-0.22089021,-0.40961206,0.04425087
-3.4090867,7.283943,-0.22391017,-0.43083844,0.06458132
-3.4510074,7.2934895,-0.2285443,-0.45206484,0.08491178
-3.4948797,7.3036947,-0.23493421,-0.47329125,0.10524223
-3.5406542,7.314651,-0.24322061,-0.4614027,0.1712633
-3.5847812,7.3256,-0.25632656,-0.44951418,0.23728439
-3.6270456,7.3366776,-0.2739373,-0.43762565,0.30330548
-3.6672533,7.3479757,-0.29572207,-0.4200501,0.33251387
-3.705234,7.3595467,-0.3185742,-0.40247458,0.36172223
-3.7409828,7.371337,-0.3423125,-0.38489905,0.3909306
-3.7745042,7.383282,-0.36675674,-0.36574364,0.39635527
-3.8059993,7.3953805,-0.39028984,-0.3465882,0.40177995
-3.8354993,7.4075165,-0.41287914,-0.32743278,0.40720463
-3.8630388,7.4195805,-0.4344921,-0.30288178,0.38447788
-3.888507,7.4313993,-0.453426,-0.27833077,0.36175114
-3.9119081,7.442803,-0.46984348,-0.25377977,0.3390244
-3.933248,7.4536386,-0.48390993,-0.23099853,0.3474219
-3.952474,7.4637437,-0.49701816,-0.20821731,0.35581943
-3.96963,7.4730496,-0.5091072,-0.18543608,0.36421695
-3.9847598,7.481495,-0.52011645,-0.17190155,0.40158334
-3.99849,7.4893584,-0.53131515,-0.15836702,0.43894973
-4.010849,7.4966216,-0.54253256,-0.14483249,0.47631612
-4.021872,7.503267,-0.5536004,-0.12390359,0.54702187
-4.030874,7.5088305,-0.56434166,-0.10297469,0.6177276
-4.0379667,7.5133204,-0.57428193,-0.08204579,0.6884333
-4.0432863,7.5167623,-0.58296955,-0.053403746,0.78400964
-4.046443,7.518844,-0.5892545,-0.024761701,0.879586
-4.0477552,7.5197215,-0.5924342,0.0038803455,0.9751623
-4.0475745,7.5196,-0.59189886,0.033541147,1.0
-4.0460706,7.5185885,-0.5871949,0.06320195,1.0
-4.043228,7.516697,-0.5783311,0.09286275,1.0
-4.0390263,7.513954,-0.56530756,0.122754246,1.0
-4.033426,7.5104012,-0.5480919,0.15264575,1.0
-4.0263863,7.506104,-0.52668405,0.18253726,1.0
-4.0178604,7.5011463,-0.5010841,0.21244901,1.0
-4.007793,7.495632,-0.47128916,0.24236079,1.0
-3.9961257,7.4896865,-0.43729922,0.27227253,1.0
-3.982799,7.4834566,-0.3991143,0.30225298,1.0
-3.9677517,7.4771104,-0.3567248,0.33223343,1.0
-3.9509313,7.470842,-0.31013066,0.36221385,1.0
-3.9322944,7.4648695,-0.2593319,0.39220077,0.929731
-3.9096231,7.4588547,-0.20694311,0.4221877,0.859462
-3.882649,7.4531913,-0.1536425,0.4521746,0.78919303
-3.8511722,7.4483166,-0.100151375,0.4820857,0.69990766
-3.8144822,7.4446297,-0.048395697,0.5119968,0.6106223
-3.7725837,7.4426007,0.00053220126,0.523,0.5213369
-3.7272315,7.4426246,0.043944675,0.523,0.42456162
-3.6796207,7.4447184,0.07985049,0.523,0.32778636
-3.6302633,7.448668,0.10791363,0.523,0.23101106
-3.5796487,7.454151,0.12787147,0.523,0.15056528
-3.5283625,7.4607453,0.14094621,0.523,0.0701195
-3.4767084,7.4680743,0.14705329,0.523,-0.010326284
-3.4249756,7.475737,0.1461532,0.49409857,-0.008368665
-3.3760943,7.4829326,0.14546405,0.46519712,-0.006411046
-3.330067,7.4896755,0.14496697,0.4362957,-0.0044534267
-3.2868953,7.4959784,0.14464314,0.4064214,0.029676288
-3.2466953,7.501834,0.14665303,0.3765471,0.063806005
-3.2095206,7.507325,0.15065464,0.34667283,0.09793572
-3.1754103,7.512503,0.15630421,0.31688914,0.077019416
-3.1442003,7.5174212,0.16036795,0.28710544,0.056103118
-3.115903,7.521999,0.16305113,0.25732175,0.035186816
-3.0905278,7.526173,0.16455989,0.22754331,0.01370132
-3.0680828,7.5299006,0.16507947,0.19776487,-0.0077841757
-3.0485759,7.53315,0.1648229,0.16798644,-0.029269671
-3.032012,7.5359054,0.16400354,0.13809256,-0.04356282
-3.018401,7.538158,0.16300124,0.1081987,-0.057855964
-3.0077424,7.539911,0.16195849,0.078304835,-0.07214911
-3.0000343,7.54117,0.1610177,0.04834498,-0.10500689
-2.9952888,7.541941,0.16017316,0.018385122,-0.13786466
-2.993491,7.5422316,0.15975206,-0.011574735,-0.17072244
-2.9946172,7.54205,0.1600798,-0.041566834,-0.1605413
-2.998668,7.541396,0.16118723,-0.07155893,-0.15036015
-3.0056512,7.5402603,0.16297375,-0.101551026,-0.14017901
-3.0155735,7.538629,0.16533855,-0.13153785,-0.11414464
-3.0284636,7.536478,0.1678355,-0.16152467,-0.08811025
-3.0443273,7.53379,0.17020443,-0.1915115,-0.062075876
-3.0631654,7.530553,0.17218453,-0.22145027,-0.011664713
-3.0849814,7.5267587,0.17261505,-0.25138906,0.038746454
-3.109728,7.5224442,0.17099205,-0.2813278,0.08915762
-3.1373405,7.517676,0.16681717,-0.31102106,0.15937623
-3.1676223,7.512577,0.15859054,-0.34071428,0.22959486
-3.2003832,7.5073376,0.14566708,-0.37040752,0.29981348
-3.2353969,7.5022006,0.12743425,-0.39865407,0.35247803
-3.272508,7.497446,0.104496725,-0.42690063,0.40514255
-3.311528,7.4933534,0.07645293,-0.45514718,0.45780706
-3.3522365,7.4902353,0.042925116,-0.4462881,0.41275313
-3.3930798,7.488481,0.013088318,-0.437429,0.3676992
-3.4338953,7.4879465,-0.013118739,-0.42856994,0.32264528
-3.4745374,7.4884796,-0.035766978,-0.41953298,0.35298502
-3.5138788,7.4898877,-0.05993909,-0.41049603,0.38332477
-3.551881,7.492168,-0.08552709,-0.40145907,0.41366452
-3.5885065,7.4953084,-0.11242267,-0.3949254,0.40767646
-3.6245334,7.499376,-0.13851915,-0.38839167,0.4016884
-3.6599386,7.5043116,-0.1638276,-0.381858,0.39570034
-3.694702,7.5100584,-0.18835908,-0.3708796,0.41222826
-3.728082,7.516421,-0.21312468,-0.3599012,0.42875615
-3.760074,7.5233445,-0.23806223,-0.3489228,0.44528407
-3.7906756,7.5307703,-0.2631099,-0.33864322,0.42298815
-3.8204927,7.5388017,-0.286278,-0.32836366,0.40069222
-3.8494976,7.54734,-0.3076247,-0.31808406,0.3783963
-3.8776681,7.5562897,-0.3272097,-0.30050957,0.38140705
-3.90408,7.565254,-0.34585264,-0.28293508,0.38441777
-3.9287553,7.574146,-0.363537,-0.2653606,0.38742852
-3.951719,7.582882,-0.38024628,-0.24955213,0.3913582
-3.9731398,7.591444,-0.3961113,-0.23374365,0.39528787
-3.9930413,7.599767,-0.41111276,-0.21793519,0.39921755
-4.011448,7.6077914,-0.42523122,-0.20261768,0.4145811
-4.028342,7.6154423,-0.43883383,-0.18730015,0.42994463
-4.0437536,7.622676,-0.4518456,-0.17198263,0.4453082
-4.0577173,7.6294527,-0.46419212,-0.1585305,0.48499292
-4.070258,7.6357317,-0.47651,-0.14507838,0.52467763
-4.0814157,7.641491,-0.48862246,-0.13162623,0.56436235
-4.0912356,7.646712,-0.50035644,-0.10833632,0.64686686
-4.0988207,7.650859,-0.51123863,-0.08504641,0.72937137
-4.104351,7.653961,-0.5206844,-0.061756495,0.8118758
-4.1080375,7.6560755,-0.52815264,-0.03260868,0.9070289
-4.1097727,7.657088,-0.5324335,-0.0034608652,1.0
-4.109934,7.6571827,-0.5329189,0.025686951,1.0
-4.1087384,7.6564775,-0.5293164,0.054797355,1.0
-4.106183,7.6549826,-0.52163136,0.08390776,1.0
-4.1022525,7.652724,-0.5098637,0.11301816,1.0
-4.0969224,7.6497436,-0.49401343,0.14273098,1.0
-4.0901327,7.6460867,-0.4739961,0.17244379,1.0
-4.081843,7.641834,-0.4498117,0.20215662,1.0
-4.0720067,7.637085,-0.4214602,0.23204334,1.0
-4.0605664,7.631956,-0.38891724,0.26193008,1.0
-4.047471,7.62659,-0.3521828,0.2918168,1.0
-4.032672,7.621151,-0.31125692,0.3217996,1.0
-4.0161204,7.615826,-0.2661261,0.35178244,1.0
-3.9977827,7.6108274,-0.2167903,0.38176528,1.0
-3.9776387,7.6063905,-0.16324957,0.4117468,0.92462534
-3.9531758,7.602361,-0.10846012,0.44172835,0.8492506
-3.924169,7.5992026,-0.05318624,0.47170988,0.77387595
-3.8904798,7.5974092,0.0017610859,0.5014637,0.67835987
-3.8514357,7.597478,0.054207247,0.523,0.58284384
-3.8078344,7.5998435,0.10218382,0.523,0.48732778
-3.761864,7.6045575,0.14300103,0.523,0.38961095
-3.7139773,7.6114526,0.17610943,0.523,0.29189414
-3.6646643,7.620228,0.2011931,0.523,0.19417731
-3.6143823,7.630483,0.21801272,0.523,0.11608576
-3.563664,7.641719,0.22810882,0.523,0.037994213
-3.5127554,7.6535373,0.23141986,0.523,-0.040097337
-3.4618907,7.665523,0.22792564,0.49378675,-0.008599216
-3.4137907,7.67668,0.22721796,0.4645735,0.022898907
-3.3685393,7.687143,0.22899084,0.43536025,0.054397028
-3.3262026,7.6970105,0.23293594,0.4056319,0.104426906
-3.2869499,7.706323,0.23998293,0.37590355,0.15445678
-3.2508714,7.7151513,0.2496213,0.34617522,0.20448665
-3.2180257,7.723525,0.26133728,0.31696597,0.16444094
-3.1878185,7.731604,0.26998523,0.2877567,0.124395244
-3.1602995,7.7392197,0.27593577,0.25854746,0.08434954
-3.1355112,7.7462387,0.2795662,0.22938043,0.048103206
-3.1134894,7.7525606,0.28140447,0.20021339,0.011856872
-3.0942569,7.7581205,0.28180012,0.17104636,-0.024389464
-3.0778317,7.7628756,0.2811049,0.14136687,-0.044444423
-3.0642633,7.7667933,0.2800581,0.111687385,-0.064499386
-3.0535522,7.769874,0.27885827,0.08200789,-0.084554344
-3.0456963,7.7721233,0.27770397,0.052163806,-0.12558754
-3.0407193,7.7735424,0.276615,0.022319721,-0.16662073
-3.0386019,7.774143,0.27599803,-0.007524367,-0.20765394
-3.0393102,7.773943,0.27625656,-0.037495892,-0.19747166
-3.0428476,7.7729397,0.27748263,-0.067467414,-0.18728939
-3.0492227,7.771124,0.27957633,-0.09743894,-0.17710711
-3.0584419,7.7684774,0.2824375,-0.12739734,-0.13611706
-3.0705636,7.76496,0.28531876,-0.15735576,-0.095127
-3.0855947,7.7605505,0.2878098,-0.18731415,-0.05413695
-3.1035295,7.7552414,0.28949907,-0.21722148,0.0020937503
-3.1243474,7.7490406,0.28942326,-0.24712883,0.05832445
-3.1479924,7.741999,0.28702235,-0.27703616,0.11455515
-3.1743884,7.734208,0.2817446,-0.3068225,0.20175305
-3.203263,7.72585,0.27149737,-0.33660883,0.28895095
-3.2343466,7.7171974,0.25551143,-0.36639518,0.37614885
-3.2673182,7.708585,0.23307942,-0.3947319,0.4271612
-3.302273,7.7002864,0.20582393,-0.42306867,0.47817355
-3.339042,7.69261,0.1733775,-0.4514054,0.5291859
-3.3774238,7.685888,0.13539694,-0.4456599,0.45735267
-3.4170437,7.6804905,0.10259827,-0.43991438,0.38551942
-3.4575918,7.676316,0.07502734,-0.43416888,0.3136862
-3.498774,7.67322,0.05269897,-0.4213938,0.37313154
-3.5379593,7.671153,0.027096955,-0.40861878,0.4325769
-3.5750437,7.670148,-0.0014526746,-0.3958437,0.49202228
-3.6099324,7.670199,-0.03261938,-0.386767,0.4570545
-3.644621,7.6713305,-0.061066534,-0.3776903,0.42208675
-3.6790109,7.6734333,-0.08685428,-0.36861357,0.387119
-3.7130158,7.6763945,-0.11004758,-0.3591691,0.41926506
-3.7456234,7.6799974,-0.13441657,-0.3497246,0.45141113
-3.776809,7.6842146,-0.15984362,-0.34028012,0.48355722
-3.8065515,7.6890097,-0.18621145,-0.33191314,0.46306336
-3.835734,7.6945076,-0.21092188,-0.3235462,0.44256952
-3.8643234,7.7006288,-0.23401569,-0.31517923,0.42207566
-3.8922918,7.707296,-0.2555348,-0.30319688,0.41954187
-3.9190829,7.714295,-0.27611893,-0.29121453,0.41700807
-3.9447,7.721554,-0.29577723,-0.27923217,0.41447428
-3.969149,7.7290034,-0.31451875,-0.26745188,0.41978404
-3.9923742,7.736559,-0.332686,-0.25567162,0.42509383
-4.0143886,7.744166,-0.35025945,-0.24389134,0.4304036
-4.0352077,7.7517715,-0.36721957,-0.22851644,0.4503519
-4.0544095,7.7591577,-0.38379776,-0.21314155,0.4703002
-4.072027,7.766272,-0.3998954,-0.19776663,0.4902485
-4.088098,7.7730646,-0.415415,-0.18549384,0.502815
-4.102969,7.779624,-0.43031305,-0.17322104,0.5153815
-4.116667,7.7859116,-0.4445422,-0.16094825,0.5279481
-4.129219,7.7918906,-0.45805547,-0.14353451,0.55451095
-4.140164,7.797287,-0.47065127,-0.12612078,0.5810738
-4.14956,7.8020673,-0.4821897,-0.10870705,0.6076367
-4.157467,7.8062057,-0.49253368,-0.08908331,0.6781539
-4.1635795,7.8094864,-0.50184816,-0.069459565,0.7486711
-4.1680408,7.811934,-0.50972795,-0.049835823,0.81918836
-4.171011,7.8135943,-0.51579624,-0.024724843,0.9046046
-4.1723404,7.814348,-0.51903594,0.00038613746,0.99002093
-4.172322,7.8143377,-0.5189821,0.025497118,1.0
-4.1711254,7.8136544,-0.5154063,0.049404327,1.0
-4.168803,7.812339,-0.50847757,0.07331154,1.0
-4.1653433,7.81041,-0.49819598,0.097218744,1.0
-4.160729,7.8079004,-0.48456153,0.12538674,1.0
-4.154734,7.8047442,-0.46697664,0.15355474,1.0
-4.147326,7.801009,-0.44544134,0.18172275,1.0
-4.1384654,7.796779,-0.41995558,0.21115793,1.0
-4.128048,7.792127,-0.39034173,0.24059312,1.0
-4.1160264,7.787181,-0.3565997,0.27002832,1.0
-4.1023545,7.782088,-0.31872952,0.29992566,1.0
-4.0869656,7.77701,-0.2766664,0.32982302,1.0
-4.069823,7.7721424,-0.23041032,0.35972038,1.0
-4.050901,7.7677035,-0.17996128,0.38968334,0.9482925
-4.0285463,7.7636366,-0.12719679,0.41964632,0.896585
-4.00256,7.7603135,-0.072558865,0.4496093,0.8448775
-3.9727926,7.7581496,-0.016515832,0.47942528,0.75284314
-3.9378116,7.7575717,0.03811598,0.5092413,0.6608088
-3.8976364,7.759104,0.09020759,0.523,0.56877446
-3.8537495,7.7630734,0.13715555,0.523,0.472576
-3.807619,7.7694407,0.1768322,0.523,0.37637755
-3.7597384,7.777997,0.20887065,0.523,0.28017908
