1.2797339,-4.044336,-1.6322392,0.14492698,0.0
1.278844,-4.058801,-1.6322392,0.1718226,0.08835592
1.277793,-4.0758843,-1.6297123,0.1987182,0.17671184
1.2766411,-4.0954127,-1.62389,0.22561383,0.26506776
1.2754856,-4.1171556,-1.6140392,0.2544921,0.35336256
1.2744535,-4.14101,-1.5993612,0.28337038,0.44165736
1.2737218,-4.1666174,-1.5791739,0.31224865,0.52995217
1.2734962,-4.193558,-1.5528674,0.3407057,0.62537795
1.2739913,-4.221176,-1.5196257,0.36916274,0.72080374
1.2754099,-4.248874,-1.4790184,0.39761978,0.8162295
1.2779061,-4.2759957,-1.4307363,0.4265668,0.9142099
1.2815411,-4.301779,-1.3744237,0.45551383,1.0
1.2863431,-4.3259172,-1.3105402,0.48446086,1.0
1.2930788,-4.3512115,-1.2425969,0.51328975,1.0
1.3020183,-4.3774643,-1.1706104,0.523,1.0
1.3130273,-4.4034896,-1.0972623,0.523,1.0
1.3259138,-4.428638,-1.023914,0.523,1.0
1.3406086,-4.452774,-0.9505658,0.523,1.0
1.3570327,-4.475769,-0.8772176,0.523,1.0
1.3750976,-4.497498,-0.80386937,0.523,1.0
1.3947065,-4.517845,-0.73052114,0.523,1.0
1.4157537,-4.5367002,-0.6571729,0.523,1.0
1.438126,-4.5539627,-0.5838247,0.523,1.0
1.4617032,-4.5695386,-0.51047647,0.523,1.0
1.4863585,-4.5833454,-0.43712825,0.523,1.0
1.5119592,-4.595308,-0.36378002,0.51768583,1.0
1.5380995,-4.6052604,-0.2911771,0.5123717,1.0
1.5646178,-4.6132073,-0.21931943,0.50705755,1.0
1.591358,-4.6191683,-0.14820705,0.4890071,1.0
1.6174895,-4.62307,-0.07962618,0.4709566,1.0
1.6428547,-4.6250935,-0.013576794,0.4529061,1.0
1.6673231,-4.625426,0.049941096,0.42828652,1.0
1.6904347,-4.6242704,0.11000621,0.40366694,1.0
1.712113,-4.6218762,0.16661856,0.37904736,1.0
1.7323095,-4.6184797,0.2197781,0.35105532,1.0
1.7508208,-4.6143446,0.2690119,0.32306325,1.0
1.7676482,-4.6097054,0.31431997,0.2950712,1.0
1.7828099,-4.6047764,0.35570228,0.27390218,1.0
1.7966825,-4.5996222,0.39411575,0.25273317,1.0
1.8092909,-4.594379,0.42956036,0.23156415,1.0
1.8206656,-4.589168,0.4620361,0.23401198,0.9820744
1.8322978,-4.5833755,0.49447215,0.23645979,0.96414876
1.8441639,-4.576978,0.52685,0.23890762,0.9462231
1.8562397,-4.5699534,0.55915076,0.21501686,0.9204756
1.8672751,-4.563048,0.5876724,0.1911261,0.8947281
1.8772281,-4.5564175,0.61252004,0.16723533,0.8689806
1.886062,-4.55021,0.6338055,0.14941952,0.7880993
1.8945526,-4.54397,0.65146226,0.13160369,0.707218
1.9025078,-4.537904,0.6657132,0.113787875,0.62633663
1.9097582,-4.5322104,0.67682993,0.086716175,0.53216714
1.9155835,-4.52753,0.6841633,0.05964447,0.43799767
1.9197693,-4.524116,0.6883794,0.032572772,0.34382817
1.9221376,-4.522168,0.6902094,0.004569718,0.24969153
1.922479,-4.521886,0.6903976,-0.023433337,0.15555489
1.9206941,-4.5233603,0.6897925,-0.05143639,0.061418246
1.916734,-4.5266275,0.6892663,-0.07905306,-0.027817035
1.9106357,-4.531653,0.6896328,-0.10666973,-0.11705232
1.9024626,-4.5383935,0.69170904,-0.1342864,-0.2062876
1.8923397,-4.5467772,0.6962933,-0.16392107,-0.29975852
1.8803241,-4.5568223,0.70436066,-0.19355574,-0.3
1.8662335,-4.568796,0.7138939,-0.2231904,-0.3
1.8501177,-4.5827575,0.7248868,-0.25276804,-0.3
1.8320413,-4.5987687,0.73733646,-0.2823457,-0.3
1.8120738,-4.6169033,0.75124294,-0.31192335,-0.3
1.7902954,-4.637243,0.7666062,-0.34084842,-0.3
1.7668415,-4.659831,0.78339416,-0.36977348,-0.3
1.7418125,-4.68476,0.8016068,-0.39869854,-0.3
1.7153194,-4.7121263,0.821244,-0.42619258,-0.3
1.6875794,-4.74193,0.8422354,-0.45368662,-0.3
1.6587222,-4.774269,0.864581,-0.48118067,-0.3
1.6288903,-4.809243,0.88828075,-0.5060891,-0.3
1.5983945,-4.846761,0.91320735,-0.523,-0.3
1.567856,-4.8863063,0.9389669,-0.523,-0.3
1.538346,-4.926625,0.9647264,-0.523,-0.3
1.5098844,-4.96769,0.9904859,-0.523,-0.3
1.48249,-5.0094743,1.0162454,-0.523,-0.3
1.4561807,-5.051951,1.042005,-0.523,-0.3
1.4309744,-5.095091,1.0677644,-0.523,-0.3
1.4068874,-5.1388655,1.093524,-0.523,-0.3
1.383936,-5.183246,1.1192834,-0.523,-0.3
1.3621353,-5.2282033,1.145043,-0.523,-0.3
1.3414998,-5.273707,1.1708025,-0.523,-0.3
1.3220432,-5.319727,1.196562,-0.523,-0.3
1.3037783,-5.366233,1.2223215,-0.523,-0.3
1.2867173,-5.413194,1.248081,-0.523,-0.3
1.2708715,-5.460579,1.2738405,-0.5146215,-0.3
1.2564857,-5.507591,1.2991874,-0.50624293,-0.3
1.2435107,-5.554181,1.3241216,-0.49786443,-0.3
1.2318969,-5.600304,1.3486431,-0.4745843,-0.3
1.2219074,-5.6445284,1.3720179,-0.45130423,-0.3
1.2133933,-5.6867943,1.3942462,-0.4280241,-0.3
1.2062116,-5.7270494,1.4153278,-0.41529593,-0.3
1.2000682,-5.766246,1.4357826,-0.40256774,-0.3
1.1948916,-5.804354,1.4556104,-0.38983956,-0.3
1.1906111,-5.8413506,1.4748112,-0.38789374,-0.3
1.1870596,-5.878237,1.4939163,-0.3859479,-0.3
1.1842278,-5.914999,1.5129255,-0.3840021,-0.3
1.182106,-5.9516225,1.5318389,-0.37665024,-0.3
1.1807046,-5.987578,1.5503902,-0.3692984,-0.3
1.1799847,-6.022851,1.5685794,-0.36194652,-0.3
1.179908,-6.0574293,1.5864065,-0.35925135,-0.3
1.1804438,-6.0917454,1.6041008,-0.35655618,-0.3
1.181578,-6.1257896,1.6216625,-0.353861,-0.3
1.1832968,-6.1595516,1.6390913,-0.34677923,-0.3
1.1855576,-6.1926036,1.6561713,-0.33969742,-0.3
1.1883249,-6.224938,1.6729026,-0.3326156,-0.3
1.1915638,-6.2565484,1.689285,-0.32603186,-0.3
1.1952457,-6.287477,1.7053432,-0.3194481,-0.3
1.1993395,-6.317719,1.7210771,-0.3128644,-0.3
1.2038144,-6.3472714,1.7364867,-0.30850366,-0.3
1.2086754,-6.3763404,1.7516816,-0.30414295,-0.3
1.2139025,-6.404922,1.7666616,-0.29978222,-0.3
1.2194761,-6.433014,1.7814269,-0.29113302,-0.3
1.2252911,-6.460212,1.7957662,-0.2824838,-0.3
1.2313113,-6.486519,1.8096795,-0.2738346,-0.3
1.2375013,-6.511936,1.8231667,-0.26587886,-0.3
1.2438438,-6.536532,1.8362622,-0.25792313,-0.3
1.2503084,-6.5603094,1.8489658,-0.24996738,-0.3
1.2568659,-6.5832715,1.8612775,-0.24231,-0.3
1.2634959,-6.6054506,1.8732121,-0.23465262,-0.3
1.2701724,-6.6268506,1.8847696,-0.22699523,-0.3
1.2768698,-6.647476,1.8959498,-0.21878302,-0.3
1.2835468,-6.667282,1.9067255,-0.21057081,-0.3
1.2901782,-6.686274,1.9170969,-0.2023586,-0.3
1.2967398,-6.7044587,1.9270637,-0.19511037,-0.3
1.3032409,-6.7219276,1.9366736,-0.18786213,-0.3
1.3096619,-6.738687,1.9459264,-0.18061389,-0.3
1.3159839,-6.7547417,1.9548223,-0.18275484,-0.3
1.322525,-6.7709293,1.9638236,-0.18489581,-0.3
1.32929,-6.787246,1.9729303,-0.18703677,-0.3
1.3362834,-6.803689,1.9821424,-0.18447438,-0.3
1.34333,-6.819843,1.9912285,-0.18191198,-0.3
1.3504232,-6.8357077,2.0001884,-0.17934959,-0.3
1.3575565,-6.8512864,2.0090218,-0.18073358,-0.3
1.3648831,-6.866921,2.0179236,-0.18211757,-0.3
1.3724056,-6.882609,2.0268934,-0.18350156,-0.3
1.380127,-6.8983474,2.0359316,-0.18223305,-0.3
1.3879359,-6.9139075,2.044907,-0.18096454,-0.3
1.3958287,-6.9292884,2.0538201,-0.17969604,-0.3
1.4038022,-6.9444914,2.062671,-0.18012555,-0.3
1.4119291,-6.9596596,2.0715427,-0.18055508,-0.3
1.42021,-6.974791,2.0804355,-0.18098459,-0.3
1.4286453,-6.989884,2.0893497,-0.1801064,-0.3
1.4371731,-7.004828,2.0982206,-0.17922822,-0.3
1.4457909,-7.0196238,2.1070483,-0.17835003,-0.3
1.4544961,-7.0342703,2.1158326,-0.17690095,-0.3
1.4632579,-7.048722,2.1245456,-0.17545186,-0.3
1.4720725,-7.0629783,2.133187,-0.17400277,-0.3
1.480936,-7.077041,2.1417572,-0.17243965,-0.3
1.4898392,-7.090902,2.1502504,-0.17087653,-0.3
1.498778,-7.104562,2.1586668,-0.16931342,-0.3
1.5077485,-7.1180215,2.167006,-0.16699512,-0.3
1.5167067,-7.1312227,2.175231,-0.16467683,-0.3
1.5256472,-7.1441674,2.183342,-0.16235854,-0.3
1.5345651,-7.156858,2.1913388,-0.15962204,-0.3
1.5434322,-7.1692643,2.1992006,-0.15688556,-0.3
1.5522429,-7.181389,2.2069278,-0.15414907,-0.3
1.5609916,-7.193235,2.2145202,-0.15453482,-0.3
1.5698522,-7.2050433,2.2221315,-0.15492058,-0.3
1.5788249,-7.2168136,2.2297618,-0.15530632,-0.3
1.5879095,-7.228544,2.2374113,-0.15643564,-0.3
1.5971503,-7.2402897,2.2451162,-0.15756495,-0.3
1.6065488,-7.252048,2.2528768,-0.15869428,-0.3
1.6161062,-7.2638164,2.260693,-0.15992789,-0.3
1.6258303,-7.275601,2.26857,-0.16116148,-0.3
1.6357226,-7.287399,2.2765076,-0.16239509,-0.3
1.6457847,-7.299207,2.2845063,-0.16350754,-0.3
1.6560106,-7.3110156,2.2925596,-0.16461998,-0.3
1.6664014,-7.3228207,2.3006675,-0.16573243,-0.3
1.6769584,-7.3346205,2.3088305,-0.1668324,-0.3
1.6876822,-7.346411,2.3170476,-0.16793236,-0.3
1.6985737,-7.358191,2.3253188,-0.16903234,-0.3
1.7096344,-7.3699565,2.3336442,-0.17060809,-0.3
1.7208966,-7.381738,2.3420472,-0.17218383,-0.3
1.7323623,-7.393533,2.3505278,-0.17375958,-0.3
1.7440335,-7.4053373,2.359086,-0.17569996,-0.3
1.7559367,-7.417172,2.36774,-0.17764033,-0.3
1.7680745,-7.429033,2.3764894,-0.17958072,-0.3
1.7804494,-7.440915,2.3853343,-0.18205887,-0.3
1.793101,-7.4528503,2.3943012,-0.18453701,-0.3
1.8060328,-7.4648323,2.4033904,-0.18701516,-0.3
1.8192481,-7.4768553,2.4126015,-0.1883721,-0.3
1.8326702,-7.488843,2.4218795,-0.18972905,-0.3
1.8463005,-7.5007906,2.4312243,-0.191086,-0.3
1.8601402,-7.512695,2.440636,-0.19495565,-0.3
1.8743737,-7.524707,2.450238,-0.1988253,-0.3
1.8890067,-7.5368176,2.4600308,-0.20269495,-0.3
1.9040447,-7.549017,2.4700143,-0.20595683,-0.3
1.9194478,-7.5612597,2.4801583,-0.20921873,-0.3
1.9352201,-7.5735373,2.490463,-0.2124806,-0.3
1.951366,-7.58584,2.5009284,-0.21556622,-0.3
1.9678761,-7.59815,2.511546,-0.21865185,-0.3
1.9847541,-7.610457,2.5223153,-0.22173746,-0.3
2.0020037,-7.6227527,2.5332365,-0.22541153,-0.3
2.0196745,-7.63506,2.5443387,-0.22908561,-0.3
2.0377712,-7.6473675,2.555622,-0.23275968,-0.3
2.056298,-7.6596646,2.5670862,-0.23731744,-0.3
2.07533,-7.671985,2.578775,-0.24187522,-0.3
2.0948732,-7.6843143,2.590688,-0.24643297,-0.3
2.1149325,-7.696638,2.6028256,-0.25132552,-0.3
2.1355414,-7.7089567,2.6152043,-0.25621805,-0.3
2.1567054,-7.721255,2.627824,-0.26111057,-0.3
2.1784298,-7.7335143,2.6406846,-0.26082444,-0.3
2.2002861,-7.74548,2.653531,-0.2605383,-0.3
2.2222703,-7.7571516,2.6663635,-0.26025218,-0.3
2.2443779,-7.7685275,2.6791816,-0.26396003,-0.3
2.2669466,-7.7797766,2.6921825,-0.26766792,-0.3
2.2899787,-7.790886,2.7053661,-0.2713758,-0.3
2.3134766,-7.80184,2.7187324,-0.27647728,-0.3
2.3375628,-7.812679,2.7323499,-0.28157875,-0.3
2.3622417,-7.823383,2.7462184,-0.28668022,-0.3
2.3875165,-7.8339314,2.7603385,-0.2913891,-0.3
2.413355,-7.8442893,2.7746904,-0.29609802,-0.3
2.4397597,-7.854437,2.7892742,-0.30080694,-0.3
2.4667318,-7.864353,2.80409,-0.3049226,-0.3
2.4942188,-7.873999,2.8191085,-0.30903828,-0.3
2.5222204,-7.883356,2.8343296,-0.31315395,-0.3
2.550736,-7.892404,2.8497534,-0.31750813,-0.3
2.579786,-7.9011316,2.8653917,-0.3218623,-0.3
2.6093693,-7.909517,2.8812447,-0.32621646,-0.3
2.6394837,-7.917539,2.897312,-0.3276839,-0.3
2.6698592,-7.9251103,2.9134514,-0.3291513,-0.3
2.7004895,-7.9322224,2.9296632,-0.33061874,-0.3
2.731368,-7.938866,2.9459472,-0.3314931,-0.28793672
2.7625463,-7.945045,2.9616365,-0.33236745,-0.27587342
2.79401,-7.950769,2.9767253,-0.33324182,-0.26381013
2.8257449,-7.956049,2.991208,-0.3385491,-0.21504614
2.8584466,-7.9610043,3.0032487,-0.34385636,-0.16628215
2.892034,-7.9656806,3.0127344,-0.34916365,-0.117518164
2.926422,-7.9701366,3.0195575,-0.36908808,-0.030737448
2.9630392,-7.9746275,3.021448,-0.38901252,0.056043267
3.0015993,-7.979283,3.0178163,-0.40893695,0.14282398
3.041767,-7.98428,3.008115,-0.43490866,0.24041963
3.0836313,-7.9899015,2.9908557,-0.46088037,0.33801526
3.1266184,-7.9964304,2.9653833,-0.4868521,0.43561092
3.1700735,-8.0041685,2.9311442,-0.45743772,0.44773185
3.2103987,-8.012782,2.8981383,-0.42802334,0.45985278
3.2476234,-8.022028,2.8664777,-0.39860895,0.47197372
3.2817912,-8.0316725,2.8362734,-0.38391432,0.481611
3.3142421,-8.041901,2.8066347,-0.3692197,0.49124828
3.3449886,-8.052602,2.7776062,-0.35452506,0.50088555
3.3740487,-8.063673,2.7492323,-0.36264232,0.5335373
3.4029,-8.075612,2.7184935,-0.37075955,0.56618905
3.431431,-8.08846,2.6853464,-0.3788768,0.59884083
3.4595249,-8.102247,2.6497517,-0.3556063,0.5845907
3.485665,-8.116252,2.6170444,-0.33233577,0.5703405
3.5098772,-8.130261,2.5871387,-0.30906525,0.55609035
3.5321944,-8.144082,2.5599477,-0.32061446,0.5932319
3.5544064,-8.158687,2.5300748,-0.3321637,0.6303735
3.5763762,-8.174091,2.4974425,-0.3437129,0.66751504
3.597961,-8.190302,2.4619808,-0.32520023,0.65554595
3.6180122,-8.206504,2.4289408,-0.30668756,0.64357686
3.6365752,-8.222545,2.398269,-0.2881749,0.6316078
3.6536982,-8.238284,2.3699105,-0.28889516,0.6353476
3.670364,-8.254499,2.341336,-0.2896154,0.63908744
3.6865551,-8.271179,2.3125453,-0.29033566,0.6428273
3.7022545,-8.288312,2.2835379,-0.28272194,0.6400499
3.7170827,-8.305469,2.255396,-0.27510822,0.6372724
3.731065,-8.3225975,2.2281141,-0.2674945,0.63449496
3.744228,-8.339652,2.2016869,-0.25927588,0.6198922
3.756676,-8.356693,2.1765826,-0.25105724,0.6052894
3.7684317,-8.373665,2.152774,-0.2428386,0.5906866
3.7795181,-8.390513,2.1302333,-0.2339785,0.5594786
3.7900424,-8.407321,2.1095362,-0.2251184,0.52827054
3.8000178,-8.424009,2.0906246,-0.2162583,0.49706253
3.80946,-8.440508,2.0734377,-0.20604567,0.46304086
3.8183408,-8.456662,2.0580986,-0.19583306,0.42901918
3.8266797,-8.472398,2.0445216,-0.18562044,0.3949975
3.8344955,-8.487644,2.0326169,-0.17272182,0.34870562
3.8417284,-8.502176,2.022781,-0.1598232,0.30241373
3.848392,-8.515901,2.0148478,-0.14692457,0.25612184
3.8544981,-8.528736,2.0086443,-0.12696204,0.1852377
3.8597891,-8.540037,2.004747,-0.10699951,0.11435359
3.8642585,-8.549683,2.002712,-0.08703698,0.04346947
3.8678987,-8.557579,2.0020816,-0.06151145,-0.044700705
3.8704674,-8.563162,2.0025399,-0.035985917,-0.13287088
3.87196,-8.5664015,2.0033343,-0.010460382,-0.22104105
3.872388,-8.5673275,2.0037167,0.017038478,-0.3
3.871705,-8.56585,2.0028775,0.044537336,-0.3
3.869923,-8.561986,2.0006838,0.07203619,-0.3
3.8670552,-8.555731,1.9971358,0.09981313,-0.3
3.8631117,-8.547049,1.9922197,0.12759008,-0.3
3.8581257,-8.535926,1.9859354,0.15536702,-0.3
3.8521392,-8.522344,1.978283,0.18253084,-0.3
3.8452287,-8.506334,1.9692928,0.20969465,-0.3
3.8374553,-8.487871,1.9589646,0.23685847,-0.3
3.8288906,-8.466927,1.9472985,0.2626346,-0.3
3.8196657,-8.443593,1.9343629,0.28841075,-0.3
3.8098676,-8.417841,1.9201577,0.3141869,-0.3
3.7995934,-8.389639,1.904683,0.34152624,-0.3
3.7889009,-8.358813,1.8878616,0.36886558,-0.3
3.777914,-8.325331,1.8696938,0.3962049,-0.3
3.7667682,-8.289159,1.8501793,0.41670883,-0.3
3.7557902,-8.250893,1.829655,0.43721274,-0.3
3.7450984,-8.210515,1.8081208,0.45771667,-0.3
3.734818,-8.168014,1.7855767,0.4746757,-0.3
3.725153,-8.123708,1.7621974,0.4916347,-0.3
3.716218,-8.077599,1.7379827,0.50859374,-0.3
3.7081325,-8.029688,1.7129327,0.523,-0.3
3.7010548,-7.9802275,1.6871732,0.523,-0.3
3.6952531,-7.9306016,1.6614137,0.523,-0.3
3.6907318,-7.880842,1.6356542,0.523,-0.25202054
3.6874492,-7.830301,1.6139182,0.523,-0.20404105
3.6852415,-7.7791333,1.5962558,0.523,-0.15606157
3.683926,-7.7274857,1.5827076,0.5130733,-0.07228484
3.6833167,-7.6763163,1.5765318,0.50314665,0.011491895
3.683028,-7.6260056,1.5774953,0.49321997,0.09526863
3.6826992,-7.5769086,1.585315,0.47133246,0.18361388
3.6820264,-7.5305724,1.5996579,0.44944492,0.27195913
3.680777,-7.4872975,1.6197795,0.4275574,0.3603044
3.678818,-7.4473352,1.6449027,0.4002826,0.44736907
3.676146,-7.4113455,1.6737627,0.37300777,0.5344337
3.6728468,-7.379416,1.7054282,0.34573296,0.6214984
3.6690738,-7.351562,1.738979,0.3187377,0.6782202
3.6649191,-7.327092,1.7723087,0.29174238,0.7349421
3.6605873,-7.3058867,1.804913,0.2647471,0.7916639
3.6562717,-7.2877917,1.8363087,0.23955214,0.8248968
3.652006,-7.2721043,1.865633,0.21435717,0.85812974
3.647933,-7.258693,1.8926642,0.1891622,0.89136267
3.6441731,-7.247418,1.91719,0.17063904,0.886087
3.6405091,-7.2372665,1.9392196,0.15211587,0.8808114
3.637022,-7.228234,1.9587729,0.13359271,0.8755357
3.6337845,-7.220312,1.9758703,0.12618788,0.8324055
3.6304371,-7.212506,1.9914241,0.11878304,0.7892752
3.6270208,-7.2048683,2.005477,0.11137821,0.746145
3.6235766,-7.1974506,2.0180779,0.10136897,0.7039742
3.6202345,-7.1904836,2.029013,0.09135973,0.6618033
3.6170464,-7.1840196,2.0383704,0.08135049,0.6196325
3.6140614,-7.1781077,2.0462441,0.08079281,0.5895491
3.6109877,-7.1721373,2.0537307,0.08023513,0.55946577
3.6078296,-7.166115,2.060828,0.07967745,0.52938235
3.6045928,-7.160047,2.0675342,0.07601784,0.5077405
3.6014273,-7.154207,2.0736942,0.07235824,0.48609868
3.5983438,-7.1486015,2.0793283,0.06869864,0.46445683
3.5953531,-7.1432366,2.0844572,0.07010799,0.44767517
3.5922477,-7.137732,2.089515,0.07151734,0.43089354
3.5890262,-7.132089,2.0944936,0.07292669,0.4141119
3.5856876,-7.1263075,2.0993843,0.069349445,0.41519755
3.5824873,-7.1208277,2.1040466,0.0657722,0.4162832
3.5794294,-7.1156473,2.1084793,0.062194955,0.41736883
3.5765176,-7.110764,2.1126812,0.06348953,0.41498926
3.5735211,-7.1057863,2.1169474,0.0647841,0.4126097
3.5704386,-7.100715,2.121277,0.06607867,0.41023016
3.5672688,-7.0955505,2.1256695,0.0652269,0.4168553
3.5641267,-7.0904813,2.130071,0.06437512,0.42348045
3.5610127,-7.0855064,2.13448,0.06352334,0.4301056
3.5579278,-7.080626,2.1388946,0.06277782,0.43746334
3.5548682,-7.075833,2.143327,0.062032297,0.4448211
3.5518346,-7.071126,2.147776,0.061286777,0.45217884
3.5488274,-7.066506,2.1522388,0.059662562,0.45934168
3.5458903,-7.062037,2.1566474,0.058038343,0.4665045
3.5430243,-7.0577173,2.160998,0.056414127,0.47366735
3.5402303,-7.0535464,2.165287,0.055946015,0.48300174
3.5374553,-7.049442,2.1696174,0.0554779,0.4923361
3.5346994,-7.045404,2.173988,0.055009786,0.5016705
3.5319636,-7.041432,2.1783972,0.053539667,0.5136124
3.5293014,-7.0376034,2.1827812,0.05206955,0.52555436
3.5267136,-7.0339165,2.1871352,0.05059943,0.5374963
3.5242012,-7.0303698,2.1914527,0.05069398,0.5462291
3.521682,-7.026846,2.1958418,0.05078853,0.5549619
3.5191562,-7.0233455,2.2003021,0.05088308,0.5636947
3.516624,-7.019869,2.2048333,0.054799985,0.57162607
3.5138936,-7.0161557,2.2097745,0.05871689,0.57955736
3.5109637,-7.0122123,2.215134,0.0626338,0.5874887
