-7.091598,-3.3721564,-2.6228662,-0.23018408,0.0
-7.071608,-3.3607445,-2.6228662,-0.20085287,0.09816041
-7.054249,-3.3508346,-2.6261468,-0.17152166,0.19632082
-7.039612,-3.3425422,-2.6317232,-0.14219046,0.29448122
-7.0277357,-3.3359013,-2.6386013,-0.112548575,0.38456184
-7.0185947,-3.330872,-2.6456385,-0.08290669,0.47464243
-7.0121093,-3.327363,-2.6519535,-0.053264815,0.564723
-7.008138,-3.3252468,-2.6567047,-0.02336163,0.56383187
-7.0063915,-3.3243265,-2.6587853,0.0065415506,0.5629408
-7.006881,-3.3245833,-2.6582036,0.036444735,0.5620496
-7.009612,-3.3260167,-2.6549666,0.06640039,0.6028166
-7.0144467,-3.3285744,-2.6486921,0.09635604,0.64358354
-7.021237,-3.3322217,-2.6390555,0.1263117,0.6843505
-7.0298142,-3.3369358,-2.625747,0.15626107,0.6794722
-7.040388,-3.3429317,-2.6093817,0.18621044,0.6745939
-7.052919,-3.350311,-2.5899978,0.21615982,0.66971564
-7.0673523,-3.359192,-2.5676339,0.24604988,0.6658161
-7.0836015,-3.369698,-2.542303,0.27593997,0.6619166
-7.101575,-3.3819757,-2.5140362,0.30583003,0.6580171
-7.121162,-3.3961837,-2.4828644,0.3356165,0.62499475
-7.1426845,-3.4128437,-2.4501367,0.36540297,0.5919724
-7.166043,-3.4321792,-2.4161541,0.39518943,0.55895007
-7.191111,-3.4544084,-2.3812263,0.4247517,0.53111964
-7.217648,-3.479649,-2.3453703,0.454314,0.5032892
-7.2454834,-3.5080934,-2.3088503,0.4838763,0.4754588
-7.27443,-3.5399191,-2.2719347,0.5106881,0.42421436
-7.3044534,-3.5754824,-2.2369013,0.523,0.37296993
-7.3345494,-3.6137755,-2.2051392,0.523,0.3217255
-7.3639545,-3.6537397,-2.1775768,0.523,0.29649553
-7.392476,-3.6948287,-2.1521091,0.523,0.27126557
-7.420145,-3.7369397,-2.128753,0.523,0.24603562
-7.4470015,-3.7799718,-2.1075225,0.523,0.25167462
-7.4729013,-3.8235018,-2.0858157,0.523,0.2573136
-7.4978137,-3.8675191,-2.0636332,0.523,0.2629526
-7.5217075,-3.9120114,-2.0409758,0.523,0.23026086
-7.5447764,-3.9574056,-2.0210814,0.523,0.19756913
-7.5670958,-4.0035763,-2.0039718,0.523,0.16487741
-7.5887513,-4.050402,-1.9896652,0.5130678,0.16073862
-7.60935,-4.096669,-1.9759792,0.50313556,0.15659982
-7.6289406,-4.142343,-1.962901,0.4932033,0.15246104
-7.6475687,-4.1873918,-1.9504172,0.47432306,0.11585279
-7.665028,-4.2311516,-1.941279,0.45544282,0.07924455
-7.681466,-4.273473,-1.9352701,0.4365626,0.042636305
-7.6970134,-4.3142242,-1.9321688,0.4338118,0.05430761
-7.712329,-4.3547435,-1.9282442,0.43106103,0.065978914
-7.727378,-4.395037,-1.9235075,0.42831028,0.07765022
-7.7421293,-4.4351106,-1.91797,0.43016064,0.06812271
-7.756731,-4.4754663,-1.9130898,0.432011,0.0585952
-7.771207,-4.5160913,-1.9088732,0.43386137,0.049067687
-7.785579,-4.5569725,-1.9053266,0.43731508,0.064643785
-7.7999077,-4.598193,-1.9006182,0.44076878,0.08021989
-7.814137,-4.6397605,-1.8947315,0.44422248,0.09579599
