-7.091598,-3.3721564,-2.6228662,-0.23018408,0.0
-7.071608,-3.3607445,-2.6228662,-0.20231768,0.056795597
-7.0540657,-3.3507302,-2.6247802,-0.17445129,0.113591194
-7.0389967,-3.342166,-2.6280758,-0.1465849,0.17038679
-7.026414,-3.3350692,-2.6322184,-0.11750989,0.1761162
-7.0163136,-3.3294277,-2.63565,-0.08843489,0.18184562
-7.008705,-3.3252127,-2.6383154,-0.059359882,0.18757503
-7.003597,-3.3223999,-2.6401603,-0.030126166,0.22606823
-7.001022,-3.3209887,-2.6412857,-0.0008924478,0.2645614
-7.0009465,-3.3209474,-2.6413245,0.028341271,0.3030546
-7.0033197,-3.322245,-2.639915,0.057759,0.3416183
-7.0080914,-3.324862,-2.63669,0.08717673,0.38018197
-7.015177,-3.3287778,-2.631298,0.11659446,0.41874564
-7.0244718,-3.3339806,-2.6233966,0.14609294,0.46825498
-7.0357966,-3.340438,-2.6124072,0.17559141,0.51776433
-7.0489674,-3.3481402,-2.5979228,0.20508988,0.5672737
-7.0637703,-3.3570876,-2.5795557,0.23466384,0.6079036
-7.0800695,-3.3673527,-2.5572178,0.2642378,0.64853346
-7.097634,-3.3789704,-2.530617,0.29381177,0.6891633
-7.116207,-3.3919787,-2.4994783,0.3234071,0.7117372
-7.135819,-3.406645,-2.4642727,0.3530025,0.73431104
-7.156238,-3.4230669,-2.4248497,0.38259783,0.7568849
-7.1772084,-3.4413388,-2.381064,0.41201857,0.74887675
-7.199072,-3.4621408,-2.3343124,0.44143933,0.7408686
-7.221595,-3.485672,-2.2846558,0.47086006,0.7328605
-7.2445097,-3.5121243,-2.2321548,0.49926206,0.7203708
-7.2675557,-3.5417356,-2.1772642,0.523,0.7078812
-7.290203,-3.5743842,-2.1205862,0.523,0.69539154
-7.311185,-3.6086226,-2.0647397,0.523,0.6867569
-7.3303595,-3.6442323,-2.009473,0.523,0.6781222
-7.3476586,-3.6811047,-1.9547907,0.523,0.66948754
-7.3630223,-3.7191286,-1.9006965,0.523,0.63865006
-7.3766255,-3.7588558,-1.8487353,0.523,0.6078125
-7.3884053,-3.800141,-1.7989569,0.523,0.57697505
-7.3983197,-3.8428388,-1.7514082,0.523,0.57892585
-7.4061837,-3.8859043,-1.7037171,0.523,0.58087665
-7.411978,-3.9292405,-1.6558838,0.523,0.5828275
-7.415689,-3.9727483,-1.6079084,0.523,0.5460653
-7.4173474,-4.0174117,-1.5626402,0.523,0.50930303
-7.416975,-4.0630727,-1.5201405,0.523,0.4725408
-7.414617,-4.1095815,-1.4804666,0.523,0.4771566
-7.410426,-4.1558504,-1.4404348,0.523,0.48177245
-7.4044013,-4.201804,-1.4000461,0.523,0.48638827
-7.396545,-4.2473664,-1.3593012,0.523,0.45135766
-7.3866653,-4.2933803,-1.3212802,0.523,0.41632706
-7.374854,-4.3397317,-1.2860297,0.523,0.38129643
-7.3612165,-4.3863206,-1.2535928,0.523,0.3856067
-7.3461013,-4.4323626,-1.2208077,0.523,0.38991696
-7.3295145,-4.477804,-1.1876745,0.523,0.3942272
-7.3114634,-4.5225916,-1.1541944,0.523,0.37445423
-7.291766,-4.5671043,-1.1223118,0.523,0.35468122
-7.2705007,-4.611299,-1.0920396,0.523,0.33490822
-7.247746,-4.65514,-1.0633894,0.523,0.33484468
-7.223744,-4.698312,-1.0347445,0.523,0.33478114
-7.198515,-4.7407794,-1.0061048,0.523,0.33471757
-7.1720796,-4.782508,-0.97747034,0.523,0.32807758
-7.1443973,-4.8235564,-0.94938314,0.523,0.32143757
-7.1155086,-4.8639016,-0.92184454,0.523,0.31479758
-7.085454,-4.903522,-0.8948556,0.523,0.32127213
-7.0544076,-4.942235,-0.8673307,0.523,0.3277467
-7.0223775,-4.979996,-0.83927083,0.523,0.33422124
-6.989374,-5.016762,-0.81067723,0.523,0.31468454
-6.9551086,-5.052805,-0.7836977,0.523,0.29514787
-6.919666,-5.0881276,-0.75834256,0.523,0.2756112
-6.88313,-5.122738,-0.73462147,0.523,0.27059937
-6.8457313,-5.156519,-0.711321,0.523,0.26558754
-6.807503,-5.189465,-0.6884418,0.523,0.26057568
-6.768479,-5.2215714,-0.66598445,0.523,0.2580088
-6.728716,-5.252815,-0.6437434,0.523,0.25544193
-6.688241,-5.283186,-0.6217187,0.523,0.25287506
-6.6470795,-5.312679,-0.5999106,0.523,0.24909274
-6.605244,-5.3412943,-0.5784219,0.523,0.24531043
-6.5627627,-5.369031,-0.5572528,0.523,0.2415281
-6.519664,-5.3958874,-0.5364037,0.523,0.23934108
-6.475991,-5.421853,-0.51573974,0.523,0.23715407
-6.431767,-5.446924,-0.49526104,0.523,0.23496705
-6.3870153,-5.4710975,-0.4749677,0.523,0.23228212
-6.3417535,-5.4943724,-0.45490202,0.523,0.22959718
-6.2960052,-5.516749,-0.43506417,0.523,0.22691223
-6.249793,-5.5382266,-0.41545427,0.523,0.22511965
-6.2031493,-5.5588026,-0.3959967,0.523,0.22332706
-6.156095,-5.578475,-0.3766914,0.523,0.22153446
-6.1086507,-5.5972433,-0.35753855,0.523,0.22027762
-6.060842,-5.6151047,-0.3384926,0.523,0.21902078
-6.012688,-5.6320567,-0.31955355,0.523,0.21776393
-5.964208,-5.648098,-0.30072147,0.523,0.21878104
-5.9154463,-5.663221,-0.28180283,0.523,0.21979815
-5.866418,-5.677415,-0.26279765,0.523,0.22081526
-5.8171396,-5.6906714,-0.24370594,0.523,0.22628365
-5.7676787,-5.70297,-0.22414945,0.523,0.23175207
-5.7180505,-5.714284,-0.20412874,0.523,0.23722047
-5.6682706,-5.7245893,-0.18364441,0.523,0.24071681
-5.618333,-5.7338643,-0.16286398,0.523,0.24421316
-5.568256,-5.742093,-0.14178771,0.523,0.24770951
-5.518061,-5.749258,-0.12041583,0.523,0.25168282
-5.467776,-5.755343,-0.098708354,0.523,0.25565612
-5.417422,-5.7603292,-0.076665625,0.523,0.25962943
-5.3670235,-5.7642007,-0.054287992,0.523,0.26362884
-5.3166046,-5.7669406,-0.0315736,0.523,0.26762825
-5.2661915,-5.7685328,-0.008522823,0.523,0.27162766
-5.215811,-5.7689624,0.0148639735,0.523,0.2748751
-5.16548,-5.768214,0.03852334,0.523,0.27812254
-5.115227,-5.7662773,0.062455017,0.523,0.28136998
-5.0650816,-5.763141,0.08665876,0.523,0.28648135
-5.0151014,-5.758799,0.11129021,0.523,0.29159272
-4.965319,-5.753236,0.13634871,0.523,0.29670405
-4.9157686,-5.7464375,0.16183361,0.523,0.29955757
-4.8664503,-5.7383857,0.18755628,0.523,0.30241108
-4.8173995,-5.7290764,0.2135165,0.523,0.3052646
-4.76865,-5.718507,0.23971406,0.523,0.31112
-4.7202845,-5.7066855,0.26639795,0.523,0.31697538
-4.672343,-5.693603,0.2935673,0.523,0.3228308
-4.6248665,-5.6792507,0.3212211,0.523,0.32717818
-4.577874,-5.6636143,0.34923407,0.523,0.3315256
-4.5314074,-5.6466928,0.3776056,0.523,0.335873
-4.4855084,-5.6284876,0.40633515,0.523,0.33934706
-4.4402065,-5.608995,0.43535045,0.523,0.34282112
-4.3955445,-5.588222,0.46465114,0.523,0.34629518
-4.351565,-5.5661774,0.49423683,0.523,0.34879267
-4.3082957,-5.542862,0.5240272,0.523,0.3512902
-4.2657795,-5.518291,0.5540221,0.523,0.3537877
-4.224057,-5.4924793,0.58422124,0.523,0.3555214
-4.18316,-5.465437,0.61456215,0.523,0.35725513
-4.1431274,-5.437185,0.6450447,0.523,0.35898885
-4.1039996,-5.407745,0.6756688,0.523,0.36363018
-4.0658593,-5.3771744,0.7066713,0.523,0.3682715
-4.0287504,-5.3454924,0.7380516,0.523,0.37291282
-3.9927192,-5.3127213,0.76980895,0.523,0.37918544
-3.957833,-5.278906,0.8020749,0.523,0.38545808
-3.9241412,-5.244071,0.83484817,0.523,0.39173073
-3.8916922,-5.2082434,0.8681274,0.523,0.39640304
-3.8605137,-5.171427,0.9017827,0.523,0.40107536
-3.8306508,-5.1336565,0.9358133,0.523,0.4057477
-3.8021472,-5.0949697,0.97021854,0.523,0.4080056
-3.7750175,-5.0553637,1.0048045,0.523,0.41026348
-3.7492988,-5.0148826,1.0395709,0.523,0.41252136
-3.7250268,-4.9735727,1.0745178,0.5214169,0.41209432
-3.7022777,-4.93156,1.1093249,0.51983386,0.4116673
-3.6810648,-4.8889027,1.1439925,0.51825076,0.41124025
-3.6613998,-4.84566,1.1785207,0.51657283,0.40674993
-3.643263,-4.801821,1.2125823,0.51489484,0.40225962
-3.6266515,-4.757449,1.2461791,0.5132169,0.3977693
-3.6115608,-4.712605,1.2793126,0.5111217,0.393663
-3.597996,-4.6673937,1.3119881,0.50902647,0.38955668
-3.5859447,-4.621873,1.3442076,0.5069313,0.38545036
-3.5753918,-4.5761,1.3759733,0.5048676,0.38002622
-3.5663152,-4.5301023,1.4071864,0.5028039,0.37460208
-3.5586934,-4.4839334,1.4378492,0.5007403,0.36917794
-3.5525029,-4.4376454,1.4679644,0.49916804,0.36146685
-3.54771,-4.391201,1.497386,0.49759582,0.35375574
-3.5442865,-4.3446484,1.5261158,0.4960236,0.34604466
-3.5422022,-4.2980328,1.554156,0.49482217,0.33755857
-3.5414255,-4.2513494,1.5814688,0.49362078,0.32907245
-3.541924,-4.204639,1.6080557,0.49241936,0.32058635
-3.5436647,-4.157938,1.6339178,0.49148005,0.31176326
-3.5466156,-4.1112523,1.6590437,0.49054074,0.3029402
-3.550742,-4.0646143,1.683434,0.48960143,0.2941171
-3.5560088,-4.0180535,1.7070895,0.48896298,0.2843867
-3.5623856,-3.9715564,1.7299541,0.4883245,0.2746563
-3.5698347,-3.9251482,1.7520278,0.48768604,0.2649259
-3.578318,-3.8788521,1.7733102,0.48723635,0.25572404
-3.5877993,-3.8326762,1.7938509,0.48678666,0.24652222
-3.598242,-3.7866387,1.8136495,0.48633698,0.23732036
-3.6096094,-3.7407553,1.8327059,0.48608917,0.22821277
-3.621869,-3.6950214,1.8510344,0.48584136,0.21910518
-3.6349854,-3.6494489,1.8686345,0.48559356,0.20999758
-3.6489222,-3.604047,1.8855054,0.48562646,0.20039356
-3.6636536,-3.5587938,1.9016165,0.48565936,0.19078952
-3.6791425,-3.5136945,1.9169661,0.48569226,0.18118548
-3.695352,-3.4687545,1.9315526,0.48583904,0.1718189
-3.7122488,-3.4239671,1.945397,0.4859858,0.1624523
-3.729797,-3.3793342,1.9584975,0.48613256,0.15308571
-3.7479608,-3.3348553,1.9708525,0.48613703,0.14240247
-3.7667027,-3.2905335,1.9823513,0.48614147,0.13171923
-3.7859817,-3.2463646,1.9929929,0.4861459,0.121035986
-3.8057566,-3.2023432,2.002776,0.48600316,0.110114336
-3.8259807,-3.1584747,2.011677,0.4858604,0.09919269
-3.8466122,-3.1147506,2.0196962,0.48571768,0.08827104
-3.867609,-3.0711615,2.0268328,0.48557177,0.07811239
-3.8889282,-3.0276995,2.0331478,0.4854259,0.06795375
-3.9105308,-2.9843538,2.0386415,0.48527998,0.057795115
-3.9323785,-2.941113,2.0433133,0.48519057,0.049011737
-3.9544344,-2.897962,2.047275,0.48510113,0.04022836
-3.9766657,-2.85489,2.0505266,0.48501173,0.031444985
-3.99904,-2.811885,2.0530682,0.48502326,0.022292752
-4.021529,-2.7689254,2.05487,0.4850348,0.013140517
-4.0441003,-2.7259984,2.0559323,0.48504636,0.0039882837
-4.0667195,-2.683091,2.0562546,0.48451325,-0.01052506
-4.089326,-2.6402402,2.0554047,0.48398012,-0.025038403
-4.111866,-2.597428,2.0533853,0.48344702,-0.039551746
-4.134284,-2.5546381,2.0501993,0.4824799,-0.051162083
-4.156509,-2.5118852,2.046087,0.48151278,-0.062772416
-4.1784997,-2.4691553,2.0410526,0.48054567,-0.07438275
-4.2002134,-2.4264352,2.0351007,0.47954065,-0.08456888
-4.2216105,-2.3837113,2.0283496,0.47853562,-0.09475501
-4.2426553,-2.3409727,2.0208037,0.47753063,-0.104941145
-4.2633123,-2.2982104,2.012467,0.4765302,-0.11350049
-4.2835507,-2.2554073,2.0034719,0.4755298,-0.12205984
-4.3033414,-2.2125576,1.9938221,0.4745294,-0.13061918
-4.3226557,-2.1696563,1.983521,0.4740068,-0.13616861
-4.3414927,-2.1266377,1.9727967,0.47348422,-0.14171806
-4.3598323,-2.0835006,1.9616506,0.47296163,-0.14726749
-4.377656,-2.0402448,1.9500839,0.47341892,-0.14970292
-4.394989,-1.9967594,1.9383159,0.47387618,-0.15213835
-4.4118185,-1.953047,1.9263464,0.47433347,-0.1545738
-4.4281335,-1.9091105,1.914175,0.47551945,-0.1555781
-4.4439497,-1.8648754,1.9018947,0.47670543,-0.15658242
-4.4592566,-1.8203455,1.8895048,0.47789142,-0.15758672
-4.4740458,-1.7755253,1.8770052,0.47892293,-0.15480065
-4.48831,-1.7304069,1.8646982,0.47995448,-0.15201458
-4.5020533,-1.6849992,1.852585,0.480986,-0.14922853
-4.51528,-1.6393111,1.8406665,0.48223266,-0.14723578
-4.527997,-1.5933361,1.8288755,0.48347932,-0.14524305
-4.540207,-1.5470816,1.817213,0.48472598,-0.14325032
-4.5519094,-1.5005547,1.8056797,0.48568437,-0.14198771
-4.563099,-1.4537952,1.7942247,0.48664275,-0.14072512
-4.5737753,-1.4068097,1.7828486,0.48760113,-0.13946253
-4.583938,-1.3596046,1.7715516,0.48819458,-0.1376802
-4.5935807,-1.3122183,1.7603844,0.488788,-0.13589789
-4.6027074,-1.2646579,1.7493477,0.48938146,-0.13411556
-4.611321,-1.2169303,1.7384415,0.48978835,-0.13053428
-4.6194243,-1.1690489,1.727816,0.49019524,-0.12695299
-4.627028,-1.1210221,1.7174718,0.49060214,-0.123371705
-4.6341434,-1.0728575,1.7074097,0.49084035,-0.12001334
-4.64078,-1.0245806,1.6976154,0.49107856,-0.11665498
-4.6469493,-0.9761982,1.6880893,0.4913168,-0.11329661
-4.652662,-0.927717,1.6788316,0.49133968,-0.11011134
-4.6579275,-0.87916523,1.6698328,0.49136254,-0.10692607
-4.6627584,-0.830549,1.6610929,0.49138543,-0.1037408
-4.6671653,-0.78187376,1.6526121,0.49135748,-0.09964742
-4.671161,-0.7331453,1.6444651,0.4913295,-0.09555403
-4.674761,-0.68436915,1.6366522,0.49130154,-0.091460645
-4.6779804,-0.63555044,1.6291736,0.4914363,-0.082727924
-4.680838,-0.5866583,1.6224054,0.49157104,-0.073995195
-4.683367,-0.53770095,1.6163486,0.4917058,-0.065262474
-4.685601,-0.48868597,1.6110041,0.49250677,-0.0594802
-4.6875772,-0.4395621,1.6061245,0.49330774,-0.053697933
-4.689317,-0.39033318,1.6017118,0.4941087,-0.04791566
-4.6908426,-0.34100258,1.5977674,0.49491417,-0.04230561
-4.6921763,-0.29157344,1.5942788,0.49571964,-0.036695562
-4.6933393,-0.24204852,1.5912477,0.4965251,-0.031085515
-4.6943545,-0.19243036,1.5886756,0.49756798,-0.028672826
-4.6952434,-0.14270197,1.5862981,0.49861085,-0.026260138
-4.6960163,-0.09286407,1.5841161,0.49965373,-0.02384745
-4.6966815,-0.04291733,1.5821304,0.50041485,-0.019547021
-4.6972485,0.007111383,1.5805002,0.501176,-0.015246594
-4.697735,0.0572208,1.5792267,0.50193715,-0.010946167
-4.698158,0.10740973,1.5783111,0.5027337,-0.008811319
-4.698536,0.15767972,1.5775728,0.5035302,-0.0066764713
-4.698877,0.20803046,1.5770125,0.5043267,-0.0045416234
-4.6991906,0.25846165,1.5766307,0.5049081,-0.0013480186
-4.699485,0.30895156,1.5765173,0.5054894,0.0018455863
-4.6997743,0.35949957,1.5766728,0.50607073,0.0050391913
-4.700072,0.41010514,1.5770979,0.50711536,0.007952606
-4.7003913,0.46081406,1.57777,0.50816,0.010866022
-4.7007456,0.5116258,1.5786903,0.5092046,0.013779437
-4.7011476,0.5625399,1.5798596,0.5107799,0.017987048
-4.70161,0.61360747,1.5813907,0.5123552,0.02219466
-4.7021527,0.6648275,1.5832859,0.5139305,0.02640227
-4.7027946,0.7161986,1.5855471,0.5175216,0.027987992
-4.7035575,0.7679249,1.5879608,0.5211127,0.029573714
-4.7044516,0.8200057,1.590529,0.523,0.031159436
-4.705483,0.87227017,1.5932447,0.523,0.03285098
-4.7066565,0.9245288,1.5961076,0.523,0.034542523
-4.707979,0.97678083,1.599118,0.523,0.03623407
-4.7094593,1.0290256,1.6022757,0.523,0.03926327
-4.7111044,1.0812594,1.6056973,0.523,0.042292476
-4.7129273,1.1334808,1.6093826,0.523,0.04532168
-4.714943,1.1856881,1.6133319,0.523,0.048857033
-4.7171645,1.2378786,1.6175889,0.523,0.052392386
-4.7196074,1.2900496,1.6221536,0.523,0.055927742
-4.722288,1.342199,1.6270262,0.523,0.06210649
-4.7252216,1.3943156,1.6324363,0.523,0.06828524
-4.7284355,1.4463947,1.6383839,0.523,0.074463986
-4.731958,1.4984306,1.6448686,0.523,0.0785199
-4.7358165,1.5504265,1.651706,0.523,0.08257582
-4.7400293,1.6023778,1.6588956,0.523,0.08663174
-4.7446136,1.6542796,1.6664376,0.523,0.09183152
-4.749587,1.7061212,1.674431,0.523,0.097031295
-4.754972,1.757896,1.6828756,0.523,0.10223107
-4.760791,1.8095964,1.6917713,0.523,0.10557769
-4.767067,1.8612251,1.700957,0.523,0.108924314
-4.773815,1.9127754,1.7104328,0.523,0.11227094
-4.781049,1.9642402,1.7201985,0.523,0.11987027
-4.7887774,2.0155866,1.7306222,0.523,0.1274696
-4.7970333,2.066801,1.7417033,0.523,0.13506892
-4.805847,2.1178696,1.753441,0.523,0.13962467
-4.815254,2.1687992,1.7655721,0.523,0.1441804
-4.8252716,2.219578,1.7780963,0.523,0.14873615
-4.835917,2.270193,1.7910135,0.523,0.14964534
-4.8472137,2.3206596,1.8040088,0.523,0.15055454
-4.8591638,2.3709683,1.8170826,0.523,0.15146373
-4.871769,2.4211094,1.8302349,0.523,0.15075049
-4.8850336,2.4710858,1.8433256,0.523,0.15003726
-4.898953,2.5208898,1.8563548,0.523,0.14932401
-4.913522,2.5705135,1.8693225,0.5220095,0.1453629
-4.9287124,2.6198792,1.8819249,0.52101904,0.14140178
-4.9445033,2.6689847,1.8941628,0.52002853,0.13744067
-4.960872,2.7178273,1.9060376,0.51684564,0.1331606
-4.9777255,2.7662027,1.9174743,0.5136627,0.12888055
-4.9950337,2.8141122,1.9284773,0.51047975,0.124600485
-5.0127673,2.8615587,1.9390508,0.505326,0.12337925
-5.0308204,2.9083452,1.9494157,0.5001722,0.12215803
-5.0491705,2.9544735,1.9595736,0.4950184,0.120936796
-5.0677977,2.9999466,1.969527,0.49303243,0.119096726
-5.086804,3.0450604,1.9792904,0.49104643,0.11725666
-5.106176,3.0898154,1.9888648,0.48906043,0.11541658
-5.1258993,3.134212,1.9982514,0.48711342,0.109801
-5.1459713,3.1782734,2.0071478,0.48516637,0.10418542
-5.166365,3.2220056,2.015557,0.48321933,0.09856984
-5.187054,3.2654147,2.0234828,0.48106933,0.09423051
-5.208002,3.3084843,2.0310268,0.4789193,0.08989118
-5.2291875,3.35122,2.0381923,0.4767693,0.08555184
-5.2505903,3.3936274,2.0449822,0.47497717,0.07857011
-5.2722116,3.435754,2.0511956,0.47318506,0.07158838
-5.294023,3.4776092,2.0568364,0.47139293,0.06460665
-5.315997,3.5192022,2.0619087,0.46808654,0.057846833
-5.3380356,3.5604095,2.0664191,0.46478015,0.05108701
-5.3601108,3.6012416,2.0703747,0.46147376,0.04432719
-5.3821964,3.6417093,2.073783,0.45110825,0.029289257
-5.403932,3.681216,2.0759847,0.44074273,0.014251327
-5.425261,3.719781,2.0770316,0.43037722,-0.0007866025
-5.4461293,3.7574205,2.076975,0.41468084,-0.020328771
-5.4662304,3.7936811,2.0755703,0.39898443,-0.03987094
-5.4855103,3.8285758,2.0729196,0.38328806,-0.059413113
-5.5039253,3.8621142,2.0691266,0.36680016,-0.07192742
-5.5214114,3.89425,2.064733,0.35031226,-0.08444174
-5.5379605,3.9249842,2.0598087,0.33382437,-0.096956044
-5.5535684,3.9543157,2.0544229,0.31595415,-0.09953264
-5.568187,3.9821491,2.0491903,0.2980839,-0.10210924
-5.581838,4.0084734,2.0441263,0.28021368,-0.10468583
-5.5945415,4.033277,2.039246,0.26442724,-0.09516617
-5.6064267,4.0567646,2.0350583,0.2486408,-0.08564651
-5.6175194,4.078915,2.0315135,0.23285437,-0.07612685
-5.6278415,4.0997124,2.0285618,0.22383106,-0.059059598
-5.6377163,4.119756,2.02636,0.21480775,-0.041992344
-5.647159,4.139029,2.024857,0.20578443,-0.024925089
-5.6561823,4.1575165,2.0240023,0.19743961,-0.0143314125
-5.6648264,4.175266,2.0235307,0.1890948,-0.0037377358
-5.6730976,4.19227,2.023413,0.18074998,0.006855941
-5.681002,4.208524,2.0236194,0.17271578,0.013849139
-5.6885576,4.224054,2.024018,0.16468157,0.020842338
-5.695767,4.2388563,2.02459,0.15664737,0.027835537
-5.7026315,4.25293,2.0253167,0.14752035,0.051792406
-5.7090993,4.2661667,2.0265896,0.13839331,0.07574928
-5.7151737,4.2785573,2.028335,0.12926629,0.09970615
-5.7208557,4.2900968,2.0304797,0.12139501,0.12049317
-5.7262025,4.300897,2.0329115,0.11352372,0.1412802
-5.731213,4.310958,2.0355759,0.10565244,0.16206722
-5.735887,4.3202786,2.038417,0.099771254,0.16942926
-5.7403197,4.3290567,2.0412211,0.09389008,0.17679128
-5.744509,4.3372955,2.0439732,0.0880089,0.18415332
-5.748452,4.344997,2.046659,0.08496268,0.18089077
-5.7522807,4.352426,2.0492067,0.08191646,0.17762822
-5.7559924,4.359584,2.051619,0.07887024,0.17436567
