6.824509,-7.441478,-2.7864354,0.83019245,0.0
6.746671,-7.4703465,-2.7864354,0.523,0.099991396
6.69788,-7.4884424,-2.7777338,0.49780685,0.19998279
6.6522856,-7.5058055,-2.7612522,0.4726137,0.29997417
6.610361,-7.5225673,-2.7379763,0.50057644,0.39982864
6.567957,-7.5406766,-2.7055004,0.523,0.49968308
6.5263476,-7.5600667,-2.663735,0.523,0.59953755
6.4880056,-7.579924,-2.61455,0.523,0.69898856
6.453403,-7.600061,-2.5584633,0.523,0.79843956
6.4229383,-7.6201572,-2.4960284,0.523,0.8978905
6.396901,-7.6397686,-2.427863,0.523,0.9904148
6.3752227,-7.658543,-2.3549695,0.523,1.0
6.355266,-7.678549,-2.2816212,0.523,1.0
6.3368287,-7.6999636,-2.2082732,0.523,1.0
6.3200107,-7.7226715,-2.134925,0.523,1.0
6.3049016,-7.746551,-2.0615766,0.523,1.0
6.2915835,-7.7714734,-1.9882284,0.523,1.0
6.2801275,-7.7973046,-1.9148803,0.523,1.0
6.270595,-7.823906,-1.841532,0.523,1.0
6.2630377,-7.851135,-1.7681838,0.523,1.0
6.257496,-7.878844,-1.6948355,0.523,1.0
6.254,-7.906884,-1.6214874,0.523,1.0
6.2525682,-7.935106,-1.5481391,0.523,0.96229374
6.2532454,-7.964995,-1.4766184,0.523,0.9245875
6.256207,-7.9963484,-1.407027,0.523,0.8868813
6.261595,-8.028952,-1.3394637,0.523,0.8568434
6.269447,-8.062286,-1.2735848,0.523,0.82680553
6.2798195,-8.096152,-1.2094501,0.523,0.7967677
6.292744,-8.130351,-1.1471173,0.523,0.7686229
6.308201,-8.164623,-1.0865237,0.523,0.7404781
6.3261743,-8.19879,-1.0277175,0.523,0.71233326
6.346629,-8.2326765,-0.9707452,0.523,0.6865574
6.369471,-8.266061,-0.9154921,0.523,0.66078156
6.3946342,-8.2987995,-0.861995,0.523,0.6350057
6.4220414,-8.330763,-0.81028926,0.523,0.6149756
6.4514866,-8.3617115,-0.75999945,0.523,0.59494543
6.482882,-8.391552,-0.7111457,0.523,0.5749153
6.516135,-8.4202,-0.66374767,0.523,0.55357605
6.5511785,-8.447609,-0.6179213,0.523,0.53223675
6.587911,-8.473717,-0.5736875,0.523,0.51089746
6.626229,-8.498477,-0.5310665,0.523,0.49948797
6.665816,-8.5217285,-0.48931572,0.523,0.48807845
6.7065883,-8.543441,-0.4484407,0.523,0.47666892
6.7484636,-8.563588,-0.40844673,0.523,0.46583802
6.791347,-8.582148,-0.36929393,0.523,0.45500714
6.835159,-8.599105,-0.3309869,0.523,0.44417623
6.8798203,-8.614451,-0.29353014,0.523,0.44307035
6.9250493,-8.628122,-0.25616047,0.523,0.44196445
6.970782,-8.6401005,-0.21887788,0.523,0.44085857
7.0169525,-8.650371,-0.18168245,0.523,0.43932137
7.063507,-8.658923,-0.14460826,0.523,0.43778414
7.11038,-8.66575,-0.10765538,0.523,0.43624693
7.157508,-8.670842,-0.0708239,0.523,0.43082422
7.2049093,-8.674206,-0.034421373,0.523,0.4254015
7.25252,-8.675845,0.0015511368,0.523,0.4199788
7.300275,-8.675771,0.037092566,0.523,0.40765452
7.348256,-8.67399,0.071650416,0.523,0.39533028
7.3963985,-8.670535,0.10521943,0.523,0.383006
7.4446406,-8.66544,0.13779452,0.523,0.3774613
7.492798,-8.658762,0.16992082,0.523,0.37191662
7.5408206,-8.650522,0.20159733,0.523,0.36637196
7.5886607,-8.640745,0.23282309,0.523,0.35911995
7.6363034,-8.629448,0.26345786,0.523,0.35186794
7.683705,-8.616662,0.2935,0.523,0.34461594
7.730825,-8.602422,0.32294798,0.523,0.33928645
7.777594,-8.586769,0.3519583,0.523,0.333957
7.8239756,-8.569736,0.38053012,0.523,0.3286275
7.869936,-8.551351,0.40866268,0.523,0.33032876
7.915334,-8.531691,0.43693554,0.523,0.33203
7.960133,-8.510768,0.46534863,0.523,0.33373126
8.0042925,-8.488594,0.49390188,0.523,0.33283406
8.047815,-8.465161,0.5223812,0.523,0.33193687
8.090666,-8.440491,0.5507866,0.523,0.33103967
8.132812,-8.414605,0.5791181,0.523,0.33197013
8.174194,-8.387546,0.60752624,0.523,0.3329006
8.214778,-8.359329,0.63601106,0.523,0.33383107
8.254529,-8.329979,0.66457254,0.523,0.33385825
8.293426,-8.299505,0.6931363,0.523,0.3338854
8.331435,-8.267933,0.7217022,0.523,0.33391255
8.368527,-8.235289,0.75027037,0.523,0.33285746
8.404686,-8.201587,0.7787517,0.523,0.33180237
8.439881,-8.166855,0.80714595,0.523,0.3307473
8.474091,-8.131125,0.83545333,0.523,0.33062363
8.507275,-8.09444,0.8637505,0.523,0.33049998
8.53941,-8.056829,0.8920375,0.523,0.33037633
8.57047,-8.018323,0.92031425,0.523,0.33068433
8.600425,-7.978958,0.94861645,0.523,0.33099234
8.6292515,-7.938765,0.976944,0.523,0.33130038
8.656925,-7.8977766,1.005297,0.523,0.33152387
8.683423,-7.8560233,1.0336684,0.523,0.33174738
8.708724,-7.813538,1.0620582,0.523,0.33197087
8.732807,-7.770355,1.0904664,0.523,0.3324755
8.7556505,-7.7265134,1.1189162,0.523,0.33298016
8.777233,-7.6820474,1.1474075,0.523,0.3334848
8.797537,-7.636992,1.1759405,0.523,0.33958256
8.816506,-7.591473,1.2049751,0.523,0.34568036
8.834108,-7.545523,1.2345104,0.523,0.35177815
8.850309,-7.499176,1.2645452,0.523,0.35481524
8.865095,-7.4524155,1.2948284,0.523,0.35785237
8.878443,-7.4052825,1.3253597,0.523,0.3608895
8.890332,-7.3578176,1.3561388,0.523,0.36604127
8.900735,-7.3101034,1.3873377,0.523,0.37119305
8.909626,-7.262183,1.4189554,0.523,0.37634486
8.916984,-7.2141027,1.4509913,0.523,0.37921092
8.922791,-7.165867,1.4832593,0.523,0.382077
8.927032,-7.1175237,1.5157592,0.523,0.38494307
8.929699,-7.0691247,1.5484909,0.523,0.3926108
8.930777,-7.020816,1.581841,0.523,0.4002785
8.930245,-6.972653,1.6158077,0.523,0.4079462
8.928085,-6.9246936,1.6503888,0.523,0.40759885
8.924267,-6.87683,1.6849422,0.523,0.4072515
8.9187975,-6.82912,1.7194679,0.523,0.40690416
8.911683,-6.78162,1.7539656,0.523,0.40430084
8.902925,-6.734341,1.788255,0.523,0.4016975
8.89254,-6.687338,1.8223355,0.523,0.39909413
8.880546,-6.6406646,1.856207,0.523,0.39349803
8.866945,-6.5943155,1.8896285,0.523,0.38790193
8.851769,-6.5483413,1.9225991,0.523,0.38230583
8.835049,-6.502789,1.9551176,0.523,0.37623623
8.816812,-6.4576955,1.9871446,0.523,0.3701666
8.797092,-6.413103,2.018679,0.523,0.36409697
8.7759285,-6.369052,2.0497196,0.523,0.35310924
8.753314,-6.3255,2.079863,0.523,0.3421215
8.729302,-6.2824783,2.1091063,0.523,0.33113378
8.703946,-6.240014,2.1374457,0.523,0.321548
8.67731,-6.19815,2.1649935,0.523,0.31196225
8.649443,-6.156906,2.1917472,0.523,0.3023765
8.620395,-6.1162987,2.2177045,0.5222301,0.29221076
8.590253,-6.076394,2.2427776,0.52146024,0.28204504
8.559073,-6.0371976,2.2669666,0.5206903,0.27187932
8.526909,-5.998712,2.290271,0.5194633,0.26198664
8.493844,-5.9609737,2.3126945,0.5182363,0.25209397
8.459934,-5.923978,2.3342388,0.5170092,0.2422013
8.425231,-5.8877163,2.3549054,0.5159602,0.23052664
8.389758,-5.8521514,2.374554,0.5149112,0.21885198
8.353571,-5.817269,2.3931859,0.51386213,0.20717731
8.316721,-5.7830496,2.4108026,0.5125379,0.19402534
8.279271,-5.7494817,2.427273,0.5112137,0.18087335
8.241278,-5.7165384,2.4426,0.5098895,0.16772136
8.202793,-5.6841903,2.4567866,0.508543,0.15608151
8.163883,-5.652415,2.469962,0.5071966,0.14444166
8.124594,-5.6211824,2.4821296,0.50585014,0.13280183
8.084967,-5.590462,2.493293,0.503876,0.12066397
8.0450945,-5.560258,2.5034018,0.50190175,0.10852612
8.00502,-5.5305333,2.5124621,0.49992755,0.096388265
7.9647865,-5.5012517,2.5204809,0.4972385,0.0827897
7.924488,-5.4724145,2.5273342,0.49454942,0.06919113
7.88417,-5.4439793,2.5330327,0.49186036,0.05559256
7.843877,-5.415904,2.5375876,0.48941305,0.047701947
7.8036404,-5.3881397,2.5414772,0.48696572,0.039811336
7.7634845,-5.3606606,2.5447073,0.4845184,0.031920724
7.723431,-5.3334413,2.5472846,0.4831885,0.02214406
7.683407,-5.306392,2.5490677,0.4818586,0.012367398
7.6434383,-5.2794847,2.550061,0.48052868,0.0025907338
7.60355,-5.252689,2.5502684,0.4796913,-0.004266816
7.5637264,-5.2259483,2.5499272,0.47885394,-0.011124367
7.5239835,-5.199242,2.5490396,0.47801656,-0.017981917
7.4843373,-5.17255,2.547607,0.4779953,-0.025650626
7.4447384,-5.145807,2.5455637,0.4779741,-0.033319335
7.4052043,-5.1189904,2.5429099,0.47795284,-0.040988047
7.365755,-5.0920777,2.539646,0.47810596,-0.04778881
7.3263927,-5.065036,2.5358393,0.47825906,-0.054589577
7.287135,-5.037845,2.53149,0.47841215,-0.06139034
7.2479987,-5.010486,2.5265982,0.47886282,-0.06573036
7.2089705,-4.982918,2.5213559,0.47931352,-0.070070386
7.1700625,-4.9551272,2.5157628,0.4797642,-0.07441041
7.1312866,-4.9271016,2.5098186,0.48046604,-0.07872012
7.0926337,-4.898814,2.5035212,0.4811679,-0.08302984
7.054117,-4.870252,2.4968703,0.4818698,-0.08733955
7.01575,-4.8414035,2.4898648,0.4826889,-0.09003182
6.97753,-4.812244,2.482632,0.48350802,-0.09272409
6.9394665,-4.7827663,2.4751704,0.48432714,-0.09541636
6.90157,-4.7529626,2.46748,0.48525783,-0.09802965
6.8638406,-4.722818,2.4595644,0.4861885,-0.100642934
6.8262887,-4.692325,2.451423,0.4871192,-0.103256226
6.788925,-4.661477,2.4430547,0.4881369,-0.10436518
6.751748,-4.6302557,2.4345794,0.48915455,-0.10547413
6.714764,-4.5986586,2.4259965,0.49017224,-0.106583074
6.6779804,-4.5666823,2.4173057,0.49138674,-0.10560452
6.6413817,-4.5343046,2.4086728,0.49260128,-0.10462597
6.604971,-4.5015273,2.4000988,0.49381578,-0.10364742
6.5687494,-4.4683547,2.3915834,0.49571028,-0.100647524
6.532663,-4.434736,2.3832822,0.4976048,-0.09764764
6.496709,-4.4006786,2.3751967,0.4994993,-0.09464775
6.460885,-4.3661914,2.3673291,0.5018732,-0.09211402
6.4251566,-4.3312497,2.359635,0.50424707,-0.08958028
6.3895216,-4.2958593,2.3521168,0.50662094,-0.08704655
6.3539796,-4.2600265,2.3447762,0.5092212,-0.08398934
6.3185115,-4.2237387,2.3376563,0.5118215,-0.08093213
6.2831135,-4.187003,2.33076,0.5144218,-0.07787493
6.2477827,-4.149828,2.32409,0.5171359,-0.076719575
6.212512,-4.112217,2.3174841,0.51985,-0.07556422
6.1773043,-4.0741715,2.3109434,0.5225641,-0.074408874
6.14216,-4.035694,2.3044686,0.523,-0.07161668
6.1072297,-3.9969492,2.2982314,0.523,-0.068824485
6.072535,-3.9579797,2.292237,0.523,-0.0660323
6.038068,-3.9187956,2.2864854,0.523,-0.062066596
6.0038176,-3.8794038,2.2810786,0.523,-0.058100898
5.9697733,-3.839818,2.276017,0.523,-0.054135196
5.9359217,-3.8000517,2.2713006,0.523,-0.050829403
5.9022527,-3.760119,2.266872,0.523,-0.04752361
5.8687553,-3.720031,2.2627308,0.523,-0.044217817
5.835419,-3.6797988,2.258878,0.523,-0.041589063
5.802234,-3.6394339,2.2552538,0.523,-0.038960308
5.7691927,-3.5989444,2.2518585,0.523,-0.036331553
5.736285,-3.558339,2.2486923,0.523,-0.034254022
5.703504,-3.517627,2.245707,0.523,-0.032176487
5.6708426,-3.4768143,2.242903,0.523,-0.030098956
5.6382937,-3.4359074,2.2402797,0.523,-0.027503163
5.6058493,-3.3949122,2.2378826,0.523,-0.02490737
5.5735016,-3.3538365,2.2357118,0.523,-0.022311574
5.5412407,-3.3126884,2.233767,0.523,-0.019896764
5.5090585,-3.2714753,2.2320328,0.523,-0.017481953
5.4769464,-3.2302048,2.230509,0.523,-0.015067142
5.4448957,-3.1888838,2.2291958,0.523,-0.011559432
5.412898,-3.1475186,2.2281883,0.523,-0.008051723
5.380941,-3.1061199,2.2274864,0.523,-0.0045440136
5.3490124,-3.0646977,2.2270904,0.523,-0.0022769987
5.3170996,-3.0232627,2.2268918,0.523,-9.983778e-06
5.2851954,-2.9818213,2.226891,0.523,0.0022570312
5.253291,-2.9403799,2.2270877,0.523,0.004642886
5.221379,-2.898945,2.2274923,0.523,0.007028741
5.1894503,-2.8575237,2.228105,0.523,0.009414596
5.157497,-2.8161228,2.2289257,0.523,0.02340656
5.125517,-2.7747576,2.2309659,0.523,0.037398525
5.0934663,-2.7334754,2.234225,0.523,0.051390488
5.061301,-2.6923234,2.2387025,0.523,0.063701406
5.0289755,-2.651345,2.2442513,0.523,0.07601233
4.9964504,-2.6105816,2.2508707,0.523,0.08832325
4.96369,-2.5700755,2.2585595,0.523,0.09825725
4.9306493,-2.5298598,2.2671106,0.523,0.108191244
4.8973007,-2.4899693,2.2765229,0.523,0.118125245
4.863616,-2.450439,2.2867954,0.523,0.122305326
4.829544,-2.4112766,2.2974298,0.523,0.1264854
4.795076,-2.3724992,2.308426,0.523,0.1306655
4.760202,-2.3341236,2.3197832,0.523,0.13336915
4.7249074,-2.2961605,2.331374,0.523,0.13607278
4.689188,-2.2586226,2.3431985,0.523,0.13877642
4.6530414,-2.2215235,2.3552563,0.523,0.13773666
4.616444,-2.1848576,2.3672245,0.523,0.13669689
4.5794053,-2.1486273,2.3791027,0.523,0.13565713
4.541934,-2.1128345,2.3908913,0.5217755,0.1329779
4.504118,-2.0775557,2.4024215,0.520551,0.13029867
4.465974,-2.0427847,2.413694,0.5193265,0.12761946
4.4275174,-2.0085146,2.42471,0.5161046,0.12677415
4.388923,-1.9748768,2.4355857,0.5128827,0.12592885
4.3502035,-1.9418644,2.4463217,0.5096608,0.12508354
4.3113737,-1.9094709,2.456919,0.50608736,0.1274383
4.2724886,-1.8777245,2.467639,0.50251395,0.12979306
4.2335544,-1.8466274,2.4784791,0.4989405,0.13214783
4.1945767,-1.8161818,2.4894361,0.49717295,0.13280591
4.155411,-1.786274,2.5004084,0.49540544,0.133464
4.1160626,-1.756905,2.5113955,0.4936379,0.13412207
4.076539,-1.728076,2.522397,0.48921236,0.12577517
4.037015,-1.6999073,2.5326252,0.48478684,0.11742827
3.9975247,-1.6723675,2.5420914,0.4803613,0.10908137
3.958101,-1.6454251,2.550807,0.47572374,0.09485136
3.9187696,-1.6190457,2.5583162,0.47108617,0.080621354
3.8795776,-1.5931845,2.5646393,0.4664486,0.06639135
3.8405693,-1.567797,2.569797,0.46154448,0.057815142
3.8018215,-1.5428625,2.5742419,0.45664033,0.04923893
3.7633584,-1.5183524,2.5779877,0.4517362,0.040662725
3.7252033,-1.494239,2.5810485,0.43282646,0.04227392
3.688577,-1.4712484,2.584097,0.4139167,0.04388512
3.6534865,-1.4493707,2.5871234,0.39500695,0.045496315
3.6199386,-1.4285954,2.5901177,0.3744882,0.03946826
3.5880663,-1.4089897,2.5925806,0.35396945,0.033440202
3.5578883,-1.3905282,2.594553,0.3334507,0.027412146
3.52942,-1.3731899,2.5960763,0.31163037,0.013328922
3.5027823,-1.3570222,2.5967684,0.28981003,-0.0007543027
3.4779973,-1.3420023,2.596732,0.2679897,-0.014837528
3.4550812,-1.3281139,2.5960693,0.24923486,-0.020177644
3.4337795,-1.3151846,2.595231,0.23048002,-0.025517762
3.4140933,-1.3032131,2.5942512,0.21172519,-0.03085788
3.3960226,-1.2921999,2.5931623,0.19696547,-0.03140816
3.3792229,-1.2819362,2.5921314,0.18220575,-0.031958442
3.363692,-1.2724257,2.591161,0.16744605,-0.032508723
3.3494282,-1.263672,2.590254,0.15513666,-0.03664727
3.3362222,-1.255551,2.5893066,0.14282727,-0.04078582
3.324073,-1.2480639,2.588336,0.1305179,-0.044924367
3.3129797,-1.2412126,2.5873592,0.12053716,-0.06983132
3.3027554,-1.2348844,2.5859575,0.11055642,-0.09473827
3.2934048,-1.2290789,2.5842144,0.100575686,-0.11964522
3.2849305,-1.2237967,2.5822136,0.09578767,-0.12847179
3.2768786,-1.2187556,2.5801682,0.09099965,-0.13729836
3.269248,-1.2139565,2.5780923,0.08621163,-0.14612493
3.2620375,-1.2094005,2.5760002,0.08492637,-0.14417827
3.2549417,-1.2048965,2.5739665,0.083641104,-0.14223161
3.2479606,-1.200445,2.5719905,0.082355835,-0.14028494
3.2410934,-1.1960472,2.5700712,0.082068436,-0.13409019
3.2342527,-1.1916479,2.5682425,0.08178104,-0.12789543
3.2274384,-1.1872479,2.5665042,0.08149364,-0.12170067
3.2206507,-1.1828482,2.5648553,0.08124134,-0.11022339
3.213882,-1.1784451,2.563366,0.08098903,-0.098746106
3.2071326,-1.1740402,2.562035,0.08073673,-0.08726883
3.200403,-1.1696355,2.5608623,0.08061255,-0.06643607
3.1936781,-1.1652225,2.5599704,0.08048837,-0.045603298
3.1869597,-1.1608052,2.5593588,0.08036419,-0.024770534
3.1802497,-1.1563874,2.5590272,0.08102575,-0.0029562353
3.1734836,-1.1519297,2.5589871,0.08168731,0.018858064
3.1666636,-1.147436,2.559244,0.08234886,0.04067236
3.1597917,-1.1429107,2.559802,0.08129637,0.06813513
3.1530154,-1.1384537,2.5607245,0.08024388,0.0955979
3.1463377,-1.1340704,2.562001,0.07919139,0.123060666
3.139762,-1.1297661,2.563621,0.07661633,0.14975189
3.1334167,-1.1256272,2.5655262,0.07404128,0.17644311
3.1273038,-1.1216565,2.5676923,0.07146622,0.20313433
3.1214256,-1.1178563,2.5700953,0.06993613,0.21214633
3.1156752,-1.1141583,2.5725496,0.06840602,0.22115833
3.1100528,-1.1105622,2.5750504,0.06687593,0.23017032
3.104559,-1.1070675,2.5775933,0.07270358,0.23627268
3.0985854,-1.103289,2.5804298,0.07853123,0.24237505
3.092131,-1.099232,2.5835712,0.084358886,0.2484774
3.0851946,-1.0949023,2.5870287,0.082785524,0.24932888
3.0783741,-1.0906777,2.5904334,0.08121216,0.25018036
3.071671,-1.0865573,2.5937846,0.0796388,0.25103182
