-2.466521,1.7129357,2.3176982,0.42614517,0.0
-2.495472,1.7442062,2.3176982,0.43562156,0.09981265
-2.5249195,1.7760128,2.3249328,0.44509792,0.1996253
-2.5547884,1.8078101,2.3396435,0.45457432,0.29943794
-2.5849888,1.8390272,2.3619921,0.47219,0.39807564
-2.6159449,1.8696264,2.3924992,0.48980567,0.4967133
-2.647479,1.8989501,2.431401,0.5074213,0.595351
-2.679334,1.926341,2.478828,0.523,0.64885324
-2.7121835,1.9519815,2.5315003,0.523,0.7023555
-2.744903,1.9748544,2.5878117,0.523,0.7558577
-2.777273,1.9948692,2.6476004,0.523,0.6672483
-2.8134444,2.0143485,2.7015414,0.523,0.57863885
-2.8530588,2.0330007,2.7492115,0.523,0.49002936
-2.895697,2.0506463,2.7902367,0.523,0.42793417
-2.940374,2.0670233,2.8264103,0.523,0.36583897
-2.986807,2.0821629,2.8575926,0.523,0.30374378
-3.034714,2.0961463,2.8836637,0.523,0.2528242
-3.083676,2.109063,2.9054675,0.523,0.2019046
-3.133492,2.1210492,2.9229476,0.523,0.150985
-3.1839662,2.1322644,2.9360585,0.523,0.11050804
-3.234853,2.1428733,2.9456716,0.523,0.07003108
-3.2860267,2.1530294,2.9517708,0.523,0.029554117
-3.337365,2.1628933,2.9543467,0.523,0.008419496
-3.388749,2.1726289,2.9550805,0.523,-0.012715125
-3.4401376,2.1823263,2.953972,0.523,-0.033849746
-3.4914904,2.1920757,2.9510221,0.523,-0.05167554
-3.542775,2.2019691,2.9465199,0.523,-0.06950133
-3.593959,2.2120824,2.9404664,0.523,-0.08732713
-3.6450098,2.2224908,2.9328642,0.523,-0.09171938
-3.6959593,2.2332826,2.9248805,0.523,-0.09611164
-3.7468004,2.244476,2.9165156,0.523,-0.10050389
-3.797524,2.2560897,2.9077697,0.523,-0.10979279
-3.8480945,2.2681346,2.8982186,0.523,-0.11908169
-3.8984938,2.2806485,2.8878634,0.523,-0.1283706
-3.9487026,2.2936685,2.8767045,0.523,-0.13612796
-3.9987116,2.307234,2.864875,0.523,-0.14388533
-4.048502,2.321375,2.8523765,0.523,-0.1516427
-4.098055,2.3361197,2.8392088,0.523,-0.15950325
-4.147348,2.3514967,2.8253644,0.523,-0.16736382
-4.19636,2.367534,2.8108437,0.523,-0.1752244
-4.245068,2.3842583,2.795648,0.523,-0.18291366
-4.293449,2.4016967,2.7797928,0.523,-0.19060294
-4.341477,2.4198735,2.763279,0.523,-0.19829223
-4.389127,2.438812,2.7461076,0.523,-0.21267617
-4.436302,2.458507,2.7277088,0.523,-0.22706012
-4.4829574,2.4790006,2.7080863,0.523,-0.24144407
-4.5290427,2.500332,2.6872444,0.5182012,-0.3
-4.573526,2.522059,2.6617212,0.5134024,-0.3
-4.6170335,2.5447025,2.6364343,0.5086036,-0.3
-4.659553,2.5682168,2.611384,0.52066994,-0.3
-4.702465,2.5933716,2.5857391,0.523,-0.3
-4.7449074,2.6197362,2.5599797,0.523,-0.3
-4.7866564,2.647185,2.5342202,0.523,-0.3
-4.8276844,2.6757002,2.5084608,0.523,-0.3
-4.8679643,2.7052627,2.482701,0.523,-0.3
-4.9074693,2.7358527,2.4569416,0.523,-0.3
-4.9461737,2.76745,2.4311821,0.523,-0.3
-4.984051,2.8000338,2.4054227,0.523,-0.3
