6.889931,-7.6597633,-2.286748,-0.062470023,0.0
6.894031,-7.6550503,-2.286748,-0.03288008,0.0999558
6.8961787,-7.6525817,-2.2872949,-0.003290133,0.1999116
6.8963904,-7.6523385,-2.2874038,0.026299812,0.2998674
6.89474,-7.654233,-2.286109,0.055924017,0.39928216
6.8913608,-7.6581225,-2.2824855,0.08554822,0.49869695
6.886454,-7.663812,-2.275666,0.11517243,0.59811175
6.880287,-7.6710615,-2.2648575,0.14384453,0.6916036
6.8732,-7.679578,-2.2495675,0.17251661,0.78509545
6.8655386,-7.6890755,-2.2292423,0.20118871,0.8785873
6.8576818,-7.6992316,-2.2034285,0.21863869,0.9374928
6.850031,-7.7096667,-2.1740553,0.23608866,0.9963982
6.842754,-7.72023,-2.1410217,0.25353864,1.0
6.835359,-7.7317615,-2.1054642,0.26101193,0.9940647
6.8281064,-7.7440076,-2.0689988,0.2684852,0.9881294
6.8210473,-7.7569857,-2.0316346,0.27595845,0.9821941
6.814234,-7.7707086,-1.9933814,0.27812684,0.9420943
6.8075256,-7.785626,-1.9558903,0.28029525,0.9019946
6.8009973,-7.801733,-1.9192386,0.28246364,0.8618948
6.7947187,-7.819016,-1.8835033,0.2906999,0.82349575
6.7886405,-7.8378158,-1.8479639,0.29893616,0.7850967
6.7828546,-7.858153,-1.8127446,0.30717242,0.74669766
6.777453,-7.880041,-1.7779717,0.31768262,0.72845197
6.772577,-7.9032397,-1.7427241,0.32819283,0.71020633
6.7683196,-7.9277573,-1.7070609,0.33870304,0.69196063
6.7647767,-7.9535956,-1.6710428,0.34413108,0.70078814
6.7621446,-7.9797664,-1.6340591,0.34955913,0.7096156
6.760468,-8.006231,-1.5961003,0.35498717,0.7184431
6.759792,-8.032948,-1.5571574,0.35945323,0.7272306
6.760158,-8.059797,-1.5173298,0.3639193,0.7360181
6.7615995,-8.08673,-1.4766108,0.36838534,0.74480563
6.764147,-8.113694,-1.4349937,0.3752934,0.74932873
6.7678666,-8.140919,-1.3923887,0.38220146,0.75385183
6.7728114,-8.168341,-1.3487889,0.3891095,0.75837487
6.7790313,-8.195895,-1.3041877,0.39888224,0.7518787
6.7867074,-8.224001,-1.2587808,0.40865496,0.74538255
6.7959256,-8.25258,-1.2125856,0.41842768,0.73888636
6.80677,-8.281548,-1.1656195,0.42955163,0.7082599
6.8196297,-8.31153,-1.119048,0.4406756,0.67763346
6.8346167,-8.342418,-1.073001,0.45179954,0.647007
6.8518295,-8.374091,-1.0276102,0.45714644,0.627144
6.8709617,-8.405779,-0.9828986,0.4624933,0.60728097
6.892026,-8.437383,-0.93891263,0.4678402,0.58741796
6.9150276,-8.468805,-0.8956987,0.47121295,0.5768403
6.9397116,-8.499638,-0.8528672,0.4745857,0.5662626
6.9660583,-8.529803,-0.81043273,0.47795847,0.5556849
6.9940424,-8.559224,-0.7684102,0.48429337,0.56291807
7.023491,-8.587689,-0.72533584,0.49062827,0.57015127
7.054396,-8.615088,-0.68119895,0.49696317,0.5773844
7.086743,-8.641311,-0.63598907,0.50502694,0.52604055
7.1218786,-8.667252,-0.5937256,0.51309067,0.4746967
7.1597047,-8.692783,-0.55463934,0.5211544,0.42335284
7.200096,-8.717806,-0.51895595,0.523,0.4047451
7.241841,-8.74165,-0.48463106,0.523,0.38613737
7.284711,-8.764221,-0.45180297,0.523,0.36752963
7.328621,-8.78553,-0.420483,0.523,0.35726297
7.3733506,-8.805531,-0.38999984,0.523,0.3469963
7.4188404,-8.824229,-0.36035666,0.523,0.33672965
7.4650326,-8.841635,-0.3315566,0.523,0.3224838
7.511935,-8.857782,-0.30393144,0.523,0.308238
7.559486,-8.872697,-0.2774868,0.523,0.2939922
7.6076274,-8.886409,-0.25222805,0.523,0.29030588
7.656153,-8.898914,-0.227277,0.523,0.28661957
7.7050295,-8.910218,-0.202634,0.523,0.28293326
7.754223,-8.920325,-0.17829938,0.523,0.28418508
7.803629,-8.929229,-0.15386,0.523,0.28543693
7.85322,-8.93692,-0.1293159,0.523,0.28668877
7.9029665,-8.943389,-0.104667105,0.523,0.26418066
7.953176,-8.948664,-0.081906274,0.523,0.24167255
8.003786,-8.952818,-0.06104495,0.523,0.21916443
8.05474,-8.955933,-0.042093687,0.523,0.16187787
8.10631,-8.958104,-0.028044876,0.523,0.10459131
8.158304,-8.959563,-0.018944614,0.523,0.04730475
8.210536,-8.960553,-0.014822753,0.523,-0.0056809783
8.26283,-8.961328,-0.015317942,0.523,-0.058666706
8.315033,-8.962128,-0.020428792,0.523,-0.111652434
