4.19966,-6.4898176,-0.98349303,0.84263766,0.0
4.2463517,-6.559962,-0.98349303,0.523,0.09988072
4.275188,-6.6032815,-0.97480124,0.4937006,0.19976144
4.3023496,-6.643327,-0.95847327,0.4644012,0.29964215
4.3278527,-6.6796365,-0.93562645,0.47361282,0.39665365
4.353771,-6.714801,-0.905131,0.48282444,0.49366516
4.380029,-6.748241,-0.8669994,0.49203607,0.59067667
4.406475,-6.7793975,-0.82132834,0.5027903,0.680286
4.4331026,-6.808011,-0.76861787,0.5135445,0.7698954
4.4596086,-6.833642,-0.70904154,0.523,0.8595047
4.485522,-6.855872,-0.64301115,0.5172866,0.88082355
4.5118723,-6.875615,-0.5765171,0.51157314,0.9021424
4.5384603,-6.8929024,-0.50961554,0.50585973,0.92346126
4.5650907,-6.907785,-0.442362,0.50195354,0.87394273
4.5942054,-6.9215755,-0.37820688,0.49804735,0.82442415
4.625632,-6.9340625,-0.31726605,0.49414116,0.77490556
4.6591754,-6.945077,-0.2596452,0.492504,0.81280315
4.691899,-6.953769,-0.2000344,0.4908668,0.8507007
4.7236238,-6.9602017,-0.13853347,0.48922965,0.88859826
4.754174,-6.964461,-0.07524439,0.48584667,0.8377601
4.7865915,-6.966905,-0.015068537,0.4824637,0.786922
4.820651,-6.967418,0.04187693,0.4790807,0.73608387
4.856125,-6.965932,0.09548533,0.48112595,0.76845455
4.8905597,-6.9626336,0.15121774,0.48317122,0.8008253
4.92381,-6.957567,0.20903167,0.48521647,0.833196
4.955731,-6.9507957,0.26888186,0.4814577,0.8037168
4.987945,-6.941919,0.32665202,0.47769898,0.7742375
5.0202928,-6.9309597,0.38231757,0.47394022,0.7447583
5.0526233,-6.9179597,0.43585655,0.47820514,0.765003
5.0838947,-6.9033957,0.49105254,0.48247007,0.78524774
5.113984,-6.8873057,0.5479036,0.486735,0.80549246
5.142767,-6.8697414,0.60640687,0.48900878,0.7713918
5.171575,-6.8497605,0.6632243,0.49128258,0.73729116
5.2002344,-6.8273697,0.7182713,0.49355638,0.7031905
5.228581,-6.802594,0.7714647,0.50709045,0.71806824
5.2559576,-6.77597,0.8270698,0.52062446,0.732946
5.282154,-6.7474937,0.8851248,0.523,0.7478238
5.3064337,-6.7178154,0.94440204,0.523,0.7044334
5.329796,-6.6855297,1.0008514,0.523,0.661043
5.352072,-6.650772,1.0543665,0.523,0.6176526
5.373125,-6.6136956,1.1048467,0.523,0.6210117
5.392235,-6.575695,1.1555654,0.523,0.62437075
5.4093523,-6.536868,1.2065219,0.523,0.62772983
5.424433,-6.497316,1.2577157,0.523,0.5772631
5.4379306,-6.4556212,1.3052853,0.523,0.52679634
5.449794,-6.411996,1.3491098,0.523,0.47632957
5.4600134,-6.3666553,1.3890775,0.523,0.4624193
5.4684725,-6.3206186,1.4279639,0.523,0.448509
5.4751806,-6.2739716,1.4657613,0.523,0.43459874
5.480154,-6.2267947,1.5024625,0.523,0.42994368
5.4834003,-6.1793656,1.5387952,0.523,0.42528862
5.484925,-6.1317487,1.5747588,0.523,0.42063355
5.4847355,-6.084008,1.6103524,0.523,0.4099839
5.4828386,-6.03608,1.6450965,0.523,0.39933425
5.479262,-5.9880276,1.6789874,0.523,0.3886846
5.4740357,-5.939912,1.712021,0.523,0.3749475
5.4671855,-5.89173,1.7439436,0.523,0.36121038
5.4587564,-5.8435364,1.7747488,0.523,0.34747323
5.4487967,-5.795381,1.8044311,0.523,0.34732032
5.4374113,-5.74754,1.8341008,0.523,0.3471674
5.424611,-5.7000556,1.863758,0.523,0.3470145
5.410408,-5.6529684,1.8934027,0.51850176,0.34792802
5.394954,-5.6067395,1.9228666,0.5140035,0.34884158
5.378297,-5.561398,1.9521484,0.5095053,0.3497551
5.360482,-5.5169706,1.981247,0.4899495,0.3109658
5.34187,-5.4742002,2.0062327,0.47039372,0.2721765
5.3227587,-5.4331203,2.0273085,0.45083794,0.2333872
5.303424,-5.39375,2.0446863,0.43473125,0.23515931
5.284131,-5.3561325,2.0615683,0.41862455,0.23693143
5.264952,-5.3202424,2.077945,0.40251783,0.23870355
5.2459564,-5.286055,2.093807,0.39165598,0.24606004
5.226983,-5.253147,2.1097074,0.3807941,0.25341654
5.2080646,-5.2215085,2.125619,0.36993226,0.260773
