-3.6258152,-3.8196034,-2.2120569,0.47063825,0.0
-3.653969,-3.8573177,-2.2120569,0.44526199,-0.09608661
-3.680482,-3.892834,-2.2191765,0.4198857,-0.19217321
-3.7053719,-3.9256852,-2.2325423,0.39450943,-0.28825983
-3.728614,-3.9555247,-2.2512345,0.396261,-0.3
-3.7524307,-3.9849503,-2.2707517,0.3980126,-0.3
-3.7769248,-4.0140333,-2.2903552,0.39976418,-0.3
-3.8020947,-4.0427566,-2.3100448,0.40464157,-0.3
-3.8281393,-4.0713234,-2.329975,0.40951893,-0.3
-3.8550684,-4.099703,-2.350145,0.41439632,-0.3
-3.8828921,-4.1278653,-2.3705554,0.4179158,-0.3
-3.911526,-4.1556883,-2.3911393,0.4214353,-0.3
-3.940972,-4.183145,-2.4118962,0.4249548,-0.3
-3.9712327,-4.2102094,-2.4328268,0.42838883,-0.3
-4.0023017,-4.2368474,-2.4539263,0.4318229,-0.3
-4.0341797,-4.263033,-2.4751952,0.43525696,-0.3
-4.066865,-4.288737,-2.496633,0.44060847,-0.3
-4.1005025,-4.3140416,-2.5183344,0.44595996,-0.3
-4.1350965,-4.338909,-2.5402994,0.45131147,-0.3
-4.1706495,-4.3633,-2.5625281,0.45785382,-0.3
-4.207259,-4.3872366,-2.585079,0.46439618,-0.3
-4.2449303,-4.4106717,-2.6079519,0.47093853,-0.3
-4.283665,-4.433557,-2.6311474,0.4809387,-0.3
-4.323754,-4.4560046,-2.6548352,0.49093884,-0.3
-4.3652077,-4.477943,-2.6790156,0.500939,-0.3
-4.408035,-4.4992995,-2.7036884,0.51463,-0.3
-4.4525604,-4.5201473,-2.7290356,0.523,-0.3
-4.4983325,-4.54018,-2.7547953,0.523,-0.3
-4.5446053,-4.559028,-2.7805548,0.523,-0.3
-4.591348,-4.576678,-2.8063142,0.523,-0.3
-4.6385303,-4.5931177,-2.8320737,0.523,-0.3
-4.68612,-4.6083364,-2.8578334,0.523,-0.3
-4.734086,-4.622325,-2.8835928,0.523,-0.3
-4.7823963,-4.635073,-2.9093523,0.523,-0.3
-4.8310194,-4.6465726,-2.9351118,0.523,-0.2531161
-4.880577,-4.6569533,-2.9569402,0.523,-0.20623222
-4.9308987,-4.6663523,-2.9747896,0.523,-0.15934832
-4.9818196,-4.674926,-2.9886208,0.523,-0.14029166
-5.033001,-4.682817,-3.0008094,0.523,-0.12123501
-5.0844035,-4.6901016,-3.0113513,0.523,-0.10217836
-5.1359897,-4.6968584,-3.0202425,0.523,-0.07742123
-5.18775,-4.703171,-3.0269842,0.523,-0.052664112
-5.2396345,-4.709143,-3.0315726,0.523,-0.02790699
-5.2915983,-4.7148833,-3.034005,0.523,-0.015505647
-5.3435893,-4.720499,-3.0353563,0.523,-0.0031043054
-5.3955946,-4.7260447,-3.035627,0.523,0.0092970375
-5.447599,-4.731576,-3.0348165,0.523,0.021122253
-5.4995894,-4.7371483,-3.0329754,0.523,0.03294747
-5.551553,-4.742815,-3.0301042,0.523,0.044772685
-5.603476,-4.7486277,-3.0262027,0.523,0.0629918
-5.6553254,-4.7546372,-3.0207157,0.523,0.08121091
-5.7070727,-4.760923,-3.0136445,0.523,0.099430025
-5.758689,-4.767564,-3.0049918,0.523,0.11986884
-5.81013,-4.7746344,-2.9945683,0.523,0.14030765
-5.861357,-4.782221,-2.9823782,0.523,0.16074647
-5.91233,-4.7904058,-2.9684267,0.523,0.17374334
-5.9630723,-4.7992816,-2.9533582,0.523,0.18674019
-6.013555,-4.808898,-2.937175,0.523,0.19973706
-6.0637484,-4.8193035,-2.9198802,0.523,0.22136158
-6.113523,-4.830524,-2.900742,0.523,0.2429861
-6.1628213,-4.8426323,-2.8797696,0.523,0.26461062
-6.2115808,-4.8556986,-2.8569725,0.523,0.26835948
-6.2599797,-4.8698587,-2.8338604,0.523,0.27210838
-6.307989,-4.885117,-2.8104331,0.523,0.27585727
-6.3555775,-4.9014792,-2.7866914,0.523,0.29225668
-6.402539,-4.9188824,-2.7615774,0.523,0.30865613
-6.4488125,-4.9373655,-2.7350981,0.523,0.32505554
-6.494335,-4.9569616,-2.7072604,0.523,0.33286253
-6.539175,-4.9777617,-2.6787786,0.523,0.3406695
-6.5832834,-4.99977,-2.6496549,0.523,0.3484765
-6.6266108,-5.0229883,-2.6198902,0.523,0.35391524
-6.669143,-5.047437,-2.5896807,0.523,0.359354
-6.710833,-5.0731072,-2.5590267,0.523,0.36479273
-6.7516327,-5.099988,-2.5279295,0.523,0.3645616
-6.79158,-5.128126,-2.4968512,0.523,0.3643304
-6.8306375,-5.157495,-2.4657917,0.523,0.36409926
-6.8687673,-5.188065,-2.434751,0.523,0.36314002
-6.905944,-5.2198157,-2.4037883,0.523,0.36218074
-6.9421325,-5.2527137,-2.372904,0.523,0.36122146
-6.9773006,-5.286726,-2.3420978,0.523,0.36568475
-7.011347,-5.321746,-2.3109279,0.523,0.370148
-7.0442286,-5.3577476,-2.279395,0.523,0.3746113
-7.0759034,-5.394704,-2.2475,0.523,0.36147195
-7.106539,-5.432844,-2.2166734,0.523,0.3483326
-7.1361275,-5.472101,-2.1869206,0.523,0.33519328
-7.164668,-5.5124087,-2.158247,0.523,0.33870956
-7.192008,-5.5534678,-2.1292841,0.523,0.34222585
-7.218115,-5.595249,-2.1000323,0.523,0.34574214
-7.2429576,-5.6377225,-2.070492,0.523,0.339133
-7.26659,-5.681013,-2.0414941,0.523,0.33252388
-7.289009,-5.7250724,-2.0130405,0.523,0.32591474
-7.310214,-5.7698526,-1.9851319,0.523,0.33407918
-7.330105,-5.81508,-1.9565499,0.523,0.34224358
-7.348642,-5.860727,-1.9272966,0.523,0.35040802
-7.365785,-5.90676,-1.897374,0.523,0.3388012
-7.3816094,-5.95348,-1.8684036,0.523,0.32719436
-7.396132,-6.0008283,-1.8403893,0.523,0.31558755
-7.4093733,-6.0487494,-1.813335,0.523,0.31629127
-7.4213114,-6.097,-1.7862223,0.523,0.316995
-7.431934,-6.145546,-1.7590513,0.523,0.3176987
-7.4412317,-6.1943507,-1.7318221,0.523,0.30645394
-7.4492264,-6.243569,-1.7055256,0.523,0.2952092
-7.455948,-6.2931533,-1.6801654,0.523,0.28396446
-7.4614277,-6.3430586,-1.6557444,0.523,0.28302568
-7.4656887,-6.393097,-1.6314021,0.523,0.28208688
-7.468731,-6.4432373,-1.6071384,0.523,0.2811481
-7.4705567,-6.493451,-1.5829532,0.523,0.27083674
-7.4711695,-6.543841,-1.5596328,0.523,0.26052535
-7.4706054,-6.5943727,-1.5371797,0.523,0.25021395
-7.468902,-6.6450152,-1.5155963,0.523,0.25061783
-7.466107,-6.6956043,-1.4939787,0.523,0.2510217
-7.4622188,-6.7461157,-1.472327,0.523,0.2514256
-7.457239,-6.796526,-1.4506413,0.523,0.23531996
-7.451143,-6.847018,-1.430318,0.523,0.2192143
-7.443995,-6.8975635,-1.4113625,0.523,0.20310865
-7.4358625,-6.9481387,-1.3937796,0.523,0.19379982
-7.4268255,-6.9986577,-1.3769923,0.523,0.18449098
-7.416924,-7.0491076,-1.361002,0.523,0.17518215
-7.4061985,-7.0994782,-1.3458099,0.523,0.16135454
-7.3946824,-7.149798,-1.3318061,0.523,0.14752693
-7.3824363,-7.2000594,-1.3189933,0.523,0.13369933
-7.369522,-7.250258,-1.3073739,0.523,0.11730077
-7.3559976,-7.300407,-1.2971725,0.523,0.10090222
-7.3419366,-7.350505,-1.2883922,0.523,0.08450367
-7.3274145,-7.400554,-1.2810351,0.523,0.068551034
-7.312506,-7.4505563,-1.2750643,0.523,0.052598394
-7.297285,-7.5005164,-1.2704816,0.523,0.03664575
-7.281824,-7.550442,-1.2672881,0.523,0.019467985
-7.266196,-7.6003423,-1.2655911,0.523,0.002290219
-7.2504807,-7.650225,-1.2653916,0.523,-0.014887547
-7.2347565,-7.7000995,-1.2666892,0.5051728,-0.029161673
-7.219636,-7.748278,-1.2691442,0.48734558,-0.0434358
-7.2051706,-7.7947683,-1.2726711,0.4695184,-0.057709925
-7.191403,-7.8395743,-1.2771846,0.4506817,-0.083892114
-7.1784053,-7.882562,-1.2834786,0.431845,-0.1100743
-7.1662416,-7.9237256,-1.2913852,0.4130083,-0.13625649
-7.154957,-7.963057,-1.3007354,0.39815214,-0.14765128
-7.14445,-8.001012,-1.3104976,0.38329598,-0.15904607
-7.13471,-8.037582,-1.3206152,0.36843982,-0.17044087
-7.12572,-8.0727625,-1.3310308,0.35867804,-0.16263789
-7.117315,-8.107144,-1.3407104,0.34891623,-0.15483491
-7.1094527,-8.14071,-1.3496785,0.33915442,-0.14703193
-7.1020947,-8.173443,-1.3579597,0.333495,-0.15079173
-7.09513,-8.205669,-1.3663094,0.32783553,-0.15455152
-7.088552,-8.237388,-1.3747205,0.32217607,-0.1583113
-7.082354,-8.268593,-1.3831856,0.31795064,-0.10512718
-7.0764565,-8.299657,-1.3887463,0.31372523,-0.051943053
-7.0707846,-8.33047,-1.391461,0.3094998,0.001241076
