3.3611238,-0.27034026,-1.8430668,0.22278629,0.0
3.3551326,-0.2917982,-1.8430668,0.24629152,0.0998955
3.3485425,-0.31540182,-1.838973,0.26979676,0.199791
3.3415356,-0.34089962,-1.8300488,0.293302,0.2996865
3.3343518,-0.36798608,-1.8156173,0.3134317,0.3993463
3.3273525,-0.39600194,-1.7953061,0.33356142,0.4990061
3.320832,-0.42455554,-1.7687017,0.35369116,0.5986659
3.3150873,-0.45320323,-1.7354817,0.3682902,0.694379
3.3104475,-0.48112163,-1.6962031,0.38288918,0.7900921
3.307077,-0.50785697,-1.6508678,0.3974882,0.8858052
3.3050656,-0.5329241,-1.5995637,0.40989932,0.9218356
3.304353,-0.5576865,-1.5451351,0.42231044,0.957866
3.3049762,-0.5819726,-1.4875625,0.43472156,0.99389637
3.3069477,-0.6056015,-1.4268351,0.43816623,0.93116033
3.3106997,-0.6314852,-1.3682439,0.4416109,0.8684243
3.3164392,-0.65943134,-1.3120627,0.4450556,0.80568826
3.3243258,-0.68923056,-1.2585591,0.44531813,0.7663299
3.3341815,-0.7197627,-1.2070881,0.4455807,0.72697145
3.3460255,-0.75087816,-1.1577319,0.44584325,0.68761307
3.3598554,-0.7824336,-1.1105695,0.44722146,0.6572747
3.3755805,-0.81415457,-1.0650303,0.4485997,0.6269363
3.393181,-0.84593517,-1.0211673,0.4499779,0.59659797
3.412626,-0.8776772,-0.979032,0.45179233,0.5713873
3.433825,-0.9092177,-0.93831044,0.45360675,0.5461767
3.456739,-0.9404812,-0.8990414,0.45542118,0.520966
3.4813223,-0.9713994,-0.86126286,0.4567184,0.49686798
3.5074787,-1.0018592,-0.8249785,0.45801562,0.47277
3.5351493,-1.0318117,-0.7902186,0.45931283,0.44867203
3.5642717,-1.0612162,-0.7570126,0.4599642,0.4262781
3.5947142,-1.0899776,-0.7253146,0.46061555,0.4038842
3.6264083,-1.118075,-0.69514483,0.4612669,0.3814903
3.6592853,-1.145495,-0.6665229,0.4621049,0.3602233
3.6932745,-1.1722313,-0.6393755,0.46294287,0.3389563
3.7283103,-1.1982832,-0.61372054,0.46378085,0.3176893
3.7643278,-1.2236564,-0.5895752,0.46489134,0.29725102
3.8012738,-1.2483711,-0.56688124,0.46600184,0.27681273
3.8390884,-1.2724429,-0.54565555,0.46711233,0.25637445
3.8777115,-1.2958927,-0.52591425,0.4678024,0.24231157
3.9169881,-1.3186905,-0.50720626,0.46849248,0.22824867
3.9568772,-1.3408568,-0.48953846,0.46918252,0.21418577
3.9973388,-1.3624145,-0.47291753,0.47045156,0.20272051
4.0383625,-1.3834041,-0.45713112,0.4717206,0.19125524
4.0799193,-1.4038451,-0.44218612,0.47298962,0.17978998
4.12198,-1.4237587,-0.42808923,0.47431064,0.16630605
4.1645355,-1.4431773,-0.41500294,0.47563165,0.1528221
4.2075543,-1.4621309,-0.40293556,0.47695267,0.13933818
4.251004,-1.480652,-0.3918951,0.47732258,0.11579943
4.2948227,-1.4987608,-0.38270336,0.4776925,0.09226067
4.338948,-1.5165234,-0.37536842,0.47806245,0.06872191
4.3833203,-1.5340085,-0.36989716,0.47729945,0.050455987
4.4277654,-1.5512419,-0.36588508,0.47653648,0.032190062
4.4722414,-1.5682824,-0.3633289,0.47577348,0.013924134
4.516709,-1.5851891,-0.36222482,0.47539142,-0.003672588
4.561163,-1.6020348,-0.3625158,0.47500935,-0.02126931
4.6055665,-1.6188761,-0.36419955,0.47462732,-0.038866032
4.649883,-1.6357696,-0.36727324,0.47437692,-0.04800427
4.6941056,-1.6527835,-0.37106714,0.47412652,-0.057142507
4.7382193,-1.6699477,-0.37558013,0.47387612,-0.066280745
4.782207,-1.687292,-0.38081113,0.47417852,-0.07415194
4.826107,-1.7048675,-0.38666597,0.4744809,-0.08202313
4.8699045,-1.7227001,-0.39314508,0.4747833,-0.089894325
4.9135833,-1.7408154,-0.40024891,0.47604287,-0.09170654
4.957241,-1.7592864,-0.40751475,0.47730246,-0.09351875
5.000871,-1.7781206,-0.41494337,0.47856203,-0.09533097
5.0444674,-1.7973256,-0.42253548,0.47914514,-0.10542178
5.0879254,-1.8168651,-0.43093863,0.47972825,-0.115512595
5.131222,-1.8367709,-0.44015387,0.48031136,-0.12560341
5.1743326,-1.8570747,-0.45018226,0.4781076,-0.1170972
5.217085,-1.8777362,-0.4594918,0.47590384,-0.10859098
5.259488,-1.8987179,-0.468088,0.4737001,-0.10008477
5.301551,-1.9199833,-0.47597653,0.47563505,-0.11777334
5.3435345,-1.9416263,-0.48529112,0.47757,-0.1354619
5.3853908,-1.9636992,-0.49604028,0.47950494,-0.15315047
5.427068,-1.986254,-0.5082319,0.4778313,-0.14196047
5.468392,-2.0092728,-0.5194995,0.47615767,-0.13077047
5.5093727,-2.0327098,-0.5298478,0.47448406,-0.11958048
5.5500226,-2.056519,-0.5392818,0.47694832,-0.13715842
5.5905643,-2.0807812,-0.5501506,0.4794126,-0.15473637
5.6309433,-2.1055462,-0.5624651,0.48187688,-0.17231432
5.671104,-2.1308627,-0.5762357,0.48016608,-0.16217048
5.7108383,-2.1566825,-0.58915704,0.47845528,-0.15202665
5.750159,-2.1829617,-0.60123336,0.47674447,-0.14188284
5.7890778,-2.2096581,-0.61246926,0.47857496,-0.16093159
5.82773,-2.2368155,-0.6252502,0.48040548,-0.17998034
5.866053,-2.2644794,-0.6395831,0.482236,-0.1990291
5.903981,-2.292694,-0.65547425,0.479192,-0.19799615
5.9412274,-2.3213317,-0.6711841,0.47614795,-0.1969632
5.977793,-2.3503716,-0.6867139,0.47310394,-0.19593026
6.01368,-2.3797925,-0.70206445,0.47219503,-0.20844963
6.048952,-2.4096265,-0.7183507,0.47128615,-0.22096899
6.083572,-2.4398897,-0.73556644,0.47037727,-0.23348837
6.1175017,-2.4705958,-0.75370514,0.46819067,-0.23354906
6.1507134,-2.5017664,-0.77176416,0.4660041,-0.23360975
6.183204,-2.533383,-0.7897434,0.46381754,-0.23367044
6.2149706,-2.5654266,-0.80764294,0.4637092,-0.2416749
6.246091,-2.5979633,-0.82613945,0.46360087,-0.24967936
6.2765355,-2.6309958,-0.84523153,0.46349257,-0.2576838
6.306276,-2.6645257,-0.86491776,0.4640556,-0.2591555
6.335374,-2.698663,-0.8847379,0.46461862,-0.26062724
6.363813,-2.733399,-0.90469223,0.46518168,-0.26209897
6.3915763,-2.768724,-0.92478096,0.4678101,-0.26741868
6.418738,-2.8047504,-0.94538355,0.4704385,-0.2727384
6.445261,-2.84148,-0.96650386,0.47306693,-0.2780581
6.471107,-2.8789136,-0.98814577,0.47757035,-0.28500226
6.496325,-2.9171824,-1.0105247,0.48207378,-0.29194638
6.5208592,-2.9562917,-1.0336496,0.4865772,-0.2988905
6.544653,-2.9962435,-1.0575291,0.49232435,-0.3
6.5677476,-3.0372164,-1.0817778,0.4980715,-0.3
6.5901,-3.0792222,-1.1063094,0.50381863,-0.3
6.611661,-3.1222544,-1.1311243,0.51044756,-0.3
6.6324177,-3.1663811,-1.1562655,0.51707643,-0.3
6.652313,-3.2115955,-1.1817333,0.523,-0.3
6.6712656,-3.2578256,-1.2074927,0.523,-0.3
6.689021,-3.3045285,-1.2332523,0.523,-0.3
6.705568,-3.3516731,-1.2590117,0.523,-0.3
6.7208943,-3.3992283,-1.2847713,0.523,-0.3
6.7349916,-3.4471626,-1.3105308,0.523,-0.3
6.747849,-3.495444,-1.3362904,0.523,-0.3
6.759459,-3.5440404,-1.3620498,0.523,-0.3
6.769813,-3.59292,-1.3878093,0.523,-0.3
6.778905,-3.6420498,-1.4135689,0.523,-0.3
6.7867284,-3.6913977,-1.4393283,0.523,-0.3
6.793278,-3.7409306,-1.4650879,0.523,-0.3
6.79855,-3.7906158,-1.4908473,0.523,-0.3
6.8025403,-3.8404202,-1.5166069,0.523,-0.3
6.8052464,-3.890311,-1.5423664,0.523,-0.3
6.806667,-3.940255,-1.568126,0.523,-0.3
6.8068004,-3.9902189,-1.5938854,0.523,-0.3
6.805647,-4.0401697,-1.6196449,0.523,-0.3
6.803207,-4.090074,-1.6454045,0.523,-0.3
6.799483,-4.1398993,-1.6711639,0.523,-0.3
6.7944765,-4.189612,-1.6969235,0.523,-0.3
6.7881913,-4.239179,-1.722683,0.523,-0.3
6.7806315,-4.288568,-1.7484425,0.523,-0.3
6.771802,-4.3377457,-1.774202,0.523,-0.3
6.761709,-4.3866796,-1.7999616,0.523,-0.3
6.750359,-4.4353375,-1.825721,0.523,-0.3
6.7377596,-4.483687,-1.8514805,0.523,-0.3
6.723919,-4.531696,-1.8772401,0.523,-0.3
6.708846,-4.5793324,-1.9029995,0.523,-0.2834232
6.69247,-4.6268005,-1.9273752,0.523,-0.2668464
6.67486,-4.674076,-1.9503602,0.523,-0.2502696
6.6560855,-4.72114,-1.9719484,0.49738494,-0.20527557
6.6370716,-4.765969,-1.988846,0.4717699,-0.16028155
6.618164,-4.8085303,-2.0013947,0.44615483,-0.11528753
6.5996647,-4.848804,-2.0099485,0.41875514,-0.0610482
6.5818934,-4.8866353,-2.0142064,0.39135545,-0.006808865
6.565104,-4.9219856,-2.0146506,0.36395577,0.047430467
6.5494924,-4.9548173,-2.0117745,0.33627352,0.03687913
6.535149,-4.985207,-2.0097082,0.3085913,0.026327789
6.52204,-5.0131316,-2.0083542,0.2809091,0.01577645
6.5101385,-5.038573,-2.0076156,0.255475,0.012896985
6.4993315,-5.0617194,-2.0070665,0.23004094,0.01001752
6.489611,-5.0825677,-2.0066824,0.20460688,0.0071380557
6.480973,-5.1011147,-2.006439,0.17996512,-0.005755144
6.473378,-5.11743,-2.0066116,0.15532337,-0.018648345
6.4668226,-5.1315084,-2.0070944,0.1306816,-0.031541545
6.4613028,-5.1433463,-2.0077813,0.11062574,-0.038471438
6.4566245,-5.1533623,-2.0084903,0.09056987,-0.045401327
6.45279,-5.1615567,-2.0091755,0.07051399,-0.05233122
6.4498005,-5.1679325,-2.0097902,0.08238926,-0.05175506
6.4463034,-5.17538,-2.0105007,0.09426452,-0.051178895
6.442296,-5.183899,-2.0113044,0.10613978,-0.050602734
6.437776,-5.1934876,-2.012199,0.09383247,-0.027528286
6.433769,-5.201968,-2.0126295,0.08152516,-0.004453838
6.430283,-5.2093377,-2.01269,0.06921785,0.01862061
6.4273233,-5.2155933,-2.0124753,0.07800984,0.038229406
6.423991,-5.2226405,-2.0119784,0.08680183,0.0578382
6.420291,-5.2304764,-2.011142,0.09559381,0.077447
6.416229,-5.239098,-2.0099094,0.08297685,0.11997555
6.4127264,-5.246555,-2.008254,0.070359886,0.1625041
6.409785,-5.252844,-2.006357,0.057742923,0.20503268
6.4073997,-5.2579694,-2.0043974,0.065647796,0.21791802
6.4047065,-5.263786,-2.002032,0.07355266,0.23080339
6.401714,-5.270291,-1.9992276,0.08145753,0.24368873
6.3984294,-5.277481,-1.9959519,0.073217206,0.26855555
6.395518,-5.283912,-1.992714,0.06497688,0.29342237
6.3929706,-5.2895865,-1.9895818,0.056736547,0.3182892
6.3907795,-5.2945094,-1.9866226,0.068637006,0.321963
6.3881493,-5.3004656,-1.9830028,0.08053747,0.3256368
6.3850923,-5.307457,-1.9787086,0.09243793,0.3293106
6.3816223,-5.3154864,-1.9737264,0.08233167,0.33320636
6.3785715,-5.3226438,-1.9692383,0.07222541,0.33710212
6.375927,-5.328926,-1.9652568,0.06211915,0.34099787
