-7.091598,-3.3721564,-2.6228662,-0.23018408,0.0
-7.071608,-3.3607445,-2.6228662,-0.25491345,0.047756363
-7.049495,-3.348121,-2.6248944,-0.27964285,0.095512725
-7.0252924,-3.3343692,-2.6293392,-0.30437225,0.14326909
-6.9990335,-3.3196034,-2.6365821,-0.32741928,0.10361653
-6.9705324,-3.3038473,-2.6422265,-0.35046634,0.06396397
-6.9398284,-3.287099,-2.64596,-0.3735134,0.024311418
-6.9069815,-3.2693403,-2.6474733,-0.39871562,-0.024899334
-6.87189,-3.2504368,-2.645819,-0.42391786,-0.07411008
-6.8347044,-3.2303257,-2.6405876,-0.4491201,-0.12332083
-6.7956114,-3.208918,-2.63138,-0.4770331,-0.17390206
-6.7546115,-3.185973,-2.6176233,-0.5049461,-0.22448331
-6.711988,-3.1613433,-2.5988896,-0.523,-0.27506453
-6.668886,-3.135348,-2.5752144,-0.523,-0.3
-6.6267242,-3.1085384,-2.549455,-0.523,-0.3
-6.5852666,-3.0806518,-2.5236955,-0.523,-0.3
-6.544541,-3.0517063,-2.4979358,-0.523,-0.3
-6.5045743,-3.0217216,-2.4721763,-0.523,-0.3
-6.465393,-2.9907176,-2.4464169,-0.523,-0.3
-6.427024,-2.9587145,-2.4206574,-0.523,-0.3
-6.389491,-2.9257338,-2.3948977,-0.523,-0.3
-6.352821,-2.8917973,-2.3691382,-0.523,-0.3
-6.317036,-2.8569276,-2.3433788,-0.523,-0.3
-6.282162,-2.821148,-2.3176193,-0.523,-0.3
-6.248221,-2.7844818,-2.2918599,-0.523,-0.3
-6.215235,-2.7469535,-2.2661002,-0.523,-0.3
-6.1832275,-2.7085881,-2.2403407,-0.523,-0.3
-6.1522183,-2.669411,-2.2145813,-0.523,-0.3
-6.1222286,-2.6294482,-2.1888218,-0.523,-0.3
-6.093278,-2.5887263,-2.1630623,-0.523,-0.3
-6.065386,-2.5472722,-2.1373026,-0.523,-0.3
-6.038571,-2.5051134,-2.1115432,-0.523,-0.3
-6.0128503,-2.462278,-2.0857837,-0.523,-0.3
-5.988242,-2.4187942,-2.0600243,-0.523,-0.3
-5.9647617,-2.3746912,-2.0342646,-0.523,-0.3
-5.942425,-2.329998,-2.008505,-0.523,-0.3
-5.921247,-2.2847443,-1.9827456,-0.523,-0.3
-5.9012413,-2.23896,-1.9569861,-0.523,-0.3
-5.882422,-2.1926756,-1.9312266,-0.523,-0.3
-5.864801,-2.145922,-1.9054672,-0.523,-0.3
-5.8483896,-2.09873,-1.8797076,-0.523,-0.3
-5.8331995,-2.051131,-1.8539481,-0.523,-0.3
-5.8192406,-2.0031564,-1.8281885,-0.523,-0.3
-5.8065214,-1.9548383,-1.8024291,-0.523,-0.3
-5.7950516,-1.9062086,-1.7766695,-0.523,-0.3
-5.7848377,-1.8572996,-1.75091,-0.523,-0.3
-5.775887,-1.8081437,-1.7251505,-0.523,-0.3
-5.7682056,-1.7587737,-1.699391,-0.523,-0.3
-5.761798,-1.7092221,-1.6736315,-0.523,-0.3
-5.756669,-1.6595219,-1.647872,-0.523,-0.3
-5.752822,-1.6097062,-1.6221125,-0.523,-0.3
-5.750259,-1.5598079,-1.5963529,-0.523,-0.3
-5.748982,-1.5098602,-1.5705935,-0.523,-0.3
-5.7489924,-1.459896,-1.5448339,-0.523,-0.3
-5.7502894,-1.4099487,-1.5190744,-0.523,-0.3
-5.7528725,-1.3600515,-1.4933149,-0.523,-0.3
-5.7567396,-1.3102373,-1.4675554,-0.523,-0.3
-5.761889,-1.2605392,-1.441796,-0.523,-0.3
-5.7683167,-1.2109903,-1.4160364,-0.523,-0.3
-5.776018,-1.1616234,-1.3902769,-0.523,-0.3
-5.784989,-1.1124711,-1.3645173,-0.523,-0.3
-5.7952223,-1.0635662,-1.3387579,-0.523,-0.3
-5.806712,-1.0149412,-1.3129983,-0.523,-0.3
-5.819451,-0.96662825,-1.2872388,-0.523,-0.3
-5.8334293,-0.9186594,-1.2614794,-0.523,-0.3
-5.8486385,-0.8710665,-1.2357198,-0.523,-0.3
-5.865069,-0.82388115,-1.2099603,-0.523,-0.3
-5.882709,-0.77713466,-1.1842008,-0.523,-0.3
-5.9015474,-0.73085797,-1.1584413,-0.523,-0.3
-5.9215713,-0.6850819,-1.1326817,-0.523,-0.3
-5.942768,-0.6398367,-1.1069223,-0.523,-0.3
-5.9651227,-0.59515256,-1.0811627,-0.523,-0.3
-5.9886208,-0.551059,-1.0554032,-0.523,-0.3
-6.013247,-0.5075853,-1.0296438,-0.523,-0.3
-6.038985,-0.46476027,-1.0038842,-0.523,-0.3
-6.065817,-0.4226124,-0.9781247,-0.523,-0.3
-6.0937257,-0.38116962,-0.95236516,-0.523,-0.3
-6.122693,-0.3404594,-0.92660564,-0.523,-0.3
-6.152699,-0.3005088,-0.9008462,-0.523,-0.3
-6.183724,-0.2613443,-0.87508667,-0.523,-0.3
-6.2157474,-0.22299193,-0.84932715,-0.523,-0.3
-6.2487483,-0.18547708,-0.8235676,-0.523,-0.3
-6.2827044,-0.14882466,-0.7978081,-0.523,-0.3
-6.317593,-0.113059,-0.7720486,-0.523,-0.3
-6.3533916,-0.07820382,-0.7462891,-0.523,-0.3
-6.3900757,-0.04428225,-0.72052956,-0.523,-0.3
-6.4276214,-0.0113168,-0.6947701,-0.523,-0.3
-6.466004,0.020670656,-0.6690106,-0.523,-0.3
-6.5051975,0.0516589,-0.64325106,-0.51728296,-0.3
-6.5447392,0.08129977,-0.6177731,-0.51156586,-0.3
-6.584578,0.10960733,-0.5925768,-0.5058488,-0.3
-6.6246643,0.13659719,-0.567662,-0.4934357,-0.3
-6.664411,0.16194242,-0.5433586,-0.48102263,-0.3
-6.7037463,0.1857012,-0.5196667,-0.4686095,-0.3
-6.7426043,0.20793256,-0.49658605,-0.45181412,-0.27546877
-6.780831,0.22864664,-0.47610396,-0.43501872,-0.25093752
-6.8182836,0.24795996,-0.45810056,-0.41822332,-0.22640626
-6.8548365,0.26598367,-0.44245365,-0.39909738,-0.15834658
-6.890452,0.28285757,-0.431965,-0.37997144,-0.090286896
-6.9248185,0.2987005,-0.42625502,-0.36084548,-0.022227217
-6.957666,0.31361648,-0.42491835,-0.34224197,0.06350678
-6.988784,0.32769683,-0.42853838,-0.32363847,0.14924078
-7.017894,0.34099588,-0.43655854,-0.30503497,0.23497477
-7.044777,0.35353905,-0.44839483,-0.28237116,0.32860154
-7.068861,0.36512542,-0.4635826,-0.25970733,0.4222283
-7.0900507,0.3757185,-0.48132038,-0.23704353,0.5158551
-7.108328,0.3852644,-0.5008085,-0.21029016,0.600416
-7.123548,0.39359525,-0.5206103,-0.18353681,0.68497694
-7.1358786,0.40066528,-0.5399629,-0.15678346,0.76953787
-7.1455374,0.40645444,-0.5581446,-0.1295348,0.79938453
-7.1531973,0.41123712,-0.57362247,-0.10228613,0.82923126
-7.1590004,0.4149864,-0.5861936,-0.075037464,0.859078
-7.163083,0.41769758,-0.59566385,-0.045973994,0.8622163
-7.16556,0.41937616,-0.6014818,-0.016910525,0.86535466
-7.1664634,0.4199966,-0.6036275,0.012152944,0.86849296
-7.1658173,0.41955096,-0.60208136,0.041760568,0.8775034
-7.1636176,0.41803947,-0.596728,0.07136819,0.88651377
-7.159886,0.4155044,-0.5875111,0.10097581,0.89552414
-7.1546326,0.41200563,-0.5743752,0.13053107,0.909109
-7.1478987,0.40764803,-0.55721134,0.16008632,0.92269385
-7.1396966,0.4025375,-0.5359404,0.18964158,0.93627876
-7.130031,0.3967969,-0.51048553,0.21912901,0.9585891
-7.119044,0.39064404,-0.480597,0.24861643,0.98089945
-7.1067805,0.38425037,-0.44616368,0.27810386,1.0
-7.0932255,0.37776652,-0.40716097,0.3074088,1.0
-7.077974,0.37118915,-0.36404836,0.33671376,1.0
-7.0609736,0.36471143,-0.3168259,0.3660187,1.0
-7.042182,0.35855016,-0.26549354,0.3931011,1.0
-7.0216866,0.35297728,-0.21036302,0.42018348,1.0
-6.9994845,0.34823662,-0.15143432,0.44726586,1.0
-6.975595,0.34459105,-0.08870744,0.46037698,1.0
-6.9508185,0.3423874,-0.024141792,0.4734881,1.0
-6.9252434,0.34176987,0.042262625,0.48659924,1.0
-6.898976,0.34288067,0.11050581,0.49150273,0.9541642
-6.870726,0.3460152,0.17733632,0.49640623,0.90832835
-6.8406725,0.35140133,0.24257044,0.50130975,0.86249256
-6.809015,0.3592348,0.3060251,0.5040416,0.83340913
-6.7767,0.36944473,0.36820936,0.5067735,0.80432576
-6.7439065,0.3820967,0.42905286,0.50950533,0.7752423
-6.7108135,0.3972359,0.48848572,0.5209768,0.73259044
-6.6766114,0.4154123,0.54655707,0.523,0.68993855
-6.64215,0.43637803,0.6020378,0.523,0.64728665
-6.6077642,0.46000555,0.6546014,0.523,0.5988806
-6.5734954,0.4863064,0.7037388,0.523,0.5504746
-6.5395107,0.51514906,0.749335,0.523,0.5020685
-6.505945,0.5463769,0.7912831,0.523,0.45544806
-6.4729295,0.5797837,0.8296246,0.523,0.4088276
-6.440529,0.6151847,0.8642763,0.523,0.3622071
-6.408779,0.65238434,0.8951628,0.523,0.3413305
-6.3779583,0.6908403,0.92434114,0.523,0.32045388
-6.3480587,0.73046213,0.9517984,0.523,0.29957727
-6.3190646,0.77116126,0.9775227,0.523,0.28781444
-6.2910275,0.8127403,1.0022656,0.523,0.27605158
-6.2639356,0.8551445,1.0260236,0.523,0.26428872
-6.2377734,0.89832073,1.0487936,0.523,0.2427529
-6.2124605,0.94232637,1.0697463,0.523,0.22121707
-6.1879506,0.98707974,1.0888722,0.523,0.19968122
-6.164192,1.0325022,1.1061623,0.523,0.19366783
-6.141195,1.0783836,1.1229383,0.523,0.18765442
-6.1189446,1.1246979,1.1391997,0.523,0.18164103
-6.0974264,1.1714205,1.1549459,0.523,0.14607646
-6.076524,1.2187536,1.1676335,0.523,0.110511884
-6.05613,1.2665669,1.1772469,0.523,0.07494731
-6.036131,1.3147331,1.1837738,0.523,0.060343374
-6.016427,1.3630768,1.1890305,0.523,0.045739435
-5.9969625,1.4115608,1.193016,0.523,0.0311355
-5.9776807,1.4601494,1.1957296,0.523,-0.0042961417
-5.9585214,1.5088131,1.195355,0.523,-0.039727785
-5.939359,1.5574319,1.1918931,0.523,-0.07515942
-5.920068,1.6058851,1.1853478,0.523,-0.10464425
-5.900512,1.6540828,1.176243,0.523,-0.13412906
-5.8805885,1.7019308,1.1645864,0.523,-0.16361389
-5.8601995,1.7493333,1.1503882,0.523,-0.2074163
-5.8393116,1.7960558,1.1324378,0.523,-0.2512187
-5.8178096,1.8419243,1.1107696,0.523,-0.2950211
-5.795593,1.8867625,1.085425,0.523,-0.3
-5.7722826,1.9309559,1.0596654,0.523,-0.3
-5.7478423,1.9745342,1.033906,0.523,-0.3
-5.722287,2.0174685,1.0081464,0.523,-0.3
-5.695635,2.0597303,0.98238695,0.523,-0.3
-5.667903,2.1012917,0.9566274,0.523,-0.3
-5.6391096,2.142125,0.9308679,0.523,-0.3
-5.609274,2.182203,0.9051084,0.523,-0.3
-5.5784163,2.2214994,0.8793489,0.523,-0.3
-5.5465565,2.259988,0.8535894,0.523,-0.3
-5.5137157,2.2976432,0.8278299,0.523,-0.3
-5.4799166,2.33444,0.8020704,0.523,-0.3
-5.4451804,2.3703542,0.77631086,0.523,-0.3
-5.409531,2.4053614,0.75055134,0.523,-0.3
-5.3729916,2.439439,0.7247918,0.523,-0.3
-5.3355865,2.4725642,0.6990323,0.49905047,-0.3
-5.2990923,2.5032427,0.6744524,0.47510096,-0.3
-5.263642,2.5315864,0.65105206,0.45115143,-0.3
-5.2293577,2.557706,0.6288314,0.42130107,-0.3
-5.1968083,2.5813801,0.60808086,0.39145067,-0.3
-5.1661153,2.6027446,0.5888006,0.3616003,-0.3
-5.1373873,2.6219296,0.57099056,0.33162102,-0.24804023
-5.1103396,2.6393042,0.5574215,0.30164173,-0.19608045
-5.0852323,2.6549551,0.54762685,0.27166244,-0.14412066
-5.062279,2.668953,0.54112405,0.241682,-0.0938905
-5.041655,2.6813471,0.5373477,0.21170154,-0.04366033
-5.0234857,2.692173,0.53580767,0.18172108,0.0065698386
-5.0078607,2.7014503,0.5360066,0.15174615,0.032426786
-4.994821,2.709196,0.5368266,0.12177123,0.058283735
-4.9843745,2.715413,0.5380088,0.0917963,0.08414068
-4.9765196,2.7201002,0.5392946,0.06181192,0.04560753
-4.9712214,2.7232711,0.5397643,0.03182754,0.00707438
-4.968491,2.724907,0.53980184,0.0018431585,-0.031458773
-4.9683332,2.7250016,0.5397921,-0.028152954,-0.06743405
-4.9707427,2.723558,0.5401083,-0.058149066,-0.10340933
-4.9757032,2.7205837,0.5411087,-0.088145174,-0.1393846
-4.9831853,2.7160873,0.54314977,-0.11814203,-0.12764767
-4.993217,2.710031,0.5456564,-0.14813888,-0.115910746
-5.0057945,2.7023947,0.5485118,-0.17813574,-0.10417382
-5.0209126,2.6931567,0.5515991,-0.20811771,-0.087202825
-5.0385704,2.6822917,0.55461997,-0.23809966,-0.07023183
-5.058761,2.6697838,0.5574047,-0.26808164,-0.05326084
-5.081479,2.6556227,0.5597833,-0.29782832,-0.024125421
-5.106709,2.6398127,0.56098074,-0.327575,0.0050099967
-5.1344457,2.6223853,0.5607072,-0.35732168,0.034145415
-5.1646886,2.6033945,0.5586741,-0.385085,0.10380353
-5.1971664,2.5830925,0.5520239,-0.41284826,0.17346165
-5.2317915,2.561767,0.5401481,-0.44061157,0.24311975
-5.268469,2.5397744,0.5224699,-0.433252,0.2880609
-5.3044667,2.519045,0.50195587,-0.42589244,0.3330021
-5.3397512,2.4996793,0.47875312,-0.41853288,0.37794325
-5.3742776,2.4817593,0.45301268,-0.40237054,0.3742141
-5.4079523,2.4653673,0.42849883,-0.38620824,0.37048498
-5.4406977,2.450409,0.40519327,-0.37004593,0.36675584
-5.4724445,2.436792,0.38307753,-0.3594294,0.3692506
-5.5035353,2.4242628,0.36145684,-0.34881282,0.37174532
-5.5339336,2.41277,0.3403396,-0.33819625,0.37424004
-5.563607,2.4022622,0.31973413,-0.3190161,0.37848893
-5.591748,2.3929448,0.30008718,-0.29983598,0.38273782
-5.6183195,2.384723,0.2814243,-0.28065583,0.38698673
-5.643287,2.3775048,0.26377106,-0.2674919,0.39118847
-5.6671605,2.3710575,0.24677251,-0.254328,0.3953902
-5.68992,2.3653243,0.230446,-0.2411641,0.39959195
-5.7115493,2.3602498,0.21480882,-0.22479175,0.41728675
-5.731627,2.355869,0.19962484,-0.20841941,0.43498158
-5.750153,2.352121,0.18498705,-0.19204706,0.4526764
-5.7671285,2.3489444,0.17098767,-0.17837079,0.48967898
-5.78264,2.346266,0.1570051,-0.16469452,0.52668154
-5.7967024,2.34404,0.14320734,-0.15101825,0.56368417
-5.809337,2.342218,0.12975906,-0.13064258,0.6369798
-5.8197513,2.340859,0.116808675,-0.11026692,0.71027553
-5.8280544,2.3398848,0.10482555,-0.08989125,0.7835712
-5.8343873,2.3392184,0.09425114,-0.06091015,0.88122404
-5.8382454,2.3388536,0.08641893,-0.031929057,0.9788769
-5.84002,2.3387,0.08200276,-0.0029479598,1.0
-5.840179,2.338687,0.08158932,0.026131982,1.0
-5.838772,2.3388019,0.08525421,0.05521192,1.0
-5.8357997,2.339056,0.09299741,0.08429186,1.0
-5.831265,2.339479,0.10481893,0.11410556,1.0
-5.8251333,2.340124,0.120821685,0.14391926,1.0
-5.8174143,2.341061,0.14100567,0.17373295,1.0
-5.8081207,2.3423803,0.16537087,0.20366028,1.0
-5.797267,2.3441918,0.19393325,0.23358762,1.0
-5.7848825,2.3466241,0.22669278,0.26351497,1.0
-5.771009,2.3498242,0.26364946,0.29349613,1.0
-5.7556996,2.3539567,0.30481088,0.32347727,1.0
-5.7390275,2.359202,0.35017702,0.35345843,1.0
-5.721089,2.3657537,0.39974785,0.383432,0.9852467
-5.701569,2.3740008,0.4530071,0.41340557,0.9704934
-5.6805716,2.3842216,0.5098617,0.44337913,0.9557401
-5.658242,2.3967078,0.570216,0.47316322,0.86644584
-5.6324506,2.413247,0.6303103,0.5029473,0.7771515
-5.6034846,2.4343803,0.6890924,0.523,0.6878573
-5.5722976,2.460073,0.74443305,0.523,0.59011894
-5.5403376,2.4895158,0.79293776,0.523,0.49238068
-5.5079956,2.5223494,0.83414364,0.523,0.39464238
-5.4755607,2.5581112,0.8676573,0.523,0.30089524
-5.443262,2.596214,0.8934914,0.523,0.20714808
-5.4111867,2.6360984,0.9114189,0.523,0.11340091
-5.379352,2.6771693,0.92128253,0.49451262,0.11409657
-5.3496385,2.7162952,0.93066585,0.46602523,0.11479222
-5.321986,2.7534254,0.93956226,0.43753782,0.11548788
-5.296337,2.7885125,0.9479653,0.40791032,0.13475162
-5.272758,2.8213437,0.9570987,0.3782828,0.15401536
-5.2512307,2.8519032,0.9667706,0.34865525,0.1732791
-5.231725,2.8801699,0.97678936,0.3193081,0.12771533
-5.2139993,2.9064155,0.98356766,0.28996092,0.08215156
-5.197988,2.9304726,0.98753333,0.26061377,0.036587786
-5.1836443,2.952211,0.9891222,0.2312413,0.004169482
-5.1709394,2.9715319,0.9892829,0.20186883,-0.028248822
-5.1598554,2.988394,0.98833257,0.17249636,-0.060667127
-5.1503844,3.0027728,0.9865895,0.14275289,-0.07200175
-5.1425314,3.0146496,0.9848779,0.1130094,-0.08333637
-5.136304,3.024033,0.9833101,0.083265916,-0.094670996
-5.1317096,3.0309324,0.98199826,0.053400647,-0.1295438
-5.1287684,3.035336,0.9808485,0.023535378,-0.16441661
-5.1274767,3.0372655,0.9802065,-0.00632989,-0.19928941
-5.1278224,3.03675,0.98041534,-0.036306944,-0.19009583
-5.129807,3.0337882,0.98155874,-0.06628399,-0.18090224
-5.1334305,3.0283675,0.9835463,-0.09626105,-0.17170864
-5.1386857,3.020472,0.9862876,-0.1262313,-0.13004816
-5.145592,3.0100334,0.98901594,-0.15620154,-0.088387676
-5.1541424,2.997034,0.991314,-0.18617178,-0.046727188
-5.1643257,2.9814732,0.99276334,-0.216094,0.010405225
-5.1761317,2.9633753,0.9923886,-0.24601622,0.067537636
-5.189551,2.9428225,0.98962146,-0.27593842,0.12467004
-5.204582,2.919938,0.98390275,-0.3057648,0.21055302
-5.221141,2.8950405,0.97325194,-0.3355912,0.29643598
-5.239198,2.8685064,0.9569135,-0.36541757,0.38231897
-5.2587285,2.8407931,0.93419224,-0.39425257,0.43194732
-5.2800126,2.8120024,0.9066839,-0.42308757,0.48157567
-5.3031244,2.782475,0.87402326,-0.45192257,0.53120404
-5.32813,2.7525923,0.83586806,-0.4488323,0.45888874
-5.355112,2.7227392,0.8027328,-0.44574204,0.38657343
-5.3837943,2.693045,0.7747241,-0.44265178,0.31425816
-5.4138775,2.6635969,0.7519194,-0.43116754,0.37846145
-5.4431405,2.6362305,0.72536725,-0.4196833,0.44266477
-5.471517,2.6110718,0.6954054,-0.40819904,0.50686806
-5.4989176,2.588207,0.6623793,-0.39593983,0.46227553
-5.5268617,2.5664127,0.6329487,-0.38368058,0.41768298
-5.555138,2.5456681,0.6070091,-0.37142137,0.37309045
-5.583546,2.5259392,0.5844456,-0.36725268,0.41731423
-5.611547,2.5074155,0.55963725,-0.36308402,0.46153805
-5.639097,2.490157,0.5326888,-0.35891533,0.50576186
-5.666145,2.4742112,0.50370795,-0.34650463,0.4727598
-5.693163,2.4593208,0.47741142,-0.3340939,0.43975776
-5.7200136,2.4454305,0.45370632,-0.3216832,0.4067557
-5.746568,2.4324815,0.43249497,-0.31080964,0.4122012
-5.7724237,2.4205453,0.41174185,-0.29993606,0.4176467
-5.7975483,2.4095736,0.39146563,-0.2890625,0.42309222
-5.821912,2.399517,0.371685,-0.2768686,0.42732155
-5.8453884,2.3903658,0.352561,-0.26467472,0.43155092
-5.8679504,2.3820643,0.33410963,-0.25248083,0.4357803
-5.889573,2.3745587,0.31634685,-0.23449658,0.46071467
-5.9095354,2.368024,0.29897112,-0.21651234,0.48564905
-5.927834,2.3623843,0.28212708,-0.1985281,0.51058346
-5.94447,2.3575623,0.26595744,-0.18372652,0.5344646
-5.9597244,2.353407,0.25035965,-0.16892494,0.55834574
-5.9736047,2.3498573,0.23544404,-0.15412335,0.5822269
-5.9861226,2.3468542,0.221319,-0.13510336,0.6216574
-5.9968376,2.3444433,0.20820536,-0.11608337,0.6610879
-6.0058026,2.3425493,0.19632663,-0.09706338,0.7005184
-6.0130806,2.341102,0.18589856,-0.07211846,0.78261113
-6.018106,2.3401568,0.17742303,-0.04717354,0.8647038
-6.021119,2.3396165,0.17144062,-0.022228627,0.9467965
-6.022399,2.3393948,0.16843401,0.003347974,1.0
-6.0222206,2.3394253,0.16890354,0.028924575,1.0
-6.02068,2.3396878,0.17296009,0.054501176,1.0
-6.017779,2.3401947,0.18060361,0.08127821,1.0
-6.013459,2.3409836,0.19200249,0.10805524,1.0
-6.007728,2.3420975,0.20715672,0.13483228,1.0
-6.000599,2.343596,0.22606629,0.16404653,1.0
-5.991961,2.3455827,0.24907301,0.19326076,1.0
-5.981841,2.3481567,0.2761769,0.22247499,1.0
-5.9702764,2.3514345,0.30737793,0.25216988,1.0
-5.95729,2.3555567,0.34274355,0.28186476,1.0
-5.9429464,2.3606749,0.38227373,0.31155965,1.0
-5.927328,2.3669543,0.42596847,0.34152323,1.0
-5.9105244,2.374579,0.47386545,0.37148678,1.0
-5.8926644,2.3837383,0.5259647,0.40145037,1.0
-5.8739057,2.3946278,0.58226615,0.43134746,0.9182272
-5.8520293,2.4090316,0.63938564,0.46124455,0.83645445
-5.8272266,2.4274745,0.69644713,0.49114165,0.7546817
-5.7997794,2.4504268,0.7525238,0.5200328,0.66054773
-5.7698035,2.4784937,0.80570143,0.523,0.5664138
-5.7392373,2.510327,0.8524759,0.523,0.47227988
