3.532766,8.593646,-1.4427121,0.21392068,0.0
3.5354986,8.572429,-1.4427121,0.24349685,0.08289542
3.5385983,8.548362,-1.4393518,0.27307302,0.16579084
3.5421283,8.521661,-1.4318408,0.3026492,0.24868627
3.5461912,8.49261,-1.4194256,0.33165482,0.24691403
3.5510406,8.460818,-1.4059155,0.3606604,0.2451418
3.5567834,8.426305,-1.3913271,0.38966602,0.24336958
3.5635343,8.389094,-1.3756772,0.4176478,0.22172439
3.5714335,8.349125,-1.3603696,0.44562957,0.20007922
3.5805562,8.306415,-1.3456084,0.47361135,0.17843404
3.5909634,8.260982,-1.3315982,0.49742126,0.22226478
3.6024587,8.213844,-1.313323,0.5212312,0.26609552
3.615264,8.165214,-1.2904786,0.523,0.30992627
3.629044,8.11735,-1.2638938,0.523,0.23830386
3.6443977,8.068902,-1.2433177,0.523,0.16668145
3.6609871,8.020068,-1.2288558,0.523,0.095059045
3.678445,7.9710183,-1.2205824,0.523,0.16469091
3.6961462,7.922558,-1.2062916,0.523,0.23432277
3.714281,7.875029,-1.1860528,0.523,0.30395463
3.7330105,7.828775,-1.1599642,0.523,0.22228251
3.7533839,7.7820063,-1.1407478,0.523,0.1406104
3.7749734,7.7349377,-1.1285316,0.523,0.058938287
3.7973182,7.687752,-1.1233971,0.523,0.12912151
3.819756,7.640992,-1.1121732,0.523,0.19930474
3.8424516,7.595025,-1.0949153,0.523,0.26948798
3.8655465,7.550214,-1.0717082,0.523,0.18876953
3.8901339,7.5051093,-1.0553514,0.523,0.1080511
3.9157634,7.45987,-1.0459512,0.523,0.027332658
3.94196,7.414626,-1.043569,0.523,0.09652626
3.9681518,7.3696384,-1.0351682,0.523,0.16571987
3.994479,7.325279,-1.020789,0.523,0.23491347
4.021065,7.281917,-1.0005002,0.523,0.1567103
4.048955,7.238434,-0.9868961,0.523,0.07850713
4.077698,7.194933,-0.9800599,0.523,0.00030396582
4.1068277,7.1514964,-0.9800334,0.523,0.058125038
4.1359096,7.108134,-0.9749697,0.523,0.11594611
4.165063,7.0651364,-0.9648857,0.523,0.17376718
4.1944,7.0227942,-0.9498151,0.523,0.100230575
4.2246766,6.9804716,-0.94109297,0.523,0.02669397
4.2554655,6.9382176,-0.9387664,0.523,-0.046842635
4.2863297,6.8960667,-0.942848,0.523,0.014618134
4.317052,6.8537483,-0.94157386,0.523,0.07607891
4.347742,6.811587,-0.93494874,0.523,0.13753967
4.3785076,6.769905,-0.9229976,0.523,0.06441499
4.4100018,6.728287,-0.91738665,0.523,-0.008709681
4.4417934,6.6867614,-0.91814584,0.523,-0.08183436
4.4734488,6.6453495,-0.9252711,0.523,-0.02259547
4.504905,6.603584,-0.9272405,0.523,0.036643416
4.536267,6.561774,-0.9240471,0.523,0.095882304
4.5676374,6.5202274,-0.9157022,0.523,0.025978332
4.5994897,6.478768,-0.913438,0.523,-0.043925636
4.631416,6.437407,-0.91726565,0.523,-0.113829605
4.663008,6.3961525,-0.92716634,0.523,-0.060122617
4.694337,6.354392,-0.9324039,0.523,-0.0064156232
4.725502,6.312393,-0.93296313,0.523,0.04729137
4.7566094,6.270423,-0.9288424,0.523,-0.013439852
4.787922,6.228538,-0.9300139,0.523,-0.074171074
4.819102,6.1867285,-0.9364732,0.523,-0.1349023
4.849815,6.1449847,-0.9481966,0.52268666,-0.091627136
4.8801675,6.1027017,-0.95616746,0.5223733,-0.048351984
4.9102554,6.0600743,-0.9603754,0.52206,-0.0050768317
4.9401803,6.017297,-0.96081716,0.523,-0.058391463
4.970089,5.9745016,-0.96590406,0.523,-0.11170609
4.999645,5.93175,-0.97562087,0.523,-0.16502073
5.028569,5.889031,-0.98994,0.52171344,-0.13650742
5.0569315,5.845822,-1.0017728,0.5204269,-0.1079941
5.0848093,5.802235,-1.0111217,0.51914036,-0.07948079
5.1122837,5.7583804,-1.0179914,0.5221361,-0.1221968
5.1394954,5.7142754,-1.0285989,0.523,-0.1649128
5.166117,5.670084,-1.0429088,0.523,-0.20762882
5.1918955,5.625874,-1.0608773,0.5197559,-0.18542616
5.2168303,5.5812883,-1.0768481,0.5165118,-0.1632235
5.240993,5.5364156,-1.090837,0.5132677,-0.14102083
5.264457,5.4913397,-1.1028606,0.51503825,-0.17386259
5.287338,5.4460654,-1.1177099,0.5168088,-0.20670433
5.309479,5.4005885,-1.1353878,0.51857936,-0.23954609
5.330727,5.3549113,-1.1558943,0.5159294,-0.2234699
5.351007,5.30887,-1.1749505,0.5132795,-0.20739372
5.3703747,5.262526,-1.1925654,0.51062953,-0.19131753
5.388887,5.215938,-1.2087483,0.51006466,-0.21110679
5.406552,5.169297,-1.2265617,0.50949985,-0.23089604
5.42329,5.122609,-1.2459948,0.50893503,-0.2506853
5.4390235,5.0758843,-1.2670366,0.5052537,-0.23903097
5.4537063,5.0290427,-1.286974,0.5015723,-0.22737664
5.46739,4.9821315,-1.3058183,0.49789098,-0.21572231
5.4801273,4.935194,-1.3235809,0.49798656,-0.23046169
5.491991,4.888186,-1.3425398,0.49808213,-0.24520107
5.5029244,4.8411207,-1.3626914,0.49817768,-0.25994045
5.5128713,4.7940154,-1.3840319,0.49653462,-0.25522712
5.5217924,4.7468057,-1.4049249,0.49489155,-0.2505138
5.5297084,4.6995196,-1.4253724,0.4932485,-0.24580048
5.5366416,4.652182,-1.4453763,0.49382964,-0.2555595
5.5426183,4.6047783,-1.4661819,0.4944108,-0.26531854
5.5476003,4.557328,-1.4877889,0.49499196,-0.27507758
5.55155,4.509854,-1.5101974,0.4946095,-0.2747429
5.5544333,4.462335,-1.5325619,0.49422705,-0.27440822
5.5562515,4.4147964,-1.5548826,0.4938446,-0.2740735
5.5570083,4.3672614,-1.5771595,0.49565196,-0.28339377
5.5567055,4.319674,-1.6002582,0.49745932,-0.29271403
5.555302,4.2720647,-1.6241821,0.49926665,-0.3
5.5527573,4.224436,-1.6487726,0.5017371,-0.3
5.5490236,4.176649,-1.6734849,0.5042075,-0.3
5.5440855,4.1287336,-1.6983188,0.5066779,-0.3
5.5379295,4.0807223,-1.7232744,0.51028377,-0.3
5.530525,4.0325384,-1.7484076,0.5138896,-0.3
5.5218515,3.984217,-1.7737184,0.51749545,-0.3
5.511888,3.9357932,-1.7992067,0.5218935,-0.3
5.500599,3.8872297,-1.8249117,0.523,-0.3
5.488038,3.83887,-1.8506713,0.523,-0.3
5.4742365,3.7908502,-1.8764307,0.523,-0.3
5.4592023,3.7432015,-1.9021903,0.523,-0.3
5.442946,3.695956,-1.9279498,0.523,-0.3
5.425478,3.649145,-1.9537094,0.523,-0.29820472
5.4068,3.6027734,-1.9793193,0.523,-0.29640943
5.3869295,3.5568705,-2.0047796,0.523,-0.29461417
5.3658853,3.5114632,-2.0300903,0.523,-0.25815558
5.343468,3.4661367,-2.0523438,0.523,-0.221697
5.3198385,3.4209187,-2.0715103,0.523,-0.18523844
5.2951612,3.375824,-2.087565,0.523,-0.14950141
5.2696095,3.3308606,-2.1005478,0.523,-0.113764405
5.243352,3.286021,-2.1104429,0.523,-0.07802739
5.2165604,3.2412899,-2.1172376,0.523,-0.058598507
5.1894293,3.1966825,-2.1223423,0.523,-0.03916962
5.162045,3.1521719,-2.1257558,0.523,-0.019740736
5.134493,3.1077297,-2.1274765,0.523,-0.00571903
5.1068597,3.0633268,-2.127975,0.523,0.0083026765
5.0792046,3.0189388,-2.1272511,0.523,0.022324383
5.0515876,2.9745402,-2.1253054,0.523,0.029955614
5.0240626,2.9300969,-2.1226947,0.523,0.037586845
4.996661,2.8855932,-2.119419,0.523,0.045218073
4.9694138,2.8410141,-2.115479,0.523,0.052209724
4.942352,2.7963433,-2.1109302,0.523,0.05920137
4.9155035,2.7515674,-2.1057727,0.523,0.06619302
4.8888984,2.7066734,-2.100007,0.523,0.06833522
4.862556,2.661633,-2.0940552,0.523,0.070477426
4.8364863,2.6164434,-2.087917,0.523,0.07261963
4.8106985,2.5711017,-2.0815926,0.523,0.07526505
4.785203,2.5256066,-2.0750382,0.523,0.07791047
4.760011,2.4799547,-2.0682538,0.523,0.08055589
4.735135,2.4341426,-2.0612397,0.523,0.0807295
4.710581,2.3881578,-2.0542104,0.523,0.0809031
4.6863513,2.3420022,-2.0471659,0.523,0.081076704
4.6624475,2.2956777,-2.0401065,0.523,0.08119334
4.6388717,2.249186,-2.033037,0.523,0.081309974
4.6156254,2.2025292,-2.0259573,0.523,0.081426606
4.59271,2.1557095,-2.0188675,0.523,0.07868255
4.5701222,2.1087182,-2.012016,0.523,0.075938486
4.547852,2.0615633,-2.005403,0.523,0.07319443
4.52589,2.0142522,-1.9990286,0.523,0.07625255
4.504235,1.9668131,-1.9923884,0.523,0.07931067
4.4829,1.9192425,-1.9854823,0.523,0.0823688
4.4618998,1.8715377,-1.9783107,0.523,0.08347301
4.441244,1.8236877,-1.9710431,0.523,0.08457722
4.4209385,1.7756934,-1.9636796,0.523,0.08568143
4.4009886,1.7275555,-1.9562201,0.523,0.08764134
4.381402,1.6792783,-1.9485905,0.523,0.08960125
4.3621874,1.6308614,-1.9407907,0.523,0.09156115
4.343354,1.5823048,-1.9328208,0.523,0.08966455
4.324906,1.5335913,-1.9250154,0.523,0.087767944
4.306835,1.484727,-1.9173748,0.523,0.08587133
4.289135,1.435718,-1.9098989,0.523,0.081853315
4.271796,1.3865614,-1.902772,0.523,0.07783529
4.2548027,1.3372667,-1.8959942,0.523,0.07381727
4.2381387,1.2878429,-1.8895656,0.523,0.07537596
4.221794,1.2383187,-1.8830016,0.523,0.07693464
4.2057776,1.1886941,-1.876302,0.523,0.07849333
4.1900954,1.1389694,-1.869467,0.523,0.07978255
4.174755,1.0891439,-1.8625201,0.523,0.08107178
4.159763,1.0392181,-1.855461,0.523,0.082361
4.145125,0.989193,-1.8482901,0.523,0.075957485
4.130839,0.93903875,-1.8416754,0.523,0.069553964
4.116878,0.88876766,-1.8356175,0.523,0.06315045
4.1032166,0.8383915,-1.8301166,0.5176918,0.0586858
4.089965,0.7884394,-1.825056,0.5123836,0.054221146
4.0770955,0.7389212,-1.8204279,0.50707537,0.049756497
4.0645843,0.6898463,-1.8162246,0.4907616,0.0485707
4.052674,0.6422969,-1.8122534,0.47444785,0.0473849
4.041342,0.59628016,-1.8085078,0.45813408,0.046199102
4.0305653,0.5518026,-1.8049815,0.44274464,0.024035877
4.020294,0.50874907,-1.8032081,0.4273552,0.0018726528
4.0104513,0.4671626,-1.8030747,0.41196576,-0.020290572
4.00097,0.42708066,-1.8044678,0.40305158,-0.04486403
3.9916468,0.38791034,-1.8074805,0.39413738,-0.06943749
3.9824271,0.34968773,-1.8120382,0.3852232,-0.09401094
3.9732645,0.31244612,-1.8180652,0.36827603,-0.11885399
3.9643142,0.27699056,-1.8253431,0.35132885,-0.14369704
3.9555588,0.24334018,-1.8337284,0.33438167,-0.16854009
3.946991,0.21150872,-1.8430767,0.31680074,-0.18500288
3.9386165,0.18151642,-1.8527893,0.29921985,-0.20146567
3.9304585,0.15335757,-1.8627685,0.28163892,-0.21792844
3.9225435,0.12702358,-1.8729173,0.26678362,-0.16215697
3.9147098,0.10188767,-1.8800958,0.25192833,-0.10638551
3.9070847,0.07802599,-1.8845544,0.23707305,-0.050614037
3.899777,0.055504944,-1.8865534,0.22411066,-0.018206943
3.8928187,0.034205377,-1.8872334,0.21114828,0.014200151
3.8862488,0.014140919,-1.8867338,0.1981859,0.046607245
3.8800979,-0.004676304,-1.8851948,0.18910746,0.08724543
3.8742719,-0.022591693,-1.8824484,0.18002903,0.12788361
3.8687968,-0.039587438,-1.8786218,0.1709506,0.16852179
3.8636906,-0.055648148,-1.8738431,0.16975231,0.18212587
3.8587084,-0.071581885,-1.8687187,0.16855404,0.19572994
3.8538554,-0.08738712,-1.8632553,0.16735575,0.209334
3.8491356,-0.103062235,-1.857459,0.16647387,0.215986
3.844538,-0.11865928,-1.8515128,0.16559197,0.222638
3.8400636,-0.1341776,-1.8454189,0.16471007,0.22929
3.8357136,-0.14961646,-1.8391795,0.163333,0.23655942
3.8315032,-0.16492645,-1.8327998,0.16195592,0.24382883
3.8274324,-0.18010664,-1.8262832,0.16057886,0.25109825
