5.6104126,5.3983803,-0.13649888,-0.28726706,0.0
5.581953,5.4022894,-0.13649888,-0.2737213,0.09144217
5.554949,5.4059987,-0.1406647,-0.2601756,0.18288434
5.529618,5.4095855,-0.1485509,-0.24662988,0.2743265
5.5061383,5.4130993,-0.15968618,-0.22709861,0.3134152
5.48481,5.4165344,-0.17135562,-0.20756735,0.3525039
5.465615,5.419856,-0.18329935,-0.1880361,0.39159262
5.4485254,5.423024,-0.19526035,-0.16654624,0.3944588
5.433442,5.4260073,-0.20592788,-0.14505637,0.397325
5.420349,5.4287424,-0.21528289,-0.12356651,0.4001912
5.4092317,5.4311733,-0.22330636,-0.101062305,0.38405216
5.400094,5.4332485,-0.22961736,-0.078558095,0.3679131
5.3929563,5.4349165,-0.23432651,-0.05605389,0.35177404
5.387838,5.4361386,-0.23754553,-0.032691997,0.32086506
5.384823,5.4368687,-0.23926398,-0.009330098,0.2899561
5.383954,5.4370804,-0.23970857,0.0140318,0.25904715
5.385272,5.4367585,-0.23910952,0.036784004,0.23067226
5.388751,5.43591,-0.23770784,0.05953621,0.20229736
5.394419,5.434537,-0.23571417,0.08228842,0.17392248
5.4023,5.4326444,-0.23334087,0.10254909,0.14624263
5.4121704,5.4302983,-0.23085026,0.12280976,0.118562795
5.4240413,5.427508,-0.22842917,0.14307043,0.09088295
5.437919,5.4242816,-0.22626504,0.16046415,0.07177594
5.4535165,5.420691,-0.22434711,0.17785789,0.052668937
5.4708323,5.41674,-0.22278658,0.19525161,0.033561926
5.4898643,5.4124284,-0.2216946,0.20930374,0.016619902
5.5102797,5.4078264,-0.22111487,0.22335586,-0.00032212137
5.5320716,5.402928,-0.22112685,0.23740797,-0.017264146
5.5552306,5.397722,-0.22180994,0.24688537,-0.026704032
5.579306,5.392292,-0.2229086,0.25636277,-0.036143918
5.6042914,5.3866286,-0.2244526,0.26584017,-0.045583803
5.630182,5.3807178,-0.22647156,0.27222365,-0.05097258
5.6566744,5.3746133,-0.22878322,0.27860713,-0.05636136
5.6837664,5.3683047,-0.23139895,0.2849906,-0.061750136
5.711453,5.361781,-0.23433012,0.29044768,-0.06453833
5.739645,5.3550515,-0.23745212,0.29590476,-0.06732652
5.76834,5.3481064,-0.24076998,0.30136183,-0.07011472
5.797535,5.340938,-0.24428874,0.30680636,-0.07432251
5.8272223,5.333538,-0.24808569,0.3122509,-0.078530304
5.8573985,5.3258944,-0.25216836,0.31769544,-0.0827381
5.8880577,5.317995,-0.25654426,0.32373077,-0.08553376
5.919257,5.3098106,-0.26115364,0.32976606,-0.08832942
5.950991,5.3013296,-0.266002,0.3358014,-0.091125086
5.983256,5.2925386,-0.27109492,0.34250945,-0.094090596
6.01611,5.283407,-0.27645814,0.3492175,-0.097056106
6.0495477,5.27392,-0.28209823,0.35592556,-0.100021616
6.0835624,5.264062,-0.28802174,0.36333218,-0.10338865
6.118213,5.253796,-0.29427132,0.37073883,-0.106755696
6.1534915,5.2431045,-0.30085522,0.37814546,-0.11012274
6.1893888,5.2319665,-0.3077816,0.38619158,-0.115889944
6.225946,5.2203455,-0.3152242,0.3942377,-0.12165715
6.26315,5.2082133,-0.32319814,0.40228382,-0.12742434
6.300987,5.1955404,-0.33171847,0.41204867,-0.14153734
6.3395557,5.1822553,-0.3414061,0.4218135,-0.15565035
6.378822,5.1683035,-0.35230455,0.43157834,-0.16976334
6.4187465,5.1536255,-0.364457,0.443297,-0.18823487
6.459433,5.1381035,-0.37828234,0.45501563,-0.20670637
6.5008173,5.1216564,-0.39384672,0.4667343,-0.2251779
6.5428295,5.104198,-0.41121545,0.48061904,-0.25553018
6.5854545,5.08561,-0.4314622,0.49450377,-0.28588244
6.6285496,5.065769,-0.45470423,0.5083885,-0.3
6.672183,5.0444384,-0.47974408,0.5213235,-0.3
6.716365,5.0214515,-0.505421,0.523,-0.3
6.760082,4.9972596,-0.5311805,0.523,-0.3
6.803161,4.9719505,-0.55694,0.523,-0.3
6.845575,4.94554,-0.58269954,0.523,-0.3
6.887294,4.9180455,-0.60845906,0.523,-0.3
6.928291,4.889486,-0.6342186,0.523,-0.3
6.9685388,4.85988,-0.6599781,0.523,-0.3
7.0080104,4.829247,-0.6857376,0.523,-0.3
7.0466805,4.7976074,-0.7114971,0.523,-0.3
7.0845222,4.764982,-0.7372566,0.523,-0.3
7.1215115,4.731394,-0.7630161,0.523,-0.3
7.1576233,4.696863,-0.7887756,0.523,-0.3
7.192834,4.661414,-0.81453514,0.523,-0.3
7.2271194,4.62507,-0.84029466,0.523,-0.3
7.2604575,4.5878544,-0.8660542,0.523,-0.3
7.292826,4.5497932,-0.8918137,0.523,-0.3
7.324204,4.5109105,-0.9175732,0.523,-0.3
7.3545694,4.4712324,-0.94333273,0.523,-0.3
7.383903,4.4307857,-0.9690922,0.523,-0.3
7.412185,4.3895965,-0.9948517,0.523,-0.3
7.439397,4.3476925,-1.0206113,0.523,-0.3
7.4655204,4.305102,-1.0463707,0.523,-0.3
7.490538,4.2618523,-1.0721302,0.523,-0.3
7.514434,4.2179728,-1.0978898,0.523,-0.3
7.5371914,4.1734924,-1.1236492,0.523,-0.3
7.5587955,4.1284404,-1.1494088,0.523,-0.3
7.579232,4.082847,-1.1751683,0.523,-0.3
7.598488,4.0367427,-1.2009279,0.523,-0.3
7.6165495,3.9901574,-1.2266873,0.523,-0.3
7.633405,3.9431224,-1.2524469,0.523,-0.3
7.649044,3.8956687,-1.2782063,0.523,-0.3
7.663455,3.8478281,-1.3039658,0.523,-0.3
7.6766295,3.7996323,-1.3297254,0.523,-0.3
7.688558,3.751113,-1.3554848,0.523,-0.3
7.699233,3.7023025,-1.3812444,0.523,-0.3
7.7086473,3.6532333,-1.4070039,0.523,-0.3
7.7167945,3.6039379,-1.4327635,0.523,-0.3
7.723669,3.554449,-1.4585229,0.523,-0.3
7.729267,3.5047996,-1.4842825,0.523,-0.3
7.7335844,3.4550223,-1.510042,0.523,-0.3
7.736618,3.4051504,-1.5358014,0.523,-0.3
7.738366,3.355217,-1.561561,0.523,-0.3
7.738827,3.305255,-1.5873204,0.523,-0.3
7.738002,3.2552977,-1.61308,0.523,-0.3
7.73589,3.2053783,-1.6388395,0.523,-0.3
7.732493,3.1555297,-1.6645991,0.523,-0.3
7.727813,3.1057854,-1.6903585,0.523,-0.3
7.7218533,3.0561779,-1.7161181,0.523,-0.3
7.7146177,3.0067403,-1.7418776,0.523,-0.3
7.7061114,2.9575057,-1.767637,0.523,-0.3
7.69634,2.9085064,-1.7933966,0.523,-0.3
7.6853094,2.859775,-1.819156,0.523,-0.3
7.6730275,2.8113441,-1.8449156,0.523,-0.3
7.6595025,2.7632456,-1.8706751,0.523,-0.3
7.644743,2.715511,-1.8964347,0.523,-0.3
7.628759,2.6681728,-1.9221941,0.523,-0.3
7.6115603,2.6212618,-1.9479537,0.523,-0.3
7.5931597,2.5748096,-1.9737132,0.523,-0.3
7.573569,2.5288465,-1.9994726,0.523,-0.3
7.5528,2.4834034,-2.025232,0.523,-0.3
7.530868,2.4385102,-2.0509918,0.523,-0.3
7.507787,2.3941967,-2.0767512,0.523,-0.3
7.4835725,2.3504925,-2.1025107,0.523,-0.3
7.45824,2.3074265,-2.1282701,0.523,-0.3
7.431807,2.2650273,-2.1540298,0.523,-0.3
7.40429,2.2233229,-2.1797893,0.523,-0.3
7.3757086,2.182341,-2.2055488,0.523,-0.3
7.3460813,2.1421092,-2.2313082,0.523,-0.3
7.3154273,2.1026535,-2.2570677,0.523,-0.3
7.283767,2.0640006,-2.2828274,0.523,-0.3
7.251122,2.026176,-2.3085868,0.523,-0.3
7.217513,1.9892048,-2.3343463,0.523,-0.3
7.1829634,1.9531114,-2.3601058,0.523,-0.3
7.1474957,1.9179199,-2.3858654,0.523,-0.3
7.111133,1.8836536,-2.411625,0.523,-0.3
7.0739,1.8503352,-2.4373844,0.523,-0.3
7.0358214,1.817987,-2.4631438,0.523,-0.3
6.996922,1.7866303,-2.4889033,0.523,-0.3
6.9572277,1.7562858,-2.514663,0.523,-0.3
6.916765,1.7269738,-2.5404224,0.523,-0.3
6.875561,1.6987137,-2.566182,0.523,-0.3
6.833643,1.6715243,-2.5919414,0.523,-0.3
6.791038,1.6454235,-2.617701,0.523,-0.3
6.747775,1.6204288,-2.6434605,0.523,-0.3
6.7038827,1.5965567,-2.66922,0.523,-0.3
6.6593904,1.573823,-2.6949794,0.523,-0.3
6.614327,1.5522429,-2.720739,0.523,-0.3
6.5687227,1.5318305,-2.7464986,0.523,-0.3
6.522608,1.5125996,-2.772258,0.523,-0.3
6.4760127,1.4945627,-2.7980175,0.523,-0.3
6.428969,1.4777321,-2.823777,0.523,-0.3
6.381507,1.4621187,-2.8495367,0.523,-0.3
6.3336587,1.4477329,-2.875296,0.523,-0.3
6.2854557,1.4345844,-2.9010556,0.523,-0.3
6.23693,1.4226817,-2.926815,0.523,-0.3
6.1881137,1.4120328,-2.9525745,0.523,-0.3
6.1390395,1.4026449,-2.9783342,0.523,-0.3
6.08974,1.394524,-3.0040936,0.523,-0.3
6.0402474,1.3876756,-3.029853,0.523,-0.3
5.990595,1.3821043,-3.0556126,0.523,-0.3
5.9408154,1.3778136,-3.0813723,0.523,-0.3
5.890942,1.3748065,-3.1071317,0.523,-0.3
5.8410077,1.3730851,-3.1328912,0.523,-0.3
5.791045,1.3726504,3.1245346,0.523,-0.3
5.7410884,1.3735026,3.0987751,0.523,-0.20002948
5.6898785,1.3756967,3.0814552,0.523,-0.10005896
5.6379337,1.3788242,3.072748,0.523,-8.8441375e-05
5.5857577,1.382422,3.0727403,0.523,0.09982325
5.5338416,1.3860022,3.081427,0.523,0.19973494
5.482674,1.3890845,3.0987217,0.523,0.29964662
5.43275,1.3912259,3.1244519,0.523,0.3994721
5.3845754,1.3920518,-3.1248314,0.523,0.49929753
5.3386664,1.3912823,-3.0830953,0.523,0.599123
5.2955494,1.3887571,-3.0339406,0.523,0.4991575
5.2498965,1.3838234,-2.992215,0.523,0.399192
5.202245,1.376652,-2.9583356,0.523,0.29922652
5.153106,1.3675447,-2.9326406,0.523,0.19969518
5.1029606,1.3569114,-2.9153492,0.523,0.100163855
5.0522485,1.3452384,-2.906633,0.523,0.00063251855
5.0013857,1.3330628,-2.9065776,0.523,-0.08361003
4.950701,1.3209269,-2.9138572,0.523,-0.16785258
4.9004674,1.3092849,-2.9284198,0.523,-0.25209513
4.850967,1.2985699,-2.950162,0.523,-0.22450519
4.800911,1.2888689,-2.9695673,0.523,-0.19691524
4.7503786,1.2800893,-2.9866211,0.523,-0.16932529
4.6994443,1.2721322,-3.0013103,0.523,-0.13904686
4.648158,1.26489,-3.0133915,0.523,-0.10876843
4.596594,1.258243,-3.0228539,0.523,-0.078490004
4.5448217,1.2520665,-3.0296884,0.523,-0.05482609
4.492927,1.2462349,-3.034465,0.523,-0.031162173
4.4409523,1.2406455,-3.037181,0.523,-0.0074982583
4.3889384,1.2351949,-3.0378344,0.523,0.008134216
4.336921,1.2297783,-3.0371256,0.523,0.02376669
4.284921,1.2243261,-3.035054,0.523,0.039399166
4.232958,1.218769,-3.0316207,0.523,0.05515898
4.181053,1.2130377,-3.026815,0.523,0.07091879
4.1292276,1.2070632,-3.0206385,0.523,0.08667861
4.0775046,1.2007763,-3.0130925,0.523,0.09842128
4.025887,1.1941067,-3.0045273,0.523,0.11016396
3.9743917,1.187004,-2.994944,0.523,0.12190663
3.9230368,1.1794183,-2.984344,0.523,0.13147373
3.871828,1.1712989,-2.972917,0.523,0.14104085
3.8207822,1.162606,-2.9606636,0.523,0.15060794
3.7699182,1.1533015,-2.947585,0.523,0.15579695
3.719221,1.1433406,-2.9340599,0.523,0.16098595
3.668705,1.1327037,-2.9200878,0.523,0.16617495
3.6183856,1.1213717,-2.9056695,0.523,0.17352831
3.568298,1.1093308,-2.8906193,0.523,0.18088166
3.5184631,1.096554,-2.8749382,0.523,0.18823501
3.4689026,1.0830162,-2.858627,0.523,0.19679637
3.419652,1.0686957,-2.8415835,0.523,0.20535773
3.3707378,1.0535642,-2.823809,0.523,0.2139191
3.3221889,1.0375949,-2.805304,0.523,0.22197801
3.2740297,1.0207602,-2.7861135,0.523,0.23003693
3.2262912,1.0030372,-2.7662382,0.523,0.23809585
3.1790051,0.98440474,-2.7456799,0.523,0.2473006
3.1322188,0.9648489,-2.7243426,0.523,0.25650534
3.0859702,0.9443478,-2.702228,0.523,0.2657101
3.0402985,0.92288196,-2.6793387,0.523,0.27129695
2.9951997,0.900411,-2.6559796,0.523,0.27688378
2.9507077,0.87692976,-2.6321518,0.523,0.28247064
2.9068584,0.8524344,-2.607856,0.523,0.284486
2.8636425,0.8268961,-2.5833914,0.523,0.28650135
2.8210893,0.8003239,-2.5587583,0.523,0.2885167
2.7792287,0.7727282,-2.5339568,0.523,0.28514585
2.7380242,0.74407434,-2.5094368,0.523,0.28177503
2.6974947,0.71438974,-2.4851992,0.523,0.27840418
2.657658,0.68370193,-2.4612439,0.523,0.2792133
2.618577,0.652076,-2.4372208,0.523,0.2800224
2.5802758,0.619528,-2.41313,0.523,0.28083155
2.5427785,0.58607465,-2.3889713,0.523,0.27663127
2.506056,0.55168396,-2.3651648,0.523,0.27243096
2.4701202,0.51638705,-2.3417106,0.523,0.26823068
2.434981,0.48021507,-2.318609,0.523,0.26726046
2.400678,0.4432312,-2.2955892,0.523,0.26629025
2.3672261,0.40545753,-2.272651,0.523,0.26532003
2.334641,0.36691633,-2.2497942,0.523,0.252512
2.3028374,0.32750702,-2.2280169,0.523,0.23970401
2.2717998,0.28728533,-2.2073221,0.523,0.226896
2.2415094,0.24630542,-2.1877136,0.523,0.22024126
2.2119834,0.20467655,-2.1686707,0.523,0.21358654
2.1832135,0.16243109,-2.1501944,0.523,0.2069318
2.155189,0.11960051,-2.132285,0.523,0.20665033
2.1279345,0.07627238,-2.1144001,0.523,0.20636886
2.1014576,0.032461178,-2.096539,0.523,0.20608738
2.075766,-0.011818524,-2.078702,0.523,0.20170699
2.0508456,-0.056589957,-2.0612388,0.523,0.19732659
2.0266895,-0.10182978,-2.0441499,0.523,0.1929462
2.0032897,-0.14751531,-2.0274355,0.523,0.19099215
1.9806483,-0.19360307,-2.0108886,0.523,0.18903811
1.9587642,-0.2400766,-1.9945086,0.523,0.18708408
1.9376364,-0.28691977,-1.9782962,0.523,0.18266934
1.917254,-0.33413824,-1.9624618,0.523,0.1782546
1.8976059,-0.38171184,-1.9470061,0.523,0.17383987
1.8786806,-0.42962104,-1.9319293,0.523,0.17278773
1.8604764,-0.477819,-1.9169428,0.523,0.17173558
1.8429934,-0.5262932,-1.9020467,0.523,0.17068344
1.8262312,-0.57503134,-1.8872409,0.523,0.16365275
1.8101734,-0.6240704,-1.8730394,0.523,0.15662204
1.7947962,-0.6733886,-1.859443,0.523,0.14959134
1.7800751,-0.722965,-1.8464521,0.523,0.14922191
1.7659984,-0.77273124,-1.8334932,0.523,0.14885248
1.7525669,-0.8226785,-1.820566,0.523,0.14848305
1.7397816,-0.872798,-1.8076708,0.523,0.14611316
1.7276394,-0.9230959,-1.7949799,0.523,0.14374325
1.7161325,-0.9735612,-1.7824934,0.523,0.14137335
1.7052529,-1.0241835,-1.7702113,0.523,0.13847421
1.6949916,-1.0749564,-1.7581795,0.523,0.13557506
1.6853381,-1.1258694,-1.7463981,0.523,0.13267592
1.6762816,-1.1769125,-1.7348671,0.523,0.13313173
1.6678147,-1.2280536,-1.7232966,0.523,0.13358754
1.6599406,-1.279286,-1.7116868,0.523,0.13404334
1.6526623,-1.3306032,-1.7000377,0.523,0.13200402
1.6459804,-1.382016,-1.6885648,0.523,0.1299647
1.6398872,-1.4335157,-1.677268,0.523,0.12792537
1.6343746,-1.4850945,-1.6661476,0.523,0.12383685
1.6294334,-1.5367582,-1.6553807,0.523,0.11974834
1.6250466,-1.5884981,-1.6449676,0.523,0.11565982
1.6211969,-1.6403058,-1.6349083,0.523,0.11137962
1.6178669,-1.6921749,-1.6252198,0.523,0.10709943
1.6150383,-1.7440983,-1.6159022,0.523,0.10281923
1.6126925,-1.7960691,-1.6069555,0.523,0.098432
1.6108109,-1.848082,-1.5983894,0.523,0.09404477
1.6093743,-1.9001311,-1.5902039,0.523,0.08965754
1.6083635,-1.9522111,-1.5823992,0.51958483,0.08492649
1.6077628,-2.003979,-1.5750537,0.5161697,0.08019544
1.6075437,-2.0554295,-1.568162,0.51275456,0.0754644
1.6076784,-2.1065588,-1.561719,0.51152223,0.07191781
1.6081415,-2.1575768,-1.555593,0.5102899,0.06837122
1.6089154,-2.2084806,-1.5497826,0.50905764,0.064824626
1.6099828,-2.2592683,-1.5442866,0.50462806,0.056683786
1.6113183,-2.3096323,-1.5395218,0.50019854,0.04854294
1.6128806,-2.3595688,-1.5354766,0.49576902,0.040402096
1.6146299,-2.4090743,-1.5321391,0.4887775,0.025496263
1.6165183,-2.4578998,-1.5300623,0.48178595,0.0105904285
1.6184801,-2.5060358,-1.5292119,0.47479442,-0.004315406
1.620454,-2.5534737,-1.5295534,0.46721599,-0.009532494
1.6223803,-2.6001534,-1.5302957,0.45963755,-0.014749581
1.6242411,-2.6460745,-1.5314256,0.45205912,-0.019966668
1.6260201,-2.6912363,-1.5329298,0.44585556,-0.023082798
1.6277075,-2.735778,-1.534645,0.43965197,-0.02619893
1.629296,-2.7796996,-1.5365645,0.43344837,-0.02931506
1.6307789,-2.8230002,-1.5386819,0.42824757,-0.04023394
1.6321528,-2.8657684,-1.5415528,0.42304677,-0.051152818
1.6333882,-2.9079995,-1.5451579,0.41784596,-0.0620717
1.6344572,-2.94969,-1.5494778,0.41184008,-0.07953147
1.6353323,-2.9907346,-1.5549312,0.40583423,-0.09699123
1.6359732,-3.0311222,-1.5614812,0.39982834,-0.114451006
1.6363432,-3.0708416,-1.5690914,0.39024183,-0.1382285
1.636409,-3.1094935,-1.5780532,0.38065532,-0.162006
1.6361365,-3.1470597,-1.5882864,0.3710688,-0.1857835
1.6354986,-3.1835225,-1.5997102,0.35895917,-0.19072205
1.6344798,-3.2187526,-1.6110513,0.34684956,-0.19566058
1.6331105,-3.2527483,-1.6222901,0.33473992,-0.2005991
1.6314222,-3.2855077,-1.6334066,0.32394186,-0.18967053
1.6294316,-3.3172586,-1.6435857,0.3131438,-0.17874196
1.6271905,-3.3479924,-1.6528648,0.3023457,-0.16781339
1.6247468,-3.377702,-1.6612815,0.2954615,-0.16367203
1.6221126,-3.406734,-1.6693053,0.28857732,-0.15953068
1.6193105,-3.435087,-1.6769456,0.28169313,-0.15538932
1.616362,-3.4627604,-1.6842116,0.27218574,-0.13727742
1.6133106,-3.4895496,-1.6904196,0.26267835,-0.11916553
1.610198,-3.5154448,-1.6956244,0.25317097,-0.10105364
1.607062,-3.5404367,-1.6998811,0.24398819,-0.07212283
1.6039294,-3.5645697,-1.7028114,0.23480539,-0.04319202
1.6008415,-3.587824,-1.704501,0.2256226,-0.014261216
1.5978341,-3.6101828,-1.7050374,0.21399306,0.0317514
1.5949715,-3.631379,-1.7039051,0.20236352,0.07776402
1.592294,-3.6513755,-1.701285,0.19073398,0.12377663
1.5898311,-3.6701422,-1.6973603,0.18023306,0.16334322
1.5875864,-3.6877832,-1.6924754,0.16973214,0.20290981
1.5855684,-3.7042854,-1.6867747,0.15923122,0.2424764
