5.5817084,-2.1380346,-1.5420209,0.9191943,0.0
5.5843534,-2.2299159,-1.5420209,0.523,0.098207615
5.5858507,-2.2819424,-1.5334742,0.49903357,0.19641523
5.587677,-2.330852,-1.5172428,0.47506717,0.29462284
5.5901103,-2.3762467,-1.4942513,0.44932747,0.3793229
5.5933022,-2.4178631,-1.4665208,0.4235878,0.46402293
5.5972447,-2.455537,-1.4349247,0.39784813,0.548723
5.601843,-2.4891684,-1.4003386,0.37132794,0.625381
5.60695,-2.518837,-1.364109,0.34480774,0.70203906
5.6123524,-2.5446038,-1.3269976,0.31828758,0.7786971
5.6178217,-2.5665903,-1.2897393,0.29125184,0.8408832
5.6232085,-2.5852492,-1.2535642,0.2642161,0.90306926
5.6283116,-2.6007931,-1.2189858,0.23718037,0.9652553
5.632964,-2.6134667,-1.1864843,0.2094855,0.9982477
5.637219,-2.6239884,-1.1571381,0.18179063,1.0
5.641167,-2.632982,-1.1316428,0.15409577,1.0
5.644707,-2.640518,-1.1100317,0.12690163,1.0
5.6477556,-2.6466594,-1.0922344,0.09970748,1.0
5.6502366,-2.6514413,-1.0782509,0.072513334,1.0
5.652089,-2.6548936,-1.0680813,0.0469546,0.9744741
5.65336,-2.6572042,-1.0616062,0.021395864,0.94894814
5.6539674,-2.6582925,-1.0587077,-0.0041628736,0.9234222
5.6538444,-2.6580737,-1.0592611,-0.028401898,0.8742394
5.652952,-2.6564846,-1.0628921,-0.052640922,0.82505655
5.651215,-2.653364,-1.069337,-0.07687995,0.7758737
5.648577,-2.6485517,-1.0783106,-0.09978128,0.71242964
5.6450067,-2.641898,-1.0891814,-0.122682616,0.6489856
5.6404796,-2.6332357,-1.1015391,-0.14558394,0.5855416
5.6349926,-2.622414,-1.1149487,-0.16596533,0.51422566
5.628631,-2.6094394,-1.128554,-0.18634671,0.44290972
5.6214256,-2.5942225,-1.1418644,-0.2067281,0.37159377
5.613415,-2.5767057,-1.154375,-0.22261779,0.30522597
5.6048265,-2.5572872,-1.1655247,-0.23850748,0.23885815
5.59569,-2.535991,-1.1749296,-0.25439715,0.17249033
5.586025,-2.512867,-1.1822069,-0.26688814,0.13418882
5.5760045,-2.48839,-1.1881579,-0.27937913,0.095887296
5.5656214,-2.4625914,-1.1926159,-0.29187012,0.057585783
5.5548625,-2.4355118,-1.1954156,-0.3000664,0.041018486
5.5438704,-2.407618,-1.1974664,-0.3082627,0.02445119
5.532631,-2.3789237,-1.1987225,-0.316459,0.007883894
5.5211263,-2.3494442,-1.1991383,-0.32155067,0.0051703393
5.509449,-2.3194847,-1.1994154,-0.32664233,0.0024567842
5.4975953,-2.2890475,-1.1995492,-0.331734,-0.00025677084
5.4855604,-2.258134,-1.199535,-0.3350808,0.00060821173
5.473404,-2.226909,-1.199569,-0.33842757,0.0014731943
5.4611273,-2.1953714,-1.1996521,-0.34177437,0.002338177
5.448732,-2.163521,-1.1997852,-0.34447613,0.0037051379
5.4362426,-2.1314175,-1.1999979,-0.34717792,0.005072099
5.4236627,-2.0990596,-1.2002914,-0.34987968,0.00643906
5.410994,-2.0664463,-1.2006669,-0.3527273,0.009064573
5.3982353,-2.0335636,-1.2011998,-0.3555749,0.011690086
5.385391,-2.0004096,-1.2018926,-0.35842252,0.0143156
5.372468,-1.966982,-1.2027477,-0.36135343,0.018689042
5.359469,-1.9332725,-1.2038732,-0.3642843,0.023062486
5.346404,-1.8992779,-1.2052733,-0.36721522,0.027435929
5.3332834,-1.8649952,-1.2069522,-0.37020493,0.03177776
5.3201156,-1.8304157,-1.2089126,-0.37319466,0.036119588
5.306912,-1.7955362,-1.2111588,-0.37618437,0.040461414
5.2936835,-1.7603532,-1.2136948,-0.3789212,0.045390625
5.2804513,-1.7248882,-1.2165605,-0.38165805,0.05031983
5.2672296,-1.6891373,-1.21976,-0.38439485,0.055249043
5.254031,-1.653097,-1.2232977,-0.3863069,0.061738115
5.240901,-1.6168447,-1.2272701,-0.38821894,0.06822719
5.2278557,-1.580376,-1.2316812,-0.390131,0.07471626
5.2149143,-1.5436873,-1.236535,-0.39138976,0.0831895
5.202118,-1.5068425,-1.2419553,-0.39264852,0.09166275
5.189491,-1.4698375,-1.2479454,-0.39390728,0.10013599
5.177056,-1.4326692,-1.2545085,-0.39458382,0.107975654
5.164854,-1.3953863,-1.2615956,-0.39526036,0.11581533
5.1529074,-1.357987,-1.2692081,-0.39593688,0.12365499
5.1412363,-1.320469,-1.2773472,-0.3974204,0.12990433
5.1298375,-1.2827464,-1.2859275,-0.3989039,0.13615365
5.1187305,-1.244818,-1.2949516,-0.40038744,0.14240299
5.1079364,-1.2066828,-1.3044223,-0.40291145,0.14762798
5.0974455,-1.1682355,-1.3142997,-0.40543547,0.15285297
5.08728,-1.1294756,-1.3245883,-0.4079595,0.15807796
5.077461,-1.0904032,-1.3352917,-0.41096467,0.16127011
5.067996,-1.0509597,-1.34629,-0.41396984,0.16446227
5.058904,-1.0111462,-1.357586,-0.41697502,0.16765441
5.0502048,-0.97096425,-1.3691828,-0.420282,0.16958082
5.041909,-0.93037796,-1.3810046,-0.42358902,0.17150724
5.034035,-0.88939,-1.3930534,-0.426896,0.17343365
5.026601,-0.8480033,-1.4053313,-0.4305838,0.17349863
5.019615,-0.80617064,-1.4177198,-0.43427163,0.17356363
5.013093,-0.7638961,-1.4302192,-0.43795943,0.17362863
5.0070486,-0.7211842,-1.4428294,-0.44215894,0.17068633
5.0014877,-0.67796713,-1.4553467,-0.44635844,0.16774404
4.9964185,-0.63425076,-1.4677674,-0.45055795,0.16480176
4.991847,-0.5900411,-1.4800868,-0.4551847,0.16076413
4.987777,-0.54529434,-1.4922305,-0.45981142,0.15672651
4.9842124,-0.50001687,-1.5041922,-0.46443814,0.15268889
4.9811573,-0.45421514,-1.5159655,-0.46726307,0.14172459
4.9786224,-0.40802684,-1.5269656,-0.47008803,0.13076028
4.97658,-0.3614641,-1.5371813,-0.47291297,0.11979597
4.9750023,-0.31453827,-1.5466009,-0.47313926,0.10641174
4.973864,-0.26750574,-1.5549763,-0.47336558,0.0930275
4.9731183,-0.22037977,-1.5623051,-0.47359186,0.079643264
4.9727173,-0.1731724,-1.5685848,-0.47293434,0.07281315
4.9726133,-0.1260044,-1.5743191,-0.47227684,0.06598304
4.9727793,-0.07887978,-1.579509,-0.4716193,0.059152924
4.9731894,-0.031802125,-1.5841559,-0.4714298,0.055825066
4.9738183,0.015263212,-1.58854,-0.47124028,0.052497208
4.9746532,0.062314913,-1.5926611,-0.4710508,0.04916935
4.975682,0.109351814,-1.5965198,-0.47125226,0.046451814
4.9768925,0.15641063,-1.6001669,-0.47145376,0.043734275
4.978276,0.20349061,-1.6036023,-0.47165522,0.04101674
4.979821,0.2505911,-1.6068257,-0.4719716,0.038106333
4.98152,0.2977234,-1.6098225,-0.47228798,0.035195928
4.9833617,0.34488702,-1.6125923,-0.4726044,0.032285523
4.9853354,0.39208156,-1.615135,-0.4727801,0.029905241
4.98743,0.43929198,-1.617491,-0.47295582,0.02752496
4.989637,0.48651814,-1.6196604,-0.47313154,0.025144678
4.991947,0.5337599,-1.621643,-0.4726502,0.023043519
4.994349,0.5809513,-1.6234581,-0.47216883,0.02094236
4.996834,0.62809235,-1.625106,-0.4716875,0.018841201
4.9993935,0.67518324,-1.6265872,-0.47084546,0.016339963
5.002019,0.72218823,-1.6278694,-0.4700034,0.013838726
5.0046997,0.7691075,-1.6289533,-0.46916136,0.011337489
5.0074263,0.81594133,-1.6298399,-0.4686419,0.009219366
5.0101914,0.86272186,-1.6305599,-0.46812245,0.007101244
5.0129876,0.9094494,-1.631114,-0.467603,0.004983121
5.015806,0.95612407,-1.6315023,-0.46744502,0.004502964
5.0186424,1.002782,-1.6318531,-0.46728703,0.004022807
5.0214934,1.0494232,-1.6321664,-0.46712908,0.0035426498
5.0243583,1.0960479,-1.6324422,-0.46842736,0.0040263296
5.027244,1.1428013,-1.6327566,-0.46972564,0.004510009
5.030153,1.1896832,-1.6331097,-0.47102395,0.0049936892
5.033086,1.2366936,-1.6335016,-0.47359025,0.0050381543
5.0360537,1.283959,-1.6338993,-0.4761566,0.0050826194
5.0390563,1.3314793,-1.6343027,-0.4787229,0.0051270844
5.042094,1.3792545,-1.6347117,-0.4818684,0.0056693316
5.045172,1.427342,-1.6351671,-0.48501387,0.006211579
5.048292,1.4757421,-1.6356692,-0.48815936,0.006753826
5.0514565,1.5244542,-1.6362187,-0.49003878,0.0066233873
5.0546603,1.5733522,-1.6367596,-0.49191824,0.0064929486
5.057903,1.622436,-1.637292,-0.4937977,0.00636251
5.0611835,1.6717056,-1.6378156,-0.49487734,0.0064483406
5.064498,1.7210813,-1.6383475,-0.495957,0.0065341713
5.0678453,1.7705628,-1.6388875,-0.49703664,0.006620002
5.071227,1.8201501,-1.639436,-0.49771377,0.005714995
5.0746408,1.8698035,-1.63991,-0.4983909,0.0048099877
5.0780826,1.9195231,-1.6403096,-0.49906808,0.0039049804
5.0815487,1.969309,-1.6406344,-0.49956617,0.0031825423
5.085035,2.0191436,-1.6408993,-0.5000643,0.0024601042
5.0885377,2.069027,-1.6411043,-0.50056237,0.0017376661
5.092054,2.1189594,-1.6412493,-0.5008785,0.00087606313
5.09558,2.1689231,-1.6413225,-0.50119466,1.4460087e-05
5.0991116,2.218918,-1.6413237,-0.5015108,-0.00084714295
5.102646,2.2689443,-1.6412529,-0.5023103,-0.0016335845
5.106182,2.3190508,-1.6411161,-0.50310975,-0.002420026
5.109717,2.3692372,-1.6409132,-0.50390923,-0.0032064677
5.1132474,2.419504,-1.640644,-0.5050745,-0.0051273345
5.116772,2.4698877,-1.6402123,-0.5062398,-0.0070482017
5.120283,2.5203884,-1.6396176,-0.50740504,-0.0089690685
5.1237726,2.5710068,-1.6388592,-0.50865597,-0.014998853
5.1272316,2.621749,-1.6375877,-0.5099069,-0.021028638
5.130634,2.6726146,-1.6358007,-0.51115775,-0.027058423
5.133953,2.7236037,-1.6334958,-0.51162434,-0.031629734
5.1371574,2.77464,-1.6307992,-0.512091,-0.03620105
5.140226,2.8257236,-1.6277101,-0.51255757,-0.04077236
5.1431394,2.876854,-1.624228,-0.5127493,-0.043911945
5.145875,2.9280062,-1.6204766,-0.51294106,-0.04705153
5.1484194,2.9791803,-1.6164557,-0.5131328,-0.050191116
5.1507587,3.0303757,-1.612165,-0.5140593,-0.051270407
5.1528816,3.08167,-1.6077743,-0.5149858,-0.052349698
5.1547832,3.133063,-1.603283,-0.5159123,-0.05342899
5.1564565,3.1845534,-1.5986911,-0.51745564,-0.053541142
5.1578975,3.2362046,-1.5940758,-0.518999,-0.053653292
5.159104,3.2880158,-1.589437,-0.5205423,-0.053765446
5.160073,3.3399858,-1.5847747,-0.5225447,-0.05517453
5.160802,3.3921556,-1.579972,-0.523,-0.056583613
5.161281,3.4443698,-1.5750425,-0.523,-0.057992697
5.161503,3.4965813,-1.5699903,-0.523,-0.05753542
5.161461,3.548795,-1.5649779,-0.523,-0.057078145
5.161157,3.601009,-1.5600052,-0.523,-0.056620874
5.1605935,3.6532218,-1.5550724,-0.523,-0.054860055
5.1597724,3.7054367,-1.5502928,-0.523,-0.053099237
5.158702,3.757652,-1.5456666,-0.523,-0.051338423
5.157389,3.8098667,-1.5411935,-0.523,-0.04730308
5.1558433,3.8620853,-1.5370718,-0.523,-0.043267738
5.1540813,3.9143066,-1.5333015,-0.523,-0.039232396
5.152122,3.9665296,-1.5298826,-0.523,-0.03641071
5.1499844,4.018751,-1.5267094,-0.523,-0.033589028
5.1476808,4.070971,-1.5237821,-0.523,-0.030767346
5.145224,4.1231885,-1.5211008,-0.523,-0.024969805
5.142627,4.175408,-1.5189244,-0.523,-0.019172262
5.1399155,4.2276278,-1.5172533,-0.523,-0.013374722
5.137117,4.279848,-1.5160875,-0.523,-0.008580029
5.1342573,4.332068,-1.5153396,-0.523,-0.003785336
5.131358,4.3842874,-1.5150096,-0.523,0.0010093569
5.1284423,4.436506,-1.5150976,-0.523,0.0066663027
5.1255307,4.4887233,-1.5156788,-0.523,0.012323248
5.1226497,4.5409403,-1.5167528,-0.523,0.017980194
5.119825,4.5931554,-1.5183201,-0.51912874,0.03058635
5.1171036,4.6449723,-1.520966,-0.5152575,0.043192506
5.114539,4.6963863,-1.524674,-0.5113862,0.05579866
5.112185,4.747391,-1.5294274,-0.48973203,0.07893968
5.110166,4.7961698,-1.535864,-0.46807784,0.10208069
5.10854,4.8427057,-1.5438137,-0.44642362,0.1252217
5.1073446,4.8869824,-1.5531064,-0.41889814,0.15592523
5.1066127,4.9283576,-1.5639485,-0.39137265,0.18662874
5.1063495,4.966814,-1.5760515,-0.3638472,0.21733227
5.1065364,5.0023427,-1.5891273,-0.33669546,0.2454199
5.107135,5.0349975,-1.6027614,-0.30954373,0.27350754
5.1080875,5.0647864,-1.6166966,-0.282392,0.30159518
5.1093245,5.0917225,-1.630677,-0.25521615,0.3104887
5.110779,5.11598,-1.6436728,-0.22804034,0.3193822
5.112355,5.1375737,-1.6556062,-0.20086452,0.32827568
5.113966,5.156519,-1.6663996,-0.17713848,0.34410805
5.1155577,5.173118,-1.6763594,-0.15341242,0.35994038
5.1170707,5.1873965,-1.6853652,-0.12968637,0.3757727
5.1184497,5.1993814,-1.6932975,-0.11687189,0.36544785
5.1197834,5.2102146,-1.7002586,-0.10405742,0.35512298
5.121043,5.2198896,-1.7062888,-0.09124294,0.3447981
5.1222034,5.2283983,-1.7114289,-0.08976738,0.33194488
5.1233926,5.236801,-1.7163045,-0.08829183,0.31909168
5.124608,5.2450957,-1.7209208,-0.08681627,0.30623844
5.1258464,5.2532806,-1.7252829,-0.08692995,0.29424894
5.127126,5.261501,-1.7294848,-0.08704362,0.2822594
5.1284475,5.269756,-1.7335255,-0.087157294,0.2702699
5.1298084,5.278044,-1.7374039,-0.08690759,0.25802782
5.1312017,5.2863307,-1.7411,-0.08665788,0.24578573
5.1326265,5.294615,-1.7446142,-0.086408176,0.23354365
5.1340804,5.302894,-1.7479471,-0.086626224,0.22210057
5.135569,5.3112116,-1.7511274,-0.08684428,0.2106575
5.1370926,5.3195662,-1.754154,-0.08706234,0.19921443
5.1386485,5.3279576,-1.7570256,-0.08633084,0.18868677
5.1402187,5.336291,-1.7597244,-0.08559935,0.17815912
5.141801,5.3445654,-1.7622527,-0.08486785,0.16763145
5.143393,5.3527803,-1.7646127,-0.08483523,0.15965877
5.145006,5.360999,-1.7668606,-0.08480261,0.15168609
5.1466393,5.369221,-1.7689962,-0.084769994,0.14371341
5.148291,5.3774467,-1.7710197,-0.08366067,0.1358231
5.14994,5.38557,-1.7729077,-0.08255135,0.1279328
5.151583,5.393591,-1.7746631,-0.081442036,0.1200425
5.15322,5.4015093,-1.7762886,-0.08129889,0.11125846
5.154869,5.4094186,-1.777793,-0.08115575,0.102474414
5.156528,5.4173193,-1.7791767,-0.0810126,0.09369037
5.158197,5.425211,-1.7804399,-0.07882485,0.083496965
5.1598315,5.4328938,-1.7815355,-0.0766371,0.07330356
5.1614304,5.4403677,-1.782471,-0.074449345,0.06311015
5.1629915,5.4476323,-1.7832536,-0.074117124,0.053539187
5.164552,5.454867,-1.7839146,-0.0737849,0.043968223
5.166111,5.4620714,-1.7844551,-0.07345268,0.034397263
5.167668,5.4692454,-1.7848761,-0.071380146,0.029247498
5.1691833,5.4762173,-1.785224,-0.06930762,0.024097735
5.1706576,5.4829874,-1.7855023,-0.06723508,0.01894797
5.17209,5.4895554,-1.7857146,-0.06722109,0.023202945
5.1735234,5.496121,-1.7859746,-0.0672071,0.027457917
5.1749578,5.5026846,-1.7862821,-0.0671931,0.03171289
5.176394,5.509245,-1.7866372,-0.066315345,0.036672197
5.177813,5.5157185,-1.7870424,-0.06543759,0.04163151
5.179216,5.5221043,-1.7874963,-0.06455984,0.046590816
5.1806026,5.5284023,-1.7879975,-0.06655979,0.05640904
5.1820345,5.5348916,-1.7886229,-0.06855975,0.06622726
5.183513,5.5415707,-1.7893791,-0.07055971,0.076045476
5.1850386,5.548439,-1.7902725,-0.07579348,0.09953531
5.186681,5.5558,-1.7915277,-0.081027254,0.12302514
5.1884413,5.5636463,-1.793185,-0.08626103,0.14651498
5.1903234,5.57197,-1.7952839,-0.09460257,0.17992784
5.192395,5.5810437,-1.7981056,-0.10294411,0.2133407
5.1946626,5.590846,-1.8017383,-0.111285664,0.24675356
5.1971326,5.6013513,-1.8062686,-0.119384095,0.2792986
5.19981,5.61251,-1.811754,-0.12748253,0.31184363
5.2027054,5.624293,-1.8182728,-0.13558097,0.3443887
5.2058315,5.6366663,-1.825902,-0.13898528,0.3496623
5.2091265,5.649301,-1.8338376,-0.14238958,0.35493588
5.2125983,5.6621933,-1.8420851,-0.14579387,0.3602095
5.216254,5.675338,-1.8506497,-0.14729843,0.34641302
5.2200813,5.688654,-1.8589851,-0.14880298,0.33261657
5.2240787,5.7021384,-1.8670828,-0.15030755,0.3188201
5.228246,5.71579,-1.874935,-0.1496022,0.30602476
5.232518,5.7294,-1.8824468,-0.14889687,0.29322946
5.236889,5.742968,-1.8896198,-0.14819153,0.28043413
5.2413526,5.75649,-1.8964556,-0.1456885,0.27250016
5.2458415,5.7697845,-1.9029908,-0.14318548,0.26456618
5.2503486,5.782849,-1.9092311,-0.14068244,0.2566322
