8.75666,0.20584153,2.2145367,0.3828299,0.0
8.733683,0.23646241,2.2145367,0.36919937,0.09829986
8.711631,0.2658505,2.2205756,0.35556883,0.19659972
8.690533,0.29361615,2.2321515,0.3419383,0.29489958
8.670438,0.3194357,2.2487152,0.3353074,0.39152586
8.651,0.3435758,2.2700408,0.3286765,0.48815218
8.632316,0.36579233,2.295732,0.3220456,0.5847785
8.61451,0.38589314,2.3253608,0.33579725,0.67341906
8.59653,0.40501744,2.360265,0.34954888,0.7620596
8.578577,0.42282504,2.4004872,0.3633005,0.8507002
8.560903,0.43899927,2.446005,0.38973004,0.93159866
8.543055,0.45389834,2.4981363,0.41615957,1.0
8.525065,0.46738863,2.5565007,0.4425891,1.0
8.50513,0.48059532,2.6185718,0.47194755,1.0
8.48304,0.49333227,2.68476,0.501306,1.0
8.458732,0.50527996,2.755066,0.523,1.0
8.432558,0.51593244,2.828414,0.523,1.0
8.405675,0.52463824,2.9017622,0.523,1.0
8.378226,0.5313505,2.9751105,0.523,1.0
8.350359,0.5360332,3.0484588,0.523,1.0
8.322224,0.5386612,3.1218069,0.523,1.0
8.293971,0.5392203,-3.08803,0.523,1.0
8.265754,0.53770745,-3.0146818,0.4938716,0.9001201
8.235306,0.53382236,-2.9501987,0.4647432,0.80024016
8.2035265,0.5276645,-2.8946214,0.4356148,0.7003602
8.171229,0.5195219,-2.8478296,0.41275087,0.60098326
8.138645,0.50966454,-2.8089309,0.38988692,0.50160635
8.106333,0.49850085,-2.7776856,0.367023,0.40222937
8.074772,0.48648006,-2.7537394,0.36083567,0.30830473
8.042943,0.47347665,-2.7354903,0.35464835,0.21438007
8.011108,0.4597876,-2.7229156,0.34846103,0.12045542
7.979503,0.4457235,-2.715937,0.3399124,0.055235833
7.948592,0.43170932,-2.7128093,0.33136383,-0.009983754
7.918457,0.41793305,-2.7133605,0.32281524,-0.075203344
7.8891735,0.40456563,-2.717403,0.3084845,-0.080171734
7.8611493,0.39190972,-2.7215204,0.29415378,-0.085140124
7.8343887,0.3799568,-2.7256894,0.27982306,-0.09010852
7.8088956,0.36869738,-2.7298863,0.26404867,-0.08452504
7.7847834,0.35816854,-2.7336016,0.2482743,-0.07894157
7.762065,0.34834856,-2.7368646,0.23249991,-0.07335809
7.740751,0.33921805,-2.7397048,0.2164764,-0.063927636
7.7208686,0.33076772,-2.7420096,0.2004529,-0.054497175
7.70243,0.322981,-2.7438295,0.18442938,-0.04506672
7.685444,0.31584427,-2.7452142,0.17236733,-0.0415559
7.6695576,0.30919525,-2.7464077,0.16030529,-0.03804508
7.654773,0.3030283,-2.747424,0.14824325,-0.034534257
7.6410937,0.29733855,-2.748277,0.13709415,-0.031354945
7.6284375,0.29208696,-2.7489934,0.12594505,-0.028175633
7.616806,0.2872703,-2.7495847,0.114795946,-0.024996322
7.6062,0.28288597,-2.750063,0.10943459,-0.027296698
7.596089,0.27871147,-2.7505608,0.10407323,-0.029597074
7.586471,0.27474654,-2.751074,0.09871187,-0.031897448
7.5773478,0.2709908,-2.7515986,0.09720529,-0.026252866
7.5683603,0.2672965,-2.752024,0.09569871,-0.020608282
7.5595093,0.26366273,-2.7523527,0.09419213,-0.014963699
7.5507956,0.26008868,-2.7525876,0.093835354,0.005765033
7.5421133,0.25652987,-2.7524974,0.09347858,0.026493764
7.5334673,0.25298497,-2.7520847,0.093121804,0.047222495
7.5248623,0.24945277,-2.751352,0.09097481,0.07833292
7.5164747,0.2460026,-2.7501655,0.08882781,0.10944335
7.5083127,0.24263403,-2.7485485,0.086680815,0.14055379
7.500385,0.23934688,-2.7465246,0.08384538,0.14879322
7.4927316,0.23615555,-2.744453,0.08100994,0.15703265
7.485353,0.23306079,-2.7423415,0.07817451,0.16527209
7.4782486,0.23006333,-2.740198,0.07770935,0.17734219
7.471207,0.22707483,-2.7379131,0.077244185,0.18941228
7.464231,0.22409491,-2.7354891,0.076779015,0.20148239
7.45732,0.22112323,-2.7329283,0.07598958,0.2078183
7.4504967,0.21816851,-2.7303152,0.07520014,0.21415421
7.4437613,0.21523082,-2.7276516,0.0744107,0.22049013
7.437114,0.21231033,-2.724939,0.07712982,0.22487913
7.4302382,0.20926747,-2.7220726,0.07984894,0.22926815
7.4231367,0.20610015,-2.7190483,0.08256806,0.23365715
7.4158106,0.20280619,-2.715862,0.085127175,0.23394889
7.408269,0.19938633,-2.7125728,0.0876863,0.23424062
7.4005127,0.19583836,-2.7091808,0.09024542,0.23453234
7.3925433,0.19216006,-2.7056856,0.09285885,0.23651129
7.38436,0.1883484,-2.7020593,0.09547228,0.23849024
7.3759646,0.18440087,-2.6983001,0.098085724,0.24046919
