3.7596638,4.00994,0.117841475,0.31316376,0.0
3.7907631,4.013622,0.117841475,0.34151068,-0.006924921
3.8246765,4.017637,0.117447324,0.36985764,-0.013849842
3.861404,4.0219703,0.11659361,0.3982046,-0.020774763
3.9009454,4.026602,0.11521494,0.42097715,-0.017790312
3.9427576,4.0314403,0.113966785,0.44374967,-0.014805859
3.9868398,4.036486,0.1128718,0.46652222,-0.011821407
4.033192,4.0417404,0.11195267,0.47825825,-0.0044713793
4.080718,4.0470834,0.11159626,0.4899943,0.002878648
4.129412,4.0525403,0.111831345,0.5017303,0.010228676
4.1792693,4.0581393,0.11268667,0.5042395,0.023870617
4.229359,4.0638075,0.11469256,0.50674874,0.03751256
4.279666,4.069603,0.117860064,0.5092579,0.0511545
4.330172,4.075583,0.122199975,0.5057956,0.050340466
4.380311,4.081741,0.12644185,0.5023332,0.049526434
4.430082,4.0880675,0.13058661,0.49887088,0.048712403
4.4794855,4.0945563,0.13463521,0.4948769,0.04240822
4.5284815,4.101193,0.13813198,0.4908829,0.036104042
4.5770707,4.1079473,0.14108513,0.48688892,0.02979986
4.625254,4.114791,0.14350298,0.48128816,0.023356605
4.6728754,4.121672,0.14537635,0.4756874,0.016913349
4.7199354,4.128562,0.1467172,0.47008666,0.010470092
4.7664366,4.135434,0.1475375,0.46493393,0.0023889542
4.8124247,4.1422687,0.14772262,0.45978123,-0.005692184
4.8579016,4.149036,0.14728643,0.45462853,-0.013773322
4.902868,4.1557074,0.14624283,0.44982034,-0.0151128415
4.9473643,4.1622615,0.14510986,0.44501212,-0.01645236
4.991392,4.1686954,0.14388967,0.44020393,-0.017791878
5.0349507,4.1750064,0.1425844,0.43354166,-0.016995763
5.077859,4.181166,0.1413564,0.42687938,-0.016199648
5.1201153,4.1871796,0.1402039,0.4202171,-0.015403533
5.16172,4.1930513,0.13912514,0.40649402,-0.02134179
5.2019672,4.198687,0.13767935,0.39277092,-0.027280044
5.240858,4.204076,0.13589378,0.37904784,-0.0332183
5.278393,4.209208,0.1337956,0.36234438,-0.046183728
5.3142653,4.2140365,0.13100754,0.34564093,-0.059149157
5.348473,4.218544,0.12760213,0.32893744,-0.07211459
5.3810143,4.2227187,0.12365202,0.31717655,-0.08274649
5.412382,4.2266173,0.119282804,0.30541563,-0.0933784
5.442575,4.230236,0.1145365,0.2936547,-0.10401031
5.47159,4.233574,0.10945515,0.28155866,-0.09773487
5.499444,4.236635,0.1048761,0.26946265,-0.09145943
5.52613,4.2394443,0.10077435,0.25736663,-0.08518399
5.5516434,4.242024,0.097124845,0.24957526,-0.082243845
5.5763993,4.244436,0.093707696,0.2417839,-0.079303704
5.600396,4.246691,0.090515316,0.23399255,-0.07636356
5.6236315,4.2488003,0.08754013,0.22658928,-0.07805176
5.646135,4.2507753,0.0845955,0.21918601,-0.079739965
5.667906,4.252621,0.08168561,0.21178274,-0.08142816
5.6889434,4.2543435,0.0788146,0.20678423,-0.07792659
5.709495,4.2559667,0.07613166,0.20178573,-0.07442503
5.72956,4.2574973,0.07363098,0.19678721,-0.070923455
5.749136,4.258941,0.07130679,0.18740849,-0.038696773
5.767815,4.2602754,0.07009841,0.17802978,-0.0064700902
5.785574,4.2615223,0.06990643,0.16865104,0.025756592
5.802392,4.2627,0.070630334,0.15419123,0.064826675
5.8177404,4.263786,0.072295114,0.13973142,0.10389675
5.831602,4.2647896,0.07471037,0.1252716,0.14296684
5.843967,4.265715,0.07768516,0.10856908,0.15861082
5.8546553,4.266547,0.08054318,0.09186656,0.17425479
5.863673,4.2672753,0.08319773,0.07516404,0.18989877
