-3.5468507,-5.409505,2.5032632,-0.04483989,0.0
-3.5432496,-5.4121766,2.5032632,-0.07408208,0.08951974
-3.537324,-5.416573,2.5021594,-0.10332427,0.17903948
-3.5291655,-5.4226403,2.4990926,-0.13256647,0.26855922
-3.5189326,-5.430299,2.49323,-0.16142692,0.32775614
-3.5067506,-5.439528,2.484569,-0.19028738,0.38695306
-3.4927976,-5.450291,2.472601,-0.21914783,0.44615
-3.4772892,-5.462552,2.4568408,-0.2476095,0.44827163
-3.460005,-5.4766655,2.4389546,-0.27607116,0.45039326
-3.441038,-5.492727,2.4189248,-0.3045328,0.45251492
-3.4204955,-5.5108414,2.396733,-0.332284,0.44868448
-3.3984847,-5.531136,2.37271,-0.3600352,0.44485402
-3.3751276,-5.5537343,2.3468878,-0.3877864,0.4410236
-3.3505626,-5.5787606,2.3192992,-0.41229188,0.4469409
-3.3252604,-5.6060023,2.2896,-0.43679735,0.45285818
-3.2993972,-5.635562,2.2577472,-0.46130285,0.4587755
-3.2731674,-5.667541,2.2236993,-0.4788281,0.45913354
-3.2470913,-5.7016363,2.188332,-0.49635336,0.45949158
-3.221332,-5.737907,2.151644,-0.5138786,0.45984963
-3.196063,-5.7764044,2.113633,-0.523,0.46841225
-3.1719568,-5.8163624,2.0742798,-0.523,0.4769749
-3.1495395,-5.8570595,2.034262,-0.523,0.48553753
-3.128861,-5.8984356,1.9935827,-0.523,0.48458073
-3.1098726,-5.940639,1.9529773,-0.523,0.4836239
-3.0926044,-5.9836006,1.9124455,-0.523,0.48266706
-3.0770836,-6.0272484,1.8719878,-0.523,0.47454754
-3.0632827,-6.0716753,1.8321582,-0.523,0.46642798
-3.0512123,-6.116802,1.7929595,-0.523,0.45830843
-3.0408776,-6.162552,1.7543942,-0.523,0.4427082
-3.03225,-6.209016,1.7170529,-0.523,0.42710796
-3.0253127,-6.256109,1.680945,-0.523,0.4115077
-3.0200434,-6.303753,1.6460791,-0.523,0.39637226
-3.0164149,-6.351861,1.6124263,-0.523,0.38123682
-3.0143945,-6.4003644,1.5799943,-0.523,0.36610138
-3.0139453,-6.4491963,1.5487906,-0.523,0.35622835
-3.015024,-6.498201,1.5183918,-0.523,0.3463553
-3.0176008,-6.5473275,1.4888012,-0.523,0.33648226
-3.0216439,-6.596529,1.4600216,-0.523,0.34324902
-3.0270884,-6.6454763,1.4306858,-0.523,0.3500158
-3.0339494,-6.6941237,1.4007952,-0.523,0.35678256
-3.0422404,-6.7424235,1.3703513,-0.523,0.3687878
-3.0519536,-6.7902308,1.338929,-0.523,0.38079304
-3.063111,-6.837485,1.3065329,-0.523,0.39279827
-3.0757313,-6.8841248,1.2731677,-0.523,0.40287885
-3.0898404,-6.930122,1.2389925,-0.523,0.41295943
-3.105445,-6.9754124,1.2040105,-0.523,0.42304003
-3.1225474,-7.01993,1.1682256,-0.523,0.42927393
-3.1411786,-7.063683,1.1319458,-0.523,0.43550786
-3.1613264,-7.106608,1.0951729,-0.523,0.4417418
-3.1829755,-7.1486397,1.0579078,-0.523,0.44695163
-3.2061179,-7.189734,1.0202327,-0.523,0.4521615
-3.2307298,-7.2298265,0.98214865,-0.523,0.45737132
-3.256784,-7.268853,0.9436566,-0.523,0.46136323
-3.2842665,-7.306773,0.90485275,-0.523,0.46535513
-3.3131416,-7.3435254,0.86573756,-0.523,0.469347
-3.343371,-7.3790483,0.8263117,-0.523,0.46762165
-3.3750043,-7.4133825,0.7870201,-0.523,0.46589628
-3.407991,-7.4464765,0.74786276,-0.523,0.4641709
-3.4422774,-7.4782805,0.70883983,-0.523,0.45381364
-3.4779606,-7.5088797,0.6706263,-0.523,0.44345635
-3.514971,-7.538239,0.6332262,-0.523,0.43309906
-3.5532384,-7.56633,0.59664357,-0.523,0.41437888
-3.592841,-7.593229,0.5615484,-0.523,0.3956587
-3.6336892,-7.6189265,0.52795297,-0.523,0.3769385
-3.6756964,-7.643424,0.49586904,-0.523,0.36212727
-3.7187138,-7.666694,0.464989,-0.523,0.34731603
-3.7626696,-7.688746,0.43531963,-0.523,0.3325048
-3.8074944,-7.709593,0.4068674,-0.523,0.31848878
-3.8531094,-7.729249,0.37957278,-0.523,0.30447274
-3.8994524,-7.747736,0.35344106,-0.523,0.2904567
-3.9464643,-7.7650805,0.3284774,-0.523,0.27742702
-3.9940753,-7.781307,0.30460402,-0.523,0.2643973
-4.042234,-7.7964478,0.28182498,-0.523,0.25136757
-4.090892,-7.810536,0.2601441,-0.523,0.2386062
-4.1400003,-7.8236074,0.23954241,-0.523,0.22584483
-4.1895165,-7.8357005,0.22002319,-0.523,0.21308345
-4.2394013,-7.846857,0.20158966,-0.523,0.20038208
-4.289617,-7.8571196,0.18423967,-0.523,0.18768072
-4.3401294,-7.8665323,0.16797604,-0.523,0.17497936
-4.390906,-7.875143,0.15280138,-0.523,0.17327356
-4.441822,-7.882984,0.13777317,-0.523,0.17156775
-4.492866,-7.8900614,0.12289144,-0.523,0.16986196
-4.5440245,-7.8963804,0.10815624,-0.523,0.1625446
-4.5953336,-7.9019513,0.09405008,-0.523,0.15522723
-4.6467767,-7.906804,0.08057371,-0.523,0.14790986
-4.6983376,-7.9109674,0.06772786,-0.523,0.14171807
-4.7499948,-7.9144716,0.055416074,-0.523,0.1355263
-4.8017354,-7.9173417,0.04363883,-0.523,0.12933451
-4.8535495,-7.9196043,0.032396574,-0.523,0.116700076
-4.9054666,-7.9212866,0.022247292,-0.523,0.10406564
-4.9574704,-7.922444,0.013192601,-0.523,0.091431215
-5.0095477,-7.923131,0.005233946,-0.523,0.08313085
-5.061666,-7.9234037,-0.0020039505,-0.523,0.074830495
-5.1138196,-7.9232993,-0.00852059,-0.523,0.06653014
-5.1660023,-7.9228544,-0.014315523,-0.523,0.062156063
-5.218196,-7.922107,-0.019729972,-0.523,0.057781987
-5.270398,-7.9210773,-0.024763834,-0.523,0.053407915
-5.322608,-7.919784,-0.02941701,-0.523,0.05022629
-5.3748193,-7.9182477,-0.033793226,-0.523,0.047044665
-5.4270315,-7.9164824,-0.037892442,-0.523,0.04386304
-5.4792438,-7.914503,-0.041714612,-0.5188724,0.04704712
-5.5310283,-7.9123416,-0.045781687,-0.5147448,0.0502312
-5.582384,-7.909989,-0.050089248,-0.5106172,0.05341528
-5.633309,-7.907436,-0.05463288,-0.48824158,0.06502157
-5.6819572,-7.9047756,-0.05992019,-0.465866,0.07662786
-5.728324,-7.9019938,-0.065864086,-0.44349042,0.08823414
-5.7724047,-7.8990865,-0.072377466,-0.41535878,0.11529334
-5.8135567,-7.896103,-0.080341145,-0.38722715,0.14235254
-5.851764,-7.8930264,-0.089497276,-0.3590955,0.16941173
-5.8870177,-7.889863,-0.09958801,-0.3303515,0.18805082
-5.91931,-7.8866363,-0.10988091,-0.30160752,0.20668991
-5.948651,-7.8833995,-0.12019696,-0.27286354,0.225329
-5.975055,-7.8802104,-0.1303578,-0.24671862,0.24178961
-5.9988065,-7.877096,-0.14020355,-0.22057371,0.2582502
-6.0199227,-7.8741164,-0.14959224,-0.1944288,0.27471083
-6.038428,-7.8713274,-0.15838264,-0.17724325,0.29621318
-6.055168,-7.8686533,-0.16700554,-0.1600577,0.31771553
-6.0701613,-7.866126,-0.17533913,-0.14287212,0.33921787
-6.083428,-7.8637757,-0.18326257,-0.13464354,0.3222541
-6.095985,-7.8614483,-0.19036964,-0.12641494,0.3052903
-6.1078243,-7.8591666,-0.19670239,-0.11818635,0.28832653
-6.1189365,-7.856952,-0.20230341,-0.11678483,0.27489197
-6.129947,-7.854694,-0.20758681,-0.11538332,0.2614574
-6.1408544,-7.852397,-0.21255769,-0.11398181,0.24802285
-6.1516547,-7.8500657,-0.21722122,-0.114959754,0.23218344
-6.1625795,-7.847655,-0.22162998,-0.1159377,0.21634403
-6.173626,-7.8451657,-0.22577785,-0.11691565,0.20050462
-6.1847925,-7.842601,-0.22965874,-0.11647639,0.18173662
-6.1959476,-7.839993,-0.23316737,-0.11603713,0.1629686
-6.2070875,-7.837347,-0.23630516,-0.11559787,0.1442006
-6.2182097,-7.834669,-0.23907375,-0.11633292,0.12928782
-6.229418,-7.8319373,-0.24157351,-0.11706796,0.11437504
-6.2407103,-7.829155,-0.24380027,-0.11780301,0.09946226
-6.2520857,-7.8263254,-0.24574988,-0.11688595,0.0823255
-6.263385,-7.823491,-0.24735184,-0.1159689,0.065188736
-6.274605,-7.8206577,-0.24861093,-0.11505184,0.048051972
-6.285743,-7.81783,-0.24953198,-0.11364547,0.035378247
-6.296749,-7.8150253,-0.25020194,-0.1122391,0.022704523
-6.3076205,-7.8122473,-0.25062662,-0.11083273,0.0100308005
-6.318357,-7.8094983,-0.2508119,-0.11487768,0.022109289
-6.3294826,-7.8066483,-0.2512352,-0.11892263,0.034187775
-6.340995,-7.8036933,-0.25191268,-0.12296758,0.046266265
-6.352891,-7.8006315,-0.25286055,-0.13183413,0.08188147
-6.365612,-7.7973447,-0.25465766,-0.14070068,0.11749668
-6.3791347,-7.7938247,-0.25740665,-0.14956725,0.15311188
-6.3934293,-7.7900615,-0.2612085,-0.15869214,0.19300842
-6.408476,-7.7860394,-0.2662817,-0.16781704,0.23290497
-6.4242287,-7.7817426,-0.27273718,-0.17694195,0.27280152
-6.440639,-7.7771525,-0.28068277,-0.18558984,0.289548
-6.4577293,-7.7722254,-0.28951436,-0.19423772,0.30629447
-6.475478,-7.766938,-0.2992757,-0.20288561,0.32304093
-6.493862,-7.761266,-0.31001008,-0.20584036,0.302677
-6.5125737,-7.755272,-0.32023612,-0.20879512,0.28231305
-6.531607,-7.7489595,-0.3299304,-0.21174987,0.2619491
-6.5509567,-7.7423334,-0.33906966,-0.21044213,0.23007762
-6.57028,-7.7355185,-0.3470683,-0.20913437,0.19820614
-6.5895615,-7.728544,-0.35393178,-0.20782663,0.16633467
-6.6087866,-7.7214403,-0.35966673,-0.20043978,0.14933881
-6.6273394,-7.714464,-0.3646371,-0.19305293,0.13234295
-6.645218,-7.7076397,-0.3688829,-0.18566608,0.115347095
