-1.1191139,-3.5667596,2.2394867,-0.08096288,0.0
-1.1140945,-3.573112,2.2394867,-0.05185501,-0.0673845
-1.110887,-3.5771716,2.2400687,-0.02274714,-0.134769
-1.1094886,-3.5789394,2.2405782,0.0063607274,-0.20215347
-1.1098754,-3.578451,2.2403653,0.035244383,-0.2545149
-1.1119924,-3.5757766,2.2388864,0.06412804,-0.3
-1.1157876,-3.5709672,2.2357278,0.0930117,-0.3
-1.1212702,-3.5639744,2.2311466,0.1208552,-0.3
-1.1283523,-3.5548558,2.2251942,0.14869869,-0.3
-1.136999,-3.5435848,2.2178702,0.1765422,-0.3
-1.1471666,-3.5301285,2.2091749,0.20397687,-0.3
-1.1587785,-3.5144796,2.1991284,0.23141155,-0.3
-1.1717733,-3.4965944,2.1877306,0.25884622,-0.3
-1.1860797,-3.4764245,2.1749816,0.2854611,-0.3
-1.2015722,-3.4539812,2.1609216,0.312076,-0.3
-1.2181625,-3.4292097,2.1455507,0.33869088,-0.3
-1.2357523,-3.4020522,2.128869,0.3645856,-0.3
-1.2541968,-3.3725066,2.110912,0.39048034,-0.3
-1.2733798,-3.3405128,2.0916796,0.4163751,-0.3
-1.2931751,-3.3060102,2.0711718,0.43615007,-0.3
-1.3131651,-3.2694516,2.0496898,0.45592505,-0.3
-1.3332356,-3.2307951,2.027234,0.47570005,-0.3
-1.3532659,-3.1900022,2.0038042,0.4842508,-0.28553644
-1.3727624,-3.1478262,1.9810709,0.4928016,-0.27107286
-1.3917006,-3.1042857,1.9590783,0.50135237,-0.2566093
-1.4100603,-3.059402,1.9378709,0.5054833,-0.20407352
-1.4278249,-3.0132003,1.9207973,0.5096143,-0.15153775
-1.4450992,-2.965877,1.9079756,0.51374525,-0.09900198
-1.462012,-2.9176328,1.8995125,0.5176798,-0.05772673
-1.4786965,-2.8687181,1.8945346,0.5216144,-0.016451478
-1.4952874,-2.819273,1.8931044,0.523,0.024823774
-1.5118487,-2.7696815,1.895268,0.523,0.036843717
-1.528511,-2.720144,1.8984789,0.523,0.04886366
-1.5453236,-2.670686,1.9027364,0.523,0.060883604
-1.5623355,-2.6213326,1.9080402,0.51974994,0.07947322
-1.5794791,-2.5724401,1.9149172,0.51649994,0.098062836
-1.5968205,-2.524052,1.9233453,0.5132499,0.11665245
-1.6144221,-2.476211,1.9333013,0.5085082,0.12604547
-1.6323117,-2.429042,1.9439557,0.50376654,0.13543847
-1.6505088,-2.382562,1.9552925,0.4990249,0.1448315
-1.6690308,-2.3367872,1.9672961,0.49426645,0.15294316
-1.6878961,-2.2917273,1.9798462,0.48950803,0.16105482
-1.7071137,-2.2473962,1.9929291,0.4847496,0.16916649
-1.7266908,-2.2038078,2.0065312,0.4783858,0.17238729
-1.7465831,-2.161082,2.020208,0.47202203,0.17560808
-1.766774,-2.1192207,2.033952,0.46565825,0.17882888
-1.7872466,-2.0782251,2.0477571,0.46104255,0.18768421
-1.8080405,-2.0379858,2.0620942,0.4564269,0.19653955
-1.8291589,-1.9985163,2.0769491,0.45181122,0.20539488
-1.850603,-1.9598308,2.0923073,0.44336092,0.207426
-1.8722173,-1.9222125,2.107525,0.43491066,0.20945713
-1.8939694,-1.8856537,2.1225967,0.42646036,0.21148825
-1.9158273,-1.8501463,2.137517,0.40869713,0.20631494
-1.9373037,-1.8163972,2.151471,0.3909339,0.20114163
-1.9583174,-1.7843704,2.164488,0.3731707,0.19596833
-1.978794,-1.7540311,2.1765985,0.3523045,0.18977462
-1.9984947,-1.72559,2.1876748,0.33143827,0.18358092
-2.0173461,-1.6990092,2.197759,0.31057206,0.17738721
-2.035281,-1.6742533,2.2068927,0.28968248,0.17891175
-2.052215,-1.6513226,2.2154846,0.2687929,0.18043628
-2.068106,-1.6301872,2.2235243,0.24790333,0.1819608
-2.082914,-1.6108181,2.231001,0.22752015,0.19253425
-2.0966096,-1.5931791,2.238257,0.20713697,0.2031077
-2.1091676,-1.577245,2.2452207,0.1867538,0.21368115
-2.1205642,-1.5629901,2.251821,0.16487047,0.20725231
-2.130722,-1.550455,2.2574754,0.14298716,0.20082346
-2.1396048,-1.5396192,2.262229,0.12110384,0.19439462
-2.1471815,-1.5304658,2.266128,0.10610745,0.18260401
-2.1538663,-1.5224539,2.2693393,0.09111106,0.17081343
-2.1596403,-1.5155784,2.2719207,0.07611467,0.15902282
-2.1644883,-1.5098357,2.2739296,0.0891124,0.14032222
-2.170194,-1.5031049,2.2760067,0.10211014,0.12162162
-2.1767635,-1.4953868,2.2780714,0.11510787,0.102921024
-2.1842034,-1.4866834,2.2800424,0.09804664,0.11185283
-2.190549,-1.4792897,2.2818666,0.080985405,0.12078463
-2.1957958,-1.4731983,2.2834928,0.06392417,0.12971644
-2.1999407,-1.4684025,2.2848709,0.07696609,0.12711957
-2.2049406,-1.4626331,2.286497,0.09000801,0.1245227
-2.2108006,-1.4558934,2.2883604,0.10304994,0.12192584
-2.2175264,-1.4481871,2.2904491,0.08802281,0.15158013
-2.2232616,-1.4416434,2.2926645,0.07299569,0.18123442
-2.2280061,-1.4362543,2.2948573,0.057968568,0.2108887
-2.2317612,-1.4320079,2.2968798,0.06871315,0.21235454
-2.2362208,-1.4269851,2.2992935,0.07945774,0.2138204
-2.2413902,-1.4211912,2.3021035,0.090202324,0.21528624
-2.2472754,-1.4146324,2.305315,0.077788174,0.24889964
-2.2523282,-1.4090372,2.3085089,0.065374024,0.28251305
-2.256551,-1.4043913,2.3115463,0.052959874,0.31612647
-2.2599478,-1.4006767,2.3142903,0.061469473,0.31082314
-2.263909,-1.3963687,2.3174236,0.06997907,0.30551982
-2.2684417,-1.3914702,2.3209317,0.07848867,0.3002165
-2.2735534,-1.3859848,2.3248003,0.07125589,0.31990495
-2.2781837,-1.3810542,2.328535,0.06402312,0.33959338
-2.2823327,-1.3766692,2.3320894,0.056790344,0.35928184
-2.2860003,-1.3728204,2.3354173,0.06643814,0.36785078
-2.2902918,-1.3683466,2.3393993,0.07608593,0.37641972
-2.2952104,-1.3632599,2.344061,0.08573373,0.3849887
