2.0654225,8.700132,-1.5991158,0.33125302,0.0
2.0644846,8.66702,-1.5991158,0.36121115,-0.014900034
2.0634618,8.630918,-1.6000128,0.39116925,-0.029800069
2.0623198,8.591835,-1.6019553,0.42112738,-0.044700105
2.061009,8.549785,-1.6050917,0.450124,-0.03778102
2.0594666,8.50483,-1.6079254,0.4791206,-0.030861933
2.057689,8.456974,-1.6103894,0.5081172,-0.023942847
2.0556784,8.406217,-1.6124169,0.523,0.050137598
2.053505,8.354028,-1.6080483,0.523,0.12421804
2.051572,8.302167,-1.5972486,0.523,0.19829848
2.050216,8.25091,-1.5800766,0.523,0.2591748
2.0497468,8.200358,-1.5577372,0.523,0.32005107
2.050395,8.150719,-1.5303133,0.523,0.38092738
2.05236,8.102207,-1.4979063,0.523,0.37348744
2.0559063,8.053642,-1.4661022,0.523,0.3660475
2.0610096,8.0050745,-1.4349029,0.523,0.35860756
2.0676444,7.956553,-1.40431,0.523,0.36962935
2.075726,7.9084597,-1.3728193,0.523,0.38065112
2.0852764,7.860852,-1.3404347,0.523,0.39167288
2.0963137,7.8137894,-1.3071601,0.523,0.3980941
2.108877,7.767245,-1.2733688,0.523,0.4045153
2.122967,7.7212768,-1.2390624,0.523,0.4109365
2.1385822,7.675945,-1.2042421,0.523,0.41067302
2.155768,7.631179,-1.1694429,0.523,0.41040957
2.174503,7.587033,-1.1346647,0.523,0.4101461
2.1947641,7.5435605,-1.0999075,0.523,0.4103099
2.216522,7.500821,-1.0651374,0.523,0.41047376
2.2397509,7.4588666,-1.030354,0.523,0.4106376
2.2644231,7.417749,-0.9955576,0.523,0.41327667
2.2904806,7.37756,-0.9605504,0.523,0.4159158
2.317897,7.338354,-0.92533267,0.523,0.4185549
2.3466432,7.3001823,-0.88990456,0.523,0.4184284
2.376725,7.26305,-0.8544866,0.523,0.41830188
2.4081047,7.227005,-0.8190787,0.523,0.41817537
2.4407425,7.192091,-0.78368086,0.52029854,0.42069155
2.4743829,7.158566,-0.7482666,0.51759714,0.42320773
2.5089693,7.126457,-0.7128381,0.5148957,0.4257239
2.5444448,7.0957894,-0.67739785,0.51076853,0.42673492
2.5806751,7.066647,-0.6421633,0.50664145,0.42774597
2.6175916,7.0390368,-0.6071357,0.5025143,0.428757
2.6551268,7.0129623,-0.5723164,0.49648336,0.41833553
2.6932645,6.988393,-0.5387012,0.4904524,0.407914
2.7319095,6.965296,-0.50627446,0.48442146,0.39749253
2.7709718,6.9436364,-0.47502062,0.47466716,0.39380693
2.809952,6.923589,-0.44466513,0.46491283,0.3901213
2.8487687,6.905093,-0.41519734,0.45515853,0.38643572
2.8873463,6.8880873,-0.3866066,0.44285512,0.3871367
2.9253278,6.8726254,-0.3587408,0.4305517,0.38783768
2.962648,6.8586316,-0.33160257,0.41824827,0.38853866
2.9992464,6.84603,-0.30519465,0.40628603,0.3892904
3.035098,6.8347354,-0.27949488,0.39432377,0.39004213
3.0701537,6.824674,-0.2545061,0.3823615,0.3907939
3.1043682,6.8157735,-0.23023108,0.36473563,0.38657323
3.1372588,6.8080645,-0.20731251,0.34710976,0.3823526
3.168774,6.8014355,-0.18572782,0.3294839,0.37813193
3.198868,6.795781,-0.1654544,0.31582516,0.36117104
3.2280095,6.790915,-0.14685388,0.30216643,0.34421012
3.2561474,6.7867527,-0.12985937,0.28850773,0.32724923
3.283237,6.783215,-0.11440308,0.2722846,0.32933745
3.3088338,6.780274,-0.09972621,0.25606143,0.33142564
3.332926,6.7778635,-0.08583951,0.2398383,0.33351386
3.355505,6.7759204,-0.07275372,0.22181483,0.31364444
3.3765485,6.774387,-0.06134773,0.20379135,0.29377502
3.3960178,6.773191,-0.051512502,0.18576789,0.2739056
3.4138784,6.7722697,-0.04313767,0.17154948,0.2590446
3.4304454,6.771555,-0.03581373,0.1573311,0.24418354
3.445702,6.771008,-0.029474227,0.14311269,0.22932251
3.4596326,6.7705975,-0.024052216,0.13045596,0.21679525
3.4723692,6.7702913,-0.019375348,0.11779921,0.20426801
3.483902,6.7700677,-0.015392745,0.10514247,0.19174075
3.4942224,6.769909,-0.012053279,0.103954986,0.16632576
3.5044737,6.7697854,-0.009184816,0.1027675,0.14091077
3.5146482,6.769692,-0.0067792875,0.10158001,0.11549578
3.5247383,6.7696233,-0.0048282878,0.09553525,0.10064346
3.5342433,6.7695775,-0.003228492,0.08949048,0.08579115
3.5431595,6.7695484,-0.0019504793,0.08344571,0.07093883
3.551483,6.769532,-0.0009647163,0.08523495,0.05155646
3.5599952,6.769524,-0.00023263867,0.08702418,0.03217409
3.5686932,6.769522,0.00023393483,0.08881342,0.012791723
3.5775738,6.769524,0.00042327578,0.08197179,0.012680322
3.5857701,6.769528,0.0005965092,0.07513015,0.012568921
3.5932827,6.769532,0.0007538892,0.06828852,0.01245752
3.600111,6.7695374,0.00089566986,0.075668804,0.0073977113
3.6076777,6.769544,0.000988965,0.083049096,0.0023379028
3.6159825,6.769552,0.0010213251,0.09042938,-0.0027219057
3.6250255,6.769562,0.0009803018,0.07846808,0.0063813925
3.632872,6.7695694,0.0010637571,0.06650678,0.015484691
3.6395218,6.7695765,0.0012353897,0.054545477,0.024587989
3.644975,6.769583,0.0014588945,0.06797127,0.020438552
3.6517706,6.769593,0.0016904174,0.081397064,0.016289115
3.6599092,6.7696066,0.0019113887,0.09482286,0.012139678
3.6693907,6.7696247,0.0021032372,0.07958362,0.028427303
3.6773458,6.7696414,0.0024802443,0.06434439,0.044714928
3.6837738,6.7696576,0.0029596104,0.04910516,0.061002553
3.6886752,6.769672,0.0034585574,0.06286259,0.058773655
3.6949506,6.769694,0.0040739803,0.07662003,0.05654476
3.7026002,6.769725,0.0047956724,0.09037746,0.054315858
3.7116246,6.769768,0.0056134253,0.07748388,0.069532625
3.7193542,6.7698116,0.0065106447,0.0645903,0.08474939
3.7257898,6.7698536,0.007421884,0.051696714,0.09996616
3.7309334,6.7698917,0.008281771,0.06040986,0.10275001
3.7369425,6.7699413,0.00931447,0.06912301,0.10553385
3.743816,6.770005,0.010528018,0.07783615,0.1083177
3.7515535,6.770087,0.011930443,0.06855695,0.116628334
3.7583623,6.7701683,0.013260039,0.059277754,0.12493896
3.7642434,6.770246,0.01449118,0.049998555,0.13324958
