2.7206917,8.497074,-0.37804088,0.8355579,0.0
2.7983475,8.466233,-0.37804088,0.523,0.099827886
2.8467126,8.447025,-0.36935365,0.523,0.19965577
2.8945167,8.428519,-0.3520657,0.523,0.29948366
2.9414237,8.411287,-0.3263492,0.523,0.39678615
2.9871142,8.3958235,-0.2926631,0.523,0.49408868
3.0312014,8.38254,-0.2513261,0.523,0.5913912
3.073255,8.371742,-0.20272925,0.523,0.68677026
3.1128702,8.363599,-0.14746183,0.523,0.7821493
3.1495693,8.358148,-0.086026266,0.523,0.87752837
3.1828682,8.355276,-0.018981004,0.5228369,0.97603923
3.2121577,8.35472,0.053195294,0.52267385,1.0
3.240358,8.356221,0.12649778,0.52251077,1.0
3.268364,8.359783,0.19977738,0.523,1.0
3.2960596,8.365391,0.2731256,0.523,1.0
3.32327,8.3730135,0.3464738,0.523,1.0
3.3498487,8.382609,0.41982204,0.523,1.0
3.3756526,8.394127,0.49317026,0.523,1.0
3.4005432,8.407505,0.5665185,0.523,1.0
3.4243863,8.42267,0.6398667,0.523,1.0
3.4470541,8.439543,0.71321493,0.523,1.0
3.4684243,8.458032,0.78656316,0.523,1.0
3.4883823,8.478036,0.8599114,0.523,1.0
3.5068207,8.499449,0.9332596,0.523,1.0
3.5236402,8.522156,1.0066078,0.523,1.0
3.5387506,8.546035,1.079956,0.523,1.0
3.5520704,8.570956,1.1533042,0.523,1.0
3.563528,8.5967865,1.2266525,0.523,1.0
3.573062,8.623387,1.3000007,0.523,1.0
3.580621,8.650616,1.373349,0.523,1.0
3.5861642,8.678325,1.4466971,0.523,1.0
3.5896618,8.706366,1.5200454,0.523,1.0
3.5910954,8.734587,1.5933936,0.523,1.0
3.590457,8.762837,1.6667418,0.523,1.0
3.58775,8.790965,1.74009,0.523,1.0
3.5829887,8.818819,1.8134382,0.523,1.0
3.5761993,8.846249,1.8867865,0.523,1.0
3.567418,8.873108,1.9601346,0.523,1.0
3.5566921,8.899251,2.0334828,0.523,1.0
3.544079,8.924538,2.106831,0.523,1.0
3.5296469,8.948832,2.1801794,0.523,1.0
3.5134733,8.972003,2.2535276,0.523,1.0
3.495645,8.993927,2.3268757,0.523,1.0
3.476258,9.014485,2.400224,0.523,1.0
3.4554167,9.033568,2.4735723,0.523,1.0
3.4332328,9.051072,2.5469205,0.523,1.0
3.409826,9.066903,2.6202686,0.523,1.0
3.3853219,9.0809765,2.6936169,0.523,1.0
3.3598523,9.093216,2.7669652,0.523,1.0
3.3335545,9.103556,2.8403134,0.523,1.0
3.3065693,9.111941,2.9136615,0.523,1.0
3.2790425,9.118326,2.9870098,0.523,1.0
3.2511218,9.122677,3.060358,0.523,1.0
3.2229571,9.12497,3.133706,0.523,1.0
3.1947,9.125193,-3.0761309,0.523,1.0
3.1665027,9.123344,-3.0027826,0.523,0.90006965
3.134308,9.118847,-2.9344988,0.523,0.80013925
3.098654,9.111356,-2.8719609,0.523,0.7002089
3.0601048,9.100702,-2.8157926,0.523,0.6011413
3.0192425,9.086897,-2.7664926,0.523,0.50207365
2.9765847,9.070101,-2.724544,0.523,0.403006
2.932598,9.050613,-2.6903586,0.523,0.30857092
2.8877559,9.028884,-2.6638863,0.523,0.21413587
2.8423715,9.005388,-2.645363,0.523,0.119700804
2.7967088,8.980666,-2.6349542,0.523,0.050368052
2.7510366,8.955319,-2.6305656,0.523,-0.018964702
2.7054267,8.929746,-2.6322186,0.523,-0.08829746
2.659944,8.904342,-2.6399052,0.523,-0.13435294
2.614502,8.879417,-2.651581,0.523,-0.18040842
2.5691051,8.855203,-2.6672215,0.523,-0.22646391
2.5237682,8.8319235,-2.6867933,0.523,-0.26978594
2.478484,8.80978,-2.7100253,0.523,-0.3
2.433101,8.78888,-2.735785,0.523,-0.3
2.3871949,8.769156,-2.7615445,0.523,-0.3
2.3407958,8.750621,-2.787304,0.523,-0.3
2.2939348,8.733288,-2.8130634,0.523,-0.3
2.2466428,8.717167,-2.838823,0.523,-0.3
2.1989515,8.702269,-2.8645825,0.523,-0.3
2.150892,8.688604,-2.890342,0.523,-0.3
2.1024969,8.676183,-2.9161015,0.523,-0.3
2.0537975,8.665011,-2.941861,0.523,-0.3
2.0048268,8.655098,-2.9676206,0.523,-0.3
1.9556168,8.64645,-2.99338,0.523,-0.3
1.9062005,8.639071,-3.0191395,0.523,-0.3
1.8566105,8.632969,-3.044899,0.523,-0.3
1.8068799,8.628145,-3.0706587,0.523,-0.3
1.7570415,8.624603,-3.0964181,0.523,-0.3
1.7071283,8.622348,-3.1221776,0.523,-0.3
1.6571736,8.621377,3.1352482,0.523,-0.3
1.6072105,8.621695,3.1094887,0.523,-0.3
1.5572722,8.623298,3.0837293,0.523,-0.3
1.5073917,8.626187,3.0579696,0.523,-0.2000105
1.4563134,8.630469,3.0406513,0.523,-0.10002098
1.4045397,8.635713,3.0319474,0.523,-3.1471252e-05
1.3525537,8.641436,3.0319448,0.523,0.099947155
1.3008273,8.64713,3.0406423,0.523,0.19992578
1.24983,8.652296,3.0579534,0.523,0.2999044
1.200039,8.65647,3.083705,0.523,0.39986208
1.1519455,8.659258,3.117638,0.523,0.49981976
1.1060566,8.6603565,-3.1237712,0.523,0.5997774
1.0628918,8.659588,-3.0745692,0.523,0.4998324
1.0170931,8.656513,-3.032792,0.523,0.39988735
0.9692041,8.651282,-2.9988568,0.523,0.29994234
0.9197473,8.644175,-2.973102,0.523,0.20019875
0.8692177,8.635579,-2.9557676,0.523,0.10045518
0.8180772,8.625965,-2.947026,0.523,0.0007116079
0.76676404,8.615853,-2.946964,0.523,-0.09855656
0.7157005,8.605788,-2.9555411,0.523,-0.19782475
0.6653055,8.596302,-2.9726725,0.523,-0.2970929
0.61600846,8.587894,-2.99819,0.523,-0.3
0.5665572,8.580754,-3.0239494,0.523,-0.3
0.51693845,8.57489,-3.0497088,0.523,-0.3
0.46718514,8.570306,-3.0754683,0.523,-0.3
0.41733024,8.567004,-3.1012278,0.523,-0.3
0.36740685,8.564988,-3.1269875,0.523,-0.3
0.31744808,8.564258,3.1304383,0.523,-0.3
0.26748708,8.5648155,3.1046789,0.523,-0.3
0.21755701,8.566659,3.0789194,0.523,-0.3
0.167691,8.569789,3.05316,0.523,-0.20001958
0.116634026,8.574316,3.0358407,0.523,-0.10003917
0.06488623,8.579808,3.0271354,0.523,-5.8758258e-05
0.012928434,8.585781,3.0271301,0.523,0.09991302
-0.03877021,8.591725,3.0358248,0.523,0.1998848
-0.089742444,8.5971365,3.0531323,0.523,0.2998566
-0.13951339,8.601551,3.0788798,0.523,0.39980114
-0.18759422,8.60457,3.1128082,0.523,0.49974567
-0.23347916,8.605891,-3.1286066,0.523,0.5996902
-0.2766497,8.60533,-3.079411,0.523,0.4996925
-0.32246625,8.602478,-3.0376446,0.523,0.3996948
-0.37038392,8.597479,-3.0037248,0.523,0.2996971
-0.41987854,8.590611,-2.9779904,0.523,0.19972157
-0.47045445,8.582263,-2.960697,0.523,0.09974605
-0.52164537,8.5729,-2.9520168,0.523,-0.00022947192
-0.57300836,8.563045,-2.9520369,0.523,-0.10009223
-0.62411445,8.55324,-2.960747,0.523,-0.19995499
-0.6745365,8.54402,-2.9780605,0.523,-0.29981774
-0.7238368,8.535885,-3.0038047,0.523,-0.3
-0.77332735,8.529022,-3.0295641,0.523,-0.3
-0.82297826,8.523437,-3.0553238,0.523,-0.3
-0.87275654,8.519132,-3.0810833,0.523,-0.3
-0.9226292,8.51611,-3.1068428,0.523,-0.3
-0.9725631,8.514375,-3.1326022,0.523,-0.3
-1.0225252,8.513926,3.1248236,0.523,-0.3
-1.0724822,8.514763,3.0990639,0.523,-0.3
-1.1224012,8.516888,3.0733044,0.523,-0.3
-1.1722488,8.520297,3.047545,0.523,-0.20002957
-1.2232795,8.52511,3.030225,0.523,-0.10005913
-1.2749956,8.530893,3.0215178,0.523,-8.869171e-05
-1.326919,8.537158,3.0215101,0.523,0.09987754
-1.3785836,8.543392,3.0302017,0.523,0.19984376
-1.429525,8.54909,3.0475056,0.523,0.29981
-1.479271,8.553784,3.0732493,0.523,0.39973906
-1.5273353,8.557075,3.1071727,0.523,0.49966812
-1.573214,8.558655,-3.134248,0.523,0.59959716
-1.6163899,8.558337,-3.0850592,0.523,0.4995975
-1.6622242,8.555743,-3.0433,0.523,0.39959782
-1.7101712,8.551016,-3.009388,0.523,0.29959816
-1.7597055,8.544428,-2.983662,0.523,0.19960381
-1.8103292,8.536366,-2.9663785,0.523,0.09960948
-1.8615731,8.527294,-2.9577103,0.523,-0.00038486123
-1.9129914,8.517732,-2.9577436,0.523,-0.100311495
-1.9641515,8.508219,-2.9664729,0.523,-0.20023812
-2.0146227,8.499289,-2.9838104,0.523,-0.3
-2.063966,8.491438,-3.0095701,0.523,-0.3
-2.1134953,8.48486,-3.0353296,0.523,-0.3
-2.1631777,8.479561,-3.061089,0.523,-0.3
-2.2129798,8.475543,-3.0868485,0.523,-0.3
-2.2628691,8.472809,-3.1126082,0.523,-0.3
-2.3128123,8.471361,-3.1383677,0.523,-0.3
-2.362776,8.4712,3.1190581,0.523,-0.3
-2.4127276,8.472326,3.0932987,0.523,-0.3
-2.4626334,8.474738,3.0675392,0.523,-0.3
-2.5124605,8.478435,3.0417798,0.523,-0.20002295
-2.5634627,8.483542,3.0244603,0.523,-0.1000459
-2.6151445,8.489624,3.0157542,0.523,-6.8843365e-05
-2.667031,8.496187,3.0157483,0.523,0.09989828
-2.7186587,8.502719,3.0244415,0.523,0.1998654
-2.7695663,8.508711,3.0417473,0.523,0.29983252
-2.8192842,8.513691,3.067493,0.523,0.39976323
-2.8673282,8.517258,3.1014183,0.523,0.49969396
-2.9131963,8.519101,-3.1400006,0.523,0.5996247
-2.9563725,8.5190325,-3.0908096,0.523,0.49962485
-3.0022204,8.516703,-3.0490484,0.523,0.399625
-3.0501933,8.51225,-3.015134,0.523,0.2996252
-3.099764,8.505948,-2.9894059,0.523,0.19962694
-3.150433,8.498177,-2.9721203,0.523,0.099628694
-3.201728,8.489399,-2.9634504,0.523,-0.00036955476
-3.2532005,8.480132,-2.9634826,0.523,-0.10032986
-3.3044143,8.470912,-2.9722135,0.523,-0.20029016
-3.3549352,8.462273,-2.9895556,0.523,-0.3
-3.4043229,8.454705,-3.015315,0.523,-0.3
-3.4538891,8.448413,-3.0410745,0.523,-0.3
-3.503601,8.443398,-3.066834,0.523,-0.3
-3.5534256,8.439667,-3.0925937,0.523,-0.3
-3.6033297,8.43722,-3.1183531,0.523,-0.3
-3.6532803,8.436059,3.1390727,0.523,-0.3
-3.7032442,8.436185,3.1133132,0.523,-0.20003262
-3.754481,8.4376335,3.095993,0.523,-0.10006523
-3.8064651,8.440006,3.0872853,0.523,-9.784698e-05
-3.858688,8.442845,3.0872767,0.523,0.09984261
-3.910651,8.44567,3.0959651,0.523,0.19978306
-3.9618573,8.448009,3.113264,0.523,0.2997235
-4.0118055,8.449424,3.1390004,0.523,0.3996153
-4.0599847,8.449549,-3.1102715,0.523,0.49950704
-4.105872,8.448111,-3.068519,0.523,0.5993988
-4.1489396,8.444958,-3.0193443,0.523,0.49939895
-4.19451,8.439359,-2.9776006,0.523,0.3993991
-4.242047,8.431493,-2.9437044,0.523,0.29939926
-4.291045,8.421668,-2.917995,0.523,0.19940129
-4.3410325,8.410301,-2.9007287,0.523,0.09940334
-4.391572,8.397886,-2.8920784,0.523,-0.00059462787
-4.4422526,8.384973,-2.8921301,0.523,-0.100557774
-4.4926777,8.372126,-2.9008808,0.523,-0.20052092
-4.542452,8.359907,-2.9182425,0.523,-0.3
-4.591175,8.34884,-2.9440022,0.523,-0.3
-4.6401668,8.339032,-2.9697616,0.523,-0.3
-4.6893954,8.330489,-2.995521,0.523,-0.3
-4.738827,8.323216,-3.0212805,0.523,-0.3
-4.78843,8.31722,-3.0470402,0.523,-0.3
-4.838171,8.312502,-3.0727997,0.523,-0.3
-4.888017,8.309068,-3.0985591,0.523,-0.3
-4.937935,8.306918,-3.1243186,0.523,-0.3
-4.9878917,8.306055,3.1331072,0.523,-0.3
-5.0378537,8.306479,3.1073477,0.523,-0.20003912
-5.089081,8.308234,3.0900269,0.523,-0.10007825
-5.14105,8.310917,3.0813181,0.523,-0.00011737346
-5.193255,8.314067,3.081308,0.523,0.099785134
-5.2452,8.317203,3.0899913,0.523,0.19968764
-5.296393,8.319846,3.107282,0.523,0.29959017
-5.346334,8.32156,3.1330073,0.523,0.39934272
-5.394517,8.321974,-3.1162865,0.523,0.49909526
-5.4404225,8.320812,-3.0745656,0.523,0.5988478
-5.4835243,8.317919,-3.0254307,0.523,0.4988507
-5.5291414,8.312596,-2.9837286,0.523,0.3988536
-5.576737,8.305019,-2.9498765,0.523,0.29885647
-5.625803,8.295495,-2.9242122,0.523,0.19888452
-5.675865,8.284438,-2.90699,0.523,0.09891258
-5.726484,8.27234,-2.8983824,0.523,-0.0010593652
-5.7772446,8.259746,-2.8984747,0.523,-0.100483276
-5.8277507,8.247218,-2.9072187,0.523,-0.19990718
-5.877608,8.235314,-2.9245281,0.523,-0.2993311
-5.9264092,8.224552,-2.950232,0.523,-0.3
-5.9754615,8.215049,-2.9759915,0.523,-0.3
-6.024742,8.206813,-3.001751,0.523,-0.3
-6.0742183,8.199848,-3.0275104,0.523,-0.3
-6.1238575,8.19416,-3.0532699,0.523,-0.3
-6.173627,8.189754,-3.0790296,0.523,-0.3
-6.2234936,8.186629,-3.104789,0.523,-0.29705063
-6.273469,8.18479,-3.130303,0.523,-0.29410124
-6.32352,8.184224,3.1276147,0.523,-0.29115185
-6.3736143,8.184925,3.102593,0.523,-0.19122873
-6.424922,8.186927,3.0860257,0.523,-0.09130561
-6.4769235,8.189819,3.0780778,0.523,0.008617508
-6.529116,8.193139,3.078829,0.523,0.108378254
-6.581007,8.1964,3.0882576,0.523,0.208139
-6.6321054,8.199128,3.1062696,0.523,0.30789974
-6.681915,8.200888,3.1326861,0.523,0.40731984
-6.7299337,8.201316,-3.1159682,0.523,0.5067399
-6.7756467,8.200144,-3.0736637,0.523,0.60616004
-6.8185296,8.197227,-3.0240033,0.523,0.5062512
-6.8639536,8.19186,-2.9817362,0.523,0.40634236
-6.9113827,8.184214,-2.9472833,0.523,0.30643353
-6.9603076,8.174585,-2.9209886,0.523,0.20837669
-7.0102363,8.163388,-2.9029562,0.523,0.11031986
-7.0607452,8.151101,-2.8933594,0.523,0.012263024
-7.1114383,8.138252,-2.8922906,0.523,-0.02533114
-7.1621056,8.125353,-2.8944983,0.523,-0.0629253
-7.2127166,8.112586,-2.8999798,0.523,-0.10051946
-7.263241,8.100136,-2.908727,0.523,-0.047889628
-7.314071,8.08808,-2.9128997,0.523,0.0047402144
-7.365009,8.076223,-2.9124866,0.523,0.057370055
-7.4158583,8.064365,-2.9074886,0.523,0.052761305
-7.466661,8.05225,-2.9028916,0.523,0.048152555
-7.5174193,8.039899,-2.898696,0.523,0.043543804
-7.5681357,8.027331,-2.8949015,0.523,0.06691005
-7.618739,8.014588,-2.8890736,0.523,0.0902763
-7.669174,8.001575,-2.881215,0.523,0.11364255
-7.719385,7.988198,-2.8713307,0.523,0.10710615
-7.769498,7.974314,-2.8620124,0.523,0.10056975
-7.8195133,7.959955,-2.8532608,0.523,0.094033346
-7.869433,7.945149,-2.8450763,0.523,0.11406757
-7.9191256,7.929967,-2.835155,0.523,0.13410178
-7.968541,7.9143314,-2.8235009,0.523,0.154136
-8.017629,7.898168,-2.8101184,0.523,0.16310863
-8.066425,7.881374,-2.7959638,0.523,0.17208126
-8.114905,7.863917,-2.781038,0.523,0.1810539
-8.163043,7.8457675,-2.7653422,0.523,0.18608317
-8.210845,7.8268824,-2.7492154,0.523,0.19111243
-8.25829,7.8072476,-2.732658,0.523,0.19614169
-8.305358,7.78685,-2.7156703,0.523,0.19945705
-8.352041,7.7656703,-2.6983993,0.523,0.20277241
-8.39832,7.743702,-2.6808453,0.523,0.20608778
-8.444175,7.7209406,-2.6630082,0.523,0.21075682
-8.489572,7.697388,-2.644773,0.523,0.21542588
-8.534486,7.6730366,-2.6261399,0.523,0.22009492
-8.578893,7.647878,-2.6071093,0.523,0.2200298
-8.622813,7.621879,-2.5880845,0.523,0.21996468
-8.666232,7.595049,-2.569065,0.523,0.21989956
-8.709134,7.567397,-2.5500515,0.523,0.2216099
-8.751486,7.5389457,-2.5308921,0.523,0.22332025
-8.793268,7.5096993,-2.5115874,0.523,0.2250306
-8.834462,7.479664,-2.4921374,0.523,0.22231777
-8.87509,7.448814,-2.472918,0.523,0.21960494
-8.915141,7.417169,-2.4539292,0.523,0.21689211
-8.954608,7.3847504,-2.4351714,0.523,0.22219782
-8.993414,7.3516364,-2.415962,0.523,0.22750352
-9.03153,7.317824,-2.396302,0.523,0.23280923
-9.068928,7.283312,-2.3761916,0.523,0.23432863
-9.105611,7.2480674,-2.3559523,0.523,0.23584802
-9.141561,7.2121005,-2.3355844,0.523,0.23736742
-9.176757,7.1754227,-2.3150876,0.523,0.24537832
-9.211126,7.138105,-2.2939126,0.523,0.2533892
-9.244629,7.1001453,-2.272061,0.523,0.2614001
-9.277226,7.061544,-2.2495344,0.523,0.2649834
-9.308914,7.0222564,-2.226706,0.523,0.26856664
-9.339668,6.9822946,-2.2035763,0.523,0.27214992
-9.369459,6.941673,-2.1801457,0.523,0.27407604
-9.398275,6.9003863,-2.1565535,0.523,0.27600217
-9.426094,6.8584547,-2.1327996,0.523,0.2779283
-9.452894,6.8158975,-2.108884,0.523,0.28240076
-9.478636,6.7727666,-2.084594,0.523,0.28687325
-9.50329,6.7290807,-2.0599298,0.523,0.29134572
-9.526829,6.6848593,-2.034892,0.523,0.29841405
-9.549204,6.640158,-2.0092647,0.523,0.3054824
-9.57038,6.594998,-1.9830489,0.523,0.3125507
-9.590321,6.549401,-1.9562464,0.523,0.31263518
-9.609031,6.5032873,-1.9294368,0.523,0.31271964
-9.626497,6.4566903,-1.9026202,0.523,0.3128041
-9.642709,6.4096427,-1.8757966,0.523,0.31231165
-9.657654,6.3621697,-1.8490138,0.523,0.3118192
-9.671325,6.314306,-1.8222718,0.523,0.31132674
-9.683714,6.2660856,-1.7955707,0.523,0.3082259
-9.694821,6.217504,-1.7691271,0.523,0.30512503
-9.70465,6.1685977,-1.7429413,0.523,0.30202416
-9.713203,6.1194034,-1.7170132,0.523,0.29404888
-9.720496,6.069882,-1.6917497,0.523,0.28607357
-9.72655,6.0200744,-1.6671524,0.523,0.2780983
-9.731388,5.970017,-1.6432227,0.523,0.2696915
-9.735036,5.9197397,-1.6199986,0.523,0.26128474
-9.737521,5.8692756,-1.5974815,0.523,0.25287798
-9.738873,5.818657,-1.5756731,0.523,0.2409937
-9.73912,5.767869,-1.5548693,0.523,0.2291094
-9.738309,5.7169423,-1.5350728,0.523,0.21722513
-9.736485,5.665904,-1.5162866,0.523,0.20813131
-9.733697,5.6148086,-1.4982752,0.523,0.19903749
-9.729982,5.563676,-1.48104,0.523,0.18994367
-9.725378,5.512523,-1.4645827,0.523,0.18345433
-9.719927,5.4613905,-1.4486811,0.523,0.17696501
-9.713655,5.4102907,-1.433336,0.523,0.17047568
-9.706593,5.3592353,-1.4185481,0.523,0.16532892
-9.69877,5.308245,-1.4042026,0.523,0.16018215
-9.6902075,5.2573295,-1.3902996,0.523,0.15503538
-9.680931,5.2064962,-1.3768398,0.523,0.1507695
-9.670965,5.155759,-1.3637475,0.523,0.14650363
-9.660329,5.1051245,-1.3510228,0.523,0.14223774
-9.649042,5.054598,-1.3386662,0.523,0.13873191
-9.637126,5.0041895,-1.3266121,0.523,0.13522609
-9.624598,4.953904,-1.3148608,0.523,0.13172026
-9.611472,4.903746,-1.3034124,0.523,0.12509334
-9.597762,4.8536987,-1.2925369,0.523,0.11846641
-9.583497,4.803763,-1.2822347,0.523,0.11183948
-9.5687065,4.7539387,-1.2725062,0.523,0.10640314
-9.553424,4.704231,-1.2632489,0.523,0.100966804
-9.537672,4.654639,-1.254463,0.523,0.095530465
-9.521476,4.60516,-1.2461486,0.523,0.089366086
-9.504861,4.55579,-1.2383692,0.523,0.0832017
-9.487852,4.5065246,-1.2311251,0.523,0.07703732
-9.470478,4.457359,-1.2244167,0.523,0.07356086
-9.452771,4.408298,-1.2180104,0.523,0.0700844
-9.434745,4.3593397,-1.2119064,0.523,0.06660794
-9.416416,4.31048,-1.2061048,0.523,0.07521673
-9.397816,4.261758,-1.1995544,0.523,0.08382553
-9.378909,4.213192,-1.1922562,0.523,0.092434324
-9.359663,4.164802,-1.1842105,0.523,0.100219786
-9.340044,4.116605,-1.1754893,0.523,0.10800525
-9.320021,4.0686193,-1.1660931,0.523,0.11579071
-9.299565,4.020866,-1.1560225,0.523,0.119785085
-9.278641,3.9733438,-1.1456063,0.523,0.12377945
-9.257233,3.926065,-1.1348444,0.523,0.12777382
-9.235328,3.879043,-1.123737,0.523,0.12415833
-9.212892,3.832246,-1.1129423,0.523,0.12054284
-9.189941,3.7856734,-1.1024605,0.523,0.11692734
-9.166494,3.7393236,-1.0922915,0.5216585,0.11328844
-9.142629,3.6933136,-1.0824629,0.520317,0.10964953
-9.118364,3.6476395,-1.0729733,0.5189755,0.10601063
-9.093721,3.602297,-1.0638208,0.51650965,0.10092396
-9.06877,3.5573728,-1.0551476,0.5140438,0.095837295
-9.043539,3.5128574,-1.0469494,0.51157796,0.09075063
-9.018055,3.4687421,-1.0392224,0.50895524,0.08656849
-8.992353,3.425034,-1.0318882,0.5063325,0.08238636
-8.966456,3.3817244,-1.0249436,0.50370985,0.07820422
-8.940386,3.3388047,-1.0183849,0.5007346,0.07605748
-8.9141865,3.2963023,-1.0120436,0.4977594,0.07391073
-8.887871,3.2542117,-1.0059175,0.49478418,0.071763985
-8.861452,3.212527,-1.0000048,0.49264845,0.06739844
-8.834895,3.1711662,-0.99447495,0.49051276,0.06303288
-8.808218,3.1301198,-0.9893253,0.48837703,0.058667332
-8.78144,3.0893784,-0.98455274,0.48628315,0.052948803
-8.754575,3.0489266,-0.9802634,0.4841893,0.047230273
-8.727645,3.0087526,-0.9764534,0.48209542,0.041511744
-8.700673,2.9688447,-0.9731189,0.4800271,0.03677836
-8.673678,2.9291902,-0.9701772,0.47795883,0.032044977
-8.646681,2.8897796,-0.9676249,0.47589052,0.027311593
-8.619696,2.8506026,-0.9654589,0.47404376,0.018886358
-8.592725,2.8116283,-0.96396685,0.47219703,0.010461122
-8.565799,2.7728415,-0.9631436,0.47035027,0.002035886
-8.538944,2.7342262,-0.962984,0.46831438,0.0013952017
-8.5122,2.6957824,-0.9628751,0.4662785,0.0007545173
-8.485568,2.6575086,-0.9628165,0.4642426,0.00011383295
-8.45905,2.6194034,-0.96280766,0.4522539,-0.007548201
-8.433218,2.5822835,-0.96337664,0.44026518,-0.0152102355
-8.4080925,2.5461364,-0.9644927,0.42827648,-0.02287227
-8.383694,2.5109515,-0.96612513,0.41387352,-0.040180065
-8.360185,2.4769301,-0.968896,0.39947057,-0.057487857
-8.337604,2.4440577,-0.9727213,0.38506764,-0.07479565
-8.315983,2.412324,-0.97751707,0.36837092,-0.08670108
-8.295465,2.3818965,-0.98283345,0.3516742,-0.09860651
-8.276054,2.3527768,-0.9886036,0.33497748,-0.11051194
-8.257748,2.3249683,-0.9947609,0.31766564,-0.11446164
-8.240557,2.2985022,-1.0008078,0.30035377,-0.118411325
-8.2244625,2.2733922,-1.0067215,0.28304192,-0.12236102
-8.209444,2.2496517,-1.0124793,0.26723903,-0.11288496
-8.195376,2.2271302,-1.0174965,0.2514361,-0.10340891
-8.182234,2.2058523,-1.0218222,0.23563322,-0.09393285
-8.169992,2.1858401,-1.0255058,0.22625807,-0.079965234
-8.158295,2.1665573,-1.028518,0.21688291,-0.065997615
-8.147126,2.148021,-1.0309019,0.20750776,-0.05202999
-8.136474,2.130246,-1.0327005,0.19965924,-0.03980471
-8.126249,2.1131148,-1.0340247,0.19181074,-0.027579427
-8.116445,2.0966377,-1.0349063,0.18396223,-0.015354144
-8.107053,2.0808222,-1.035377,0.17518033,-0.009940863
-8.098115,2.0657566,-1.0356673,0.16639844,-0.004527581
-8.08963,2.051443,-1.0357928,0.15761654,0.00088570116
-8.0815935,2.0378838,-1.0357696,0.14894912,0.026182866
-8.074002,2.0250747,-1.0351197,0.14028169,0.051480033
-8.066852,2.0130277,-1.0339166,0.13161427,0.0767772
-8.06014,2.0017512,-1.0322341,0.12311346,0.10521688
-8.05386,1.991241,-1.0300791,0.114612654,0.13365658
-8.048013,1.9815024,-1.0275337,0.10611185,0.16209626
-8.0426,1.972538,-1.0246794,0.09990477,0.17222123
-8.037488,1.964127,-1.0218259,0.09369769,0.1823462
-8.03268,1.9562665,-1.0189941,0.08749061,0.19247118
-8.028177,1.9489535,-1.0162048,0.08429488,0.19069412
-8.023819,1.9419174,-1.0135419,0.081099145,0.18891709
-8.019607,1.935157,-1.0110036,0.07790341,0.18714005
