-7.0304847,-7.811301,-0.27746555,0.08415724,0.0
-7.022391,-7.8136063,-0.27746555,0.113611996,0.065042175
-7.011487,-7.816712,-0.27623484,0.14306673,0.13008435
-6.997839,-7.820581,-0.27314177,0.17252149,0.19512652
-6.9815416,-7.825146,-0.26756674,0.20212369,0.2248759
-6.9625397,-7.8303556,-0.26005498,0.23172589,0.25462526
-6.940868,-7.836122,-0.250327,0.26132807,0.28437462
-6.916567,-7.8423357,-0.23810743,0.29059598,0.23008288
-6.889071,-7.849009,-0.22706196,0.3198639,0.17579114
-6.858386,-7.8560987,-0.21773861,0.3491318,0.121499404
-6.8245487,-7.8635855,-0.2106861,0.37647858,0.09951726
-6.787915,-7.8714194,-0.20445205,0.40382537,0.07753512
-6.7484927,-7.879594,-0.19923884,0.43117216,0.05555298
-6.7062936,-7.8881145,-0.19524874,0.45668602,0.0335067
-6.661518,-7.89697,-0.19269888,0.48219988,0.011460411
-6.6141934,-7.9062037,-0.19177787,0.50771374,-0.010585874
-6.564356,-7.9158807,-0.19267361,0.523,0.010969132
-6.5130267,-7.9258947,-0.19171749,0.523,0.03252414
-6.461712,-7.935855,-0.18888296,0.523,0.054079145
-6.410417,-7.94566,-0.18417136,0.523,0.058173366
-6.359089,-7.955222,-0.17910345,0.523,0.062267583
-6.307725,-7.964521,-0.17367929,0.523,0.0663618
-6.2563252,-7.973539,-0.16789901,0.523,0.08121716
-6.204931,-7.98225,-0.16082735,0.523,0.096072525
-6.1535435,-7.9905863,-0.15246591,0.523,0.11092789
-6.102168,-7.998481,-0.14281651,0.523,0.114525005
-6.05074,-8.005876,-0.13285556,0.523,0.118122116
-5.999262,-8.012755,-0.12258317,0.523,0.12171923
-5.947738,-8.019103,-0.1119995,0.523,0.1331123
-5.8962255,-8.024897,-0.10043077,0.523,0.14450535
-5.844732,-8.030086,-0.08787852,0.523,0.1558984
-5.7932653,-8.03462,-0.07434435,0.523,0.1672563
-5.7418375,-8.038451,-0.059833057,0.523,0.1786142
-5.6904616,-8.041529,-0.044346504,0.523,0.18997209
-5.639153,-8.043805,-0.027886694,0.523,0.19970272
-5.5879126,-8.045235,-0.010594748,0.523,0.20943336
-5.536758,-8.045776,0.007527697,0.523,0.219164
-5.4857106,-8.045392,0.026478924,0.523,0.22542244
-5.4347515,-8.044043,0.045962255,0.523,0.23168087
-5.3839025,-8.041704,0.065976925,0.523,0.23793931
-5.3331866,-8.038353,0.086522155,0.523,0.23245963
-5.282484,-8.033956,0.106602885,0.523,0.22697994
-5.231815,-8.028533,0.12621851,0.523,0.22150025
-5.181198,-8.02211,0.14536847,0.523,0.22700877
-5.130778,-8.014729,0.16498655,0.523,0.23251729
-5.080576,-8.00637,0.18507217,0.523,0.23802581
-5.0306187,-7.9970174,0.20562473,0.523,0.23464638
-4.9808235,-7.9866314,0.22589089,0.523,0.23126695
-4.931209,-7.9752293,0.24587044,0.523,0.22788753
-4.8817935,-7.9628286,0.26556316,0.523,0.23313877
-4.832692,-7.949474,0.28570148,0.523,0.23839
-4.7839313,-7.9351506,0.3062849,0.523,0.24364124
-4.735538,-7.919847,0.3273128,0.523,0.24186155
-4.687456,-7.903522,0.34819013,0.523,0.24008185
-4.6397047,-7.8861895,0.3689168,0.523,0.23830214
-4.592302,-7.8678627,0.38949275,0.523,0.24366823
-4.5453486,-7.84859,0.41052294,0.523,0.24903432
-4.498873,-7.8283615,0.43200675,0.523,0.2544004
-4.452907,-7.8071685,0.45394358,0.523,0.25813654
-4.407461,-7.784994,0.47619542,0.523,0.26187268
-4.362564,-7.761837,0.49876198,0.523,0.26560882
-4.3182464,-7.737697,0.5216429,0.523,0.26672944
-4.2745056,-7.7125573,0.5446182,0.523,0.26785004
-4.231367,-7.6864276,0.5676876,0.523,0.26897067
-4.188856,-7.659318,0.5908512,0.523,0.26432514
-4.146931,-7.631195,0.61362416,0.523,0.25967965
-4.105606,-7.6020885,0.63600606,0.523,0.25503412
-4.064893,-7.5720277,0.6579963,0.523,0.25493845
-4.0248494,-7.5410786,0.6799785,0.523,0.25484276
-3.9854953,-7.5092554,0.70195264,0.523,0.25474706
-3.9468486,-7.476575,0.7239187,0.523,0.25350693
-3.9089172,-7.4430423,0.7457801,0.523,0.2522668
-3.8717155,-7.4086776,0.7675369,0.523,0.25102666
-3.835259,-7.3735003,0.789189,0.523,0.24924484
-3.7995563,-7.337526,0.8106906,0.523,0.24746299
-3.7646194,-7.3007755,0.8320416,0.523,0.24568115
-3.7304597,-7.263271,0.85324204,0.523,0.2507494
-3.6971455,-7.2250996,0.8748707,0.523,0.25581768
-3.6647074,-7.1862674,0.89692706,0.523,0.26088595
-3.6331758,-7.1467824,0.9194105,0.523,0.26293838
-3.6025567,-7.106621,0.9420668,0.523,0.2649908
-3.5728717,-7.0657983,0.9648958,0.523,0.26704323
-3.5441425,-7.024332,0.9878974,0.523,0.2708688
-3.516404,-6.98226,1.0112205,0.523,0.27469438
-3.4896824,-6.9395986,1.0348647,0.523,0.27852
-3.464005,-6.8963647,1.0588297,0.523,0.2777445
-3.4393656,-6.8525176,1.0827296,0.523,0.27696902
-3.4157758,-6.8080845,1.1065646,0.523,0.27619353
-3.3932467,-6.763092,1.1303346,0.523,0.27752924
-3.3718014,-6.717594,1.1542165,0.523,0.27886492
-3.3514564,-6.6716146,1.1782104,0.523,0.2802006
-3.332228,-6.625178,1.2023162,0.523,0.27380997
-3.3140914,-6.578206,1.2258862,0.523,0.26741934
-3.2970366,-6.5307355,1.2489194,0.523,0.2610287
-3.281052,-6.4828024,1.2714149,0.523,0.2544882
-3.266124,-6.434438,1.2933592,0.523,0.2479477
-3.2522376,-6.3856764,1.3147511,0.523,0.24140719
-3.2393763,-6.3365483,1.33559,0.523,0.23778327
-3.2275312,-6.2871194,1.356122,0.523,0.23415935
-3.2166939,-6.2374144,1.376347,0.523,0.23053543
-3.2068555,-6.1874576,1.3962643,0.523,0.22419462
-3.198001,-6.1372414,1.4156433,0.523,0.2178538
-3.19011,-6.086791,1.434483,0.523,0.21151298
-3.1831613,-6.036131,1.4527829,0.523,0.20140395
-3.1771278,-5.9852443,1.4702201,0.523,0.19129491
-3.1719725,-5.934158,1.4867932,0.523,0.18118587
-3.1676562,-5.8828955,1.5025002,0.523,0.17538823
-3.1641417,-5.8315177,1.51771,0.523,0.1695906
-3.1614065,-5.7800407,1.5324218,0.523,0.16379297
-3.1594267,-5.7284784,1.5466354,0.523,0.1578596
-3.158179,-5.676844,1.5603384,0.523,0.15192622
-3.1576383,-5.6251493,1.5735304,0.523,0.14599283
-3.15778,-5.5734057,1.586211,0.523,0.14179674
-3.158578,-5.521637,1.5985296,0.523,0.13760063
-3.1600144,-5.469851,1.6104859,0.523,0.13340452
-3.1620712,-5.4180565,1.6220798,0.523,0.13063778
-3.1647294,-5.3662705,1.6334348,0.523,0.12787104
-3.1679764,-5.3144994,1.6445506,0.523,0.1251043
-3.1718001,-5.262749,1.655427,0.523,0.12683634
-3.1761856,-5.211055,1.6664534,0.523,0.1285684
-3.1811397,-5.1594234,1.6776294,0.523,0.13030045
-3.186669,-5.1078625,1.6889551,0.523,0.1304911
-3.192782,-5.056369,1.7002974,0.523,0.13068175
-3.1994784,-5.004949,1.711656,0.523,0.1308724
-3.2067583,-4.95361,1.7230312,0.523,0.13012275
-3.2146223,-4.902352,1.7343415,0.523,0.12937312
-3.2230666,-4.8511806,1.7455871,0.523,0.12862347
-3.2320864,-4.800103,1.756768,0.523,0.13227625
-3.2416723,-4.749154,1.7682644,0.523,0.13592902
-3.2518382,-4.6983433,1.7800765,0.523,0.1395818
-3.2625983,-4.647682,1.7922039,0.523,0.1445089
-3.2739637,-4.5971904,1.8047564,0.523,0.149436
-3.2859535,-4.5468826,1.8177339,0.523,0.1543631
-3.2985854,-4.496772,1.8311357,0.523,0.15790747
-3.3118804,-4.446863,1.8448429,0.523,0.16145185
-3.3258502,-4.3971696,1.8588551,0.523,0.16499624
-3.3405063,-4.3477054,1.873172,0.523,0.16715208
-3.3558636,-4.298474,1.8876745,0.523,0.16930792
-3.3719275,-4.2494884,1.902362,0.523,0.17146376
-3.3887026,-4.2007623,1.9172348,0.523,0.16974722
-3.406206,-4.1522765,1.9319601,0.523,0.16803068
-3.4244266,-4.1040397,1.946538,0.523,0.16631414
-3.443354,-4.05606,1.9609684,0.523,0.16832897
-3.4629648,-4.0083737,1.9755718,0.523,0.1703438
-3.4832633,-3.9609962,1.9903483,0.523,0.17235863
-3.504252,-3.9139397,2.0052981,0.523,0.16712424
-3.5259614,-3.8671603,2.019798,0.523,0.16188985
-3.548366,-3.8206604,2.0338478,0.523,0.15665548
-3.5714414,-3.7744408,2.0474472,0.523,0.16154598
-3.5951247,-3.7285755,2.0614674,0.523,0.16643648
-3.6194289,-3.6830835,2.0759082,0.523,0.17132698
-3.6443665,-3.6379848,2.0907693,0.523,0.1619189
-3.6700122,-3.5931907,2.1048217,0.523,0.1525108
-3.696324,-3.5486953,2.118064,0.523,0.14310272
-3.7232604,-3.5044901,2.1304953,0.523,0.15463391
-3.750697,-3.4606993,2.1439207,0.523,0.16616508
-3.7786665,-3.4173615,2.158338,0.523,0.17769627
-3.8072007,-3.3745174,2.1737459,0.523,0.16109443
-3.8364747,-3.3319974,2.1877272,0.523,0.1444926
-3.8664167,-3.289783,2.2002785,0.523,0.12789075
-3.8969555,-3.2478523,2.211396,0.523,0.13507165
-3.9279294,-3.2063034,2.2231338,0.523,0.14225256
-3.9593573,-3.165162,2.2354918,0.523,0.14943346
-3.9912572,-3.1244555,2.2484689,0.523,0.12645672
-4.0237865,-3.0840373,2.2594624,0.523,0.10347999
-4.0568457,-3.0438726,2.2684662,0.523,0.08050325
-4.0903363,-3.003923,2.275476,0.523,0.0801747
-4.124107,-2.9642076,2.282457,0.523,0.07984614
-4.158155,-2.9247282,2.2894096,0.523,0.07951759
-4.192477,-2.8854854,2.2963336,0.523,0.0627957
-4.227112,-2.8464346,2.3018036,0.523,0.046073806
-4.2619915,-2.8075385,2.3058183,0.523,0.029351914
-4.2970486,-2.7687583,2.3083766,0.523,0.028277844
-4.3322062,-2.7300665,2.310841,0.523,0.027203774
-4.3674603,-2.6914606,2.313212,0.523,0.026129704
-4.4028068,-2.6529372,2.3154893,0.523,0.018732022
-4.4382467,-2.614488,2.317122,0.523,0.011334342
-4.4737535,-2.5760922,2.31811,0.523,0.0039366605
-4.5092998,-2.5377295,2.318453,0.523,-0.0027999878
-4.5448594,-2.499379,2.3182092,0.523,-0.009536636
-4.5804086,-2.4610214,2.3173778,0.523,-0.016273284
-4.6159225,-2.4226375,2.3159595,0.523,-0.02290228
-4.651377,-2.3842082,2.3139632,0.523,-0.029531276
-4.6867495,-2.345715,2.3113894,0.523,-0.03616027
-4.7220144,-2.3071392,2.3082383,0.523,-0.04303235
-4.7571483,-2.2684631,2.3044884,0.523,-0.049904425
-4.7921257,-2.229668,2.3001401,0.523,-0.0567765
-4.826921,-2.190735,2.295194,0.523,-0.06530452
-4.8615055,-2.1516511,2.2895055,0.523,-0.073832534
-4.895847,-2.1123946,2.2830756,0.523,-0.08236055
-4.929912,-2.0729442,2.2759047,0.523,-0.07980945
-4.963701,-2.0332425,2.2689552,0.523,-0.07725835
-4.9972196,-1.9932986,2.2622275,0.523,-0.07470725
-5.030475,-1.9531226,2.2557218,0.523,-0.074819736
-5.063468,-1.9127313,2.249206,0.523,-0.07493223
-5.096197,-1.8721263,2.2426805,0.523,-0.07504472
-5.12866,-1.8313088,2.2361453,0.523,-0.096623115
-5.160796,-1.7903563,2.227736,0.523,-0.11820151
-5.192513,-1.7492307,2.2174568,0.523,-0.13977991
-5.2237177,-1.7078972,2.2053123,0.523,-0.13180798
-5.2544513,-1.6661423,2.1938562,0.523,-0.12383605
-5.284736,-1.623995,2.1830895,0.523,-0.11586411
-5.314594,-1.5814831,2.1730125,0.49747443,-0.13350616
-5.342523,-1.540852,2.161976,0.47194886,-0.1511482
-5.368527,-1.5021136,2.1501322,0.4464233,-0.16879025
-5.39262,-1.4652865,2.137633,0.4266611,-0.21197948
-5.4150176,-1.4300989,2.1226718,0.40689892,-0.2551687
-5.43566,-1.3965716,2.1055543,0.38713673,-0.29835793
-5.454518,-1.3647343,2.086588,0.3697617,-0.22435236
-5.472298,-1.3333747,2.0728774,0.35238668,-0.1503468
-5.4890656,-1.3028336,2.0640807,0.33501166,-0.07634123
-5.504883,-1.2734123,2.0598223,0.32731184,-0.041498713
-5.5202456,-1.2445424,2.057559,0.31961203,-0.0066561997
-5.535196,-1.216294,2.0572045,0.3119122,0.028186316
-5.5497704,-1.1887314,2.0586696,0.30365443,0.07290216
-5.5639663,-1.1619799,2.0623558,0.2953967,0.11761801
-5.5778127,-1.1361177,2.068133,0.28713894,0.16233385
