-6.467125,6.5831985,-0.493124,0.9381493,0.0
-6.384487,6.5387883,-0.493124,0.523,-0.09892532
-6.3386436,6.5141516,-0.50173295,0.49463892,-0.19785064
-6.296122,6.4908266,-0.5179375,0.4662778,-0.29677597
-6.257381,6.4687505,-0.5406638,0.47243252,-0.3
-6.218685,6.4455204,-0.56393266,0.4785872,-0.3
-6.1800437,6.421082,-0.5875047,0.48474193,-0.3
-6.1414995,6.3954134,-0.61137986,0.48943344,-0.3
-6.103212,6.3685746,-0.6354861,0.49412495,-0.3
-6.0652213,6.3405547,-0.6598234,0.49881646,-0.3
-6.0275702,6.311344,-0.6843918,0.5008651,-0.3
-5.990496,6.2810936,-0.70906115,0.5029138,-0.3
-5.9540315,6.24981,-0.7338313,0.50496244,-0.3
-5.9182067,6.2175026,-0.7587024,0.5060617,-0.3
-5.883121,6.1842413,-0.7836276,0.5071609,-0.3
-5.8488,6.150042,-0.80860704,0.50826013,-0.3
-5.815272,6.1149206,-0.8336406,0.5090646,-0.3
-5.782582,6.0789137,-0.8587137,0.5098691,-0.3
-5.7507544,6.0420403,-0.8838265,0.51067364,-0.3
-5.7198143,6.0043197,-0.9089789,0.51236933,-0.3
-5.6897326,5.9657054,-0.9342148,0.5140651,-0.3
-5.660539,5.926214,-0.9595342,0.5157608,-0.3
-5.6322613,5.885864,-0.9849372,0.5185354,-0.3
-5.6048713,5.8445873,-1.0104768,0.5213099,-0.3
-5.5784035,5.8024,-1.0361531,0.523,-0.3
-5.552945,5.7594085,-1.0619125,0.523,-0.3
-5.528602,5.7157755,-1.0876721,0.523,-0.3
-5.5053916,5.67153,-1.1134316,0.523,-0.3
-5.4833283,5.626701,-1.1391912,0.523,-0.3
-5.4624267,5.581319,-1.1649506,0.523,-0.3
-5.4427013,5.5354133,-1.1907102,0.523,-0.3
-5.4241643,5.489015,-1.2164696,0.52153903,-0.3
-5.4068775,5.4422855,-1.2421572,0.52007806,-0.3
-5.3908415,5.39526,-1.2677728,0.5186171,-0.3
-5.3760567,5.347972,-1.2933165,0.5173368,-0.3
-5.362518,5.300439,-1.318797,0.5160565,-0.3
-5.3502254,5.2526956,-1.3442146,0.51477623,-0.3
-5.3391776,5.204774,-1.369569,0.51472455,-0.3
-5.329349,5.156593,-1.394921,0.5146728,-0.3
-5.320746,5.1081824,-1.4202703,0.51462114,-0.3
-5.3133736,5.059575,-1.4456171,0.51516694,-0.3
-5.3072286,5.010744,-1.4709908,0.51571274,-0.3
-5.3023195,4.9617214,-1.4963914,0.51625854,-0.3
-5.2986536,4.912538,-1.5218189,0.51607424,-0.3
-5.29624,4.8632946,-1.5472373,0.51588994,-0.3
-5.2950788,4.8140235,-1.5726466,0.5157056,-0.3
-5.29517,4.764756,-1.5980468,0.5147099,-0.3
-5.2965097,4.7156024,-1.6233981,0.51371413,-0.3
-5.29909,4.666593,-1.6487001,0.5127184,-0.3
-5.302902,4.61776,-1.6739533,0.51071036,-0.3
-5.307926,4.569229,-1.6991075,0.5087023,-0.3
-5.3141446,4.5210304,-1.7241628,0.50669426,-0.3
-5.3215394,4.4731927,-1.7491192,0.50509363,-0.3
-5.3300986,4.425704,-1.7739967,0.503493,-0.3
-5.3398056,4.3785934,-1.7987955,0.5018924,-0.3
-5.350643,4.331887,-1.8235153,0.50062734,-0.3
-5.3626018,4.285579,-1.8481729,0.4993623,-0.3
-5.375665,4.2396965,-1.8727682,0.49809724,-0.3
-5.389817,4.1942644,-1.8973012,0.49765643,-0.3
-5.4050655,4.1492333,-1.9218124,0.49721563,-0.3
-5.421399,4.104629,-1.9463019,0.49677482,-0.3
-5.438804,4.0604773,-1.9707698,0.49762982,-0.3
-5.457316,4.016689,-1.9952798,0.49848485,-0.3
-5.476929,3.9732933,-2.019832,0.49933988,-0.3
-5.4976373,3.9303186,-2.044426,0.50119036,-0.3
-5.5194764,3.887709,-2.0691113,0.50304085,-0.3
-5.542445,3.8454957,-2.0938878,0.50489134,-0.3
-5.566541,3.8037117,-2.1187553,0.5076817,-0.3
-5.5918074,3.762312,-2.1437604,0.5104721,-0.3
-5.6182456,3.7213328,-2.1689029,0.51326257,-0.3
-5.6458554,3.6808112,-2.1941829,0.5165557,-0.3
-5.6746645,3.640745,-2.2196248,0.5198489,-0.3
-5.7046733,3.6011736,-2.2452292,0.523,-0.3
-5.7358737,3.5621488,-2.2709887,0.523,-0.3
-5.768069,3.5239403,-2.2967482,0.523,-0.3
-5.8012376,3.4865737,-2.3225076,0.523,-0.3
-5.835357,3.450074,-2.3482673,0.523,-0.27631044
-5.870653,3.4142141,-2.372047,0.523,-0.25262088
-5.9070244,3.3789783,-2.3938336,0.523,-0.2289313
-5.9443707,3.3443422,-2.413615,0.523,-0.2010023
-5.982628,3.3102446,-2.4310179,0.523,-0.1730733
-6.0216784,3.2766404,-2.446029,0.523,-0.14514431
-6.0614066,3.243478,-2.4586363,0.523,-0.13624743
-6.1016,3.210778,-2.470476,0.523,-0.12735054
-6.142226,3.178518,-2.4815466,0.523,-0.118453644
-6.183252,3.1466749,-2.4918478,0.523,-0.09774965
-6.224696,3.1151853,-2.5003545,0.523,-0.07704566
-6.266483,3.0839927,-2.5070639,0.523,-0.05634166
-6.3085356,3.0530386,-2.5119722,0.523,-0.045190178
-6.3507643,3.0222738,-2.51591,0.523,-0.0340387
-6.393132,2.991662,-2.5188766,0.523,-0.022887219
-6.435604,2.9611664,-2.5208714,0.5227517,-0.008885706
-6.478126,2.9307632,-2.5216455,0.5225034,0.005115807
-6.5206523,2.9004066,-2.5212,0.522255,0.01911732
-6.563138,2.8700507,-2.519536,0.5188011,0.030697335
-6.6052804,2.839834,-2.5168822,0.5153472,0.042277347
-6.647044,2.80972,-2.513252,0.5118932,0.053857364
-6.6883965,2.7796745,-2.5086594,0.506851,0.068547085
-6.729168,2.749764,-2.5028734,0.50180876,0.0832368
-6.7693167,2.7199514,-2.49592,0.49676657,0.09792652
-6.808803,2.6902025,-2.4878252,0.49303904,0.10482409
-6.8477254,2.6603813,-2.479227,0.48931152,0.11172166
-6.8860693,2.630477,-2.470135,0.485584,0.118619226
-6.923819,2.6004796,-2.4605575,0.48241025,0.124249734
-6.9610095,2.5703413,-2.4505932,0.47923648,0.12988023
-6.997629,2.5400565,-2.4402485,0.47606272,0.13551074
-7.0336657,2.5096204,-2.4295294,0.47353914,0.13798141
-7.0691724,2.4789736,-2.418674,0.47101554,0.14045209
-7.104145,2.4481192,-2.4076846,0.46849197,0.14292276
-7.138579,2.4170606,-2.3965628,0.46663722,0.14369911
-7.1725264,2.385749,-2.3854253,0.46478248,0.14447546
-7.2059855,2.3541908,-2.3742726,0.46292773,0.14525181
-7.238955,2.3223922,-2.363105,0.46045282,0.14596675
-7.2713895,2.2904031,-2.351943,0.4579779,0.1466817
-7.3032894,2.258231,-2.340787,0.45550296,0.14739665
-7.3346543,2.2258842,-2.3296375,0.45169625,0.14870101
-7.3653917,2.1934693,-2.318484,0.44788954,0.15000537
-7.395504,2.160996,-2.3073285,0.44408283,0.15130974
-7.424993,2.128474,-2.2961721,0.43835178,0.15781245
-7.4537125,2.096082,-2.2846904,0.43262073,0.16431513
-7.4816585,2.0638242,-2.2728958,0.4268897,0.17081784
-7.5088267,2.031706,-2.2608016,0.41760445,0.17587335
-7.534999,1.9999954,-2.2486236,0.40831918,0.18092886
-7.5601864,1.9687091,-2.2363777,0.3990339,0.18598437
-7.5844026,1.9378641,-2.22408,0.3814222,0.18507972
-7.6071897,1.9080929,-2.2123814,0.3638105,0.18417506
-7.628594,1.8794391,-2.201277,0.3461988,0.18327041
-7.6486616,1.8519435,-2.1907616,0.3295673,0.16739982
-7.667542,1.825495,-2.1816094,0.31293583,0.15152925
-7.6852846,1.8001536,-2.1737366,0.29630435,0.13565868
-7.7019324,1.7759721,-2.1670575,0.29059988,0.11247222
-7.718148,1.7520785,-2.1616218,0.28489542,0.089285776
-7.733955,1.7285128,-2.1573877,0.27919096,0.06609932
-7.7493753,1.7053117,-2.1543143,0.27119663,0.056323797
-7.764293,1.6827154,-2.1517699,0.2632023,0.04654827
-7.7787232,1.6607374,-2.1497288,0.25520796,0.036772747
-7.792677,1.6393898,-2.148165,0.24653326,0.036078542
-7.8061247,1.618746,-2.1466827,0.23785858,0.03538434
-7.81907,1.5988091,-2.1452804,0.22918388,0.034690134
-7.8315163,1.5795814,-2.1439555,0.22087798,0.04662382
-7.843481,1.5610435,-2.1422398,0.21257207,0.058557503
-7.854958,1.5431943,-2.1401663,0.20426616,0.07049119
-7.865943,1.5260329,-2.1377685,0.19011845,0.096456334
-7.8761063,1.5100703,-2.134717,0.17597072,0.12242147
-7.885442,1.4953092,-2.1311355,0.16182299,0.14838661
-7.8939476,1.4817522,-2.1271482,0.14857914,0.1659944
-7.901686,1.4693085,-2.1230564,0.13533528,0.18360221
-7.9086666,1.4579805,-2.1189382,0.122091435,0.20121
