3.9105847,-3.4250028,1.0156595,0.6197656,0.0
3.9432502,-3.3723335,1.0156595,0.523,-0.09464428
3.970692,-3.3280864,1.007422,0.523,-0.18928856
3.9981234,-3.2846587,0.9910206,0.523,-0.28393283
4.025628,-3.2426572,0.9666024,0.523,-0.3
4.054013,-3.2015386,0.94084287,0.523,-0.3
4.083447,-3.161165,0.91508335,0.523,-0.3
4.113911,-3.1215627,0.88932383,0.523,-0.3
4.1453853,-3.0827582,0.8635643,0.523,-0.3
4.177849,-3.0447774,0.8378048,0.523,-0.3
4.2112794,-3.0076454,0.81204534,0.523,-0.3
4.2456555,-2.9713864,0.7862858,0.523,-0.3
4.2809544,-2.9360251,0.7605263,0.523,-0.3
4.317152,-2.9015849,0.7347668,0.523,-0.3
4.3542247,-2.8680882,0.70900726,0.523,-0.3
4.3921475,-2.8355575,0.68324775,0.523,-0.3
4.4308963,-2.8040144,0.6574882,0.523,-0.3
4.470444,-2.77348,0.6317287,0.523,-0.3
4.5107656,-2.743974,0.6059692,0.523,-0.3
4.5518336,-2.7155166,0.58020973,0.523,-0.3
4.5936213,-2.6881263,0.5544502,0.523,-0.3
4.6361003,-2.6618214,0.5286907,0.523,-0.3
4.6792426,-2.6366193,0.5029312,0.523,-0.3
4.7230196,-2.612537,0.47717166,0.523,-0.3
4.7674026,-2.5895898,0.45141214,0.523,-0.3
4.812362,-2.5677936,0.42565262,0.523,-0.3
4.8578677,-2.5471628,0.39989313,0.523,-0.3
4.9038897,-2.5277107,0.37413362,0.523,-0.3
4.9503975,-2.5094507,0.3483741,0.523,-0.3
4.99736,-2.4923942,0.32261458,0.523,-0.3
5.044747,-2.4765534,0.2968551,0.523,-0.3
5.0925255,-2.4619381,0.27109557,0.51893014,-0.3
5.1402903,-2.4486625,0.2455365,0.5148603,-0.3
5.1880016,-2.4367063,0.2201779,0.5107904,-0.3
5.235621,-2.4260488,0.19501977,0.49858552,-0.3
5.28235,-2.4168184,0.17046274,0.4863807,-0.3
5.328142,-2.408936,0.14650686,0.47417584,-0.3
5.3729568,-2.402323,0.12315211,0.45799598,-0.3
5.416379,-2.3969483,0.10059426,0.44181612,-0.3
5.458374,-2.3927095,0.07883333,0.42563626,-0.3
5.4989104,-2.3895073,0.057869308,0.40562823,-0.28866643
5.5377297,-2.3872583,0.038624,0.3856202,-0.27733284
5.574791,-2.385826,0.02102742,0.36561218,-0.2659993
5.6100583,-2.3850844,0.005009125,0.34214637,-0.21702263
5.64347,-2.384917,-0.0072695413,0.31868052,-0.16804598
5.674888,-2.3851454,-0.01615309,0.2952147,-0.11906934
5.704197,-2.385619,-0.02199776,0.27112475,-0.044717886
5.7312756,-2.3862147,-0.024017774,0.2470348,0.02963357
5.7559614,-2.3868077,-0.022797864,0.22294486,0.10398503
5.7781296,-2.3873134,-0.018941004,0.20008002,0.18608609
5.7977886,-2.3876858,-0.012771403,0.17721519,0.26818714
5.814875,-2.387904,-0.004944877,0.15435036,0.3502882
5.829373,-2.3879757,0.0038831541,0.13402991,0.43007404
5.841555,-2.3879282,0.01319685,0.113709465,0.50985986
5.851479,-2.3877974,0.02244626,0.09338901,0.5896457
5.859239,-2.387623,0.031101346,0.07140953,0.6801765
5.864788,-2.3874505,0.038586613,0.049430043,0.77070737
5.8683314,-2.3873136,0.044325795,0.027450554,0.86123824
5.870118,-2.3872344,0.04779669,0.00028841678,0.9562952
5.870135,-2.3872335,0.047835965,-0.02687372,1.0
5.8686843,-2.387303,0.044067055,-0.054035857,1.0
5.865768,-2.3874316,0.036488786,-0.08128115,1.0
5.861379,-2.3875918,0.0250895,-0.10852643,1.0
5.8555174,-2.387739,0.009869193,-0.13577172,1.0
5.8481817,-2.3878114,-0.009172134,-0.16324519,1.0
5.839362,-2.3877304,-0.032066483,-0.19071865,1.0
5.8290625,-2.3874002,-0.05881385,-0.21819212,1.0
5.817294,-2.386707,-0.08941424,-0.24575208,1.0
5.804069,-2.3855214,-0.12387978,-0.27331203,1.0
5.7894154,-2.3836968,-0.16221048,-0.300872,1.0
5.773372,-2.3810713,-0.20440632,-0.32767323,1.0
5.7560368,-2.3774776,-0.2503609,-0.35447448,1.0
5.7374816,-2.3727326,-0.30007422,-0.3812757,1.0
5.7178016,-2.3666434,-0.35354632,-0.40488157,1.0
5.697279,-2.3590693,-0.41032898,-0.42848742,1.0
5.676049,-2.349834,-0.47042227,-0.45209327,1.0
5.654276,-2.3387623,-0.5338262,-0.4696663,1.0
5.6324306,-2.3258502,-0.5996946,-0.4872393,1.0
5.610698,-2.3109922,-0.6680276,-0.5048123,1.0
5.5892863,-2.294097,-0.738825,-0.5213387,1.0
5.5684624,-2.2751281,-0.81194025,-0.523,1.0
5.549019,-2.2546234,-0.8852885,-0.523,1.0
5.5311294,-2.2327492,-0.9586367,-0.523,1.0
5.5148916,-2.2096226,-1.0319849,-0.523,1.0
5.500392,-2.1853685,-1.1053332,-0.523,1.0
5.487709,-2.160117,-1.1786814,-0.523,1.0
5.4769106,-2.1340039,-1.2520295,-0.523,1.0
5.4680543,-2.1071696,-1.3253778,-0.523,1.0
5.461189,-2.0797584,-1.398726,-0.523,1.0
5.4563503,-2.051918,-1.4720743,-0.523,1.0
5.4535656,-2.0237978,-1.5454224,-0.523,1.0
5.4528484,-1.9955491,-1.6187707,-0.523,1.0
5.4542036,-1.9673238,-1.6921189,-0.523,1.0
5.4576235,-1.9392736,-1.7654672,-0.523,1.0
5.46309,-1.9115496,-1.8388153,-0.523,1.0
5.470573,-1.8843006,-1.9121636,-0.523,1.0
5.480033,-1.8576734,-1.9855118,-0.523,1.0
5.491419,-1.831811,-2.05886,-0.523,1.0
5.5046697,-1.8068525,-2.1322083,-0.523,1.0
5.5197134,-1.782932,-2.2055564,-0.523,1.0
5.53647,-1.7601784,-2.2789047,-0.523,0.93559635
5.556653,-1.7366071,-2.3490698,-0.523,0.87119275
5.5802956,-1.712625,-2.4157608,-0.523,0.8067891
5.607358,-1.6886088,-2.478701,-0.523,0.73502797
5.6379385,-1.6647333,-2.5371559,-0.523,0.6632668
5.6718483,-1.6413128,-2.590824,-0.523,0.59150565
5.7088423,-1.6185923,-2.6394289,-0.523,0.51738995
5.7486854,-1.5967139,-2.6825428,-0.523,0.44327423
5.7910395,-1.5757796,-2.7199285,-0.523,0.36915854
5.8355436,-1.5558163,-2.751381,-0.523,0.29975134
5.8817554,-1.5368093,-2.7771196,-0.523,0.23034413
5.9293294,-1.518659,-2.797021,-0.523,0.16093692
5.977919,-1.5012207,-2.810989,-0.523,0.09539714
6.027162,-1.4843206,-2.8192916,-0.523,0.029857349
6.076747,-1.467762,-2.821894,-0.523,-0.03568244
6.126365,-1.4513355,-2.8187842,-0.523,-0.06658626
6.175854,-1.4347811,-2.8129845,-0.523,-0.09749009
6.2251205,-1.4179827,-2.8044999,-0.523,-0.1283939
6.2740707,-1.4008272,-2.793339,-0.523,-0.14273262
6.3227315,-1.3831608,-2.7809396,-0.523,-0.15707135
6.371064,-1.3649322,-2.7673044,-0.523,-0.17141007
6.41903,-1.346091,-2.7524364,-0.523,-0.18001352
6.4666376,-1.3265686,-2.7368298,-0.523,-0.18861698
6.513859,-1.3063381,-2.720486,-0.523,-0.19722043
6.5606647,-1.2853738,-2.703406,-0.523,-0.19943857
6.6070848,-1.2636229,-2.6861367,-0.523,-0.2016567
6.6531014,-1.2410837,-2.6686778,-0.523,-0.20387484
6.698697,-1.2177553,-2.6510296,-0.523,-0.20966563
6.7438188,-1.1936553,-2.6328874,-0.523,-0.21545641
6.78844,-1.1687716,-2.6142519,-0.523,-0.2212472
6.832534,-1.143094,-2.5951233,-0.5130513,-0.21923994
6.8753176,-1.1170702,-2.5765264,-0.5031026,-0.21723267
6.9168086,-1.0907636,-2.5584543,-0.49315387,-0.21522541
6.9570246,-1.0642347,-2.5409005,-0.47656724,-0.2218088
6.9953756,-1.0379584,-2.5234268,-0.4599806,-0.22839218
7.031888,-1.0119929,-2.5060694,-0.44339398,-0.23497558
7.06659,-0.9863964,-2.4888642,-0.4220294,-0.2480342
7.099091,-0.96154857,-2.4715962,-0.40066484,-0.2610928
7.1294317,-0.9375112,-2.4543586,-0.37930027,-0.2741514
7.157657,-0.914347,-2.437244,-0.35415205,-0.28115177
7.1835847,-0.89231473,-2.4208665,-0.3290038,-0.28815213
7.2072845,-0.8714979,-2.405284,-0.3038556,-0.2951525
7.2288256,-0.85197467,-2.3905525,-0.28100625,-0.3
7.248449,-0.83365524,-2.376712,-0.25815687,-0.3
7.266242,-0.81657755,-2.363997,-0.23530751,-0.3
7.2822614,-0.80080646,-2.3524072,-0.22570382,-0.3
7.2974505,-0.785502,-2.3412907,-0.21610013,-0.3
7.311829,-0.77068794,-2.330647,-0.20649645,-0.3
7.3254175,-0.7563868,-2.3204763,-0.20352511,-0.3
7.3386664,-0.74215597,-2.310452,-0.20055379,-0.3
7.3515806,-0.7280027,-2.300574,-0.19758247,-0.3
7.3641653,-0.71393424,-2.2908425,-0.19309868,-0.3
7.37633,-0.7000659,-2.2813318,-0.18861488,-0.3
7.3880825,-0.6864072,-2.2720418,-0.18413109,-0.3
7.3994317,-0.6729672,-2.2629728,-0.18235278,-0.3
7.41055,-0.6595557,-2.2539914,-0.18057448,-0.3
7.42144,-0.6461765,-2.2450974,-0.17879617,-0.3
7.4321046,-0.6328338,-2.236291,-0.17403582,-0.3
7.4423704,-0.6197553,-2.2277193,-0.16927548,-0.3
7.452246,-0.6069495,-2.2193818,-0.16451512,-0.3
7.46174,-0.59442425,-2.211279,-0.16072756,-0.3
7.470916,-0.5821126,-2.2033625,-0.15694001,-0.3
7.4797797,-0.5700205,-2.1956327,-0.15315245,-0.3
7.4883385,-0.5581537,-2.1880894,-0.14874189,-0.3
7.496564,-0.5465663,-2.1807635,-0.14433132,-0.3
7.5044622,-0.5352643,-2.1736546,-0.13992076,-0.3
7.5120416,-0.5242536,-2.166763,-0.13640122,-0.3
7.519356,-0.5134691,-2.1600447,-0.13288169,-0.3
7.5264106,-0.5029153,-2.1534998,-0.12936214,-0.3
7.533211,-0.49259627,-2.1471283,-0.12560958,-0.3
7.5397506,-0.4825347,-2.1409416,-0.12185701,-0.3
7.5460343,-0.4727347,-2.13494,-0.11810444,-0.3
7.5520673,-0.46320006,-2.1291227,-0.11585804,-0.3
7.557931,-0.45381254,-2.1234164,-0.11361164,-0.3
7.563628,-0.44457436,-2.1178207,-0.11136524,-0.3
7.569162,-0.43548772,-2.1123354,-0.10851555,-0.3
7.574506,-0.42660418,-2.1069908,-0.10566586,-0.3
7.579663,-0.41792622,-2.1017864,-0.10281617,-0.3
7.5846367,-0.4094563,-2.0967224,-0.1005412,-0.3
7.5894585,-0.40114927,-2.0917704,-0.09826622,-0.3
7.594131,-0.39300695,-2.0869303,-0.09599125,-0.3
7.598657,-0.38503116,-2.0822024,-0.09338664,-0.3
7.603023,-0.37725106,-2.0776029,-0.09078204,-0.3
7.607233,-0.36966848,-2.0731316,-0.088177435,-0.3
7.6112885,-0.36228526,-2.0687885,-0.08629029,-0.3
7.6152263,-0.35504287,-2.0645385,-0.08440315,-0.3
7.6190476,-0.34794256,-2.0603814,-0.082516015,-0.3
7.622755,-0.34098554,-2.056317,-0.08054264,-0.3
7.6263456,-0.33418027,-2.05235,-0.07856926,-0.3
7.6298223,-0.32752785,-2.0484803,-0.076595895,-0.3
7.6331863,-0.32102948,-2.0447078,-0.075022705,-0.28947318
7.6364675,-0.31463176,-2.0411386,-0.07344952,-0.27894637
7.6396675,-0.30833748,-2.037768,-0.07187633,-0.26841956
7.6427875,-0.3021492,-2.034591,-0.071100175,-0.25274387
7.645867,-0.29599229,-2.0316277,-0.070324026,-0.23706816
7.6489067,-0.28986967,-2.0288749,-0.06954788,-0.22139247
7.6519074,-0.28378412,-2.0263298,-0.06940163,-0.20071694
7.654899,-0.27767682,-2.0240235,-0.06925539,-0.1800414
7.6578827,-0.27155113,-2.0219567,-0.06910915,-0.15936588
7.6608577,-0.2654105,-2.0201287,-0.07143267,-0.14234456
7.663929,-0.25904137,-2.0184398,-0.07375619,-0.12532324
7.6670966,-0.25244462,-2.0169034,-0.07607971,-0.108301915
7.67036,-0.24562143,-2.0155327,-0.079299204,-0.09858867
7.673755,-0.23849766,-2.014232,-0.0825187,-0.08887543
7.6772814,-0.2310733,-2.0130112,-0.08573819,-0.07916218
7.680939,-0.2233485,-2.011881,-0.088372365,-0.070255555
7.6847024,-0.21537681,-2.010847,-0.09100653,-0.061348926
7.688572,-0.20715865,-2.0099173,-0.09364071,-0.0524423
7.692548,-0.19869465,-2.0090992,-0.09578516,-0.0453462
7.6966085,-0.19003047,-2.0083754,-0.09792963,-0.0382501
7.700755,-0.1811667,-2.0077512,-0.10007409,-0.031154001
7.704988,-0.17210394,-2.0072317,-0.10147214,-0.026553774
7.709276,-0.16291112,-2.0067828,-0.102870196,-0.021953547
7.713619,-0.15358865,-2.0064063,-0.104268245,-0.01735332
7.718018,-0.14413698,-2.006105,-0.105410844,-0.01492325
7.7224627,-0.13458003,-2.0058427,-0.10655344,-0.012493181
7.726953,-0.12491798,-2.0056207,-0.107696034,-0.010063112
7.7314897,-0.11515105,-2.0054402,-0.10871732,-0.010501588
7.7360673,-0.10529071,-2.00525,-0.10973861,-0.010940063
7.7406864,-0.095336914,-2.00505,-0.11075991,-0.011378539
7.745346,-0.0852896,-2.00484,-0.11170941,-0.013508499
7.7500434,-0.07515544,-2.0045884,-0.11265891,-0.01563846
7.754778,-0.06493426,-2.0042946,-0.11360841,-0.017768418
7.759549,-0.054625902,-2.0039582,-0.11319569,-0.013812291
7.7643003,-0.044352755,-2.0036976,-0.11278296,-0.009856164
7.7690315,-0.03411535,-2.0035124,-0.11237024,-0.0059000375
