-3.196665,-2.4955873,-2.4514725,0.65697503,0.0
-3.247329,-2.5374124,-2.4514725,0.523,-0.054794557
-3.2876005,-2.5706582,-2.4562464,0.5089677,-0.109589115
-3.3267684,-2.6026795,-2.465524,0.4949354,-0.16438366
-3.3648548,-2.6332316,-2.4790227,0.5147055,-0.15168577
-3.404969,-2.66453,-2.4919853,0.523,-0.13898787
-3.446215,-2.69586,-2.5040615,0.523,-0.12628996
-3.487907,-2.7267416,-2.5150404,0.523,-0.12699975
-3.5299315,-2.757161,-2.5260808,0.523,-0.12770952
-3.5722857,-2.7871118,-2.5371826,0.523,-0.12841931
-3.6149657,-2.816588,-2.5483458,0.523,-0.119043365
-3.6580222,-2.8456197,-2.558698,0.523,-0.10966742
-3.7014236,-2.874235,-2.568238,0.523,-0.100291476
-3.7451394,-2.9024627,-2.5769656,0.523,-0.09300067
-3.789131,-2.9303274,-2.5850604,0.523,-0.08570987
-3.8333755,-2.9578533,-2.5925224,0.523,-0.07841907
-3.8778508,-2.9850645,-2.599351,0.523,-0.0712841
-3.9225347,-3.0119858,-2.605559,0.523,-0.06414914
-3.9674067,-3.038642,-2.611147,0.523,-0.05701418
-4.0124464,-3.0650585,-2.6161141,0.523,-0.0461094
-4.0576425,-3.0912657,-2.6201317,0.523,-0.035204627
-4.102963,-3.1173027,-2.6232,0.523,-0.024299849
-4.1483784,-3.1432087,-2.6253178,0.523,-0.014347052
-4.193857,-3.1690238,-2.6265683,0.523,-0.004394257
-4.2393723,-3.1947842,-2.6269515,0.523,0.0055585383
-4.2848973,-3.2205272,-2.6264668,0.523,0.012332368
-4.3304067,-3.2462904,-2.625392,0.523,0.019106198
-4.375884,-3.2721,-2.6237266,0.523,0.025880028
-4.421311,-3.2979813,-2.621471,0.523,0.0319101
-4.4666715,-3.3239603,-2.61869,0.523,0.037940167
-4.5119505,-3.35006,-2.6153836,0.523,0.04397024
-4.5571313,-3.3763027,-2.611552,0.523,0.049351502
-4.6022,-3.4027116,-2.6072521,0.523,0.054732762
-4.6471424,-3.4293067,-2.6024835,0.523,0.060114026
-4.691943,-3.4561076,-2.5972466,0.523,0.0654266
-4.7365885,-3.4831338,-2.5915477,0.523,0.07073917
-4.7810626,-3.5104039,-2.5853868,0.523,0.07605175
-4.8253508,-3.537937,-2.578764,0.523,0.0790934
-4.8694453,-3.5657558,-2.571877,0.523,0.082135044
-4.9133363,-3.5938709,-2.5647256,0.523,0.08517669
-4.957014,-3.622292,-2.5573099,0.523,0.08786044
-5.0004697,-3.6510296,-2.5496614,0.523,0.09054419
-5.0436935,-3.6800916,-2.5417795,0.523,0.09322794
-5.0866766,-3.709486,-2.533665,0.523,0.09503456
-5.1294127,-3.7392232,-2.5253937,0.523,0.096841194
-5.1718936,-3.7693079,-2.5169656,0.523,0.09864782
-5.2141123,-3.799744,-2.5083807,0.523,0.09731356
-5.2560735,-3.8305454,-2.4999115,0.523,0.095979296
-5.2977777,-3.861705,-2.491558,0.523,0.09464504
-5.3392253,-3.8932161,-2.4833207,0.523,0.09461501
-5.380412,-3.9250674,-2.4750857,0.523,0.09458499
-5.4213357,-3.9572573,-2.4668531,0.523,0.09455497
-5.4619927,-3.9897828,-2.4586234,0.523,0.08906265
-5.502401,-4.0226583,-2.4508705,0.523,0.083570346
-5.5425725,-4.055862,-2.4435945,0.523,0.07807803
-5.582519,-4.089372,-2.4367955,0.523,0.07696923
-5.62224,-4.123156,-2.430093,0.523,0.075860426
-5.6617374,-4.157208,-2.4234867,0.523,0.07475163
-5.701012,-4.191523,-2.416977,0.523,0.06961683
-5.740077,-4.226106,-2.4109137,0.523,0.06448203
-5.778945,-4.260937,-2.4052968,0.523,0.059347235
-5.8176293,-4.2959976,-2.4001267,0.523,0.0661885
-5.856115,-4.331242,-2.3943615,0.523,0.07302977
-5.8943787,-4.366691,-2.3880014,0.523,0.079871036
-5.932396,-4.402364,-2.3810468,0.523,0.078417175
-5.970169,-4.4383044,-2.3742185,0.523,0.07696332
-6.0076995,-4.474506,-2.3675165,0.523,0.07550946
-6.044991,-4.5109625,-2.3609407,0.523,0.080180176
-6.0820284,-4.54765,-2.353959,0.523,0.08485089
-6.1187944,-4.584581,-2.346572,0.523,0.0895216
-6.155272,-4.621767,-2.338779,0.523,0.09343
-6.191446,-4.659223,-2.330647,0.523,0.09733839
-6.2273,-4.696958,-2.3221755,0.523,0.10124679
-6.26282,-4.73498,-2.3133652,0.523,0.107768886
-6.297979,-4.773288,-2.3039896,0.523,0.11429098
-6.332752,-4.8118954,-2.294049,0.523,0.12081308
-6.3671136,-4.8508167,-2.2835436,0.523,0.12561542
-6.4010434,-4.8900733,-2.272623,0.523,0.13041775
-6.4345226,-4.929674,-2.2612872,0.523,0.13522008
-6.4675293,-4.9696255,-2.2495363,0.523,0.13925056
-6.500046,-5.00994,-2.2374375,0.523,0.14328104
-6.5320544,-5.0506215,-2.2249908,0.523,0.14731151
-6.563535,-5.0916743,-2.2121966,0.523,0.15003085
-6.5944757,-5.133109,-2.199168,0.523,0.15275018
-6.6248612,-5.1749268,-2.185905,0.523,0.1554695
-6.6546764,-5.2171254,-2.1724076,0.523,0.15394603
-6.683927,-5.2597327,-2.1590416,0.523,0.15242255
-6.7126117,-5.3027377,-2.1458068,0.523,0.15089905
-6.7407317,-5.3461285,-2.1327033,0.523,0.1514506
-6.768278,-5.38988,-2.1195524,0.523,0.15200216
-6.7952447,-5.4339867,-2.1063538,0.523,0.15255369
-6.8216243,-5.4784417,-2.0931077,0.523,0.15316394
-6.8474107,-5.5232377,-2.079809,0.523,0.15377419
-6.8725963,-5.5683684,-2.0664577,0.523,0.15438443
-6.8971753,-5.613827,-2.053054,0.523,0.15106526
-6.9211545,-5.6596346,-2.0399363,0.523,0.14774609
-6.944543,-5.7057757,-2.0271044,0.523,0.14442691
-6.967348,-5.752236,-2.014559,0.523,0.142395
-6.9895754,-5.798992,-2.0021887,0.523,0.1403631
-7.011229,-5.8460336,-1.9899939,0.523,0.13833119
-7.0323133,-5.8933487,-1.9779745,0.523,0.13333638
-7.052841,-5.9409466,-1.9663864,0.523,0.12834156
-7.0728292,-5.9888105,-1.95523,0.523,0.123346746
-7.0922947,-6.036925,-1.9445055,0.523,0.12115159
-7.111248,-6.085258,-1.9339709,0.523,0.11895643
-7.129696,-6.1338015,-1.9236263,0.523,0.11676128
-7.1476455,-6.1825457,-1.9134718,0.523,0.1106494
-7.165111,-6.2315035,-1.9038465,0.523,0.104537524
-7.182116,-6.2806597,-1.894751,0.523,0.09842564
-7.1986837,-6.3299994,-1.8861853,0.523,0.092284665
-7.214837,-6.379508,-1.8781526,0.523,0.08614368
-7.2306013,-6.4291725,-1.870653,0.523,0.080002695
-7.2460003,-6.4789786,-1.8636869,0.523,0.07552104
-7.2610574,-6.5289087,-1.8571103,0.523,0.07103937
-7.2757907,-6.5789533,-1.8509232,0.523,0.06655771
-7.2902184,-6.629103,-1.8451258,0.523,0.056067936
-7.304364,-6.6793685,-1.8402411,0.523,0.045578163
-7.318272,-6.729729,-1.8362696,0.523,0.03508839
-7.3319855,-6.7801657,-1.8332117,0.523,0.033371218
-7.3455453,-6.8306475,-1.8303033,0.523,0.03165404
-7.3589587,-6.8811707,-1.8275447,0.523,0.029936869
-7.372234,-6.9317336,-1.8249356,0.523,0.024345119
-7.385379,-6.982339,-1.8228136,0.523,0.018753368
-7.398418,-7.032978,-1.8211792,0.523,0.013161617
-7.4113755,-7.083643,-1.8200319,0.523,0.0068070292
-7.4242754,-7.1343255,-1.8194386,0.523,0.000452441
-7.437146,-7.185017,-1.8193991,0.523,-0.0059021474
-7.450014,-7.235708,-1.8199136,0.523,-0.014188295
-7.4629073,-7.286389,-1.8211503,0.523,-0.022474444
-7.475861,-7.3370457,-1.8231091,0.523,-0.030760592
-7.4889116,-7.3876657,-1.82579,0.523,-0.04303638
-7.5020914,-7.4382277,-1.8295401,0.523,-0.055312164
-7.515453,-7.4887094,-1.834359,0.523,-0.06758795
-7.529047,-7.5390882,-1.8402461,0.523,-0.06843466
-7.542937,-7.589383,-1.8462065,0.523,-0.06928138
-7.557125,-7.639591,-1.8522408,0.523,-0.07012809
-7.571615,-7.68971,-1.8583486,0.523,-0.06974102
-7.586412,-7.739741,-1.8644228,0.523,-0.069353946
-7.6015124,-7.789682,-1.8704633,0.523,-0.06896687
-7.6169147,-7.8395324,-1.8764701,0.523,-0.07760228
-7.6326065,-7.889258,-1.8832277,0.523,-0.086237684
-7.648622,-7.9388413,-1.8907354,0.523,-0.09487309
-7.664997,-7.988264,-1.8989928,0.51717895,-0.11290196
-7.6815615,-8.03691,-1.9087039,0.5113579,-0.13093083
-7.6983685,-8.084741,-1.9198308,0.50553685,-0.1489597
-7.715466,-8.131721,-1.9323351,0.48438773,-0.14597884
-7.732417,-8.176546,-1.9440784,0.46323863,-0.142998
-7.749138,-8.219239,-1.9550812,0.44208953,-0.14001714
-7.7655497,-8.259823,-1.9653642,0.42147282,-0.1687511
-7.7815213,-8.298179,-1.977162,0.40085608,-0.19748507
-7.797058,-8.334285,-1.9902703,0.38023934,-0.22621904
-7.81215,-8.368127,-2.0044847,0.36205372,-0.17491041
-7.8271317,-8.400479,-2.0149853,0.3438681,-0.12360178
-7.841796,-8.431293,-2.022051,0.32568246,-0.07229315
-7.855962,-8.460524,-2.025972,0.31812873,-0.042072095
-7.869935,-8.489073,-2.0282018,0.310575,-0.011851037
-7.88365,-8.516935,-2.0288153,0.30302128,0.018370021
-7.897046,-8.544109,-2.0278876,0.29465276,0.052390266
-7.9100327,-8.570514,-2.025316,0.28628427,0.08641051
-7.9225545,-8.59614,-2.021198,0.27791575,0.12043075
