4.5120716,-8.750395,-0.062618636,-0.1965289,0.0
4.4924574,-8.749166,-0.062618636,-0.1667197,0.00019210577
4.475818,-8.748122,-0.06262397,-0.13691051,0.00038421154
4.462154,-8.747265,-0.06263274,-0.107101314,0.0005763173
4.4514647,-8.746594,-0.06264303,-0.07735651,0.030222118
4.443748,-8.746111,-0.06303261,-0.047611706,0.05986792
4.4390044,-8.745811,-0.0635074,-0.017866902,0.08951372
4.4372287,-8.745698,-0.0637736,0.011744893,0.12090455
4.438392,-8.745772,-0.06353751,0.04135669,0.15229538
4.4424715,-8.746032,-0.06249182,0.07096849,0.18368623
4.4494357,-8.746468,-0.060331363,0.10032777,0.18808424
4.4592733,-8.747062,-0.05720486,0.12968706,0.19248226
4.471982,-8.74779,-0.053070094,0.15904634,0.1968803
4.4875574,-8.748617,-0.047884896,0.18749058,0.20113434
4.5059075,-8.749496,-0.041642055,0.21593481,0.20538838
4.5270286,-8.750377,-0.034302164,0.24437906,0.20964243
4.5509176,-8.751197,-0.025825871,0.27032715,0.21098289
4.577342,-8.751879,-0.016390502,0.29627523,0.21232337
4.6063004,-8.752354,-0.0059847413,0.3222233,0.21366385
4.6377892,-8.7525425,0.005402729,0.343613,0.20655112
4.6714196,-8.75236,0.017147738,0.36500272,0.1994384
4.707191,-8.751747,0.029200062,0.3863924,0.19232567
4.745102,-8.75064,0.04150938,0.40173033,0.18358707
4.784566,-8.749001,0.05373253,0.41706824,0.1748485
4.8255773,-8.746795,0.06582465,0.43240616,0.1661099
4.86813,-8.74399,0.07774083,0.44118828,0.17107831
4.9114738,-8.740613,0.09025919,0.44997036,0.17604671
4.955595,-8.73662,0.103393726,0.45875248,0.18101512
5.0004797,-8.731963,0.11715846,0.4641879,0.18472376
5.045796,-8.726629,0.13136841,0.4696233,0.18843241
5.09153,-8.720587,0.14603,0.4750587,0.19214106
5.137665,-8.713801,0.1611496,0.47868964,0.20030943
5.183969,-8.706274,0.17702396,0.48232058,0.2084778
5.230419,-8.697964,0.19366167,0.48595148,0.21664615
5.2769914,-8.68883,0.21107133,0.48903915,0.2218663
5.323638,-8.678836,0.22900689,0.4921268,0.22708642
5.370335,-8.667951,0.24747309,0.49521443,0.23230657
5.417058,-8.656146,0.2664747,0.49808896,0.23696381
5.463766,-8.643396,0.28596264,0.50096345,0.24162106
5.5104322,-8.629676,0.3059408,0.50383794,0.2462783
5.5570264,-8.614959,0.3264131,0.5063579,0.24858245
5.6035147,-8.599221,0.3471763,0.5088779,0.2508866
5.649868,-8.582449,0.36823225,0.51139784,0.25319076
5.6960588,-8.564628,0.3895826,0.5142683,0.2595258
5.7420387,-8.54575,0.41157806,0.5171387,0.2658609
5.787769,-8.525787,0.43422356,0.52000916,0.27219597
5.833207,-8.504716,0.45752406,0.523,0.26914668
5.878439,-8.482446,0.48070246,0.523,0.26609743
5.9231796,-8.459113,0.5036245,0.523,0.26304814
5.96741,-8.434741,0.52629006,0.523,0.26974002
6.010998,-8.409419,0.5495183,0.523,0.2764319
6.0539045,-8.3831415,0.5733082,0.523,0.28312376
6.096093,-8.355903,0.5976588,0.523,0.2721547
6.137736,-8.327556,0.6210899,0.523,0.26118562
6.178826,-8.298154,0.64359856,0.523,0.25021654
6.2193604,-8.267747,0.66518223,0.523,0.26543197
6.259069,-8.236598,0.6880483,0.523,0.28064743
6.297889,-8.204685,0.7121916,0.523,0.29586288
6.335757,-8.171992,0.73760635,0.523,0.27533415
6.373005,-8.1381445,0.7613042,0.523,0.25480542
6.4096446,-8.1032295,0.7832752,0.523,0.23427671
6.445692,-8.067334,0.80351,0.523,0.26101536
6.480768,-8.030964,0.8260044,0.523,0.28775403
6.514761,-7.9940925,0.8507422,0.523,0.31449267
6.5475574,-7.956703,0.8777059,0.523,0.27828902
6.579687,-7.918018,0.9016515,0.523,0.24208534
6.6111836,-7.8781924,0.92254776,0.523,0.20588169
6.6420946,-7.8373823,0.9403672,0.523,0.24744046
6.671986,-7.7964225,0.9617164,0.523,0.28899923
6.700667,-7.7553062,0.98655826,0.523,0.330558
6.727952,-7.714043,1.01485,0.523,0.28213066
6.754462,-7.6713758,1.0391175,0.523,0.23370329
6.7802563,-7.6275206,1.0593036,0.523,0.18527591
6.805418,-7.582695,1.0753614,0.523,0.24596786
6.8295336,-7.5380683,1.096586,0.523,0.30665982
6.8523016,-7.49371,1.1228995,0.523,0.36735177
6.87344,-7.449714,1.154205,0.523,0.3047114
6.893628,-7.4040904,1.1803565,0.523,0.24207103
6.912953,-7.3571362,1.2012516,0.523,0.17943066
6.93154,-7.30915,1.2168082,0.523,0.24589372
6.949124,-7.2615685,1.2380266,0.523,0.31235677
6.9653816,-7.2145295,1.2648131,0.523,0.37881982
6.980019,-7.1681943,1.2970494,0.523,0.32210112
6.9934306,-7.1204314,1.3246429,0.523,0.2653824
7.0057287,-7.0714836,1.3475049,0.523,0.20866369
7.017059,-7.0215883,1.3655617,0.523,0.26104027
7.0273566,-6.9721203,1.3880582,0.523,0.31341687
7.0363975,-6.923197,1.4149326,0.523,0.36579347
7.043979,-6.874949,1.4461113,0.523,0.33291152
7.050126,-6.825904,1.474597,0.523,0.30002958
7.054925,-6.776171,1.5003589,0.523,0.26714763
7.0584755,-6.7258515,1.5233693,0.523,0.30077687
7.0608435,-6.675956,1.5491935,0.523,0.3344061
7.0619106,-6.6265645,1.5778023,0.523,0.36803532
7.0615687,-6.577768,1.6091634,0.523,0.35888457
7.0596905,-6.5288363,1.639779,0.523,0.34973383
7.056304,-6.479819,1.6696465,0.523,0.3405831
7.051439,-6.4307637,1.6987634,0.523,0.35721198
7.045186,-6.382166,1.7292423,0.523,0.3738409
7.0375037,-6.334088,1.761075,0.523,0.3904698
7.0283566,-6.2865973,1.7942526,0.523,0.38519442
7.0176163,-6.2393346,1.8270047,0.523,0.37991905
7.0053077,-6.1923494,1.8593299,0.523,0.37464368
6.991458,-6.145689,1.8912278,0.523,0.38283134
6.976177,-6.099644,1.9237888,0.523,0.391019
6.959461,-6.054273,1.9570106,0.523,0.39920664
6.94131,-6.009635,1.9908912,0.523,0.39412758
6.9216146,-5.9655437,2.0243635,0.523,0.38904855
6.9004107,-5.9220448,2.0574265,0.523,0.38396952
6.8777337,-5.8791823,2.0900795,0.523,0.38567212
6.853686,-5.837112,2.12287,0.523,0.38737473
6.8282895,-5.7958813,2.155798,0.523,0.38907737
6.8015676,-5.755537,2.1888635,0.523,0.37929896
6.773416,-5.715942,2.2211385,0.523,0.36952055
6.743888,-5.6771274,2.2526205,0.523,0.35974213
6.7130375,-5.6391196,2.283306,0.523,0.35798204
6.681015,-5.602052,2.3138478,0.523,0.3562219
6.6478534,-5.5659556,2.344246,0.523,0.35446182
6.6135874,-5.5308614,2.3745003,0.523,0.33900043
6.578078,-5.4966283,2.403487,0.523,0.32353908
6.5413966,-5.4632626,2.4311996,0.523,0.3080777
6.5036144,-5.430762,2.4576309,0.523,0.3242789
6.4651904,-5.3994374,2.4854043,0.523,0.3404801
6.426131,-5.369361,2.5145128,0.523,0.3566813
6.3864465,-5.3406034,2.5449483,0.523,0.3254632
6.345454,-5.3127604,2.5728197,0.523,0.2942451
6.303282,-5.2858024,2.5980995,0.523,0.26302698
6.2600574,-5.2596865,2.6207633,0.523,0.29387394
6.216637,-5.234778,2.646012,0.523,0.32472086
6.173033,-5.211207,2.6738222,0.523,0.3555678
6.1292715,-5.1891,2.704167,0.523,0.29312292
6.0839167,-5.16789,2.7293532,0.523,0.23067805
6.0372677,-5.1474905,2.7492826,0.523,0.16823317
5.989623,-5.127777,2.7638779,0.523,0.22295433
5.942213,-5.108967,2.7831516,0.523,0.2776755
5.895113,-5.091322,2.8070457,0.523,0.33239666
5.8484163,-5.0750895,2.835489,0.523,0.2605714
5.800231,-5.059861,2.857946,0.523,0.18874611
5.7509127,-5.0454845,2.874301,0.523,0.116920836
5.7008142,-5.0317655,2.8844693,0.523,0.16755344
5.650942,-5.0186515,2.8990061,0.523,0.21818605
5.601377,-5.0063863,2.917874,0.523,0.26881865
5.5522118,-4.9952,2.941025,0.523,0.208578
5.502071,-4.9850063,2.9590745,0.523,0.14833735
5.4512043,-4.975618,2.9719572,0.523,0.08809669
5.399855,-4.9668226,2.9796264,0.523,0.13108206
5.3486824,-4.9584613,2.9910197,0.523,0.17406742
5.2977557,-4.950734,3.006116,0.523,0.21705279
5.247151,-4.943836,3.0248876,0.523,0.16203246
5.1958866,-4.937826,3.0389497,0.523,0.10701213
5.14416,-4.932498,3.0482597,0.523,0.051991798
5.092158,-4.9276304,3.0527897,0.523,0.0902123
5.0402756,-4.923011,3.0606425,0.523,0.1284328
4.9885764,-4.9188166,3.071807,0.523,0.1666533
4.937126,-4.9152203,3.0862663,0.523,0.11880599
4.8852744,-4.9123487,3.096598,0.523,0.070958674
4.833159,-4.910002,3.102778,0.523,0.023111362
4.7809124,-4.9079733,3.1047924,0.523,0.045444746
4.7287016,-4.906051,3.1087523,0.523,0.067778125
4.67655,-4.904338,3.1146557,0.523,0.09011151
4.6244807,-4.902935,3.1224997,0.523,0.06149404
4.5722895,-4.9019384,3.1278565,0.523,0.03287657
4.5200224,-4.9012203,3.1307218,0.523,0.0042590974
4.467726,-4.900652,3.131093,0.523,0.010526431
4.415432,-4.9001026,3.1320107,0.523,0.016793763
4.3631415,-4.8996015,3.1334743,0.523,0.023061097
4.3108573,-4.899177,3.1354845,0.523,0.008357262
4.25856,-4.8988576,3.1362128,0.523,-0.0063465713
4.2062616,-4.8985763,3.1356597,0.523,-0.021050405
4.1539745,-4.898266,3.1338248,0.523,-0.015005124
4.1016817,-4.89786,3.1325169,0.523,-0.008959842
4.049386,-4.897385,3.131736,0.523,-0.0029145598
3.997089,-4.8968697,3.131482,0.523,-0.012121719
3.9447954,-4.896341,3.1304255,0.523,-0.021328878
3.8925104,-4.895757,3.1285663,0.523,-0.030536037
3.8402393,-4.8950763,3.125905,0.523,-0.026349049
3.7879639,-4.894256,3.1236086,0.523,-0.022162061
3.735685,-4.893316,3.121677,0.523,-0.017975073
3.683404,-4.8922744,3.12011,0.523,-0.0016702473
3.6311162,-4.891151,3.1199646,0.523,0.014634579
3.578834,-4.89002,3.1212401,0.523,0.030939406
3.5265698,-4.888956,3.1239367,0.5032056,0.049064964
3.4763176,-4.8880687,3.1280499,0.4834112,0.06719052
3.42809,-4.8874154,3.1334593,0.4636168,0.08531608
3.3818986,-4.8870397,3.1400437,0.44696456,0.06232699
3.3372889,-4.886971,-3.1385016,0.43031234,0.039337903
3.2942913,-4.8871036,-3.1356812,0.41366008,0.016348815
3.2529314,-4.887348,-3.1345541,0.41464502,0.116307996
3.2117481,-4.887638,-3.1265345,0.41562992,0.21626718
3.1711578,-4.8882494,-3.1116698,0.41661483,0.31622636
3.1315799,-4.889434,-3.0900764,0.42475298,0.41609174
3.0927804,-4.8914347,-3.061463,0.43289113,0.5159571
3.0552473,-4.8944483,-3.0258672,0.44102928,0.61582255
3.0194871,-4.8986053,-2.9834087,0.45017985,0.7153594
2.985929,-4.9039583,-2.9341974,0.4593304,0.8148963
2.9550967,-4.910446,-2.8784916,0.468481,0.9144331
2.9274921,-4.9178815,-2.8166354,0.47491232,1.0
2.9031754,-4.9260736,-2.7500312,0.48134363,1.0
2.8791366,-4.935999,-2.682525,0.48777494,1.0
2.8555107,-4.947677,-2.614117,0.47694927,1.0
2.8332436,-4.960648,-2.5472271,0.46612358,1.0
2.812378,-4.9747515,-2.4818556,0.45529792,1.0
2.7929401,-4.9898286,-2.4180021,0.44644743,1.0
2.7748625,-5.0057993,-2.35539,0.43759698,1.0
2.7581575,-5.022531,-2.2940192,0.42874652,1.0
2.7428267,-5.0398974,-2.2338896,0.4197264,1.0
2.728867,-5.05777,-2.175025,0.4107063,1.0
2.7162602,-5.076031,-2.1174254,0.40168622,1.0
2.7049785,-5.094572,-2.061091,0.3961853,1.0
2.6948988,-5.1134562,-2.0055277,0.3906844,1.0
2.6860085,-5.1326017,-1.9507363,0.38518348,1.0
2.6782901,-5.151929,-1.8967161,0.38325432,1.0
2.6716602,-5.171546,-1.8429666,0.38132516,1.0
2.6661215,-5.191391,-1.7894876,0.379396,1.0
2.6616743,-5.2114015,-1.7362791,0.37543085,1.0
2.6583328,-5.231409,-1.6836268,0.3714657,1.0
2.656073,-5.251352,-1.6315304,0.3675006,1.0
2.654868,-5.271171,-1.5799903,0.36622912,1.0
2.654686,-5.290958,-1.5286285,0.36495763,1.0
2.655517,-5.310659,-1.4774449,0.36368617,1.0
2.6573489,-5.3302236,-1.4264396,0.36163187,1.0
2.6601596,-5.3495593,-1.3757225,0.35957757,1.0
2.6639256,-5.368619,-1.3252935,0.35752326,1.0
2.6686206,-5.3873568,-1.2751526,0.35878873,1.0
2.6742685,-5.4059014,-1.2248342,0.3600542,1.0
2.6808653,-5.4242024,-1.1743383,0.36131966,1.0
2.6884038,-5.44221,-1.123665,0.36562383,1.0
2.6969454,-5.460023,-1.072388,0.369928,1.0
2.7065,-5.4775786,-1.0205075,0.37423214,1.0
2.7170737,-5.4948134,-0.9680232,0.37934464,1.0
2.7286935,-5.511698,-0.9148219,0.3844571,1.0
2.741363,-5.5281587,-0.8609037,0.3895696,1.0
2.7550817,-5.5441227,-0.80626845,0.39853007,1.0
2.7699864,-5.559663,-0.7503765,0.40749052,1.0
2.7860901,-5.5746765,-0.69322795,0.41645098,1.0
2.8033977,-5.589055,-0.6348227,0.4252176,1.0
2.8218963,-5.6026797,-0.575188,0.4339842,1.0
2.8415716,-5.6154356,-0.51432383,0.4427508,1.0
2.8623986,-5.627204,-0.45223016,0.4508053,0.982972
2.8848848,-5.638128,-0.38970727,0.45885983,0.9659441
2.9090211,-5.648041,-0.32679865,0.46691433,0.94891614
2.9347823,-5.6567726,-0.26354852,0.47093213,0.91891325
2.9623666,-5.6642156,-0.2011545,0.47494993,0.88891035
2.991697,-5.6701965,-0.13969713,0.47896773,0.8589074
3.0226815,-5.6745534,-0.079257056,0.47734395,0.84295857
3.0543375,-5.6770678,-0.019858392,0.4757202,0.82700974
3.0865412,-5.677707,0.038489487,0.47409645,0.8110609
3.1191695,-5.6764507,0.09577758,0.47698167,0.7962832
3.1523752,-5.6732607,0.15259895,0.4798669,0.7815054
3.1860428,-5.6680827,0.20893122,0.4827521,0.7667277
3.220054,-5.6608715,0.26475203,0.4839788,0.7531191
3.2541327,-5.6516323,0.319919,0.48520553,0.73951054
3.2881608,-5.6403584,0.37441778,0.48643225,0.725902
3.3220208,-5.6270533,0.42823425,0.4838405,0.7255985
3.3549483,-5.6120224,0.48174566,0.48124877,0.725295
3.3868618,-5.595337,0.5349522,0.478657,0.7249915
3.417684,-5.577072,0.5878541,0.47552374,0.7247533
3.4473085,-5.5573287,0.6403956,0.47239047,0.72451514
3.4756732,-5.5361924,0.6925768,0.46925718,0.72427696
3.502722,-5.5137506,0.744398,0.4681677,0.72405034
3.5285172,-5.4899883,0.7960856,0.46707818,0.72382367
3.552998,-5.4649787,0.8476397,0.4659887,0.72359705
3.5761082,-5.4387965,0.89906037,0.46344963,0.7347431
3.5975094,-5.4118795,0.95084286,0.46091056,0.74588925
3.6171782,-5.3843265,1.0029738,0.4583715,0.7570354
3.6350963,-5.356237,1.0554397,0.45439023,0.77132565
3.6511528,-5.327889,1.1082313,0.450409,0.78561586
3.6653621,-5.2993937,1.161324,0.44642773,0.79990613
3.6777463,-5.2708592,1.2146938,0.4464002,0.8153096
3.6884165,-5.2421722,1.2688524,0.4463727,0.830713
3.697368,-5.213433,1.3237869,0.44634515,0.8461164
3.7046022,-5.184743,1.3794842,0.450998,0.8360182
3.7103517,-5.1550584,1.435256,0.45565087,0.82592
3.7145255,-5.124454,1.4910864,0.46030372,0.8158217
3.717037,-5.093011,1.5469587,0.47203505,0.79841
3.717822,-5.0600796,1.6033076,0.48376635,0.78099823
3.7167053,-5.02574,1.6600686,0.49549767,0.76358646
3.7135143,-4.99009,1.7171762,0.50737107,0.7530618
3.7081149,-4.953468,1.7750059,0.51924443,0.7425371
3.700357,-4.9160075,1.8335212,0.523,0.7320124
3.6902535,-4.87844,1.8917807,0.523,0.7103738
3.6777442,-4.8408155,1.9486235,0.523,0.68873525
3.6628485,-4.803285,2.0040233,0.523,0.6670966
3.6455996,-4.765993,2.057954,0.523,0.6375852
3.6259272,-4.728857,2.1098406,0.523,0.60807383
3.6038928,-4.6920185,2.1596377,0.523,0.57856244
3.5795732,-4.655605,2.2073023,0.523,0.5579199
3.5532005,-4.6199245,2.2534504,0.523,0.5372774
3.5248554,-4.585062,2.298062,0.523,0.5166349
3.494623,-4.551093,2.3411188,0.523,0.51736176
3.4629693,-4.518471,2.3842304,0.523,0.5180886
3.4299529,-4.487255,2.427397,0.523,0.51881546
3.3956344,-4.457506,2.470619,0.523,0.49686402
3.359625,-4.4289207,2.5121686,0.523,0.47491255
3.3220263,-4.4015403,2.5520265,0.523,0.45296112
3.2829392,-4.375394,2.5901732,0.523,0.49395257
3.2437162,-4.3512692,2.6315,0.523,0.53494406
3.2044504,-4.329301,2.675937,0.523,0.57593554
3.1652575,-4.3096056,2.7234094,0.49971867,0.50690496
3.125334,-4.291864,2.7638428,0.47643736,0.4378744
3.0852275,-4.2759495,2.7975123,0.45315602,0.36884385
3.045437,-4.261691,2.8247423,0.44188023,0.41411424
3.0069978,-4.249087,2.8543763,0.43060443,0.4593846
2.9699826,-4.2381535,2.8861976,0.41932863,0.50465494
2.9344678,-4.2288804,2.9199889,0.41013458,0.4610347
2.8986347,-4.220807,2.9503987,0.4009405,0.4174144
2.8626509,-4.2138424,2.9774888,0.39174646,0.3737941
