-2.950918,-2.5829458,-0.7334,0.939065,0.0
-2.8811545,-2.6458068,-0.7334,0.523,-0.099970035
-2.8424947,-2.6806417,-0.7420995,0.49481282,-0.19994007
-2.806751,-2.7134168,-0.7584787,0.4666256,-0.2999101
-2.7743914,-2.7440794,-0.7814549,0.4900914,-0.3
-2.7411542,-2.7770555,-0.80559355,0.5135572,-0.3
-2.7071698,-2.812441,-0.830888,0.523,-0.3
-2.673483,-2.8493412,-0.8566475,0.523,-0.3
-2.6407578,-2.8870964,-0.882407,0.523,-0.3
-2.609016,-2.9256823,-0.9081665,0.523,-0.3
-2.5782783,-2.9650729,-0.93392605,0.523,-0.3
-2.5485656,-3.005242,-0.95968556,0.523,-0.3
-2.5198972,-3.046163,-0.9854451,0.523,-0.3
-2.4922926,-3.087809,-1.0112046,0.523,-0.3
-2.4657695,-3.1301522,-1.036964,0.523,-0.3
-2.440346,-3.1731646,-1.0627236,0.523,-0.3
-2.4160388,-3.2168174,-1.0884831,0.523,-0.3
-2.392864,-3.2610817,-1.1142427,0.523,-0.3
-2.370837,-3.3059285,-1.1400021,0.523,-0.3
-2.3499722,-3.3513277,-1.1657616,0.523,-0.3
-2.3302839,-3.397249,-1.1915212,0.523,-0.3
-2.3117847,-3.4436624,-1.2172806,0.523,-0.3
-2.2944872,-3.4905367,-1.2430402,0.523,-0.3
-2.278403,-3.537841,-1.2687997,0.523,-0.3
-2.2635422,-3.585544,-1.2945592,0.523,-0.3
-2.2499151,-3.6336138,-1.3203187,0.523,-0.3
-2.2375307,-3.6820188,-1.3460783,0.523,-0.3
-2.2263973,-3.7307267,-1.3718377,0.523,-0.3
-2.2165217,-3.779705,-1.3975972,0.523,-0.3
-2.2079113,-3.8289216,-1.4233568,0.523,-0.3
-2.2005713,-3.8783436,-1.4491162,0.523,-0.3
-2.1945066,-3.9279385,-1.4748758,0.523,-0.29486173
-2.189714,-3.9777513,-1.5002071,0.523,-0.2897235
-2.186179,-4.0277467,-1.5251095,0.523,-0.28458524
-2.1838863,-4.077891,-1.5495824,0.523,-0.2553283
-2.182813,-4.128484,-1.5715975,0.523,-0.22607133
-2.1828537,-4.179453,-1.5911359,0.523,-0.19681439
-2.1838968,-4.2307324,-1.608181,0.523,-0.18499275
-2.1858182,-4.2821045,-1.6242144,0.523,-0.1731711
-2.1885688,-4.3335485,-1.6392338,0.523,-0.16134946
-2.1920989,-4.3850484,-1.6532371,0.523,-0.13744687
-2.196365,-4.4366794,-1.6651802,0.523,-0.11354427
-2.2012622,-4.4884114,-1.6750562,0.523,-0.089641675
-2.2066834,-4.5402184,-1.6828595,0.523,-0.069699086
-2.2125177,-4.5920644,-1.68893,0.523,-0.04975649
-2.2186742,-4.643935,-1.6932654,0.523,-0.029813897
-2.2250605,-4.6958203,-1.6958638,0.523,-0.014892804
-2.2315838,-4.7477064,-1.6971619,0.523,2.8288365e-05
-2.2381752,-4.799589,-1.6971594,0.523,0.014949381
-2.2447658,-4.8514667,-1.6958565,0.523,0.031246245
-2.251286,-4.9033327,-1.6931332,0.523,0.04754311
-2.257661,-4.955183,-1.6889906,0.523,0.06383997
-2.2638156,-5.0070124,-1.6834297,0.523,0.078434125
-2.269676,-5.058821,-1.6765999,0.523,0.09302827
-2.2751753,-5.110604,-1.6685026,0.523,0.10762242
-2.2802477,-5.1623535,-1.6591395,0.523,0.11766329
-2.28483,-5.2140894,-1.648907,0.523,0.12770416
-2.288878,-5.2658052,-1.6378056,0.523,0.13774502
-2.2923467,-5.3174934,-1.6258367,0.523,0.14874293
-2.295192,-5.369138,-1.6129191,0.523,0.15974084
-2.2973664,-5.420726,-1.5990541,0.523,0.17073873
-2.2988226,-5.472245,-1.5842437,0.523,0.17850788
-2.2995148,-5.5237093,-1.5687662,0.523,0.18627702
-2.2994103,-5.575104,-1.5526228,0.523,0.19404617
-2.298478,-5.6264143,-1.5358144,0.523,0.20187148
-2.2966857,-5.677621,-1.5183371,0.523,0.2096968
-2.2940035,-5.728705,-1.5001923,0.523,0.21752211
-2.290401,-5.7796454,-1.4813808,0.523,0.22410995
-2.2858474,-5.830434,-1.462009,0.523,0.23069778
-2.2803195,-5.8810472,-1.4420778,0.523,0.23728563
-2.2737942,-5.931461,-1.4215878,0.523,0.24581292
-2.2662532,-5.981625,-1.4003763,0.523,0.25434023
-2.2576687,-6.0315094,-1.3784446,0.523,0.26286754
-2.2480142,-6.0810814,-1.3557942,0.523,0.26951802
-2.2372587,-6.130333,-1.3325846,0.523,0.2761685
-2.2253854,-6.17923,-1.3088168,0.523,0.28281897
-2.2123783,-6.227739,-1.2844918,0.523,0.28832647
-2.1982179,-6.275839,-1.259706,0.523,0.29383394
-2.1828952,-6.3234944,-1.2344605,0.523,0.29934144
-2.166402,-6.370669,-1.2087559,0.523,0.30277485
-2.148721,-6.4173536,-1.1827654,0.523,0.30620825
-2.1298528,-6.4635134,-1.1564894,0.523,0.30964166
-2.1098003,-6.509112,-1.1299281,0.523,0.3121006
-2.0885608,-6.554126,-1.1031629,0.523,0.31455952
-2.066142,-6.5985203,-1.0761937,0.523,0.31701845
-2.0425534,-6.6422586,-1.0490209,0.523,0.31842718
-2.0177965,-6.68532,-1.0217313,0.523,0.3198359
-1.9918858,-6.72767,-0.99432516,0.523,0.32124463
-1.9648371,-6.769275,-0.9668025,0.523,0.32265717
-1.9366668,-6.8101006,-0.939163,0.523,0.3240697
-1.9073931,-6.850113,-0.91140676,0.523,0.32548225
-1.8770345,-6.8892784,-0.88353384,0.523,0.32333437
-1.8455735,-6.927611,-0.8558384,0.523,0.32118648
-1.8130398,-6.965084,-0.82832056,0.523,0.3190386
-1.7794634,-7.001674,-0.8009804,0.523,0.30829456
-1.7447786,-7.037457,-0.77453107,0.523,0.29755056
-1.7090399,-7.0724273,-0.7489756,0.523,0.28680652
-1.6723007,-7.106583,-0.72431695,0.523,0.278455
-1.6346393,-7.1399035,-0.7003574,0.523,0.27010345
-1.5961,-7.172388,-0.67709863,0.523,0.26175192
-1.5567261,-7.2040396,-0.6545422,0.523,0.25280777
-1.516554,-7.2348676,-0.6327398,0.523,0.24386363
-1.4756266,-7.2648807,-0.6116931,0.523,0.23491949
-1.4339858,-7.2940893,-0.5914038,0.523,0.22807233
-1.3916929,-7.3224926,-0.5716954,0.523,0.22122517
-1.3487812,-7.3501005,-0.5525688,0.523,0.21437803
-1.3052837,-7.376923,-0.534025,0.523,0.2061386
-1.2612187,-7.4029803,-0.51618356,0.523,0.19789918
-1.2166207,-7.42829,-0.49904573,0.523,0.18965974
-1.1715226,-7.4528713,-0.48261264,0.523,0.17802814
-1.1259283,-7.47676,-0.46717638,0.523,0.16639651
-1.0798775,-7.4999886,-0.452739,0.523,0.15476489
-1.0334088,-7.522593,-0.43930244,0.5220368,0.14633922
-0.9866669,-7.544558,-0.42661542,0.5210736,0.13791355
-0.9396803,-7.565915,-0.41467616,0.52011037,0.12948787
-0.89247584,-7.5866947,-0.40348285,0.51934755,0.121236585
-0.8450621,-7.6069355,-0.39301455,0.5185847,0.1129853
-0.7974628,-7.6266694,-0.3832699,0.5178219,0.104734
-0.7497007,-7.6459274,-0.3742475,0.51751196,0.09993234
-0.7017719,-7.664752,-0.36564246,0.51720196,0.09513068
-0.65368915,-7.683161,-0.35745454,0.516892,0.09032902
-0.6054646,-7.701173,-0.34968337,0.5170497,0.08242412
-0.5570537,-7.718827,-0.34258854,0.5172073,0.07451921
-0.5084737,-7.736153,-0.33617082,0.5173649,0.06661431
-0.4597415,-7.7531815,-0.3304311,0.5183795,0.060636014
-0.41079798,-7.7699695,-0.32519555,0.51939404,0.05465772
-0.3616543,-7.786539,-0.32046643,0.5204086,0.04867943
-0.31232142,-7.802913,-0.3162459,0.52203053,0.040129412
-0.26274708,-7.819135,-0.31275538,0.523,0.031579394
-0.213009,-7.835219,-0.31000316,0.523,0.023029376
-0.1632152,-7.8511696,-0.30799595,0.523,0.020209659
-0.11338647,-7.867021,-0.30623445,0.523,0.017389942
-0.063527234,-7.8827853,-0.3047187,0.523,0.014570224
-0.013641922,-7.898475,-0.3034487,0.523,0.011631573
0.036265202,-7.914102,-0.30243486,0.523,0.00869292
0.086189635,-7.9296784,-0.30167714,0.523,0.0057542683
0.1361269,-7.945218,-0.30117556,0.523,0.0034219325
0.18607251,-7.960732,-0.30087727,0.523,0.0010895968
0.23602301,-7.9762316,-0.3007823,0.523,-0.0012427389
0.28597495,-7.9917264,-0.30089062,0.523,-0.003410828
0.33592498,-8.007227,-0.30118793,0.523,-0.0055789175
0.38586992,-8.022741,-0.30167422,0.523,-0.0077470066
0.43580657,-8.0382805,-0.3023495,0.523,-0.009412902
0.485732,-8.053853,-0.30316997,0.523,-0.011078799
0.5356438,-8.069466,-0.30413565,0.523,-0.012744695
0.58553946,-8.085127,-0.30524653,0.523,-0.013623321
0.63541716,-8.100842,-0.306434,0.523,-0.014501947
0.68527555,-8.116618,-0.30769804,0.523,-0.015380573
0.7351133,-8.132456,-0.30903867,0.523,-0.015307832
0.7849298,-8.148361,-0.31037295,0.523,-0.015235091
0.83472514,-8.164332,-0.31170088,0.523,-0.015162349
0.88449925,-8.180369,-0.3130225,0.523,-0.0162898
0.93425125,-8.196472,-0.31444237,0.523,-0.017417252
0.9839794,-8.212646,-0.3159605,0.523,-0.018544704
1.0336819,-8.228894,-0.3175769,0.523,-0.01866259
1.0833579,-8.245223,-0.31920353,0.523,-0.018780475
1.1330073,-8.261632,-0.32084048,0.523,-0.018898362
1.1826296,-8.278123,-0.32248768,0.523,-0.017500956
1.232226,-8.294696,-0.32401308,0.523,-0.016103547
1.2817981,-8.311344,-0.32541674,0.523,-0.01470614
1.331348,-8.328063,-0.32669857,0.523,-0.013713067
1.380877,-8.344845,-0.32789385,0.523,-0.012719994
1.4303865,-8.361687,-0.3290026,0.523,-0.011726921
1.4798781,-8.378584,-0.33002475,0.523,-0.0068842233
1.5293545,-8.395533,-0.33062482,0.523,-0.0020415247
1.5788218,-8.412511,-0.33080277,0.523,0.0028011738
1.628286,-8.429498,-0.3305586,0.523,0.0057434975
1.6777537,-8.446472,-0.33005798,0.523,0.008685822
1.7272289,-8.463422,-0.32930088,0.523,0.011628145
1.7767154,-8.480334,-0.3282873,0.523,0.016628975
1.8262155,-8.497194,-0.32683787,0.523,0.021629805
1.8757353,-8.513981,-0.32495263,0.523,0.026630634
1.9252806,-8.530673,-0.3226316,0.523,0.03521077
1.9748515,-8.547245,-0.31956303,0.523,0.043790907
2.024456,-8.56366,-0.31574714,0.523,0.052371044
2.0741024,-8.579878,-0.31118423,0.523,0.0564833
2.123811,-8.595865,-0.3062634,0.523,0.060595553
2.173586,-8.611605,-0.30098468,0.523,0.06470781
2.2234302,-8.627077,-0.29534826,0.523,0.06759984
2.2733514,-8.642266,-0.2894603,0.523,0.070491865
2.3233511,-8.657157,-0.28332084,0.523,0.0733839
2.373431,-8.671738,-0.27692994,0.523,0.07782031
2.423586,-8.685994,-0.27015346,0.523,0.08225672
2.4738185,-8.699904,-0.2629915,0.523,0.08669312
2.5241308,-8.7134495,-0.2554442,0.521639,0.094342545
2.5743775,-8.726572,-0.24725425,0.520278,0.10199197
2.6245608,-8.739239,-0.23842555,0.51891696,0.10964139
2.674682,-8.751421,-0.22896206,0.5154265,0.113376744
2.7245572,-8.763044,-0.21924336,0.51193607,0.11711209
2.774183,-8.774102,-0.20927386,0.50844556,0.12084745
2.8235555,-8.784588,-0.19905806,0.5044711,0.122257695
2.8726373,-8.794489,-0.18880439,0.5004966,0.12366794
2.9214222,-8.803811,-0.17851476,0.49652213,0.12507819
2.9699035,-8.812559,-0.16819106,0.49106297,0.11562056
3.0179937,-8.8207245,-0.1587493,0.4856038,0.106162935
3.0656736,-8.828358,-0.15017325,0.48014465,0.09670531
3.1129258,-8.835507,-0.14244653,0.47551435,0.086568564
3.1598194,-8.842233,-0.13559434,0.47088405,0.07643182
3.2063394,-8.848579,-0.12960176,0.46625376,0.06629507
3.2524722,-8.854592,-0.12445381,0.45979905,0.060387272
3.2980132,-8.86029,-0.119828954,0.45334435,0.054479472
3.3429558,-8.865701,-0.11571466,0.44688964,0.048571676
3.3872936,-8.870854,-0.11209839,0.4284485,0.05468797
3.4298058,-8.87564,-0.10819517,0.41000736,0.060804266
3.4704914,-8.880059,-0.1040427,0.39156622,0.06692056
3.509349,-8.884116,-0.09967865,0.3701978,0.059672296
3.5461197,-8.8877945,-0.09599908,0.3488294,0.052424032
3.5807943,-8.891133,-0.09295263,0.32746094,0.04517577
3.6133657,-8.89417,-0.09048792,0.30521914,0.02537316
3.643753,-8.896927,-0.08919733,0.2829773,0.0055705546
3.6719377,-8.899447,-0.08893461,0.26073548,-0.014232052
3.6979058,-8.901763,-0.08955306,0.2427668,-0.022436082
3.722079,-8.903934,-0.09046077,0.22479811,-0.030640114
3.7444563,-8.905963,-0.09160856,0.20682941,-0.038844146
3.765037,-8.907854,-0.092947245,0.189498,-0.055025708
3.7838764,-8.90961,-0.09468424,0.1721666,-0.07120727
3.8009727,-8.911234,-0.09672577,0.1548352,-0.087388836
3.816325,-8.912724,-0.09897804,0.14276654,-0.120069824
3.8304293,-8.914124,-0.10182818,0.13069788,-0.15275082
3.84328,-8.915437,-0.10514262,0.118629225,-0.18543181
3.8548753,-8.91666,-0.10878792,0.10677126,-0.20574439
3.8652654,-8.917795,-0.112423405,0.094913304,-0.22605696
3.874457,-8.918833,-0.115968995,0.08305534,-0.24636956
3.8824575,-8.919765,-0.11934499,0.083165206,-0.2637547
3.8904293,-8.920721,-0.122958615,0.08327507,-0.28113985
3.8983696,-8.921702,-0.1268094,0.08338494,-0.298525
3.9062753,-8.92271,-0.1308968,0.07397776,-0.2927082
3.9132977,-8.923635,-0.13445447,0.06457058,-0.28689137
3.919435,-8.924465,-0.13749975,0.055163402,-0.28107455
3.9246848,-8.925191,-0.14005004,0.063431785,-0.28331426
3.9307156,-8.926042,-0.14300531,0.07170016,-0.28555396
3.937525,-8.927022,-0.1463715,0.079968534,-0.28779367
3.9451108,-8.928141,-0.15015452,0.06687043,-0.27412033
3.9514759,-8.929104,-0.1531715,0.05377232,-0.260447
3.956611,-8.929896,-0.15547933,0.04067421,-0.24677366
3.9605076,-8.930507,-0.1571353,0.055676322,-0.27120355
3.9658055,-8.931346,-0.15962115,0.070678435,-0.2956334
3.9724808,-8.932421,-0.16305313,0.085680544,-0.3
3.9805577,-8.93375,-0.1672732,0.06585172,-0.27038836
3.986815,-8.934806,-0.17020474,0.046022892,-0.24077673
3.99122,-8.935563,-0.17203383,0.026194064,-0.2111651
3.9937434,-8.936002,-0.17294887,0.04738255,-0.25964504
3.9982545,-8.9367895,-0.17497635,0.06857103,-0.3
4.0047054,-8.93793,-0.17835371,0.089759514,-0.3
4.0131445,-8.939451,-0.18277466,0.06721014,-0.26557177
4.0195217,-8.94063,-0.18571468,0.04466076,-0.23114356
4.023794,-8.941433,-0.1874199,0.02211138,-0.19671535
4.0259247,-8.941837,-0.18814017,0.042949352,-0.23758347
4.0300255,-8.942617,-0.1898249,0.063787326,-0.2784516
4.0360484,-8.943775,-0.19274707,0.0846253,-0.3
4.043983,-8.945324,-0.19691515,0.06254495,-0.26638508
4.0499005,-8.946505,-0.19965927,0.0404646,-0.23277017
4.0537596,-8.947285,-0.20121495,0.01838425,-0.19915527
4.0555253,-8.947645,-0.20182115,0.039412953,-0.23559271
4.05928,-8.948414,-0.20335443,0.060441658,-0.27203014
4.064982,-8.94959,-0.2060611,0.08147036,-0.3
4.0726004,-8.951181,-0.21007378,0.059481632,-0.26726216
4.0782113,-8.952378,-0.21269189,0.037492897,-0.23452434
4.0817757,-8.953148,-0.21414399,0.015504166,-0.20178652
4.08326,-8.95347,-0.21466188,0.036576882,-0.23419984
4.086736,-8.954228,-0.21607658,0.0576496,-0.26661316
4.092168,-8.9554205,-0.21860802,0.07872232,-0.2990265
4.099512,-8.957052,-0.22247316,0.05687178,-0.2645439
4.104866,-8.958263,-0.22495154,0.035021234,-0.2300613
4.10819,-8.959024,-0.22628255,0.013170692,-0.1955787
4.109449,-8.959314,-0.22670914,0.034094356,-0.22431692
4.112688,-8.960061,-0.22797313,0.055018015,-0.25305516
4.1178765,-8.961265,-0.23026888,0.07594168,-0.2817934
4.1249785,-8.96293,-0.2337885,0.05468082,-0.25061816
4.1301317,-8.964157,-0.23604867,0.033419963,-0.21944293
4.133303,-8.96492,-0.23726119,0.012159106,-0.18826771
4.1344643,-8.9652,-0.23764046,0.032204665,-0.21180767
4.137524,-8.965941,-0.23876885,0.05225022,-0.23534763
4.1424613,-8.967144,-0.24079947,0.07229578,-0.2588876
4.149248,-8.96881,-0.24388416,0.052012406,-0.23343807
4.1541586,-8.970032,-0.24588944,0.031729035,-0.20798856
4.15717,-8.970788,-0.24698141,0.011445661,-0.18253905
4.158261,-8.971063,-0.24732769,0.030367,-0.20196038
4.1611457,-8.971791,-0.24834292,0.04928834,-0.22138172
4.165807,-8.972973,-0.2501467,0.06820968,-0.24080306
4.1722245,-8.974613,-0.25285783,0.048666168,-0.21769133
4.176825,-8.975801,-0.2546096,0.029122658,-0.1945796
4.17959,-8.9765215,-0.2555481,0.009579147,-0.17146789
