1.7015058,-7.459916,-0.55640256,0.95118,0.0
1.7822762,-7.510151,-0.55640256,0.523,-0.028973704
1.8266686,-7.5377607,-0.5589278,0.49449712,-0.05794741
1.8685229,-7.563939,-0.5637009,0.46599424,-0.08692111
1.907764,-7.5887437,-0.5704432,0.43621433,-0.15372732
1.9440454,-7.612022,-0.5815756,0.4064344,-0.22053355
1.9771845,-7.633808,-0.5963935,0.37665445,-0.28733975
2.00707,-7.654096,-0.6141843,0.34723786,-0.2909661
2.034255,-7.673266,-0.6307868,0.31782126,-0.29459244
2.0588155,-7.691203,-0.6461667,0.28840464,-0.29821876
2.0808253,-7.7078023,-0.66028976,0.25910142,-0.24167365
2.1006947,-7.7232323,-0.6706248,0.22979817,-0.18512854
2.1183903,-7.73727,-0.6776747,0.20049493,-0.12858342
2.1338806,-7.749737,-0.6819596,0.17113806,-0.04265958
2.1471546,-7.760514,-0.68317604,0.14178121,0.04326426
2.1581404,-7.7694554,-0.682154,0.11242435,0.12918809
2.1667943,-7.7764845,-0.6797401,0.083004214,0.21368858
2.173103,-7.7815833,-0.67680633,0.053584076,0.29818904
2.177096,-7.7847915,-0.6741826,0.024163939,0.38268954
2.178847,-7.7861905,-0.6726787,-0.005211242,0.45248118
2.1784806,-7.7858987,-0.67305845,-0.034586422,0.5222728
2.1761367,-7.78403,-0.675934,-0.0639616,0.5920645
2.171996,-7.7807093,-0.6818833,-0.09347222,0.62065345
2.1660926,-7.775917,-0.6909433,-0.12298284,0.64924246
2.1585433,-7.7696743,-0.7033355,-0.15249346,0.6778314
2.149484,-7.761992,-0.7192738,-0.18209262,0.7185248
2.1391718,-7.7529607,-0.7392516,-0.2116918,0.7592183
2.1278245,-7.742615,-0.7635381,-0.24129096,0.7999117
2.1156793,-7.73099,-0.79238427,-0.2708767,0.84164417
2.1030078,-7.71814,-0.8260515,-0.30046245,0.8833766
2.0900853,-7.7041216,-0.86475533,-0.33004817,0.9251091
2.0771992,-7.689009,-0.9086895,-0.35943934,0.9305424
2.0639982,-7.6720734,-0.9567312,-0.38883048,0.93597573
2.0507119,-7.653227,-1.0089109,-0.41822162,0.941409
2.0375955,-7.6323934,-1.0652584,-0.44731015,0.8856743
2.023888,-7.60763,-1.1229869,-0.47639865,0.8299396
2.0099661,-7.578647,-1.1815753,-0.50548714,0.7742049
1.9962518,-7.545209,-1.240477,-0.523,0.70556295
1.9833386,-7.507548,-1.2970014,-0.523,0.636921
1.97197,-7.4670687,-1.3488413,-0.523,0.568279
1.9622663,-7.42407,-1.3957529,-0.523,0.5253256
1.9543864,-7.3795137,-1.4394665,-0.523,0.48237213
1.9483191,-7.33358,-1.4799016,-0.523,0.43941873
1.9440228,-7.286444,-1.5169834,-0.523,0.43781698
1.941475,-7.2391458,-1.5539389,-0.523,0.43621522
1.940676,-7.19175,-1.5907679,-0.523,0.4346135
1.9416233,-7.1443214,-1.6274703,-0.5053987,0.40132222
1.9442587,-7.097872,-1.6603748,-0.48779735,0.36803097
1.9483302,-7.0525413,-1.6896245,-0.470196,0.33473969
1.9535949,-7.0084443,-1.7153697,-0.44324338,0.33068004
1.9596348,-6.966959,-1.7393554,-0.41629076,0.3266204
1.9662493,-6.9280896,-1.7616162,-0.38933814,0.32256076
1.9732529,-6.891834,-1.782186,-0.36102694,0.3471264
1.980376,-6.85864,-1.802656,-0.33271575,0.37169206
1.9874994,-6.82847,-1.822796,-0.30440456,0.3962577
1.9945014,-6.8012753,-1.8423778,-0.27704373,0.41976303
2.001288,-6.7769036,-1.8611957,-0.24968295,0.44326836
2.0077462,-6.7552924,-1.8790437,-0.22232214,0.4667737
2.0137699,-6.7363744,-1.8957181,-0.20299685,0.47736987
2.0195258,-6.7192874,-1.9112624,-0.18367156,0.4879661
2.024943,-6.703995,-1.9256142,-0.16434628,0.49856228
2.0299578,-6.69046,-1.9387116,-0.15380591,0.48669192
2.0348475,-6.6777754,-1.9507009,-0.14326555,0.4748216
2.0395725,-6.665942,-1.9616172,-0.13272518,0.46295124
2.0440962,-6.654962,-1.9714962,-0.12978135,0.4457078
2.048664,-6.64418,-1.9808209,-0.1268375,0.42846432
2.0532632,-6.633599,-1.9896039,-0.123893686,0.41122088
2.0578816,-6.623224,-1.9978578,-0.12003752,0.39216822
2.062476,-6.6131277,-2.0055041,-0.11618135,0.37311554
2.0670323,-6.603315,-2.0125625,-0.112325184,0.35406289
2.0715368,-6.5937905,-2.0190532,-0.11014786,0.33644822
2.076043,-6.5844207,-2.0251138,-0.107970536,0.31883353
2.0805423,-6.5752077,-2.0307546,-0.105793215,0.30121884
2.0850272,-6.566155,-2.0359857,-0.10414862,0.28399816
2.089512,-6.5572195,-2.0408494,-0.10250402,0.2667775
2.0939906,-6.548404,-2.0453532,-0.100859426,0.24955678
2.0984564,-6.5397105,-2.0495048,-0.10214136,0.23226126
2.1030352,-6.530888,-2.0534234,-0.10342328,0.21496572
2.1077247,-6.521938,-2.0571003,-0.104705215,0.19767019
2.1125228,-6.5128617,-2.0605273,-0.10465613,0.18073997
2.1173656,-6.5037766,-2.0636628,-0.104607046,0.16380975
2.122249,-6.494684,-2.066506,-0.10455796,0.14687952
2.1271687,-6.485586,-2.0690563,-0.10500213,0.12673199
2.1321464,-6.476436,-2.0712683,-0.105446294,0.10658447
2.1371775,-6.4672375,-2.0731378,-0.10589047,0.08643694
2.1422567,-6.457991,-2.0746615,-0.10995257,0.05864756
2.1475563,-6.448379,-2.0757356,-0.11401468,0.030858183
2.1530693,-6.438405,-2.0763218,-0.11807679,0.0030688047
2.1587873,-6.4280744,-2.0763822,-0.12202452,-0.0062517347
2.164697,-6.417399,-2.076255,-0.12597226,-0.015572274
2.170796,-6.4063783,-2.0759282,-0.12992,-0.024892813
2.177081,-6.3950124,-2.0753891,-0.13126908,-0.025344998
2.1834254,-6.383525,-2.0748348,-0.13261817,-0.025797183
2.1898282,-6.3719163,-2.0742648,-0.13396727,-0.026249368
2.1962895,-6.360186,-2.0736787,-0.13472016,-0.020220954
2.202781,-6.3483844,-2.0732245,-0.13547306,-0.014192539
2.209304,-6.3365126,-2.072904,-0.13622595,-0.0081641255
2.2158601,-6.3245716,-2.0727189,-0.1377047,-0.002951032
2.2224853,-6.3124995,-2.0726511,-0.13918345,0.002262062
2.2291806,-6.3002977,-2.0727036,-0.14066218,0.0074751554
2.2359476,-6.2879667,-2.0728788,-0.1423749,0.010896903
2.242799,-6.275487,-2.0731373,-0.14408763,0.014318651
2.2497358,-6.26286,-2.0734813,-0.14580034,0.017740399
2.2567592,-6.2500854,-2.0739124,-0.14652391,0.02223168
2.263822,-6.2372518,-2.0744553,-0.14724746,0.026722962
2.2709262,-6.22436,-2.075111,-0.14797103,0.031214243
2.2780728,-6.2114115,-2.0758805,-0.14908877,0.03553056
2.2852824,-6.1983724,-2.0767632,-0.15020649,0.03984688
2.2925565,-6.185244,-2.0777605,-0.15132423,0.044163197
