3.7429173,2.0181077,-3.085112,0.53150606,0.0
3.6898515,2.0151072,-3.085112,0.5081828,0.099964455
3.6393676,2.0122528,-3.0766594,0.48485962,0.19992891
3.5919476,2.0091693,-3.0606105,0.46153638,0.29989335
3.5479982,2.0056024,-3.0378861,0.44570255,0.39980364
3.5071635,2.0013523,-3.0089722,0.42986876,0.49971396
3.4697645,1.9963632,-2.9746418,0.41403493,0.5996242
3.436059,1.9906832,-2.9356997,0.41029072,0.69907975
3.4053173,1.9842627,-2.891695,0.4065465,0.7985353
3.3778315,1.9772474,-2.8431578,0.4028023,0.89799076
3.3538392,1.9698668,-2.7906542,0.40421024,0.9913918
3.3330564,1.9622583,-2.734281,0.40561816,1.0
3.3129337,1.9535767,-2.677395,0.4070261,1.0
3.2932692,1.9437308,-2.6203115,0.40905228,1.0
3.2741034,1.9327247,-2.562944,0.41107848,1.0
3.2555087,1.9205778,-2.5052922,0.41310465,1.0
3.2375565,1.9073147,-2.4473562,0.41400218,1.0
3.2203653,1.8930032,-2.3892944,0.4148997,1.0
3.203998,1.8776852,-2.331107,0.4157972,1.0
3.188516,1.8614061,-2.2727933,0.4171435,1.0
3.1739619,1.8441968,-2.2142909,0.41848975,1.0
3.1603954,1.8261079,-2.1555998,0.419836,1.0
3.1478732,1.8071936,-2.0967197,0.42258638,1.0
3.136411,1.7874467,-2.0374541,0.42533675,1.0
3.1260717,1.766923,-1.9778026,0.42808712,1.0
3.1169155,1.7456827,-1.9177655,0.43013027,0.9915357
3.108909,1.7235403,-1.8577718,0.43217343,0.98307145
3.1021261,1.7005576,-1.797829,0.43421662,0.9746072
3.0966384,1.6768023,-1.7379447,0.43403867,0.94023126
3.0923808,1.6515679,-1.6795162,0.43386072,0.90585536
3.089476,1.6249563,-1.6226115,0.43368277,0.8714794
3.0880303,1.5970777,-1.5672966,0.43363473,0.82799006
3.0881329,1.5677488,-1.5140626,0.4335867,0.7845007
3.0898728,1.5371114,-1.4630098,0.43353865,0.7410114
3.093314,1.5053111,-1.4142343,0.4339879,0.7003783
3.0984879,1.4725343,-1.3676162,0.4344371,0.6597453
3.1054144,1.4389135,-1.3232373,0.4348863,0.61911225
3.114093,1.4045763,-1.2811757,0.43475187,0.5900774
3.1244094,1.3699573,-1.2408578,0.43461743,0.56104255
3.1363318,1.3351431,-1.2023168,0.434483,0.53200775
3.1498187,1.3002131,-1.1655838,0.43531957,0.5081295
3.1648116,1.265261,-1.1302835,0.43615615,0.4842512
3.181271,1.2303452,-1.0964416,0.43699273,0.46037292
3.1991532,1.1955183,-1.0640837,0.43794987,0.4384045
3.2183971,1.1608477,-1.033099,0.438907,0.41643608
3.238955,1.1263721,-1.0035092,0.43986413,0.39446765
3.2607758,1.0921246,-0.9753346,0.44117218,0.37523994
3.283799,1.0581418,-0.9483866,0.44248027,0.35601223
3.3079777,1.0244457,-0.922683,0.44378835,0.3367845
3.3332634,0.99105334,-0.89824104,0.44538406,0.31905425
3.35961,0.95797217,-0.8749572,0.44697973,0.30132398
3.3869717,0.9252115,-0.85284775,0.44857544,0.2835937
3.4153023,0.8927762,-0.8319286,0.45037732,0.27067298
3.4445286,0.86069506,-0.8118583,0.4521792,0.25775227
3.4746175,0.82897025,-0.79264766,0.45398107,0.24483156
3.505535,0.7976013,-0.77430737,0.45622694,0.23022792
3.53729,0.7665427,-0.75695556,0.4584728,0.21562427
3.5698462,0.73578787,-0.74060667,0.46071866,0.20102063
3.6031651,0.7053275,-0.72527474,0.4630711,0.18852714
3.6372037,0.6751544,-0.71081054,0.46542355,0.17603366
3.6719298,0.6452572,-0.6972259,0.467776,0.16354017
3.7073123,0.61562234,-0.68453264,0.47045276,0.14913464
3.7433543,0.5862053,-0.67288244,0.4731295,0.13472912
3.7800193,0.5569851,-0.6622905,0.47580627,0.12032358
3.8172693,0.5279381,-0.6527717,0.47794604,0.107785806
3.8550172,0.49907658,-0.6442024,0.4800858,0.095248036
3.8932297,0.47037518,-0.6365927,0.48222557,0.082710266
3.9318743,0.44180685,-0.6299528,0.48296636,0.07137651
3.9708014,0.41342744,-0.62421227,0.48370716,0.06004275
4.0099797,0.3852077,-0.61937463,0.48444796,0.048708994
4.049379,0.3571176,-0.61544335,0.48423785,0.028400283
4.0889015,0.32917282,-0.6131516,0.4840277,0.008091575
4.128486,0.30132046,-0.6124988,0.48381758,-0.012217134
4.16807,0.2735072,-0.61348397,0.48265618,-0.022206593
4.2075243,0.2457266,-0.6152702,0.48149475,-0.032196052
4.2468233,0.21795012,-0.6178534,0.48033336,-0.042185508
4.2859416,0.1901498,-0.6212296,0.47991022,-0.05271732
4.324912,0.16225614,-0.62544423,0.4794871,-0.06324913
4.3637066,0.13424033,-0.6304954,0.479064,-0.07378095
4.402297,0.10607419,-0.63638103,0.47871712,-0.08199369
4.4406686,0.07772015,-0.64291567,0.47837022,-0.09020644
4.4787993,0.049156953,-0.6500979,0.47802335,-0.09841918
4.516667,0.020363918,-0.6579264,0.47777128,-0.105767995
4.55426,-0.008687458,-0.66633284,0.47751918,-0.11311681
4.5915575,-0.038014643,-0.6753162,0.4772671,-0.12046562
4.6285386,-0.067634486,-0.6848754,0.47628942,-0.12448763
4.6651416,-0.09753028,-0.69473195,0.47531173,-0.12850964
4.7013555,-0.12770785,-0.70488435,0.47433406,-0.13253166
4.737168,-0.1581726,-0.7153311,0.4724485,-0.1284216
4.772538,-0.1889038,-0.7254154,0.47056293,-0.12431154
4.807475,-0.2198822,-0.7351397,0.4686774,-0.120201476
4.8419876,-0.25108916,-0.7445064,0.46727595,-0.11873706
4.8761106,-0.28252926,-0.75373185,0.4658745,-0.117272645
4.909846,-0.31419307,-0.7628167,0.46447304,-0.11580823
4.9431973,-0.34607133,-0.77176166,0.4649056,-0.11262189
4.976305,-0.3782884,-0.78046966,0.4653381,-0.10943554
5.0091734,-0.41083434,-0.78894013,0.46577066,-0.1062492
5.0418067,-0.44369936,-0.7971726,0.46735302,-0.111975685
5.0742574,-0.47692364,-0.8058764,0.46893534,-0.11770218
5.106506,-0.51052034,-0.8150543,0.4705177,-0.12342867
5.13853,-0.5445024,-0.82470894,0.47050887,-0.1222629
5.170228,-0.57879627,-0.83427274,0.47050005,-0.12109713
5.201601,-0.61339605,-0.8437456,0.47049126,-0.119931355
5.2326484,-0.6482957,-0.8531275,0.4708908,-0.12532268
5.2633724,-0.68349165,-0.8629373,0.47129035,-0.130714
5.293755,-0.7189927,-0.87317544,0.4716899,-0.13610533
5.323776,-0.7548075,-0.88384235,0.47101334,-0.13125862
5.3533897,-0.79091203,-0.8941169,0.47033677,-0.12641191
5.382608,-0.8272896,-0.9039999,0.4696602,-0.121565215
5.4114404,-0.86392343,-0.9134922,0.47082415,-0.13279189
5.439954,-0.9008677,-0.9238819,0.4719881,-0.14401856
5.468107,-0.93814,-0.9351719,0.4731521,-0.15524523
5.4958596,-0.97575665,-0.9473652,0.47277772,-0.14963992
5.5231533,-1.0137116,-0.95911235,0.47240338,-0.1440346
5.5499997,-1.051986,-0.97041357,0.472029,-0.13842928
5.576412,-1.0905614,-0.9812693,0.47365525,-0.15734398
5.602421,-1.1294454,-0.99363923,0.4752815,-0.17625867
5.6279526,-1.1686578,-1.0075291,0.47690776,-0.19517337
5.6529336,-1.2082155,-1.0229441,0.4753201,-0.19256675
5.677233,-1.2480409,-1.0381051,0.4737324,-0.18996012
5.700859,-1.2881162,-1.0530134,0.47214472,-0.1873535
5.7238193,-1.3284239,-1.0676703,0.47277823,-0.20408733
5.746142,-1.3689834,-1.0836403,0.47341174,-0.22082114
5.767765,-1.4098015,-1.1009222,0.47404522,-0.23755497
5.7886257,-1.4508815,-1.119515,0.47232953,-0.23756325
5.808646,-1.4921921,-1.1380408,0.47061384,-0.23757152
5.8278284,-1.5337151,-1.1565001,0.46889812,-0.23757981
5.8461733,-1.5754324,-1.1748928,0.46917182,-0.24509084
5.8637257,-1.6174268,-1.1938664,0.4694455,-0.2526019
5.8804564,-1.6596906,-1.2134206,0.4697192,-0.2601129
5.896335,-1.7022145,-1.2335552,0.46978927,-0.26749846
5.911327,-1.7449704,-1.2542509,0.46985936,-0.274884
5.925404,-1.7879456,-1.275507,0.46992943,-0.2822695
5.9385386,-1.8311254,-1.2973224,0.470255,-0.28668994
5.9507203,-1.8745553,-1.3194854,0.47058058,-0.29111034
5.9619303,-1.9182174,-1.3419961,0.47090614,-0.29553074
5.972148,-1.9620925,-1.3648545,0.47247276,-0.3
5.981378,-2.0062757,-1.3881253,0.4740394,-0.3
5.9896045,-2.050809,-1.4114734,0.47560605,-0.3
5.996813,-2.09567,-1.4348986,0.47804913,-0.3
6.0030003,-2.1409187,-1.4584441,0.48049217,-0.3
6.008147,-2.1865325,-1.48211,0.48293525,-0.3
6.0122333,-2.2324877,-1.5058962,0.4871311,-0.3
6.015251,-2.278927,-1.529889,0.49132696,-0.3
6.017171,-2.3258262,-1.5540885,0.4955228,-0.3
6.017962,-2.3731585,-1.5784947,0.50161713,-0.3
6.017593,-2.4210784,-1.603201,0.50771147,-0.3
6.0160213,-2.4695566,-1.6282076,0.5138058,-0.3
6.013205,-2.5185614,-1.6535141,0.52161384,-0.3
6.0090876,-2.5682228,-1.6792054,0.523,-0.3
6.0036817,-2.6178935,-1.7049649,0.523,-0.3
5.9969983,-2.6674085,-1.7307245,0.523,-0.3
5.9890413,-2.7167351,-1.7564839,0.523,-0.3
5.979817,-2.7658403,-1.7822435,0.523,-0.3
5.969331,-2.8146915,-1.808003,0.523,-0.3
5.9575896,-2.8632565,-1.8337625,0.523,-0.3
5.944602,-2.911503,-1.859522,0.523,-0.3
5.9303756,-2.959399,-1.8852816,0.523,-0.3
5.9149203,-3.0069127,-1.911041,0.523,-0.3
5.8982463,-3.0540125,-1.9368005,0.523,-0.3
5.880365,-3.1006672,-1.96256,0.5228157,-0.3
5.8612943,-3.1468296,-1.9883105,0.52263147,-0.3
5.8410487,-3.1924696,-2.014052,0.52244717,-0.3
5.8196425,-3.2375574,-2.0397842,0.51910174,-0.3
5.797228,-3.2817945,-2.0653517,0.51575625,-0.3
5.7738414,-3.325163,-2.0907543,0.51241076,-0.3
5.74952,-3.3676457,-2.1159923,0.5083528,-0.3
5.7243347,-3.40917,-2.1410303,0.5042949,-0.3
5.6983275,-3.4497242,-2.1658685,0.5002369,-0.3
5.671538,-3.489299,-2.190507,0.49779457,-0.3
5.6439176,-3.5280118,-2.215025,0.49535218,-0.3
5.615496,-3.5658495,-2.2394228,0.49290982,-0.3
5.586305,-3.6027994,-2.2637002,0.49180573,-0.298969
5.5562835,-3.6389601,-2.2878425,0.49070168,-0.297938
5.525457,-3.6743171,-2.31185,0.48959762,-0.29690698
5.493852,-3.7088573,-2.3357232,0.48989987,-0.25158048
5.460995,-3.7430875,-2.3560488,0.4902021,-0.20625395
5.4270725,-3.7770205,-2.3727806,0.49050435,-0.16092743
5.3922734,-3.8106837,-2.3858798,0.48691797,-0.112533614
5.3570604,-3.8438656,-2.394993,0.48333156,-0.064139806
5.3216567,-3.8766234,-2.4001563,0.47974518,-0.015745997
5.28628,-3.909019,-2.401415,0.4700669,-0.0040409802
5.251573,-3.9407208,-2.4017317,0.46038863,0.007664037
5.2175713,-3.9717586,-2.4011438,0.45071033,0.019369055
5.1843076,-4.0021586,-2.399689,0.44002318,0.016329478
5.1518745,-4.031887,-2.3984914,0.429336,0.013289904
5.120262,-4.060932,-2.3975403,0.41864887,0.01025033
5.0894623,-4.0892844,-2.3968253,0.39829865,0.0008973718
5.060178,-4.1162815,-2.3967657,0.37794843,-0.008455587
5.0323915,-4.1418996,-2.3972983,0.35759822,-0.017808545
5.006092,-4.166121,-2.3983595,0.3358347,-0.030199135
4.981376,-4.1888356,-2.4000497,0.3140712,-0.042589724
4.9582367,-4.2100296,-2.4022784,0.2923077,-0.054980315
4.93667,-4.2296953,-2.4049556,0.27433547,-0.072992876
4.9164033,-4.248076,-2.40829,0.25636327,-0.091005445
4.897435,-4.265164,-2.412173,0.23839106,-0.10901801
4.879767,-4.280957,-2.416496,0.21949346,-0.08969954
4.863405,-4.2954555,-2.4197729,0.20059587,-0.07038106
4.848386,-4.308677,-2.422124,0.18169828,-0.05106259
4.8347373,-4.3206353,-2.4236696,0.16093664,-0.05635809
4.822635,-4.331205,-2.4251807,0.140175,-0.061653595
4.8120837,-4.3403926,-2.42662,0.11941336,-0.0669491
4.8030868,-4.3482037,-2.4279516,0.11233425,-0.05512143
4.7946076,-4.355546,-2.428983,0.105255134,-0.043293756
4.7866507,-4.362421,-2.429742,0.098176025,-0.031466085
4.779221,-4.368831,-2.430257,0.099552505,-0.009235436
4.7716804,-4.37533,-2.4304101,0.10092898,0.012995213
4.7640347,-4.3819175,-2.4301915,0.10230546,0.03522586
4.7562904,-4.3885927,-2.4295912,0.09517966,0.066145726
4.7491,-4.394798,-2.4285426,0.08805386,0.09706558
4.7424717,-4.400531,-2.4271204,0.080928065,0.12798545
4.736408,-4.40579,-2.4253988,0.083287254,0.1634828
4.7302094,-4.411185,-2.4231396,0.08564644,0.19898015
4.723889,-4.4167113,-2.420318,0.08800563,0.23447752
4.7174606,-4.4223633,-2.4169102,0.08344341,0.26520798
4.711432,-4.4277015,-2.413265,0.0788812,0.29593843
4.705801,-4.432724,-2.4094307,0.074318975,0.3266689
4.700566,-4.437429,-2.405456,0.07469064,0.3385313
4.695345,-4.4421597,-2.401322,0.075062305,0.35039365
4.69014,-4.4469147,-2.3970275,0.07543397,0.36225602
4.6849527,-4.451695,-2.3925722,0.07315561,0.37737077
4.679972,-4.4563255,-2.3880794,0.07087726,0.39248553
4.675196,-4.4608064,-2.3835611,0.0685989,0.4076003
4.6706223,-4.465136,-2.379029,0.06730931,0.41978437
4.666178,-4.469382,-2.374457,0.06601972,0.43196845
4.661862,-4.473543,-2.3698502,0.06473013,0.4441525
4.657673,-4.4776196,-2.3652146,0.06253152,0.45398694
4.6536636,-4.4815574,-2.3606439,0.06033292,0.46382138
4.6498313,-4.485356,-2.3561454,0.058134317,0.47365582
