8.126669,1.5814501,3.0822768,0.38242516,0.0
8.088493,1.5837171,3.0822768,0.4124241,-0.097030744
8.047517,1.5861505,3.0756178,0.44242305,-0.19406149
8.0042,1.5890125,3.0613978,0.472422,-0.29109222
7.9590907,1.5926378,3.0388005,0.502354,-0.3
7.911352,1.5975623,3.0140579,0.523,-0.3
7.861794,1.6039172,2.9882984,0.523,-0.3
7.8124156,1.6115465,2.9625387,0.523,-0.3
7.7632504,1.620445,2.9367793,0.523,-0.3
7.7143307,1.6306069,2.9110198,0.523,-0.3
7.6656885,1.6420255,2.8852603,0.495211,-0.3
7.619925,1.6540201,2.8608694,0.467422,-0.3
7.5770187,1.6663916,2.8378472,0.439633,-0.3
7.5369415,1.6789535,2.816194,0.40980637,-0.257075
7.4993873,1.691624,2.7988281,0.3799797,-0.21415
7.4644175,1.7041031,2.7853696,0.35015306,-0.171225
7.4320803,1.7161356,2.7754257,0.3203053,-0.09347461
7.4023037,1.7275537,2.770443,0.29045752,-0.01572423
7.375239,1.7380869,2.7696817,0.26060975,0.062026154
7.351006,1.7475393,2.7723742,0.23081581,0.06547711
7.3295264,1.7558513,2.7748911,0.20102187,0.06892806
7.3108053,1.7630415,2.7771988,0.17122792,0.072379015
7.2948484,1.7691278,2.7792625,0.14136851,0.029727232
7.2816353,1.7741364,2.7799628,0.11150912,-0.012924552
7.2712064,1.7780813,2.7797227,0.08164972,-0.055576336
7.263582,1.7809675,2.7789667,0.051679697,-0.110960916
7.25878,1.7827893,2.778013,0.02170967,-0.16634549
7.2567787,1.7835507,2.7774138,-0.008260356,-0.22173007
7.2575316,1.7832638,2.7777166,-0.03825185,-0.23544072
7.261008,1.78194,2.7792037,-0.06824334,-0.24915138
7.267192,1.7795954,2.7820084,-0.09823483,-0.26286203
7.2760715,1.7762574,2.7862628,-0.12822612,-0.22658552
7.2877855,1.7719104,2.7910638,-0.1582174,-0.19030902
7.302377,1.7665753,2.7960517,-0.18820868,-0.1540325
7.3198757,1.7602761,2.8008645,-0.21816176,-0.10336882
7.340328,1.7530247,2.8046162,-0.24811484,-0.05270513
7.363712,1.7448325,2.806795,-0.27806792,-0.0020414472
7.3899746,1.7356958,2.8068893,-0.30760136,0.071647905
7.418953,1.7256174,2.8032193,-0.33713478,0.14533725
7.4504194,1.714544,2.7950816,-0.36666822,0.21902661
7.484083,1.7023889,2.7818034,-0.39118308,0.24909933
7.5195665,1.6890413,2.7657304,-0.41569793,0.27917203
7.5567374,1.6743728,2.7466388,-0.44021276,0.30924475
7.5954423,1.6582384,2.7243097,-0.42048588,0.28772175
7.6323028,1.6418976,2.704423,-0.400759,0.26619872
7.6673307,1.625528,2.686852,-0.38103214,0.24467573
7.700542,1.6092904,2.6714683,-0.3711615,0.22900128
7.7327676,1.5929159,2.6574256,-0.36129084,0.21332686
7.7640195,1.57648,2.6446774,-0.3514202,0.19765243
7.79431,1.5600533,2.633176,-0.3391201,0.2168569
7.823239,1.5439318,2.6210153,-0.32682002,0.23606135
7.8508053,1.5281273,2.6082761,-0.3145199,0.2552658
7.877012,1.5126555,2.5950398,-0.30314785,0.24379441
7.9021444,1.4973654,2.5828438,-0.2917758,0.232323
7.92622,1.4823132,2.5716474,-0.28040373,0.2208516
7.9492545,1.4675505,2.56141,-0.26931638,0.23284274
7.9711714,1.4531856,2.5510528,-0.258229,0.24483389
7.991981,1.4392359,2.5406206,-0.24714161,0.25682503
8.011697,1.4257199,2.5301578,-0.24037784,0.26315013
8.030702,1.4123961,2.5197363,-0.23361407,0.2694752
8.049005,1.3992782,2.5093708,-0.2268503,0.27580026
8.066613,1.3863794,2.499075,-0.21708919,0.27947024
8.083319,1.3738757,2.4890943,-0.2073281,0.28314018
8.099136,1.3617886,2.4794407,-0.19756699,0.28681013
8.114081,1.3501381,2.4701257,-0.1802804,0.30544898
8.1275425,1.3394413,2.4610898,-0.16299382,0.32408783
8.139552,1.3297199,2.452439,-0.14570722,0.34272668
8.150144,1.3209934,2.4442782,-0.12430187,0.37745556
8.159001,1.3135731,2.436643,-0.10289653,0.41218445
8.166182,1.307464,2.4297726,-0.08149117,0.44691333
8.171746,1.3026637,2.4239028,-0.05443609,0.520071
8.175304,1.299557,2.419394,-0.02738101,0.59322876
8.177009,1.2980562,2.416843,-0.0003259283,0.6663864
8.177028,1.2980393,2.4168093,0.029082097,0.7586023
8.175447,1.2994387,2.4201436,0.058490124,0.8508182
8.172551,1.3019859,2.4274726,0.08789815,0.9430341
8.168651,1.3053671,2.4393294,0.11775609,1.0
8.163794,1.3094769,2.455844,0.14761403,1.0
8.15762,1.3145275,2.476546,0.17747197,1.0
8.150075,1.3204447,2.5014358,0.2074106,1.0
8.141088,1.3271385,2.530524,0.23734923,1.0
8.130585,1.3344963,2.563811,0.26728785,1.0
8.118487,1.3423839,2.601297,0.2972802,0.96109146
8.1038885,1.3511403,2.6419163,0.3272725,0.922183
8.086536,1.3606129,2.6853848,0.35726485,0.88327444
8.066182,1.3706013,2.7314017,0.38726267,0.78852594
8.041148,1.3814873,2.7771835,0.41726053,0.6937775
8.011175,1.3929207,2.8216527,0.44725835,0.599029
