-3.214313,-5.2507386,-0.5189085,-0.14863303,0.0
-3.2272198,-5.2433677,-0.5189085,-0.17298047,0.08689795
-3.2421842,-5.2348213,-0.52141064,-0.19732791,0.1737959
-3.259037,-5.22514,-0.5270977,-0.22167535,0.26069385
-3.2775483,-5.214366,-0.53662056,-0.24401917,0.31104854
-3.297514,-5.20249,-0.54906785,-0.266363,0.36140323
-3.3187673,-5.1894865,-0.5647649,-0.2887068,0.41175792
-3.3411164,-5.175326,-0.5840227,-0.31053072,0.43730205
-3.3645847,-5.159815,-0.6059408,-0.3323546,0.46284622
-3.3890288,-5.1428776,-0.63067335,-0.35417852,0.48839036
-3.4142892,-5.124434,-0.65837044,-0.3717629,0.5011072
-3.44008,-5.104485,-0.68813604,-0.38934729,0.51382405
-3.4662707,-5.0829506,-0.7200308,-0.40693167,0.52654094
-3.4927197,-5.059752,-0.75411445,-0.4202078,0.54577786
-3.518898,-5.035162,-0.7904682,-0.43348393,0.56501484
-3.5446546,-5.009143,-0.8291515,-0.4467601,0.5842518
-3.5698273,-4.981665,-0.8702218,-0.4576354,0.6041957
-3.5941062,-4.9528737,-0.9135523,-0.46851072,0.62413955
-3.6173327,-4.9227757,-0.9591852,-0.47938603,0.64408344
-3.6393437,-4.891391,-1.007161,-0.48619765,0.6591054
-3.6598785,-4.8589,-1.0567863,-0.49300924,0.6741274
-3.678816,-4.825361,-1.108077,-0.49982086,0.6891494
-3.6960356,-4.790842,-1.1610482,-0.5060659,0.68971497
-3.711588,-4.755034,-1.2147179,-0.5123109,0.69028056
-3.7253587,-4.7180095,-1.2690872,-0.51855594,0.69084615
-3.7372344,-4.679849,-1.3241569,-0.523,0.68153703
-3.747151,-4.640462,-1.3790709,-0.523,0.672228
-3.7549486,-4.6002903,-1.4333522,-0.523,0.66291887
-3.7605965,-4.5594563,-1.4869963,-0.523,0.6362771
-3.7641175,-4.517538,-1.5387912,-0.523,0.6096353
-3.7654896,-4.474682,-1.5887,-0.523,0.58299357
-3.764708,-4.431028,-1.6366875,-0.523,0.55368733
-3.7617788,-4.386638,-1.6825222,-0.523,0.5243811
-3.7567313,-4.341648,-1.7261646,-0.523,0.49507487
-3.74961,-4.2961817,-1.7675772,-0.5223299,0.46884683
-3.7404995,-4.2504845,-1.8069137,-0.52165985,0.44261876
-3.7294724,-4.2046537,-1.8441521,-0.5209898,0.41639072
-3.7166092,-4.1587753,-1.8792722,-0.52033293,0.38676947
-3.7019787,-4.11286,-1.9119837,-0.51967615,0.35714826
-3.685687,-4.0669785,-1.9422638,-0.5190193,0.32752705
-3.667849,-4.0211873,-1.9700922,-0.51797307,0.29973227
-3.6486096,-3.9755924,-1.995582,-0.5169268,0.27193746
-3.6280887,-3.9302244,-2.018723,-0.51588064,0.24414268
-3.6064086,-3.8851047,-2.0395064,-0.513792,0.22949386
-3.5838072,-3.8404684,-2.0589864,-0.5117034,0.21484503
-3.5603588,-3.7963147,-2.0771687,-0.5096147,0.2001962
-3.5361357,-3.7526383,-2.094059,-0.5088422,0.1832537
-3.5111341,-3.7093008,-2.1095135,-0.50806963,0.1663112
-3.485428,-3.6662915,-2.1235316,-0.50729716,0.14936872
-3.4590907,-3.6235967,-2.1361136,-0.50712425,0.1353204
-3.4321733,-3.5811656,-2.1475163,-0.5069514,0.12127209
-3.4047332,-3.5389822,-2.1577375,-0.5067785,0.10722377
-3.3768282,-3.497028,-2.1667767,-0.50805205,0.0954894
-3.3484402,-3.4551735,-2.17485,-0.5093257,0.08375502
-3.3196127,-3.413401,-2.1819515,-0.51059926,0.072020635
-3.2903898,-3.371692,-2.188075,-0.51226914,0.059769906
-3.2607915,-3.3299932,-2.193175,-0.513939,0.04751917
-3.2308643,-3.288283,-2.197244,-0.5156089,0.035268437
-3.2006545,-3.2465389,-2.200274,-0.51800644,0.026498104
-3.170169,-3.2046812,-2.2025616,-0.520404,0.017727768
-3.1394403,-3.1626918,-2.204099,-0.5228015,0.0089574335
-3.1085017,-3.1205518,-2.2048795,-0.523,0.0022284389
-3.0775173,-3.0784183,-2.2050738,-0.523,-0.004500556
-3.0465248,-3.036291,-2.2046814,-0.523,-0.0112295505
-3.0155504,-2.9941537,-2.2037027,-0.523,-0.01278469
-2.984618,-2.9519873,-2.2025883,-0.523,-0.014339829
-2.9537332,-2.909787,-2.2013383,-0.523,-0.015894968
-2.9229019,-2.8675492,-2.1999528,-0.523,-0.018216897
-2.8921304,-2.8252704,-2.198365,-0.523,-0.020538826
-2.8614275,-2.7829447,-2.196575,-0.523,-0.022860754
-2.830802,-2.7405663,-2.1945825,-0.523,-0.025858099
-2.8002632,-2.69813,-2.1923287,-0.523,-0.028855443
-2.7698224,-2.6556284,-2.1898139,-0.523,-0.03185279
-2.7394915,-2.6130543,-2.1870377,-0.523,-0.033996932
-2.709281,-2.5703993,-2.1840749,-0.523,-0.03614108
-2.6791992,-2.527658,-2.1809254,-0.523,-0.038285226
-2.6492548,-2.4848256,-2.177589,-0.523,-0.037768655
-2.6194527,-2.4418929,-2.1742976,-0.523,-0.037252087
-2.5897915,-2.3988614,-2.1710513,-0.523,-0.036735516
-2.5602696,-2.355733,-2.1678498,-0.523,-0.034537703
-2.5308838,-2.312507,-2.1648397,-0.523,-0.03233989
-2.501626,-2.2691894,-2.1620214,-0.523,-0.030142074
-2.4724882,-2.2257864,-2.1593943,-0.523,-0.032221746
-2.4434667,-2.18231,-2.1565862,-0.523,-0.03430142
-2.4145691,-2.1387556,-2.1535969,-0.523,-0.03638109
-2.3858042,-2.0951178,-2.1504264,-0.523,-0.03531586
-2.3571765,-2.0513875,-2.1473486,-0.523,-0.03425063
-2.3286827,-2.0075676,-2.1443636,-0.523,-0.0331854
-2.3003185,-1.9636614,-2.1414716,-0.523,-0.030000914
-2.2720788,-1.9196688,-2.138857,-0.523,-0.026816428
-2.2439516,-1.8755987,-2.1365197,-0.523,-0.023631942
-2.2159252,-1.8314593,-2.13446,-0.523,-0.016371537
-2.187986,-1.7872558,-2.133033,-0.523,-0.009111131
-2.160107,-1.7430084,-2.1322389,-0.523,-0.0018507242
-2.132262,-1.6987371,-2.1320775,-0.511396,0.011747181
-2.1050436,-1.6554468,-2.1330786,-0.49979198,0.025345087
-2.0784075,-1.6131759,-2.1351895,-0.48818797,0.038942993
-2.052314,-1.5719595,-2.1383574,-0.46689203,0.05894066
-2.0272584,-1.5326588,-2.1429412,-0.4455961,0.07893833
-2.0032074,-1.4953123,-2.1487975,-0.42430013,0.098936
-1.9801391,-1.4599487,-2.1557827,-0.39695245,0.11697642
-1.9583696,-1.4270802,-2.163504,-0.36960477,0.13501683
-1.937911,-1.3967029,-2.1717958,-0.34225708,0.15305725
-1.9187838,-1.3688046,-2.1804926,-0.31473157,0.1691666
-1.901019,-1.3433706,-2.1893241,-0.28720605,0.18527594
-1.8846507,-1.3203714,-2.198142,-0.25968057,0.20138529
-1.8697156,-1.2997727,-2.2067993,-0.23581219,0.21494731
-1.8560311,-1.2812388,-2.2151823,-0.21194382,0.22850932
-1.8436303,-1.264735,-2.223184,-0.18807544,0.24207133
-1.8325455,-1.2502257,-2.230698,-0.17895837,0.26401788
-1.8219547,-1.2365769,-2.2384818,-0.1698413,0.2859644
-1.8118658,-1.2237816,-2.2464666,-0.16072422,0.30791095
-1.8022865,-1.2118303,-2.254585,-0.15077515,0.304406
-1.7931994,-1.2006798,-2.262117,-0.14082606,0.30090106
-1.7846245,-1.190318,-2.2690732,-0.13087699,0.29739612
-1.7765797,-1.1807334,-2.275465,-0.13230422,0.2825612
-1.7683492,-1.1710539,-2.281613,-0.13373145,0.2677263
-1.7599347,-1.1612804,-2.2875094,-0.13515869,0.25289142
-1.7513384,-1.1514139,-2.2931457,-0.13464825,0.24304596
-1.7426977,-1.1416088,-2.2985463,-0.1341378,0.2332005
-1.7340165,-1.1318642,-2.3037126,-0.13362736,0.22335505
-1.7252984,-1.1221794,-2.3086457,-0.13436085,0.20776361
-1.7164543,-1.1124516,-2.313265,-0.13509434,0.19217217
-1.7074887,-1.102681,-2.3175652,-0.13582784,0.17658073
-1.6984057,-1.0928679,-2.321542,-0.13346797,0.1533015
-1.6894075,-1.0832233,-2.3249388,-0.13110809,0.13002229
-1.6805067,-1.0737481,-2.327772,-0.12874822,0.10674307
-1.6717156,-1.0644424,-2.330058,-0.12346856,0.09295266
-1.663253,-1.0555253,-2.331968,-0.1181889,0.079162255
-1.6551261,-1.0469949,-2.333526,-0.11290924,0.065371856
-1.6473418,-1.0388496,-2.3347552,-0.10975075,0.07670247
-1.6397718,-1.0309477,-2.3361568,-0.106592245,0.08803309
-1.6324158,-1.0232908,-2.3377187,-0.10343375,0.0993637
-1.6252737,-1.0158798,-2.339429,-0.101790875,0.10629576
-1.6182376,-1.0086037,-2.3412287,-0.100148,0.113227814
-1.6113075,-1.001463,-2.3431146,-0.098505124,0.12015987
-1.6044834,-0.994458,-2.3450828,-0.095242076,0.124471456
-1.5978755,-0.98770165,-2.3470533,-0.09197903,0.12878305
-1.5914847,-0.98119295,-2.3490222,-0.08871598,0.13309462
-1.5853118,-0.9749308,-2.3509843,-0.085843675,0.13720953
-1.5793302,-0.96888655,-2.3529413,-0.08297138,0.14132443
-1.5735406,-0.9630592,-2.354889,-0.080099076,0.14543933
-1.5679438,-0.9574478,-2.3568237,-0.0785741,0.15372232
-1.5624499,-0.9519608,-2.358829,-0.07704912,0.1620053
-1.5570589,-0.9465981,-2.3609002,-0.075524144,0.17028828
-1.551771,-0.9413598,-2.3630333,-0.076029085,0.18020914
-1.546446,-0.9361071,-2.3653045,-0.076534025,0.19013
-1.5410836,-0.93084145,-2.3677151,-0.077038966,0.20005086
-1.5356836,-0.92556447,-2.3702667,-0.079488985,0.21275768
-1.5301129,-0.9201484,-2.3730643,-0.081939,0.2254645
-1.524371,-0.9145971,-2.3761172,-0.084389016,0.23817131
-1.5184579,-0.90891504,-2.3794355,-0.089920714,0.26308802
-1.5121773,-0.90291977,-2.383333,-0.09545241,0.28800473
-1.5055326,-0.8966263,-2.3878517,-0.10098411,0.31292143
-1.498527,-0.8900508,-2.3930328,-0.11131417,0.34617558
-1.4908552,-0.8829244,-2.3993278,-0.121644236,0.37942976
-1.4825283,-0.8752866,-2.406837,-0.1319743,0.4126839
-1.4735581,-0.8671817,-2.415659,-0.1420614,0.41823998
-1.4638493,-0.858564,-2.4252753,-0.15214849,0.42379603
-1.453389,-0.84945756,-2.435703,-0.16223557,0.42935207
-1.442163,-0.83988845,-2.446959,-0.167362,0.40603718
-1.4303502,-0.83004653,-2.4579763,-0.17248844,0.38272226
-1.4179448,-0.8199403,-2.468712,-0.17761488,0.35940737
-1.4049423,-0.80957794,-2.479124,-0.17958105,0.34507677
-1.3916175,-0.79918367,-2.4892485,-0.18154721,0.33074617
-1.3779725,-0.7887602,-2.4990747,-0.18351337,0.3164156
