6.5975075,-2.6974773,1.1394941,0.3475427,0.0
6.6120367,-2.665906,1.1394941,0.32905024,0.09922693
6.625725,-2.6361613,1.1449269,0.31055778,0.19845386
6.638303,-2.6084344,1.1551315,0.29206532,0.2976808
6.6495776,-2.58289,1.1694088,0.27437872,0.39687175
6.6594644,-2.559596,1.1870849,0.2566921,0.4960627
6.6679153,-2.5386627,1.2074478,0.23900549,0.59525365
6.674949,-2.520165,1.2297835,0.21013041,0.6946502
6.680348,-2.5049505,1.2522016,0.18125533,0.79404664
6.684328,-2.4928846,1.2737466,0.15238023,0.89344317
6.6871233,-2.4837527,1.2935367,0.122449666,0.99077815
6.68896,-2.4772983,1.3106072,0.09251909,1.0
6.690246,-2.4724677,1.3235825,0.06258852,1.0
6.6910734,-2.469189,1.3323603,0.032590806,1.0
6.6914897,-2.4674778,1.336931,0.0025930915,1.0
6.691522,-2.4673414,1.3372947,-0.027404623,1.0
6.6911793,-2.468782,1.3334513,-0.05740445,1.0
6.69045,-2.4717965,1.3254006,-0.08740428,1.0
6.689303,-2.4763777,1.3131425,-0.11740411,1.0
6.6876864,-2.4825115,1.2966772,-0.14740409,1.0
6.6855307,-2.4901786,1.2760044,-0.17740406,1.0
6.6827455,-2.4993503,1.2511244,-0.20740403,1.0
6.679224,-2.5099885,1.222037,-0.23740402,1.0
6.6748405,-2.5220435,1.1887423,-0.26740402,1.0
6.669454,-2.5354495,1.1512401,-0.29740402,1.0
6.6629086,-2.5501246,1.1095307,-0.327404,1.0
6.655035,-2.5659657,1.0636138,-0.35740396,1.0
6.6456556,-2.5828454,1.0134896,-0.38740394,1.0
6.634585,-2.6006098,0.9591581,-0.4174035,1.0
6.621635,-2.6190734,0.90061927,-0.44740304,1.0
6.6066203,-2.6380184,0.83787316,-0.4774026,1.0
6.589363,-2.6571891,0.7709198,-0.5073952,1.0
6.5696993,-2.6762917,0.6997601,-0.523,1.0
6.548082,-2.6944907,0.62641186,-0.523,1.0
6.5251894,-2.7110565,0.55306363,-0.523,0.97241145
6.50012,-2.7265322,0.48104244,-0.523,0.9448229
6.472956,-2.7407105,0.4104032,-0.523,0.9172344
6.443797,-2.7533977,0.34119955,-0.523,0.9077748
6.413462,-2.7641692,0.27250037,-0.523,0.8983152
6.3820853,-2.7729375,0.20431174,-0.523,0.88885564
6.349806,-2.779626,0.13663982,-0.523,0.87827045
6.316725,-2.7841744,0.06955323,-0.523,0.8676852
6.2829895,-2.7865248,0.0030595157,-0.523,0.8571
6.2487526,-2.7866294,-0.06283389,-0.523,0.84540427
6.2141237,-2.7844508,-0.12805542,-0.523,0.8337085
6.179259,-2.7799616,-0.19259615,-0.523,0.8220127
6.144314,-2.7731469,-0.25644726,-0.523,0.81630284
6.109664,-2.764061,-0.3199585,-0.523,0.8105929
6.0754547,-2.7527258,-0.38312784,-0.523,0.804883
6.041829,-2.7391732,-0.44595316,-0.523,0.79116863
6.0086575,-2.7233148,-0.5079439,-0.523,0.77745426
5.976089,-2.7051852,-0.5690885,-0.523,0.7637399
5.9442687,-2.6848302,-0.6293754,-0.523,0.7444828
5.9131746,-2.662189,-0.6884388,-0.523,0.72522575
5.8829503,-2.637323,-0.7462568,-0.523,0.7059687
5.8537283,-2.6103034,-0.80280805,-0.51993155,0.68200505
5.825689,-2.58127,-0.85743123,-0.51686317,0.6580414
5.7989287,-2.5503476,-0.9101141,-0.5137947,0.6340778
5.773528,-2.5176654,-0.96084577,-0.50094557,0.6152295
5.750094,-2.484133,-1.0090322,-0.48809636,0.5963811
5.7285824,-2.4499555,-1.0547223,-0.47524717,0.57753277
5.708934,-2.4153242,-1.0979664,-0.46022815,0.57196414
5.691311,-2.3808722,-1.1394856,-0.44520912,0.5663956
5.675605,-2.3467443,-1.1793016,-0.4301901,0.56082696
5.6617045,-2.3130713,-1.217437,-0.41554978,0.5580632
5.649506,-2.279999,-1.2541124,-0.40090945,0.55529946
5.638897,-2.247626,-1.2893388,-0.38626915,0.5525358
5.6297646,-2.2160406,-1.3231275,-0.37761602,0.5482924
5.6218643,-2.1847975,-1.3559316,-0.3689629,0.544049
5.6151333,-2.1539543,-1.3877612,-0.3603098,0.53980565
5.6095076,-2.123563,-1.4186258,-0.35019162,0.52106786
5.6049037,-2.093542,-1.4476805,-0.34007347,0.5023301
5.6012435,-2.0639617,-1.4749696,-0.3299553,0.48359236
5.5984488,-2.0348837,-1.5005391,-0.31773546,0.464574
5.5964546,-2.006548,-1.5242656,-0.30551565,0.44555566
5.595172,-1.9790088,-1.5462097,-0.2932958,0.4265373
5.594516,-1.9523151,-1.5664335,-0.27923322,0.41042638
5.594404,-1.9267111,-1.5850025,-0.26517063,0.39431545
5.594752,-1.9022315,-1.6019813,-0.25110805,0.37820455
5.5954795,-1.8789065,-1.617435,-0.2374622,0.35373884
5.596518,-1.8566548,-1.6311448,-0.22381635,0.3292731
5.5977955,-1.8355142,-1.6432067,-0.2101705,0.3048074
5.5992455,-1.8155184,-1.6537191,-0.2180433,0.3418305
5.6009474,-1.7950462,-1.665901,-0.22591609,0.3788536
5.6029406,-1.7741514,-1.679827,-0.23378888,0.4158767
5.6052675,-1.7528923,-1.6955684,-0.21312018,0.3691612
5.6077414,-1.7331706,-1.7083852,-0.19245149,0.32244572
5.6102448,-1.7150898,-1.7185495,-0.1717828,0.27573025
5.612678,-1.6987405,-1.7263441,-0.16035771,0.26206332
5.6150775,-1.6834391,-1.7332683,-0.14893262,0.24839641
5.6174126,-1.6691931,-1.7393707,-0.13750754,0.23472948
5.6196566,-1.6560091,-1.7447009,-0.12288594,0.19547081
5.6217422,-1.6441363,-1.7486789,-0.10826435,0.15621212
5.623635,-1.6336105,-1.7514862,-0.09364276,0.11695344
5.625306,-1.6244615,-1.7533073,-0.07784069,0.06755568
5.6267157,-1.6168243,-1.7541832,-0.062038638,0.01815793
5.6278467,-1.6107254,-1.7543708,-0.04623658,-0.031239826
5.6286902,-1.6061816,-1.7541301,-0.027456306,-0.09343191
5.6291885,-1.6034938,-1.7537032,-0.0086760335,-0.155624
5.6293445,-1.602651,-1.7534791,0.01010424,-0.21781608
5.6291656,-1.6036211,-1.7538431,0.032295737,-0.26672256
5.628598,-1.6066844,-1.7552618,0.054487232,-0.3
5.6276436,-1.6118015,-1.7579454,0.07667873,-0.3
5.626281,-1.618999,-1.7617221,0.09496832,-0.3
5.624559,-1.6279068,-1.7663996,0.11325791,-0.3
5.622456,-1.6385204,-1.7719779,0.1315475,-0.3
5.6199446,-1.6508342,-1.778457,0.14301328,-0.3
5.617128,-1.6642032,-1.785501,0.15447907,-0.3
5.6139836,-1.6786222,-1.7931095,0.16594486,-0.3
5.610488,-1.6940855,-1.8012829,0.17340054,-0.3
5.6067038,-1.710213,-1.8098235,0.1808562,-0.3
5.602613,-1.7269996,-1.8187313,0.18831186,-0.3
5.5981984,-1.7444396,-1.8280063,0.19493835,-0.3
5.5934606,-1.7624501,-1.8376076,0.20156485,-0.3
5.5883837,-1.781025,-1.8475354,0.20819134,-0.3
5.5829496,-1.8001575,-1.8577895,0.2170011,-0.3
5.577081,-1.8200406,-1.8684776,0.22581087,-0.3
5.570754,-1.8406643,-1.8795995,0.23462063,-0.3
5.563942,-1.8620182,-1.8911554,0.24580362,-0.3
5.556547,-1.884306,-1.903262,0.25698662,-0.3
5.5485344,-1.9075124,-1.9159194,0.2681696,-0.3
5.539867,-1.9316211,-1.9291277,0.2755418,-0.3
5.530635,-1.9562726,-1.9426991,0.282914,-0.3
5.5208135,-1.9814527,-1.9566336,0.2902862,-0.3
5.510377,-2.0071461,-1.9709312,0.29452533,-0.3
5.4994164,-2.0330606,-1.9854375,0.29876444,-0.3
5.487918,-2.0591838,-2.0001526,0.30300358,-0.3
5.4758677,-2.0855036,-2.0150766,0.30475688,-0.3
5.4633536,-2.1117916,-2.030087,0.30651018,-0.3
5.4503727,-2.138039,-2.0451837,0.30826348,-0.3
5.4369206,-2.1642365,-2.0603666,0.30900785,-0.3
5.4230385,-2.1902897,-2.0755863,0.3097522,-0.3
5.408727,-2.2161906,-2.0908425,0.31049657,-0.3
5.393987,-2.241932,-2.1061356,0.31261238,-0.3
5.3787518,-2.2676187,-2.1215327,0.31472823,-0.3
5.3630176,-2.29324,-2.1370342,0.31684405,-0.3
5.3467793,-2.3187852,-2.1526399,0.3198108,-0.3
5.3299885,-2.3443103,-2.1683917,0.32277757,-0.3
5.3126383,-2.3698022,-2.1842895,0.32574433,-0.3
5.294722,-2.395247,-2.2003336,0.32956162,-0.3
5.276185,-2.4206955,-2.2165656,0.3333789,-0.3
5.2570176,-2.4461315,-2.2329855,0.33719617,-0.3
5.2372117,-2.4715366,-2.2495935,0.34200692,-0.3
5.216697,-2.496967,-2.2664385,0.34681767,-0.3
5.195463,-2.522401,-2.2835205,0.35162842,-0.3
5.173497,-2.5478165,-2.3008394,0.3578692,-0.3
5.1506968,-2.573292,-2.3184657,0.36411,-0.3
5.1270456,-2.5987988,-2.3363993,0.37035078,-0.3
5.1025276,-2.6243072,-2.3546402,0.3784358,-0.3
5.077003,-2.6499112,-2.3732796,0.38652077,-0.3
5.0504503,-2.6755717,-2.392317,0.39460576,-0.3
5.0228486,-2.7012482,-2.4117527,0.40336788,-0.3
4.994129,-2.7269416,-2.43162,0.41213,-0.3
4.96427,-2.752605,-2.4519186,0.4208921,-0.3
4.9332504,-2.7781897,-2.472649,0.43211392,-0.2951031
4.9008174,-2.803829,-2.493595,0.44333574,-0.29020622
4.8669486,-2.8294694,-2.5147383,0.45455757,-0.2853093
4.831623,-2.8550558,-2.5360613,0.466626,-0.24472952
4.7944,-2.8808248,-2.5549047,0.47869444,-0.20414971
4.7553635,-2.9067752,-2.5710793,0.49076286,-0.1635699
4.714611,-2.932926,-2.5843987,0.4973657,-0.13190436
4.6727643,-2.9589984,-2.5953012,0.5039686,-0.10023882
4.629918,-2.9850492,-2.6037066,0.5105714,-0.06857328
4.586174,-3.0111454,-2.6095374,0.5089784,-0.038406264
4.542344,-3.0369473,-2.6127944,0.5073855,-0.008239245
4.498537,-3.0625436,-2.6134913,0.5057925,0.021927774
4.4548593,-3.0880241,-2.6116428,0.50153774,0.041037966
4.411621,-3.1133552,-2.6082134,0.49728298,0.060148157
4.368878,-3.1385934,-2.6032314,0.49302822,0.079258345
4.326682,-3.163793,-2.5967255,0.48771626,0.09202033
4.285149,-3.1889648,-2.589256,0.48240426,0.10478232
4.244307,-3.2141366,-2.5808468,0.4770923,0.11754431
4.204183,-3.239334,-2.5715218,0.4720958,0.1358478
4.1648054,-3.264578,-2.5608659,0.46709928,0.1541513
4.126216,-3.2899008,-2.5489125,0.46210277,0.1724548
4.088455,-3.3153303,-2.5356963,0.45759362,0.18344525
4.0514727,-3.3409529,-2.521784,0.45308447,0.19443569
4.015287,-3.3667758,-2.5071938,0.44857532,0.20542613
3.979917,-3.3928034,-2.4919434,0.44478613,0.22111566
3.9453614,-3.4190538,-2.4756851,0.44099694,0.23680519
3.911651,-3.445537,-2.4584424,0.43720776,0.25249472
3.8788168,-3.4722602,-2.4402385,0.43101105,0.2696713
3.847079,-3.4990664,-2.4211006,0.42481434,0.2868479
3.8164594,-3.5259485,-2.4010684,0.41861764,0.30402446
3.7869778,-3.5528963,-2.380182,0.40566632,0.3219977
3.7591221,-3.5794466,-2.3587856,0.39271498,0.33997098
3.7328746,-3.6055584,-2.3369598,0.37976366,0.35794422
3.7082117,-3.6311889,-2.3147848,0.36196777,0.37463298
3.6853983,-3.6559741,-2.2927089,0.3441719,0.39132172
3.664374,-3.679853,-2.2708304,0.32637605,0.40801048
3.6450737,-3.702766,-2.249247,0.3083142,0.3926057
3.6271963,-3.7249432,-2.229587,0.2902524,0.3772009
3.6106772,-3.746281,-2.2117693,0.27219054,0.36179614
3.5954547,-3.766685,-2.1957123,0.25796294,0.3567849
3.5813136,-3.7862887,-2.180696,0.2437353,0.3517737
3.5682077,-3.8050444,-2.166699,0.22950768,0.34676248
3.5560932,-3.8229089,-2.1536992,0.21545897,0.34963387
3.5449507,-3.8398085,-2.141398,0.20141028,0.35250527
3.5347407,-3.8557165,-2.1298087,0.18736157,0.35537663
3.525425,-3.870608,-2.1189435,0.17772579,0.35476372
3.5167403,-3.8848321,-2.108654,0.16809002,0.3541508
3.5086634,-3.898372,-2.0989385,0.15845424,0.3535379
3.5011723,-3.911212,-2.089795,0.15550315,0.3396348
3.4938998,-3.9239433,-2.081161,0.15255207,0.3257317
3.4868395,-3.9365544,-2.073025,0.14960097,0.31182858
3.4799852,-3.949035,-2.0653753,0.14463407,0.31584662
3.4734597,-3.9611354,-2.0578876,0.13966718,0.31986463
3.467254,-3.9728518,-2.050568,0.13470028,0.32388267
3.4613597,-3.9841797,-2.0434234,0.12622643,0.32353035
3.4559119,-3.9948354,-2.0367353,0.11775258,0.32317802
3.4508955,-4.004811,-2.0305026,0.10927873,0.3228257
3.4462974,-4.014098,-2.0247245,0.099953346,0.30749905
3.44212,-4.0226603,-2.0196822,0.09062796,0.2921724
3.4383538,-4.030479,-2.0153315,0.08130258,0.27684575
3.4349906,-4.0375395,-2.011628,0.0712124,0.2549491
3.4320502,-4.0437717,-2.0086348,0.061122227,0.23305243
3.429529,-4.049158,-2.006282,0.05103205,0.21115577
3.427424,-4.053682,-2.0044994,0.041474283,0.18827873
3.4257119,-4.057379,-2.0032055,0.031916518,0.1654017
3.4243925,-4.0602374,-2.0023298,0.022358749,0.14252464
