3.9409022,-7.530534,-2.711864,0.52677256,0.0
3.8930144,-7.5524807,-2.711864,0.49827847,0.09986366
3.8479428,-7.573137,-2.7035844,0.46978438,0.19972733
3.8062449,-7.5926657,-2.68805,0.4412903,0.29959098
3.7683442,-7.61114,-2.6663437,0.4161577,0.39927042
3.7342508,-7.628684,-2.6393805,0.3910251,0.4989499
3.7041552,-7.6452117,-2.608196,0.3658925,0.5986293
3.6781275,-7.6605806,-2.573832,0.3469717,0.69753236
3.655707,-7.674881,-2.536687,0.32805088,0.7964354
3.636838,-7.6879263,-2.4976015,0.30913007,0.8953385
3.6213808,-7.699531,-2.457393,0.29898068,0.9892253
3.6086533,-7.709912,-2.4157548,0.28883132,1.0
3.5969813,-7.72027,-2.3752477,0.27868193,1.0
3.5861332,-7.7307124,-2.3361638,0.27367955,1.0
3.5758889,-7.741376,-2.2977815,0.26867718,1.0
3.5662408,-7.7522225,-2.2601008,0.2636748,1.0
3.55718,-7.763216,-2.223122,0.26132837,1.0
3.5486088,-7.774437,-2.1864717,0.2589819,1.0
3.5405278,-7.78586,-2.1501508,0.25663546,1.0
3.5329363,-7.7974634,-2.1141589,0.2559225,1.0
3.5257874,-7.8092995,-2.078267,0.25520954,1.0
3.5190864,-7.821351,-2.0424752,0.25449657,1.0
3.5128384,-7.8336,-2.0067832,0.25505683,1.0
3.5070186,-7.8460917,-1.9710127,0.25561708,1.0
3.5016377,-7.8588114,-1.9351636,0.25617734,1.0
3.496705,-7.871744,-1.899236,0.25732842,1.0
3.4922204,-7.8849044,-1.8631469,0.2584795,1.0
3.4881954,-7.8982773,-1.8268964,0.25963062,1.0
3.484642,-7.9118476,-1.7904845,0.26102486,1.0
3.4815686,-7.925612,-1.753877,0.26241913,1.0
3.4789872,-7.9395537,-1.717074,0.2638134,1.0
3.4769096,-7.9536552,-1.6800754,0.2654586,1.0
3.4753454,-7.9679127,-1.6428462,0.26710385,1.0
3.4743063,-7.982307,-1.6053861,0.26874906,1.0
3.4738042,-7.9968185,-1.5676954,0.27054325,1.0
3.4738495,-8.011436,-1.529753,0.27233744,1.0
3.4744532,-8.026138,-1.491559,0.27413163,1.0
3.4756258,-8.040903,-1.4531133,0.27668783,1.0
3.477381,-8.055749,-1.4143093,0.27924404,1.0
3.4797323,-8.070653,-1.3751466,0.28180024,1.0
3.4826922,-8.0855875,-1.3356255,0.2854028,1.0
3.4862854,-8.100584,-1.2955991,0.28900537,1.0
3.4905286,-8.115611,-1.2550676,0.29260793,1.0
3.4954376,-8.130639,-1.2140307,0.29665893,1.0
3.5010355,-8.1456585,-1.1724257,0.30070993,1.0
3.507338,-8.160634,-1.1302526,0.3047609,1.0
3.51436,-8.175528,-1.0875113,0.30909666,1.0
3.5221205,-8.190316,-1.044162,0.3134324,1.0
3.5306325,-8.204956,-1.0002047,0.31776816,1.0
3.539906,-8.219405,-0.9556392,0.32230574,1.0
3.5499554,-8.233627,-0.9104374,0.32684335,1.0
3.5607877,-8.247574,-0.86459917,0.33138093,1.0
3.5724068,-8.261196,-0.8181246,0.3358725,1.0
3.5848122,-8.274442,-0.7710201,0.34036407,1.0
3.5980015,-8.287257,-0.7232857,0.34485564,1.0
3.611969,-8.299589,-0.6749214,0.34951267,1.0
3.626713,-8.311388,-0.6259039,0.3541697,1.0
3.6422215,-8.322598,-0.5762333,0.35882673,1.0
3.6584783,-8.333162,-0.5259096,0.36382365,1.0
3.6754794,-8.343031,-0.4748851,0.36882055,1.0
3.6932018,-8.352142,-0.4231598,0.37381744,1.0
3.7116177,-8.360436,-0.3707337,0.37913707,1.0
3.730711,-8.367858,-0.31756157,0.38445672,1.0
3.7504447,-8.374344,-0.26364338,0.38977635,1.0
3.7707765,-8.379832,-0.20897913,0.39523956,1.0
3.7916667,-8.384262,-0.15354869,0.4007028,1.0
3.8130622,-8.387573,-0.097352065,0.40616602,1.0
3.8349035,-8.389707,-0.04038924,0.41043395,1.0
3.8570614,-8.390602,0.017172137,0.41470188,1.0
3.8794644,-8.390217,0.07533207,0.4189698,1.0
3.9020371,-8.388514,0.13409056,0.42053097,0.9996928
3.9245656,-8.385474,0.19305636,0.4220921,0.99938554
3.946969,-8.381095,0.25222936,0.42365327,0.9990783
3.9691665,-8.375374,0.3116095,0.42486656,0.98199725
3.9916258,-8.36814,0.3704966,0.42607984,0.9649162
4.014244,-8.359354,0.4288696,0.42729312,0.9478352
4.0369163,-8.348988,0.4867076,0.42818788,0.9250758
4.0596914,-8.336935,0.54370415,0.42908263,0.90231645
4.082451,-8.323178,0.5998256,0.4299774,0.87955713
4.1050763,-8.307705,0.6550388,0.43096933,0.8578902
4.1274295,-8.290533,0.7093743,0.4319613,0.8362233
4.149398,-8.271675,0.76280195,0.43295324,0.8145564
4.1708746,-8.251147,0.8152918,0.4333303,0.7918653
4.1917477,-8.228988,0.8666895,0.43370736,0.7691741
4.21192,-8.205236,0.91696644,0.43408442,0.74648297
4.2313013,-8.179943,0.96609473,0.4323853,0.7279023
4.2496533,-8.153387,1.0140394,0.43068618,0.7093216
4.266923,-8.125642,1.0607919,0.42898706,0.69074094
4.283065,-8.096785,1.1063436,0.42635,0.67127097
4.298019,-8.0669365,1.1505407,0.42371294,0.651801
4.3117623,-8.036182,1.1933794,0.42107588,0.632331
4.3242793,-8.004607,1.2348572,0.417814,0.61372936
4.3355393,-7.97236,1.2749618,0.41455212,0.59512764
4.345547,-7.939523,1.3136958,0.41129026,0.5765259
4.3543153,-7.9061756,1.3510625,0.40816677,0.5591411
4.361857,-7.8724065,1.3871485,0.40504324,0.5417562
4.3681946,-7.838286,1.421958,0.40191975,0.5243713
4.373354,-7.803879,1.4554961,0.40078676,0.5105949
4.3773766,-7.769144,1.4881399,0.39965373,0.49681845
4.380277,-7.7341304,1.5198878,0.3985207,0.483042
4.3820734,-7.698884,1.5507383,0.39919347,0.4717268
4.3827863,-7.6633315,1.5809722,0.39986622,0.4604116
4.382422,-7.6275105,1.6105834,0.40053898,0.4490964
4.3809867,-7.591457,1.639566,0.40228605,0.4388435
4.3784842,-7.555126,1.668054,0.40403315,0.42859057
4.3749156,-7.518551,1.6960393,0.40578023,0.4183376
4.370284,-7.4817624,1.7235135,0.40823066,0.4085369
4.364585,-7.444735,1.7505429,0.4106811,0.3987362
4.3578186,-7.4074984,1.7771176,0.4131315,0.3889355
4.3499875,-7.3700814,1.8032278,0.4155293,0.37732553
4.3410892,-7.3324904,1.8287438,0.4179271,0.36571556
4.3311334,-7.294753,1.8536534,0.42032486,0.3541056
4.32013,-7.256895,1.8779448,0.42218617,0.3400287
4.308096,-7.2189565,1.9014124,0.42404747,0.3259518
4.2950554,-7.1809597,1.924043,0.42590877,0.31187493
4.281032,-7.1429267,1.9458244,0.42735523,0.2969293
4.2660627,-7.1049013,1.966664,0.42880172,0.28198367
4.250181,-7.0669003,1.9865505,0.43024817,0.26703805
4.23342,-7.0289354,2.0054724,0.43182054,0.2511191
4.2158055,-6.990998,2.0233562,0.43339294,0.23520018
4.1973767,-6.9530945,2.040189,0.4349653,0.21928126
4.178172,-6.915231,2.0559585,0.43653917,0.20349063
4.158234,-6.877412,2.0706618,0.438113,0.1877
4.1376038,-6.8396363,2.0842872,0.43968686,0.17190938
4.116324,-6.8019023,2.096823,0.44084468,0.15726781
4.0944624,-6.7642484,2.1083305,0.4420025,0.14262624
4.0720606,-6.726667,2.1188018,0.4431603,0.12798467
4.0491614,-6.68915,2.128229,0.44429556,0.11492575
4.025813,-6.651695,2.1367204,0.4454308,0.10186683
4.002053,-6.614291,2.1442697,0.44656602,0.08880791
3.9779198,-6.576926,2.1508708,0.44776747,0.07679109
3.9534507,-6.5395846,2.156596,0.4489689,0.06477427
3.9286807,-6.5022516,2.1614394,0.4501703,0.05275745
3.9036458,-6.4649134,2.165396,0.45013306,0.042258807
3.878453,-6.427659,2.1685653,0.4500958,0.031760164
3.8531344,-6.390473,2.1709476,0.45005855,0.021261519
3.8277223,-6.3533406,2.172542,0.44888684,0.012440532
3.8023136,-6.3163395,2.173473,0.44771513,0.0036195456
3.7769349,-6.2794557,2.173743,0.44654346,-0.0052014412
3.7516131,-6.242676,2.1733558,0.44496706,-0.012524402
3.7263963,-6.2060184,2.172427,0.44339067,-0.019847363
3.701306,-6.169472,2.1709604,0.44181427,-0.027170325
3.6763625,-6.133025,2.16896,0.43972108,-0.03337891
3.6516144,-6.096708,2.1665142,0.4376279,-0.039587498
3.6270783,-6.060512,2.1636276,0.43553472,-0.045796085
3.6027699,-6.0244284,2.1603043,0.4333372,-0.052160013
3.5787113,-5.9884577,2.156539,0.43113968,-0.05852394
3.5549178,-5.9525924,2.1523361,0.42894214,-0.06488787
3.5314052,-5.9168243,2.1477003,0.42727885,-0.06447697
3.5081484,-5.8810863,2.143112,0.42561558,-0.06406607
3.4851453,-5.8453803,2.1385705,0.42395228,-0.06365516
3.462393,-5.809709,2.1340756,0.42318502,-0.06320675
3.4398417,-5.774,2.1296208,0.4224178,-0.06275833
3.4174898,-5.7382545,2.1252053,0.42165056,-0.06230991
3.3953354,-5.702475,2.120829,0.42132524,-0.06256944
3.3733552,-5.666627,2.1164384,0.4209999,-0.06282897
3.3515499,-5.630711,2.112033,0.4206746,-0.0630885
3.3299198,-5.594728,2.1076124,0.42084658,-0.06316694
3.3084407,-5.558635,2.1031847,0.42101857,-0.06324538
3.2871127,-5.522433,2.0987499,0.42119056,-0.06332382
3.265937,-5.4861217,2.0943077,0.421619,-0.06339496
3.2449017,-5.44968,2.089856,0.42204744,-0.063466094
3.2240076,-5.413108,2.0853946,0.42247587,-0.06353723
3.203256,-5.3764057,2.0809238,0.42331144,-0.06456648
3.182629,-5.3395414,2.0763717,0.42414698,-0.065595716
3.1621315,-5.3025126,2.0717378,0.42498252,-0.066624954
3.1417668,-5.265319,2.0670223,0.42598134,-0.068348855
3.121533,-5.227946,2.0621736,0.42698017,-0.070072755
3.1014357,-5.190392,2.057191,0.427979,-0.07179665
3.0814817,-5.152655,2.0520742,0.42899153,-0.0736391
3.061677,-5.1147323,2.0468137,0.4300041,-0.07548155
3.0420284,-5.0766215,2.0414095,0.43101665,-0.077324
3.022543,-5.03832,2.0358603,0.43201146,-0.07905407
3.0032287,-4.999828,2.030174,0.43300626,-0.080784135
2.9840922,-4.9611425,2.0243504,0.43400106,-0.082514204
2.9651406,-4.922263,2.0183887,0.43497846,-0.08404854
2.9463813,-4.8831887,2.0123026,0.43595588,-0.085582875
2.9278212,-4.843918,2.0060918,0.43693328,-0.08711721
2.9094665,-4.8044496,1.9997557,0.43790668,-0.089174934
2.8913252,-4.7647843,1.9932561,0.43888012,-0.09123265
2.8734057,-4.724921,1.9865919,0.43985352,-0.09329037
2.8557165,-4.684859,1.9797628,0.4406657,-0.09672591
2.8382747,-4.644615,1.97267,0.44147786,-0.10016145
2.8210933,-4.6041884,1.9653124,0.44229007,-0.10359699
2.8041844,-4.5635757,1.9576894,0.44294164,-0.10672432
2.787567,-4.522789,1.9498255,0.4435932,-0.10985165
2.771252,-4.481827,1.9417204,0.44424474,-0.11297898
2.755252,-4.440687,1.9333731,0.44502062,-0.11376797
2.7395697,-4.3993473,1.9249531,0.4457965,-0.114556946
2.7242107,-4.3578086,1.9164602,0.44657233,-0.115345925
2.7091804,-4.316072,1.9078941,0.44768766,-0.115681365
2.694472,-4.274105,1.8992819,0.44880295,-0.11601681
2.6800907,-4.23191,1.8906232,0.44991824,-0.11635225
2.666041,-4.1894884,1.8819181,0.45124227,-0.11290885
2.6523151,-4.1468043,1.8734446,0.4525663,-0.109465435
2.638907,-4.1038632,1.8652042,0.4538903,-0.10602203
2.6258104,-4.060671,1.857199,0.45578387,-0.10453601
2.6130047,-4.0171876,1.8492724,0.45767742,-0.10305
2.60049,-3.9734166,1.8414257,0.459571,-0.10156398
2.5882673,-3.9293604,1.8336598,0.46129337,-0.098046355
2.5763385,-3.8850296,1.8261337,0.46301574,-0.09452873
2.564696,-3.840429,1.8188499,0.4647381,-0.0910111
2.5533333,-3.7955642,1.8118103,0.46615893,-0.08799128
2.5422497,-3.7504709,1.8049828,0.46757978,-0.08497146
2.5314386,-3.7051532,1.7983689,0.4690006,-0.08195163
2.5208929,-3.6596158,1.7919701,0.46993616,-0.0776812
2.5106146,-3.6139052,1.7858921,0.47087172,-0.073410764
2.5005913,-3.568027,1.7801361,0.47180727,-0.06914033
2.49081,-3.5219865,1.7747036,0.47329023,-0.06484942
2.4812462,-3.4757354,1.7695918,0.47477317,-0.060558505
2.471887,-3.4292786,1.7648028,0.47625613,-0.05626759
2.46272,-3.3826203,1.7603388,0.47818053,-0.052337307
2.4537227,-3.335723,1.7561696,0.48010495,-0.048407026
2.444884,-3.2885904,1.7522978,0.48202935,-0.04447674
2.4361918,-3.2412262,1.7487257,0.48422292,-0.04072669
2.4276285,-3.1936078,1.7454398,0.48641646,-0.036976643
2.4191825,-3.1457388,1.7424428,0.48861,-0.03322659
2.4108415,-3.0976224,1.7397375,0.49105346,-0.031536978
2.402589,-3.04924,1.7371569,0.49349695,-0.029847365
2.3944206,-3.0005934,1.7347023,0.49594042,-0.028157752
2.3863313,-2.9516835,1.7323751,0.49830866,-0.026459891
2.3783176,-2.902519,1.7301779,0.5006769,-0.024762029
2.370374,-2.853101,1.7281119,0.5030451,-0.023064166
2.362495,-2.8034308,1.7261783,0.50540334,-0.023352439
2.3546755,-2.753513,1.7242115,0.50776154,-0.02364071
2.3469183,-2.7033472,1.722211,0.51011974,-0.023928981
2.3392262,-2.6529334,1.7201767,0.5128971,-0.027440721
2.331596,-2.602234,1.7178313,0.5156744,-0.03095246
2.3240445,-2.5512474,1.7151715,0.51845175,-0.0344642
2.3165898,-2.499972,1.7121941,0.5210557,-0.037774425
2.309252,-2.4484234,1.7089144,0.523,-0.041084655
2.3020573,-2.396665,1.7053342,0.523,-0.04439488
2.2950492,-2.3448887,1.7014657,0.523,-0.048807077
2.2882426,-2.2930963,1.697213,0.523,-0.053219277
2.281658,-2.2412872,1.6925763,0.523,-0.057631474
2.2753153,-2.1894608,1.6875556,0.523,-0.05858629
2.269233,-2.137606,1.6824517,0.523,-0.0595411
2.2634158,-2.0857236,1.6772648,0.523,-0.060495913
2.2578683,-2.033815,1.6719948,0.523,-0.063806936
2.2525954,-1.9818884,1.6664367,0.523,-0.06711795
2.2476122,-1.9299448,1.6605906,0.523,-0.070428975
2.242934,-1.8779845,1.6544566,0.523,-0.068465814
2.2385738,-1.8259896,1.6484934,0.523,-0.066502646
2.2345233,-1.7739626,1.6427008,0.523,-0.064539485
2.230774,-1.7219063,1.637079,0.523,-0.070714466
2.2273185,-1.6698517,1.6309202,0.523,-0.07688945
2.2241852,-1.6178004,1.6242247,0.523,-0.08306443
2.2214017,-1.565755,1.6169925,0.52222925,-0.08026243
2.218998,-1.5137558,1.6100141,0.5214585,-0.07746042
2.2169595,-1.4618063,1.6032888,0.52068776,-0.07465842
2.2152727,-1.40991,1.5968158,0.5205753,-0.08204498
2.213923,-1.3580451,1.5897053,0.5204629,-0.08943154
2.2129428,-1.3062161,1.581958,0.5203504,-0.096818104
2.2123647,-1.2544279,1.5735747,0.51862425,-0.094061375
2.2122211,-1.202795,1.5654563,0.51689804,-0.091304645
2.212496,-1.1513212,1.5576012,0.5151719,-0.08854792
2.2131732,-1.1000104,1.5500083,0.51366496,-0.09712155
2.2142358,-1.0488969,1.5417067,0.5121581,-0.10569517
2.2157173,-0.9979885,1.5327014,0.5106512,-0.1142688
2.2176495,-0.9472932,1.5229973,0.50795233,-0.117237486
2.2200596,-0.8969043,1.5130948,0.5052535,-0.12020616
2.2229526,-0.84682703,1.5029968,0.50255466,-0.123174846
2.2263315,-0.79706687,1.4927058,0.50071925,-0.12867716
2.2302053,-0.74756026,1.4819969,0.4988838,-0.13417946
2.2345898,-0.69831514,1.4708737,0.49704838,-0.13968177
2.2394998,-0.6493399,1.4593399,0.49483964,-0.14096582
2.244949,-0.6006508,1.4477524,0.49263093,-0.14224985
2.2509344,-0.55225396,1.4361123,0.4904222,-0.1435339
2.2574518,-0.50415564,1.4244205,0.48987263,-0.14706248
2.2645197,-0.45621532,1.4124568,0.4893231,-0.15059105
2.272148,-0.40844202,1.4002218,0.48877358,-0.15411961
2.2803464,-0.3608449,1.3877165,0.4889862,-0.15565892
2.2891412,-0.31334484,1.3750819,0.48919877,-0.15719822
2.2985373,-0.26595056,1.3623178,0.48941138,-0.15873753
2.3085394,-0.21867113,1.3494241,0.48930395,-0.1690242
2.3191297,-0.17161505,1.3357055,0.48919648,-0.17931087
2.330342,-0.12480379,1.3211641,0.48908904,-0.18959755
2.3422084,-0.07826017,1.3058015,0.48687074,-0.19574326
2.354716,-0.03216988,1.2900192,0.48465243,-0.20188898
2.3678732,0.013451678,1.2738221,0.48243412,-0.20803468
2.3816862,0.05858864,1.2572153,0.48087755,-0.21490195
2.3961785,0.10327919,1.2401239,0.47932097,-0.22176923
2.41136,0.14750426,1.2225523,0.47776443,-0.2286365
2.4272392,0.19124416,1.2045048,0.47753757,-0.23437887
2.4438748,0.23461099,1.186021,0.47731075,-0.24012125
2.4612768,0.2775828,1.167102,0.4770839,-0.24586363
2.479454,0.32013682,1.1477487,0.47788292,-0.2531355
2.498448,0.36232352,1.1278019,0.47868195,-0.2604074
2.5182745,0.40411302,1.1072605,0.47948098,-0.26767927
2.5389493,0.44547412,1.0861238,0.48047125,-0.27108866
2.5605178,0.48643494,1.0646803,0.4814615,-0.27449808
2.5829844,0.52696866,1.0429292,0.48245177,-0.27790746
2.6063528,0.5670477,1.0208696,0.48368704,-0.2804
2.6306443,0.60667455,0.9985603,0.48492232,-0.28289255
2.6558597,0.6458212,0.9760006,0.4861576,-0.28538513
2.6819992,0.68445915,0.9531895,0.48709556,-0.2843961
2.709073,0.7225753,0.93041146,0.4880335,-0.2834071
2.73707,0.7601479,0.9076668,0.48897144,-0.28241807
2.765978,0.79715574,0.8849558,0.48900056,-0.27832496
2.7957559,0.8335425,0.862564,0.48902968,-0.27423185
2.826378,0.8692971,0.84049183,0.4890588,-0.27013874
2.8578198,0.9044092,0.8187397,0.48923236,-0.26753452
2.8900526,0.9388662,0.7971846,0.48940593,-0.2649303
2.9230554,0.97265637,0.77582675,0.4895795,-0.2623261
2.956808,1.005769,0.7546665,0.48968345,-0.2596278
2.9912858,1.0381902,0.7337145,0.4897874,-0.2569295
3.026468,1.0699115,0.71297103,0.48989132,-0.25423118
3.0623333,1.1009245,0.69243634,0.4897109,-0.25168258
3.0988386,1.1312034,0.67211056,0.48953044,-0.24913399
3.135962,1.1607424,0.65199375,0.48935,-0.2465854
3.1736827,1.1895367,0.6320858,0.48895904,-0.2440063
3.2119632,1.2175701,0.61239773,0.4885681,-0.24142723
3.250782,1.2448399,0.5929292,0.48817715,-0.23884815
3.2901175,1.2713445,0.57368004,0.487733,-0.23812401
3.3299267,1.2970681,0.55450565,0.48728886,-0.23739988
3.370192,1.3220054,0.5354059,0.4868447,-0.23667574
3.4108965,1.3461514,0.5163806,0.48637652,-0.23326759
3.4520469,1.3695151,0.4976423,0.48590836,-0.22985944
3.493621,1.3921001,0.47919068,0.4854402,-0.22645131
3.5355978,1.4139104,0.46102545,0.48618808,-0.22442177
3.5780487,1.434997,0.4429925,0.48693597,-0.22239225
3.6209586,1.4553552,0.42509246,0.48768386,-0.22036272
3.6643124,1.4749812,0.40732583,0.48877892,-0.2164082
3.7081444,1.4938928,0.38983384,0.48987398,-0.21245366
3.7524376,1.512091,0.3726181,0.49096903,-0.20849913
3.797175,1.529578,0.35568035,0.49291036,-0.20382032
3.8424244,1.5463872,0.33905184,0.49485165,-0.19914152
3.8881702,1.5625204,0.32273594,0.49679294,-0.1944627
3.9343965,1.5779798,0.30673593,0.4995189,-0.18918777
3.9811673,1.5927936,0.29107925,0.50224483,-0.18391283
4.0284677,1.6069642,0.27577102,0.5049708,-0.17863789
4.0762835,1.6204952,0.26081637,0.50821483,-0.17488143
4.124637,1.6334006,0.24607886,0.5114589,-0.17112498
4.1735177,1.6456779,0.23156272,0.51470286,-0.16736853
4.222914,1.6573253,0.21727215,0.5181208,-0.15563853
4.272897,1.6683592,0.20388642,0.52153873,-0.14390853
4.3234425,1.67881,0.19142057,0.523,-0.13217852
4.374339,1.6886734,0.17993253,0.523,-0.10900681
4.4254894,1.6979777,0.17044957,0.523,-0.0858351
4.476842,1.7068164,0.1629768,0.523,-0.06266339
4.5283475,1.7152858,0.15751821,0.523,-0.05205387
4.57993,1.7234788,0.1529829,0.523,-0.04144435
4.6315746,1.7314419,0.14937137,0.523,-0.03083483
4.6832676,1.7392212,0.14668402,0.523,-0.016758572
4.7349987,1.7468642,0.1452233,0.523,-0.0026823163
4.7867484,1.7544327,0.14498949,0.523,0.01139394
4.838496,1.7619886,0.14598265,0.523,0.020770049
4.8902287,1.7695948,0.14779298,0.523,0.030146157
4.941935,1.7772927,0.15042032,0.523,0.039522268
4.993604,1.785124,0.15386444,0.523,0.04641795
5.0452304,1.7931308,0.1579091,0.523,0.053313635
5.0968065,1.8013434,0.16255406,0.523,0.060209323
5.1483235,1.8097923,0.16779913,0.523,0.06893154
5.199766,1.8185064,0.17380291,0.523,0.077653766
5.2511234,1.8275232,0.18056493,0.523,0.08637599
5.302381,1.8368806,0.18808468,0.523,0.09074303
5.3535476,1.8466192,0.19598359,0.523,0.09511007
5.4046144,1.8567576,0.20426153,0.523,0.09947711
5.455574,1.867314,0.21291833,0.52244586,0.10643774
5.5063496,1.8782915,0.22216883,0.5218917,0.11339837
5.556929,1.8897172,0.23201132,0.52133757,0.120359
5.607299,1.9016179,0.24244402,0.5190947,0.12371584
5.6573052,1.9139849,0.25312012,0.5168518,0.12707268
5.70694,1.9268239,0.26403698,0.5146089,0.13042952
5.7561955,1.94014,0.275192,0.51159865,0.13624325
5.804974,1.953913,0.28677306,0.50858843,0.14205697
5.853265,1.968154,0.298774,0.50557816,0.1478707
5.9010553,1.9828731,0.3111887,0.5017024,0.14521398
5.948313,1.9980731,0.32328844,0.49782664,0.14255723
5.995038,2.013728,0.33507654,0.4939509,0.1399005
6.04123,2.0298123,0.34655634,0.49033952,0.13530055
6.086928,2.0463152,0.35757983,0.48672816,0.1307006
6.132133,2.0632057,0.3681523,0.4831168,0.12610064
6.1768494,2.0804546,0.37827894,0.47980216,0.11583299
6.221139,2.098056,0.38752106,0.47648755,0.10556533
6.265009,2.115962,0.39588892,0.4731729,0.09529768
6.3084683,2.1341262,0.40339294,0.46925125,0.0795953
6.35149,2.1524878,0.4096114,0.46532962,0.063892916
6.394087,2.170982,0.41456324,0.46140796,0.04819054
6.4362698,2.1895454,0.41826773,0.45743048,0.039503265
6.478037,2.2081106,0.4212786,0.453453,0.030815989
6.519398,2.2266448,0.42360717,0.44947553,0.022128712
6.560363,2.245116,0.42526475,0.4433985,0.01733545
6.600747,2.2634063,0.42654577,0.43732148,0.012542188
6.640558,2.281498,0.42745993,0.43124446,0.0077489256
6.679801,2.2993753,0.42801687,0.42026746,-0.0014235139
6.718036,2.3168192,0.42791715,0.40929043,-0.010595953
6.755273,2.3338027,0.42719436,0.39831343,-0.019768393
6.7915173,2.3503025,0.4258821,0.38124877,-0.029738415
6.8262215,2.3660457,0.42399275,0.36418414,-0.039708436
6.859389,2.3810167,0.4215832,0.34711948,-0.049678456
6.8910227,2.3952034,0.41871032,0.33067003,-0.06844153
6.921162,2.4086163,0.41494134,0.31422058,-0.08720461
6.9498086,2.4212356,0.4103802,0.29777113,-0.105967686
6.97696,2.4330487,0.40513104,0.28634518,-0.10929735
7.0031195,2.4442675,0.3999253,0.27491924,-0.112627015
7.0282817,2.4549036,0.39477563,0.2634933,-0.11595668
7.052441,2.4649696,0.38969472,0.2542089,-0.1057728
7.0758247,2.4745731,0.3852217,0.24492447,-0.095588915
7.0984187,2.4837346,0.3813256,0.23564006,-0.08540504
7.12021,2.492472,0.37797555,0.22910419,-0.08393449
7.1414285,2.500897,0.37477437,0.22256832,-0.08246395
7.1620703,2.5090168,0.37171885,0.21603245,-0.08099341
7.182132,2.5168376,0.36880583,0.20996526,-0.07668274
7.201659,2.5243847,0.36612502,0.20389807,-0.07237207
7.220648,2.531665,0.36366773,0.19783089,-0.068061404
7.2390943,2.5386858,0.36142534,0.19351459,-0.04632774
7.257176,2.5455213,0.3599317,0.18919827,-0.024594074
7.274878,2.552183,0.35915625,0.18488196,-0.002860409
7.2921867,2.5586812,0.35906813,0.17512153,0.033315223
7.308573,2.5648317,0.3600403,0.16536109,0.06949086
7.3240113,2.5706434,0.36195394,0.15560065,0.10566649
7.338482,2.5761225,0.36468914,0.14145173,0.13903356
7.351569,2.5811188,0.36795634,0.1273028,0.17240061
7.363271,2.5856302,0.3715961,0.11315388,0.20576768
