5.555475,-3.174787,-0.3750253,0.69905394,0.0
5.620522,-3.200393,-0.3750253,0.523,0.09472613
5.6689687,-3.2194645,-0.36678067,0.523,0.18945226
5.7169166,-3.2378843,-0.35036537,0.523,0.2841784
5.764069,-3.2551157,-0.32592654,0.523,0.2411784
5.8121815,-3.2713768,-0.30510703,0.523,0.19817838
5.8610897,-3.28678,-0.28794533,0.523,0.15517837
5.910634,-3.3014538,-0.2744732,0.523,0.17263068
5.960228,-3.3154185,-0.25950018,0.523,0.19008301
6.0098667,-3.3285968,-0.24303086,0.523,0.20753533
6.0595403,-3.3409126,-0.22507028,0.5228131,0.18902454
6.1095953,-3.3523726,-0.20869744,0.52262616,0.17051375
6.159982,-3.3630438,-0.19391681,0.5224393,0.15200295
6.210656,-3.3729951,-0.18073234,0.5224156,0.15431666
6.261436,-3.3822742,-0.16734937,0.5223918,0.1566304
6.312315,-3.390869,-0.15376799,0.5223681,0.15894412
6.3632846,-3.398769,-0.13998829,0.523,0.13211446
6.414622,-3.4060028,-0.12850578,0.523,0.105284795
6.466203,-3.412668,-0.119345404,0.523,0.078455135
6.5179715,-3.418876,-0.11251374,0.523,0.03857574
6.569902,-3.4247434,-0.109152064,0.523,-0.0013036549
6.6218905,-3.430441,-0.1092657,0.523,-0.041183047
