7.622707,-9.557162,1.3718774,0.49894387,0.0
7.6325665,-9.508252,1.3718774,0.51984054,-0.07977633
7.6428065,-9.457456,1.364973,0.523,-0.15955266
7.6533594,-9.406909,1.3511242,0.523,-0.23932901
7.664431,-9.357321,1.3304613,0.523,-0.25056225
7.6764913,-9.30811,1.3088484,0.523,-0.2617955
7.689574,-9.2593155,1.2862884,0.523,-0.27302873
7.7037096,-9.210978,1.2627839,0.523,-0.26377368
7.719017,-9.162863,1.2400573,0.523,-0.2545186
7.7354536,-9.114991,1.2181106,0.523,-0.24526352
7.7529783,-9.067379,1.1969454,0.523,-0.23369376
7.7715592,-9.020015,1.1767601,0.523,-0.22212401
7.791145,-8.972909,1.157557,0.523,-0.21055427
7.8116837,-8.926069,1.1393391,0.52128756,-0.19634257
7.833065,-8.879627,1.1223899,0.5195752,-0.18213089
7.8552175,-8.833581,1.1067052,0.51786274,-0.16791919
7.8780713,-8.787924,1.09228,0.5156648,-0.1509545
7.901546,-8.74267,1.0793556,0.51346695,-0.1339898
7.925559,-8.697805,1.0679233,0.51126903,-0.1170251
7.950031,-8.653315,1.0579742,0.5101042,-0.094405755
7.974947,-8.609064,1.04996,0.5089393,-0.07178642
8.000207,-8.565032,1.043876,0.5077744,-0.049167074
8.025711,-8.521194,1.0397167,0.5095777,-0.018157016
8.051515,-8.477263,1.0381747,0.5113809,0.0128530385
8.07748,-8.433212,1.0392702,0.51318413,0.043863095
8.103466,-8.389017,1.0430206,0.52128106,0.0995971
8.129588,-8.344205,1.0516593,0.523,0.1553311
8.155224,-8.299342,1.0651447,0.523,0.2110651
8.179995,-8.254602,1.0834062,0.523,0.2678705
8.203614,-8.21004,1.1064774,0.523,0.3246759
8.225811,-8.165721,1.1342837,0.523,0.3814813
8.246333,-8.121732,1.1667354,0.523,0.43333006
8.264995,-8.078089,1.2033364,0.523,0.48517883
8.281614,-8.034913,1.2439879,0.523,0.5370276
8.296041,-7.9923534,1.288581,0.523,0.5581994
8.308394,-7.9497466,1.3347497,0.523,0.5793713
8.318629,-7.9071956,1.3824733,0.523,0.6005431
8.326708,-7.864809,1.4317304,0.523,0.58916193
8.332735,-7.8217463,1.4801657,0.523,0.5777808
8.3367,-7.7781157,1.5277733,0.523,0.56639963
8.338598,-7.734024,1.5745467,0.523,0.5664855
8.338433,-7.6898937,1.6213264,0.523,0.5665715
8.336204,-7.645822,1.6681124,0.523,0.56665736
8.331917,-7.6019053,1.7149048,0.523,0.5683192
8.325586,-7.558284,1.7618194,0.523,0.5699811
8.317226,-7.5150523,1.8088559,0.523,0.571643
8.306854,-7.472308,1.8560143,0.523,0.572714
8.294487,-7.430129,1.9032512,0.523,0.57378495
8.280151,-7.38861,1.9505665,0.523,0.5748559
8.26388,-7.3478436,1.9979603,0.523,0.57811886
8.245733,-7.3079786,2.0455925,0.523,0.58138186
8.225752,-7.269106,2.0934627,0.523,0.5846448
8.20398,-7.231315,2.14157,0.523,0.57767516
8.180309,-7.194447,2.18917,0.523,0.57070553
8.154795,-7.158585,2.2362597,0.523,0.56373596
8.127501,-7.1238103,2.282837,0.523,0.5555613
8.098468,-7.0901723,2.3288105,0.523,0.5473867
8.067766,-7.057741,2.374177,0.523,0.53921205
8.035466,-7.0265827,2.4189336,0.523,0.5324047
8.001668,-6.99678,2.46318,0.523,0.5255974
7.966445,-6.968389,2.5069141,0.523,0.51879007
7.929871,-6.941459,2.550134,0.523,0.5122759
7.892029,-6.916042,2.5928597,0.523,0.5057617
7.8529935,-6.892177,2.6350896,0.523,0.4992475
7.812842,-6.869902,2.676822,0.523,0.4900034
7.771591,-6.8492184,2.7178452,0.523,0.4807593
7.729321,-6.8301516,2.7581556,0.523,0.4715152
7.6861115,-6.812721,2.79775,0.523,0.45717546
7.641929,-6.7969003,2.8362267,0.523,0.44283575
7.5968604,-6.7826934,2.8735778,0.523,0.428496
7.5509872,-6.770096,2.909796,0.523,0.4048564
7.504201,-6.7590523,2.9441297,0.523,0.3812168
7.4565988,-6.7495284,2.97656,0.523,0.35757717
7.4082723,-6.74148,3.0070689,0.523,0.3320856
7.3592763,-6.734849,3.0354865,0.523,0.30659404
7.3096957,-6.729568,3.0617945,0.523,0.2811025
7.2596083,-6.7255626,3.085976,0.523,0.2549949
7.209078,-6.7227497,3.1079628,0.523,0.22888732
7.1581707,-6.721037,3.1277406,0.523,0.20277973
7.106947,-6.7203274,-3.13789,0.523,0.1740017
7.055437,-6.720518,-3.1227994,0.523,0.14522366
7.003697,-6.7214904,-3.1101851,0.523,0.11644564
6.9517765,-6.7231216,-3.1000578,0.4930001,0.21627681
6.903667,-6.725121,-3.0824254,0.4630002,0.316108
6.859738,-6.727723,-3.0584366,0.4330003,0.41593915
6.8202667,-6.7310133,-3.0292776,0.40300053,0.5108054
6.785332,-6.7349534,-2.9964411,0.37300077,0.6056717
6.7549896,-6.739389,-2.9610486,0.343001,0.700538
6.7291937,-6.7440977,-2.9241972,0.31300154,0.6607451
6.7050624,-6.749428,-2.892182,0.28300208,0.62095225
6.6827574,-6.7551093,-2.86474,0.2530026,0.58115935
6.662416,-6.760889,-2.8415904,0.2230031,0.50731117
6.643795,-6.7666492,-2.8235335,0.19300358,0.43346295
6.627158,-6.7721267,-2.8100228,0.16300406,0.35961476
6.6127315,-6.7770934,-2.8004622,0.13300443,0.27042276
6.600653,-6.7813816,-2.7945404,0.10300479,0.18123077
6.5911255,-6.7848277,-2.7914462,0.07300516,0.092038766
6.5842967,-6.7873216,-2.7903278,0.043005373,0.00089832547
6.580259,-6.788801,-2.7903214,0.013005585,-0.09024212
6.5790424,-6.789247,-2.7905169,-0.0169942,-0.18138257
6.580612,-6.788672,-2.790006,-0.046994064,-0.26283857
6.5848727,-6.7871094,-2.7879708,-0.07699392,-0.3
6.591773,-6.784562,-2.7841787,-0.10699379,-0.3
6.6013484,-6.780986,-2.7789087,-0.13699345,-0.3
6.6135845,-6.776343,-2.7721615,-0.16699313,-0.3
6.628462,-6.770582,-2.7639365,-0.1969928,-0.3
6.645955,-6.763643,-2.7542338,-0.22698908,-0.3
6.6660337,-6.755451,-2.743054,-0.25698537,-0.3
6.68866,-6.7459235,-2.7303965,-0.28698164,-0.3
6.7137914,-6.7349653,-2.7162616,-0.3169621,-0.2629181
6.741671,-6.7223363,-2.702532,-0.34694254,-0.22583625
6.7722774,-6.7079625,-2.689584,-0.37692302,-0.18875438
6.805582,-6.691792,-2.6777966,-0.4068385,-0.16273719
6.8414874,-6.6738324,-2.6668108,-0.43675402,-0.13672
6.8799696,-6.6540527,-2.6568894,-0.46666953,-0.11070281
6.921008,-6.6324415,-2.6482968,-0.49506855,-0.08950353
6.9644384,-6.6090927,-2.6409216,-0.523,-0.06830424
7.010212,-6.5840464,-2.6349723,-0.523,-0.047104955
7.055892,-6.558697,-2.630868,-0.523,-0.092885956
7.101321,-6.5332427,-2.622783,-0.523,-0.13866696
7.146303,-6.507559,-2.6107345,-0.523,-0.18444797
7.19064,-6.4815297,-2.5947478,-0.5189374,-0.17984626
7.234251,-6.4549804,-2.5792768,-0.5148748,-0.17524454
7.2771435,-6.4279504,-2.5643153,-0.5108122,-0.17064282
7.3193254,-6.4004784,-2.549858,-0.49785593,-0.14492778
7.3602133,-6.3729987,-2.5378747,-0.4848996,-0.11921276
7.399848,-6.345666,-2.528263,-0.47194332,-0.09349773
7.438272,-6.31862,-2.5209196,-0.45526654,-0.10516151
7.475103,-6.292289,-2.5129547,-0.43858975,-0.1168253
7.5103354,-6.2666736,-2.5044343,-0.42191297,-0.12848908
7.5439687,-6.2417803,-2.495424,-0.4070669,-0.120620385
7.576233,-6.2174478,-2.4872606,-0.39222082,-0.112751685
7.6071563,-6.1937275,-2.4799056,-0.37737477,-0.10488299
7.636766,-6.170667,-2.473321,-0.3638633,-0.08001677
7.6652336,-6.1481934,-2.4684734,-0.35035184,-0.055150546
7.6925855,-6.1263847,-2.4652548,-0.3368404,-0.030284321
7.7188425,-6.10531,-2.4635549,-0.326269,-0.009473848
7.7442517,-6.084845,-2.4630399,-0.31569764,0.011336625
7.7688265,-6.065031,-2.4636362,-0.30512628,0.0321471
7.792579,-6.045903,-2.4652708,-0.29639092,0.043980278
7.8156714,-6.0273695,-2.4674428,-0.28765556,0.055813454
7.8381095,-6.009441,-2.470117,-0.2789202,0.06764664
7.859896,-5.992128,-2.4732594,-0.2624772,0.093916476
7.880406,-5.9759345,-2.477362,-0.24603418,0.120186314
7.899639,-5.960877,-2.4822783,-0.22959116,0.14645615
7.9175916,-5.9469633,-2.4878623,-0.21006459,0.16738455
7.9340343,-5.9343667,-2.4936953,-0.19053803,0.18831295
7.9489584,-5.923071,-2.4996402,-0.17101146,0.20924135
7.962356,-5.9130545,-2.5055606,-0.14464353,0.244773
7.973645,-5.904719,-2.5114026,-0.11827561,0.28030467
7.982828,-5.8980207,-2.5168562,-0.09190769,0.31583634
7.989914,-5.8929114,-2.521614,-0.06299043,0.39117473
7.9946537,-5.889528,-2.525617,-0.03407317,0.46651316
7.9971375,-5.8877697,-2.528171,-0.005155911,0.5418516
7.9974985,-5.8875155,-2.5286143,0.024235878,0.63704836
7.9959054,-5.888636,-2.5262115,0.053627666,0.7322452
7.9926486,-5.8909383,-2.520236,0.08301946,0.82744205
7.9880805,-5.894209,-2.5100496,0.11286434,0.92486876
7.982597,-5.89822,-2.4950285,0.14270923,1.0
7.976443,-5.9028654,-2.4750142,0.1725541,1.0
7.9691153,-5.90863,-2.4508142,0.20243666,1.0
7.9606853,-5.9155984,-2.4224236,0.23231922,1.0
7.9512415,-5.9238677,-2.3898418,0.2622018,1.0
7.9408927,-5.9335423,-2.3530693,0.29217878,1.0
7.9297647,-5.94474,-2.3120928,0.32215577,1.0
7.918011,-5.9575787,-2.266912,0.35213277,1.0
7.9058113,-5.972178,-2.217527,0.3821217,0.9085223
7.891652,-5.99093,-2.1673038,0.41211066,0.8170446
7.8758087,-6.014263,-2.1172235,0.4420996,0.725567
7.8586216,-6.0425215,-2.0683303,0.4718856,0.62896013
7.84041,-6.0760536,-2.0220616,0.50167155,0.5323533
7.8215594,-6.1149516,-1.9796233,0.523,0.43574643
7.8027115,-6.1584573,-1.9428314,0.51472807,0.42845938
7.7856917,-6.202074,-1.9071891,0.50645614,0.42117235
7.7704353,-6.245703,-1.87268,0.4981842,0.41388533
7.756874,-6.2892528,-1.8392875,0.47165072,0.435227
7.7455287,-6.330488,-1.806145,0.44511724,0.45656872
7.7362127,-6.3693395,-1.7734383,0.41858375,0.47791043
7.728732,-6.4057474,-1.7413522,0.38952178,0.45355657
7.7227893,-6.4402533,-1.7129064,0.36045977,0.42920274
7.718147,-6.472699,-1.6879058,0.3313978,0.40484887
7.7145877,-6.5029516,-1.6661506,0.3021323,0.34273836
7.711879,-6.531278,-1.6492277,0.2728668,0.28062782
7.709824,-6.557417,-1.6366323,0.24360128,0.2185173
7.7082596,-6.5811462,-1.6278309,0.21447565,0.14465965
7.70705,-6.6023355,-1.6226779,0.18535002,0.07080201
7.706091,-6.620799,-1.6204926,0.15622438,-0.0030556382
7.705315,-6.636402,-1.6205721,0.12702173,-0.06982155
7.7046847,-6.6490574,-1.6220491,0.09781908,-0.13658746
7.7041883,-6.6587358,-1.6242689,0.06861643,-0.20335338
7.703829,-6.6654463,-1.6265786,0.0388284,-0.20542327
7.703617,-6.6692414,-1.6278986,0.009040366,-0.20749316
7.7035666,-6.670125,-1.628209,-0.020747667,-0.20956306
7.703683,-6.668099,-1.6274896,-0.050652876,-0.18039161
7.703965,-6.6631236,-1.6259749,-0.080558084,-0.15122017
7.704405,-6.655172,-1.6239524,-0.11046329,-0.12204873
7.704987,-6.644223,-1.6217109,-0.14040023,-0.0763238
7.7056994,-6.6302423,-1.6199267,-0.17033719,-0.030598873
7.706536,-6.613237,-1.6190581,-0.20027412,0.015126055
7.707502,-6.593235,-1.619563,-0.2301401,0.087690584
7.7086196,-6.570337,-1.6229222,-0.26000607,0.16025512
7.7099566,-6.5447044,-1.629837,-0.28987205,0.23281965
7.711621,-6.516548,-1.6409837,-0.31907165,0.31371832
7.7137494,-6.4862733,-1.6573945,-0.34827122,0.394617
7.7165303,-6.454243,-1.6797103,-0.37747082,0.4755157
7.720178,-6.4208827,-1.7085111,-0.39479476,0.4504302
7.725057,-6.3856773,-1.737157,-0.4121187,0.42534477
7.7312737,-6.348656,-1.7654994,-0.42944264,0.40025932
7.7389255,-6.3098536,-1.7933886,-0.41452017,0.39902946
7.7473574,-6.2726,-1.8202305,-0.3995977,0.3977996
7.7564516,-6.236901,-1.8460305,-0.38467523,0.39656973
7.7660947,-6.202754,-1.8707944,-0.36996746,0.37417662
7.7762713,-6.169855,-1.893332,-0.35525966,0.3517835
7.7868423,-6.1382246,-1.9137341,-0.34055185,0.3293904
7.797678,-6.107877,-1.9320936,-0.32845536,0.32950133
7.808664,-6.0788045,-1.9498067,-0.31635883,0.32961226
7.8197393,-6.050996,-1.966873,-0.3042623,0.32972318
7.8308454,-6.0244374,-1.9832921,-0.2907956,0.30144793
7.8419776,-5.998998,-1.9976817,-0.27732888,0.27317268
7.853034,-5.9746904,-2.0101519,-0.26386213,0.2448974
7.863923,-5.9515224,-2.0208144,-0.25675365,0.24265599
7.874764,-5.929081,-2.0310965,-0.24964517,0.24041459
7.885535,-5.9073577,-2.0410035,-0.2425367,0.23817317
7.896213,-5.886347,-2.0505404,-0.23103051,0.2415008
7.906567,-5.8664465,-2.0597491,-0.21952432,0.24482842
7.9165707,-5.8476443,-2.0686176,-0.20801815,0.24815604
7.9261994,-5.829927,-2.0771332,-0.19735296,0.2530687
7.935466,-5.8132176,-2.0853684,-0.18668778,0.2579813
7.94435,-5.7975044,-2.0933068,-0.17602259,0.26289394
7.952832,-5.782775,-2.1009307,-0.15933242,0.2659304
7.9606056,-5.7695117,-2.1079097,-0.14264224,0.26896688
7.967642,-5.7576966,-2.1142273,-0.12595208,0.27200335
7.973915,-5.7473125,-2.119867,-0.1039094,0.2678958
7.9791446,-5.738765,-2.1244512,-0.08186673,0.26378822
7.9833,-5.7320423,-2.1280088,-0.05982405,0.2596807
7.9863577,-5.727135,-2.130569,-0.032247085,0.27452445
7.988006,-5.724505,-2.132026,-0.00467012,0.28936824
7.988244,-5.724126,-2.1322482,0.022906845,0.304212
7.9870806,-5.725976,-2.1311045,0.052741755,0.35866785
7.984456,-5.7301593,-2.1280189,0.08257667,0.4131237
7.9804564,-5.736578,-2.1224935,0.11241158,0.46757957
7.9751973,-5.745124,-2.114049,0.14238502,0.5541205
7.9689384,-5.755489,-2.101562,0.17235845,0.64066136
7.9619436,-5.7674055,-2.0843914,0.2023319,0.7272023
7.9545174,-5.7805705,-2.0619736,0.23231305,0.7730948
7.946675,-5.7952323,-2.0349343,0.2622942,0.81898725
7.938656,-5.811251,-2.003002,0.29227537,0.8648798
7.9307137,-5.8284683,-1.9659308,0.32227328,0.7689792
7.9217987,-5.849843,-1.9285792,0.3522712,0.67307866
7.912153,-5.8756433,-1.8919784,0.3822691,0.5771781
7.90204,-5.906039,-1.8572135,0.41226733,0.47824222
7.8916993,-5.9411497,-1.8255913,0.44226554,0.3793063
7.8813443,-5.980906,-1.7982979,0.47226375,0.28037038
7.8711085,-6.0251193,-1.7765177,0.5021699,0.18675753
7.861029,-6.0734224,-1.7609777,0.523,0.093144685
7.8511853,-6.124557,-1.7528704,0.523,-0.00046816468
7.8417153,-6.1759925,-1.7529112,0.50853944,-0.04583171
7.832515,-6.2259526,-1.7567945,0.49407893,-0.091195256
7.823416,-6.274307,-1.7642936,0.47961837,-0.1365588
7.814279,-6.3209352,-1.7751757,0.45161074,-0.10939555
7.805168,-6.364892,-1.7833934,0.42360312,-0.08223229
7.7962604,-6.406159,-1.7891924,0.39559546,-0.055069037
7.787702,-6.4447203,-1.7928214,0.36576363,0.021957356
7.7796497,-6.48039,-1.791483,0.33593178,0.09898375
7.772332,-6.513008,-1.7859501,0.30609995,0.17601013
7.765898,-6.5424504,-1.777017,0.27669078,0.1819489
7.760326,-6.569086,-1.7686726,0.24728164,0.18788765
7.7555504,-6.592905,-1.7609745,0.21787249,0.1938264
7.7515087,-6.6138988,-1.7539803,0.18864371,0.13389991
7.748103,-6.632282,-1.7497829,0.15941495,0.073973425
7.745273,-6.6479254,-1.7478193,0.13018617,0.014046932
7.7429805,-6.6607394,-1.7475146,0.100640856,-0.055236597
7.7412143,-6.6706314,-1.7484406,0.07109554,-0.12452012
7.7399673,-6.677575,-1.7499123,0.041550223,-0.19380365
7.739241,-6.681587,-1.751246,0.0116711985,-0.2084091
7.739036,-6.6827106,-1.7516484,-0.018207826,-0.22301453
7.7393556,-6.6809635,-1.7509773,-0.04808685,-0.23761998
7.740193,-6.676366,-1.7490907,-0.07802568,-0.21840769
7.741544,-6.6688695,-1.746273,-0.10796449,-0.1991954
7.7433915,-6.6584487,-1.7427124,-0.13790332,-0.17998311
7.7457128,-6.6450815,-1.7385979,-0.16784813,-0.13469902
7.7484903,-6.628682,-1.7348411,-0.19779295,-0.08941492
7.7517076,-6.6092463,-1.7318975,-0.22773775,-0.044130825
7.7553573,-6.5867896,-1.730223,-0.25744912,0.029115653
7.7594423,-6.561382,-1.7314721,-0.2871605,0.10236213
7.764013,-6.533184,-1.7363626,-0.31687185,0.1756086
7.7691545,-6.502411,-1.7455893,-0.3439904,0.25382546
7.7749453,-6.469621,-1.7599857,-0.3711089,0.33204228
7.7815433,-6.4351635,-1.7801478,-0.39822742,0.41025913
7.7891326,-6.3994427,-1.8066198,-0.39545977,0.37909925
7.797716,-6.3637214,-1.8310119,-0.39269212,0.3479394
7.8072143,-6.328048,-1.8533274,-0.38992444,0.31677952
7.817544,-6.2924647,-1.8735715,-0.37572613,0.32839623
7.8281484,-6.2585177,-1.8937683,-0.36152783,0.34001294
7.838966,-6.226197,-1.9138632,-0.34732953,0.35162964
7.849934,-6.1954894,-1.9338015,-0.33474913,0.33568218
7.8611574,-6.165942,-1.95218,-0.32216874,0.31973475
7.872541,-6.1375556,-1.9690571,-0.30958834,0.3037873
7.8839974,-6.1103263,-1.984492,-0.29891142,0.29591712
7.895491,-6.0841465,-1.99902,-0.28823453,0.28804696
7.906967,-6.059006,-2.012667,-0.2775576,0.2801768
7.9183736,-6.0348945,-2.0254588,-0.26685324,0.26461527
7.9296846,-6.0117545,-2.0370908,-0.25614887,0.24905375
7.9408455,-5.98958,-2.0476139,-0.2454445,0.23349224
7.9518046,-5.968365,-2.0570788,-0.23648494,0.23508953
7.9625525,-5.9480333,-2.0662596,-0.22752538,0.23668681
7.973068,-5.9285746,-2.0751514,-0.21856582,0.2382841
7.983332,-5.9099803,-2.0837495,-0.21109281,0.24831615
7.993374,-5.892152,-2.0923963,-0.20361981,0.2583482
8.003182,-5.8750834,-2.1010666,-0.1961468,0.26838025
8.012748,-5.8587685,-2.1097353,-0.1807989,0.27010703
8.02169,-5.843814,-2.117776,-0.16545102,0.27183378
8.02998,-5.8302016,-2.1251798,-0.15010312,0.27356055
8.037588,-5.817914,-2.1319385,-0.13182352,0.2654941
8.044357,-5.807144,-2.1377032,-0.113543935,0.25742766
8.050254,-5.7978816,-2.1425211,-0.095264345,0.24936122
8.055249,-5.7901177,-2.1464396,-0.070221156,0.2269297
8.058973,-5.7843785,-2.1490726,-0.045177963,0.20449817
8.061392,-5.780674,-2.1506016,-0.02013477,0.18206663
8.062476,-5.7790174,-2.1512094,0.008917398,0.1869819
8.0619955,-5.7797503,-2.150933,0.037969567,0.19189715
8.059953,-5.782868,-2.1497262,0.067021735,0.19681242
8.056356,-5.7883697,-2.1475418,0.09692474,0.27401406
8.051269,-5.7961907,-2.1431706,0.12682775,0.3512157
8.044819,-5.8062015,-2.135898,0.15673074,0.4284173
8.037184,-5.8182416,-2.1250465,0.18668947,0.50971305
8.028607,-5.832098,-2.1098647,0.21664819,0.5910088
8.019373,-5.8475366,-2.0897453,0.24660692,0.6723045
8.009803,-5.8642907,-2.064148,0.27659822,0.6993142
7.9997787,-5.882934,-2.034474,0.30658954,0.72632384
7.989527,-5.903435,-2.000538,0.33658087,0.7533335
7.9792986,-5.9257536,-1.9621637,0.36657944,0.6589196
7.9682426,-5.9525456,-1.9247565,0.39657804,0.56450564
7.9566293,-5.983974,-1.8893951,0.42657664,0.4700917
