8.11324,-1.3203822,-2.5083306,0.9137166,0.0
8.039586,-1.3744539,-2.5083306,0.523,0.09997766
7.9976373,-1.4052492,-2.4996305,0.49334812,0.19995531
7.958911,-1.4342008,-2.4832985,0.46369624,0.299933
7.9238687,-1.4613018,-2.460465,0.44516325,0.3996474
7.8920107,-1.4871236,-2.4315965,0.42663026,0.49936187
7.8636074,-1.5115368,-2.3975468,0.40809724,0.59907633
7.838811,-1.5343629,-2.3591938,0.41217086,0.69737643
7.8164034,-1.5566362,-2.315077,0.41624445,0.79567647
7.7966704,-1.5780627,-2.2655208,0.42031804,0.89397657
7.7798176,-1.5982865,-2.2109096,0.4391921,0.9808829
7.765225,-1.6178814,-2.1500823,0.45806614,1.0
7.7516766,-1.6385931,-2.0858407,0.47694018,1.0
7.738983,-1.6610192,-2.0189521,0.4855011,1.0
7.727617,-1.6846606,-1.950863,0.49406204,1.0
7.717714,-1.7094499,-1.8815732,0.50262296,1.0
7.709409,-1.7353059,-1.8110827,0.49455133,1.0
7.70305,-1.7612588,-1.7417244,0.4864797,1.0
7.6985793,-1.7871605,-1.6734979,0.47840807,1.0
7.6959295,-1.8128728,-1.6064035,0.47441557,0.9929416
7.695007,-1.8387703,-1.5401722,0.47042307,0.9858832
7.695802,-1.8647314,-1.4748021,0.46643057,0.9788248
7.6982965,-1.8906384,-1.4102916,0.4620071,0.95688444
7.7025504,-1.916911,-1.3473507,0.45758367,0.93494415
7.708572,-1.9434097,-1.2859913,0.45316023,0.9130038
7.716356,-1.9699986,-1.2262238,0.45481357,0.92219406
7.7256365,-1.9958577,-1.1658148,0.45646694,0.9313843
7.7363687,-2.0208929,-1.1047664,0.4581203,0.9405745
7.7485,-2.0450118,-1.0430807,0.46283197,0.9340434
7.7623577,-2.0687876,-0.98105884,0.46754366,0.9275122
7.7779546,-2.092095,-0.9187096,0.47225535,0.92098105
7.7952943,-2.1148055,-0.8560416,0.4807198,0.9322591
7.8140736,-2.136445,-0.7917078,0.48918426,0.9435371
7.834247,-2.156875,-0.72569734,0.49764875,0.95481515
7.855755,-2.1759565,-0.658,0.51251626,0.91536677
7.8804708,-2.1950595,-0.59028065,0.523,0.8759183
7.9082913,-2.2136984,-0.5233252,0.523,0.83646995
7.9386463,-2.2312129,-0.4586229,0.523,0.83640367
7.9700727,-2.2467291,-0.3939245,0.523,0.8363374
8.0024395,-2.2601821,-0.32922998,0.523,0.8362711
8.03561,-2.2715154,-0.2645393,0.523,0.7844147
8.07134,-2.2811942,-0.20296381,0.523,0.7325583
8.109426,-2.289032,-0.14466903,0.523,0.6807019
8.149645,-2.2948916,-0.089811675,0.523,0.6676659
8.190549,-2.2985752,-0.035842016,0.523,0.6546299
8.23201,-2.3000617,0.017230779,0.523,0.64159393
8.273904,-2.2993398,0.06939769,0.523,0.60400784
8.316847,-2.296355,0.11890362,0.523,0.56642175
8.360667,-2.2911198,0.16567867,0.523,0.52883565
8.405204,-2.2836728,0.20965672,0.523,0.52085
8.449575,-2.2742312,0.2530324,0.523,0.51286435
8.493696,-2.2628229,0.2958029,0.523,0.50487864
8.537482,-2.249479,0.33796552,0.523,0.47923318
8.581265,-2.2340915,0.37815797,0.523,0.45358768
8.624955,-2.2167346,0.41635382,0.523,0.4279422
8.668474,-2.1974905,0.45252794,0.523,0.41589293
8.7115,-2.176572,0.48774385,0.523,0.4038437
8.753985,-2.1540341,0.5219965,0.523,0.39179447
8.795885,-2.1299326,0.55528086,0.523,0.36459777
8.837405,-2.1041734,0.5863622,0.523,0.33740106
8.878513,-2.0768657,0.6152175,0.523,0.31020436
8.919186,-2.0481222,0.6418254,0.523,0.3068931
8.959121,-2.0182753,0.6681583,0.523,0.3035819
8.998297,-1.9873549,0.69421595,0.523,0.30027068
9.036694,-1.9553913,0.719998,0.523,0.29921603
9.074266,-1.9224379,0.7456922,0.523,0.29816136
9.1109915,-1.8885189,0.7712986,0.523,0.2971067
9.146848,-1.8536596,0.796817,0.5210456,0.26655474
9.181982,-1.8177137,0.8196918,0.5190913,0.23600279
9.216425,-1.7808232,0.8399206,0.51713693,0.20545083
9.250219,-1.7431276,0.85750395,0.5007864,0.16870904
9.282522,-1.7057952,0.8715185,0.4844359,0.13196725
9.313433,-1.6690433,0.8821425,0.46808535,0.09522545
9.343044,-1.633066,0.8895602,0.45672762,0.08307516
9.371708,-1.5977101,0.89587677,0.4453699,0.07092486
9.399466,-1.5630249,0.90113693,0.43401217,0.058774572
9.426359,-1.5290557,0.905386,0.4269158,0.09289069
9.452602,-1.4956166,0.91198593,0.41981938,0.1270068
9.478096,-1.462688,0.92084867,0.412723,0.16112292
9.5027485,-1.430256,0.931884,0.41530502,0.16674663
9.52717,-1.39738,0.94337237,0.41788703,0.17237036
9.551339,-1.3640516,0.9553182,0.42046905,0.17799407
