-9.915381,-9.714942,-2.4464483,-0.29605165,0.0
-9.892646,-9.69598,-2.4464483,-0.31852946,0.08334255
-9.868269,-9.675649,-2.4508677,-0.3410073,0.1666851
-9.842349,-9.654224,-2.4602973,-0.3634851,0.25002766
-9.814993,-9.632044,-2.475287,-0.38312277,0.26665303
-9.785939,-9.6092005,-2.4921126,-0.40276045,0.2832784
-9.755142,-9.5858135,-2.510875,-0.4223981,0.2999038
-9.722551,-9.562016,-2.531673,-0.4436892,0.27085084
-9.687509,-9.537527,-2.551458,-0.4649803,0.2417979
-9.649999,-9.512405,-2.5700145,-0.4862714,0.21274495
-9.6100235,-9.486693,-2.5871265,-0.50618166,0.19602394
-9.567813,-9.460553,-2.603558,-0.523,0.17930292
-9.523622,-9.434182,-2.6191037,-0.523,0.1625819
-9.478897,-9.408426,-2.633213,-0.523,0.15048857
-9.433728,-9.383257,-2.6462812,-0.523,0.13839523
-9.388153,-9.358636,-2.6583064,-0.523,0.1263019
-9.342212,-9.334526,-2.6692863,-0.523,0.12197435
-9.295983,-9.310909,-2.679892,-0.523,0.1176468
-9.249483,-9.287772,-2.6901233,-0.523,0.113319255
-9.202725,-9.2651005,-2.6999798,-0.523,0.11829053
-9.155773,-9.242904,-2.7102668,-0.523,0.12326181
-9.1086235,-9.221205,-2.720984,-0.523,0.12823309
-9.061274,-9.200025,-2.732131,-0.523,0.13731197
-9.013749,-9.1793995,-2.7440624,-0.523,0.14639083
-8.966043,-9.1593685,-2.7567773,-0.523,0.1554697
-8.918153,-9.139973,-2.7702746,-0.523,0.16594312
-8.870087,-9.121257,-2.784673,-0.523,0.17641655
-8.821843,-9.103267,-2.7999709,-0.523,0.18688996
-8.773423,-9.086051,-2.8161669,-0.523,0.19894457
-8.724846,-9.069659,-2.833394,-0.523,0.21099918
-8.676115,-9.054147,-2.85165,-0.523,0.22305378
-8.62724,-9.039565,-2.870932,-0.523,0.23054639
-8.578177,-9.025951,-2.8908503,-0.523,0.23803897
-8.528941,-9.01334,-2.9114041,-0.523,0.24553156
-8.479548,-9.001765,-2.932592,-0.523,0.25288802
-8.430014,-8.99126,-2.954401,-0.523,0.26024452
-8.380358,-8.981854,-2.9768305,-0.523,0.26760098
-8.330602,-8.973581,-2.999879,-0.523,0.2733378
-8.280748,-8.966469,-3.0234094,-0.523,0.27907464
-8.230823,-8.960541,-3.0474207,-0.523,0.28481147
-8.180852,-8.955821,-3.0719125,-0.523,0.29119438
-8.130876,-8.9523325,-3.096938,-0.523,0.29757726
-8.080924,-8.950101,-3.1224957,-0.523,0.30396014
-8.031031,-8.949148,3.1346006,-0.523,0.30998927
-7.981224,-8.949496,3.1080105,-0.523,0.3160184
-7.9315424,-8.951165,3.0809205,-0.523,0.3220475
-7.8820224,-8.954173,3.0533314,-0.49308562,0.39805394
-7.8367457,-8.958179,3.021476,-0.46317124,0.4740604
-7.795833,-8.963118,2.9862363,-0.43325686,0.5500668
-7.759343,-8.968833,2.9484892,-0.403396,0.47418997
-7.7241216,-8.97572,2.9177895,-0.37353516,0.3983131
-7.6905513,-8.983361,2.8936427,-0.3436743,0.32243624
-7.6589518,-8.991361,2.8754923,-0.31376463,0.23741297
-7.6295285,-8.999381,2.8631933,-0.283855,0.1523897
-7.6025524,-9.007091,2.8560116,-0.25394532,0.067366436
-7.578242,-9.014229,2.8531625,-0.22402136,-0.014664685
-7.556767,-9.0206,2.8537102,-0.1940974,-0.0966958
-7.5382433,-9.026086,2.8568332,-0.16417344,-0.17872693
-7.522738,-9.030624,2.8616977,-0.13424994,-0.2610379
-7.5102725,-9.034207,2.8674724,-0.10432645,-0.3
-7.500678,-9.036905,2.8726108,-0.07440296,-0.3
-7.4938254,-9.0387945,2.8762753,-0.044490036,-0.3
-7.489724,-9.039908,2.8784666,-0.014577113,-0.3
-7.4883795,-9.040271,2.8791845,0.015335809,-0.3
-7.4897943,-9.03989,2.8784292,0.045133196,-0.3
-7.4939575,-9.038769,2.8762064,0.074930586,-0.3
-7.5008655,-9.036892,2.8725157,0.10472797,-0.3
-7.5105104,-9.034232,2.8673575,0.13427386,-0.3
-7.5228586,-9.030758,2.860744,0.16381976,-0.3
-7.5378957,-9.026421,2.8526754,0.19336565,-0.3
-7.555603,-9.021157,2.8431516,0.22232594,-0.3
-7.575904,-9.014912,2.8322012,0.25128624,-0.3
-7.59877,-9.007603,2.8198245,0.28024653,-0.3
-7.6241693,-8.999136,2.8060215,0.30692223,-0.3
-7.651855,-8.98948,2.7909045,0.33359796,-0.3
-7.681785,-8.978531,2.7744737,0.36027366,-0.3
-7.71391,-8.966178,2.756729,0.3804857,-0.3
-7.7476,-8.952531,2.7379887,0.40069777,-0.3
-7.7828045,-8.937497,2.718253,0.42090985,-0.3
-7.819466,-8.920978,2.6975217,0.43032068,-0.3
-7.856589,-8.9033165,2.676327,0.43973154,-0.3
-7.8941326,-8.884468,2.6546688,0.44914237,-0.3
-7.9320536,-8.864391,2.632547,0.44638866,-0.3
-7.9692917,-8.843608,2.610561,0.44363496,-0.3
-8.005837,-8.822145,2.5887103,0.44088125,-0.3
-8.041681,-8.800027,2.5669954,0.43841583,-0.3
-8.0768385,-8.777263,2.545402,0.4359504,-0.3
-8.111301,-8.753878,2.52393,0.43348494,-0.3
-8.145062,-8.729895,2.5025795,0.43135044,-0.3
-8.17814,-8.7053175,2.481334,0.4292159,-0.3
-8.210526,-8.680169,2.4601936,0.42708138,-0.3
-8.242216,-8.6544695,2.4391584,0.42497945,-0.2954481
-8.273248,-8.628202,2.418535,0.42287755,-0.2908962
-8.303622,-8.601397,2.3983207,0.42077562,-0.2863443
-8.333342,-8.574082,2.3785129,0.41911083,-0.28148514
-8.362439,-8.546255,2.3591092,0.41744605,-0.276626
-8.390917,-8.517942,2.3401077,0.41578126,-0.27176684
-8.418779,-8.489169,2.321506,0.41433525,-0.26771095
-8.446036,-8.459952,2.303239,0.4128892,-0.26365507
-8.472692,-8.430313,2.285305,0.41144317,-0.25959918
-8.498748,-8.400273,2.2677026,0.4101841,-0.2568252
-8.524212,-8.369851,2.2503374,0.40892497,-0.25405127
-8.549086,-8.339063,2.2332084,0.40766585,-0.25127733
-8.573371,-8.307928,2.2163148,0.4067904,-0.24957006
-8.597085,-8.276441,2.1995695,0.40591493,-0.2478628
-8.62023,-8.244616,2.182972,0.4050395,-0.24615555
-8.642803,-8.212466,2.1665223,0.40401158,-0.24478027
-8.664798,-8.180021,2.150204,0.4029837,-0.24340498
-8.686212,-8.147294,2.1340168,0.40195578,-0.2420297
-8.7070465,-8.114298,2.1179605,0.40094474,-0.24074368
-8.727305,-8.081044,2.102028,0.39993367,-0.23945767
-8.746987,-8.047546,2.0862188,0.3989226,-0.23817165
-8.766095,-8.013817,2.0705328,0.3980286,-0.23582259
-8.784641,-7.9798484,2.0550334,0.39713463,-0.23347351
-8.802628,-7.9456544,2.03972,0.39624068,-0.23112445
-8.820058,-7.9112477,2.024592,0.3953843,-0.22927445
-8.836938,-7.876641,2.0096154,0.39452797,-0.22742446
-8.853269,-7.8418455,1.9947898,0.3936716,-0.22557446
-8.869054,-7.8068733,1.9801146,0.39232242,-0.22257534
-8.884282,-7.7717695,1.965681,0.39097324,-0.21957621
-8.898962,-7.736548,1.9514875,0.38962406,-0.21657708
-8.913101,-7.70122,1.9375333,0.3883914,-0.21375874
-8.92671,-7.6657887,1.9238014,0.38715875,-0.2109404
-8.939798,-7.630265,1.910291,0.38592613,-0.20812207
-8.952373,-7.5946608,1.8970007,0.38524276,-0.20691018
-8.964455,-7.558946,1.8838102,0.3845594,-0.20569828
-8.976047,-7.5231304,1.8707191,0.38387603,-0.2044864
-8.987152,-7.4872203,1.8577272,0.38344985,-0.20440131
-8.997778,-7.4512086,1.844755,0.38302368,-0.20431623
-9.007925,-7.4151015,1.8318026,0.3825975,-0.20423116
-9.017592,-7.378906,1.8188698,0.38231164,-0.20499557
-9.026783,-7.3426213,1.8058991,0.38202578,-0.20575997
-9.035495,-7.306253,1.7928904,0.3817399,-0.20652439
-9.043725,-7.2698083,1.7798439,0.38154504,-0.20785795
-9.051473,-7.233288,1.766721,0.38135016,-0.20919152
-9.058735,-7.1966977,1.7535219,0.38115528,-0.21052508
-9.065508,-7.160044,1.7402467,0.38207775,-0.21102135
-9.071808,-7.123219,1.7269084,0.38300022,-0.2115176
-9.07763,-7.086228,1.7135069,0.38392267,-0.21201387
-9.082969,-7.049077,1.7000422,0.38560593,-0.21233357
-9.087827,-7.011697,1.6864984,0.38728917,-0.21265328
-9.092196,-6.9740934,1.6728752,0.38897243,-0.212973
-9.096071,-6.9362726,1.6591725,0.3908102,-0.2128663
-9.0994425,-6.898223,1.645412,0.39264795,-0.21275961
-9.1023035,-6.85995,1.6315936,0.3944857,-0.21265292
-9.104647,-6.8214617,1.6177173,0.3965457,-0.21185884
-9.106464,-6.7827363,1.6038198,0.39860573,-0.21106476
-9.107752,-6.7437816,1.5899017,0.40066573,-0.21027069
-9.1085005,-6.7046046,1.5759636,0.40286973,-0.20988563
-9.108704,-6.665202,1.561974,0.40507373,-0.20950057
-9.108355,-6.625582,1.5479335,0.40727773,-0.2091155
-9.107444,-6.585752,1.533842,0.4097095,-0.20824932
-9.105963,-6.5456934,1.5197242,0.4121413,-0.20738311
-9.103904,-6.505415,1.505581,0.4145731,-0.20651692
-9.101259,-6.464925,1.4914128,0.4173148,-0.20752966
-9.0980215,-6.4242177,1.477082,0.42005646,-0.2085424
-9.094175,-6.383302,1.4625876,0.42279816,-0.20955515
-9.089709,-6.3421893,1.4479289,0.42530963,-0.20909125
-9.08461,-6.3008986,1.4332153,0.42782107,-0.20862734
-9.07887,-6.2594395,1.418447,0.4303325,-0.20816344
-9.07248,-6.217823,1.4036248,0.4327509,-0.20812798
-9.065434,-6.176072,1.3887216,0.43516928,-0.20809253
-9.057725,-6.1341977,1.3737377,0.43758768,-0.20805708
-9.049343,-6.0922112,1.3586731,0.44054502,-0.20787697
-9.040267,-6.0500712,1.3435196,0.44350237,-0.20769686
-9.030489,-6.00779,1.3282773,0.4464597,-0.20751673
-9.019998,-5.9653807,1.3129467,0.4504611,-0.20777863
-9.008758,-5.9227605,1.2974592,0.45446244,-0.20804054
-8.996754,-5.879945,1.2818149,0.45846382,-0.20830242
-8.983972,-5.83695,1.2660133,0.46227917,-0.20952559
-8.970403,-5.7938166,1.249988,0.46609452,-0.21074873
-8.95603,-5.7505636,1.2337373,0.46990988,-0.21197188
-8.940837,-5.7072096,1.2172601,0.47365963,-0.21545279
-8.924817,-5.6638002,1.2003828,0.47740936,-0.21893369
-8.907948,-5.6203594,1.1831015,0.4811591,-0.22241458
-8.890205,-5.576912,1.1654121,0.48491532,-0.22640614
-8.87157,-5.533488,1.1472701,0.48867154,-0.2303977
-8.852017,-5.4901156,1.1286708,0.49242774,-0.23438928
-8.831524,-5.4468246,1.1096098,0.493156,-0.23678598
-8.81019,-5.4038935,1.0903292,0.4938842,-0.23918268
-8.788013,-5.361344,1.0708282,0.49461246,-0.24157938
-8.76499,-5.319197,1.0511067,0.49399233,-0.2429853
-8.7411785,-5.27758,1.0312974,0.49337223,-0.2443912
-8.716587,-5.236508,1.0114009,0.4927521,-0.24579711
-8.691224,-5.1959987,0.9914174,0.49208534,-0.24650335
-8.665096,-5.1560655,0.9714048,0.49141854,-0.24720958
-8.638216,-5.1167235,0.95136315,0.49075177,-0.2479158
-8.610596,-5.0779877,0.9312927,0.48944494,-0.24762397
-8.582276,-5.039913,0.9112988,0.48813814,-0.24733211
-8.553278,-5.0025096,0.89138126,0.4868313,-0.24704027
-8.523617,-4.965787,0.87154007,0.48510104,-0.24526
-8.493328,-4.929772,0.8519089,0.48337075,-0.24347973
-8.462435,-4.8944693,0.832487,0.4816405,-0.24169946
-8.430961,-4.8598824,0.8132733,0.48016313,-0.23380801
-8.398865,-4.825946,0.79473233,0.4786858,-0.22591656
-8.366186,-4.792651,0.7768614,0.47720844,-0.21802513
-8.332961,-4.759989,0.7596579,0.47678256,-0.20675308
-8.299128,-4.7278533,0.7433453,0.4763567,-0.19548103
-8.264726,-4.6962295,0.72792417,0.4759308,-0.18420899
-8.229795,-4.6651006,0.7133949,0.4767263,-0.17603755
-8.194305,-4.6343856,0.69948006,0.47752175,-0.16786611
-8.15828,-4.604074,0.6861828,0.47831723,-0.15969467
-8.121745,-4.574154,0.673506,0.4796045,-0.15089406
-8.084683,-4.5445795,0.6614902,0.4808918,-0.14209346
-8.047119,-4.515336,0.65013987,0.48217908,-0.13329285
-8.009079,-4.4864087,0.6394597,0.48383558,-0.1260562
-7.970563,-4.4577646,0.6293215,0.48549208,-0.11881954
-7.931591,-4.42939,0.6197298,0.48714858,-0.11158288
-7.892182,-4.401272,0.61068904,0.48915315,-0.10927384
-7.852347,-4.3733892,0.6017982,0.49115768,-0.10696481
-7.8120914,-4.3457427,0.59305876,0.4931622,-0.10465577
-7.7714205,-4.318331,0.58447236,0.49482495,-0.09929877
-7.7303553,-4.2911625,0.57629657,0.4964877,-0.09394176
-7.688909,-4.2642274,0.56853455,0.49815047,-0.088584766
-7.6470947,-4.237512,0.5611894,0.49996257,-0.09016656
-7.6049385,-4.2110124,0.55368626,0.50177467,-0.091748364
-7.5624375,-4.184739,0.54602414,0.50358677,-0.09333016
-7.5195885,-4.158702,0.5382022,0.50461763,-0.08794819
-7.476428,-4.1329355,0.53081506,0.5056485,-0.08256621
-7.4329696,-4.1074247,0.52386475,0.50667936,-0.07718423
-7.3892274,-4.0821548,0.51735324,0.5081569,-0.08185225
-7.3452096,-4.0571065,0.51042867,0.50963444,-0.08652027
-7.3009086,-4.032301,0.5030889,0.511112,-0.0911883
-7.256316,-4.007761,0.49533176,0.5115356,-0.08812941
-7.2114854,-3.983541,0.48782793,0.51195925,-0.08507052
-7.166425,-3.9596317,0.48057792,0.5123829,-0.08201163
-7.1211433,-3.9360244,0.47358218,0.5127249,-0.08965426
-7.075697,-3.912734,0.46593112,0.5130669,-0.097296886
-7.0300765,-3.8897934,0.4576243,0.51340884,-0.10493951
-6.9842715,-3.8672347,0.44866127,0.5126806,-0.10029158
-6.9383097,-3.8451085,0.44010603,0.51195234,-0.09564365
-6.8922048,-3.8233972,0.43195763,0.51122415,-0.090995714
-6.84597,-3.8020833,0.42421514,0.51207703,-0.100988045
-6.799539,-3.7811134,0.41561085,0.5129299,-0.11098038
-6.7529016,-3.7605312,0.40614277,0.5137828,-0.12097271
-6.7060475,-3.7403817,0.39580908,0.5120392,-0.10956512
-6.6590858,-3.7207582,0.3864775,0.5102956,-0.098157525
-6.6120477,-3.7016163,0.37814268,0.5085521,-0.08674993
-6.564963,-3.6829114,0.37079906,0.51054764,-0.09543984
-6.5175943,-3.6644952,0.3626903,0.51254326,-0.10412973
-6.469934,-3.6464093,0.3538112,0.5145388,-0.11281963
-6.421974,-3.628695,0.3441567,0.5157639,-0.1054668
-6.373692,-3.6113899,0.3351075,0.516989,-0.09811397
-6.3251038,-3.5944693,0.3266671,0.51821405,-0.09076114
-6.2762246,-3.5779088,0.3188389,0.52193934,-0.09783374
-6.226898,-3.5616262,0.31034192,0.523,-0.10490633
-6.1773705,-3.5457423,0.30121434,0.523,-0.11197892
-6.127738,-3.5303233,0.2914739,0.523,-0.10589996
-6.0779247,-3.5153782,0.2822602,0.523,-0.099821
-6.027944,-3.5008838,0.27357358,0.523,-0.09374204
-5.9778104,-3.4868157,0.26541436,0.523,-0.100741416
-5.9275975,-3.4731665,0.2566479,0.523,-0.10774079
-5.8773036,-3.4599676,0.24727467,0.523,-0.11474016
-5.826928,-3.4472508,0.23729509,0.523,-0.11234246
-5.776414,-3.4350338,0.22752315,0.523,-0.10994475
-5.7257695,-3.4233081,0.21795893,0.523,-0.10754705
-5.675002,-3.412064,0.20860247,0.523,-0.11523104
-5.624175,-3.401305,0.19858038,0.523,-0.12291502
-5.57329,-3.3910654,0.18789324,0.523,-0.130599
-5.522348,-3.3813794,0.1765417,0.523,-0.13369916
-5.47132,-3.372276,0.16492228,0.523,-0.13679932
-5.420212,-3.36377,0.15303509,0.523,-0.13989948
-5.369028,-3.3558753,0.14088026,0.523,-0.1476829
-5.31781,-3.3486116,0.12805398,0.523,-0.15546632
-5.266564,-3.3420131,0.11455702,0.523,-0.16324973
-5.215297,-3.3361144,0.10039021,0.523,-0.17457472
-5.1640515,-3.3309524,0.08525029,0.523,-0.1858997
-5.112839,-3.326576,0.069139205,0.523,-0.19722469
-5.0616755,-3.3230329,0.052059017,0.523,-0.21097445
-5.010605,-3.3203719,0.0338052,0.523,-0.22472423
-4.9596486,-3.3186486,0.014381192,0.523,-0.23847401
-4.908834,-3.3179178,-0.0062093264,0.523,-0.2510636
-4.858175,-3.3182323,-0.02786452,0.523,-0.26365316
-4.8077016,-3.3196392,-0.050580956,0.523,-0.27624273
-4.7574487,-3.3221831,-0.07435503,0.5227094,-0.28443253
-4.707417,-3.32591,-0.09880152,0.5224188,-0.2926223
-4.6576395,-3.3308442,-0.123918034,0.5221282,-0.3
-4.6081414,-3.3370097,-0.1496346,0.5225521,-0.3
-4.558778,-3.3444517,-0.17537205,0.522976,-0.3
-4.5095825,-3.3531687,-0.20113038,0.523,-0.3
-4.4606256,-3.3631504,-0.2268899,0.523,-0.3
-4.411942,-3.37439,-0.2526494,0.523,-0.3
-4.363564,-3.3868792,-0.2784089,0.523,-0.3
-4.3155236,-3.4006107,-0.30416843,0.523,-0.3
-4.2678533,-3.415575,-0.32992795,0.523,-0.3
-4.220584,-3.4317622,-0.35568744,0.523,-0.3
-4.173747,-3.4491613,-0.38144696,0.523,-0.3
-4.127374,-3.4677613,-0.40720648,0.523,-0.3
-4.081496,-3.4875493,-0.432966,0.523,-0.3
-4.036142,-3.5085125,-0.45872548,0.523,-0.3
-3.9913433,-3.5306368,-0.484485,0.523,-0.3
-3.9471292,-3.5539076,-0.51024455,0.523,-0.3
-3.9035294,-3.5783098,-0.536004,0.523,-0.3
-3.8605723,-3.6038265,-0.5617635,0.523,-0.3
-3.818287,-3.6304414,-0.58752304,0.523,-0.3
-3.776701,-3.6581366,-0.61328256,0.523,-0.3
-3.7358422,-3.6868937,-0.6390421,0.523,-0.3
-3.6957376,-3.7166936,-0.6648016,0.523,-0.3
-3.656414,-3.7475166,-0.6905611,0.523,-0.3
-3.6178973,-3.7793422,-0.71632063,0.523,-0.3
-3.5802128,-3.8121493,-0.7420801,0.523,-0.3
-3.5433862,-3.8459163,-0.7678396,0.523,-0.3
-3.5074413,-3.8806205,-0.7935991,0.523,-0.3
-3.4724023,-3.916239,-0.81935865,0.523,-0.3
-3.4382923,-3.952748,-0.84511817,0.523,-0.29495856
-3.4050827,-3.9901814,-0.87045753,0.523,-0.28991714
-3.3727832,-4.0285025,-0.8953761,0.523,-0.2848757
-3.3414018,-4.0676746,-0.9198733,0.5228303,-0.2754502
-3.3109167,-4.1076994,-0.9435732,0.5226606,-0.2660247
-3.2813208,-4.1485286,-0.9664743,0.5224909,-0.25659922
-3.2526047,-4.190116,-0.988575,0.52283686,-0.21681911
-3.224528,-4.232763,-1.0073208,0.523,-0.177039
-3.1970298,-4.2762866,-1.0226722,0.523,-0.1372589
-3.1700332,-4.3205047,-1.0345991,0.523,-0.11800406
-3.1435006,-4.3651524,-1.0448612,0.523,-0.09874922
-3.1173728,-4.410164,-1.0534549,0.523,-0.07949438
-3.0915883,-4.4554763,-1.0603769,0.523,-0.07500352
-3.0661094,-4.500982,-1.0669086,0.523,-0.07051265
-3.0409198,-4.5466676,-1.0730498,0.523,-0.066021785
-3.0160038,-4.5925217,-1.0788006,0.52195275,-0.0582466
-2.9913893,-4.6384478,-1.0838647,0.5209055,-0.050471414
-2.9670463,-4.6844254,-1.0882446,0.51985824,-0.042696226
-2.9429448,-4.7304335,-1.0919428,0.5177558,-0.03743744
-2.9191053,-4.7763534,-1.0951726,0.51565343,-0.03217865
-2.8955061,-4.822171,-1.0979377,0.513551,-0.026919866
-2.8721256,-4.8678746,-1.1002415,0.5112624,-0.02084812
-2.848951,-4.9134345,-1.1020179,0.50897384,-0.014776373
-2.8259583,-4.958836,-1.1032712,0.50668526,-0.008704627
-2.803124,-5.0040655,-1.1040064,0.5052039,-0.00052597525
-2.7803888,-5.049181,-1.1040506,0.50372255,0.007652676
-2.7577229,-5.0941644,-1.1034082,0.5022412,0.015831327
-2.7350967,-5.138996,-1.1020831,0.5015999,0.018690336
-2.7124414,-5.183738,-1.1005206,0.50095856,0.021549344
-2.6897469,-5.228386,-1.0987215,0.5003173,0.024408352
-2.6670024,-5.272932,-1.0966864,0.49946308,0.026454996
-2.6442075,-5.3173537,-1.0944844,0.49860892,0.028501641
-2.6213553,-5.3616467,-1.0921162,0.49775472,0.030548286
-2.598439,-5.405807,-1.0895824,0.49621657,0.030753553
-2.5754824,-5.4497724,-1.0870394,0.4946784,0.03095882
-2.5524855,-5.493543,-1.0844873,0.49314025,0.031164085
-2.529449,-5.5371184,-1.0819263,0.49057823,0.032250118
-2.506422,-5.5804076,-1.07929,0.4880162,0.03333615
-2.4834025,-5.6234083,-1.0765791,0.48545414,0.03442218
-2.4603891,-5.6661196,-1.0737945,0.4790732,0.036087193
-2.437562,-5.7082033,-1.0709138,0.47269225,0.0377522
-2.414921,-5.749659,-1.0679402,0.46631128,0.039417207
-2.3924656,-5.790486,-1.0648776,0.4600658,0.032542776
-2.370182,-5.830708,-1.0623827,0.45382032,0.025668347
-2.3480978,-5.870337,-1.0604415,0.44757485,0.018793916
-2.3262382,-5.9093843,-1.0590396,0.44284338,0.008781135
-2.3045526,-5.9479933,-1.0583916,0.4381119,-0.0012316465
-2.283073,-5.986178,-1.0584815,0.43338042,-0.011244428
-2.26183,-6.0239496,-1.0592936,0.42973003,-0.016022658
-2.2407982,-6.0614176,-1.0604411,0.4260796,-0.020800889
-2.219989,-6.098588,-1.0619181,0.4224292,-0.02557912
-2.1994152,-6.135466,-1.0637189,0.41962874,-0.024320435
-2.179043,-6.172138,-1.0654197,0.41682827,-0.023061752
-2.1588683,-6.2086005,-1.0670216,0.41402778,-0.02180307
-2.1388865,-6.244851,-1.068526,0.4041172,-0.023864627
-2.119437,-6.2802615,-1.0701332,0.3942066,-0.025926184
-2.1005213,-6.314832,-1.0718364,0.38429603,-0.027987743
-2.0821395,-6.348563,-1.0736288,0.37284338,-0.040914644
-2.064372,-6.3813066,-1.0761706,0.36139077,-0.053841542
-2.0472414,-6.413068,-1.079412,0.34993815,-0.066768445
-2.0307665,-6.4438524,-1.0833032,0.33803642,-0.07587323
-2.0149782,-6.4736323,-1.0875738,0.3261347,-0.08497802
-1.9998794,-6.5024076,-1.0921872,0.314233,-0.09408281
-1.9854716,-6.5301766,-1.0971073,0.3037518,-0.09772718
-1.9716814,-6.5570784,-1.1020468,0.29327056,-0.10137155
-1.9585003,-6.583108,-1.1069933,0.28278935,-0.10501592
-1.9459193,-6.6082597,-1.1119337,0.2736611,-0.10720182
-1.9338677,-6.632654,-1.1168139,0.2645329,-0.10938772
-1.922336,-6.6562862,-1.121627,0.25540465,-0.11157362
-1.9113148,-6.67915,-1.1263666,0.24599195,-0.08847546
-1.90078,-6.7012725,-1.1299893,0.23657922,-0.0653773
-1.8907074,-6.7226233,-1.1325653,0.2271665,-0.042279143
-1.8810765,-6.743175,-1.1341655,0.21450916,-0.010017961
-1.8720056,-6.7626123,-1.1345236,0.2018518,0.02224322
-1.8634781,-6.7809024,-1.1337754,0.18919446,0.054504402
-1.8554825,-6.7980185,-1.1320575,0.17279129,0.09235019
-1.8481736,-6.8135943,-1.1294018,0.1563881,0.13019598
-1.8415493,-6.8276143,-1.1260178,0.13998494,0.16804177
-1.8356111,-6.840073,-1.1221157,0.123367846,0.18820262
-1.8303542,-6.850992,-1.1182688,0.106750764,0.20836346
-1.8257877,-6.8603854,-1.1145885,0.090133674,0.2285243
