3.1156034,4.3546467,-1.4634267,0.26397493,0.0
3.1184325,4.328401,-1.4634267,0.2435475,0.099809885
3.1210294,4.304307,-1.4593819,0.22312006,0.19961977
3.1234608,4.2825737,-1.452008,0.20269263,0.29942966
3.125756,4.263343,-1.4420431,0.19772585,0.39904863
3.1280954,4.2452745,-1.429239,0.19275907,0.49866757
3.1304836,4.2285156,-1.4138743,0.18779229,0.5982865
3.1329088,4.2131886,-1.396246,0.195397,0.6969269
3.135511,4.198433,-1.375343,0.20300172,0.7955672
3.1382701,4.184496,-1.3511769,0.21060643,0.8942076
3.141143,4.1716256,-1.3238082,0.21912774,0.9861765
3.1440995,4.1598997,-1.2933522,0.22764908,1.0
3.1474686,4.14807,-1.2614256,0.2361704,1.0
3.1513536,4.1359153,-1.2283038,0.24466988,1.0
3.1557932,4.1234636,-1.19399,0.2531694,1.0
3.1608262,4.1107445,-1.1584842,0.2616689,1.0
3.1664917,4.097791,-1.1217865,0.26736847,1.0
3.1727624,4.0847774,-1.0842893,0.273068,1.0
3.1796606,4.071735,-1.0459929,0.2787676,1.0
3.1872072,4.0587,-1.0068971,0.2855673,1.0
3.195454,4.0456595,-0.9668476,0.29236704,1.0
3.2044246,4.0326576,-0.92584455,0.29916677,1.0
3.2141418,4.0197406,-0.8838878,0.30813023,1.0
3.2246995,4.006868,-0.8406741,0.31709367,1.0
3.2361262,3.9941022,-0.79620326,0.32605714,1.0
3.248448,3.9815114,-0.7504753,0.33299372,1.0
3.2616065,3.9692411,-0.7037745,0.3399303,1.0
3.2756093,3.9573562,-0.6561009,0.34686688,1.0
3.2904594,3.9459236,-0.60745454,0.35304853,1.0
3.3061223,3.9350357,-0.5579412,0.35923016,1.0
3.322588,3.9247596,-0.5075609,0.3654118,1.0
3.3398423,3.9151635,-0.45631367,0.36994246,0.98613364
3.358171,3.9061666,-0.40489796,0.3744731,0.97226727
3.377564,3.897855,-0.35333517,0.37900376,0.95840096
3.3980043,3.8903165,-0.30164704,0.3836331,0.9197023
3.4202049,3.883409,-0.25078872,0.38826245,0.8810037
3.44414,3.8772771,-0.20087254,0.39289182,0.842305
3.4697707,3.8720584,-0.15201123,0.3998804,0.8213438
3.496698,3.8679333,-0.10322169,0.406869,0.8003826
3.5248828,3.8650136,-0.054558624,0.4138576,0.7794214
3.5542774,3.8634083,-0.006077418,0.42150617,0.7462795
3.5852246,3.8632202,0.041616835,0.42915472,0.7131376
3.617654,3.8645706,0.08840972,0.43680328,0.6799957
3.6514862,3.8675694,0.13418595,0.44554877,0.6496517
3.686646,3.872316,0.17910537,0.45429426,0.6193077
3.7230465,3.878906,0.22305618,0.46303976,0.5889637
3.7605953,3.8874233,0.2659259,0.4715369,0.5551817
3.7992582,3.8979542,0.30735025,0.48003405,0.5213997
3.8389325,3.910547,0.34720063,0.48853117,0.48761764
3.8795164,3.925233,0.38534862,0.49351954,0.45625034
3.9205713,3.9418857,0.42158815,0.4985079,0.42488307
3.962013,3.9604714,0.45583683,0.5034962,0.39351577
4.003766,3.980942,0.48801342,0.50759405,0.37085283
4.0455523,4.0031238,0.518673,0.5116918,0.3481899
4.0873246,4.0269675,0.5477709,0.5157896,0.32552695
4.1290445,4.052418,0.5752632,0.5174051,0.30726108
4.1704245,4.07925,0.60134465,0.51902056,0.28899524
4.211447,4.1073956,0.62599725,0.5206361,0.2707294
4.252101,4.136789,0.6492032,0.5203119,0.25448096
4.2922125,4.1672316,0.67103404,0.51998776,0.23823255
4.3317866,4.198651,0.69148564,0.5196636,0.22198413
4.3708344,4.230976,0.7105543,0.51784444,0.20598349
4.409257,4.2640386,0.72820675,0.5160253,0.18998286
4.4470787,4.297764,0.74444795,0.5142061,0.17398223
4.4843254,4.3320785,0.7592833,0.5114735,0.15579143
4.520975,4.3668623,0.7725102,0.50874084,0.13760065
4.5570645,4.4020333,0.7841406,0.5060082,0.11940986
4.5926347,4.437514,0.79418707,0.50384474,0.104782954
4.6277537,4.4732556,0.80297,0.5016813,0.09015604
4.6624575,4.509201,0.81049806,0.49951786,0.075529136
4.696783,4.545295,0.8167801,0.49897477,0.057934422
4.730884,4.5816064,0.8215954,0.49843165,0.04033971
4.7648025,4.6180735,0.82494557,0.49788857,0.022744995
4.79858,4.6546345,0.82683283,0.49896464,0.005173606
4.8323703,4.691347,0.82726306,0.5000407,-0.012397784
4.866215,4.7281513,0.8262299,0.50111675,-0.029969174
4.900158,4.764986,0.82372725,0.50212276,-0.049219746
4.9342356,4.801781,0.8196098,0.50312877,-0.068470314
4.968494,4.838468,0.81387275,0.5041348,-0.087720886
5.0029793,4.874975,0.8065117,0.50510854,-0.09999497
5.0377593,4.911256,0.7981076,0.5060823,-0.11226905
5.0728645,4.9472647,0.78865796,0.5070561,-0.12454313
5.108325,4.9829574,0.7781601,0.5080235,-0.14290753
5.144138,5.018255,0.7661012,0.50899094,-0.16127194
5.180341,5.053087,0.75247943,0.5099583,-0.17963634
5.2169685,5.0873795,0.73729354,0.5129535,-0.19151661
5.2542477,5.1212344,0.7210203,0.5159487,-0.20339686
5.2922034,5.1545925,0.70365024,0.5189439,-0.2152771
5.3308587,5.1873937,0.6851742,0.523,-0.24056244
5.370189,5.2195363,0.6644069,0.523,-0.26584777
5.4099174,5.2506514,0.64150584,0.523,-0.2911331
5.4500566,5.2806306,0.6164857,0.523,-0.3
5.4908233,5.309519,0.5907262,0.523,-0.3
5.53232,5.337347,0.5649667,0.523,-0.3
5.57452,5.364097,0.53920716,0.523,-0.3
5.617395,5.3897514,0.51344764,0.523,-0.3
5.660917,5.414293,0.48768812,0.523,-0.3
5.7050557,5.4377055,0.46192864,0.523,-0.3
5.7497835,5.459973,0.43616912,0.523,-0.3
5.7950697,5.4810815,0.4104096,0.523,-0.3
5.8408847,5.501016,0.38465008,0.523,-0.3
5.887198,5.5197644,0.3588906,0.523,-0.3
5.9339786,5.537314,0.33313107,0.523,-0.3
5.981196,5.5536523,0.30737156,0.523,-0.3
6.028818,5.568769,0.28161204,0.523,-0.3
6.076814,5.5826545,0.25585252,0.523,-0.3
6.125152,5.595299,0.23009302,0.5219594,-0.3
6.1737022,5.6066713,0.20438476,0.5209189,-0.3
6.2224317,5.6167717,0.17872775,0.5198783,-0.3
6.2713065,5.6256013,0.153122,0.5195575,-0.3
6.320361,5.633172,0.12753204,0.51923656,-0.3
6.3695626,5.639481,0.10195789,0.51891565,-0.3
6.418879,5.644527,0.07639954,0.5195063,-0.3
6.4683647,5.648315,0.050812114,0.52009684,-0.3
6.5179873,5.6508384,0.025195593,0.52068746,-0.3
6.5677147,5.6520915,-0.00045001722,0.521341,-0.3
6.6175203,5.652069,-0.026127819,0.5219946,-0.3
6.6673713,5.6507664,-0.05183781,0.5226482,-0.3
6.7172346,5.648179,-0.07758,0.523,-0.3
6.767049,5.6443067,-0.10333951,0.523,-0.3
6.816746,5.639153,-0.12909901,0.523,-0.3
6.8662944,5.6327205,-0.15485853,0.523,-0.3
6.915661,5.625014,-0.18061803,0.523,-0.3
6.9648123,5.6160383,-0.20637755,0.523,-0.3
7.0137157,5.6058,-0.23213707,0.523,-0.3
7.06234,5.5943055,-0.25789657,0.523,-0.3
7.1106515,5.581562,-0.2836561,0.523,-0.3
7.158619,5.567579,-0.3094156,0.523,-0.3
7.20621,5.552365,-0.3351751,0.523,-0.3
7.253394,5.5359297,-0.36093462,0.523,-0.3
7.300139,5.5182853,-0.38669413,0.523,-0.3
7.3464136,5.499442,-0.41245365,0.523,-0.3
7.3921876,5.4794135,-0.43821314,0.523,-0.3
7.437431,5.458213,-0.46397266,0.523,-0.3
7.482113,5.4358535,-0.48973218,0.523,-0.3
7.526204,5.412351,-0.51549166,0.523,-0.3
7.5696754,5.3877206,-0.5412512,0.523,-0.3
7.612498,5.3619785,-0.5670107,0.523,-0.3
7.654643,5.335142,-0.5927702,0.523,-0.3
7.696083,5.3072295,-0.61852974,0.523,-0.3
7.7367907,5.2782583,-0.64428926,0.523,-0.3
7.776738,5.248248,-0.6700488,0.523,-0.3
7.8158994,5.2172194,-0.6958083,0.523,-0.3
7.8542485,5.185192,-0.72156775,0.523,-0.3
7.8917603,5.152188,-0.74732727,0.523,-0.3
7.9284096,5.118228,-0.7730868,0.523,-0.3
7.9641714,5.083336,-0.7988463,0.523,-0.3
7.9990234,5.047534,-0.8246058,0.523,-0.3
8.032941,5.010846,-0.85036534,0.523,-0.3
8.065903,4.973297,-0.87612486,0.523,-0.3
8.097887,4.9349113,-0.9018844,0.523,-0.3
8.128871,4.8957148,-0.9276439,0.523,-0.3
8.158835,4.855733,-0.95340335,0.523,-0.3
8.18776,4.814993,-0.9791629,0.523,-0.3
8.215626,4.773521,-1.0049224,0.523,-0.3
8.242414,4.731345,-1.030682,0.523,-0.3
8.268107,4.6884937,-1.0564414,0.523,-0.3
8.292689,4.6449943,-1.0822009,0.51267713,-0.3
8.315679,4.601747,-1.107452,0.50235426,-0.3
8.337128,4.5588155,-1.1321946,0.4920314,-0.3
8.35709,4.516259,-1.1564288,0.4745185,-0.3
8.375341,4.4747634,-1.1798005,0.45700565,-0.3
8.39198,4.4343987,-1.2023096,0.43949276,-0.3
8.4071045,4.395231,-1.2239561,0.41736072,-0.29202804
8.420691,4.3576417,-1.2439821,0.39522868,-0.28405607
8.43287,4.321711,-1.2624426,0.37309664,-0.2760841
8.443765,4.2875075,-1.2793931,0.3469774,-0.25859106
8.453402,4.2553773,-1.2941811,0.3208582,-0.24109802
8.461911,4.2254043,-1.3069496,0.29473898,-0.22360496
8.469406,4.1976585,-1.3178425,0.26747262,-0.21558145
8.475945,4.172362,-1.3273786,0.24020626,-0.20755795
8.48161,4.1495495,-1.3356285,0.2129399,-0.19953443
8.486473,4.129253,-1.3426632,0.18687908,-0.20799218
8.490609,4.111441,-1.3490947,0.16081826,-0.21644995
8.494062,4.0961194,-1.354851,0.13475744,-0.2249077
8.496878,4.0832877,-1.35986,0.120666675,-0.26561156
8.499315,4.0719023,-1.365139,0.10657591,-0.3
8.501394,4.0619354,-1.3703883,0.09248514,-0.3
8.503153,4.053277,-1.3749435,0.0831365,-0.3
8.504699,4.0454865,-1.3790382,0.07378786,-0.3
8.5060425,4.038566,-1.3826725,0.06443922,-0.3
8.507194,4.032519,-1.3858464,0.061786782,-0.3
8.508279,4.0267167,-1.3888896,0.059134338,-0.3
8.509301,4.0211606,-1.3918022,0.056481894,-0.3
8.510262,4.015851,-1.3945841,0.052932523,-0.3
8.511148,4.0108724,-1.3971912,0.049383156,-0.3
8.511963,4.0062256,-1.3996235,0.045833785,-0.3
8.512709,4.0019107,-1.401881,0.04580478,-0.3
8.513445,3.9975972,-1.404137,0.04577577,-0.3
8.51417,3.9932847,-1.4063916,0.045746766,-0.3
8.514885,3.9889734,-1.4086448,0.042551465,-0.3
8.515542,3.9849615,-1.4107406,0.039356165,-0.3
8.516141,3.9812498,-1.412679,0.036160868,-0.3
8.516685,3.9778383,-1.4144601,0.037212506,-0.3
8.517239,3.9743266,-1.4162929,0.038264148,-0.3
8.517801,3.9707146,-1.4181775,0.03931579,-0.3
8.518372,3.9670024,-1.4201139,0.03502655,-0.3
8.518874,3.963694,-1.4218391,0.030737314,-0.3
8.51931,3.9607902,-1.4233531,0.026448078,-0.3
8.519681,3.9582908,-1.4246557,0.030192152,-0.3
8.520102,3.9554372,-1.4261428,0.033936225,-0.3
8.520569,3.952229,-1.4278142,0.0376803,-0.3
8.521081,3.948666,-1.4296701,0.031118115,-0.3
8.5215,3.9457228,-1.4312028,0.024555929,-0.3
8.521826,3.9433997,-1.4324123,0.017993744,-0.3
8.522063,3.9416971,-1.4332985,0.023830699,-0.3
8.522375,3.939442,-1.4344723,0.029667655,-0.3
8.52276,3.936634,-1.4359335,0.03550461,-0.3
8.523216,3.9332728,-1.4376823,0.02841678,-0.3
8.523577,3.930582,-1.4390818,0.02132895,-0.3
8.523845,3.9285622,-1.4401324,0.014241119,-0.3
8.524021,3.9272132,-1.4408338,0.019540016,-0.3
8.524263,3.9253623,-1.4417962,0.024838913,-0.3
8.524569,3.923009,-1.4430196,0.030137809,-0.3
8.524936,3.9201534,-1.444504,0.02521717,-0.3
8.525239,3.9177635,-1.4457461,0.02029653,-0.3
8.525481,3.9158394,-1.4467456,0.015375892,-0.3
8.525662,3.914382,-1.447503,0.018921357,-0.3
8.525885,3.9125881,-1.448435,0.022466822,-0.3
8.526147,3.9104576,-1.4495416,0.026012287,-0.3
8.526447,3.907991,-1.4508227,0.022659933,-0.3
8.526707,3.9058416,-1.4519387,0.01930758,-0.3
8.526925,3.9040103,-1.4528898,0.015955226,-0.3
8.527104,3.9024966,-1.4536756,0.018101504,-0.3
8.527307,3.900779,-1.4545672,0.020247784,-0.3
8.527531,3.8988578,-1.4555644,0.022394063,-0.3
8.527777,3.8967326,-1.4566674,0.020366706,-0.3
8.527999,3.8947995,-1.4576706,0.018339349,-0.3
8.528196,3.8930588,-1.4585738,0.016311992,-0.3
8.528371,3.8915102,-1.4593773,0.017258808,-0.3
8.528554,3.8898716,-1.4602273,0.018205624,-0.3
8.528747,3.8881428,-1.461124,0.019152442,-0.3
8.528947,3.8863242,-1.4620672,0.018022658,-0.3
8.529133,3.8846126,-1.462955,0.016892876,-0.3
8.529307,3.8830082,-1.463787,0.015763095,-0.3
8.529468,3.881511,-1.4645634,0.016110472,-0.3
8.529631,3.8799806,-1.465357,0.01645785,-0.3
8.529797,3.878417,-1.4661674,0.01680523,-0.3
8.529964,3.8768203,-1.4669952,0.016134804,-0.3
8.530124,3.875287,-1.4677899,0.0154643785,-0.3
8.530275,3.8738177,-1.4685515,0.014793953,-0.3
8.53042,3.8724117,-1.4692802,0.014657762,-0.3
8.530562,3.8710184,-1.4700022,0.01452157,-0.3
8.530702,3.8696382,-1.4707174,0.014385378,-0.3
8.530839,3.8682709,-1.4714259,0.013913597,-0.3
8.530971,3.8669481,-1.4721112,0.013441816,-0.3
8.531097,3.8656702,-1.4727733,0.012970035,-0.3
8.531219,3.864437,-1.473412,0.012708251,-0.3
8.531337,3.8632288,-1.474038,0.012446468,-0.3
8.531451,3.8620453,-1.4746511,0.012184684,-0.3
8.531563,3.8608868,-1.4752512,0.011823612,-0.3
8.531671,3.8597622,-1.4758335,0.01146254,-0.3
8.5317745,3.8586721,-1.4763981,0.0111014685,-0.3
8.531875,3.8576164,-1.4769449,0.010818357,-0.3
8.531972,3.8565874,-1.4774778,0.010535244,-0.3
8.532065,3.8555853,-1.4779966,0.010252131,-0.3
8.532156,3.85461,-1.4785016,0.009971862,-0.3
8.532244,3.8536615,-1.4789927,0.009691592,-0.3
8.532329,3.8527396,-1.47947,0.009411323,-0.3
8.532411,3.851844,-1.4799336,0.009161672,-0.3
8.53249,3.8509724,-1.4803848,0.008912021,-0.3
8.532567,3.8501246,-1.4808238,0.00866237,-0.3
8.532641,3.8493004,-1.4812504,0.008429475,-0.3
8.532714,3.8484983,-1.4816656,0.008196581,-0.3
8.5327835,3.8477185,-1.4820694,0.007963686,-0.3
8.53285,3.8469605,-1.4824616,0.007750837,-0.3
8.532916,3.8462229,-1.4828433,0.007537988,-0.3
8.532979,3.8455057,-1.4832146,0.0073251384,-0.3
8.53304,3.8448086,-1.4835753,0.0071288813,-0.3
8.5331,3.84413,-1.4839265,0.006932624,-0.3
8.533157,3.8434703,-1.484268,0.0067363665,-0.3
8.533213,3.8428292,-1.4845997,0.006556058,-0.3
8.533267,3.842205,-1.4849226,0.006375749,-0.3
8.5333185,3.8415983,-1.4852366,0.0061954404,-0.3
8.533369,3.8410087,-1.4855418,0.006029576,-0.3
8.533419,3.8404346,-1.4858388,0.0058637117,-0.3
8.533466,3.8398764,-1.4861276,0.005697848,-0.3
8.533512,3.839334,-1.4864082,0.005545307,-0.3
8.533557,3.8388062,-1.4866813,0.005392766,-0.3
8.5336,3.8382928,-1.4869471,0.0052402252,-0.3
8.533642,3.837794,-1.4872051,0.0050999564,-0.3
8.533683,3.8373084,-1.4874563,0.0049596876,-0.3
8.533722,3.8368363,-1.4877006,0.004819419,-0.3
8.53376,3.8363774,-1.4879379,0.0046903957,-0.3
8.533797,3.8359308,-1.488169,0.0045613726,-0.3
8.5338335,3.8354967,-1.4883937,0.004432349,-0.3
8.533868,3.8350747,-1.4886119,0.0043136952,-0.3
8.533902,3.8346639,-1.4888244,0.0041950415,-0.3
8.533935,3.8342645,-1.4890311,0.0040763877,-0.3
8.533967,3.8338764,-1.4892318,0.00396729,-0.3
8.533998,3.8334987,-1.4894272,0.003858192,-0.3
8.534027,3.8331313,-1.4896172,0.003749094,-0.3
8.534057,3.8327742,-1.4898019,0.0036487454,-0.3
8.534084,3.8324268,-1.4899817,0.0035483968,-0.3
8.534112,3.832089,-1.4901564,0.0034480481,-0.3
8.534139,3.8317606,-1.4903262,0.0033557552,-0.3
8.534164,3.8314412,-1.4904915,0.003263462,-0.3
8.534189,3.8311303,-1.4906522,0.0031711692,-0.3
8.534214,3.8308282,-1.4908084,0.0030862666,-0.3
8.534237,3.8305345,-1.4909604,0.003001364,-0.3
8.53426,3.8302486,-1.4911082,0.0029164613,-0.3
8.534283,3.8299708,-1.4912518,0.0028384107,-0.3
8.534304,3.8297005,-1.4913917,0.0027603603,-0.3
8.534325,3.8294377,-1.4915277,0.0026823098,-0.3
8.534345,3.8291821,-1.4916598,0.002610532,-0.3
8.534365,3.8289337,-1.4917884,0.0025387544,-0.3
8.534384,3.8286917,-1.4919133,0.0024669766,-0.3
8.534403,3.8284569,-1.4920349,0.0024009247,-0.3
8.534421,3.8282282,-1.4921532,0.0023348725,-0.3
8.534438,3.8280058,-1.4922681,0.0022688203,-0.3
8.534455,3.8277898,-1.4923799,0.002208113,-0.3
8.5344715,3.8275795,-1.4924886,0.0021474056,-0.3
8.534488,3.827375,-1.4925944,0.0020866983,-0.3
