7.064662,6.1836042,-2.8178077,0.36757332,0.0
7.0298147,6.1719093,-2.8178077,0.38962436,-0.096373364
6.993048,6.1595707,-2.8240561,0.4116754,-0.19274673
6.954663,6.1469555,-2.8371994,0.43372646,-0.2891201
6.915002,6.1344953,-2.8578093,0.44772193,-0.3
6.87394,6.1225195,-2.879861,0.4617174,-0.3
6.8313327,6.111106,-2.9026022,0.47571287,-0.3
6.7871776,6.100348,-2.9260325,0.4885077,-0.3
6.741589,6.0903654,-2.9500933,0.50130254,-0.3
6.694573,6.0812507,-2.9747841,0.5140974,-0.3
6.646141,6.073096,-3.0001051,0.523,-0.27940443
6.5963717,6.0660067,-3.0241442,0.523,-0.25880888
6.5461617,6.0600824,-3.0464528,0.523,-0.23821332
6.4955688,6.0552545,-3.0670211,0.523,-0.21339327
6.444597,6.0514464,-3.0854812,0.523,-0.18857323
6.393305,6.0485654,-3.1018212,0.523,-0.16375318
6.3417454,6.0465136,-3.1160314,0.523,-0.14166814
6.289986,6.0451903,-3.1283388,0.523,-0.11958309
6.2380643,6.044502,-3.1387377,0.523,-0.097498044
6.1860127,6.0443535,3.1359625,0.523,-0.07590065
6.1338644,6.0446467,3.1293528,0.523,-0.05430325
6.0816455,6.045286,3.1246219,0.523,-0.032705855
6.029381,6.046173,3.1217716,0.49581352,0.06673728
5.9799194,6.0471535,3.1272821,0.468627,0.16618042
5.933707,6.047815,3.140202,0.44144052,0.26562357
5.8911114,6.0478745,-3.1236694,0.41354278,0.36472368
5.8524833,6.047182,-3.0990849,0.38564503,0.4638238
5.8180246,6.0457163,-3.0703306,0.3577473,0.5629239
5.7878466,6.043562,-3.0385113,0.38245627,0.46392733
5.753825,6.0400424,-3.0099888,0.40716526,0.36493078
5.716119,6.0350513,-2.9857702,0.43187425,0.2659342
5.6749544,6.0285845,-2.9668534,0.45125708,0.18646583
5.631286,6.0208755,-2.9529104,0.4706399,0.106997445
5.585322,6.0120983,-2.9445336,0.49002272,0.027529066
5.537286,6.002508,-2.9422855,0.49947664,0.017991131
5.488335,5.9926205,-2.9407878,0.50893056,0.008453196
5.4384665,5.98247,-2.9400709,0.51838446,-0.001084739
5.387677,5.972094,-2.9401646,0.51963186,0.009669227
5.3367667,5.961698,-2.9393272,0.5208793,0.020423193
5.2857513,5.9512362,-2.9375544,0.5221268,0.031177158
5.234647,5.940662,-2.9348416,0.522643,0.037314992
5.183531,5.9299407,-2.931592,0.523,0.04345283
5.132428,5.9190483,-2.9278057,0.523,0.049590666
5.081382,5.907966,-2.9234848,0.523,0.05342427
5.0303936,5.896665,-2.9188302,0.523,0.057257872
4.9794693,5.88513,-2.913842,0.523,0.061091475
4.928615,5.873343,-2.90852,0.523,0.0638905
4.877833,5.861288,-2.9029548,0.523,0.06668952
4.8271284,5.8489532,-2.897146,0.523,0.06948854
4.7765055,5.836326,-2.8910937,0.523,0.0720038
4.7259693,5.8233953,-2.8848228,0.523,0.07451905
4.675524,5.81015,-2.8783333,0.523,0.07703431
4.625176,5.7965803,-2.871625,0.523,0.08281069
4.574943,5.7826796,-2.864415,0.523,0.088587075
4.524836,5.7684245,-2.8567033,0.523,0.09436346
4.474868,5.753791,-2.84849,0.523,0.102935776
4.425063,5.73876,-2.8395333,0.523,0.11150809
4.375441,5.723298,-2.8298337,0.523,0.120080404
4.3260207,5.707371,-2.8193917,0.523,0.12574375
4.2768035,5.6909413,-2.80846,0.523,0.13140708
4.227805,5.6739864,-2.7970386,0.523,0.13707042
4.179041,5.656486,-2.785128,0.523,0.1410109
4.130515,5.638417,-2.7728772,0.523,0.14495139
4.0822415,5.6197643,-2.7602866,0.523,0.14889187
4.034235,5.6005173,-2.747356,0.523,0.15116087
3.9864974,5.5806575,-2.73423,0.523,0.15342987
3.9390414,5.56018,-2.7209084,0.523,0.15569885
3.8918788,5.53908,-2.7073915,0.523,0.15976648
3.8450363,5.5173583,-2.6935244,0.523,0.1638341
3.79853,5.495004,-2.6793072,0.523,0.16790172
3.752378,5.472007,-2.6647406,0.523,0.16872473
3.7065723,5.448343,-2.650103,0.523,0.16954774
3.6611242,5.424014,-2.6353948,0.523,0.17037076
3.616045,5.3990235,-2.620616,0.523,0.17123815
3.571347,5.373373,-2.6057625,0.523,0.17210555
3.5270414,5.3470654,-2.5908346,0.523,0.17297296
3.4831402,5.3201036,-2.5758321,0.523,0.17537025
3.4396667,5.2924976,-2.560624,0.523,0.17776753
3.3966365,5.264246,-2.54521,0.523,0.18016481
3.3540652,5.235347,-2.5295904,0.523,0.1815439
3.3119612,5.205794,-2.5138526,0.523,0.18292299
3.270338,5.1755896,-2.4979966,0.523,0.18430208
3.2292097,5.1447372,-2.4820225,0.523,0.18622662
3.1885939,5.113243,-2.4658833,0.523,0.18815118
3.1485062,5.0811095,-2.4495795,0.523,0.19007573
3.1089625,5.0483384,-2.4331107,0.523,0.19588298
3.0700078,5.0149584,-2.4161453,0.523,0.20169024
3.03167,4.9809623,-2.3986835,0.523,0.20749749
2.9939773,4.946344,-2.380726,0.523,0.21127227
2.9569418,4.9110823,-2.362447,0.523,0.21504705
2.9205866,4.875179,-2.343846,0.523,0.21882182
2.8849354,4.8386364,-2.324924,0.523,0.22586885
2.8500376,4.8014846,-2.3054028,0.523,0.23291588
2.8159277,4.763721,-2.2852833,0.523,0.23996292
2.7826412,4.725344,-2.264567,0.523,0.24176267
2.750171,4.686303,-2.243698,0.523,0.24356242
2.7185366,4.6466107,-2.2226765,0.523,0.24536216
2.6877575,4.6062803,-2.201503,0.523,0.25022075
2.6578758,4.5653577,-2.179919,0.523,0.25507936
2.6289208,4.523852,-2.1579251,0.523,0.25993794
2.6009212,4.481773,-2.1355214,0.523,0.25696632
2.5738502,4.439044,-2.1133683,0.523,0.2539947
2.547712,4.3956923,-2.0914657,0.523,0.25102308
2.5225103,4.3517447,-2.0698137,0.523,0.2512766
2.4982674,4.3072643,-2.0481408,0.523,0.25153014
2.4749956,4.2622724,-2.026446,0.523,0.25178367
2.452707,4.2167892,-2.00473,0.523,0.24819055
2.4313915,4.17079,-1.9833176,0.523,0.24459743
2.4110475,4.124304,-1.9622087,0.523,0.24100433
2.391672,4.0773563,-1.941404,0.523,0.2413632
2.3732789,4.03002,-1.9205688,0.523,0.24172206
2.3558776,3.9823155,-1.8997034,0.523,0.24208093
2.3394768,3.9342623,-1.8788074,0.523,0.23875979
2.3240712,3.8858373,-1.8581928,0.523,0.23543863
2.3096554,3.8370662,-1.8378594,0.523,0.23211747
2.2962236,3.787973,-1.8178077,0.523,0.23497617
2.2837873,3.7386541,-1.7975136,0.523,0.23783487
2.2723622,3.689127,-1.7769772,0.523,0.24069357
2.2619638,3.6394105,-1.7561988,0.523,0.23840302
2.2525954,3.5894606,-1.7356142,0.523,0.23611246
2.2442524,3.5393007,-1.7152238,0.523,0.23382191
2.2369301,3.4889536,-1.6950275,0.523,0.23864755
2.230633,3.4385276,-1.6744223,0.523,0.24347319
2.2253828,3.3880424,-1.6534086,0.523,0.24829882
2.2211993,3.3375192,-1.631987,0.523,0.2460275
2.2180974,3.286889,-1.6107572,0.523,0.24375618
2.2160697,3.2361755,-1.5897197,0.523,0.24148485
2.2151089,3.1854022,-1.5688741,0.523,0.24822536
2.2152064,3.1347053,-1.5474588,0.523,0.25496584
2.2163873,3.0841098,-1.5254742,0.523,0.26170635
2.218676,3.0336425,-1.5029216,0.523,0.2798579
2.2220852,2.983493,-1.4788445,0.523,0.29800946
2.226676,2.9337096,-1.4532509,0.523,0.31616098
2.2325053,2.8843448,-1.426149,0.523,0.32178354
2.2396572,2.8352473,-1.3985817,0.523,0.3274061
2.2481434,2.786458,-1.3705499,0.523,0.33302867
2.2579749,2.7380192,-1.3420546,0.523,0.34214723
2.2691467,2.690034,-1.3128092,0.523,0.3512658
2.2816753,2.6425526,-1.2828164,0.523,0.36038432
2.2955751,2.5956278,-1.2520784,0.523,0.35765976
2.3109262,2.5491047,-1.2215629,0.523,0.35493517
2.3277068,2.5030248,-1.1912699,0.523,0.35221058
2.3458934,2.4574287,-1.1611997,0.523,0.34540218
2.3654912,2.4122882,-1.1316872,0.523,0.33859375
2.3864632,2.3676376,-1.1027339,0.523,0.33178532
2.408772,2.3235083,-1.0743409,0.523,0.32473248
2.4323812,2.2799256,-1.0465299,0.523,0.31767964
2.4572513,2.2369153,-1.0193022,0.523,0.3106268
2.4833431,2.1945012,-0.99265933,0.523,0.30999672
2.510561,2.1527886,-0.9660686,0.523,0.30936664
2.538884,2.1118062,-0.93953025,0.523,0.30873653
2.5682902,2.0715816,-0.9130442,0.523,0.3107299
2.598732,2.032175,-0.8863927,0.523,0.31272325
2.630193,1.9936186,-0.8595758,0.523,0.3147166
2.6626556,1.955944,-0.8325936,0.523,0.3205457
2.6960585,1.9192291,-0.80512875,0.523,0.3263748
2.73039,1.8835155,-0.77718216,0.523,0.33220387
2.765636,1.848844,-0.74875474,0.523,0.33304766
2.8018425,1.8151984,-0.72025776,0.523,0.33389148
2.838982,1.7826076,-0.69169134,0.523,0.33473527
2.877026,1.7511,-0.6630554,0.523,0.3327569
2.9159837,1.7206737,-0.6345824,0.523,0.33077854
2.9558187,1.6913489,-0.60627246,0.523,0.32880017
2.9964952,1.6631444,-0.5781257,0.523,0.32540497
3.0379972,1.6360646,-0.5502592,0.523,0.32200977
3.0802858,1.6101222,-0.5226732,0.523,0.31861457
3.1233222,1.5853281,-0.49536815,0.523,0.31949392
3.167007,1.5617251,-0.4679903,0.523,0.32037324
3.2113085,1.5393333,-0.44053972,0.523,0.32125255
3.2561948,1.5181721,-0.41301638,0.523,0.31381455
3.3017578,1.4982054,-0.38610896,0.523,0.30637655
3.3479514,1.4794272,-0.359819,0.523,0.29893857
3.394731,1.4618288,-0.33414787,0.523,0.29346636
3.4420261,1.4454095,-0.308933,0.523,0.28799415
3.489798,1.430163,-0.2841751,0.523,0.28252193
3.5380104,1.4160813,-0.2598749,0.523,0.26775572
3.5867531,1.4031211,-0.23681341,0.523,0.25298953
3.6359751,1.3912418,-0.21499564,0.523,0.23822334
3.685628,1.3803991,-0.19442636,0.523,0.23130403
3.735576,1.3705636,-0.17444365,0.523,0.22438473
3.7857912,1.361714,-0.15504849,0.523,0.21746543
3.8362467,1.3538276,-0.13624181,0.523,0.21729055
3.8868437,1.3468912,-0.117450014,0.523,0.21711567
3.937564,1.3409066,-0.098673105,0.523,0.21694079
3.9883895,1.3358752,-0.07991108,0.523,0.21491149
4.0393233,1.3317963,-0.061321832,0.523,0.21288219
4.090347,1.3286635,-0.042905442,0.523,0.21085289
4.1414413,1.3264699,-0.024661986,0.523,0.20964889
4.1925807,1.3252084,-0.006521164,0.523,0.20844491
4.243747,1.3248748,0.011516994,0.523,0.20724091
4.2949247,1.3254642,0.029452464,0.523,0.20419975
4.346116,1.3269724,0.04712843,0.523,0.20115857
4.3973045,1.3293866,0.06454474,0.523,0.1981174
4.448475,1.3326939,0.08170123,0.523,0.19584365
4.4996037,1.3368806,0.098663345,0.523,0.1935699
4.5506773,1.3419361,0.11543102,0.523,0.19129615
4.6016817,1.3478498,0.13200416,0.523,0.1888946
4.6526046,1.3546112,0.14837173,0.523,0.18649305
4.703433,1.3622085,0.16453363,0.523,0.18409151
4.754155,1.3706301,0.1804898,0.523,0.17877418
4.8047853,1.3798689,0.19599007,0.523,0.17345685
4.8553143,1.3899009,0.21103401,0.523,0.16813952
4.905733,1.4007018,0.22562122,0.523,0.16638668
4.956003,1.4122403,0.24005777,0.523,0.16463386
5.006117,1.4245069,0.2543436,0.523,0.16288102
5.056064,1.4374919,0.26847872,0.523,0.16029958
5.105844,1.4511875,0.28239173,0.523,0.15771814
5.1554494,1.4655801,0.29608256,0.523,0.1551367
5.2048726,1.4806567,0.30955115,0.523,0.15233332
5.25411,1.4964044,0.32277822,0.523,0.14952995
5.303156,1.512809,0.33576375,0.523,0.14672658
5.3520045,1.5298562,0.34850755,0.523,0.14316392
5.4006577,1.5475336,0.3609441,0.523,0.13960126
5.4491115,1.5658242,0.3730732,0.523,0.1360386
5.497364,1.5847102,0.38489467,0.523,0.13205561
5.5454154,1.6041759,0.3963721,0.523,0.12807263
5.5932655,1.6242023,0.40750527,0.523,0.12408964
5.6409135,1.6447704,0.418294,0.5204239,0.121991314
5.6881156,1.665753,0.42884898,0.5178478,0.11989298
5.734873,1.6871319,0.43917194,0.51527166,0.11779465
5.781187,1.7088889,0.4492646,0.51073164,0.110809974
5.82691,1.730934,0.45867768,0.5061917,0.10382531
5.8720527,1.7532257,0.4674212,0.5016517,0.096840635
5.916627,1.7757235,0.47550526,0.49872422,0.09598692
5.9607625,1.7984493,0.4834715,0.49579674,0.09513319
6.0044613,1.8213925,0.4913208,0.49286926,0.09427947
6.047725,1.8445424,0.4990539,0.4899199,0.09044913
6.090566,1.8678938,0.5064293,0.4869705,0.086618796
6.132991,1.8914262,0.5134506,0.48402116,0.08278845
6.1750073,1.9151192,0.5201216,0.48054484,0.07460584
6.2165914,1.9389352,0.5260913,0.47706848,0.06642322
6.2577558,1.9628386,0.5313688,0.47359216,0.05824061
6.298516,1.9867955,0.53596324,0.46977183,0.04201786
6.33887,2.0107641,0.5392521,0.4659515,0.025795108
6.37884,2.0346825,0.54125506,0.46213117,0.009572357
6.4184456,2.058491,0.5419923,0.45882168,-0.0042400537
6.4577518,2.0821588,0.5416681,0.4555122,-0.018052464
6.4967756,2.1056397,0.5402976,0.45220274,-0.031864874
6.535535,2.1288888,0.5378965,0.44818315,-0.036085676
6.5739994,2.1518357,0.53520155,0.4441636,-0.04030648
6.6121736,2.1744702,0.53221864,0.44014403,-0.04452728
6.6500626,2.196783,0.5289533,0.43284243,-0.048636176
6.6873875,2.2185998,0.52544606,0.42554086,-0.052745067
6.7241497,2.2399151,0.5217069,0.41823927,-0.05685396
6.760351,2.2607248,0.517746,0.40237603,-0.064712025
6.795242,2.2805977,0.5134092,0.3865128,-0.072570086
6.8288217,2.2995312,0.50873846,0.37064952,-0.080428146
6.861088,2.3175263,0.50377536,0.35203743,-0.09619434
6.8917756,2.334442,0.49814004,0.33342534,-0.111960545
6.9208827,2.350273,0.4919313,0.31481326,-0.12772673
6.948405,2.3650212,0.48524782,0.30225882,-0.14038706
6.974879,2.3789809,0.47819883,0.28970435,-0.15304738
7.0002985,2.3921566,0.4708379,0.27714992,-0.1657077
7.0246596,2.4045568,0.46321857,0.26676974,-0.16449887
7.048203,2.416316,0.45593762,0.25638956,-0.16329001
7.0709167,2.4274547,0.44899094,0.2460094,-0.16208115
7.0927887,2.437993,0.4423744,0.24156249,-0.15674964
7.114352,2.4482071,0.43608943,0.23711558,-0.15141812
7.1355987,2.4581084,0.43012834,0.23266867,-0.1460866
7.156521,2.467707,0.4244835,0.22546838,-0.13803813
7.1768713,2.4769046,0.41931275,0.2182681,-0.12998965
7.196639,2.485716,0.41459727,0.21106781,-0.12194118
7.215814,2.4941552,0.41031826,0.20767565,-0.10754614
7.234748,2.5023916,0.40660298,0.20428349,-0.09315111
7.2534294,2.5104356,0.40343603,0.20089133,-0.07875608
7.2718487,2.518298,0.40080187,0.19767395,-0.046873935
7.2900295,2.5260017,0.39925814,0.19445655,-0.01499179
7.3079433,2.53356,0.39877227,0.19123916,0.016890353
7.3255644,2.5409846,0.3993106,0.18388578,0.050673693
7.3424845,2.5481246,0.40086296,0.1765324,0.08445703
7.3586802,2.5549886,0.4033449,0.16917902,0.11824037
