5.306085,4.3623176,-2.9688532,0.5918688,0.0
5.2477794,4.3521447,-2.9688532,0.523,0.050385
5.196323,4.343167,-2.9644632,0.523,0.10077
5.1451025,4.3339977,-2.9556944,0.523,0.151155
5.09429,4.3244414,-2.9425688,0.523,0.16550715
5.0437226,4.3142424,-2.9282079,0.523,0.17985931
4.9934335,4.3033457,-2.9126146,0.523,0.19421145
4.943456,4.2916975,-2.895792,0.523,0.21102326
4.893853,4.2792535,-2.877534,0.523,0.22783506
4.844671,4.265956,-2.8578458,0.523,0.24464686
4.795957,4.2517505,-2.8367329,0.523,0.25134224
4.7476363,4.236545,-2.8150542,0.523,0.2580376
4.69974,4.2203245,-2.7928104,0.523,0.26473296
4.6523013,4.2030735,-2.7700033,0.523,0.27737948
4.6054335,4.1848097,-2.7461338,0.523,0.290026
4.5591855,4.1655035,-2.7212062,0.523,0.30267256
4.5136094,4.145129,-2.6952243,0.523,0.30370185
4.4685926,4.1235847,-2.6691566,0.523,0.30473113
4.424167,4.100882,-2.6430035,0.523,0.3057604
4.380365,4.0770326,-2.6167645,0.523,0.30756283
4.337228,4.052057,-2.5903761,0.523,0.30936524
4.2947893,4.025966,-2.5638378,0.523,0.31116766
4.253082,3.9987748,-2.53715,0.523,0.31233963
4.2121305,3.9704905,-2.510365,0.523,0.31351164
4.1719666,3.9411309,-2.4834826,0.523,0.31468362
4.1326213,3.9107137,-2.4565032,0.523,0.3125502
4.0940843,3.8792245,-2.4297006,0.523,0.31041673
4.056379,3.8466916,-2.403075,0.523,0.3082833
4.019528,3.8131435,-2.3766267,0.523,0.30704215
3.9835632,3.7786188,-2.3502815,0.523,0.30580103
3.9485064,3.743145,-2.3240392,0.523,0.3045599
3.9143791,3.7067492,-2.2979002,0.523,0.3048039
3.8812172,3.669477,-2.2717412,0.523,0.30504793
3.849044,3.6313527,-2.2455616,0.523,0.30529192
3.8178823,3.5924025,-2.2193618,0.523,0.29792854
3.7876825,3.5525582,-2.1937747,0.523,0.2905652
3.758447,3.5118635,-2.168802,0.523,0.2832018
3.7301753,3.4703615,-2.144445,0.523,0.27531222
3.7028608,3.4280875,-2.1207488,0.523,0.26742265
3.676498,3.3850842,-2.0977154,0.523,0.25953308
3.6510785,3.341392,-2.0753458,0.52066076,0.25265092
3.6267083,3.2972608,-2.0536542,0.5183215,0.24576877
3.603365,3.252734,-2.032636,0.5159823,0.23888662
3.581026,3.2078533,-2.0122874,0.51253366,0.23079608
3.5597067,3.1627429,-1.9927467,0.50908506,0.22270556
3.5393727,3.1174464,-1.9740065,0.5056364,0.21461502
3.5199878,3.0720048,-1.9560589,0.5027111,0.20948839
3.501509,3.026437,-1.938635,0.49978578,0.20436177
3.4839106,2.980772,-1.9217303,0.49686044,0.19923514
3.4671676,2.9350374,-1.9053406,0.49481124,0.1947914
3.4512284,2.8891833,-1.8893778,0.492762,0.19034767
3.4360728,2.843232,-1.8738394,0.49071276,0.18590394
3.4216812,2.7972035,-1.8587226,0.4870156,0.17140651
3.408054,2.7511911,-1.8448776,0.48331842,0.15690906
3.3951333,2.705235,-1.8322899,0.47962126,0.14241162
3.3828595,2.6593723,-1.8209444,0.47504708,0.12842229
3.3711967,2.6137252,-1.8108046,0.47047287,0.114432976
3.3600862,2.5683253,-1.8018513,0.4658987,0.10044365
3.3494706,2.5232022,-1.7940649,0.46128216,0.09298487
3.339301,2.4784133,-1.7869265,0.45666564,0.085526094
3.3295436,2.4339721,-1.780425,0.4520491,0.07806732
3.3201654,2.3898916,-1.7745492,0.439709,0.07212992
3.3112912,2.3469422,-1.7692678,0.4273689,0.06619252
3.3028831,2.305136,-1.7645564,0.4150288,0.06025513
3.2949061,2.2644837,-1.760391,0.39309013,0.05682052
3.28751,2.2259414,-1.7566705,0.37115145,0.053385906
3.2806606,2.1895175,-1.7533696,0.34921277,0.049951296
3.2743282,2.1552196,-1.7504636,0.3274368,0.03021521
3.2684796,2.1230175,-1.748815,0.3056608,0.010479122
3.2630672,2.0929363,-1.748281,0.28388482,-0.009256965
3.2580552,2.0649948,-1.748719,0.26598287,-0.012599146
3.253348,2.0388186,-1.7492776,0.24808092,-0.015941327
3.2489445,2.0144076,-1.7499366,0.23017897,-0.019283509
3.2448437,1.9917623,-1.7506764,0.21422738,-0.018993234
3.2410116,1.9706889,-1.7513545,0.19827577,-0.01870296
3.2374518,1.9511871,-1.7519724,0.18232417,-0.018412685
3.234167,1.9332561,-1.752532,0.16984311,-0.024632156
3.2310982,1.9165567,-1.7532291,0.15736204,-0.030851627
3.2282448,1.901089,-1.7540382,0.14488098,-0.037071098
3.2256064,1.8868532,-1.7549331,0.13269702,-0.053662978
3.2231803,1.8738266,-1.7561194,0.12051305,-0.07025486
3.2209651,1.8620108,-1.7575294,0.10832909,-0.08684675
3.2189617,1.8514065,-1.7590953,0.1029169,-0.10371431
3.2170455,1.8413509,-1.7608712,0.0975047,-0.12058188
3.2152166,1.8318456,-1.762826,0.09209251,-0.13744944
3.2134757,1.8228909,-1.764929,0.08770868,-0.14026232
3.2118003,1.8143693,-1.7669727,0.08332485,-0.1430752
3.2101927,1.8062801,-1.7689528,0.078941025,-0.14588806
3.208655,1.7986227,-1.7708654,0.07951117,-0.14235821
3.207091,1.790909,-1.7727456,0.080081314,-0.13882835
3.2055001,1.7831391,-1.7745926,0.08065146,-0.13529849
3.2038827,1.7753131,-1.7764057,0.07909607,-0.12387711
3.2022803,1.7676294,-1.7780346,0.07754068,-0.112455726
3.200695,1.7600892,-1.7794849,0.0759853,-0.10103434
3.1991286,1.7526934,-1.7807622,0.077575006,-0.0836096
3.1975174,1.7451328,-1.7818419,0.07916471,-0.06618486
3.1958628,1.737409,-1.7827145,0.08075442,-0.048760127
3.1941662,1.7295235,-1.7833705,0.07951167,-0.028842533
3.1924894,1.7217546,-1.7837527,0.07826892,-0.008924937
3.1908352,1.7141048,-1.7838691,0.077026166,0.010992658
3.1892066,1.7065768,-1.783728,0.08026838,0.0321785
3.1875112,1.6987354,-1.7832977,0.0835106,0.053364336
3.1857524,1.6905837,-1.7825552,0.08675282,0.074550174
3.183934,1.6821258,-1.7814783,0.0832358,0.094190076
3.1822011,1.6740223,-1.7801735,0.07971878,0.11382997
3.1805549,1.666275,-1.7786645,0.07620177,0.13346986
3.1789963,1.6588852,-1.7769743,0.076203614,0.14989343
3.1774538,1.6515099,-1.7750777,0.07620546,0.16631699
3.175929,1.6441507,-1.7729751,0.0762073,0.18274054
3.1744242,1.6368096,-1.770667,0.07353828,0.18733759
3.1729898,1.6297282,-1.7683843,0.07086926,0.19193463
3.1716242,1.6229068,-1.7661312,0.06820024,0.19653168
3.1703258,1.6163453,-1.7639116,0.07435119,0.20557165
3.168929,1.609202,-1.7613821,0.08050214,0.21461162
3.167439,1.6014788,-1.7585247,0.08665309,0.2236516
3.165862,1.5931778,-1.7553215,0.08524791,0.22460952
3.1643372,1.5850083,-1.752157,0.08384274,0.22556746
3.1628633,1.5769705,-1.7490317,0.08243756,0.2265254
