8.621015,-9.095306,2.0636926,0.01427319,0.0
8.620339,-9.0940485,2.0636926,0.043594353,0.01133765
8.618277,-9.090208,2.0637748,0.07291552,0.0226753
8.614827,-9.083787,2.0640504,0.10223668,0.03401295
8.609989,-9.074787,2.06463,0.131391,0.030637223
8.603764,-9.063223,2.0653007,0.16054532,0.027261496
8.596148,-9.049097,2.06603,0.18969963,0.023885768
8.587134,-9.032411,2.066785,0.2183653,0.014954234
8.576744,-9.013207,2.0673294,0.24703096,0.006022698
8.564976,-8.991488,2.0675774,0.2756966,-0.0029088377
8.551836,-8.967252,2.0674438,0.30332893,-0.013975573
8.537385,-8.940586,2.0667372,0.33096123,-0.025042307
8.521641,-8.911486,2.065356,0.35859355,-0.03610904
8.504631,-8.879944,2.0631983,0.384166,-0.045959104
8.486489,-8.8461275,2.0602567,0.40973848,-0.055809163
8.467256,-8.81002,2.0564475,0.43531093,-0.065659225
8.4469795,-8.7716055,2.0516872,0.4543047,-0.07006434
8.426016,-8.731426,2.0463865,0.4732985,-0.07446946
8.404406,-8.6894655,2.0405176,0.49229226,-0.07887457
8.382192,-8.645705,2.0340528,0.5022563,-0.07888377
8.3598175,-8.600913,2.0274563,0.5122203,-0.07889296
8.337301,-8.555082,2.020728,0.5221844,-0.07890215
8.314662,-8.508207,2.0138683,0.523,-0.065738164
8.292289,-8.46106,2.0081422,0.523,-0.05257418
8.270168,-8.413748,2.0035617,0.523,-0.039410196
8.248252,-8.366306,2.0001273,0.523,-0.023232603
8.226487,-8.318766,1.9981024,0.523,-0.0070550083
8.204813,-8.271169,1.9974874,0.523,0.009122586
8.183169,-8.22356,1.9982827,0.523,0.023909545
8.161492,-8.175981,2.0003667,0.523,0.038696505
8.139728,-8.128468,2.0037389,0.523,0.053483464
8.117816,-8.08106,2.0083985,0.523,0.06439941
8.095699,-8.033788,2.014008,0.523,0.075315356
8.073335,-7.9866743,2.020567,0.523,0.086231306
8.050681,-7.9397507,2.028074,0.523,0.09458454
8.027694,-7.893034,2.0363064,0.523,0.10293777
8.004341,-7.8465466,2.0452633,0.523,0.111291006
7.980595,-7.8003116,2.0549443,0.523,0.11614214
7.9564157,-7.754334,2.065045,0.523,0.12099328
7.9317875,-7.7086296,2.075566,0.523,0.12584442
7.906695,-7.663214,2.0865066,0.523,0.12862255
7.881116,-7.618092,2.0976872,0.523,0.13140067
7.855044,-7.573275,2.109108,0.523,0.13417879
7.828471,-7.528775,2.120769,0.523,0.1349235
7.8013844,-7.4845924,2.1324942,0.523,0.13566822
7.773784,-7.4407353,2.1442835,0.523,0.13641293
7.7456717,-7.3972106,2.1561375,0.523,0.13318914
7.717033,-7.3540034,2.1677127,0.523,0.12996534
7.687883,-7.3111124,2.1790097,0.523,0.12674154
7.6582384,-7.2685356,2.1900277,0.523,0.12146754
7.6281066,-7.22626,2.2005897,0.523,0.116193525
7.597511,-7.184279,2.210695,0.523,0.11091952
7.5664735,-7.142584,2.2203436,0.523,0.10508305
7.5350156,-7.1011643,2.2294865,0.523,0.09924658
7.5031614,-7.060009,2.2381234,0.523,0.09341011
7.470935,-7.019108,2.2462537,0.523,0.087818645
7.4383597,-6.978449,2.2538989,0.523,0.082227185
7.4054594,-6.938021,2.261058,0.523,0.07663572
7.372256,-6.897812,2.2677317,0.523,0.07133289
7.3387713,-6.8578095,2.2739444,0.523,0.06603006
7.3050265,-6.8180017,2.2796957,0.523,0.06072723
7.2710423,-6.778375,2.2849858,0.523,0.055475283
7.2368383,-6.738917,2.289819,0.523,0.050223332
7.202434,-6.699613,2.294195,0.523,0.044971384
7.16785,-6.660451,2.2981136,0.523,0.040237267
7.1331058,-6.6214166,2.30162,0.523,0.03550315
7.098218,-6.582497,2.304714,0.523,0.030769031
7.0632052,-6.5436797,2.3073957,0.523,0.025952255
7.0280833,-6.504951,2.3096576,0.523,0.02113548
6.99287,-6.4662976,2.3114998,0.523,0.016318703
6.957582,-6.427706,2.3129222,0.523,0.011854214
6.9222374,-6.3891616,2.3139555,0.523,0.0073897243
6.8868513,-6.3506527,2.3145995,0.523,0.002925235
6.8514395,-6.3121653,2.3148546,0.523,-0.0008905828
6.8160176,-6.273687,2.314777,0.523,-0.0047064004
6.7805996,-6.2352057,2.3143666,0.523,-0.008522218
6.745198,-6.1967115,2.313624,0.523,-0.011601138
6.709826,-6.158192,2.3126125,0.523,-0.014680058
6.6744943,-6.1196384,2.3113332,0.523,-0.017758977
6.639214,-6.0810413,2.3097851,0.523,-0.020128977
6.603995,-6.042392,2.3080306,0.523,-0.022498976
6.5688453,-6.003682,2.3060696,0.523,-0.024868976
6.533774,-5.964906,2.3039021,0.523,-0.025365388
6.498787,-5.9260545,2.3016913,0.523,-0.0258618
6.4638867,-5.8871264,2.2994373,0.523,-0.026358211
6.4290743,-5.8481197,2.2971401,0.523,-0.021943783
6.394348,-5.809029,2.2952275,0.523,-0.017529357
6.3596935,-5.769869,2.2936995,0.523,-0.013114929
6.325097,-5.7306533,2.2925565,0.523,-0.009067213
6.2905436,-5.691396,2.2917662,0.523,-0.005019498
6.25602,-5.6521106,2.2913284,0.523,-0.0009717822
6.2215133,-5.6128097,2.2912438,0.523,0.0026023388
6.18701,-5.573506,2.2914708,0.523,0.0061764596
6.1524982,-5.53421,2.292009,0.523,0.00975058
6.117966,-5.4949346,2.2928588,0.5226628,0.012857246
6.0834246,-5.455715,2.293979,0.5223256,0.015963912
6.048863,-5.416561,2.2953687,0.5219884,0.019070577
6.014271,-5.3774824,2.2970276,0.52160865,0.020832086
5.979641,-5.3384914,2.2988384,0.52122897,0.022593593
5.9449663,-5.2995925,2.300801,0.5208493,0.024355102
5.910243,-5.260792,2.302915,0.52016145,0.026793694
5.8754854,-5.2221184,2.3052375,0.5194736,0.029232288
5.8406863,-5.183579,2.307768,0.5187858,0.03167088
5.805839,-5.145182,2.310506,0.5179066,0.034070086
5.7709484,-5.1069484,2.3134465,0.5170275,0.036469292
5.736008,-5.0688853,2.3165884,0.5161483,0.038868498
5.701011,-5.031,2.319931,0.51480657,0.042355575
5.665984,-4.9933357,2.3235643,0.5134648,0.045842648
5.630917,-4.9559026,2.3274858,0.512123,0.04932972
5.595802,-4.9187107,2.3316946,0.510549,0.053512048
5.560646,-4.8817887,2.336246,0.50897497,0.057694376
5.52544,-4.845149,2.3411374,0.50740093,0.061876703
5.4901733,-4.808804,2.346367,0.5064665,0.06661232
5.454793,-4.7727213,2.3519855,0.505532,0.07134793
5.4192877,-4.736916,2.3579917,0.50459754,0.07608354
5.3836465,-4.701403,2.3643842,0.50396055,0.08061489
5.3478374,-4.6661754,2.3711479,0.50332355,0.08514623
5.3118496,-4.631248,2.378282,0.50268656,0.08967759
5.275674,-4.5966363,2.3857853,0.502245,0.09237206
5.23928,-4.5623355,2.3935065,0.5018034,0.09506653
5.202665,-4.5283546,2.4014454,0.50136185,0.09776101
5.1658225,-4.4947047,2.4096012,0.5010684,0.093453206
5.1287136,-4.461362,2.4173944,0.50077504,0.0891454
5.091353,-4.428315,2.4248247,0.5004816,0.08483759
5.0537553,-4.3955545,2.4318929,0.49964505,0.0829436
5.015985,-4.363109,2.438792,0.4988085,0.08104962
4.978049,-4.330974,2.4455228,0.49797192,0.07915564
4.9399557,-4.299144,2.4520855,0.49695575,0.07576896
4.901723,-4.2676206,2.458355,0.49593955,0.07238229
4.863362,-4.2363935,2.4643326,0.49492335,0.068995625
4.8248844,-4.2054524,2.4700193,0.49402907,0.06636771
4.786295,-4.1747804,2.47548,0.4931348,0.06373979
4.747602,-4.14437,2.4807153,0.49224052,0.06111188
4.708814,-4.114212,2.4857256,0.49145868,0.049033396
4.669912,-4.0842767,2.4897404,0.49067688,0.036954917
4.630932,-4.0545297,2.4927619,0.48989505,0.024876434
4.5919094,-4.0249367,2.4947927,0.48887366,0.022125084
4.552906,-3.9954824,2.4965954,0.48785225,0.019373734
4.513929,-3.9661586,2.4981706,0.48683086,0.016622383
4.4749856,-3.9369557,2.499519,0.48603368,0.011734414
4.4360642,-3.9078512,2.5004697,0.4852365,0.0068464456
4.3971767,-3.8788302,2.5010233,0.4844393,0.0019584775
4.358337,-3.8498776,2.5011816,0.48341882,-0.0012122631
4.319574,-3.8209922,2.5010839,0.48239833,-0.004383004
4.2808957,-3.792164,2.5007315,0.48137784,-0.007553744
4.2423105,-3.763384,2.5001254,0.48067772,-0.010714442
4.2038,-3.7346234,2.499267,0.47997764,-0.013875139
4.165372,-3.7058725,2.498157,0.47927752,-0.017035836
4.127033,-3.6771226,2.4967964,0.4785266,-0.019644242
4.0887957,-3.648367,2.4952297,0.47777563,-0.02225265
4.0506654,-3.6195984,2.493458,0.4770247,-0.024861056
4.012648,-3.5908093,2.4914815,0.475963,-0.028130043
3.9747756,-3.5620117,2.4892504,0.47490132,-0.03139903
3.9370556,-3.5331972,2.4867656,0.4738396,-0.034668017
3.8994954,-3.5043566,2.4840283,0.47224864,-0.038174324
3.862145,-3.4755142,2.4810245,0.47065768,-0.041680634
3.825012,-3.4466615,2.4777558,0.4690667,-0.045186944
3.7881045,-3.4177897,2.4742243,0.46767205,-0.056092925
3.7514288,-3.38889,2.4698546,0.46627742,-0.06699891
3.7150133,-3.3599365,2.4646516,0.46488276,-0.07790489
3.678886,-3.330904,2.4586217,0.461825,-0.084269375
3.6431892,-3.3018615,2.4521432,0.45876724,-0.09063386
3.6079361,-3.2727985,2.4452226,0.4557095,-0.09699835
3.5731397,-3.243705,2.437867,0.4530478,-0.10395422
3.538784,-3.2145483,2.4300318,0.45038614,-0.11091009
3.5048838,-3.185318,2.4217234,0.4477245,-0.11786596
3.4714534,-3.156005,2.4129486,0.44531634,-0.12384398
3.4384837,-3.1265802,2.4037805,0.4429082,-0.12982202
3.405987,-3.0970378,2.394224,0.44050008,-0.13580005
3.3739746,-3.0673723,2.3842847,0.4383019,-0.14100376
3.34244,-3.0375612,2.3740184,0.4361037,-0.14620748
3.3113928,-3.0076015,2.3634293,0.4339055,-0.1514112
3.2808435,-2.9774911,2.3525214,0.43198407,-0.15476164
3.2507737,-2.9471996,2.3414233,0.43006265,-0.1581121
3.2211897,-2.9167287,2.3301375,0.4281412,-0.16146255
3.1920981,-2.8860798,2.318666,0.4264826,-0.16369304
3.1634817,-2.8552308,2.3070827,0.42482397,-0.16592352
3.1353447,-2.824185,2.2953885,0.42316532,-0.16815402
3.1076918,-2.7929466,2.2835846,0.4189239,-0.16535705
3.08067,-2.7616856,2.2720919,0.4146825,-0.16256009
3.0542672,-2.730421,2.2609062,0.41044113,-0.15976313
3.0284703,-2.699172,2.2500236,0.40480286,-0.15808636
3.003358,-2.6680686,2.2394025,0.39916462,-0.15640959
2.9789162,-2.6371293,2.2290392,0.39352638,-0.15473281
2.9551306,-2.6063704,2.2189312,0.38712996,-0.15522653
2.9320407,-2.575879,2.2089558,0.38073355,-0.15572026
2.909634,-2.5456688,2.1991143,0.37433714,-0.15621398
2.887899,-2.515753,2.1894078,0.3677072,-0.1519782
2.8668213,-2.486142,2.1801298,0.36107728,-0.14774242
2.8463812,-2.456855,2.171271,0.35444736,-0.14350665
2.8265595,-2.4279113,2.1628225,0.34849367,-0.13688082
2.807294,-2.3992634,2.154897,0.34254,-0.130255
2.7885647,-2.3709304,2.1474817,0.3365863,-0.12362918
2.7703524,-2.3429308,2.140564,0.33169922,-0.116295144
2.7525802,-2.3151894,2.1341493,0.32681212,-0.1089611
2.7352312,-2.2877223,2.128226,0.32192504,-0.10162706
2.718289,-2.260544,2.1227827,0.3204503,-0.10186413
2.7015724,-2.2333996,2.1173518,0.31897557,-0.1021012
2.68508,-2.206291,2.1119332,0.31750083,-0.10233827
2.6688108,-2.1792195,2.1065273,0.31758186,-0.106695525
2.6526914,-2.1520662,2.1008906,0.3176629,-0.11105278
2.6367288,-2.1248283,2.0950232,0.31774393,-0.11541004
2.6209302,-2.097504,2.088925,0.31856734,-0.121542774
2.6052692,-2.0700326,2.0824876,0.31939077,-0.12767552
2.5897574,-2.042411,2.0757096,0.3202142,-0.13380826
2.5744061,-2.0146358,2.0685897,0.32171497,-0.14115846
2.5591974,-1.9866499,2.061046,0.32321575,-0.14850868
2.5441465,-1.9584491,2.0530753,0.32471654,-0.15585889
2.5292687,-1.9300299,2.0446744,0.3263671,-0.16281688
2.5145724,-1.9013736,2.035857,0.32801768,-0.16977489
2.500073,-1.8724772,2.0266201,0.32966825,-0.17673288
2.485787,-1.8433373,2.01696,0.33124185,-0.1855399
2.4717388,-1.8139685,2.0067756,0.33281547,-0.19434693
2.4579487,-1.7843683,1.996063,0.33438906,-0.20315397
2.4444368,-1.7545342,1.9848187,0.3352158,-0.2176075
2.4312692,-1.7245686,1.9727569,0.33604255,-0.23206104
2.418475,-1.6944717,1.9598761,0.3368693,-0.24651459
2.4060824,-1.6642449,1.9461753,0.33645567,-0.25117272
2.3941343,-1.6339244,1.9322382,0.33604208,-0.25583085
2.3826377,-1.6035144,1.9180657,0.33562845,-0.26048896
2.3716006,-1.5730197,1.9036586,0.3357345,-0.26103988
2.3610022,-1.5423641,1.8892173,0.33584055,-0.26159078
2.3508458,-1.5115534,1.8747416,0.3359466,-0.2621417
2.3411348,-1.4805937,1.8602315,0.3367914,-0.26411736
2.3318558,-1.4494348,1.8455778,0.33763617,-0.26609305
2.323017,-1.4180814,1.8307801,0.33848098,-0.26806873
2.3146265,-1.3865391,1.815838,0.33951032,-0.2713749
2.3066914,-1.3548077,1.8006699,0.34053966,-0.27468106
2.299223,-1.3228925,1.7852753,0.341569,-0.27798724
2.2922323,-1.2907995,1.7696531,0.34258297,-0.28149208
2.2857308,-1.2585381,1.753792,0.34359694,-0.28499693
2.2797306,-1.226115,1.7376914,0.3446109,-0.28850177
2.2742424,-1.1935371,1.7213502,0.34562075,-0.2918355
2.2692778,-1.160811,1.704777,0.34663057,-0.29516917
2.2648478,-1.1279441,1.6879711,0.34764042,-0.29850286
2.2609632,-1.0949453,1.6709316,0.3486897,-0.3
2.2576332,-1.0618005,1.6537575,0.34973896,-0.3
2.2548645,-1.0285037,1.6365316,0.35078824,-0.3
2.2526631,-0.9950639,1.6192541,0.35231754,-0.3
2.2510328,-0.9614452,1.6019013,0.35384682,-0.3
2.2499814,-0.9276573,1.5844731,0.35537612,-0.3
2.2495172,-0.8937101,1.5669696,0.35756776,-0.3
2.2496479,-0.8595506,1.5493582,0.35975942,-0.3
2.2503846,-0.82518935,1.5316389,0.36195105,-0.3
2.2517383,-0.7906374,1.5138116,0.36452317,-0.3
2.2537217,-0.7558697,1.4958576,0.3670953,-0.3
2.2563472,-0.72089815,1.4777769,0.3696674,-0.3
2.2596276,-0.68573517,1.4595696,0.3727599,-0.3
2.2635803,-0.6503441,1.4412099,0.37585238,-0.3
2.2682204,-0.6147386,1.4226979,0.37894487,-0.3
2.2735622,-0.5789329,1.4040335,0.38272044,-0.3
2.2796314,-0.54287744,1.3851833,0.38649598,-0.3
2.2864454,-0.5065883,1.366147,0.39027154,-0.3
2.2940226,-0.47008225,1.3469249,0.39471224,-0.3
2.302394,-0.43331495,1.327484,0.39915296,-0.3
2.3115807,-0.3963056,1.3078244,0.4035937,-0.3
2.3216035,-0.35907432,1.287946,0.40857255,-0.3
2.3324974,-0.3215929,1.2678224,0.41355145,-0.3
2.344285,-0.2838843,1.2474536,0.41853032,-0.3
2.3569894,-0.24597257,1.2268395,0.42406884,-0.3
2.3706508,-0.20783265,1.2059528,0.42960736,-0.3
2.3852947,-0.1694921,1.1847931,0.43514588,-0.3
2.400946,-0.13097978,1.1633607,0.4405936,-0.3
2.4176247,-0.09233387,1.14166,0.44604132,-0.3
2.435355,-0.053585727,1.119691,0.45148903,-0.3
2.454159,-0.014768048,1.0974536,0.45614627,-0.3
2.4740243,0.02401792,1.0749869,0.4608035,-0.3
2.4949677,0.06273918,1.0522908,0.46546075,-0.3
2.517005,0.10136161,1.0293653,0.46964347,-0.3
2.5401275,0.13981116,1.0062337,0.4738262,-0.3
2.564347,0.1780532,0.9828962,0.4780089,-0.3
2.5896742,0.21605214,0.9593527,0.48112422,-0.3
2.6160595,0.25368804,0.93565565,0.48423955,-0.3
2.6435058,0.29092774,0.9118052,0.4873549,-0.3
2.6720147,0.3277376,0.88780135,0.48956242,-0.3
2.701532,0.36401618,0.86368877,0.49176994,-0.3
2.7320523,0.3997329,0.83946747,0.49397746,-0.3
2.7635696,0.43485692,0.8151374,0.4952109,-0.3
2.7960129,0.46928957,0.79074657,0.49644428,-0.3
2.829369,0.5030045,0.766295,0.4976777,-0.3
2.8636243,0.5359755,0.7417827,0.49856824,-0.3
2.8987403,0.5681546,0.71722656,0.49945873,-0.3
2.9347,0.5995176,0.69262654,0.5003492,-0.3
2.9714856,0.6300409,0.66798264,0.5010473,-0.29813147
3.0090864,0.6597069,0.6434535,0.50174534,-0.29626292
3.0474787,0.68849826,0.6190396,0.50244343,-0.2943944
3.086639,0.7163984,0.5947414,0.5033554,-0.26179892
3.126911,0.7436401,0.57302845,0.5042674,-0.22920342
3.1681745,0.77026546,0.5539333,0.50517935,-0.19660792
3.2103105,0.79632777,0.5374861,0.5074167,-0.18115072
3.253184,0.8218813,0.5222499,0.50965405,-0.16569352
3.2967508,0.84695625,0.5082398,0.51189137,-0.15023632
3.340966,0.8715864,0.49547052,0.5138891,-0.12768863
3.3858073,0.8958201,0.48456395,0.51588684,-0.10514095
3.4312048,0.91971856,0.47554043,0.51788455,-0.08259326
3.4770901,0.94334745,0.46841958,0.5204866,-0.065002106
3.5234342,0.9667966,0.46278477,0.523,-0.047410954
3.5701802,0.9901193,0.45865366,0.523,-0.029819798
3.6170542,1.0132643,0.45605475,0.523,-0.012994027
3.664005,1.0362958,0.45492214,0.523,0.0038317442
3.7109854,1.0592759,0.45525613,0.523,0.020657515
3.7579486,1.0822668,0.45705664,0.523,0.03365953
3.8048537,1.1053343,0.45999008,0.523,0.046661545
3.8516665,1.128527,0.46405596,0.523,0.059663557
3.8983524,1.1518937,0.46925354,0.523,0.06662272
3.9448955,1.1754924,0.47505653,0.523,0.07358189
3.9912784,1.199349,0.48146462,0.523,0.08054105
4.0374823,1.2234895,0.48847753,0.523,0.08740767
4.0834894,1.2479393,0.49608687,0.523,0.0942743
4.1292806,1.272723,0.50429225,0.523,0.10114092
4.174836,1.2978644,0.51309335,0.523,0.105218016
4.2201495,1.3233953,0.52224797,0.523,0.109295115
4.2652073,1.3493284,0.53175586,0.523,0.11337222
4.3099966,1.3756768,0.54161704,0.523,0.11448697
4.3545175,1.402462,0.55157465,0.523,0.11560172
4.398764,1.4296858,0.5616289,0.523,0.11671647
4.442729,1.4573495,0.57177955,0.523,0.122996315
4.486378,1.4854368,0.58247375,0.523,0.12927617
4.52969,1.5139664,0.59371096,0.523,0.13555601
4.572642,1.5429568,0.60549074,0.523,0.13803658
4.615235,1.5724411,0.61748475,0.523,0.14051713
4.657457,1.6024235,0.6296929,0.523,0.14299768
4.6992946,1.6329085,0.6421151,0.523,0.14527905
4.740737,1.6639005,0.6547341,0.523,0.14756042
4.781771,1.6954024,0.66754985,0.523,0.14984179
4.8223844,1.7274166,0.6805622,0.523,0.15533818
4.862543,1.7599292,0.6940481,0.523,0.16083458
4.9022255,1.7929513,0.70800716,0.523,0.16633096
4.941407,1.8264937,0.72243893,0.523,0.17406881
4.9800496,1.8605527,0.7375354,0.523,0.18180665
5.0181203,1.895143,0.7532957,0.523,0.18954448
5.055587,1.930278,0.76971895,0.523,0.19472234
5.092434,1.9659874,0.7865852,0.523,0.1999002
5.1286364,2.0022757,0.803894,0.523,0.20507805
5.164167,2.0391457,0.82164496,0.523,0.20833766
5.199014,2.0766153,0.83967394,0.523,0.21159728
5.233156,2.1146803,0.85798085,0.523,0.2148569
5.2665725,2.1533368,0.87656546,0.523,0.21432793
5.299268,2.1926122,0.895105,0.523,0.21379898
5.3312335,2.2324913,0.9135995,0.523,0.21327004
5.3624597,2.2729595,0.9320489,0.523,0.21015936
5.3929543,2.3140244,0.9502333,0.523,0.2070487
5.422717,2.3556643,0.96815234,0.523,0.20393802
5.4517474,2.3978581,0.985806,0.5227389,0.19552243
5.4800625,2.4406095,1.0027322,0.5224778,0.18710683
5.5076814,2.4838827,1.0189304,0.52221674,0.17869124
5.534624,2.527644,1.0344005,0.51969725,0.17386734
5.5607824,2.5716414,1.0493844,0.51717776,0.16904345
5.586176,2.6158476,1.063886,0.5146583,0.16421956
5.6108255,2.6602361,1.077909,0.51140815,0.15795389
5.6347227,2.7047288,1.0913162,0.5081581,0.15168823
5.6578956,2.7492967,1.1041139,0.50490797,0.14542258
5.680373,2.7939122,1.1163083,0.50205564,0.1396297
5.702199,2.8385823,1.127954,0.4992033,0.13383684
5.7233987,2.8832839,1.1390561,0.49635094,0.12804395
5.7439985,2.9279952,1.1496197,0.49391448,0.12076838
5.764045,2.972742,1.1595371,0.49147806,0.11349282
5.7835655,3.0175018,1.1688137,0.4890416,0.10621725
5.8025913,3.0622542,1.1774548,0.48753658,0.10035519
5.8211837,3.107058,1.1855956,0.48603156,0.094493136
5.8393645,3.1518989,1.1932386,0.48452652,0.08863108
5.8571563,3.196762,1.2003866,0.48343456,0.08384724
5.874595,3.2416685,1.2071345,0.48234257,0.07906341
5.8916984,3.2866075,1.2134838,0.4812506,0.07427958
5.908484,3.3315687,1.2194362,0.4814002,0.06644874
5.925016,3.3766677,1.2247636,0.4815498,0.05861791
5.941321,3.4218905,1.2294656,0.48169938,0.050787073
5.9574246,3.4672232,1.2335411,0.47646886,0.042649545
5.9731765,3.512145,1.236927,0.47123832,0.034512013
5.98861,3.5566401,1.239637,0.46600777,0.026374483
6.003756,3.6006937,1.2416853,0.45381567,0.016904831
6.0184216,3.6436334,1.2429638,0.44162354,0.007435179
6.032641,3.6854427,1.2435111,0.4294314,-0.0020344735
6.046446,3.7261062,1.2433654,0.40822288,-0.012153911
6.059574,3.764757,1.2425386,0.3870144,-0.02227335
6.072048,3.8013828,1.241102,0.36580586,-0.03239279
6.0838847,3.835975,1.2391274,0.34646285,-0.036770124
6.095159,3.868711,1.2370046,0.32711983,-0.04114746
6.1058674,3.8995912,1.234762,0.3077768,-0.045524795
6.1160054,3.9286175,1.2324275,0.29114935,-0.043333918
6.125661,3.9560556,1.2303253,0.27452186,-0.04114304
6.1348205,3.9819102,1.2284435,0.25789437,-0.038952164
6.1434717,4.0061846,1.2267696,0.24214722,-0.029091055
6.151635,4.0289707,1.2255957,0.22640008,-0.019229943
6.1592946,4.050271,1.2248702,0.21065295,-0.009368831
6.166437,4.070088,1.2245412,0.19745876,-0.0028631627
6.173138,4.0886617,1.224447,0.18426456,0.0036425055
6.1793933,4.1059937,1.2245588,0.17107037,0.010148173
6.185199,4.1220846,1.2248482,0.16074415,0.017399639
6.1906486,4.1372046,1.2253144,0.15041791,0.024651105
6.1957407,4.1513534,1.2259322,0.14009169,0.03190257
6.2004743,4.1645308,1.2266771,0.1294293,0.042108543
6.2048373,4.1767044,1.2275851,0.11876692,0.052314512
6.2088284,4.187873,1.2286202,0.10810453,0.06252049
6.2124486,4.1980367,1.2297459,0.10433965,0.07098429
6.2159295,4.207845,1.2309793,0.10057478,0.07944809
6.2192717,4.2172976,1.2323096,0.0968099,0.08791189
6.2224736,4.2263937,1.2337263,0.095240384,0.09862418
6.2256083,4.235338,1.2352892,0.09367087,0.109336466
6.228674,4.24413,1.2369927,0.09210134,0.120048754
6.23167,4.2527695,1.238831,0.091009215,0.13058633
6.2346106,4.2613,1.2408062,0.089917086,0.14112389
6.237495,4.2697225,1.2429141,0.08882496,0.15166146
6.240323,4.278035,1.2451508,0.08765593,0.15576804
6.243093,4.2862396,1.2474172,0.086486906,0.15987463
6.245806,4.2943354,1.249712,0.08531788,0.16398123
6.248463,4.3023224,1.2520332,0.08411188,0.16809197
6.251062,4.3101974,1.2543786,0.082905866,0.1722027
6.2536035,4.31796,1.2567463,0.081699856,0.17631346
6.2560883,4.3256097,1.2591347,0.08115469,0.18288162
6.258535,4.333205,1.2615945,0.08060952,0.18944979
6.260944,4.340747,1.2641245,0.08006436,0.19601797
6.2633147,4.348233,1.2667235,0.07955429,0.20256068
6.265648,4.3556685,1.269391,0.07904423,0.2091034
6.2679434,4.3630524,1.2721256,0.07853416,0.21564612
6.2702007,4.370384,1.2749264,0.07788393,0.22159037
6.272416,4.377652,1.2777793,0.0772337,0.22753462
6.2745895,4.3848557,1.280683,0.07658347,0.23347887
