5.859997,-3.2516742,-1.0712537,0.13899656,0.0
5.8666553,-3.2638755,-1.0712537,0.12435036,0.08758922
5.872589,-3.274749,-1.0694407,0.10970417,0.17517844
5.877781,-3.2842221,-1.066254,0.09505797,0.26276764
5.8822184,-3.2922578,-1.0621388,0.088979386,0.33421478
5.886312,-3.2995992,-1.0572742,0.0829008,0.4056619
5.8900537,-3.3062341,-1.0518217,0.076822214,0.47710904
5.893439,-3.3121598,-1.0459421,0.074550934,0.5194698
5.8966813,-3.3177605,-1.039774,0.072279654,0.5618305
5.8997793,-3.323035,-1.0333563,0.07000838,0.60419124
5.9027286,-3.327984,-1.0267277,0.06751733,0.62050766
5.905572,-3.332684,-1.0201848,0.065026276,0.63682413
5.9083076,-3.3371394,-1.0137402,0.06253523,0.6531406
5.910933,-3.3413548,-1.0074066,0.060767792,0.65583134
5.913505,-3.3454268,-1.0012304,0.059000354,0.6585221
5.9160213,-3.3493564,-0.9952128,0.057232916,0.66121286
5.9184804,-3.3531456,-0.98935527,0.05568745,0.65816885
5.9209,-3.3568273,-0.9836782,0.054141983,0.65512484
5.9232783,-3.3604016,-0.97818047,0.052596517,0.6520808
5.9256134,-3.3638692,-0.9728608,0.051019542,0.64820296
5.9279027,-3.3672307,-0.96772695,0.04944257,0.6443251
5.930145,-3.3704863,-0.96277726,0.0478656,0.64044726
5.9323373,-3.3736365,-0.9580102,0.045941994,0.63603
5.934463,-3.3766599,-0.9534619,0.044018388,0.63161284
5.936519,-3.379557,-0.9491302,0.042094782,0.6271956
5.938504,-3.3823276,-0.94501275,0.03938429,0.62178147
5.9403796,-3.384922,-0.9411893,0.0366738,0.6163673
5.9421415,-3.3873408,-0.9376559,0.033963308,0.6109531
5.9437876,-3.3895836,-0.9344088,0.029749703,0.60344154
5.9452434,-3.3915536,-0.931595,0.0255361,0.5959299
5.946504,-3.3932498,-0.92920625,0.021322496,0.5884183
5.9475656,-3.3946707,-0.92723376,0.0145088155,0.5765906
5.9482956,-3.3956437,-0.9259154,0.007695136,0.5647629
5.948686,-3.3961632,-0.925229,0.0008814566,0.5529351
5.9487314,-3.396223,-0.9251519,-0.010113223,0.53294736
5.9482074,-3.3955274,-0.9260082,-0.021107905,0.51295954
5.9471016,-3.3940575,-0.92773473,-0.032102585,0.49297178
5.945406,-3.3917944,-0.9302668,-0.051228236,0.4595592
5.9426622,-3.3881133,-0.93405384,-0.07035389,0.42614663
5.9388533,-3.3829625,-0.9389008,-0.08947954,0.39273405
5.93397,-3.376292,-0.9446084,-0.1173805,0.341862
5.9274893,-3.3673313,-0.95116687,-0.14528146,0.29098994
5.919407,-3.3560014,-0.95811373,-0.17318241,0.2401179
5.9097333,-3.3422396,-0.96497804,-0.20280656,0.17549308
5.898362,-3.3258243,-0.9708795,-0.23243071,0.11086826
5.88532,-3.3067575,-0.97516555,-0.26205486,0.046243448
5.870634,-3.285088,-0.97718453,-0.2904503,0.009769517
5.854388,-3.261013,-0.9776575,-0.31884572,-0.026704412
5.836572,-3.234584,-0.97623855,-0.34724116,-0.063178346
5.8171606,-3.205876,-0.9725846,-0.37037382,-0.092803195
5.796392,-3.1754022,-0.9668642,-0.39350647,-0.12242805
5.774213,-3.1432548,-0.95885485,-0.41663912,-0.15205291
5.7505546,-3.1095448,-0.94833696,-0.43084916,-0.14642501
5.7257037,-3.0749152,-0.93786,-0.4450592,-0.14079712
5.6996384,-3.0393853,-0.9274506,-0.45926926,-0.13516922
5.672339,-3.0029747,-0.9171356,-0.4664005,-0.13337792
5.6442294,-2.9662778,-0.90679836,-0.47353175,-0.13158663
5.615299,-2.929308,-0.89644325,-0.480663,-0.12979533
5.5855393,-2.8920786,-0.8860744,-0.48276815,-0.1147976
5.5552073,-2.8549297,-0.87685794,-0.4848733,-0.099799864
5.5243506,-2.8178415,-0.8688063,-0.48697844,-0.084802136
5.4930177,-2.7807915,-0.86193174,-0.487393,-0.06576827
5.461358,-2.7438734,-0.8565931,-0.48780757,-0.04673441
5.429441,-2.7070541,-0.8527949,-0.48822215,-0.027700549
5.397334,-2.670299,-0.8505412,-0.4892399,-0.0081345495
5.365066,-2.6335273,-0.8498779,-0.49025768,0.01143145
5.3327074,-2.5967014,-0.85081196,-0.49127546,0.03099745
5.3003297,-2.5597844,-0.85334957,-0.49286327,0.04824298
5.2679634,-2.522691,-0.8573109,-0.49445105,0.06548851
5.2356725,-2.4853864,-0.86270386,-0.49603885,0.08273404
5.203521,-2.447836,-0.8695359,-0.49678946,0.09894509
5.1716256,-2.4100654,-0.87771505,-0.49754006,0.11515613
5.140048,-2.372044,-0.8872431,-0.49829063,0.13136718
5.1088495,-2.3337429,-0.8981216,-0.4988441,0.14730936
5.078104,-2.295148,-0.91032475,-0.49939755,0.16325153
5.047874,-2.2562346,-0.9238524,-0.49995098,0.17919372
5.018222,-2.216981,-0.93870395,-0.4992845,0.18743354
4.989239,-2.1774044,-0.95420986,-0.498618,0.19567335
4.9609566,-2.1375008,-0.9703674,-0.49795154,0.20391317
4.9334054,-2.0972662,-0.9871735,-0.49686027,0.2087586
4.9066205,-2.0567048,-1.0043355,-0.49576902,0.21360403
4.8806195,-2.0158224,-1.0218513,-0.49467778,0.21844946
4.8554215,-1.9746255,-1.0397187,-0.49519718,0.22009754
4.8309464,-1.9329566,-1.0577377,-0.4957166,0.22174561
4.8072104,-1.8908249,-1.0759084,-0.49623603,0.2233937
4.784228,-1.8482401,-1.0942311,-0.49750796,0.22985357
4.7620063,-1.8051955,-1.1131227,-0.49877992,0.23631346
4.7405796,-1.7616943,-1.1325852,-0.50005186,0.24277334
4.7199836,-1.7177418,-1.1526202,-0.5031171,0.24995996
4.700187,-1.6731943,-1.1733625,-0.50618225,0.2571466
4.681239,-1.628056,-1.194818,-0.5092475,0.26433322
4.66319,-1.5823337,-1.2169929,-0.51625675,0.27422425
4.645972,-1.5357151,-1.2402933,-0.523,0.2841153
4.6296797,-1.4882288,-1.2647268,-0.523,0.29400635
4.6145973,-1.4404993,-1.2899867,-0.523,0.3165646
4.6008234,-1.3927448,-1.317122,-0.523,0.3391228
4.5884457,-1.3450019,-1.3461189,-0.523,0.361681
4.5775476,-1.297315,-1.3769625,-0.523,0.37430453
4.568171,-1.2495477,-1.4088329,-0.523,0.38692802
4.5603604,-1.201748,-1.4417249,-0.523,0.39955154
4.554159,-1.1539682,-1.4756331,-0.523,0.40428972
4.54959,-1.1061021,-1.5099216,-0.523,0.40902793
4.546671,-1.0582052,-1.5445893,-0.523,0.41376612
4.545416,-1.0103352,-1.5796355,-0.523,0.4147676
4.5458393,-0.96247154,-1.6147617,-0.523,0.41576907
4.547942,-0.91467345,-1.6499678,-0.523,0.41677055
4.5517244,-0.86700004,-1.6852536,-0.523,0.41753915
4.557184,-0.819506,-1.7206008,-0.523,0.41830775
4.5643167,-0.77225065,-1.7560092,-0.523,0.41907632
4.5731144,-0.7252935,-1.7914788,-0.523,0.4210188
4.583563,-0.6787183,-1.827103,-0.523,0.42296132
4.595653,-0.63258505,-1.8628817,-0.523,0.4249038
4.609374,-0.5869538,-1.8988146,-0.523,0.42238593
4.6247425,-0.5417937,-1.9345475,-0.523,0.41986805
4.6417336,-0.49716115,-1.9700801,-0.523,0.41735017
4.6603208,-0.45311108,-2.0054123,-0.523,0.41355568
4.6804857,-0.40967244,-2.0404418,-0.523,0.40976116
4.7021956,-0.36689585,-2.0751681,-0.523,0.40596667
4.7254157,-0.3248299,-2.1095908,-0.523,0.40107518
4.750121,-0.28350177,-2.1436214,-0.523,0.39618373
4.776273,-0.24295473,-2.177259,-0.523,0.39129224
4.8038287,-0.20322949,-2.2105029,-0.523,0.38268995
4.8327913,-0.16430587,-2.2430525,-0.523,0.37408766
4.8631086,-0.12621538,-2.2749052,-0.523,0.36548534
4.894729,-0.08898581,-2.306059,-0.523,0.36392334
4.9275136,-0.052737623,-2.3370852,-0.523,0.36236134
4.9614267,-0.017502995,-2.3679843,-0.523,0.36079934
4.996433,0.016687289,-2.398756,-0.523,0.3702462
5.0323443,0.04966491,-2.430297,-0.523,0.3796931
5.0691404,0.08137551,-2.462604,-0.523,0.38913998
5.106798,0.111764625,-2.4956744,-0.523,0.392535
5.1453857,0.14085129,-2.5290184,-0.523,0.39593
5.1848655,0.16859615,-2.5626357,-0.523,0.399325
5.2251983,0.19496076,-2.5965257,-0.523,0.3910106
5.2665443,0.2200304,-2.629747,-0.523,0.3826962
5.308843,0.24379325,-2.662297,-0.523,0.3743818
5.3520355,0.266241,-2.6941736,-0.523,0.3682924
5.3960257,0.2873508,-2.7255557,-0.523,0.362203
5.4407606,0.3071159,-2.7564418,-0.523,0.35611358
5.486188,0.32553214,-2.7868311,-0.523,0.33854446
5.5324473,0.34266824,-2.8157804,-0.523,0.32097533
5.5794654,0.35855338,-2.8432808,-0.523,0.30340618
5.6271725,0.37322262,-2.869324,-0.523,0.2750918
5.6756516,0.38675818,-2.8930013,-0.523,0.24677739
5.724808,0.39923617,-2.9142945,-0.523,0.21846297
5.774552,0.41074166,-2.933186,-0.523,0.2133123
5.8245606,0.42131734,-2.9516392,-0.523,0.20816164
5.874811,0.43097907,-2.9696531,-0.523,0.20301096
5.9252815,0.43974352,-2.9872277,-0.5182798,0.23808528
5.975049,0.4474874,-3.0075996,-0.5135596,0.2731596
6.0240574,0.4540938,-3.0306907,-0.5088394,0.30823392
6.0722456,0.45946,-3.056419,-0.48514813,0.3153273
6.118201,0.46338367,-3.0814953,-0.46145684,0.32242063
6.16189,0.46601245,-3.105865,-0.43776554,0.329514
6.2032847,0.467492,-3.129474,-0.4155806,0.29738855
6.243016,0.46797353,3.1334155,-0.39339563,0.2652631
6.280978,0.46766308,3.1162264,-0.3712107,0.23313768
6.3170834,0.46674705,3.101933,-0.34281588,0.22917357
6.3504424,0.46542335,3.0889533,-0.31442106,0.22520944
6.3810477,0.46381077,3.077251,-0.28602624,0.22124533
6.4088955,0.46201655,3.0667899,-0.25711253,0.18121733
6.434115,0.46012652,3.0590668,-0.22819881,0.1411893
6.456631,0.45826414,3.0537148,-0.1992851,0.1011613
6.4763813,0.45652407,3.0503604,-0.17025498,0.04018255
6.493322,0.4549742,3.0492206,-0.14122485,-0.020796204
6.5073814,0.4536718,3.04971,-0.112194724,-0.08177496
6.518516,0.4526458,3.0512373,-0.083167836,-0.13547581
6.526723,0.45190224,3.0531094,-0.05414095,-0.18917668
6.5320196,0.45143235,3.0548065,-0.025114065,-0.24287753
6.534448,0.45122108,3.055813,0.002270174,-0.254536
6.5342293,0.45123988,3.0557177,0.029654413,-0.2661945
6.531379,0.45148528,3.0544176,0.057038654,-0.27785295
6.5259147,0.45196283,3.05181,0.08228887,-0.2659868
6.5180073,0.45267472,3.048205,0.10753908,-0.25412062
6.507644,0.45364532,3.0436993,0.1327893,-0.24225444
6.4948144,0.45490527,3.03839,0.15864098,-0.21662916
6.4794035,0.4565014,3.032707,0.18449268,-0.19100389
6.461397,0.4584698,3.0268695,0.21034436,-0.1653786
6.4407864,0.4608448,3.0210981,0.23704366,-0.13654862
6.417473,0.46366763,3.0157201,0.26374295,-0.10771865
6.3914585,0.46695948,3.0109944,0.29044226,-0.07888867
6.3627515,0.47073007,3.0071795,0.31883258,-0.029978167
6.33117,0.4750008,3.0055869,0.3472229,0.018932331
6.2967744,0.47970784,3.0066824,0.37561318,0.067842826
6.25964,0.48474827,3.0109262,0.40486765,0.121116936
6.2197924,0.48998484,3.019079,0.43412212,0.17439105
6.177359,0.49520966,3.031633,0.46337658,0.22766516
6.1324897,0.5001635,3.049064,0.49271786,0.25147036
6.084972,0.5045728,3.0694976,0.52205914,0.2752756
6.034862,0.50819176,3.093148,0.523,0.2990808
5.9849424,0.510612,3.118831,0.523,0.28692573
5.9347935,0.5117537,-3.1396859,0.523,0.27477068
5.8844557,0.5116577,-3.1160352,0.523,0.26261562
5.8339653,0.51036704,-3.0934062,0.49300674,0.36201653
5.7879133,0.5081462,-3.0643055,0.4630135,0.46141744
5.7465777,0.50494516,-3.0299485,0.43302023,0.5608183
5.7101374,0.5008598,-2.9915628,0.4030912,0.6490362
5.678385,0.49605992,-2.9509568,0.37316215,0.73725414
5.6512594,0.4908253,-2.9091465,0.3432331,0.82547206
5.6286073,0.4854629,-2.867108,0.31339398,0.7670474
5.606889,0.47934714,-2.8308582,0.28355482,0.70862275
5.5863905,0.47276443,-2.8001025,0.25371566,0.65019816
5.567362,0.46600136,-2.774505,0.22403969,0.59823984
5.550082,0.45935705,-2.7534754,0.1943637,0.5462815
5.53471,0.45307195,-2.7366464,0.16468772,0.4943232
5.521385,0.44736046,-2.7236242,0.13512455,0.4456243
5.510242,0.44241133,-2.7139173,0.105561376,0.39692542
5.5013833,0.43837348,-2.707116,0.0759982,0.34822655
5.494903,0.43536645,-2.7027936,0.04645234,0.30091694
5.490887,0.4334816,-2.7004988,0.016906483,0.25360733
5.489407,0.4327829,-2.699792,-0.012639375,0.20629774
5.4905252,0.43331185,-2.7002234,-0.042294566,0.13967441
5.4943123,0.435101,-2.7012048,-0.07194976,0.07305107
5.5008035,0.43815997,-2.70208,-0.101604946,0.006427735
5.5099983,0.44248316,-2.702189,-0.13145095,-0.048944026
5.52188,0.44806838,-2.701117,-0.16129695,-0.10431579
5.5363913,0.4549082,-2.6983178,-0.19114295,-0.15968755
5.553438,0.46300203,-2.6932523,-0.2210574,-0.16083294
5.573102,0.47246054,-2.6873522,-0.25097185,-0.16197832
5.5953593,0.48332852,-2.6806064,-0.2808863,-0.16312371
5.6201816,0.49565738,-2.6730037,-0.3108011,-0.09347163
5.6477904,0.50963277,-2.668169,-0.3407159,-0.023819547
5.6781063,0.5251628,-2.6668165,-0.37063068,0.045832533
5.7110353,0.542088,-2.6696467,-0.40034518,0.1342191
5.7463727,0.5601248,-2.6785755,-0.43005967,0.22260565
5.783901,0.57885945,-2.6943996,-0.45977417,0.3109922
5.8233685,0.59778804,-2.7178483,-0.48431903,0.34785452
5.864873,0.6165093,-2.7453642,-0.5088639,0.38471684
5.9083853,0.634713,-2.7771933,-0.523,0.42157915
5.952973,0.6517201,-2.8128622,-0.50760263,0.3991578
5.997238,0.6668194,-2.8457415,-0.49220523,0.37673643
6.0410185,0.68016344,-2.8759208,-0.47680783,0.35431504
6.0841684,0.6919048,-2.9034922,-0.4602282,0.35657662
6.1260796,0.7020768,-2.9302673,-0.44364855,0.3588382
6.1666946,0.71078986,-2.9562345,-0.42706892,0.36109975
6.205963,0.71815306,-2.981382,-0.41140518,0.32760048
6.2444167,0.724367,-3.0034451,-0.39574143,0.2941012
6.281931,0.7295827,-3.0225646,-0.3800777,0.26060194
6.3183956,0.73394364,-3.0388865,-0.37169963,0.28081453
6.3539214,0.7376053,-3.0560553,-0.36332157,0.30102712
6.3884926,0.74056965,-3.0740097,-0.3549435,0.32123974
6.4220943,0.74284405,-3.092688,-0.34043312,0.30788594
6.4544983,0.74442995,-3.1098824,-0.32592276,0.29453218
6.4856715,0.7454188,-3.1256514,-0.31141236,0.2811784
6.515586,0.74589574,-3.1400535,-0.3031067,0.27382833
6.5447674,0.7459406,3.1294708,-0.29480106,0.26647827
6.5732045,0.74559593,3.1165323,-0.2864954,0.25912818
6.600889,0.744902,3.1042972,-0.25835505,0.20915368
6.626144,0.74395967,3.0953567,-0.2302147,0.15917917
6.64885,0.7429091,3.089275,-0.20207435,0.10920466
6.6689095,0.74185866,3.0856042,-0.17386883,0.046282
6.6862507,0.74088675,3.0842636,-0.14566332,-0.016640658
6.700791,0.7400522,3.0846674,-0.1174578,-0.07956331
6.7124805,0.7393861,3.0862234,-0.08916405,-0.121381864
6.721318,0.73889625,3.0880227,-0.060870297,-0.16320041
6.7273154,0.7385747,3.0896711,-0.03257655,-0.20501895
6.7305007,0.7384091,3.0907764,-0.004971346,-0.20299
6.730987,0.7383844,3.0909436,0.022633856,-0.20096105
6.7287717,0.73849666,3.0901906,0.05023906,-0.1989321
6.7238536,0.73874974,3.0885358,0.07457916,-0.1747756
6.71652,0.7391392,3.0863745,0.09891925,-0.15061912
6.7067547,0.739679,3.0839007,0.12325935,-0.12646264
6.6945477,0.740384,3.0813096,0.14700511,-0.09187526
6.6799355,0.7412659,3.0790617,0.17075086,-0.05728789
6.662922,0.7423312,3.0774324,0.19449662,-0.022700518
6.643517,0.7435779,3.0766964,0.21932045,0.017330606
6.6216345,0.745,3.0773299,0.24414426,0.05736173
6.5973105,0.7465653,3.0796628,0.2689681,0.09739285
6.5705924,0.74822205,3.0840218,0.29629016,0.14799972
6.541336,0.7499082,3.0913036,0.32361224,0.1986066
6.509651,0.751503,3.1019452,0.35093433,0.24921346
6.4756684,0.752851,3.1163712,0.37943253,0.2958476
6.4393854,0.7537663,3.1348083,0.40793073,0.34248173
6.400962,0.754027,-3.1255445,0.43642893,0.38911587
6.360587,0.753379,-3.09795,0.40776888,0.47624266
6.324382,0.7517979,-3.0667934,0.37910882,0.56336945
6.2924194,0.7494027,-3.0330503,0.35044876,0.65049624
6.2646956,0.7463816,-2.9976795,0.32297766,0.6611639
6.239467,0.7427256,-2.964626,0.2955066,0.6718316
6.2166996,0.7386539,-2.9339712,0.2680355,0.6824993
6.1963468,0.7343665,-2.9057949,0.2391887,0.62650377
6.1775064,0.7298398,-2.8824215,0.21034192,0.5705083
6.160395,0.7253029,-2.8634884,0.18149512,0.5145128
6.145202,0.7209653,-2.8486025,0.15216608,0.45511812
6.132117,0.7170179,-2.8374546,0.122837044,0.39572346
6.1213026,0.7136236,-2.829563,0.093508005,0.3363288
6.112902,0.7109138,-2.8244195,0.06392982,0.28025305
6.107065,0.7089977,-2.8214724,0.034351632,0.2241773
6.103886,0.7079438,-2.8201997,0.0047734445,0.16810155
6.1034393,0.70779514,-2.8200665,-0.025034046,0.08866411
6.1058054,0.7085831,-2.820436,-0.054841537,0.009226668
6.1110086,0.7103142,-2.8205204,-0.08464903,-0.07021077
6.1190214,0.712979,-2.8195305,-0.11454101,-0.09723174
6.129835,0.71658736,-2.8176773,-0.14443299,-0.12425271
6.1434216,0.72114897,-2.814694,-0.17432496,-0.15127367
6.1597424,0.7266827,-2.8103156,-0.20418546,-0.1156604
6.1789217,0.7332795,-2.8063884,-0.23404595,-0.08004712
6.200953,0.7409541,-2.8032691,-0.26390645,-0.04443385
6.225823,0.74970466,-2.8013155,-0.29301143,0.03971346
6.2534223,0.7594762,-2.8032544,-0.3221164,0.12386077
6.283575,0.77008593,-2.809887,-0.35122138,0.20800808
6.3160667,0.7812771,-2.8219755,-0.3695673,0.28135988
6.3497725,0.7924324,-2.839078,-0.38791323,0.35471165
6.384497,0.8032698,-2.861533,-0.40625915,0.42806345
6.4200172,0.8134861,-2.88964,-0.383965,0.39735213
6.454304,0.8223124,-2.9144044,-0.36167085,0.36664084
6.4872003,0.8299172,-2.9360132,-0.3393767,0.3359295
6.518566,0.8364578,-2.9546587,-0.32854187,0.3332355
6.5490723,0.84222776,-2.97257,-0.31770706,0.3305415
6.578695,0.8472829,-2.9897556,-0.30687225,0.32784748
6.6074133,0.85167724,-3.0062246,-0.29677287,0.3172522
6.6353517,0.85548246,-3.0216548,-0.2866735,0.3066569
6.662485,0.85875255,-3.036078,-0.2765741,0.29606158
6.688792,0.86153865,-3.0495267,-0.26974455,0.28024852
6.7146044,0.8639218,-3.0619617,-0.26291496,0.26443547
6.7399015,0.8659405,-3.0734143,-0.2560854,0.24862243
6.764665,0.8676315,-3.0839167,-0.24763913,0.23987862
6.78868,0.8690181,-3.0937226,-0.23919287,0.23113483
6.8119364,0.87013227,-3.1028552,-0.2307466,0.22239104
6.834426,0.87100387,-3.1113374,-0.22603601,0.23228526
6.8564124,0.8716693,-3.12001,-0.22132543,0.24217948
6.8778944,0.87213296,-3.1288562,-0.21661483,0.2520737
6.8988695,0.87240016,-3.1378605,-0.21124206,0.24428272
6.9193664,0.87247664,3.1368096,-0.2058693,0.23649172
6.93938,0.8723809,3.1287706,-0.20049654,0.22870073
6.958906,0.8721305,3.1211948,-0.17272736,0.1558676
6.975966,0.8717825,3.116726,-0.14495818,0.08303449
6.990407,0.8714233,3.114722,-0.117189005,0.01020137
7.0021214,0.8711085,3.1145227,-0.089166746,-0.02618882
7.0110316,0.8708672,3.114912,-0.06114449,-0.06257901
7.017132,0.8707044,3.1155493,-0.03312223,-0.098969206
7.0204268,0.8706186,3.1160946,-0.005035454,-0.09159095
7.020928,0.8706058,3.1161714,0.023051322,-0.08421269
7.018632,0.8706642,3.1158483,0.051138096,-0.07683443
7.013535,0.8707954,3.115194,0.07601978,-0.043141097
7.0059423,0.87099594,3.1146476,0.100901455,-0.009447759
6.9958563,0.87126774,3.1144888,0.12578315,0.024245579
6.9832864,0.8716085,3.114997,0.14712179,0.072924525
6.968619,0.8719987,3.1167836,0.16846044,0.121603474
6.951902,0.8724135,3.1201894,0.1897991,0.17028242
6.933201,0.8728138,3.12555,0.21201661,0.22854337
6.9125533,0.8731451,3.1335557,0.23423412,0.28680432
6.8900876,0.8733257,-3.138586,0.25645164,0.34506527
6.865954,0.8732531,-3.124128,0.28643683,0.41886353
6.8397903,0.8727961,-3.1047115,0.316422,0.49266177
6.81193,0.8717682,-3.0797682,0.34640718,0.56646
6.7827563,0.86996216,-3.0487852,0.37640467,0.50002086
6.749866,0.8669009,-3.0187075,0.40640217,0.4335817
6.7132645,0.8623804,-2.990251,0.43639967,0.36714253
6.6729984,0.8562395,-2.9641435,0.46633843,0.27894628
6.628871,0.8483259,-2.942743,0.4962772,0.19075002
6.581104,0.8387002,-2.927061,0.523,0.10255376
6.530271,0.8276245,-2.9181373,0.50073886,0.17484556
6.482187,0.8166973,-2.9036198,0.4784777,0.24713737
6.4371,0.80576074,-2.8841114,0.45621654,0.31942916
6.395214,0.794731,-2.8602343,0.43136936,0.33626541
6.3560944,0.7834244,-2.8365114,0.40652218,0.35310164
6.3197117,0.771967,-2.8130815,0.38167498,0.3699379
6.286029,0.76048595,-2.790082,0.35293096,0.38087037
6.2552686,0.74920475,-2.7682161,0.32418695,0.39180285
6.2273707,0.7382757,-2.747584,0.29544294,0.40273532
6.202273,0.7278413,-2.728285,0.26643395,0.3438683
6.1793013,0.7177667,-2.7133145,0.23742495,0.28500125
6.1585746,0.7083041,-2.7021887,0.20841599,0.22613421
6.140193,0.6996638,-2.6944005,0.1794832,0.15368648
6.1242003,0.6919938,-2.6898212,0.15055044,0.08123873
6.1107,0.68544304,-2.6877851,0.12161767,0.008790994
6.09977,0.68011165,-2.6876068,0.09217437,-0.053700723
6.091498,0.67607516,-2.6884315,0.06273108,-0.11619244
6.085896,0.67334723,-2.6896436,0.033287786,-0.17868415
6.082949,0.6719166,-2.6906297,0.0035119515,-0.18000573
6.0826383,0.67176604,-2.6907344,-0.026263883,-0.18132731
6.0849633,0.6728917,-2.689945,-0.056039717,-0.18264888
6.0899215,0.67529684,-2.6882486,-0.085932404,-0.1567916
6.0975523,0.6790143,-2.6860123,-0.11582509,-0.13093433
6.1078644,0.68406683,-2.683492,-0.14571777,-0.10507704
6.1208615,0.6904756,-2.6809447,-0.17559637,-0.07466763
6.136547,0.6982596,-2.6787615,-0.20547497,-0.044258226
6.154915,0.7074247,-2.6772463,-0.23535357,-0.013848817
6.175956,0.71796376,-2.676703,-0.264932,0.06076772
6.199594,0.72981936,-2.6793845,-0.29451042,0.13538426
6.2257133,0.7428322,-2.6860096,-0.32408884,0.2100008
6.254177,0.75677836,-2.6972697,-0.35013002,0.28871742
6.284482,0.7712056,-2.7138846,-0.37617117,0.36743405
6.316426,0.78576726,-2.736406,-0.40221235,0.44615066
6.349772,0.8000701,-2.7653317,-0.4030802,0.41919184
6.3840146,0.81359875,-2.7926755,-0.403948,0.39223298
6.4190927,0.82636017,-2.8184104,-0.40481585,0.36527416
6.454946,0.83836836,-2.842511,-0.3853405,0.38777953
6.489035,0.8488791,-2.8667958,-0.36586514,0.4102849
6.5213265,0.857983,-2.891118,-0.3463898,0.43279028
6.5517907,0.86577713,-2.915331,-0.33481887,0.39621618
6.581891,0.8727064,-2.9368672,-0.32324794,0.35964206
6.611516,0.87885755,-2.9558277,-0.311677,0.32306793
6.640563,0.8843163,-2.9723194,-0.2979711,0.32114398
6.6684327,0.8890795,-2.9879954,-0.2842652,0.31922
6.695105,0.89320886,-3.0028636,-0.2705593,0.31729603
6.7205634,0.89676356,-3.0169327,-0.26738682,0.29306227
6.7459636,0.8999464,-3.0298066,-0.26421434,0.2688285
6.771277,0.9027879,-3.0415027,-0.26104188,0.24459474
6.7964773,0.90531874,-3.0520384,-0.24834068,0.24917483
6.820448,0.9074711,-3.0622454,-0.2356395,0.25375494
6.843186,0.9092791,-3.0721047,-0.2229383,0.25833505
6.864688,0.91077566,-3.081597,-0.2230994,0.2552142
6.886236,0.91207004,-3.090984,-0.22326049,0.25209334
6.907829,0.9131637,-3.1002653,-0.22342159,0.2489725
6.929464,0.9140583,-3.1094408,-0.2114448,0.2606304
6.9498835,0.9147151,-3.1185222,-0.199468,0.27228826
6.9690905,0.9151583,-3.1274629,-0.18749121,0.28394616
6.987087,0.9154126,-3.1362169,-0.17853959,0.24376787
7.0044127,0.91550577,3.1397862,-0.16958795,0.20358959
7.0210214,0.9154757,3.1340716,-0.16063632,0.16341132
7.0368705,0.9153565,3.1297162,-0.13296396,0.104063995
7.050094,0.91519946,3.1274142,-0.10529158,0.044716675
7.0606117,0.9150503,3.1266296,-0.07761921,-0.0146306455
7.068372,0.9149342,3.126819,-0.049371116,-0.027526254
7.0733066,0.9148613,3.1270454,-0.021123022,-0.040421862
7.075417,0.9148306,3.1271877,0.0071250745,-0.05331747
7.0747056,0.9148409,3.1271243,0.034052223,-0.0346402
7.0713024,0.9148901,3.1269279,0.060979374,-0.015962929
7.065206,0.9149795,3.1267655,0.087906525,0.002714342
7.0564165,0.9151098,3.1268053,0.1109483,0.044879667
7.045334,0.9152737,3.127635,0.13399008,0.087045
7.031987,0.91546005,3.1295764,0.15703185,0.12921032
7.016416,0.91564715,3.1329486,0.17700854,0.18559521
6.9990196,0.91579753,3.1383927,0.19698524,0.24198012
6.979895,0.91585875,-3.1369255,0.21696194,0.29836503
6.959158,0.91576195,-3.126296,0.24693136,0.37566477
6.936189,0.9154106,-3.1111965,0.2769008,0.45296454
6.911303,0.9146539,-3.0909996,0.30687022,0.5302643
6.8848643,0.9133151,-3.0651324,0.33686888,0.53829926
6.8560257,0.9111058,-3.0363483,0.36686754,0.5463342
6.8248525,0.9078129,-3.0045803,0.39686617,0.55436915
6.791426,0.90320414,-2.9697614,0.42686376,0.45639592
6.753673,0.8966524,-2.938407,0.45686132,0.3584227
6.7117705,0.8880192,-2.911696,0.4868589,0.26044947
