-0.68262213,8.9502325,2.2684822,0.6735254,0.0
-0.7258925,9.001847,2.2684822,0.523,0.09915955
-0.75932735,9.041729,2.2771115,0.523,0.1983191
-0.79260653,9.080737,2.2942853,0.523,0.29747865
-0.8257087,9.118215,2.3198347,0.523,0.3961358
-0.85856366,9.153549,2.3534684,0.523,0.49479297
-0.8910212,9.186185,2.3948596,0.523,0.5934501
-0.9228418,9.215635,2.4436054,0.523,0.6893325
-0.9537619,9.241572,2.4990454,0.523,0.7852149
-0.98337376,9.263738,2.5606701,0.523,0.8810973
-1.0111934,9.282001,2.6279137,0.523,0.9698488
-1.0369486,9.296532,2.6998088,0.523,1.0
-1.0624934,9.308613,2.7731571,0.523,1.0
-1.0888549,9.31879,2.8465052,0.523,1.0
-1.1158913,9.327008,2.9198534,0.523,1.0
-1.1434573,9.333223,2.9932017,0.523,1.0
-1.1714045,9.337401,3.06655,0.523,1.0
-1.1995828,9.3395195,3.139898,0.523,1.0
-1.2278405,9.339567,-3.069939,0.523,1.0
-1.2560259,9.337544,-2.9965906,0.523,0.9267333
-1.2870998,9.333007,-2.9268868,0.523,0.8534667
-1.3206911,9.325682,-2.861201,0.523,0.7802
-1.3564128,9.315394,-2.7998862,0.52078676,0.76639533
-1.3917619,9.302822,-2.7396882,0.5185735,0.7525907
-1.4265976,9.288015,-2.6806114,0.5163603,0.73878604
-1.4607867,9.271035,-2.6226592,0.51476926,0.72329646
-1.494295,9.251897,-2.565875,0.5131782,0.7078068
-1.5270005,9.230669,-2.5102663,0.51158714,0.6923172
-1.5587901,9.207426,-2.45584,0.48935944,0.6846176
-1.5881293,9.18342,-2.4042635,0.4671317,0.676918
-1.6150849,9.158939,-2.3554955,0.44490397,0.6692184
-1.6397414,9.134248,-2.3094943,0.42593026,0.66874814
-1.662243,9.10954,-2.2654812,0.40695655,0.66827786
-1.6826901,9.085001,-2.2234538,0.38798285,0.6678076
-1.7011907,9.060798,-2.1834097,0.38525492,0.68332165
-1.7183695,9.036355,-2.1428697,0.382527,0.69883573
-1.7342242,9.011732,-2.1018548,0.37979907,0.7143498
-1.7487565,8.98699,-2.0603855,0.3693359,0.6532394
-1.7625492,8.961105,-2.022974,0.35887274,0.59212905
-1.7755598,8.93432,-1.9895911,0.34840956,0.5310186
-1.7877771,8.906874,-1.9601847,0.33751118,0.5239058
-1.7988713,8.879838,-1.9320438,0.32661277,0.51679295
-1.8089075,8.853274,-1.9051476,0.3157144,0.50968015
