9.252166,-2.6106691,1.7337219,-0.24369553,0.0
9.256119,-2.634716,1.7337219,-0.2726206,0.08881577
9.260524,-2.661511,1.7296917,-0.30154562,0.17763154
9.26522,-2.690817,1.7208112,-0.33047068,0.2664473
9.269984,-2.7223399,1.7063087,-0.35832796,0.27929774
9.274638,-2.7564685,1.6898447,-0.38618526,0.29214814
9.27903,-2.7931888,1.6713072,-0.41404256,0.30499858
9.282993,-2.8324828,1.6505849,-0.4376863,0.2568985
9.286367,-2.8746805,1.6320503,-0.46133,0.2087984
9.289129,-2.9197268,1.6161125,-0.48497373,0.16069831
9.291298,-2.9675503,1.6031792,-0.495459,0.14956327
9.292885,-3.0165174,1.5908748,-0.5059442,0.13842823
9.293891,-3.0666177,1.5792392,-0.5164295,0.12729318
9.294323,-3.117841,1.5683125,-0.5164737,0.109102845
9.294195,-3.169181,1.5589396,-0.516518,0.090912506
9.293586,-3.2206159,1.5511241,-0.5165622,0.07272216
9.292572,-3.2721257,1.5448687,-0.50574344,0.08919396
9.291266,-3.322482,1.5373604,-0.4949247,0.105665766
9.289621,-3.371671,1.5286605,-0.48410594,0.12213757
9.287597,-3.4196782,1.5188304,-0.45904344,0.10719326
9.285227,-3.4652574,1.510645,-0.43398097,0.092248954
9.282629,-3.5083928,1.5039822,-0.40891847,0.07730465
9.279906,-3.5490718,1.4987189,-0.38411042,0.07697102
9.277148,-3.5872695,1.4937961,-0.35930237,0.076637395
9.274393,-3.6229882,1.4892113,-0.33449432,0.076303765
9.271675,-3.6562293,1.4849616,-0.31670493,0.05541109
9.268964,-3.6877348,1.4820383,-0.2989155,0.03451841
9.266315,-3.717491,1.4803189,-0.2811261,0.013625729
9.263776,-3.745486,1.4796805,-0.27551162,0.018047344
9.26127,-3.7729185,1.4788518,-0.2698971,0.02246896
9.258792,-3.7997873,1.4778413,-0.26428258,0.026890576
9.25634,-3.826092,1.4766569,-0.24678394,0.010392195
9.254021,-3.8506598,1.4762294,-0.2292853,-0.0061061857
9.251855,-3.8734853,1.4764628,-0.21178666,-0.022604566
9.249861,-3.8945646,1.4772606,-0.2055835,-0.038688302
9.247942,-3.9150176,1.478586,-0.19938035,-0.054772038
9.246109,-3.9348412,1.4804051,-0.1931772,-0.070855774
9.2443695,-3.954032,1.4826845,-0.18691045,-0.084491774
9.242731,-3.972584,1.4853134,-0.18064371,-0.09812778
9.241196,-3.9904957,1.488263,-0.17437698,-0.11176379
9.239767,-4.007766,1.4915044,-0.1681937,-0.12750602
9.238446,-4.024396,1.495069,-0.16201042,-0.14324825
9.237232,-4.0403852,1.4989238,-0.15582715,-0.15899047
9.236128,-4.055732,1.5030355,-0.15205482,-0.16922523
9.235113,-4.0706854,1.5073037,-0.1482825,-0.17945997
9.234187,-4.085246,1.511715,-0.14451016,-0.18969473
9.233349,-4.0994134,1.5162566,-0.14007145,-0.2037815
9.232601,-4.11311,1.520981,-0.13563274,-0.21786828
9.231942,-4.1263366,1.5258671,-0.13119403,-0.23195505
9.231369,-4.1390915,1.5308937,-0.1280302,-0.24466783
9.230873,-4.1515036,1.5360625,-0.12486636,-0.25738057
9.2304535,-4.1635714,1.5413599,-0.12170253,-0.27009335
9.230108,-4.1752954,1.5467721,-0.11585618,-0.28945035
9.229842,-4.186396,1.5522834,-0.11000982,-0.3
9.229648,-4.1969037,1.5577018,-0.10416347,-0.3
9.229517,-4.206854,1.5628322,-0.10046518,-0.3
9.229441,-4.2164516,1.5677805,-0.09676688,-0.3
9.229413,-4.225696,1.5725466,-0.093068585,-0.3
9.229428,-4.234587,1.5771306,-0.0898751,-0.3
9.229483,-4.243173,1.5815572,-0.08668162,-0.3
9.229571,-4.2514534,1.5858265,-0.08348813,-0.3
9.2296915,-4.2594285,1.5899386,-0.08205143,-0.3
9.229841,-4.267266,1.5939798,-0.08061474,-0.3
9.2300205,-4.2749653,1.5979505,-0.079178035,-0.3
9.230226,-4.2825265,1.6018503,-0.07790231,-0.3
9.230456,-4.289965,1.6056871,-0.07662658,-0.3
9.230712,-4.2972813,1.6094613,-0.07535084,-0.3
9.23099,-4.3044744,1.6131725,-0.07411833,-0.3
9.23129,-4.3115487,1.6168232,-0.07288581,-0.3
9.23161,-4.3185043,1.6204131,-0.07165329,-0.3
9.23195,-4.325341,1.6239421,-0.07052975,-0.3
9.232308,-4.33207,1.627416,-0.06940621,-0.3
9.232683,-4.33869,1.6308345,-0.06828267,-0.3
