-9.369965,-2.9753108,0.952997,0.5768953,0.0
-9.336548,-2.928285,0.952997,0.523,-0.099010244
-9.306402,-2.885861,0.94438076,0.523,-0.19802049
-9.2763405,-2.8443189,0.92723256,0.523,-0.29703075
-9.246332,-2.804313,0.9017204,0.523,-0.3
-9.215342,-2.7651215,0.8759609,0.523,-0.3
-9.1833515,-2.726741,0.85020137,0.523,-0.3
-9.150384,-2.6891973,0.82444185,0.523,-0.3
-9.11646,-2.6525152,0.79868233,0.523,-0.3
-9.081602,-2.616719,0.7729228,0.523,-0.3
-9.045835,-2.5818326,0.74716336,0.523,-0.3
-9.00918,-2.547879,0.72140384,0.523,-0.3
-8.9716625,-2.5148807,0.6956443,0.523,-0.3
-8.933309,-2.4828598,0.6698848,0.523,-0.3
-8.894142,-2.4518373,0.6441253,0.523,-0.3
-8.854189,-2.4218338,0.61836576,0.523,-0.3
-8.8134775,-2.3928695,0.59260625,0.523,-0.3
-8.772033,-2.3649633,0.5668467,0.523,-0.3
-8.729883,-2.3381338,0.5410872,0.523,-0.3
-8.687057,-2.312399,0.51532775,0.523,-0.3
-8.64358,-2.2877755,0.4895682,0.523,-0.3
-8.599485,-2.2642803,0.46380872,0.523,-0.3
-8.5548,-2.2419283,0.4380492,0.523,-0.3
-8.509554,-2.2207348,0.41228968,0.523,-0.3
-8.463776,-2.2007139,0.38653016,0.523,-0.3
-8.417499,-2.1818786,0.36077067,0.523,-0.29312193
-8.370652,-2.1642044,0.33558452,0.523,-0.28624386
-8.323279,-2.1476817,0.31097293,0.523,-0.2793658
-8.275418,-2.1322992,0.28693706,0.523,-0.27254286
-8.227108,-2.1180437,0.26347342,0.523,-0.26571992
-8.178385,-2.104901,0.2405831,0.523,-0.25889698
-8.129284,-2.0928547,0.21826717,0.523,-0.25547343
-8.079882,-2.0818975,0.19623986,0.523,-0.2520499
-8.030207,-2.072022,0.17450139,0.523,-0.24862637
-7.980284,-2.063221,0.15305205,0.523,-0.24619158
-7.9301543,-2.055488,0.13180847,0.523,-0.24375679
-7.8798404,-2.0488176,0.1107708,0.523,-0.241322
-7.829367,-2.0432038,0.08993914,0.523,-0.23877516
-7.7787566,-2.0386395,0.069323115,0.523,-0.23622835
-7.728031,-2.0351174,0.048922855,0.523,-0.23368153
-7.6772137,-2.0326293,0.028738493,0.523,-0.22867586
-7.626296,-2.0311656,0.008978851,0.523,-0.22367018
-7.5753007,-2.0307076,-0.010355576,0.523,-0.21866451
-7.524249,-2.0312364,-0.029264303,0.523,-0.21555859
-7.4731812,-2.0327313,-0.047908653,0.523,-0.21245266
-7.422116,-2.0351796,-0.06628845,0.523,-0.20934674
-7.37107,-2.0385683,-0.08440351,0.523,-0.20330372
-7.3200297,-2.0428865,-0.10200299,0.523,-0.19726072
-7.2690105,-2.0481088,-0.11908625,0.523,-0.19121772
-7.218027,-2.054209,-0.13565268,0.523,-0.18746321
-7.1671157,-2.0611582,-0.15189768,0.523,-0.1837087
-7.1162877,-2.0689387,-0.16782103,0.523,-0.1799542
-7.065555,-2.0775335,-0.18342252,0.523,-0.17390648
-7.0149083,-2.0869288,-0.19850507,0.523,-0.16785876
-6.964356,-2.0970976,-0.21306814,0.523,-0.16181105
-6.913906,-2.1080127,-0.2271112,0.523,-0.16187578
-6.8636155,-2.1196346,-0.24115984,0.523,-0.16194052
-6.8134933,-2.131962,-0.25521404,0.523,-0.16200525
-6.76355,-2.1449924,-0.26927382,0.523,-0.15250567
-6.71372,-2.1587443,-0.28251573,0.523,-0.14300607
-6.6640058,-2.1731753,-0.29493865,0.523,-0.13350649
-6.6144094,-2.1882427,-0.30654144,0.523,-0.14583315
-6.565077,-2.2038574,-0.3192082,0.523,-0.1581598
-6.5160384,-2.220065,-0.3329371,0.523,-0.17048647
-6.467327,-2.2369099,-0.34772593,0.523,-0.1464735
-6.418684,-2.254541,-0.36044794,0.523,-0.12246052
-6.370111,-2.2728486,-0.37109575,0.523,-0.09844755
-6.321607,-2.2917228,-0.37966323,0.523,-0.13056926
-6.273445,-2.3109405,-0.39101222,0.523,-0.16269098
-6.225731,-2.33061,-0.40513095,0.523,-0.1948127
-6.1785736,-2.3508337,-0.42200494,0.523,-0.15274018
-6.1314178,-2.3720057,-0.4352671,0.523,-0.11066766
-6.0842843,-2.3939233,-0.44489393,0.523,-0.06859513
-6.037186,-2.4163783,-0.45086846,0.523,-0.11278287
-5.9904118,-2.439023,-0.46067852,0.523,-0.1569706
-5.94414,-2.4619875,-0.474305,0.523,-0.20115834
-5.8985515,-2.4853923,-0.4917213,0.523,-0.17141062
-5.8531237,-2.5097237,-0.50658953,0.523,-0.1416629
-5.8078504,-2.5348454,-0.5188966,0.523,-0.11191517
-5.762719,-2.5606198,-0.5286315,0.523,-0.14626166
-5.71804,-2.5867157,-0.5413352,0.523,-0.18060814
-5.673947,-2.6132267,-0.55699277,0.523,-0.21495463
-5.6305737,-2.640238,-0.5755857,0.523,-0.19866477
-5.5875635,-2.6681464,-0.59278893,0.523,-0.18237492
-5.544906,-2.6968806,-0.608598,0.523,-0.16608506
-5.5025873,-2.7263699,-0.6230086,0.523,-0.19428298
-5.460912,-2.756312,-0.63983727,0.523,-0.22248091
-5.4199915,-2.7867687,-0.6590706,0.523,-0.25067884
-5.379937,-2.8177953,-0.6806933,0.523,-0.23824383
-5.340441,-2.8497796,-0.7012643,0.523,-0.22580883
-5.301497,-2.882666,-0.7207805,0.523,-0.21337384
-5.2630954,-2.9163997,-0.73923874,0.523,-0.23385215
-5.2254987,-2.9506767,-0.75943756,0.523,-0.25433046
-5.18879,-2.9855275,-0.7813685,0.523,-0.27480873
-5.1530523,-3.0209777,-0.8050223,0.523,-0.26959515
-5.118113,-3.0573163,-0.82823837,0.523,-0.26438156
-5.0839777,-3.0945091,-0.8510161,0.523,-0.25916797
-5.050652,-3.1325226,-0.87335485,0.523,-0.2650263
-5.0182347,-3.1712103,-0.8961868,0.523,-0.27088466
-4.9867597,-3.2105646,-0.91951126,0.523,-0.27674302
-4.956261,-3.2505765,-0.94332725,0.523,-0.27889776
-4.9267426,-3.2912784,-0.9673239,0.523,-0.2810525
-4.8982267,-3.332651,-0.9915011,0.523,-0.28320724
-4.870736,-3.3746746,-1.0158587,0.523,-0.2855148
-4.8442955,-3.4173267,-1.0404092,0.523,-0.2878224
-4.818927,-3.4605854,-1.0651528,0.523,-0.29013
-4.794653,-3.5044284,-1.0900892,0.523,-0.28951055
-4.771476,-3.5488713,-1.1149738,0.523,-0.2888911
-4.7494073,-3.5938854,-1.1398066,0.523,-0.2882717
-4.7284594,-3.639442,-1.1645877,0.523,-0.29642665
-4.7086954,-3.6853907,-1.1900495,0.523,-0.3
-4.6901283,-3.7317767,-1.215809,0.523,-0.3
-4.6727614,-3.7786257,-1.2415686,0.523,-0.3
-4.6566076,-3.8259063,-1.267328,0.523,-0.3
-4.641677,-3.8735874,-1.2930876,0.523,-0.3
-4.627979,-3.921637,-1.3188471,0.523,-0.3
-4.6155233,-3.9700236,-1.3446066,0.523,-0.3
-4.604318,-4.0187154,-1.3703661,0.523,-0.3
-4.594371,-4.067679,-1.3961256,0.523,-0.3
-4.5856876,-4.116883,-1.4218851,0.523,-0.3
-4.578275,-4.166294,-1.4476446,0.523,-0.3
-4.5721374,-4.21588,-1.4734042,0.523,-0.28985998
-4.567264,-4.2657604,-1.498318,0.523,-0.27971995
-4.563624,-4.3158956,-1.5223835,0.523,-0.26957992
-4.5611844,-4.3662477,-1.5455983,0.523,-0.24934228
-4.5599074,-4.4169145,-1.5671082,0.523,-0.22910462
-4.5597196,-4.4678473,-1.5869042,0.523,-0.20886698
-4.5605435,-4.519004,-1.6049783,0.523,-0.20536318
-4.5622935,-4.570175,-1.6227536,0.523,-0.20185938
-4.5649543,-4.621344,-1.6402297,0.523,-0.19835559
-4.5685115,-4.672495,-1.6574066,0.523,-0.18558706
-4.572958,-4.7237043,-1.6734909,0.523,-0.17281854
-4.5782394,-4.774954,-1.68848,0.523,-0.16005002
-4.584302,-4.826228,-1.7023716,0.523,-0.14962478
-4.591087,-4.8774967,-1.7153653,0.523,-0.13919953
-4.5985484,-4.9287505,-1.7274597,0.523,-0.12877429
-4.606641,-4.9799824,-1.7386534,0.523,-0.12251687
-4.615313,-5.031161,-1.7493062,0.523,-0.116259456
-4.624537,-5.0822825,-1.7594173,0.523,-0.11000204
-4.634284,-5.133344,-1.7689865,0.523,-0.10619088
-4.6445236,-5.1843314,-1.7782254,0.523,-0.102379724
-4.655238,-5.2352424,-1.7871339,0.523,-0.09856857
-4.6664104,-5.2860756,-1.7957119,0.523,-0.096388325
-4.6780205,-5.3368216,-1.8041008,0.523,-0.094208084
-4.690058,-5.387479,-1.8123004,0.523,-0.09202784
-4.702513,-5.4380465,-1.8203108,0.523,-0.08932555
-4.7153764,-5.4885244,-1.8280867,0.523,-0.08662325
-4.728635,-5.5389132,-1.8356279,0.523,-0.083920956
-4.742276,-5.5892124,-1.8429345,0.523,-0.08271235
-4.7562857,-5.6394153,-1.850136,0.523,-0.08150375
-4.770658,-5.6895213,-1.8572326,0.523,-0.080295146
-4.785387,-5.7395287,-1.8642241,0.523,-0.07954147
-4.8004665,-5.789435,-1.8711501,0.523,-0.07878779
-4.8158917,-5.8392386,-1.8780107,0.523,-0.07803412
-4.8316593,-5.8889384,-1.8848058,0.523,-0.07449657
-4.847769,-5.938543,-1.8912934,0.523,-0.07095902
-4.864204,-5.9880548,-1.8974735,0.523,-0.06742147
-4.8809485,-6.0374765,-1.903346,0.523,-0.06284432
-4.8979883,-6.0868134,-1.9088203,0.523,-0.058267176
-4.9153028,-6.1360703,-1.9138963,0.523,-0.053690027
-4.932872,-6.185251,-1.9185741,0.523,-0.049256217
-4.9506745,-6.23436,-1.9228659,0.523,-0.044822406
-4.9686913,-6.283403,-1.9267715,0.523,-0.040388595
-4.9869037,-6.332384,-1.9302912,0.523,-0.03567152
-5.005291,-6.3813095,-1.9333998,0.523,-0.030954445
-5.0238333,-6.430186,-1.9360976,0.523,-0.026237369
-5.04251,-6.4790177,-1.9383844,0.5204147,-0.020382797
-5.0612082,-6.5275726,-1.9401522,0.51782936,-0.014528227
-5.0799007,-6.575858,-1.941406,0.51524407,-0.008673656
-5.0985613,-6.623883,-1.9421508,0.5109417,-0.003844106
-5.117102,-6.671494,-1.9424782,0.50663924,0.0009854436
-5.1355023,-6.718698,-1.942395,0.50233686,0.0058149933
-5.153742,-6.7655025,-1.9419081,0.4990496,0.016366577
-5.171838,-6.812004,-1.9405469,0.49576238,0.026918162
-5.1897473,-6.858213,-1.938323,0.49247512,0.037469745
-5.20743,-6.9041395,-1.9352483,0.4911149,0.043810807
-5.2249184,-6.949981,-1.9316634,0.4897547,0.050151873
-5.242189,-6.9957447,-1.9275714,0.4883945,0.056492936
-5.259219,-7.0414357,-1.9229753,0.48824823,0.063874744
-5.2760267,-7.08717,-1.9177811,0.48810196,0.071256556
-5.292583,-7.132955,-1.9119892,0.4879557,0.07863836
-5.3088603,-7.178796,-1.9056005,0.4902346,0.08008609
-5.324917,-7.224949,-1.899064,0.49251354,0.08153381
-5.340743,-7.271415,-1.8923787,0.49479246,0.08298154
-5.356328,-7.3181963,-1.8855433,0.4993184,0.0858625
-5.371729,-7.3655005,-1.8784068,0.5038443,0.08874347
-5.3869243,-7.413331,-1.8709643,0.5083702,0.09162444
-5.4018927,-7.4616914,-1.863212,0.49547204,0.11615284
-5.416079,-7.5088153,-1.8536419,0.4825739,0.14068124
-5.4294143,-7.5546975,-1.8423643,0.46967572,0.16520962
-5.4418416,-7.5993276,-1.8294905,0.447311,0.2034959
-5.453048,-7.6416783,-1.814424,0.42494628,0.24178219
-5.463001,-7.6817183,-1.7974663,0.40258157,0.28006846
-5.471696,-7.719418,-1.7789192,0.38379094,0.2763646
-5.479325,-7.755544,-1.7614658,0.36500034,0.27266073
-5.4859867,-7.7900586,-1.7450836,0.3462097,0.26895687
-5.4917746,-7.8229294,-1.7297508,0.33731973,0.24911547
-5.4969487,-7.855208,-1.7158899,0.32842973,0.22927403
-5.501573,-7.8868556,-1.7034495,0.31953973,0.20943262
-5.5057073,-7.9178367,-1.6923772,0.31829968,0.1737546
-5.5095096,-7.948956,-1.6832058,0.31705964,0.1380766
-5.5130324,-7.9801617,-1.6759326,0.3158196,0.10239859
-5.5163293,-8.011405,-1.6705521,0.3119171,0.13474342
-5.5194073,-8.04216,-1.6635685,0.30801463,0.16708827
-5.522221,-8.072402,-1.6550307,0.30411217,0.19943312
-5.5247293,-8.102105,-1.6449893,0.30258438,0.18393223
-5.526934,-8.131771,-1.6357657,0.30105662,0.16843136
-5.528861,-8.161388,-1.6273543,0.29952887,0.15293047
-5.5305343,-8.190944,-1.6197495,0.29193363,0.18851408
-5.5319376,-8.219585,-1.6106315,0.28433838,0.2240977
-5.5330415,-8.247287,-1.6001003,0.27674314,0.2596813
-5.5338254,-8.274022,-1.5882568,0.2744498,0.22080523
-5.5342927,-8.3007965,-1.5782387,0.27215645,0.18192914
-5.534492,-8.327562,-1.570032,0.26986307,0.14305305
