-1.294265,8.107061,-1.1906043,0.71136326,0.0
-1.2678664,8.041005,-1.1906043,0.523,0.09968352
-1.2485543,7.9926805,-1.1819297,0.5182855,0.19936705
-1.2292932,7.9456716,-1.164822,0.513571,0.29905057
-1.2099118,7.9005833,-1.1396046,0.49987513,0.39641187
-1.1906395,7.8586926,-1.1074367,0.4861792,0.49377316
-1.1715051,7.8203964,-1.0690324,0.47248328,0.5911344
-1.1526362,7.786001,-1.0251464,0.45997018,0.6881302
-1.1341971,7.755631,-0.97645897,0.44745708,0.7851259
-1.1164752,7.729409,-0.92374,0.43494394,0.8821216
-1.0998119,7.7073555,-0.8677708,0.42453006,0.96867836
-1.0842662,7.6890116,-0.8094589,0.41411614,1.0
-1.06883,7.6728144,-0.7513811,0.40370226,1.0
-1.0528909,7.657924,-0.69476384,0.39961636,1.0
-1.0363042,7.6441016,-0.63871956,0.39553046,1.0
-1.0191467,7.631361,-0.5832483,0.3914446,1.0
-1.0014933,7.619713,-0.5283501,0.39071754,1.0
-0.98326147,7.609071,-0.47355387,0.38999048,1.0
-0.964509,7.599461,-0.4188596,0.38926342,1.0
-0.94529516,7.590907,-0.3642673,0.389366,1.0
-0.925638,7.583412,-0.30966058,0.38946858,1.0
-0.9055958,7.5769997,-0.25503948,0.38957116,1.0
-0.88522804,7.5716896,-0.20040402,0.38909218,1.0
-0.86462605,7.5675044,-0.14583573,0.3886132,1.0
-0.84385204,7.564453,-0.091334604,0.38813418,1.0
-0.8229685,7.5625405,-0.036900662,0.3896911,1.0
-0.8019277,7.561764,0.017751636,0.39124805,1.0
-0.7807918,7.562139,0.072622284,0.39280498,1.0
-0.7596244,7.563679,0.12771128,0.39924112,1.0
-0.738229,7.5664263,0.18370292,0.40567723,1.0
-0.716679,7.5704303,0.24059719,0.41211334,1.0
-0.69505376,7.575736,0.29839408,0.42147902,1.0
-0.6732875,7.582431,0.3575045,0.4308447,1.0
-0.6514807,7.590577,0.41792837,0.44021037,1.0
-0.6297431,7.60023,0.47966576,0.4508912,1.0
-0.60813063,7.611473,0.54290104,0.46157205,1.0
-0.5867776,7.6243567,0.6076343,0.47225288,1.0
-0.56582904,7.6389246,0.6738655,0.4855553,1.0
-0.54532886,7.6552954,0.74196225,0.4988577,1.0
-0.5254603,7.6735086,0.81192464,0.5121601,1.0
-0.50641906,7.693588,0.88375264,0.523,1.0
-0.4884964,7.7154346,0.95710087,0.523,1.0
-0.47222295,7.7385364,1.030449,0.523,1.0
-0.45768616,7.7627683,1.1037973,0.523,1.0
-0.44496426,7.788,1.1771455,0.523,1.0
-0.43412563,7.814097,1.2504938,0.523,1.0
-0.42522854,7.8409176,1.3238419,0.523,1.0
-0.41832086,7.868318,1.3971902,0.523,1.0
-0.41343975,7.896151,1.4705384,0.523,1.0
-0.41061142,7.924267,1.5438867,0.523,1.0
-0.4098511,7.952514,1.6172348,0.523,1.0
-0.41116288,7.980742,1.6905831,0.523,1.0
-0.4145397,8.008797,1.7639313,0.523,1.0
-0.4199634,8.03653,1.8372794,0.523,1.0
-0.42740482,8.06379,1.9106277,0.523,1.0
-0.43682396,8.090431,1.9839759,0.523,1.0
-0.44817013,8.116311,2.0573242,0.523,1.0
-0.46138233,8.141291,2.1306725,0.523,1.0
-0.47638953,8.165234,2.2040205,0.523,1.0
-0.49311098,8.188013,2.2773688,0.523,1.0
-0.51145685,8.209506,2.350717,0.523,1.0
-0.5313284,8.229596,2.4240654,0.523,1.0
-0.55261874,8.248177,2.4974134,0.523,1.0
-0.5752135,8.265146,2.5707617,0.523,1.0
-0.5989911,8.280415,2.64411,0.523,1.0
-0.6238237,8.2939,2.7174582,0.523,1.0
-0.64957774,8.305529,2.7908063,0.523,1.0
-0.67611474,8.315239,2.8641546,0.523,1.0
-0.70329195,8.322979,2.9375029,0.523,1.0
-0.7309633,8.328706,3.0108511,0.523,1.0
-0.75898,8.33239,3.0841992,0.523,1.0
-0.7871912,8.334011,-3.1256378,0.523,1.0
-0.8154454,8.33356,-3.0522897,0.523,1.0
-0.8435907,8.33104,-2.9789414,0.510569,0.900025
-0.87490827,8.325901,-2.912283,0.49813798,0.80005
-0.9087036,8.318012,-2.8527231,0.48570696,0.7000751
-0.9443111,8.30743,-2.8005683,0.47520238,0.600252
-0.98126626,8.294315,-2.755832,0.4646978,0.50042886
-1.0190417,8.278975,-2.7186713,0.45419323,0.40060574
-1.0571799,8.261809,-2.6891506,0.44701695,0.30150732
-1.0955703,8.243149,-2.6670263,0.43984067,0.2024089
-1.133895,8.22346,-2.6522894,0.43266436,0.10331047
-1.171881,8.203234,-2.6448529,0.42768165,0.007856429
-1.2094791,8.182853,-2.6442928,0.42269894,-0.087597616
-1.2464865,8.162765,-2.6504562,0.41771623,-0.18305166
-1.2827052,8.1433935,-2.663129,0.4201931,-0.26734978
-1.3186808,8.124734,-2.68163,0.42266995,-0.3
-1.3548633,8.106809,-2.702448,0.42514682,-0.3
-1.3916254,8.0895405,-2.7233877,0.4240598,-0.3
-1.428646,8.073088,-2.7442741,0.42297277,-0.3
-1.4659064,8.057452,-2.765107,0.42188576,-0.3
-1.5033879,8.042634,-2.7858863,0.42048997,-0.3
-1.5410441,8.028645,-2.8065968,0.41909418,-0.3
-1.5788561,8.015481,-2.8272386,0.41769835,-0.3
-1.616805,8.003143,-2.8478117,0.4160838,-0.3
-1.6548519,7.9916325,-2.8683052,0.41446927,-0.3
-1.6929781,7.9809456,-2.8887193,0.41285473,-0.3
-1.7311654,7.971078,-2.9090538,0.41045156,-0.3
-1.7693219,7.9620414,-2.9292698,0.4080484,-0.3
-1.8074288,7.9538264,-2.9493675,0.4056452,-0.3
-1.8454678,7.946423,-2.969347,0.4025869,-0.3
-1.8833593,7.9398313,-2.9891758,0.3995286,-0.3
-1.9210852,7.9340363,-3.008854,0.3964703,-0.3
-1.9586283,7.9290233,-3.0283813,0.39387044,-0.3
-1.9960153,7.9247727,-3.0477808,0.39127058,-0.3
-2.0332305,7.921271,-3.0670521,0.3886707,-0.3
-2.0702586,7.9185057,-3.0861955,0.3877741,-0.3
-2.107247,7.916455,-3.1052947,0.3868775,-0.3
-2.1441827,7.9151134,-3.1243498,0.3859809,-0.3
-2.1810513,7.9144773,3.1398246,0.38596344,-0.3
-2.2179236,7.9145427,3.1208148,0.38594595,-0.3
-2.2547865,7.915309,3.1018054,0.38592848,-0.3
-2.2916267,7.916775,3.0827973,0.39758137,-0.20050105
-2.3305209,7.919065,3.0696,0.40923423,-0.10100212
-2.3711302,7.9219933,3.062723,0.4208871,-0.0015031814
-2.413088,7.9253097,3.0626175,0.44155508,0.09809128
-2.4568944,7.9287763,3.0698247,0.46222305,0.19768575
-2.5020998,7.9320264,3.084955,0.48289105,0.2972802
-2.5481968,7.93464,3.1085298,0.5090634,0.39673373
-2.5951235,7.936192,3.141314,0.523,0.49618724
-2.6411164,7.936205,-3.1003733,0.523,0.5956408
-2.684373,7.9344206,-3.0514693,0.50988775,0.49564576
-2.7290437,7.9303837,-3.0110524,0.49677554,0.39565077
-2.7744935,7.924417,-2.979142,0.48366332,0.29565576
-2.820152,7.9169335,-2.9556546,0.47172296,0.19570519
-2.8656263,7.9083796,-2.9403663,0.4597826,0.095754616
-2.9104705,7.899232,-2.93304,0.44784224,-0.0041959584
-2.954284,7.88996,-2.933353,0.44259813,-0.1035461
-2.9973557,7.8808584,-2.9409776,0.437354,-0.20289624
-3.0393348,7.872322,-2.9556658,0.4321099,-0.3
-3.0799043,7.864691,-2.9769487,0.4332546,-0.3
-3.120735,7.857907,-2.998288,0.43439934,-0.3
-3.1618092,7.85198,-3.0196836,0.43554407,-0.3
-3.2031095,7.84692,-3.0411355,0.43923405,-0.3
-3.2448597,7.842712,-3.0627694,0.44292402,-0.3
-3.2870424,7.8393803,-3.084585,0.446614,-0.3
-3.32964,7.836949,-3.1065822,0.4510853,-0.3
-3.3727071,7.8354406,-3.1287997,0.4555566,-0.3
-3.4162247,7.8348837,3.131948,0.4600279,-0.3
-3.4601707,7.8353076,3.1092901,0.46879286,-0.20033672
-3.5060885,7.8367915,3.093742,0.47755778,-0.10067344
-3.553548,7.839064,3.0857425,0.4863227,-0.0010101557
-3.6021044,7.8417788,3.0856607,0.5120495,0.098721646
-3.6529803,7.8446274,3.0940719,0.523,0.19845346
-3.704196,7.847063,3.111257,0.523,0.29818526
-3.7541652,7.8485794,3.1368656,0.523,0.39782202
-3.8023803,7.8488073,-3.1125505,0.523,0.4974588
-3.8483222,7.8474727,-3.070955,0.523,0.59709555
-3.891465,7.84442,-3.0219462,0.523,0.4970987
-3.9371064,7.838933,-2.9803784,0.523,0.39710188
-3.9847112,7.8311915,-2.946667,0.523,0.29710504
-4.033773,7.821505,-2.9211485,0.523,0.19714837
-4.0838184,7.8102903,-2.904075,0.523,0.09719168
-4.1344104,7.798043,-2.8956163,0.523,-0.0027650178
-4.185136,7.785308,-2.8958573,0.51903605,-0.101691954
-4.2352204,7.772746,-2.9046392,0.51507217,-0.2006189
-4.284284,7.760898,-2.921746,0.5111082,-0.29954582
-4.3319435,7.750248,-2.946883,0.50140107,-0.3
-4.378939,7.74098,-2.9715786,0.49169394,-0.3
-4.4252353,7.733032,-2.9957962,0.4819868,-0.3
-4.4707923,7.7263427,-3.0195358,0.47519183,-0.3
-4.5158515,7.7208157,-3.0429404,0.46839687,-0.3
-4.560382,7.7164083,-3.0660107,0.4616019,-0.3
-4.6043544,7.7130785,-3.088746,0.45679304,-0.3
-4.6479325,7.7107735,-3.1112447,0.45198414,-0.3
-4.6910925,7.709463,-3.1335063,0.44717526,-0.3
-4.7338114,7.7091174,3.127654,0.44466653,-0.3
-4.7762876,7.7097096,3.1057527,0.4421578,-0.3
-4.8185015,7.711223,3.0839748,0.43964905,-0.3
-4.860433,7.713642,3.0623207,0.4345819,-0.20054522
-4.9028864,7.7170143,3.0478923,0.42951474,-0.10109045
-4.945431,7.7210126,3.040668,0.4244476,-0.0016356825
-4.98766,7.725289,3.0405524,0.43217686,0.09778857
-5.030452,7.7296276,3.0475848,0.43990612,0.19721283
-5.073399,7.733677,3.0619504,0.4476354,0.2966371
-5.116072,7.7370825,3.083758,0.47442472,0.39616522
-5.1597667,7.7396126,3.1142702,0.501214,0.49569336
-5.2038393,7.740817,-3.129182,0.523,0.59522146
-5.2471414,7.7402797,-3.0803084,0.523,0.49523997
-5.2930713,7.737461,-3.038883,0.523,0.39525846
-5.3410845,7.7325125,-3.0053198,0.523,0.29527694
-5.3906574,7.7257147,-2.9799538,0.523,0.19559596
-5.4412913,7.7174582,-2.963013,0.523,0.095915005
-5.492523,7.708211,-2.9546652,0.523,-0.0037659644
-5.5439115,7.6984916,-2.9549935,0.523,-0.09474036
-5.595073,7.6888323,-2.9632392,0.523,-0.18571475
-5.6456585,7.6797132,-2.9793346,0.523,-0.27668914
-5.6953087,7.671586,-3.003146,0.5207762,-0.28366318
-5.7448263,7.664686,-3.027438,0.5185525,-0.2906372
-5.7941837,7.659027,-3.0522044,0.5163287,-0.29761124
-5.8433495,7.6546206,-3.0774388,0.51445556,-0.24780926
-5.8931212,7.651423,-3.0984697,0.5125825,-0.19800729
-5.9433312,7.6492567,-3.1152754,0.51070935,-0.14820531
-5.9938245,7.6479273,-3.127844,0.51740897,-0.11820324
-6.0451994,7.647221,-3.1380136,0.523,-0.08820115
-6.0972958,7.6470346,3.1374934,0.523,-0.05819907
-6.149507,7.6472487,3.1324232,0.523,0.041684054
-6.2017593,7.647728,3.1360557,0.523,0.14156719
-6.2535353,7.6480145,-3.134831,0.523,0.24145031
-6.304317,7.647671,-3.1139884,0.523,0.16430709
-6.355893,7.646247,-3.0997305,0.523,0.08716385
-6.407949,7.6440663,-3.0921423,0.523,0.010020626
-6.460182,7.6414814,-3.091269,0.523,0.043101154
-6.5123677,7.638853,-3.0875132,0.523,0.07618169
-6.56444,7.6360345,-3.080879,0.523,0.10926221
-6.616332,7.6328797,-3.071374,0.523,0.110481545
-6.668185,7.629233,-3.0617633,0.523,0.11170088
-6.7199936,7.625088,-3.052047,0.523,0.11292021
-6.7717524,7.620441,-3.042225,0.523,0.12965234
-6.8233576,7.6152964,-3.0309553,0.523,0.14638445
-6.8747816,7.6095834,-3.018241,0.523,0.16311657
-6.9259953,7.603234,-3.0040855,0.523,0.1699219
-6.9770555,7.596168,-2.989345,0.523,0.17672725
-7.0279455,7.58836,-2.9740205,0.523,0.18353258
-7.0786467,7.5797834,-2.9581122,0.523,0.19058901
-7.129138,7.5704136,-2.9415996,0.523,0.19764544
-7.1793976,7.560226,-2.9244835,0.523,0.20470187
-7.2294035,7.5491953,-2.9067647,0.523,0.20531268
-7.2791996,7.537282,-2.8889937,0.523,0.2059235
-7.32877,7.5244875,-2.8711705,0.523,0.20653431
-7.3780985,7.5108128,-2.8532953,0.523,0.20602855
-7.4271793,7.4962573,-2.8354633,0.523,0.2055228
-7.4759984,7.4808273,-2.8176744,0.523,0.20501705
-7.5245404,7.46453,-2.799929,0.523,0.204905
-7.5727863,7.447373,-2.7821927,0.523,0.20479296
-7.620722,7.429363,-2.764466,0.523,0.20468092
-7.6683316,7.4105053,-2.746749,0.523,0.20787525
-7.715568,7.3908205,-2.7287593,0.523,0.21106957
-7.762411,7.370303,-2.7104974,0.523,0.21426389
-7.8088393,7.3489485,-2.6919634,0.523,0.21598662
-7.854847,7.3267455,-2.6732826,0.523,0.21770936
-7.9004145,7.3036957,-2.6544552,0.523,0.21943212
-7.9455223,7.279801,-2.635481,0.523,0.22473103
-7.9901156,7.2550845,-2.6160564,0.523,0.23002996
-8.034166,7.229538,-2.5961819,0.523,0.23532888
-8.077646,7.203154,-2.5758579,0.523,0.23523344
-8.120582,7.1758914,-2.555542,0.523,0.235138
-8.162955,7.147762,-2.5352342,0.523,0.23504257
-8.20475,7.118777,-2.5149343,0.523,0.2426715
-8.245872,7.0890045,-2.4939885,0.523,0.25030044
-8.286283,7.0584364,-2.4723978,0.523,0.25792938
-8.325945,7.027065,-2.4501634,0.523,0.26003876
-8.36488,6.9948378,-2.4277513,0.523,0.26214817
-8.40306,6.9617643,-2.4051616,0.523,0.26425755
-8.440462,6.9278564,-2.3823943,0.523,0.2669475
-8.4770565,6.8931317,-2.3594007,0.523,0.2696375
-8.512816,6.8576007,-2.336181,0.523,0.27232745
-8.547715,6.821276,-2.3127356,0.523,0.2768825
-8.581709,6.784191,-2.2889078,0.523,0.28143755
-8.614766,6.746356,-2.2646983,0.523,0.2859926
-8.646856,6.707783,-2.2401078,0.523,0.30465564
-8.677811,6.668656,-2.213961,0.523,0.32331872
-8.707552,6.6289735,-2.1862667,0.523,0.34198177
-8.735998,6.588743,-2.1570349,0.523,0.34441903
-8.763233,6.5477347,-2.127603,0.523,0.34685633
-8.789227,6.505979,-2.0979714,0.523,0.3492936
-8.81395,6.463509,-2.06814,0.523,0.34560072
-8.837426,6.420263,-2.0386112,0.523,0.34190786
-8.859645,6.376284,-2.0093856,0.523,0.338215
-8.880596,6.331617,-1.9804634,0.523,0.32877994
-8.900312,6.286214,-1.9523182,0.523,0.3193449
-8.9188,6.2401285,-1.9249527,0.523,0.30990988
-8.936074,6.193411,-1.8983692,0.523,0.29699683
-8.952165,6.14606,-1.87286,0.523,0.28408378
-8.9671,6.0981293,-1.8484291,0.523,0.27117074
-8.98091,6.0496697,-1.8250806,0.523,0.2777797
-8.993563,6.0009923,-1.8011776,0.523,0.28438863
-9.005025,5.952119,-1.7767212,0.523,0.2909976
-9.015269,5.903076,-1.7517124,0.523,0.29743055
-9.024267,5.853889,-1.726167,0.523,0.30386347
-9.031989,5.804586,-1.7000859,0.523,0.31029642
-9.03841,5.7551994,-1.6734704,0.523,0.31849277
-9.043501,5.705791,-1.6461754,0.523,0.32668915
-9.047232,5.656398,-1.6182028,0.523,0.3348855
-9.049572,5.607059,-1.5895545,0.523,0.33916748
-9.050497,5.557747,-1.560554,0.523,0.34344944
-9.049993,5.508504,-1.5312017,0.523,0.34773138
-9.048046,5.4593725,-1.5014983,0.523,0.34934407
-9.044643,5.41035,-1.4716628,0.523,0.35095677
-9.0397835,5.361479,-1.4416952,0.523,0.35256946
-9.033464,5.312804,-1.4115957,0.523,0.34812623
-9.02567,5.264263,-1.3818599,0.523,0.34368297
-9.016422,5.215898,-1.3524885,0.523,0.33923975
-9.00574,5.1677494,-1.323482,0.523,0.33537242
-8.99365,5.119866,-1.2947936,0.523,0.33150506
-8.980174,5.072285,-1.2664238,0.523,0.32763773
-8.965334,5.025043,-1.2383729,0.523,0.32351032
-8.949152,4.978171,-1.210663,0.523,0.3193829
-8.931654,4.931701,-1.1832943,0.523,0.3152555
-8.912865,4.8856654,-1.1562674,0.523,0.3103901
-8.892807,4.840082,-1.1296442,0.523,0.30552474
-8.8715105,4.7949796,-1.1034249,0.523,0.30065933
-8.849004,4.750383,-1.0776105,0.523,0.28793454
-8.825263,4.706212,-1.0528576,0.523,0.27520975
-8.8003435,4.662482,-1.0291702,0.523,0.26248494
-8.774305,4.619202,-1.006552,0.523,0.26211163
-8.747292,4.5765185,-0.98396534,0.523,0.2617383
-8.719318,4.5344515,-0.9614101,0.523,0.26136497
-8.6904,4.493022,-0.9388863,0.523,0.25892207
-8.660537,4.452228,-0.9165682,0.523,0.25647914
-8.629751,4.4120846,-0.8944561,0.523,0.25403622
-8.598064,4.3726063,-0.87255,0.523,0.25353074
-8.565517,4.3338265,-0.8506866,0.523,0.2530253
-8.532125,4.295763,-0.8288658,0.523,0.25251982
-8.497906,4.258432,-0.80708766,0.523,0.24840926
-8.462846,4.221816,-0.7856567,0.523,0.24429868
-8.426971,4.1859236,-0.76457316,0.523,0.24018812
-8.390311,4.150759,-0.7438375,0.523,0.24004859
-8.352928,4.116361,-0.72311366,0.523,0.23990905
-8.314839,4.0827446,-0.7024016,0.523,0.23976953
-8.276061,4.0499225,-0.68170136,0.523,0.22874068
-8.236508,4.0178256,-0.6619362,0.523,0.21771184
-8.196227,3.9864388,-0.64310855,0.523,0.20668298
-8.155266,3.9557426,-0.62522066,0.523,0.2032299
-8.113732,3.9257627,-0.6076275,0.523,0.19977681
-8.071648,3.8964972,-0.59032923,0.523,0.19632374
-8.029034,3.8679445,-0.57332605,0.523,0.18794149
-7.98587,3.840075,-0.5570401,0.523,0.17955925
-7.94219,3.8128698,-0.5414725,0.523,0.171177
-7.8980265,3.7863085,-0.5266243,0.523,0.16917947
-7.8534584,3.760397,-0.51194775,0.523,0.16718194
-7.8084993,3.7351336,-0.49744284,0.523,0.16518441
-7.763163,3.7105167,-0.48310965,0.523,0.16530237
-7.71748,3.6865528,-0.46876633,0.523,0.16542031
-7.6714587,3.6632469,-0.45441288,0.523,0.16553825
-7.6251087,3.6406045,-0.44004926,0.523,0.16709831
-7.57845,3.6186357,-0.42555153,0.523,0.16865836
-7.531491,3.5973516,-0.41091976,0.523,0.17021842
-7.4842377,3.576762,-0.39615393,0.523,0.16659608
-7.436656,3.5568602,-0.38169938,0.523,0.16297376
-7.388763,3.5376368,-0.3675563,0.523,0.15935144
-7.3405747,3.5190816,-0.3537249,0.523,0.1517367
-7.292076,3.5011733,-0.3405492,0.523,0.14412197
-7.243291,3.483886,-0.32803002,0.523,0.13650724
-7.19424,3.4671926,-0.31616804,0.523,0.12727375
-7.1449347,3.451063,-0.30510396,0.523,0.11804026
-7.095397,3.4354615,-0.29483867,0.523,0.108806774
-7.04565,3.420354,-0.28537303,0.523,0.103148654
-6.995732,3.4057088,-0.27639785,0.523,0.097490534
-6.945656,3.3915043,-0.26791337,0.523,0.091832414
-6.895434,3.377718,-0.25991988,0.523,0.089739665
-6.845094,3.3643308,-0.25210807,0.523,0.08764692
-6.794642,3.3513348,-0.24447797,0.523,0.08555417
-6.7440825,3.3387218,-0.2370296,0.523,0.07434091
-6.6933856,3.326475,-0.2305555,0.523,0.06312765
-6.6425705,3.314547,-0.22505653,0.523,0.051914386
-6.591658,3.3028915,-0.22053337,0.523,0.03994404
-6.5406656,3.29146,-0.2170525,0.523,0.027973693
-6.4896126,3.2802014,-0.21461445,0.523,0.016003346
-6.438519,3.2690647,-0.21321955,0.523,-0.00049666764
-6.3874035,3.2579975,-0.21326284,0.523,-0.016996682
-6.3362956,3.24693,-0.21474431,0.523,-0.033496697
-6.285226,3.235791,-0.21766356,0.5210937,-0.040628113
-6.234388,3.2245474,-0.2211911,0.51918745,-0.047759525
-6.1837916,3.2131698,-0.22532222,0.5172811,-0.05489094
-6.133447,3.20163,-0.23005219,0.5059607,-0.05405613
-6.084256,3.1901097,-0.23460835,0.4946403,-0.053221323
-6.0362153,3.1786275,-0.23899384,0.48331988,-0.05238651
-5.989321,3.1672018,-0.24321182,0.46694973,-0.06959171
-5.9441104,3.1559837,-0.24862342,0.4505796,-0.0867969
-5.9006023,3.1449382,-0.2551334,0.43420947,-0.1040021
-5.858814,3.134039,-0.2626463,0.42863706,-0.1345437
-5.8177943,3.1230106,-0.27222905,0.42306465,-0.1650853
-5.7776,3.11179,-0.28381655,0.41749227,-0.1956269
-5.738285,3.1003222,-0.297342,0.405022,-0.21578413
-5.7004585,3.088731,-0.31179544,0.39255175,-0.23594135
-5.664131,3.0770226,-0.32708916,0.38008147,-0.2560986
-5.629312,3.0652092,-0.34313545,0.35969236,-0.25991946
-5.596577,3.053514,-0.35854244,0.33930323,-0.26374036
-5.565903,3.0420194,-0.3732848,0.3189141,-0.26756123
-5.537265,3.0308032,-0.3873372,0.30373913,-0.23845369
-5.509937,3.0196548,-0.39929444,0.2885642,-0.20934612
-5.4839306,3.0086813,-0.40928936,0.27338925,-0.18023856
-5.459256,2.9979777,-0.4174575,0.263983,-0.12056862
-5.4353,2.9873526,-0.42274934,0.2545768,-0.06089867
-5.4121265,2.9769275,-0.42533165,0.24517056,-0.00122872
-5.389794,2.9668112,-0.42538184,0.23696296,0.027632494
-5.3682175,2.9570363,-0.4242907,0.22875535,0.056493707
-5.3474035,2.947634,-0.42213795,0.22054775,0.08535492
-5.3273582,2.9386308,-0.4190043,0.2143011,0.11411771
-5.3079095,2.9299686,-0.4149372,0.20805445,0.1428805
-5.2890635,2.9216666,-0.40999955,0.2018078,0.1716433
