-1.88416,-7.3358617,-0.9925344,0.13095152,0.0
-1.8770026,-7.3468275,-0.9925344,0.12824965,0.096303344
-1.8700254,-7.3575177,-0.9904791,0.12554777,0.19260669
-1.863269,-7.367823,-0.98647374,0.122845896,0.28891003
-1.8567733,-7.3776445,-0.9806405,0.12582031,0.37871936
-1.8502676,-7.3873577,-0.97288716,0.12879471,0.4685287
-1.8437989,-7.396856,-0.9631938,0.13176912,0.558338
-1.8374186,-7.406031,-0.95155907,0.14121279,0.6304875
-1.8307983,-7.4153194,-0.937684,0.15065645,0.70263696
-1.8239958,-7.4245887,-0.92145747,0.16010012,0.7747865
-1.8170784,-7.4337006,-0.9027908,0.16981521,0.8212028
-1.8099115,-7.442784,-0.8820743,0.17953031,0.86761916
-1.8025333,-7.451747,-0.85925025,0.1892454,0.91403544
-1.7949882,-7.460498,-0.8342707,0.19811414,0.9372097
-1.7871095,-7.469187,-0.80766034,0.2069829,0.960384
-1.7789088,-7.477761,-0.77939296,0.21585163,0.9835583
-1.7704016,-7.4861665,-0.7494445,0.22310379,0.99656385
-1.7615298,-7.4944224,-0.71822447,0.23035593,1.0
-1.7521582,-7.5026126,-0.6859182,0.23760808,1.0
-1.7422236,-7.5107436,-0.6525948,0.24324216,1.0
-1.7317818,-7.5187244,-0.6184813,0.24887623,1.0
-1.7208258,-7.526521,-0.5835776,0.2545103,1.0
-1.7093505,-7.534098,-0.54788375,0.25926033,1.0
-1.697393,-7.5413947,-0.5115237,0.26401034,1.0
-1.6849543,-7.548377,-0.47449756,0.26876038,1.0
-1.6720374,-7.5550117,-0.43680522,0.27290988,1.0
-1.6586764,-7.5612497,-0.39853093,0.27705938,1.0
-1.6448799,-7.567059,-0.3596747,0.2812089,1.0
-1.6306584,-7.572407,-0.3202365,0.28481543,1.0
-1.6160522,-7.577251,-0.2802925,0.288422,1.0
-1.6010767,-7.581562,-0.23984271,0.29202855,1.0
-1.5857501,-7.58531,-0.19888712,0.29538938,1.0
-1.5701047,-7.5884633,-0.1574602,0.29875025,1.0
-1.5541629,-7.5909944,-0.11556192,0.30211112,1.0
-1.5379486,-7.5928764,-0.07319229,0.30571538,1.0
-1.521475,-7.5940847,-0.030317185,0.30931965,1.0
-1.50477,-7.594591,0.013063401,0.3129239,1.0
-1.4878641,-7.5943704,0.056949466,0.31665674,1.0
-1.4707829,-7.5933967,0.10135904,0.32038954,1.0
-1.453561,-7.591645,0.14629212,0.32412237,1.0
-1.4362355,-7.5890923,0.19174872,0.3277884,1.0
-1.4188497,-7.5857167,0.23771946,0.3314545,1.0
-1.4014448,-7.5814996,0.28420433,0.33512053,1.0
-1.3840644,-7.5764227,0.33120337,0.33842373,1.0
-1.3667731,-7.5704765,0.3786657,0.34172693,1.0
-1.3496175,-7.563651,0.42659122,0.34503013,1.0
-1.3326461,-7.5559373,0.47498003,0.3478904,0.9922423
-1.3157288,-7.547238,0.5235255,0.35075065,0.9844845
-1.2989213,-7.5375357,0.5722206,0.3536109,0.9767268
-1.2822814,-7.526818,0.62105834,0.35635307,0.96144325
-1.2656946,-7.51495,0.66976106,0.35909525,0.9461598
-1.2492312,-7.501913,0.7183093,0.36183742,0.9308763
-1.2329633,-7.487694,0.7666835,0.36436167,0.9112848
-1.2168841,-7.472205,0.8146755,0.36688596,0.8916933
-1.2010735,-7.4554405,0.86225677,0.36941022,0.8721018
-1.1856116,-7.4373984,0.90939856,0.37136412,0.8491506
-1.1705428,-7.4180384,0.95586365,0.37331802,0.8261994
-1.1559478,-7.397374,1.0016176,0.37527192,0.8032482
-1.1419042,-7.3754244,1.0466261,0.37671477,0.77868646
-1.1284829,-7.352209,1.0907234,0.37815762,0.7541247
-1.1157533,-7.3277617,1.1338744,0.37960047,0.729563
-1.103779,-7.302122,1.1760445,0.3806789,0.7046242
-1.0926253,-7.2753506,1.2171417,0.38175732,0.6796854
-1.0823421,-7.247496,1.257134,0.38283575,0.65474665
-1.0729727,-7.2186112,1.2959892,0.38317126,0.6302836
-1.0645727,-7.1888175,1.3336276,0.3835068,0.6058206
-1.0571657,-7.1581745,1.3700248,0.38384235,0.5813576
-1.0507685,-7.1267405,1.4051565,0.3839154,0.5627951
-1.0454147,-7.0947146,1.4392964,0.38398847,0.54423255
-1.0411072,-7.062147,1.4724321,0.38406152,0.52567005
-1.0378447,-7.0290866,1.504552,0.38428855,0.5109332
-1.0356257,-6.9956393,1.5358709,0.38451558,0.4961964
-1.034445,-6.9618454,1.5663812,0.38474262,0.4814596
-1.0342945,-6.9277453,1.5960753,0.38531995,0.46860564
-1.0351634,-6.8933783,1.6250798,0.38589725,0.45575166
-1.0370435,-6.8587785,1.6533877,0.38647455,0.4428977
-1.0399241,-6.823979,1.6809922,0.38737828,0.43112487
-1.0437944,-6.788999,1.7079726,0.388282,0.41935205
-1.048644,-6.7538686,1.7343221,0.38918573,0.4075792
-1.0544609,-6.7186146,1.7600335,0.39044625,0.3961124
-1.0612367,-6.6832366,1.7851415,0.39170673,0.38464564
-1.0689598,-6.647759,1.8096381,0.39296722,0.37317884
-1.0776167,-6.6122055,1.833516,0.39456442,0.3606574
-1.0872047,-6.5765543,1.8567222,0.39616162,0.34813595
-1.0977079,-6.5408263,1.8792471,0.3977588,0.33561453
-1.1091095,-6.505042,1.9010807,0.39960122,0.32138726
-1.1214055,-6.4691772,1.9221187,0.40144363,0.30716
-1.1345742,-6.4332495,1.9423482,0.40328604,0.29293272
-1.1485922,-6.397273,1.9617571,0.4053952,0.2783671
-1.1634462,-6.3612356,1.9803232,0.4075044,0.2638015
-1.1791106,-6.325148,1.9980329,0.40961358,0.24923587
-1.1955589,-6.28902,2.0148723,0.41110635,0.23919141
-1.2127181,-6.252954,2.0311053,0.41259912,0.22914694
-1.2305677,-6.2169547,2.0467255,0.41409189,0.21910247
-1.2490864,-6.1810274,2.061726,0.41563085,0.21164857
-1.2682439,-6.145191,2.0762782,0.4171698,0.20419466
-1.2880248,-6.1094494,2.090377,0.41870877,0.19674078
-1.3084134,-6.073806,2.1040182,0.42056796,0.19061981
-1.329404,-6.0382433,2.1172988,0.42242715,0.18449886
-1.350985,-6.002766,2.130215,0.42428634,0.1783779
-1.3731444,-5.9673758,2.142762,0.42660856,0.17303722
-1.3958913,-5.93204,2.1550038,0.4289308,0.16769654
-1.4192166,-5.896763,2.1669362,0.43125302,0.16235586
-1.443111,-5.8615456,2.1785543,0.43392396,0.15748015
-1.4675827,-5.8263645,2.1898963,0.4365949,0.15260443
-1.4926239,-5.791221,2.2009578,0.43926585,0.14772873
-1.5182269,-5.7561183,2.2117338,0.442121,0.14277253
-1.5443944,-5.721041,2.2222185,0.44497618,0.13781634
-1.5711182,-5.6859913,2.232407,0.44783133,0.13286014
-1.59839,-5.6509686,2.2422943,0.45082444,0.12777273
-1.6262099,-5.6159616,2.2518687,0.45381752,0.122685336
-1.6545686,-5.58097,2.261125,0.45681062,0.11759794
-1.683457,-5.545991,2.2700577,0.4599355,0.11223008
-1.7128745,-5.511013,2.2786427,0.46306038,0.10686221
-1.742811,-5.476032,2.2868743,0.46618524,0.10149435
-1.7732553,-5.4410443,2.2947466,0.4694237,0.093309216
-1.8042123,-5.4060287,2.3020363,0.4726622,0.08512409
-1.8356621,-5.3709736,2.308734,0.47590068,0.07693896
-1.8675842,-5.335868,2.3148305,0.47861034,0.06670696
-1.8999267,-5.3007326,2.3201478,0.48132002,0.056474965
-1.9326601,-5.26555,2.3246758,0.4840297,0.04624297
-1.9657552,-5.2303,2.328405,0.48605058,0.0353046
-1.9991351,-5.195011,2.3312643,0.48807147,0.02436623
-2.0327659,-5.1596603,2.3332462,0.49009237,0.013427859
-2.0666134,-5.1242228,2.334343,0.49163374,0.003196615
-2.100609,-5.088708,2.334605,0.49317512,-0.0070346296
-2.13472,-5.0530915,2.3340266,0.4947165,-0.017265875
-2.1689126,-5.0173483,2.3326032,0.49389112,-0.025375372
-2.2029915,-4.981622,2.3305147,0.4930657,-0.03348487
-2.2369308,-4.9458933,2.3277633,0.4922403,-0.041594367
-2.2707047,-4.9101424,2.324352,0.49157348,-0.04950769
-2.3042986,-4.8743377,2.3202975,0.49090663,-0.05742101
-2.3376877,-4.8384614,2.315602,0.49023977,-0.065334335
-2.3708467,-4.8024945,2.3102677,0.49038088,-0.073009595
-2.4038053,-4.7663608,2.3043058,0.49052197,-0.080684856
-2.436538,-4.730042,2.2977166,0.49066305,-0.088360116
-2.4690187,-4.693521,2.2905002,0.49107468,-0.09524174
-2.501242,-4.6567597,2.282717,0.4914863,-0.102123365
-2.5331829,-4.619743,2.2743661,0.49189797,-0.10900499
-2.564817,-4.582456,2.2654471,0.49260184,-0.11501385
-2.596141,-4.544861,2.2560253,0.49330574,-0.12102272
-2.6271315,-4.5069447,2.2460995,0.49400964,-0.1270316
-2.657765,-4.468697,2.2356684,0.49527502,-0.13213015
-2.688055,-4.430059,2.2247932,0.49654037,-0.13722868
-2.7179787,-4.3910213,2.2134724,0.49780574,-0.14232723
-2.7475126,-4.351575,2.2017035,0.49907666,-0.14426862
-2.7766461,-4.3116937,2.189745,0.50034755,-0.14621
-2.8053653,-4.2713757,2.1775956,0.5016185,-0.14815138
-2.8336565,-4.2306204,2.165255,0.50304174,-0.14904013
-2.8615174,-4.189408,2.1528058,0.50446504,-0.14992888
-2.888937,-4.1477394,2.140247,0.5058883,-0.15081763
-2.9159033,-4.1056175,2.1275792,0.5070523,-0.15098172
-2.942394,-4.0630603,2.1148684,0.5082163,-0.1511458
-2.9684007,-4.0200725,2.1021147,0.50938034,-0.15130988
-2.9939146,-3.9766588,2.0893178,0.5100662,-0.1499024
-3.01891,-3.9328537,2.0766222,0.51075214,-0.14849494
-3.043385,-3.888666,2.0640278,0.511438,-0.14708747
-3.0673387,-3.8441045,2.0515354,0.5118989,-0.14582843
-3.0907595,-3.7991986,2.0391378,0.5123598,-0.14456937
-3.1136465,-3.7539568,2.0268354,0.51282066,-0.14331031
-3.1359994,-3.7083876,2.0146286,0.51346874,-0.1416804
-3.157827,-3.66248,2.0025444,0.5141168,-0.14005049
-3.17913,-3.6162434,1.9905833,0.5147649,-0.13842058
-3.1999094,-3.569686,1.9787455,0.51570725,-0.13621058
-3.2201796,-3.5227857,1.9670742,0.51664966,-0.13400058
-3.2399428,-3.4755518,1.9555701,0.517592,-0.13179058
-3.259202,-3.427993,1.944234,0.5186656,-0.12943392
-3.2779655,-3.3801053,1.9330764,0.5197392,-0.12707724
-3.296237,-3.3318968,1.9220982,0.5208128,-0.124720566
-3.3140202,-3.2833762,1.9113002,0.5218173,-0.12202577
-3.3313172,-3.2345562,1.900714,0.5228218,-0.11933097
-3.3481343,-3.1854453,1.8903406,0.523,-0.11663617
-3.364452,-3.13613,1.8801968,0.523,-0.113696024
-3.3802738,-3.0866354,1.8703077,0.523,-0.11075587
-3.3956106,-3.0369697,1.8606732,0.523,-0.10781571
-3.4104729,-2.9871428,1.8512934,0.523,-0.1041003
-3.4248729,-2.9371588,1.8422357,0.523,-0.1003849
-3.438825,-2.8870275,1.8335001,0.523,-0.09666949
-3.4523435,-2.8367577,1.825087,0.523,-0.09342058
-3.4654427,-2.78636,1.8169556,0.523,-0.09017168
-3.4781353,-2.7358427,1.8091063,0.523,-0.08692277
-3.4904346,-2.6852129,1.8015391,0.523,-0.08383524
-3.5023537,-2.6344776,1.79424,0.523,-0.08074771
-3.513905,-2.583644,1.7872092,0.523,-0.07766017
-3.5251014,-2.532718,1.7804465,0.523,-0.07559998
-3.535955,-2.4817092,1.7738631,0.523,-0.0735398
-3.546474,-2.4306223,1.7674586,0.523,-0.07147961
-3.556667,-2.3794613,1.7612332,0.523,-0.06977921
-3.5665429,-2.3282318,1.7551558,0.523,-0.06807881
-3.576108,-2.2769372,1.7492261,0.523,-0.06637841
-3.58537,-2.225581,1.7434444,0.523,-0.0600007
-3.5943387,-2.1741512,1.7382175,0.523,-0.05362299
-3.6030414,-2.1226566,1.7335455,0.523,-0.047245283
-3.6115062,-2.0711052,1.7294289,0.523,-0.038019378
-3.619762,-2.0194993,1.7261157,0.523,-0.028793473
-3.627849,-1.9678502,1.7236062,0.523,-0.019567568
-3.6358085,-1.9161695,1.7219007,0.523,-0.014730674
-3.6436803,-1.8644711,1.7206167,0.523,-0.009893781
-3.6514862,-1.8127595,1.7197543,0.523,-0.005056888
-3.6592479,-1.7610394,1.7193135,0.523,-1.6504526e-05
-3.6669867,-1.7093151,1.7193121,0.523,0.005023879
-3.6747255,-1.6575915,1.7197499,0.523,0.010064262
-3.6824868,-1.6058732,1.7206272,0.523,0.014069205
-3.6902928,-1.5541643,1.7218535,0.523,0.01807415
-3.6981618,-1.5024682,1.723429,0.523,0.022079092
-3.7061117,-1.4507889,1.7253534,0.523,0.022683447
-3.7141607,-1.3991256,1.7273304,0.523,0.023287803
-3.7223117,-1.3474791,1.7293601,0.523,0.023892159
-3.7305677,-1.2958499,1.7314426,0.523,0.028387219
-3.73893,-1.2442441,1.7339166,0.523,0.03288228
-3.7474189,-1.1926663,1.7367823,0.523,0.03737734
-3.756054,-1.1411211,1.7400397,0.523,0.03822877
-3.7648568,-1.089606,1.7433711,0.523,0.039080195
-3.773831,-1.0381223,1.7467767,0.523,0.039931625
-3.78298,-0.98667103,1.7502565,0.523,0.043090563
-3.7923067,-0.93525875,1.7540114,0.523,0.0462495
-3.801825,-0.8838891,1.7580414,0.523,0.049408443
-3.8115492,-0.83256596,1.7623464,0.523,0.049952216
-3.8214936,-0.78128654,1.7666987,0.523,0.05049599
-3.831661,-0.7300523,1.7710985,0.523,0.051039763
-3.8420532,-0.6788647,1.7755455,0.523,0.051924616
-3.8526726,-0.62772614,1.7800696,0.523,0.05280947
-3.8635228,-0.5766386,1.7846706,0.523,0.053694326
-3.8746073,-0.52560383,1.7893487,0.523,0.048895836
-3.8859332,-0.47460893,1.7936091,0.523,0.044097345
-3.897479,-0.4236514,1.7974517,0.523,0.039298855
-3.9092226,-0.3727284,1.8008764,0.523,0.041030288
-3.92114,-0.32184947,1.8044518,0.523,0.04276172
-3.9332383,-0.27101713,1.8081781,0.523,0.04449315
-3.945525,-0.2202341,1.8120551,0.523,0.04071798
-3.9580102,-0.1694909,1.8156034,0.523,0.036942817
-3.9706776,-0.1187849,1.8188229,0.523,0.03316765
-3.9835095,-0.06811322,1.8217134,0.523,0.03041243
-3.9964893,-0.01747442,1.824364,0.523,0.02765721
-4.0096045,0.033133853,1.8267745,0.523,0.024901992
-4.022842,0.08371403,1.8289449,0.523,0.02179395
-4.0361905,0.13426901,1.8308444,0.523,0.018685907
-4.049636,0.18480174,1.8324732,0.523,0.015577865
-4.063164,0.2353152,1.833831,0.523,0.015845299
-4.0767612,0.28581002,1.8352121,0.523,0.016112734
-4.090428,0.3362858,1.8366165,0.523,0.016380167
-4.1041656,0.38674212,1.8380443,0.523,0.014419531
-4.117975,0.43718028,1.8393011,0.523,0.012458896
-4.131849,0.48760238,1.8403871,0.523,0.010498261
-4.145777,0.53801054,1.8413022,0.523,0.014413583
-4.1597514,0.58840346,1.8425585,0.523,0.018328905
-4.173788,0.6387755,1.844156,0.523,0.022244226
-4.187904,0.6891212,1.8460948,0.523,0.013889873
-4.2021194,0.7394469,1.8473055,0.523,0.005535519
-4.2163973,0.78975946,1.8477881,0.523,-0.0028188347
-4.230699,0.8400657,1.8475424,0.523,-0.00015752316
-4.244989,0.8903757,1.8475287,0.523,0.0025037886
-4.259278,0.9406857,1.8477468,0.523,0.0051651
-4.2735777,0.99099207,1.8481971,0.523,-0.0045880675
-4.2879004,1.0412922,1.8477972,0.523,-0.014341235
-4.3022013,1.0915933,1.8465471,0.523,-0.024094403
-4.3164372,1.1419028,1.8444471,0.523,-0.020266378
-4.3305683,1.1922464,1.8426807,0.523,-0.016438354
-4.344611,1.2426184,1.8412479,0.523,-0.012610328
-4.358583,1.2930133,1.8401487,0.523,-0.02733997
-4.372495,1.3434088,1.8377658,0.523,-0.042069614
-4.38628,1.3938115,1.8340999,0.523,-0.056799255
-4.3998704,1.4442275,1.8291515,0.523,-0.046102952
-4.4132185,1.494738,1.8251343,0.523,-0.03540665
-4.426369,1.5453237,1.8220487,0.523,-0.024710346
-4.439368,1.5959662,1.819895,0.523,-0.04371037
-4.452249,1.6466036,1.8160862,0.523,-0.06271039
-4.4649243,1.6972383,1.8106234,0.523,-0.08171041
-4.477306,1.747872,1.803509,0.523,-0.06065305
-4.489345,1.7986686,1.7982253,0.523,-0.039595682
-4.501128,1.8495818,1.7947748,0.523,-0.018538315
-4.5127425,1.9005667,1.7931589,0.523,-0.05179336
-4.524261,1.9515107,1.7886462,0.523,-0.08504841
-4.535524,2.00239,1.7812418,0.523,-0.118303455
-4.546373,2.0531785,1.7709538,0.523,-0.071726345
-4.5567446,2.1043026,1.764707,0.523,-0.025149237
-4.566819,2.1556063,1.762515,0.523,0.02142787
-4.5767827,2.2069364,1.7643826,0.523,-0.04286332
-4.586835,2.258212,1.7606475,0.523,-0.10715451
-4.5966477,2.3092778,1.7513251,0.523,-0.1714457
-4.605901,2.3599737,1.7364539,0.523,-0.10050468
-4.6144814,2.4112973,1.727708,0.523,-0.029563665
-4.6226506,2.4629323,1.7251314,0.523,0.041377354
-4.6306834,2.5145664,1.728737,0.523,-0.034074284
-4.638905,2.5661855,1.7257675,0.523,-0.10952592
-4.6469293,2.617549,1.7162396,0.523,-0.18497756
-4.65438,2.668414,1.7002075,0.523,-0.117372476
-4.6610827,2.71992,1.6899999,0.523,-0.049767397
-4.6672945,2.7717845,1.6856637,0.523,0.017837679
-4.673288,2.8237317,1.6872184,0.523,-0.052626602
-4.6793547,2.8756056,1.6826333,0.523,-0.123090886
-4.6851473,2.9271855,1.6719309,0.523,-0.19355518
-4.690329,2.9782467,1.6551646,0.523,-0.14809948
-4.694688,3.0297902,1.6423024,0.523,-0.1026438
-4.698405,3.081682,1.633371,0.523,-0.057188123
-4.70167,3.1337943,1.6283888,0.523,-0.11071968
-4.7046623,3.185688,1.6187574,0.523,-0.16425124
-4.7071357,3.2372246,1.6045045,0.523,-0.2177828
-4.7088566,3.2882602,1.5856707,0.523,-0.18716447
-4.709621,3.3396413,1.5694513,0.523,-0.15654615
-4.7095513,3.3913016,1.5558614,0.523,-0.12592784
-4.7087765,3.4431818,1.5449136,0.523,-0.16289449
-4.707441,3.4947722,1.5307775,0.523,-0.19986114
-4.7053905,3.54599,1.513472,0.523,-0.2368278
-4.7024775,3.5967467,1.4930209,0.523,-0.21776053
-4.6985097,3.6476572,1.474189,0.523,-0.19869328
-4.6935644,3.698689,1.4569833,0.523,-0.17962602
-4.6877203,3.7498147,1.4414101,0.523,-0.2058003
-4.6811147,3.8005831,1.4235975,0.523,-0.23197457
-4.67365,3.8509316,1.4035579,0.523,-0.25814885
-4.665232,3.9007933,1.381305,0.523,-0.24074572
-4.655665,3.9506757,1.3605222,0.523,-0.2233426
-4.6450195,4.0005536,1.3412156,0.523,-0.20593947
-4.6333694,4.050405,1.3233911,0.523,-0.22468403
-4.6208835,4.099838,1.3039706,0.523,-0.24342859
-4.6075,4.1488,1.2829607,0.523,-0.26217315
-4.5931606,4.1972346,1.2603687,0.523,-0.24329472
-4.5776553,4.2455683,1.2393701,0.523,-0.22441629
-4.5610642,4.2937818,1.2199724,0.523,-0.20553786
-4.5434685,4.3418627,1.2021822,0.523,-0.23055974
-4.525122,4.3893585,1.1822627,0.523,-0.25558162
-4.505953,4.436188,1.1602262,0.523,-0.2806035
-4.4858947,4.482266,1.1360866,0.523,-0.26185748
-4.4646196,4.5280848,1.1135213,0.523,-0.24311145
-4.442208,4.5736313,1.0925382,0.523,-0.22436541
-4.4187407,4.6188993,1.0731447,0.523,-0.24573487
-4.394525,4.663475,1.0519397,0.523,-0.26710433
-4.3695097,4.707281,1.028933,0.523,-0.28847378
-4.3436513,4.750238,1.004135,0.523,-0.28405002
-4.316701,4.792595,0.97970694,0.523,-0.27962625
-4.2886877,4.834335,0.95564926,0.523,-0.27520248
-4.259642,4.87544,0.93196243,0.523,-0.2694182
-4.229583,4.9159117,0.9087612,0.523,-0.26363394
-4.1985435,4.9557376,0.8860464,0.523,-0.25784966
-4.1665583,4.994909,0.86381876,0.523,-0.23645632
-4.133533,5.0335674,0.84339917,0.523,-0.21506298
-4.0995584,5.0717306,0.82479703,0.523,-0.19366963
-4.0647254,5.109422,0.80802083,0.523,-0.1844705
-4.029203,5.1465898,0.7920322,0.523,-0.17527136
-3.9930303,5.1832457,0.77683246,0.523,-0.16607223
-3.9562464,5.2194047,0.762423,0.523,-0.15978113
-3.9189067,5.255067,0.7485545,0.523,-0.15349
-3.8810382,5.2902427,0.7352278,0.523,-0.14719889
-3.842668,5.324944,0.7224433,0.523,-0.13940233
-3.8038135,5.3591905,0.7103313,0.523,-0.13160577
-3.7645054,5.3929996,0.6988928,0.523,-0.1238092
-3.7247734,5.42639,0.6881283,0.523,-0.11559836
-3.6846445,5.459384,0.6780744,0.523,-0.107387505
-3.6441488,5.4920025,0.66873175,0.523,-0.09917666
-3.6033156,5.5242686,0.66010106,0.523,-0.09377603
-3.5621836,5.5561976,0.65193886,0.523,-0.08837541
-3.5207722,5.5878057,0.6442455,0.523,-0.08297479
-3.4790995,5.619109,0.6370212,0.523,-0.082984954
-3.4372017,5.6501102,0.62979597,0.523,-0.08299512
-3.395081,5.6808076,0.62256986,0.523,-0.08300528
-3.3527396,5.7112,0.61534286,0.523,-0.082165524
-3.3101768,5.7412877,0.6081888,0.523,-0.08132576
-3.267397,5.7710724,0.6011077,0.523,-0.08048601
-3.2244043,5.800555,0.5940996,0.523,-0.078581914
-3.1811996,5.8297405,0.5872569,0.523,-0.076677814
-3.1377895,5.8586335,0.5805797,0.523,-0.07477372
-3.0941813,5.8872404,0.574068,0.523,-0.07461281
-3.0503874,5.915563,0.5675703,0.523,-0.07445191
-3.0064096,5.943601,0.5610866,0.523,-0.074291
-2.9622505,5.9713535,0.5546168,0.523,-0.072460815
-2.9179068,5.998823,0.54830617,0.523,-0.070630625
-2.8733847,6.026016,0.54215467,0.523,-0.06880044
-2.8286908,6.0529385,0.5361623,0.52232504,-0.06538766
-2.7838836,6.0795636,0.53047407,0.5216501,-0.061974876
-2.738974,6.1059055,0.5250893,0.5209751,-0.058562092
-2.6939726,6.1319766,0.5200073,0.5183671,-0.05183621
-2.6490483,6.157699,0.515531,0.51575917,-0.045110326
-2.6042213,6.1831,0.5116546,0.51315117,-0.038384445
-2.5595107,6.2082067,0.5083726,0.51022047,-0.0315592
-2.5149634,6.2330294,0.5056893,0.50728977,-0.024733955
-2.470597,6.2575955,0.50359833,0.504359,-0.017908711
-2.4264297,6.281931,0.502093,0.5026694,-0.008562595
-2.3823686,6.306122,0.5013757,0.5009798,0.0007835209
-2.3384366,6.3302,0.50144106,0.49929017,0.010129636
-2.2946565,6.3541994,0.502284,0.4945882,0.008530426
-2.2513082,6.3780093,0.5029872,0.4898862,0.0069312155
-2.208388,6.4016237,0.5035531,0.48518422,0.005332005
-2.1658926,6.4250355,0.5039843,0.4841519,0.0114196185
-2.1234999,6.4484143,0.5049057,0.48311955,0.01750723
-2.0812228,6.471781,0.5063153,0.48208722,0.023594845
-2.0390742,6.4951534,0.50821096,0.4826482,0.024451494
-1.9969218,6.518633,0.5101777,0.48320916,0.025308143
-1.9547677,6.542222,0.5122156,0.48377016,0.026164794
-1.9126137,6.5659237,0.514325,0.48526147,0.030117834
-1.8703848,6.589785,0.51676047,0.48675278,0.03407087
-1.82809,6.61382,0.519524,0.4882441,0.03802391
-1.7857382,6.6380424,0.52261734,0.49253875,0.04048737
-1.743094,6.662607,0.52594006,0.4968334,0.04295083
-1.7001648,6.6875267,0.52949554,0.5011281,0.04541429
-1.6569589,6.7128124,0.5332873,0.50700593,0.041311074
-1.6133358,6.738565,0.53677714,0.5128838,0.037207853
-1.5692911,6.764774,0.5399569,0.5187616,0.033104636
-1.5248197,6.7914286,0.54281867,0.50671023,0.060376428
-1.4815115,6.8175554,0.54791445,0.4946589,0.08764823
-1.4394488,6.8432236,0.5551312,0.48260754,0.11492002
-1.3987058,6.8684916,0.5643544,0.45551866,0.12476124
-1.3605167,6.892667,0.5738017,0.42842978,0.13460246
-1.3248607,6.915713,0.583384,0.40134087,0.14444366
-1.2917135,6.9375906,0.5930123,0.3783916,0.15839536
-1.2607278,6.9584727,0.6029598,0.35544232,0.17234705
-1.2318851,6.9783306,0.61311924,0.33249304,0.18629876
-1.2051625,6.997132,0.62338346,0.32323554,0.20206237
-1.1794527,7.015618,0.63419515,0.31397805,0.21782598
-1.1547579,7.0337825,0.645504,0.30472055,0.2335896
-1.131078,7.0516167,0.6572597,0.3021119,0.20318508
-1.1076527,7.0696945,0.6674202,0.2995032,0.17278056
-1.0844793,7.0879564,0.6760021,0.29689455,0.14237604
-1.0615535,7.1063447,0.6830234,0.289281,0.18080199
-1.0394807,7.124305,0.69169307,0.2816675,0.21922794
-1.0183067,7.141841,0.7019024,0.27405396,0.2576539
-0.9980704,7.1589518,0.71354115,0.26880628,0.24279043
-0.97834337,7.176029,0.7243119,0.2635586,0.227927
-0.95911455,7.1930413,0.73423743,0.25831088,0.21306355
