-3.56661,3.1177845,-1.8233685,0.10535794,0.0
-3.569243,3.107583,-1.8233685,0.13503338,0.099999025
-3.5726004,3.0945733,-1.8211217,0.16470882,0.19999805
-3.5765991,3.078934,-1.815668,0.19438426,0.29999706
-3.5811012,3.0609176,-1.806094,0.22423631,0.399996
-3.5859163,3.0408332,-1.7915405,0.25408834,0.49999496
-3.5907986,3.0190759,-1.771238,0.28394037,0.59999394
-3.5954645,2.9961102,-1.7445174,0.31377843,0.69997185
-3.599613,2.972472,-1.7108283,0.34361652,0.7999498
-3.6029544,2.948765,-1.6697477,0.37345457,0.8999278
-3.605248,2.925662,-1.6209943,0.40246016,0.99887615
-3.606341,2.9039066,-1.564592,0.43146574,1.0
-3.6061964,2.8805947,-1.504081,0.46047133,1.0
-3.6045377,2.8557708,-1.4395021,0.48446023,1.0
-3.601111,2.8298206,-1.3715589,0.50844914,1.0
-3.5956738,2.8028924,-1.3002514,0.523,1.0
-3.5881217,2.7756624,-1.2269032,0.523,1.0
-3.5785944,2.7490592,-1.153555,0.523,1.0
-3.5671432,2.7232256,-1.0802068,0.523,1.0
-3.5538297,2.6983006,-1.0068586,0.523,1.0
-3.5387254,2.6744182,-0.9335103,0.523,1.0
-3.5219114,2.6517072,-0.8601621,0.523,1.0
-3.5034785,2.630289,-0.78681386,0.523,1.0
-3.4835255,2.6102796,-0.71346563,0.523,1.0
-3.4621599,2.5917861,-0.6401174,0.523,1.0
-3.4394963,2.574908,-0.56676924,0.523,1.0
-3.4156568,2.559736,-0.493421,0.523,1.0
-3.3907697,2.546352,-0.42007276,0.523,1.0
-3.3649685,2.5348277,-0.34672454,0.523,1.0
-3.3383925,2.5252252,-0.27337632,0.523,1.0
-3.311184,2.517596,-0.2000281,0.523,1.0
-3.2834897,2.5119812,-0.12667988,0.523,0.9451256
-3.253106,2.5081115,-0.056025162,0.523,0.89025116
-3.2202497,2.5062687,0.011723371,0.523,0.83537674
-3.185164,2.5066803,0.07636175,0.523,0.8844745
-3.1521182,2.5092084,0.14379233,0.523,0.9335723
-3.1213226,2.5136676,0.21385257,0.523,0.9826701
-3.0929675,2.5198255,0.28637365,0.523,0.8906992
-3.061417,2.5291162,0.35414675,0.523,0.7987283
-3.027196,2.5417688,0.416599,0.523,0.70675737
-2.990825,2.557863,0.47320253,0.523,0.7813693
-2.9577746,2.5747848,0.5345898,0.523,0.8559813
-2.9282763,2.5922508,0.6004194,0.523,0.93059325
-2.9024987,2.609902,0.6703248,0.523,0.83363277
-2.87495,2.631742,0.73486114,0.523,0.7366723
-2.8462086,2.657716,0.79342204,0.523,0.6397118
-2.8167784,2.6876223,0.8454574,0.523,0.6813361
-2.7898295,2.7180195,0.9003577,0.523,0.7229604
-2.7654626,2.748748,0.95802784,0.523,0.7645847
-2.743755,2.7796245,1.0183679,0.523,0.6705249
-2.7222524,2.814506,1.072533,0.523,0.5764651
-2.7012973,2.8530228,1.1200444,0.523,0.48240525
-2.6811132,2.8947268,1.1604819,0.523,0.55531013
-2.6633859,2.9354792,1.2064369,0.523,0.6282151
-2.6483068,2.975016,1.2576648,0.523,0.70112
-2.6359966,3.0130363,1.3138938,0.523,0.60329115
-2.6250536,3.0546906,1.3633482,0.523,0.50546235
-2.615629,3.0994692,1.4055554,0.523,0.40763354
-2.6077309,3.1468298,1.4401116,0.523,0.44654545
-2.6015837,3.1935995,1.4777547,0.523,0.4854574
-2.5972862,3.2396567,1.5184278,0.523,0.5243693
-2.5949163,3.2848675,1.5620693,0.523,0.43304694
-2.5945022,3.3323379,1.5986478,0.523,0.3417246
-2.5958743,3.381595,1.6278584,0.523,0.25040224
-2.598764,3.4321811,1.6494578,0.523,0.29380152
-2.6026976,3.4820855,1.6747006,0.523,0.3372008
-2.6078167,3.531174,1.7035394,0.523,0.38060006
-2.6142435,3.5793042,1.73592,0.523,0.31461668
-2.6224182,3.6283605,1.7628938,0.523,0.24863328
-2.632096,3.67812,1.7843437,0.523,0.1826499
-2.6429956,3.7283816,1.8001764,0.523,0.2073232
-2.6546326,3.7782211,1.8181188,0.523,0.23199648
-2.667093,3.8275714,1.8381603,0.523,0.2566698
-2.6804576,3.8763607,1.8602885,0.523,0.2226334
-2.695019,3.9252474,1.8795347,0.523,0.18859702
-2.710629,3.974191,1.8958769,0.523,0.15456066
-2.7271335,4.023161,1.9092958,0.52210206,0.1685417
-2.7442255,4.0717106,1.9238925,0.52120405,0.18252274
-2.7619495,4.119803,1.9396598,0.5203061,0.19650379
-2.7803485,4.1674,1.9565908,0.52232665,0.17136137
-2.7997155,4.215085,1.9714357,0.523,0.14621896
-2.8198953,4.2627296,1.9841356,0.523,0.12107653
-2.8407488,4.310274,1.9946637,0.51868254,0.13347605
-2.8618917,4.357132,2.0061681,0.51436514,0.14587557
-2.8833547,4.403275,2.0186293,0.5100477,0.15827508
-2.9051642,4.448675,2.032028,0.5093927,0.14172158
-2.9276078,4.493834,2.0440197,0.5087376,0.12516806
-2.9506123,4.538763,2.054605,0.50808257,0.10861454
-2.9741068,4.5834746,2.0637844,0.50386906,0.1167144
-2.9977906,4.6275597,2.0735636,0.49965551,0.12481427
-3.0216794,4.671002,2.0839307,0.495442,0.13291414
-3.0457866,4.713784,2.0948737,0.49681738,0.12635042
-3.0704498,4.7564554,2.1053078,0.49819276,0.1197867
-3.095647,4.7990184,2.1152303,0.49956813,0.11322299
-3.1213558,4.841479,2.1246374,0.5008297,0.10846379
-3.1475425,4.883825,2.1336732,0.5020913,0.10370459
-3.174191,4.9260597,2.142336,0.5033528,0.098945394
-3.2012856,4.968188,2.150623,0.50346327,0.09457462
-3.2287462,5.0101175,2.158547,0.5035737,0.09020386
-3.2565553,5.0518537,2.1661074,0.50368416,0.08583309
-3.284696,5.0934043,2.173304,0.50400937,0.083449766
-3.3131595,5.1347857,2.180306,0.5043345,0.08106644
-3.341936,5.176002,2.1871126,0.5046597,0.07868311
-3.371017,5.2170553,2.1937237,0.50626165,0.074735336
-3.4004705,5.2580576,2.200024,0.5078636,0.070787564
-3.4302845,5.299015,2.2060106,0.5094655,0.0668398
-3.4604461,5.3399324,2.2116816,0.5115822,0.06098
-3.490977,5.3808627,2.216878,0.5136988,0.0551202
-3.521858,5.421817,2.2215946,0.51581544,0.0492604
-3.553069,5.4628053,2.225828,0.5180674,0.053135943
-3.5845845,5.503832,2.2304137,0.5203194,0.057011485
-3.6164186,5.544882,2.2353551,0.5225714,0.060887028
-3.6485865,5.585942,2.2406547,0.523,0.06399151
-3.680992,5.6268563,2.246229,0.523,0.067095995
-3.713618,5.6675816,2.252073,0.523,0.07020048
-3.7464747,5.7081065,2.258187,0.523,0.070636846
-3.7795775,5.7484283,2.2643392,0.523,0.07107321
-3.8129268,5.788545,2.2705293,0.523,0.07150958
-3.8465226,5.828453,2.2767572,0.523,0.07079329
-3.880368,5.868153,2.2829227,0.523,0.07007702
-3.9144592,5.9076457,2.2890263,0.523,0.06936073
-3.9487927,5.9469314,2.2950673,0.523,0.07250661
-3.983355,5.986,2.3013818,0.523,0.07565248
-4.018155,6.024841,2.30797,0.523,0.07879835
-4.053202,6.063442,2.3148315,0.523,0.07372206
-4.0885267,6.101817,2.3212516,0.523,0.06864576
-4.1241097,6.139978,2.3272307,0.523,0.06356947
-4.1599326,6.1779385,2.332768,0.523,0.053070813
-4.195987,6.2157226,2.3373919,0.523,0.04257216
-4.232234,6.2533593,2.3411016,0.523,0.032073505
-4.268635,6.2908754,2.3438969,0.523,0.026096791
-4.305146,6.328296,2.3461714,0.523,0.020120079
-4.3417478,6.365639,2.3479252,0.523,0.014143365
-4.378419,6.4029217,2.3491578,0.523,0.0053658187
-4.4151387,6.440162,2.3496256,0.523,-0.0034117282
-4.4518766,6.477386,2.3493283,0.523,-0.012189275
-4.4886007,6.514618,2.348266,0.523,-0.021546239
-4.5252795,6.5518827,2.3463879,0.523,-0.030903202
-4.5618796,6.5892076,2.3436944,0.523,-0.040260166
-4.5983663,6.6266184,2.340186,0.523,-0.04534576
-4.634714,6.664149,2.3362348,0.523,-0.050431352
-4.670904,6.701813,2.3318408,0.523,-0.055516947
-4.7069187,6.739626,2.327004,0.523,-0.06338366
-4.742733,6.777595,2.3214827,0.523,-0.07125038
-4.7783184,6.8157406,2.3152773,0.523,-0.0791171
-4.813646,6.854084,2.3083882,0.523,-0.09152443
-4.8486705,6.8926287,2.3004215,0.523,-0.10393176
-4.883345,6.931404,2.2913783,0.523,-0.116339095
-4.9176207,6.9704375,2.2812603,0.523,-0.11261538
-4.951514,7.009833,2.2714648,0.523,-0.10889166
-4.9850335,7.049575,2.2619917,0.523,-0.10516794
-5.0181885,7.0896487,2.2528415,0.523,-0.10736818
-5.0509677,7.1300144,2.2435005,0.523,-0.10956841
-5.08336,7.1706753,2.233969,0.523,-0.11176865
-5.1153564,7.2116327,2.2242467,0.523,-0.1431552
-5.146826,7.2527337,2.2118108,0.523,-0.17454176
-5.1776266,7.2940145,2.1966739,0.523,-0.20592831
-5.207617,7.3355055,2.1788504,0.523,-0.24582088
-5.2365966,7.377141,2.157638,0.523,-0.28571346
-5.264383,7.4189253,2.133071,0.523,-0.3
-5.291019,7.4611974,2.1073115,0.523,-0.28225106
-5.3166943,7.50437,2.0830338,0.523,-0.26450214
-5.3414364,7.548372,2.060246,0.523,-0.24675322
-5.36528,7.5931334,2.038955,0.523,-0.18622231
-5.388472,7.638999,2.0228162,0.523,-0.12569141
-5.4111357,7.685675,2.011889,0.523,-0.06516051
-5.4334164,7.732869,2.0062132,0.4990698,0.027601028
-5.4544587,7.778102,2.0085087,0.47513965,0.120362565
-5.4744525,7.820825,2.018017,0.45120946,0.21312411
-5.493524,7.860588,2.0339234,0.4273136,0.2959325
-5.5117846,7.8971562,2.054693,0.40341777,0.3787409
-5.5292225,7.930336,2.0795538,0.3795219,0.4615493
-5.5457745,7.960013,2.107723,0.35898152,0.44565868
-5.562343,7.987847,2.1335127,0.33844113,0.42976806
-5.5787563,8.013869,2.1570153,0.31790075,0.41387743
-5.594858,8.0381155,2.1783233,0.29352808,0.39853036
-5.610301,8.060328,2.1973078,0.2691554,0.38318333
-5.6249375,8.08055,2.2140796,0.24478275,0.36783627
-5.638638,8.098825,2.2287502,0.21681112,0.32725093
-5.6511927,8.11507,2.2403655,0.1888395,0.28666556
-5.6624346,8.129272,2.2492647,0.16086788,0.24608022
-5.6722264,8.141419,2.2557962,0.13194636,0.18376291
-5.6804338,8.151465,2.2598145,0.10302483,0.12144561
-5.6869354,8.15936,2.2618947,0.07410331,0.059128314
-5.6916504,8.165059,2.2626245,0.044505823,-0.004893118
-5.69449,8.168487,2.2625883,0.014908339,-0.06891455
-5.6954384,8.169632,2.262417,-0.014689147,-0.13293599
-5.69451,8.16851,2.2627416,-0.044613473,-0.18503615
-5.691712,8.165134,2.2641096,-0.0745378,-0.2371363
-5.687082,8.159561,2.267028,-0.104462124,-0.2892365
-5.6806607,8.151879,2.2719939,-0.13440856,-0.26505402
-5.672292,8.141969,2.277862,-0.164355,-0.24087158
-5.661924,8.129834,2.2843966,-0.19430143,-0.21668912
-5.649503,8.115488,2.291359,-0.22422394,-0.17453791
-5.6349335,8.098895,2.2978485,-0.25414646,-0.1323867
-5.618189,8.080072,2.3034399,-0.28406897,-0.09023549
-5.5992665,8.059041,2.307706,-0.3136366,-0.029280806
-5.5781994,8.035825,2.3092365,-0.34320423,0.03167387
-5.5551085,8.010456,2.307425,-0.3727719,0.09262855
-5.5301733,7.982962,2.3016784,-0.40039212,0.165241
-5.50381,7.9535556,2.2907016,-0.42801234,0.23785345
-5.476385,7.922281,2.2738938,-0.45563254,0.3104659
-5.4483333,7.889185,2.2506943,-0.45072657,0.3457278
-5.421672,7.856209,2.2252371,-0.44582057,0.38098967
-5.39648,7.8233743,2.1976082,-0.44091457,0.41625154
-5.372826,7.790714,2.1678953,-0.42324647,0.38315973
-5.3507547,7.75825,2.1415234,-0.40557837,0.3500679
-5.3301725,7.7261906,2.1183405,-0.38791025,0.31697607
-5.310984,7.6947207,2.0981889,-0.37885395,0.32283196
-5.292902,7.6636744,2.0781567,-0.36979762,0.32868782
-5.2758965,7.633083,2.0582616,-0.36074132,0.33454368
-5.259937,7.6029778,2.0385208,-0.34815055,0.33647168
-5.24512,7.5736446,2.0193632,-0.3355598,0.33839968
-5.2313933,7.545123,2.0007968,-0.32296902,0.34032768
-5.218702,7.51745,1.9828292,-0.3149558,0.3301765
-5.20677,7.490149,1.9658105,-0.30694258,0.32002535
-5.1955576,7.463257,1.949717,-0.2989294,0.3098742
-5.1850266,7.436807,1.9345244,-0.2885272,0.29614648
-5.1752086,7.411016,1.9204906,-0.278125,0.2824188
-5.166057,7.385922,1.9075727,-0.26772282,0.2686911
-5.157528,7.3615603,1.8957273,-0.25598934,0.24306412
-5.1495957,7.338014,1.8854588,-0.24425586,0.21743715
-5.1422143,7.3153343,1.8766767,-0.23252237,0.19181019
-5.1353407,7.293568,1.8692888,-0.21767998,0.15608189
-5.129017,7.2730155,1.8636491,-0.20283757,0.12035359
-5.1232038,7.253736,1.8595903,-0.18799517,0.08462529
-5.117869,7.23578,1.8569419,-0.19518012,0.04676809
-5.1123657,7.217076,1.8554211,-0.20236506,0.0089109
-5.1066837,7.1976542,1.8551205,-0.20955001,-0.028946292
-5.100808,7.177549,1.8561313,-0.20020796,-0.0062535643
-5.095173,7.158338,1.85634,-0.19086593,0.016439164
-5.089797,7.1400266,1.8558171,-0.18152389,0.03913189
-5.0846972,7.12262,1.8546336,-0.18893032,0.0068619014
-5.0794063,7.104483,1.8544174,-0.19633675,-0.02540809
-5.073914,7.08564,1.8552488,-0.20374316,-0.05767808
-5.068206,7.066117,1.8572062,-0.19341117,-0.027666712
-5.0627437,7.0475707,1.858098,-0.18307917,0.002344656
-5.057556,7.0300136,1.8580265,-0.17274716,0.032356024
-5.0526648,7.013455,1.857095,-0.18109247,-0.007028681
-5.0475507,6.9960833,1.8573072,-0.18943779,-0.046413384
-5.042203,6.9779315,1.858772,-0.1977831,-0.08579809
-5.0366063,6.9590373,1.8615968,-0.18493678,-0.049236577
-5.03131,6.9413414,1.8631139,-0.17209044,-0.012675065
-5.0263515,6.924864,1.8634773,-0.15924412,0.023886448
-5.021758,6.909621,1.8628435,-0.16982485,-0.023748655
-5.01687,6.893362,1.8635156,-0.1804056,-0.07138376
-5.0116777,6.876133,1.8656601,-0.19098634,-0.11901886
-5.0061665,6.857988,1.8694397,-0.17942652,-0.07671625
-5.000903,6.84089,1.8717315,-0.16786669,-0.034413643
-4.99593,6.8248672,1.8726943,-0.15630686,0.007888967
-4.991283,6.8099437,1.8724887,-0.16765922,-0.037824936
-4.9863043,6.7939467,1.8735454,-0.17901158,-0.08353884
-4.980986,6.7769194,1.8760349,-0.19036393,-0.12925273
-4.9753127,6.758914,1.8801243,-0.18536928,-0.079678886
-4.969688,6.741313,1.8825834,-0.18037465,-0.030105036
-4.964157,6.724153,1.8834883,-0.17538,0.019468814
-4.958763,6.7074685,1.8829192,-0.19168715,-0.007646507
-4.952877,6.6892266,1.8831636,-0.2079943,-0.034761827
-4.946489,6.6694455,1.8843683,-0.22430144,-0.06187715
-4.9395833,6.64815,1.88668,-0.23017858,-0.0074799717
-4.932433,6.6262717,1.886967,-0.23605572,0.046917208
-4.9251013,6.603861,1.8851218,-0.24193285,0.10131438
-4.9176598,6.580971,1.8810436,-0.25172788,0.09997082
-4.910013,6.5571194,1.8768563,-0.2615229,0.098627254
-4.9021716,6.532304,1.8725644,-0.27131793,0.09728368
-4.894146,6.5065207,1.8681723,-0.27435875,0.12747917
-4.886172,6.4805017,1.8623588,-0.27739957,0.15767464
-4.878297,6.4542623,1.8550992,-0.2804404,0.18787012
-4.870569,6.4278173,1.8463697,-0.2864972,0.22542162
-4.8629713,6.400946,1.8356968,-0.29255402,0.26297313
-4.855575,6.373682,1.8230218,-0.2986108,0.30052465
-4.848457,6.3460617,1.8082893,-0.29981062,0.3490653
-4.841829,6.3186793,1.7911991,-0.30101046,0.39760596
-4.835761,6.291598,1.7717733,-0.30221027,0.44614664
-4.830319,6.264884,1.7500397,-0.2991695,0.49776527
-4.8256326,6.2390184,1.7262326,-0.29612875,0.5493839
-4.8217225,6.2140675,1.7004614,-0.29308802,0.6010025
-4.818597,6.1900973,1.6728394,-0.27948534,0.67340153
-4.8163714,6.1683636,1.6437893,-0.2658827,0.7458005
-4.814947,6.1488853,1.6137197,-0.25228003,0.81819946
-4.814207,6.131657,1.5830292,-0.23078609,0.85644937
-4.814022,6.116539,1.5539685,-0.20929214,0.8946993
-4.814243,6.103444,1.5267599,-0.18779819,0.9329492
-4.814735,6.0922723,1.5016143,-0.16889521,0.8855651
-4.8154736,6.0816092,1.4798192,-0.14999223,0.8381811
-4.8163853,6.071619,1.4612343,-0.13108926,0.790797
-4.8173933,6.062455,1.4457022,-0.12101509,0.7128655
-4.8185353,6.053372,1.4325114,-0.11094092,0.63493395
-4.8197665,6.044525,1.4215446,-0.10086675,0.5570024
-4.8210397,6.0360584,1.4126574,-0.0999069,0.5637425
-4.8223696,6.027719,1.4037598,-0.09894705,0.5704827
-4.8237543,6.019507,1.394854,-0.0979872,0.57722276
-4.8251915,6.0114226,1.385942,-0.09633482,0.5838357
-4.8266687,6.003522,1.3770916,-0.09468245,0.5904486
-4.8281827,5.995804,1.3683062,-0.093030065,0.5970616
-4.82973,5.9882674,1.359589,-0.09111556,0.6029888
-4.8313036,5.9809294,1.350977,-0.08920104,0.6089159
-4.832899,5.9737887,1.3424734,-0.087286524,0.61484313
-4.8345127,5.9668436,1.3340819,-0.08525881,0.61879647
-4.8361416,5.9600925,1.3258394,-0.08323111,0.6227498
-4.837781,5.9535336,1.3177483,-0.08120339,0.6267031
-4.8394275,5.947166,1.309811,-0.076250225,0.62817377
-4.8410196,5.9412055,1.3023427,-0.071297064,0.62964445
-4.842548,5.9356494,1.2953454,-0.0663439,0.63111514
-4.8440046,5.930495,1.2888211,-0.059752297,0.6288487
-4.8453493,5.9258533,1.2829632,-0.053160693,0.6265822
-4.846572,5.9217243,1.2777678,-0.04656909,0.62431574
-4.8476634,5.918107,1.2732309,-0.039612956,0.6216524
-4.8486075,5.915028,1.2693859,-0.032656822,0.6189891
-4.849397,5.9124885,1.266228,-0.025700686,0.6163258
-4.850026,5.9104877,1.263752,-0.022174133,0.6105521
-4.850575,5.908756,1.2616332,-0.01864758,0.6047784
-4.851042,5.9072948,1.259866,-0.015121024,0.5990047
-4.8514237,5.9061055,1.2584451,-0.012432138,0.59854263
-4.8517394,5.905128,1.2572776,-0.009743253,0.5980806
-4.851988,5.904362,1.2563633,-0.007054367,0.5976185
-4.852168,5.9038076,1.2557018,-0.0044086035,0.59470195
-4.852281,5.9034605,1.25529,-0.0017628405,0.5917854
-4.852327,5.9033213,1.2551262,0.0008829226,0.58886874
-4.852304,5.9033914,1.2552079,0.003917681,0.5884422
-4.852203,5.903701,1.2555703,0.00695244,0.5880156
-4.8520236,5.904251,1.2562131,0.009987199,0.587589
-4.851766,5.905041,1.2571359,0.013075901,0.5841276
-4.8514295,5.906079,1.2583377,0.016164605,0.5806662
-4.851014,5.907365,1.2598156,0.019253308,0.5772047
-4.8505206,5.908901,1.2615666,0.023014644,0.57584727
-4.849933,5.91074,1.2636554,0.026775982,0.5744898
-4.8492537,5.9128823,1.2660805,0.030537318,0.57313234
-4.8484836,5.91533,1.2688403,0.034855817,0.5697935
-4.847611,5.918132,1.2719742,0.03917432,0.5664547
-4.8466377,5.9212914,1.275478,0.043492816,0.5631159
-4.845567,5.9248095,1.2793475,0.048616156,0.55787015
-4.8443823,5.92876,1.2836369,0.05373949,0.55262446
-4.8430867,5.933147,1.2883385,0.058862828,0.5473787
-4.841686,5.937974,1.2934444,0.06550743,0.5399801
-4.8401475,5.943378,1.2990575,0.07215203,0.5325815
-4.838479,5.9493656,1.3051634,0.07879663,0.5251829
-4.8366895,5.9559445,1.3117478,0.0872837,0.5172064
-4.834746,5.963278,1.3189408,0.095770776,0.5092298
-4.832662,5.971376,1.3267223,0.104257844,0.50125325
-4.8304524,5.9802485,1.335072,0.115506686,0.48855266
-4.8280706,5.9901657,1.3441075,0.12675552,0.47585207
-4.825538,6.001145,1.3537852,0.13800436,0.46315148
-4.82288,6.0132017,1.3640612,0.15546206,0.44442797
-4.8199987,6.026939,1.3752011,0.17291975,0.42570442
-4.816938,6.042387,1.3871027,0.19037744,0.4069809
-4.8137445,6.059576,1.3996625,0.21167348,0.3910709
-4.810412,6.0788593,1.41311,0.23296954,0.37516093
-4.807008,6.100267,1.4273376,0.25426558,0.35925093
-4.8036046,6.1238256,1.4422364,0.27518156,0.33360213
-4.800271,6.149612,1.4572544,0.29609752,0.30795336
-4.7970743,6.177647,1.4722127,0.3170135,0.28230458
-4.794078,6.207946,1.4869311,0.32759553,0.27677476
-4.791438,6.239348,1.5018506,0.33817756,0.27124497
-4.789193,6.271852,1.5169519,0.34875962,0.26571515
-4.787382,6.305455,1.532216,0.35977343,0.28143957
-4.7860494,6.339991,1.5488698,0.3707872,0.297164
-4.785272,6.3754363,1.5669649,0.381801,0.31288838
-4.785133,6.411762,1.5865518,0.39566654,0.32054493
-4.785724,6.449309,1.6073297,0.40953207,0.32820144
-4.7871404,6.4880505,1.6293312,0.4233976,0.33585796
-4.789479,6.527956,1.6525885,0.44196093,0.33156398
-4.792893,6.5696054,1.6765665,0.46052426,0.32726997
-4.797497,6.61297,1.7012397,0.47908762,0.322976
-4.8034062,6.6580153,1.7265826,0.499198,0.31660438
-4.8107667,6.7048798,1.7524862,0.5193084,0.31023276
-4.819702,6.7535176,1.7789086,0.523,0.30386114
-4.8300133,6.802345,1.8049895,0.523,0.3011967
-4.8416033,6.850927,1.8308486,0.523,0.29853225
-4.8544564,6.899233,1.8564858,0.523,0.29586783
-4.8685555,6.9472327,1.881901,0.523,0.30174524
-4.8838415,6.9947724,1.9078059,0.523,0.30762267
-4.9003234,7.0418134,1.9341995,0.523,0.3135001
-4.918008,7.0883155,1.9610807,0.523,0.29513744
-4.937045,7.134591,1.986435,0.523,0.2767748
-4.957359,7.1806173,2.0102537,0.523,0.25841212
-4.978871,7.226376,2.0325289,0.523,0.23401633
-5.0015354,7.271923,2.0527415,0.523,0.2096205
-5.025246,7.3172517,2.07088,0.523,0.1852247
-5.049895,7.362362,2.0869331,0.523,0.11612038
-5.0755324,7.4075427,2.0970323,0.523,0.047016073
-5.101773,7.452717,2.101129,0.523,-0.02208824
-5.1282206,7.497822,2.0992038,0.523,-0.04979644
-5.154556,7.5429325,2.094865,0.523,-0.077504635
-5.1806483,7.5880775,2.088116,0.523,-0.10521283
