-6.7581954,-8.852126,-2.9260268,0.00039555525,0.0
-6.758234,-8.852134,-2.9260268,-0.029455086,-0.07978846
-6.755366,-8.851506,-2.9256356,-0.059305727,-0.15957692
-6.7496467,-8.850251,-2.9240649,-0.08915637,-0.23936537
-6.7411895,-8.848382,-2.920542,-0.11899859,-0.28955737
-6.7300625,-8.845881,-2.914879,-0.1488408,-0.3
-6.716207,-8.842686,-2.9075482,-0.17868303,-0.3
-6.699602,-8.838727,-2.8987474,-0.20856692,-0.29075694
-6.6802073,-8.833922,-2.8887823,-0.23845081,-0.28151387
-6.658029,-8.828193,-2.8777416,-0.2683347,-0.2722708
-6.633078,-8.821452,-2.8657148,-0.29799223,-0.19524947
-6.604951,-8.813489,-2.856079,-0.3276498,-0.11822814
-6.5737314,-8.804325,-2.849638,-0.35730734,-0.041206814
-6.5395417,-8.79405,-2.8471847,-0.3867818,0.03185935
-6.502547,-8.782832,-2.8492382,-0.41625628,0.10492551
-6.4629064,-8.770902,-2.8565042,-0.44573078,0.17799167
-6.4208083,-8.758564,-2.8696573,-0.47523144,0.2046339
-6.3759866,-8.746065,-2.8857524,-0.50473213,0.23127612
-6.3284564,-8.733633,-2.9050348,-0.523,0.25791836
-6.2792945,-8.721782,-2.9272683,-0.523,0.24983904
-6.229778,-8.711003,-2.94882,-0.523,0.24175973
-6.1799397,-8.701275,-2.9696887,-0.523,0.23368041
-6.129811,-8.692572,-2.989873,-0.523,0.21353506
-6.079286,-8.684847,-3.0083451,-0.523,0.1933897
-6.0284157,-8.678028,-3.0250974,-0.523,0.17324434
-5.9772477,-8.67204,-3.040123,-0.523,0.15274584
-5.9258227,-8.666804,-3.0533857,-0.523,0.13224734
-5.874181,-8.662237,-3.0648797,-0.523,0.11174884
-5.82236,-8.658254,-3.0746002,-0.523,0.09813745
-5.770428,-8.65477,-3.0831406,-0.523,0.08452608
-5.7184043,-8.651725,-3.0904999,-0.523,0.07091469
-5.6663036,-8.649061,-3.096676,-0.523,0.063805066
-5.614163,-8.646717,-3.102234,-0.523,0.056695443
-5.5619874,-8.644663,-3.1071732,-0.523,0.04958582
-5.5097823,-8.642865,-3.1114936,-0.523,0.04748262
-5.457565,-8.641293,-3.115631,-0.523,0.045379423
-5.4053364,-8.639936,-3.1195853,-0.523,0.043276228
-5.353098,-8.638787,-3.1233563,-0.523,0.045919277
-5.300862,-8.637835,-3.1273575,-0.523,0.048562326
-5.248629,-8.637091,-3.131589,-0.523,0.051205374
-5.1964,-8.636568,-3.1360502,-0.523,0.05462538
-5.144179,-8.636278,-3.1408095,-0.523,0.058045387
-5.091967,-8.636238,3.137319,-0.523,0.061465394
-5.0397663,-8.636461,3.1319647,-0.4930835,0.16114405
-4.991099,-8.6369295,3.118779,-0.46316704,0.26082268
-4.9463606,-8.63795,3.0988724,-0.43325055,0.36050135
-4.905857,-8.639682,3.0734015,-0.4038334,0.45791012
-4.8697186,-8.64215,3.0436473,-0.37441623,0.55531895
-4.8380556,-8.645261,3.0107477,-0.34499907,0.6527277
-4.810882,-8.648837,2.9758248,-0.31617314,0.5699995
-4.7846284,-8.653229,2.9473886,-0.2873472,0.4872713
-4.759715,-8.658129,2.9249651,-0.25852126,0.40454307
-4.736505,-8.663238,2.9080062,-0.22900091,0.32270542
-4.715377,-8.668264,2.8959024,-0.19948058,0.24086778
-4.6965866,-8.6729765,2.8879714,-0.16996023,0.15903012
-4.6803417,-8.677187,2.8834856,-0.14005342,0.13718802
-4.666928,-8.680728,2.8802934,-0.11014662,0.115345925
-4.656358,-8.683555,2.8781805,-0.08023981,0.093503825
-4.6486444,-8.685635,2.876932,-0.050255533,0.0703934
-4.6438055,-8.686946,2.8763428,-0.02027126,0.047282975
-4.641852,-8.687477,2.876183,0.009713014,0.02417255
-4.642789,-8.6872225,2.8762224,0.039701663,-0.031188846
-4.646618,-8.686181,2.876016,0.06969031,-0.08655024
-4.6533175,-8.68436,2.875012,0.09967896,-0.14191164
-4.6628366,-8.68176,2.8726623,0.12966895,-0.15772365
-4.6751823,-8.678357,2.8692677,0.15965894,-0.17353566
-4.690329,-8.674128,2.8646731,0.18964894,-0.18934767
-4.7082453,-8.669035,2.8587239,0.21962035,-0.15731388
-4.729074,-8.662981,2.8529894,0.24959175,-0.12528008
-4.7528133,-8.655932,2.8477914,0.27956316,-0.093246296
-4.7794557,-8.647872,2.8434532,0.30941936,-0.0657215
-4.8089685,-8.638803,2.8400662,0.33927557,-0.03819669
-4.841342,-8.628735,2.8379068,0.36913177,-0.010671884
-4.876564,-8.617697,2.8372505,0.39847562,-0.003877443
-4.91458,-8.605756,2.8369927,0.42781946,0.0029169978
-4.9553924,-8.592925,2.8372009,0.45716333,0.009711439
-4.9990053,-8.579224,2.8379407,0.48490632,0.0006791532
-5.045277,-8.564725,2.8379958,0.5126493,-0.008353132
-5.094196,-8.549399,2.837282,0.523,-0.017385418
-5.1440854,-8.5337305,2.8357666,0.523,-0.027806967
-5.1939397,-8.51799,2.833343,0.523,-0.03822852
-5.243738,-8.502134,2.8300116,0.523,-0.048650067
-5.293461,-8.48612,2.8257728,0.523,-0.046504527
-5.3431206,-8.469893,2.8217206,0.523,-0.044358987
-5.392719,-8.4534645,2.8178551,0.523,-0.042213447
-5.442258,-8.436842,2.8141766,0.523,-0.042249758
-5.491735,-8.420037,2.810495,0.523,-0.04228607
-5.54115,-8.40305,2.8068101,0.523,-0.04232238
-5.5905023,-8.385882,2.803122,0.523,-0.043195497
-5.639789,-8.368532,2.7993581,0.523,-0.044068616
-5.689008,-8.350998,2.795518,0.523,-0.044941735
-5.7381577,-8.333276,2.791602,0.523,-0.04749458
-5.787232,-8.315363,2.7874634,0.523,-0.05004742
-5.836225,-8.297249,2.7831028,0.523,-0.052600265
-5.8851323,-8.278924,2.7785199,0.523,-0.057377398
-5.933943,-8.260381,2.7735214,0.523,-0.06215453
-5.9826455,-8.241599,2.768107,0.523,-0.066931665
-6.031231,-8.222559,2.7622771,0.523,-0.076236896
-6.0796723,-8.203249,2.7556384,0.523,-0.08554213
-6.127948,-8.183634,2.7481909,0.523,-0.094847366
-6.1760354,-8.163675,2.7399359,0.523,-0.10849779
-6.2238903,-8.143349,2.730497,0.523,-0.12214822
-6.271476,-8.122605,2.719876,0.523,-0.13579865
-6.318754,-8.101395,2.7080753,0.523,-0.14489496
-6.365719,-8.079655,2.6954896,0.523,-0.15399128
-6.412342,-8.057357,2.6821196,0.523,-0.16308759
-6.4585958,-8.034471,2.6679668,0.523,-0.17640182
-6.5044165,-8.010986,2.65267,0.523,-0.18971607
-6.5497603,-7.986863,2.6362321,0.523,-0.20303032
-6.594583,-7.9620633,2.618656,0.523,-0.21653903
-6.6388354,-7.9365535,2.5999281,0.523,-0.23004773
-6.682468,-7.9103,2.5800521,0.523,-0.24355644
-6.72543,-7.8832726,2.5590312,0.5209467,-0.2571771
-6.7675014,-7.8555546,2.5369475,0.51889336,-0.27079782
-6.808635,-7.8271317,2.5138133,0.51684004,-0.2844185
-6.8487844,-7.797995,2.4896426,0.51082987,-0.29339278
-6.8876553,-7.7683253,2.4650204,0.50481963,-0.3
-6.925259,-7.738129,2.4401562,0.4988094,-0.3
-6.961662,-7.707378,2.4155884,0.49150872,-0.3
-6.996777,-7.6762047,2.3913798,0.48420805,-0.3
-7.0306168,-7.644666,2.367531,0.47690737,-0.3
-7.063196,-7.6128173,2.3440416,0.47213686,-0.3
-7.0947003,-7.580538,2.3207874,0.46736634,-0.3
-7.125135,-7.5478683,2.2977679,0.46259582,-0.3
-7.154506,-7.5148473,2.2749836,0.46029088,-0.3
-7.1829753,-7.4813337,2.2523127,0.45798594,-0.3
-7.2105384,-7.4473543,2.2297554,0.45568097,-0.3
-7.237193,-7.4129357,2.2073116,0.45677742,-0.3
-7.263131,-7.377844,2.1848137,0.45787385,-0.3
-7.2883334,-7.342091,2.162262,0.45897028,-0.3
-7.312782,-7.3056927,2.139656,0.45947757,-0.3
-7.336427,-7.26871,2.1170251,0.45998487,-0.3
-7.359255,-7.23116,2.0943694,0.46049216,-0.3
-7.38125,-7.193061,2.0716887,0.46077538,-0.3
-7.4023886,-7.154449,2.0489938,0.46105856,-0.3
-7.422658,-7.1153436,2.0262852,0.46134177,-0.3
-7.4420457,-7.075763,2.0035625,0.46283814,-0.3
-7.4605894,-7.035623,1.9807662,0.46433455,-0.3
-7.4782705,-6.9949393,1.9578962,0.46583092,-0.3
-7.4950705,-6.9537296,1.9349524,0.46806702,-0.3
-7.510997,-6.911946,1.9118986,0.4703031,-0.3
-7.5260267,-6.8696046,1.8887346,0.4725392,-0.3
-7.540139,-6.8267236,1.8654604,0.47484505,-0.3
-7.5533133,-6.783315,1.8420727,0.47715095,-0.3
-7.5655284,-6.7393985,1.8185714,0.47945684,-0.3
-7.5767617,-6.694993,1.7949566,0.48170778,-0.3
-7.5869913,-6.650125,1.7712308,0.48395875,-0.3
-7.596196,-6.604816,1.7473942,0.4862097,-0.3
-7.6043563,-6.559089,1.7234467,0.48823616,-0.3
-7.611449,-6.5129886,1.6993995,0.49026263,-0.3
-7.6174555,-6.466539,1.6752523,0.4922891,-0.3
-7.6223593,-6.419765,1.6510055,0.49410456,-0.3
-7.6261415,-6.372713,1.6266692,0.49592003,-0.3
-7.628787,-6.32541,1.6022434,0.4977355,-0.3
-7.630282,-6.277883,1.5777283,0.49901724,-0.3
-7.630613,-6.2302113,1.55315,0.500299,-0.3
-7.6297693,-6.182423,1.5285085,0.5015807,-0.3
-7.6277437,-6.134548,1.5038041,0.5029181,-0.3
-7.6245275,-6.0866103,1.4790336,0.5042556,-0.3
-7.620113,-6.0386395,1.4541974,0.505593,-0.3
-7.614494,-5.9906664,1.4292952,0.5038347,-0.3
-7.6077056,-5.9430146,1.4044796,0.5020765,-0.3
-7.599765,-5.895711,1.3797507,0.5003182,-0.3
-7.5906887,-5.8487835,1.3551084,0.4974195,-0.3
-7.5805187,-5.8023643,1.3306087,0.49452078,-0.3
-7.56928,-5.756477,1.3062519,0.4916221,-0.3
-7.5569997,-5.7111444,1.2820379,0.48696595,-0.29588926
-7.5437355,-5.6664925,1.2583721,0.48230985,-0.2917785
-7.5295377,-5.622536,1.2352489,0.4776537,-0.28766775
-7.5144553,-5.579288,1.2126625,0.47235468,-0.2691529
-7.498494,-5.5366426,1.1917281,0.46705565,-0.25063807
-7.4817505,-5.4946084,1.1724215,0.4617566,-0.23212323
-7.4643183,-5.45319,1.1547173,0.45890018,-0.23625109
-7.446286,-5.412381,1.1368157,0.45604378,-0.24037893
-7.4276614,-5.372194,1.1187207,0.45318735,-0.24450678
-7.4084535,-5.33264,1.1004362,0.44996768,-0.22856471
-7.388591,-5.2935734,1.0834439,0.44674802,-0.21262263
-7.368141,-5.2549887,1.0677315,0.44352835,-0.19668056
-7.3471704,-5.21688,1.0532861,0.4443635,-0.19952501
-7.325623,-5.1790285,1.038607,0.44519868,-0.20236947
-7.303494,-5.1414485,1.0236936,0.44603387,-0.20521392
-7.2807775,-5.104155,1.008545,0.4454695,-0.19905494
-7.2574987,-5.0672097,0.9938636,0.44490516,-0.19289598
-7.233681,-5.030612,0.9796487,0.4443408,-0.186737
-7.2093477,-4.99436,0.9658998,0.44516405,-0.1908992
-7.1844926,-4.9584074,0.9518221,0.4459873,-0.19506139
-7.1591067,-4.922772,0.9374147,0.44681057,-0.19922358
-7.1331844,-4.8874702,0.9226768,0.4469424,-0.19585904
-7.106719,-4.85252,0.9081803,0.44707417,-0.1924945
-7.079724,-4.8179245,0.8939255,0.447206,-0.18912996
-7.052212,-4.7836847,0.8799127,0.44813004,-0.19179589
-7.02418,-4.7497816,0.86567545,0.44905412,-0.19446181
-6.9956245,-4.716229,0.85121304,0.4499782,-0.19712773
-6.966542,-4.6830425,0.8365247,0.45012227,-0.20191318
-6.9369946,-4.6503077,0.8214798,0.45026633,-0.20669863
-6.9069777,-4.618043,0.8060785,0.4504104,-0.21148406
-6.876489,-4.5862665,0.79032075,0.44986254,-0.21580704
-6.84557,-4.555042,0.7742655,0.44931468,-0.22013001
-6.8142223,-4.524384,0.7579137,0.44876683,-0.22445299
-6.7824473,-4.4943094,0.7412665,0.44746947,-0.23136094
-6.7503204,-4.4649005,0.7241655,0.4461721,-0.23826891
-6.717844,-4.436176,0.7066145,0.4448747,-0.24517687
-6.6850204,-4.408156,0.6886173,0.44347692,-0.25064713
-6.6518483,-4.3808546,0.67028457,0.4420791,-0.2561174
-6.6183352,-4.354288,0.65161955,0.44068128,-0.26158768
-6.5844884,-4.328471,0.6326251,0.43993935,-0.2656376
-6.550253,-4.3033714,0.61337596,0.4391974,-0.26968753
-6.5156374,-4.2790036,0.5938734,0.43845546,-0.27373746
-6.4806523,-4.2553825,0.5741186,0.4391598,-0.2771524
-6.445184,-4.232442,0.55409163,0.4398642,-0.2805673
-6.4092417,-4.2102027,0.53379184,0.44056857,-0.28398222
-6.3728333,-4.1886845,0.51321876,0.44225952,-0.28812793
-6.335893,-4.1678653,0.49227348,0.44395047,-0.29227367
-6.2984285,-4.1477723,0.4709542,0.44564146,-0.29641938
-6.260448,-4.128434,0.4492591,0.44893938,-0.3
-6.221815,-4.1098075,0.4271473,0.4522373,-0.3
-6.1824927,-4.091909,0.4048731,0.45553526,-0.3
-6.1424923,-4.074767,0.38243645,0.45965075,-0.3
-6.1017523,-4.0583797,0.35979712,0.46376625,-0.3
-6.060284,-4.0427804,0.33695507,0.46788174,-0.3
-6.0180993,-4.0280023,0.3139103,0.47197494,-0.3
-5.975213,-4.0140796,0.29066396,0.47606817,-0.3
-5.93164,-4.0010457,0.267216,0.4801614,-0.3
-5.887397,-3.9889333,0.24356642,0.48533574,-0.3
-5.8423996,-3.9777515,0.21966201,0.49051008,-0.3
-5.796665,-3.9675407,0.19550273,0.49568442,-0.3
-5.7502127,-3.9583416,0.1710886,0.50288707,-0.3
-5.702872,-3.950162,0.14631973,0.51008976,-0.3
-5.6546617,-3.9430573,0.12119608,0.5172924,-0.3
-5.605605,-3.9370825,0.09571769,0.523,-0.3
-5.55587,-3.9323072,0.06995818,0.523,-0.3
-5.506028,-3.928815,0.04419867,0.523,-0.3
-5.456113,-3.9266071,0.01843916,0.523,-0.3
-5.406157,-3.925686,-0.0073203514,0.523,-0.3
-5.3561945,-3.9260516,-0.033079863,0.523,-0.3
-5.3062577,-3.927704,-0.058839373,0.523,-0.3
-5.25638,-3.9306424,-0.084598884,0.523,-0.3
-5.2065945,-3.9348643,-0.110358395,0.523,-0.3
-5.1569343,-3.940367,-0.1361179,0.523,-0.3
-5.1074324,-3.947147,-0.16187742,0.523,-0.3
-5.0581217,-3.9551997,-0.18763693,0.523,-0.3
-5.009034,-3.96452,-0.21339644,0.523,-0.3
-4.9602036,-3.9751015,-0.23915595,0.523,-0.3
-4.9116616,-3.986937,-0.26491547,0.523,-0.3
-4.8634405,-4.000019,-0.29067498,0.523,-0.3
-4.8155723,-4.0143385,-0.31643447,0.523,-0.3
-4.768089,-4.0298867,-0.342194,0.523,-0.3
-4.7210217,-4.0466523,-0.3679535,0.523,-0.3
-4.6744018,-4.064625,-0.39371303,0.523,-0.3
-4.6282606,-4.0837917,-0.41947255,0.523,-0.3
-4.5826283,-4.104141,-0.44523203,0.523,-0.3
-4.537535,-4.125659,-0.47099155,0.523,-0.3
-4.493011,-4.148331,-0.49675107,0.523,-0.3
-4.4490857,-4.1721425,-0.5225106,0.523,-0.3
-4.4057884,-4.1970778,-0.5482701,0.523,-0.3
-4.3631477,-4.2231197,-0.5740296,0.523,-0.3
-4.321192,-4.2502513,-0.5997891,0.523,-0.27052534
-4.2795906,-4.278699,-0.62308335,0.523,-0.24105069
-4.2383466,-4.308336,-0.64389205,0.523,-0.21157604
-4.1974516,-4.339032,-0.6621971,0.5156729,-0.15296711
-4.1572585,-4.370368,-0.67529273,0.50834584,-0.09435817
-4.1177573,-4.4020047,-0.68327534,0.50101876,-0.035749234
-4.0789275,-4.4336157,-0.68625987,0.48599043,-0.000884974
-4.0413303,-4.4644103,-0.6863315,0.47096208,0.033979286
-4.004919,-4.4942384,-0.6836649,0.45593372,0.06884354
-3.9696558,-4.522969,-0.67843765,0.43263063,0.060590357
-3.936035,-4.55007,-0.6740715,0.4093275,0.05233717
-3.9040985,-4.575584,-0.6705026,0.3860244,0.044083983
-3.8738825,-4.5995474,-0.66766727,0.36139745,0.02590559
-3.8455126,-4.621916,-0.66610706,0.3367705,0.0077271997
-3.8190355,-4.6427255,-0.6656734,0.3121436,-0.010451192
-3.7944868,-4.662002,-0.666217,0.2914281,-0.036385156
-3.7715907,-4.680001,-0.66798395,0.27071258,-0.06231912
-3.750379,-4.6967363,-0.6707939,0.2499971,-0.08825308
-3.7308724,-4.712216,-0.6744663,0.23191091,-0.086126104
-3.7128263,-4.7266445,-0.6777911,0.21382473,-0.08399912
-3.696229,-4.7400055,-0.6807811,0.19573855,-0.08187214
-3.6810694,-4.752284,-0.68344903,0.17365253,-0.092639424
-3.6676621,-4.7632027,-0.6861264,0.1515665,-0.103406705
-3.655998,-4.7727537,-0.6887339,0.1294805,-0.114173986
-3.6460667,-4.7809296,-0.69119245,0.1129464,-0.11253351
-3.6374192,-4.788084,-0.6933063,0.09641231,-0.11089303
-3.6300495,-4.7942076,-0.6950846,0.07987822,-0.10925256
-3.6239514,-4.799293,-0.6965362,0.0901197,-0.1069774
-3.617078,-4.805042,-0.6981399,0.10036118,-0.10470225
-3.609432,-4.811457,-0.69988805,0.11060266,-0.10242709
-3.6010163,-4.8185444,-0.70177287,0.09930951,-0.078904666
-3.5934556,-4.8249354,-0.7030775,0.08801635,-0.05538224
-3.5867515,-4.8306174,-0.70388955,0.076723196,-0.031859815
-3.5809057,-4.8355803,-0.7042969,0.08358348,-0.013844895
-3.5745366,-4.840992,-0.7044897,0.09044377,0.0041700243
-3.5676453,-4.8468494,-0.7044269,0.09730405,0.022184944
-3.5602329,-4.8531494,-0.7040671,0.087653615,0.06155958
-3.5535643,-4.858813,-0.70316833,0.078003176,0.10093422
-3.5476446,-4.863831,-0.7018584,0.06835274,0.14030886
-3.5424762,-4.868201,-0.7002652,0.07163292,0.17052375
-3.5370781,-4.87275,-0.6982392,0.07491311,0.20073864
-3.531455,-4.877469,-0.6957497,0.07819329,0.23095354
-3.5256126,-4.882348,-0.69276655,0.071449816,0.25827906
-3.520297,-4.8867598,-0.6897249,0.06470634,0.28560457
-3.5155077,-4.8907104,-0.6866866,0.05796287,0.31293008
-3.5112429,-4.894207,-0.6837126,0.06220513,0.32649988
-3.5066752,-4.8979287,-0.68038744,0.06644739,0.34006968
-3.5018058,-4.9018693,-0.6766935,0.07068965,0.35363948
-3.4966357,-4.906022,-0.6726134,0.07366922,0.37281075
-3.491269,-4.9102964,-0.6681412,0.07664878,0.39198202
-3.4857087,-4.9146852,-0.663261,0.07962835,0.4111533
-3.4799569,-4.919179,-0.65795684,0.079717256,0.41500258
-3.4741848,-4.9236403,-0.65259993,0.07980616,0.41885185
-3.4683921,-4.928067,-0.6471903,0.079895064,0.42270115
