-0.00057829294,-9.203933,1.931447,0.498655,0.0
-0.01817499,-9.157275,1.931447,0.4754505,-0.091616675
-0.034882475,-9.112975,1.9241973,0.45224598,-0.18323335
-0.050272267,-9.071256,1.9104635,0.42904148,-0.27485
-0.06403025,-9.032322,1.8910563,0.42405057,-0.3
-0.07678368,-8.993871,1.8701704,0.41905966,-0.3
-0.08859068,-8.955617,1.8495302,0.41406876,-0.3
-0.09947448,-8.917586,1.829136,0.4133605,-0.3
-0.10956317,-8.879407,1.8087766,0.41265228,-0.3
-0.118856564,-8.841095,1.788452,0.41194406,-0.3
-0.12735483,-8.80267,1.7681624,0.41372254,-0.3
-0.13510506,-8.763912,1.7477852,0.41550103,-0.3
-0.1420939,-8.724838,1.7273203,0.4172795,-0.3
-0.14830816,-8.685461,1.7067679,0.42001605,-0.3
-0.15374732,-8.645706,1.6860807,0.4227526,-0.3
-0.15839301,-8.605587,1.6652588,0.42548913,-0.3
-0.16222706,-8.56512,1.644302,0.42862755,-0.3
-0.1652343,-8.5242815,1.6231906,0.43176594,-0.3
-0.16739447,-8.48309,1.6019247,0.43490434,-0.3
-0.16868758,-8.441563,1.5805042,0.43798238,-0.3
-0.16909377,-8.399722,1.5589321,0.4410604,-0.3
-0.16859387,-8.357589,1.5372084,0.44413844,-0.3
-0.167169,-8.315183,1.515333,0.44709757,-0.3
-0.16480123,-8.272535,1.493312,0.4500567,-0.3
-0.16147307,-8.22967,1.4711452,0.45301586,-0.3
-0.15716748,-8.186605,1.4488326,0.45579153,-0.3
-0.15186992,-8.143386,1.4263834,0.4585672,-0.3
-0.14556536,-8.100033,1.4037974,0.46134284,-0.3
-0.13823925,-8.056572,1.3810747,0.4640174,-0.3
-0.12987939,-8.013039,1.3582203,0.4666919,-0.3
-0.12047295,-7.969457,1.3352342,0.46936643,-0.3
-0.11000769,-7.9258556,1.3121163,0.47211984,-0.3
-0.09847005,-7.8822527,1.2888628,0.47487324,-0.3
-0.08584851,-7.8386774,1.2654736,0.47762665,-0.3
-0.07213227,-7.7951584,1.241949,0.48006192,-0.3
-0.057321,-7.751754,1.2183043,0.4824972,-0.3
-0.041407365,-7.708493,1.1945397,0.48493248,-0.3
-0.024384765,-7.6654067,1.1706551,0.48722777,-0.3
-0.0062525934,-7.6225367,1.1466575,0.48952308,-0.3
0.012993271,-7.5799146,1.1225468,0.49181837,-0.3
0.033356123,-7.5375714,1.0983231,0.49551243,-0.3
0.05489922,-7.4954195,1.0739175,0.49920648,-0.3
0.07763277,-7.4534955,1.0493299,0.50290054,-0.3
0.10156596,-7.411837,1.0245603,0.5079149,-0.3
0.1267724,-7.3703747,0.9995438,0.5129293,-0.3
0.15326712,-7.329153,0.9742803,0.5179437,-0.3
0.18106377,-7.2882175,0.94876987,0.5229743,-0.3
0.21017557,-7.247614,0.9230116,0.523,-0.3
0.24032499,-7.2077713,0.8972521,0.523,-0.3
0.2714906,-7.1687183,0.87149256,0.523,-0.3
0.30365175,-7.1304812,0.84573305,0.523,-0.3
0.33678707,-7.0930853,0.8199735,0.523,-0.3
0.3708746,-7.0565553,0.794214,0.523,-0.3
0.40589172,-7.0209155,0.76845455,0.523,-0.3
0.4418152,-6.986189,0.74269503,0.523,-0.3
0.47862118,-6.9523997,0.7169355,0.523,-0.3
0.51628524,-6.919569,0.691176,0.523,-0.3
0.55478245,-6.88772,0.6654165,0.523,-0.3
0.5940872,-6.8568726,0.63965696,0.523,-0.3
0.6341734,-6.8270483,0.61389744,0.523,-0.3
0.6750145,-6.798266,0.5881379,0.523,-0.3
0.71658343,-6.770545,0.56237847,0.523,-0.3
0.7588525,-6.7439046,0.53661895,0.523,-0.3
0.80179375,-6.718361,0.51085943,0.523,-0.3
0.84537864,-6.693932,0.4850999,0.523,-0.3
0.88957834,-6.6706343,0.4593404,0.523,-0.3
0.9343634,-6.6484823,0.43358088,0.523,-0.3
0.9797042,-6.627491,0.40782136,0.523,-0.3
1.0255706,-6.607675,0.38206187,0.523,-0.3
1.0719322,-6.5890465,0.35630235,0.523,-0.3
1.1187582,-6.5716186,0.33054283,0.523,-0.3
1.1660175,-6.5554023,0.3047833,0.523,-0.3
1.2136788,-6.5404086,0.27902383,0.523,-0.3
1.2617106,-6.526648,0.2532643,0.523,-0.3
1.3100808,-6.5141287,0.22750479,0.523,-0.3
1.3587575,-6.502859,0.20174527,0.523,-0.3
1.4077082,-6.4928474,0.17598577,0.523,-0.3
1.4569006,-6.4841,0.15022625,0.523,-0.3
1.506302,-6.476622,0.12446675,0.523,-0.3
1.5558795,-6.4704194,0.09870724,0.523,-0.2889533
1.6057673,-6.465479,0.073869176,0.523,-0.2779066
1.6559235,-6.461767,0.049955595,0.523,-0.2668599
1.7063093,-6.459248,0.026969416,0.523,-0.23848292
1.7571106,-6.4578776,0.006378142,0.523,-0.21010599
1.8082594,-6.4575515,-0.011801647,0.523,-0.18172903
1.8596946,-6.4581585,-0.027555313,0.523,-0.15858315
1.9113188,-6.4595814,-0.04132061,0.523,-0.13543728
1.9630955,-6.461722,-0.05309017,0.523,-0.112291396
2.014993,-6.46448,-0.06285768,0.523,-0.09863184
2.066936,-6.467749,-0.07144115,0.523,-0.08497228
2.1189144,-6.471469,-0.078839,0.523,-0.07131271
2.1709194,-6.4755774,-0.085049815,0.523,-0.057812355
2.2229433,-6.480013,-0.09008632,0.523,-0.044312
2.27498,-6.484713,-0.09394759,0.523,-0.030811643
2.3270247,-6.4896173,-0.09663291,0.523,-0.016014207
2.379074,-6.494663,-0.09802876,0.523,-0.0012167692
2.431123,-6.499781,-0.098134816,0.523,0.013580668
2.4831665,-6.504905,-0.096951075,0.523,0.02964883
2.535198,-6.5099654,-0.094367065,0.523,0.04571699
2.587211,-6.5148883,-0.090383455,0.523,0.06178515
2.639198,-6.5196,-0.085001275,0.523,0.077718735
2.6911519,-6.524027,-0.07823361,0.523,0.09365232
2.7430634,-6.528096,-0.07008217,0.523,0.1095859
2.794922,-6.5317364,-0.060549043,0.523,0.123861335
2.8467264,-6.5348773,-0.04978005,0.523,0.13813677
2.898464,-6.5374546,-0.037777383,0.523,0.1524122
2.950121,-6.5394073,-0.024543496,0.523,0.16717705
3.001676,-6.540673,-0.010039013,0.523,0.18194191
3.0531104,-6.541189,0.005732904,0.523,0.19670677
3.1044009,-6.540895,0.022768816,0.523,0.2070866
3.1555703,-6.5397296,0.040691122,0.523,0.21746643
3.2065961,-6.5376525,0.05949789,0.523,0.22784625
3.2574542,-6.5346227,0.079187095,0.523,0.23772386
3.308124,-6.530602,0.09971407,0.523,0.24760148
3.3585773,-6.525554,0.121076815,0.523,0.25747907
3.408783,-6.519446,0.14327325,0.523,0.2655242
3.458733,-6.51224,0.1661471,0.523,0.27356935
3.5083947,-6.503912,0.1896969,0.523,0.28161445
3.5577333,-6.4944386,0.21392111,0.523,0.28520852
3.6067765,-6.483784,0.2384461,0.523,0.28880256
3.655492,-6.471943,0.26327157,0.523,0.2923966
3.7038467,-6.45891,0.2883972,0.523,0.28953075
3.7518997,-6.4446545,0.3132835,0.523,0.28666487
3.7996237,-6.429194,0.3379303,0.523,0.283799
3.846992,-6.412548,0.36233735,0.523,0.2821992
3.893962,-6.3947434,0.38661054,0.523,0.28059942
3.9405072,-6.375795,0.41074973,0.523,0.2789996
3.986603,-6.355719,0.43475494,0.523,0.27288422
4.0322824,-6.334506,0.4582472,0.523,0.26676884
4.0775275,-6.312188,0.48122573,0.523,0.26065347
4.1223216,-6.288798,0.50368965,0.523,0.25253358
4.1666737,-6.264355,0.52546895,0.523,0.24441369
4.210573,-6.2389007,0.5465622,0.523,0.2362938
4.254012,-6.212473,0.56696796,0.523,0.2389406
4.2968755,-6.1851816,0.587598,0.523,0.2415874
4.3391395,-6.1570306,0.60845214,0.523,0.2442342
4.3807797,-6.128023,0.6295302,0.523,0.23805684
4.421862,-6.0980988,0.6500854,0.523,0.23187947
4.4623804,-6.0672913,0.6701169,0.523,0.22570209
4.502331,-6.0356326,0.689624,0.523,0.23143469
4.5416036,-6.0032444,0.7096178,0.523,0.23716728
4.5801682,-5.9701223,0.7300976,0.523,0.24289988
4.617994,-5.9362655,0.75106275,0.523,0.23500195
4.6551723,-5.901556,0.7713591,0.523,0.22710404
4.6917067,-5.866033,0.7909853,0.523,0.21920611
4.727601,-5.8297353,0.8099401,0.523,0.22573617
4.762749,-5.7928185,0.8294501,0.523,0.23226622
4.797118,-5.7552795,0.84951437,0.523,0.23879628
4.830674,-5.717119,0.8701322,0.523,0.22822574
4.863519,-5.678177,0.8898536,0.523,0.21765518
4.8956666,-5.6384997,0.90867645,0.523,0.20708463
4.927133,-5.598132,0.9265986,0.523,0.2119494
4.9578395,-5.55725,0.9449355,0.523,0.21681416
4.987759,-5.5158553,0.96368676,0.523,0.22167893
5.0168657,-5.4739523,0.9828519,0.523,0.20297125
5.0452785,-5.431328,1.000423,0.523,0.18426356
5.07304,-5.388052,1.0163939,0.523,0.16555588
5.100196,-5.344194,1.030759,0.523,0.17105111
5.1266947,-5.2999916,1.0455964,0.523,0.17654634
5.152509,-5.2554436,1.0609055,0.523,0.18204156
5.177614,-5.2105503,1.076686,0.523,0.16112958
5.202096,-5.1651025,1.0906703,0.523,0.1402176
5.226016,-5.119171,1.1028527,0.523,0.119305626
5.2494383,-5.072825,1.1132275,0.523,0.12198641
5.2723713,-5.026254,1.1238343,0.523,0.124667205
5.294801,-4.979458,1.134673,0.523,0.12734799
5.3167152,-4.932437,1.1457435,0.523,0.10952048
5.338153,-4.8850765,1.1552709,0.523,0.09169297
5.359176,-4.8374276,1.1632524,0.523,0.07386546
5.379849,-4.789542,1.1696851,0.523,0.07523954
5.4002113,-4.7415295,1.1762373,0.523,0.07661362
5.4202566,-4.69339,1.1829089,0.523,0.07798769
5.439978,-4.645122,1.1897,0.523,0.06779759
5.459386,-4.596686,1.1956052,0.523,0.057607483
5.4785194,-4.548105,1.2006239,0.523,0.04741738
5.497419,-4.499402,1.2047554,0.523,0.05111239
5.5161138,-4.4506307,1.2092088,0.523,0.054807402
5.534588,-4.401786,1.2139838,0.523,0.058502413
5.5528245,-4.352864,1.2190803,0.523,0.04795798
5.5708213,-4.303822,1.2232591,0.523,0.03741355
5.5886216,-4.2546835,1.2265196,0.523,0.026869118
5.606267,-4.20547,1.2288613,0.523,0.02661581
5.623798,-4.156215,1.2311811,0.523,0.026362503
5.641214,-4.10692,1.2334788,0.523,0.026109194
5.6585174,-4.057584,1.2357544,0.523,0.017877007
5.675711,-4.0081997,1.2373126,0.523,0.0096448185
5.69283,-3.9587834,1.2381532,0.523,0.0014126301
5.7099085,-3.9093504,1.2382764,0.523,0.0033730268
5.72698,-3.8599155,1.2385705,0.523,0.0053334236
5.7440376,-3.810476,1.2390352,0.523,0.0072938204
5.7610717,-3.7610292,1.2396711,0.523,0.004053128
5.7780747,-3.7115707,1.2400243,0.523,0.0008124352
5.79506,-3.6621058,1.2400951,0.523,-0.0024282574
5.812042,-3.61264,1.2398835,0.523,-0.002610576
5.829035,-3.5631776,1.239656,0.523,-0.0027928948
5.846039,-3.513719,1.2394125,0.523,-0.0029752136
5.8630543,-3.4642646,1.2391531,0.5097429,-0.0010708928
5.8796515,-3.416068,1.2390622,0.4964858,0.0008334279
5.895821,-3.3691266,1.2391312,0.4832287,0.0027377487
5.9115562,-3.3234372,1.2393516,0.46651345,-0.015580428
5.926735,-3.2793303,1.2381403,0.4497982,-0.033898603
5.941415,-3.2368407,1.2355995,0.43308294,-0.05221678
5.9556417,-3.1959987,1.2318323,0.42085186,-0.091877356
5.969577,-3.1564755,1.2253969,0.40862074,-0.13153793
5.983292,-3.1183589,1.2164644,0.39638966,-0.1711985
5.9968443,-3.0817258,1.2052094,0.3878795,-0.21602984
6.0103884,-3.046343,1.1913521,0.3793693,-0.26086116
6.023965,-3.012297,1.1750448,0.37085912,-0.3
6.0376234,-2.9796057,1.1567787,0.35939476,-0.21263802
6.051756,-2.9474437,1.1441377,0.3479304,-0.12527604
6.0660415,-2.916018,1.1368921,0.33646604,-0.03791406
6.080177,-2.8855114,1.1347665,0.32924008,0.0019874335
6.094082,-2.855668,1.1348755,0.32201415,0.04188893
6.107667,-2.8265035,1.137123,0.31478822,0.081790425
6.12085,-2.7980342,1.1414094,0.30559313,0.12239017
6.133477,-2.770457,1.1476274,0.29639804,0.16298993
6.145488,-2.7437897,1.1556435,0.28720295,0.20358968
