4.1137843,4.9676347,-0.09651474,0.35335118,0.0
4.148955,4.9642296,-0.09651474,0.37228447,-0.046489425
4.1859703,4.9606457,-0.09939825,0.3912178,-0.09297885
4.224731,4.9567804,-0.105452016,0.4101511,-0.13946827
4.265122,4.952505,-0.114954986,0.41449,-0.14150119
4.305886,4.9477983,-0.124697536,0.4188289,-0.14353412
4.3470163,4.9426427,-0.13468254,0.42316782,-0.14556704
4.3885064,4.937021,-0.14491287,0.42323905,-0.13558236
4.430002,4.930965,-0.15444756,0.4233103,-0.12559767
4.4715,4.9245043,-0.1632854,0.42338154,-0.11561299
4.512996,4.917668,-0.17142531,0.4233904,-0.107730396
4.5544724,4.910487,-0.17901261,0.42339927,-0.0998478
4.5959287,4.9029856,-0.18604682,0.42340812,-0.091965206
4.637363,4.895187,-0.19252749,0.4239587,-0.09145205
4.6788015,4.887109,-0.19898047,0.42450926,-0.09093888
4.720243,4.878752,-0.20540567,0.42505985,-0.09042572
4.7616854,4.8701177,-0.21180299,0.4253068,-0.09023248
4.8030963,4.861213,-0.2181904,0.42555374,-0.09003922
4.8444743,4.852039,-0.22456786,0.42580068,-0.08984597
4.885818,4.842595,-0.23093536,0.42603156,-0.089579
4.927124,4.832883,-0.23728745,0.42626244,-0.08931203
4.9683905,4.8229027,-0.24362408,0.4264933,-0.08904506
5.0096164,4.812656,-0.24994524,0.4266833,-0.08914901
5.0507946,4.8021436,-0.25627658,0.42687333,-0.089252956
5.0919237,4.791366,-0.2626181,0.42706335,-0.0893569
5.133001,4.7803235,-0.2689698,0.42717475,-0.08944113
5.174018,4.769017,-0.27532914,0.42728615,-0.08952536
5.2149725,4.7574472,-0.28169614,0.42739755,-0.08960958
5.255863,4.745614,-0.28807074,0.427732,-0.09031338
5.2967067,4.7335114,-0.29450032,0.42806643,-0.09101718
5.3375006,4.721138,-0.30098492,0.42840087,-0.09172098
5.378243,4.708491,-0.30752462,0.42919457,-0.09408957
5.418968,4.6955566,-0.31424516,0.42998827,-0.09645815
5.459671,4.6823273,-0.32114708,0.43078193,-0.09882674
5.5003476,4.668796,-0.328231,0.43158862,-0.10321275
5.5409846,4.654957,-0.33564207,0.43239528,-0.10759876
5.5815754,4.640797,-0.34338132,0.43320197,-0.11198477
5.6221113,4.6263037,-0.3514498,0.43367702,-0.116734184
5.662551,4.611476,-0.3598681,0.43415207,-0.1214836
5.7028856,4.5962996,-0.3686369,0.43462712,-0.12623301
5.743106,4.580763,-0.37775669,0.4353882,-0.12932345
5.783237,4.5648384,-0.38711485,0.43614933,-0.13241388
5.823271,4.5485168,-0.39671212,0.43691042,-0.1355043
5.863199,4.53179,-0.4065492,0.4380243,-0.13785395
5.90305,4.5146327,-0.4165812,0.43913817,-0.14020358
5.942814,4.4970384,-0.4268091,0.44025207,-0.14255323
5.9824834,4.478998,-0.4372336,0.441258,-0.14494702
6.022039,4.4605093,-0.44785616,0.442264,-0.1473408
6.0614715,4.4415655,-0.45867747,0.44326994,-0.1497346
6.100772,4.4221587,-0.46969834,0.444002,-0.15200652
6.1399074,4.402294,-0.4809036,0.44473407,-0.15427843
6.1788683,4.381966,-0.49229378,0.44546616,-0.15655035
6.2176447,4.3611684,-0.50386935,0.44569314,-0.15326664
6.2562175,4.339902,-0.5152098,0.4459201,-0.14998294
6.2945857,4.318177,-0.5263148,0.44614708,-0.14669923
6.332748,4.2960057,-0.53718394,0.44658372,-0.14340262
6.3707223,4.273388,-0.5478209,0.44702035,-0.14010601
6.408509,4.250334,-0.5582252,0.447457,-0.1368094
6.4461074,4.2268543,-0.5683961,0.4480326,-0.13400754
6.4835277,4.202954,-0.57837284,0.44860816,-0.13120568
6.520769,4.178641,-0.5881547,0.44918373,-0.12840381
6.557832,4.1539245,-0.5977411,0.44977385,-0.12555826
6.594718,4.1288114,-0.60712856,0.450364,-0.122712694
6.631428,4.1033106,-0.6163163,0.4509541,-0.11986713
6.667962,4.077431,-0.62530386,0.45134282,-0.11576402
6.7043114,4.051189,-0.6339927,0.4517315,-0.11166091
6.7404795,4.0245967,-0.64238197,0.45212018,-0.107557796
6.77647,3.9976664,-0.6504712,0.45275575,-0.10304656
6.8123093,3.9703946,-0.6582333,0.4533913,-0.09853532
6.848002,3.9427943,-0.66566706,0.45402685,-0.094024085
6.8835535,3.9148781,-0.6727715,0.45487952,-0.089873865
6.9189863,3.8866465,-0.679576,0.4557322,-0.08572364
6.9543047,3.8581107,-0.68607914,0.45658487,-0.08157341
6.989515,3.8292818,-0.6922798,0.4572513,-0.076911606
7.0246096,3.8001819,-0.6981354,0.45791775,-0.07224979
7.0595965,3.7708242,-0.70364463,0.4585842,-0.06758799
7.0944834,3.7412214,-0.7088065,0.45917785,-0.062680684
7.1292725,3.711391,-0.7136003,0.4597715,-0.05777339
7.163974,3.6813464,-0.7180249,0.46036518,-0.05286609
7.198596,3.6511014,-0.72207934,0.46098545,-0.04818356
7.2331495,3.6206682,-0.7257799,0.46160573,-0.04350103
7.2676444,3.5900595,-0.72912556,0.46222603,-0.0388185
7.302089,3.5592883,-0.73211527,0.46230316,-0.032489408
7.3364553,3.528402,-0.7346182,0.4623803,-0.026160311
7.370756,3.4974194,-0.73663396,0.46245742,-0.019831216
7.4050055,3.4663575,-0.73816234,0.4628422,-0.013111877
7.439239,3.4352143,-0.73917377,0.46322697,-0.0063925385
7.473472,3.4040084,-0.7396673,0.46361175,0.00032680033
7.5077186,3.3727589,-0.739642,0.464507,0.005503273
7.542032,3.3414505,-0.739216,0.46540228,0.010679746
7.5764227,3.3100977,-0.73838764,0.4662975,0.015856218
7.6109037,3.2787154,-0.7371554,0.4673063,0.007385856
7.6455016,3.2473047,-0.73658013,0.4683151,-0.0010845065
7.680193,3.215845,-0.7366648,0.46932387,-0.009554869
7.714955,3.1843164,-0.73741215,0.46925652,-0.019848919
7.749683,3.152771,-0.73896444,0.4691892,-0.030142969
7.784348,3.1211843,-0.7413212,0.46912184,-0.04043702
7.818921,3.0895324,-0.744482,0.46815452,-0.0465092
7.8533134,3.0578449,-0.7481096,0.4671872,-0.05258138
7.88751,3.0261083,-0.752202,0.46621987,-0.058653563
7.921494,2.9943085,-0.7567569,0.46327072,-0.06348023
7.955109,2.962566,-0.76165503,0.4603216,-0.06830689
7.9883447,2.9308724,-0.7668915,0.45737246,-0.07313356
8.021191,2.89922,-0.7724614,0.45293286,-0.073551886
8.053542,2.8676953,-0.77800876,0.4484933,-0.07397021
8.085402,2.8363035,-0.7835329,0.4440537,-0.07438855
8.116772,2.8050494,-0.78903323,0.44012484,-0.07220711
8.147699,2.7738962,-0.7943253,0.43619597,-0.070025675
8.178192,2.7428546,-0.79941195,0.4322671,-0.06784424
8.208257,2.7119348,-0.804296,0.42936295,-0.065341346
8.237975,2.681072,-0.80896854,0.4264588,-0.06283845
8.267353,2.6502752,-0.813432,0.42355463,-0.060335558
8.296398,2.6195538,-0.81768864,0.42123,-0.0599204
8.325155,2.5888774,-0.8218928,0.41890532,-0.059505243
8.353625,2.5582495,-0.82604486,0.41658068,-0.059090085
8.381811,2.5276737,-0.8301451,0.41432208,-0.05976103
8.4097185,2.49715,-0.8342694,0.41206348,-0.060431976
8.437347,2.4666798,-0.8384172,0.4098049,-0.06110292
8.464697,2.4362643,-0.84258795,0.40831277,-0.061657835
8.49182,2.405847,-0.84678125,0.40682063,-0.062212747
8.518716,2.375429,-0.85099673,0.40532848,-0.06276766
8.545383,2.3450108,-0.8552342,0.40401497,-0.06420125
8.571835,2.3145816,-0.8595543,0.40270144,-0.06563485
8.598064,2.2841406,-0.86395633,0.40138793,-0.06706844
8.624074,2.253687,-0.86843973,0.4002215,-0.06840311
8.649868,2.2232084,-0.8729989,0.39905506,-0.069737785
8.6754465,2.192705,-0.87763333,0.39788863,-0.07107246
8.700807,2.1621754,-0.8823425,0.39731622,-0.07306509
8.725983,2.1315753,-0.8871765,0.39674377,-0.07505772
8.75097,2.1009028,-0.892135,0.39617133,-0.07705035
8.775766,2.0701556,-0.8972175,0.39605114,-0.07914602
8.800394,2.0392976,-0.9024364,0.39593095,-0.08124169
8.824849,2.0083258,-0.9077915,0.39581072,-0.08333736
8.849126,1.9772384,-0.91328275,0.39582777,-0.08711501
8.873225,1.9460268,-0.91902256,0.3958448,-0.090892665
8.897138,1.9146867,-0.92501086,0.39586183,-0.09467032
8.9208555,1.8832136,-0.9312476,0.39583415,-0.09842976
8.9443655,1.8516071,-0.9377308,0.3958065,-0.102189206
8.96766,1.819863,-0.9444603,0.3957788,-0.10594865
8.99073,1.7879775,-0.95143586,0.39607093,-0.115611315
9.013569,1.7559427,-0.9590506,0.39636308,-0.12527397
9.036154,1.7237488,-0.96730465,0.3966552,-0.13493665
9.05846,1.6913867,-0.97619814,0.39615306,-0.14238101
9.080427,1.6589025,-0.9855672,0.3956509,-0.14982536
9.102037,1.6262912,-0.99541,0.39514875,-0.15726973
9.123275,1.593548,-1.0057249,0.3943693,-0.16295277
9.144113,1.5606828,-1.0163882,0.39358982,-0.1686358
9.164538,1.527694,-1.027398,0.39281037,-0.17431884
9.184541,1.4945806,-1.0387527,0.39210066,-0.17772615
9.204119,1.4613228,-1.0503061,0.39139092,-0.18113348
9.223265,1.4279221,-1.0620573,0.39068118,-0.1845408
9.24197,1.394381,-1.0740052,0.39019513,-0.18704443
9.260243,1.3606766,-1.0860984,0.38970906,-0.18954806
9.278076,1.3268121,-1.0983362,0.389223,-0.1920517
9.295463,1.2927909,-1.1107183,0.38904032,-0.1955201
9.3124075,1.2585964,-1.1233152,0.38885763,-0.19898853
9.328901,1.2242311,-1.1361266,0.38867494,-0.20245695
9.344934,1.189698,-1.1491522,0.3888602,-0.20606206
9.360513,1.1549683,-1.1624128,0.38904545,-0.20966719
9.375625,1.1200451,-1.1759084,0.3892307,-0.2132723
9.390259,1.0849315,-1.1896391,0.3874714,-0.21282241
9.404347,1.0497766,-1.2032794,0.38571215,-0.21237251
9.417894,1.0145897,-1.2168294,0.3839529,-0.21192262
9.430905,0.9793804,-1.2302895,0.3810798,-0.20998998
9.443353,0.94424945,-1.2435288,0.37820673,-0.20805733
9.455248,0.9092085,-1.2565492,0.37533367,-0.2061247
9.466604,0.8742688,-1.2693523,0.37196678,-0.20380822
9.47742,0.8394845,-1.2819,0.3685999,-0.20149176
9.487708,0.80486685,-1.2941948,0.365233,-0.1991753
9.497485,0.77042645,-1.306239,0.3616437,-0.19826692
9.506756,0.7362041,-1.3181112,0.3580544,-0.19735855
9.515533,0.70220864,-1.3298124,0.3544651,-0.19645017
9.52383,0.6684485,-1.3413436,0.35082343,-0.19428849
9.53166,0.6349284,-1.3526325,0.34718177,-0.19212681
9.539036,0.60165685,-1.3636814,0.3435401,-0.18996513
9.545974,0.56864184,-1.3744929,0.34018376,-0.1875594
9.552492,0.53586197,-1.3850647,0.33682743,-0.18515368
9.558606,0.50332433,-1.3953996,0.3334711,-0.18274795
9.564328,0.4710356,-1.4055,0.3325935,-0.18624148
9.569706,0.4387969,-1.4157642,0.33171588,-0.18973501
9.574737,0.4066113,-1.4261911,0.3308383,-0.19322854
9.579415,0.37448207,-1.4367795,0.33098704,-0.19643918
9.583753,0.342311,-1.4475464,0.33113578,-0.19964981
9.587743,0.3101014,-1.4584918,0.33128452,-0.20286046
9.591379,0.27785668,-1.4696159,0.33185598,-0.20876111
9.594658,0.24555762,-1.4810787,0.33242744,-0.21466178
9.5975685,0.21320848,-1.4928808,0.3329989,-0.22056243
9.600098,0.18081388,-1.505023,0.3331434,-0.22958578
9.602229,0.14844383,-1.5176588,0.3332879,-0.23860914
9.60395,0.11610503,-1.5307876,0.33343238,-0.2476325
9.605243,0.08380478,-1.5444089,0.33300754,-0.2547002
9.606092,0.051589567,-1.5583926,0.33258268,-0.2617679
9.606491,0.019466747,-1.5727375,0.33215782,-0.2688356
9.606429,-0.012555893,-1.5874414,0.33171,-0.27464306
9.605898,-0.04447929,-1.602435,0.33126217,-0.28045052
9.604891,-0.07629536,-1.6177166,0.33081436,-0.28625798
9.603402,-0.1079957,-1.6332849,0.3304911,-0.29162696
9.601425,-0.13958761,-1.6491215,0.33016783,-0.29699594
9.598955,-0.17106213,-1.6652255,0.3298446,-0.3
9.595984,-0.20243299,-1.6814713,0.3297122,-0.3
9.592505,-0.23373888,-1.6977109,0.32957986,-0.3
9.58852,-0.2649716,-1.7139437,0.32944748,-0.3
9.58403,-0.29612303,-1.7301701,0.33050522,-0.3
9.579019,-0.32729724,-1.7464486,0.33156294,-0.3
9.573483,-0.35848525,-1.7627792,0.33262068,-0.3
9.567421,-0.38967794,-1.7791619,0.3345942,-0.3
9.560808,-0.42095155,-1.7956418,0.33656773,-0.3
9.553639,-0.45229572,-1.8122189,0.33854124,-0.3
9.545907,-0.48369986,-1.8288932,0.3411075,-0.3
9.537589,-0.5152077,-1.845694,0.34367374,-0.3
9.528677,-0.54680735,-1.862621,0.34623998,-0.3
9.51916,-0.57848644,-1.8796744,0.3495512,-0.3
9.509009,-0.6103,-1.8968911,0.35286242,-0.3
9.49821,-0.6422337,-1.9142708,0.35617363,-0.3
9.486752,-0.6742728,-1.9318135,0.3603251,-0.3
9.474592,-0.706477,-1.9495606,0.36447656,-0.3
9.461717,-0.73882884,-1.9675124,0.36862803,-0.3
9.44811,-0.7713101,-1.9856685,0.37255412,-0.3
9.4337635,-0.80388224,-2.004018,0.37648022,-0.3
9.418665,-0.83652616,-2.022561,0.38040632,-0.3
9.4028,-0.86922187,-2.0412974,0.38432813,-0.3
9.386155,-0.90194863,-2.0602267,0.38824993,-0.3
9.368718,-0.9346851,-2.0793493,0.39217174,-0.3
9.350475,-0.96740943,-2.0986652,0.3965918,-0.3
9.331391,-1.0001401,-2.1181986,0.40101185,-0.3
9.311452,-1.0328523,-2.13795,0.40543193,-0.3
9.290644,-1.0655205,-2.1579187,0.410638,-0.3
9.268912,-1.0981808,-2.178144,0.41584408,-0.3
9.24624,-1.1308032,-2.1986258,0.4210502,-0.3
9.222612,-1.1633571,-2.219364,0.42649493,-0.3
9.198001,-1.1958286,-2.2403703,0.4319397,-0.3
9.17239,-1.2281836,-2.2616446,0.43738446,-0.3
9.145765,-1.2603875,-2.2831874,0.44195879,-0.3
9.118167,-1.2923411,-2.3049552,0.44653314,-0.3
9.089587,-1.3240108,-2.3269486,0.4511075,-0.3
9.060018,-1.3553624,-2.349167,0.45465675,-0.3
9.029521,-1.3862907,-2.3715606,0.45820603,-0.3
8.998096,-1.4167644,-2.3941288,0.4617553,-0.3
8.965743,-1.4467517,-2.4168718,0.46470132,-0.3
8.932506,-1.476182,-2.4397597,0.46764734,-0.3
8.898388,-1.5050257,-2.462793,0.47059336,-0.3
8.863397,-1.5332527,-2.4859712,0.47320753,-0.3
8.827561,-1.5608134,-2.5092783,0.4758217,-0.3
8.790894,-1.587679,-2.5327141,0.47843587,-0.3
8.753401,-1.6138209,-2.5562787,0.48075363,-0.3
8.715117,-1.6391945,-2.5799575,0.48307136,-0.3
8.676058,-1.6637723,-2.6037505,0.48538908,-0.3
8.636233,-1.6875274,-2.6276574,0.48682728,-0.3
8.595733,-1.7103914,-2.6516354,0.48826545,-0.3
8.554575,-1.7323424,-2.675684,0.48970363,-0.3
8.512778,-1.753359,-2.6998036,0.49107826,-0.27348378
8.470036,-1.7735751,-2.7219093,0.4924529,-0.24696755
8.426428,-1.7930323,-2.7419739,0.49382752,-0.22045133
8.382037,-1.8117805,-2.7599714,0.49679345,-0.20399156
8.336887,-1.8298987,-2.7767448,0.49975935,-0.18753178
8.291019,-1.8474178,-2.7922735,0.5027253,-0.171072
8.2444725,-1.8643728,-2.8065374,0.50572354,-0.15390646
8.197277,-1.8808056,-2.8194585,0.50872177,-0.13674092
8.149472,-1.896761,-2.8310163,0.51172006,-0.11957538
8.101096,-1.9122878,-2.8411903,0.51448715,-0.10691341
8.052232,-1.9274248,-2.8503404,0.51725423,-0.09425144
8.002905,-1.942212,-2.8584538,0.5200213,-0.081589475
7.95314,-1.9566915,-2.8655171,0.5224224,-0.06963359
7.9029975,-1.9708973,-2.8715754,0.523,-0.05767771
7.8526764,-1.984825,-2.8766,0.523,-0.04572183
7.8022547,-1.9985081,-2.8805842,0.523,-0.036585726
7.75176,-2.0119953,-2.8837726,0.523,-0.027449619
7.7012076,-2.0253255,-2.886165,0.523,-0.018313516
7.650613,-2.0385373,-2.887761,0.523,-0.00871973
7.599991,-2.05167,-2.8885212,0.523,0.00087405444
7.5493565,-2.064765,-2.888445,0.523,0.010467839
7.4987264,-2.077863,-2.8875325,0.523,0.01738366
7.4481125,-2.0910058,-2.8860173,0.523,0.024299478
7.3975263,-2.1042235,-2.8838995,0.523,0.031215299
7.3469777,-2.1175456,-2.881179,0.523,0.038681842
7.296479,-2.1310017,-2.877808,0.523,0.046148382
7.246042,-2.1446238,-2.873787,0.523,0.053614926
7.1956787,-2.1584432,-2.8691156,0.523,0.056744717
7.145389,-2.1724954,-2.8641722,0.523,0.059874512
7.095179,-2.1867936,-2.858956,0.523,0.0630043
7.045054,-2.2013505,-2.853468,0.523,0.06572832
6.995018,-2.2161796,-2.8477428,0.523,0.068452336
6.945077,-2.2312922,-2.8417807,0.523,0.07117635
6.8952365,-2.2466996,-2.8355815,0.523,0.07988112
6.8455253,-2.262405,-2.8286262,0.523,0.08858589
6.795961,-2.278444,-2.8209145,0.523,0.09729066
6.7465615,-2.2948515,-2.8124473,0.523,0.10127731
6.697323,-2.3116703,-2.8036344,0.523,0.10526395
6.6482544,-2.3289149,-2.7944758,0.523,0.10925059
6.599367,-2.3466005,-2.7849717,0.523,0.119491145
6.550707,-2.364729,-2.774581,0.523,0.1297317
6.5023003,-2.383338,-2.7633042,0.523,0.13997225
6.454173,-2.4024649,-2.7511432,0.523,0.15112498
6.4063606,-2.4221437,-2.7380202,0.523,0.16227773
6.3588943,-2.4424124,-2.723937,0.523,0.17343046
6.3118067,-2.463308,-2.7088952,0.523,0.1802084
6.2650957,-2.4848833,-2.693272,0.523,0.18698634
6.218786,-2.5071578,-2.6770678,0.523,0.19376428
6.172903,-2.5301497,-2.6602836,0.523,0.19512889
6.1274242,-2.553902,-2.6433825,0.523,0.19649348
6.082366,-2.5784128,-2.626365,0.523,0.19785808
6.0377436,-2.60368,-2.6092305,0.523,0.19862945
5.9935675,-2.6297038,-2.5920303,0.523,0.19940081
5.949852,-2.6564796,-2.5747643,0.523,0.20017219
5.9066124,-2.684002,-2.5574322,0.523,0.19841692
5.863841,-2.7122793,-2.54025,0.523,0.19666164
5.821547,-2.7412977,-2.523218,0.523,0.19490637
5.7797384,-2.7710426,-2.506336,0.523,0.18812498
5.7383842,-2.801529,-2.4900343,0.523,0.18134359
5.69748,-2.832725,-2.4743137,0.523,0.1745622
5.6570225,-2.864599,-2.4591749,0.52020776,0.1684839
5.6172233,-2.8969426,-2.444636,0.5174155,0.16240558
5.57807,-2.9297178,-2.4306924,0.5146233,0.15632728
5.539549,-2.9628882,-2.4173386,0.5122913,0.15062623
5.5016127,-2.996447,-2.4045265,0.5099593,0.14492518
5.464249,-3.030363,-2.392252,0.5076273,0.13922411
5.4274435,-3.064606,-2.3805108,0.5044298,0.13230854
5.3912373,-3.0990927,-2.36942,0.5012323,0.12539297
5.3556113,-3.1337886,-2.3589723,0.49803486,0.11847739
5.3205447,-3.1686609,-2.349161,0.4958287,0.11489573
5.285961,-3.2037342,-2.339687,0.49362248,0.11131407
5.25185,-3.2389905,-2.330548,0.49141628,0.10773241
5.2182007,-3.274412,-2.3217416,0.4898691,0.10715929
5.184967,-3.310018,-2.3130093,0.48832187,0.106586166
5.152148,-3.345802,-2.3043509,0.48677468,0.106013045
5.1197405,-3.3817565,-2.2957664,0.48531097,0.09558691
5.0877056,-3.4179173,-2.2880466,0.48384726,0.085160784
5.056017,-3.4542487,-2.2811873,0.48238355,0.07473466
5.024647,-3.4907162,-2.2751844,0.47804403,0.063842826
4.9937534,-3.5270696,-2.2701013,0.47370452,0.052950997
4.9633045,-3.5632708,-2.2659228,0.46936503,0.042059164
4.933269,-3.599285,-2.2626336,0.46325165,0.031576376
4.9037304,-3.6349409,-2.260196,0.45713827,0.021093588
4.8746595,-3.670207,-2.258589,0.4510249,0.010610801
4.846029,-3.7050536,-2.2577913,0.42873672,0.009374624
4.8188386,-3.7382002,-2.2571216,0.40644854,0.008138448
4.793083,-3.7696412,-2.25657,0.38416037,0.0069022714
4.768756,-3.7993717,-2.2561283,0.3638399,-0.0012378872
4.745727,-3.8275404,-2.2562034,0.34351945,-0.009378046
4.723984,-3.8541334,-2.2567403,0.32319897,-0.017518204
4.7035155,-3.8791392,-2.2576838,0.30338535,-0.021397095
4.6842813,-3.9025924,-2.2587657,0.28357172,-0.025275987
4.666281,-3.9244924,-2.2599602,0.2637581,-0.029154878
4.649516,-3.94484,-2.2612417,0.24606007,-0.02538913
4.63385,-3.9638042,-2.2622826,0.22836205,-0.021623379
4.6192913,-3.9813907,-2.2631056,0.21066403,-0.01785763
4.6058464,-3.9976046,-2.2637327,0.19627863,-0.012017864
4.593309,-4.012705,-2.2641258,0.18189323,-0.0061780987
4.581684,-4.0266943,-2.264313,0.16750783,-0.00033833383
4.5709763,-4.0395756,-2.2643225,0.15558045,0.0043099103
4.561031,-4.0515394,-2.2642107,0.14365306,0.008958155
4.5518494,-4.062587,-2.2639961,0.13172568,0.013606399
4.543433,-4.0727186,-2.2636976,0.12289166,0.021655018
4.535585,-4.0821714,-2.263254,0.11405763,0.029703636
4.5283065,-4.090946,-2.2626894,0.10522361,0.037752252
4.521598,-4.0990434,-2.2620275,0.102111235,0.036440086
4.515093,-4.1069055,-2.2614076,0.09899886,0.03512792
4.5087905,-4.114532,-2.260828,0.09588648,0.033815753
4.50269,-4.121923,-2.2602878,0.096026,0.04538684
4.4965878,-4.1293244,-2.2595615,0.09616552,0.056957923
4.490485,-4.1367364,-2.258649,0.09630504,0.06852901
4.4843855,-4.14416,-2.25755,0.09363842,0.09341266
4.4784746,-4.151369,-2.2560945,0.0909718,0.11829631
4.472757,-4.1583633,-2.254305,0.088305175,0.14317997
4.4672375,-4.16514,-2.252205,0.086725295,0.15445583
4.4618397,-4.171796,-2.2499812,0.08514542,0.1657317
4.4565644,-4.17833,-2.2476401,0.08356554,0.17700756
4.451412,-4.1847425,-2.2451878,0.08148664,0.18600847
4.446412,-4.1909976,-2.242676,0.079407744,0.19500938
4.4415627,-4.1970944,-2.2401114,0.07732885,0.20401028
4.4368644,-4.2030334,-2.2375004,0.076921105,0.21244323
4.4322147,-4.2089424,-2.2347972,0.076513365,0.22087619
4.4276137,-4.214822,-2.2320035,0.07610562,0.22930913
4.423063,-4.220671,-2.2291203,0.076062575,0.23283465
4.4185348,-4.2265253,-2.226195,0.076019526,0.23636016
4.4140306,-4.2323847,-2.2232282,0.07597648,0.23988569
4.4095497,-4.2382493,-2.2202196,0.079011396,0.24379937
4.404913,-4.2443557,-2.217041,0.082046315,0.24771306
4.400123,-4.2507057,-2.2136881,0.08508123,0.25162676
4.395183,-4.2573013,-2.2101576,0.08763113,0.251587
4.390119,-4.264112,-2.2065217,0.09018102,0.25154725
4.384933,-4.27114,-2.2027807,0.09273092,0.2515075
