5.306085,4.3623176,-2.9688532,0.5918688,0.0
5.2477794,4.3521447,-2.9688532,0.523,0.09993466
5.1965146,4.3432,-2.960157,0.5039585,0.19986932
5.147933,4.3342876,-2.9434807,0.48491707,0.29980397
5.1025105,4.325169,-2.9196122,0.4944552,0.39699218
5.058029,4.3151298,-2.887749,0.5039933,0.49418038
5.0150814,4.3039875,-2.8479073,0.5135314,0.59136856
4.9742746,4.2916465,-2.8001919,0.523,0.64965266
4.935032,4.277703,-2.747464,0.523,0.7079367
4.8983455,4.2624454,-2.6907823,0.523,0.76622075
4.8644266,4.2460265,-2.6303394,0.523,0.724178
4.8302608,4.2268596,-2.5725899,0.523,0.6821353
4.7960606,4.204986,-2.5176353,0.523,0.6400925
4.7620177,4.1804786,-2.4655733,0.523,0.6120787
4.7286267,4.153696,-2.41549,0.523,0.5840649
4.6960015,4.1247272,-2.3674247,0.523,0.5560511
4.6642404,4.093672,-2.321415,0.523,0.5260939
4.633391,4.060598,-2.2776434,0.523,0.49613675
4.6035204,4.025624,-2.2361493,0.523,0.46617958
4.574679,3.9888697,-2.1969697,0.523,0.45287853
4.5471187,3.9507642,-2.1588295,0.523,0.4395775
4.5208645,3.9113858,-2.121735,0.523,0.42627645
4.4959364,3.8708122,-2.0856931,0.523,0.4088896
4.4723043,3.8290458,-2.0510366,0.523,0.39150277
4.4499702,3.7861712,-2.0177758,0.523,0.37411594
4.428928,3.7422714,-1.9859207,0.523,0.36392924
4.4092164,3.697548,-1.9548937,0.523,0.35374254
4.390832,3.652061,-1.9246982,0.523,0.34355584
4.373766,3.605869,-1.8953373,0.523,0.33380866
4.3580093,3.5590353,-1.8667777,0.523,0.3240615
4.343549,3.5116134,-1.8390222,0.523,0.31431434
4.330367,3.4636543,-1.8120732,0.523,0.307287
4.3184557,3.415248,-1.7857076,0.523,0.30025965
4.3078012,3.3664372,-1.7599266,0.523,0.29323232
4.2983885,3.3172624,-1.7347312,0.523,0.28761283
4.2902036,3.2677832,-1.7100052,0.523,0.28199336
4.283233,3.2180347,-1.6857492,0.523,0.27637386
4.277462,3.1680517,-1.661964,0.523,0.27206537
4.2728753,3.1178846,-1.6385405,0.523,0.26775688
4.269461,3.0675638,-1.615479,0.523,0.2634484
4.2672057,3.0171187,-1.5927798,0.523,0.2572127
4.266094,2.9665515,-1.5706058,0.523,0.250977
4.2661037,2.91589,-1.548958,0.523,0.24474132
4.267212,2.8651607,-1.5278369,0.523,0.24081196
4.269393,2.8144166,-1.5070485,0.523,0.2368826
4.2726316,2.7636805,-1.4865928,0.523,0.23295324
4.2769117,2.7129734,-1.4664701,0.523,0.22689444
4.2822185,2.662291,-1.4468617,0.523,0.22083566
4.2885265,2.6116524,-1.4277683,0.523,0.21477687
4.29581,2.561076,-1.4091905,0.523,0.20593019
4.3040476,2.5105479,-1.391367,0.523,0.1970835
4.3132005,2.4600837,-1.3742988,0.523,0.18823682
4.323231,2.4096963,-1.3579875,0.523,0.1850195
4.334089,2.3594487,-1.3419518,0.523,0.18180218
4.3457575,2.3093514,-1.3261919,0.523,0.17858486
4.3582215,2.2594154,-1.3107079,0.523,0.16721438
4.371484,2.2095792,-1.2962003,0.523,0.15584391
4.3854938,2.159849,-1.2826707,0.523,0.14447343
4.4002004,2.110227,-1.2701212,0.523,0.14718673
4.415522,2.0608137,-1.2573377,0.523,0.1499
4.431468,2.01162,-1.2443204,0.523,0.1526133
4.448046,1.9626583,-1.2310691,0.523,0.13781396
4.4653087,1.913815,-1.2190943,0.523,0.12301463
4.4831896,1.8650874,-1.2083986,0.523,0.108215295
4.5016227,1.8164704,-1.1989843,0.523,0.12344043
4.5204787,1.7681148,-1.1882516,0.523,0.13866557
4.539814,1.7200608,-1.1762033,0.523,0.1538907
4.5596824,1.6723505,-1.162842,0.523,0.11742498
4.5802884,1.6246731,-1.15263,0.523,0.08095926
4.601457,1.5770361,-1.1455808,0.523,0.044493537
4.6230106,1.5294406,-1.1417037,0.523,0.075819954
4.644707,1.4820186,-1.1351011,0.523,0.10714637
4.666653,1.4348766,-1.1257793,0.523,0.13847278
4.6889515,1.3881222,-1.1137476,0.523,0.07895383
4.71196,1.3413365,-1.1068727,0.523,0.019434888
4.7353573,1.2945733,-1.1051787,0.523,-0.040084057
4.75882,1.2478784,-1.1086718,0.523,0.0074248733
4.7821374,1.2010657,-1.1080246,0.523,0.054933805
4.8054504,1.1543372,-1.1032386,0.523,0.102442734
4.828899,1.1078953,-1.0943246,0.523,0.040887326
4.852866,1.0614593,-1.0907615,0.523,-0.020668084
4.8770137,1.0150802,-1.092563,0.523,-0.08222349
4.9010015,0.9688047,-1.099722,0.5178421,-0.034974344
4.924489,0.92268896,-1.10274,0.5126843,0.012274807
4.947617,0.8769381,-1.1016911,0.5075264,0.05952396
4.970521,0.83174825,-1.0966592,0.5107721,0.009457743
4.99384,0.7863076,-1.095854,0.5140178,-0.040608473
5.0173264,0.74063265,-1.099332,0.51726353,-0.09067468
5.0407233,0.69473875,-1.1071384,0.5110357,-0.06437291
5.063531,0.6491252,-1.1126174,0.50480783,-0.038071133
5.085843,0.60388386,-1.1158197,0.49857995,-0.011769354
5.1077514,0.559101,-1.1167977,0.50044316,-0.04464811
5.129677,0.51417094,-1.1205205,0.50230634,-0.07752687
5.151472,0.46908277,-1.1270044,0.5041696,-0.110405624
5.172988,0.42382693,-1.1362627,0.50113016,-0.09774424
5.193984,0.37858805,-1.1444135,0.4980908,-0.08508285
5.2145095,0.33340254,-1.1514682,0.4950514,-0.07242147
5.234613,0.28830492,-1.1574383,0.4957281,-0.09616159
5.2544336,0.24311702,-1.1653711,0.49640477,-0.11990172
5.2738714,0.19782816,-1.1752672,0.49708146,-0.14364184
5.2928267,0.15243025,-1.1871266,0.4972965,-0.13024686
5.311284,0.10670668,-1.1978914,0.49751154,-0.11685189
5.329286,0.060690727,-1.2075585,0.4977266,-0.103456914
5.3468757,0.014414433,-1.2161255,0.49919066,-0.1321058
5.364061,-0.03198982,-1.2270845,0.5006547,-0.1607547
5.3807144,-0.078519225,-1.2404406,0.50211877,-0.18940358
5.396711,-0.1251666,-1.2561965,0.49977028,-0.18400297
5.4119143,-0.17188852,-1.2714367,0.49742183,-0.17860237
5.4263506,-0.21866238,-1.2861649,0.49507335,-0.17320175
5.4400444,-0.26546687,-1.3003848,0.49482733,-0.18320432
5.4530416,-0.31235346,-1.3154095,0.4945813,-0.19320688
5.465303,-0.35931706,-1.3312367,0.49433526,-0.20320944
5.476791,-0.4063508,-1.3478639,0.49359873,-0.2054384
5.4874744,-0.4534769,-1.364646,0.4928622,-0.20766735
5.4973464,-0.500683,-1.3815823,0.49212566,-0.2098963
5.5063996,-0.54795647,-1.398672,0.49214134,-0.21517384
5.514634,-0.59532523,-1.4161854,0.49215698,-0.22045138
5.52203,-0.64277697,-1.4341221,0.49217266,-0.22572891
5.5285654,-0.6902983,-1.4524815,0.49336687,-0.22876272
5.5342374,-0.73801374,-1.4711286,0.49456105,-0.23179653
5.5390267,-0.7859083,-1.4900641,0.49575526,-0.23483033
5.5429153,-0.83396614,-1.5092894,0.49629092,-0.23713477
5.5458803,-0.8821151,-1.5287207,0.4968266,-0.2394392
5.5479107,-0.93033767,-1.5483584,0.49736223,-0.24174364
5.548994,-0.9786155,-1.5682029,0.49814257,-0.24021801
5.5491195,-1.0269992,-1.5879554,0.49892288,-0.2386924
5.548288,-1.0754699,-1.6076156,0.4997032,-0.23716679
5.5464997,-1.1240084,-1.6271832,0.50012004,-0.23668323
5.54376,-1.1725489,-1.6467278,0.5005369,-0.23619969
5.540068,-1.2210726,-1.6662495,0.5009538,-0.23571613
5.5354257,-1.2695609,-1.6857483,0.5009849,-0.23496483
5.529837,-1.3179613,-1.7051872,0.50101596,-0.23421353
5.523308,-1.3662556,-1.7245663,0.5010471,-0.23346223
5.5158415,-1.4144258,-1.7438856,0.50089586,-0.2337047
5.507449,-1.4624256,-1.7632189,0.50074464,-0.23394717
5.498134,-1.510237,-1.7825658,0.50059336,-0.23418964
5.4878993,-1.5578421,-1.8019267,0.5002435,-0.23271266
5.476749,-1.6052237,-1.8211542,0.49989355,-0.23123565
5.4646935,-1.6523654,-1.8402486,0.49954364,-0.22975866
5.451745,-1.6992519,-1.8592098,0.49928486,-0.22930846
5.4379153,-1.7458652,-1.8781247,0.4990261,-0.22885826
5.423213,-1.7921895,-1.8969933,0.49876732,-0.22840805
5.407645,-1.838209,-1.9158157,0.49836028,-0.22769284
5.391225,-1.8838977,-1.934565,0.49795327,-0.22697763
5.3739624,-1.929241,-1.953241,0.49754626,-0.22626242
5.355868,-1.9742244,-1.971844,0.49788126,-0.22580732
5.3369246,-2.0188985,-1.9904227,0.49821627,-0.22535221
5.3171396,-2.0632472,-2.0089772,0.49855128,-0.22489712
5.2965193,-2.1072552,-2.027507,0.49971515,-0.22375831
5.275031,-2.1509871,-2.0459878,0.50087905,-0.22261952
5.2526813,-2.1944263,-2.064419,0.5020429,-0.22148073
5.2294745,-2.2375574,-2.0828,0.50374407,-0.21890476
5.205384,-2.280424,-2.1010323,0.50544524,-0.21632881
5.180417,-2.3230119,-2.1191142,0.5071464,-0.21375285
5.154584,-2.3653069,-2.1370442,0.5092048,-0.2093642
5.127863,-2.4073412,-2.1546829,0.51126313,-0.20497558
5.1002684,-2.4491045,-2.1720269,0.5133215,-0.20058693
5.0718145,-2.4905863,-2.1890728,0.5157116,-0.19506028
5.042489,-2.5318136,-2.2057326,0.5181017,-0.18953365
5.012309,-2.5727794,-2.222001,0.5204917,-0.18400702
4.9812927,-2.6134782,-2.2378736,0.523,-0.15996595
4.949348,-2.654042,-2.2517579,0.523,-0.13592488
4.9167266,-2.6943028,-2.2635696,0.523,-0.111883804
4.883533,-2.734295,-2.2733018,0.523,-0.09224182
4.849884,-2.774042,-2.2813308,0.523,-0.07259984
4.8158617,-2.8135815,-2.2876534,0.523,-0.052957855
4.7815475,-2.852954,-2.2922676,0.523,-0.041270293
4.7470336,-2.892189,-2.2958639,0.523,-0.029582728
4.712364,-2.9313161,-2.2984421,0.523,-0.017895162
4.677584,-2.9703646,-2.3000019,0.523,-0.0063430546
4.642739,-3.009364,-2.3005548,0.523,0.0052090525
4.607871,-3.0483446,-2.3001008,0.523,0.01676116
4.573026,-3.0873358,-2.2986398,0.523,0.024405718
4.5382433,-3.126372,-2.2965126,0.523,0.032050274
4.503551,-3.1654737,-2.2937193,0.523,0.039694835
4.4689775,-3.2046611,-2.2902603,0.523,0.042331837
4.4345436,-3.243964,-2.2865715,0.523,0.044968843
4.400259,-3.2833889,-2.2826529,0.523,0.04760585
4.366133,-3.3229427,-2.2785048,0.523,0.051696945
4.3321786,-3.3626301,-2.2740006,0.523,0.05578804
4.298411,-3.402461,-2.2691402,0.523,0.059879135
4.264845,-3.4424462,-2.263924,0.523,0.06216992
4.2314925,-3.4826005,-2.2585082,0.523,0.06446071
4.198363,-3.5229287,-2.2528934,0.523,0.066751495
4.1654654,-3.5634363,-2.2470791,0.523,0.070909694
4.132813,-3.6041229,-2.2409034,0.523,0.07506789
4.1004224,-3.6449978,-2.2343662,0.523,0.07922609
4.0683103,-3.6860704,-2.2274675,0.52292824,0.08485745
4.0365014,-3.7273388,-2.2200806,0.5228564,0.090488814
4.0050178,-3.7688148,-2.212206,0.52278465,0.09612018
3.9738827,-3.8105097,-2.2038438,0.5190505,0.099718615
3.943328,-3.8521492,-2.1952317,0.51531637,0.10331706
3.9133613,-3.8937335,-2.186374,0.5115822,0.1069155
3.8839896,-3.9352627,-2.1772752,0.50834715,0.10667434
3.8551795,-3.976794,-2.1682544,0.5051121,0.10643319
3.8269258,-4.0183187,-2.1593113,0.50187707,0.10619204
3.7992222,-4.0598283,-2.1504452,0.5010264,0.10328415
3.7719257,-4.1015234,-2.141836,0.50017565,0.10037626
3.7450268,-4.143393,-2.1334825,0.49932498,0.09746838
3.7185163,-4.185427,-2.1253839,0.4983265,0.10004114
3.692406,-4.2275786,-2.1170888,0.49732804,0.10261391
3.6667047,-4.26985,-2.1085982,0.4963296,0.10518667
3.6414206,-4.3122406,-2.0999131,0.4955975,0.10177612
3.6165338,-4.354802,-2.091521,0.49486545,0.098365575
3.5920327,-4.397522,-2.083421,0.49413335,0.09495503
3.5679064,-4.4403896,-2.0756128,0.48968384,0.08733728
3.5443132,-4.4830866,-2.0684938,0.4852343,0.07971953
3.5212216,-4.525588,-2.0620537,0.48078477,0.07210179
3.4986002,-4.5678706,-2.056281,0.47096306,0.067463696
3.4766734,-4.6094303,-2.0509896,0.46114135,0.062825605
3.4554129,-4.6502485,-2.046164,0.45131963,0.058187522
3.4347925,-4.6903086,-2.0417898,0.44620144,0.038946223
3.4145606,-4.73004,-2.0388942,0.44108325,0.019704927
3.394663,-4.769396,-2.0374458,0.43596503,0.00046362876
3.375049,-4.808331,-2.037412,0.43178245,-0.0080741765
3.3556254,-4.8468924,-2.037993,0.42759985,-0.016611982
3.3363695,-4.8850646,-2.039177,0.42341727,-0.025149787
3.3172607,-4.922834,-2.0409515,0.42000926,-0.027437884
3.2982407,-4.9602637,-2.042872,0.4166012,-0.02972598
3.2793045,-4.9973507,-2.0449357,0.4131932,-0.03201408
3.260449,-5.0340934,-2.04714,0.40032193,-0.03998334
3.2421076,-5.0696406,-2.0498068,0.38745067,-0.0479526
3.2242703,-5.1039853,-2.0529022,0.37457937,-0.05592186
3.2069304,-5.137122,-2.0563917,0.36468667,-0.07911329
3.1899624,-5.169274,-2.0611951,0.354794,-0.10230471
3.1733398,-5.2004085,-2.0672343,0.3449013,-0.12549615
3.1570413,-5.2304964,-2.0744293,0.3328153,-0.13056192
3.1411161,-5.2593975,-2.0816507,0.32072926,-0.13562769
3.1255789,-5.2871184,-2.0888786,0.30864325,-0.14069347
3.1104455,-5.313668,-2.096092,0.30005312,-0.13921261
3.0955443,-5.3393764,-2.1030314,0.29146302,-0.13773173
3.0808938,-5.364253,-2.109701,0.2828729,-0.13625087
3.0665114,-5.388306,-2.1161046,0.2763807,-0.13428569
3.052305,-5.411723,-2.1222718,0.2698885,-0.13232052
3.038288,-5.43451,-2.1282065,0.26339632,-0.13035534
3.024473,-5.456673,-2.1339128,0.2559863,-0.10938395
3.0108893,-5.47819,-2.1385703,0.24857628,-0.08841255
2.9975743,-5.4990654,-2.1422284,0.24116626,-0.06744116
2.9845607,-5.5193043,-2.144937,0.23196028,-0.0336772
2.9719698,-5.53877,-2.1462388,0.22275428,8.675456e-05
2.9598475,-5.557458,-2.1462355,0.2135483,0.03385071
2.9482327,-5.5753636,-2.145031,0.19995585,0.073973686
2.9374008,-5.5921063,-2.1425679,0.18636341,0.11409666
2.927382,-5.6076765,-2.1390316,0.17277096,0.15421963
