8.0268755,1.9370445,-1.9995073,0.79125553,0.0
7.9939833,1.8650796,-1.9995073,0.523,0.08202653
7.9723153,1.8176726,-1.9923654,0.49400797,0.16405305
7.952372,1.7732022,-1.9789187,0.46501595,0.2460796
7.9344726,1.7318057,-1.9600387,0.47308406,0.3263092
7.9174666,1.6903458,-1.9347643,0.48115218,0.40653878
7.9017344,1.6490473,-1.9030538,0.4892203,0.4867684
7.8876305,1.6081723,-1.8649131,0.48750567,0.44338873
7.8748646,1.5660268,-1.8300562,0.4857911,0.40000904
7.863394,1.522778,-1.7985262,0.48407647,0.35662937
7.8531528,1.4785874,-1.7703596,0.48251796,0.33898014
7.8441315,1.4339845,-1.743618,0.48095945,0.3213309
7.836284,1.3890301,-1.7183012,0.47940093,0.30368167
7.8295608,1.3437805,-1.6944082,0.48065272,0.27911228
7.823864,1.2979279,-1.672338,0.48190448,0.2545429
7.819136,1.2515304,-1.6521138,0.48315626,0.2299735
7.815315,1.2046423,-1.6337578,0.4842095,0.20945212
7.812335,1.1573734,-1.616978,0.48526275,0.18893076
7.8101344,1.1097615,-1.6017885,0.486316,0.16840939
7.808649,1.0618409,-1.588203,0.4877735,0.14789003
7.8078094,1.0136032,-1.576224,0.48923102,0.12737067
7.8075457,0.9650772,-1.5658664,0.4906885,0.1068513
7.8077865,0.9162888,-1.5571445,0.49292055,0.089324094
7.8084564,0.8671978,-1.549816,0.49515256,0.07179688
7.8094926,0.817821,-1.5438961,0.49738458,0.05426967
7.8108287,0.76817375,-1.5393994,0.49728277,0.025968313
7.812389,0.7184867,-1.5372474,0.49718097,-0.002333045
7.814057,0.6687967,-1.5374408,0.49707916,-0.030634403
7.815714,0.6191398,-1.5399783,0.47673133,-0.036210544
7.8171816,0.5715205,-1.5428548,0.45638347,-0.04178668
7.8184557,0.5259398,-1.5460323,0.43603563,-0.047362823
7.819534,0.4823985,-1.549473,0.41297707,-0.051175255
7.8204136,0.44116423,-1.5529939,0.38991854,-0.054987688
7.8211064,0.40223747,-1.5565655,0.36685997,-0.05880012
7.8216276,0.3656186,-1.5601586,0.34331885,-0.056584768
7.8219924,0.3313436,-1.5633947,0.3197777,-0.05436942
7.8222284,0.29941395,-1.566291,0.29623657,-0.05215407
7.822362,0.26983088,-1.5688648,0.2779217,-0.067954905
7.8224154,0.2421029,-1.57201,0.25960684,-0.08375574
7.822384,0.21623324,-1.5756297,0.24129198,-0.09955657
7.822268,0.1922238,-1.5796268,0.22674468,-0.12243278
7.822069,0.16971995,-1.5842421,0.21219738,-0.14530899
7.821787,0.14872573,-1.5893631,0.19765007,-0.1681852
7.8214254,0.12924297,-1.5948772,0.18286279,-0.17434967
7.8209915,0.11123914,-1.600164,0.1680755,-0.18051414
7.820506,0.09471182,-1.6051934,0.15328822,-0.18667862
7.8199883,0.079658225,-1.6099349,0.14572321,-0.18761817
7.819428,0.0653526,-1.614465,0.13815819,-0.18855773
7.8188353,0.051794592,-1.6187811,0.13059318,-0.18949728
7.81822,0.03898381,-1.6228809,0.12353239,-0.2105232
7.817591,0.02691969,-1.6271834,0.11647161,-0.23154913
7.816952,0.015601386,-1.6316382,0.10941083,-0.25257507
7.8163085,0.0050270422,-1.6361952,0.1014787,-0.28143004
7.815671,-0.004700763,-1.6408924,0.09354658,-0.3
7.8150454,-0.013615663,-1.6455,0.08561446,-0.3
7.814435,-0.021771913,-1.6497167,0.08785429,-0.3
7.813773,-0.03013883,-1.6540438,0.09009413,-0.3
7.8130574,-0.038716044,-1.6584812,0.09233396,-0.3
7.812285,-0.047503155,-1.663029,0.081996374,-0.3
7.8115635,-0.05530327,-1.6670676,0.07165879,-0.3
7.8109055,-0.062117398,-1.6705971,0.06132121,-0.3
7.810322,-0.067946486,-1.6736174,0.07352613,-0.3
7.809601,-0.07493361,-1.6772387,0.085731044,-0.3
7.8087306,-0.08307745,-1.6814612,0.09793596,-0.3
7.8076973,-0.0923764,-1.6862849,0.07794727,-0.3
7.8068395,-0.099773385,-1.6901242,0.05795857,-0.3
7.80618,-0.105271004,-1.6929787,0.037969872,-0.3
7.805738,-0.10887136,-1.6948489,0.058086224,-0.3
7.8050513,-0.11437791,-1.6977098,0.078202575,-0.3
7.8041058,-0.12178879,-1.7015616,0.098318934,-0.3
7.8028812,-0.13110137,-1.7064041,0.07566505,-0.3
7.8019037,-0.13826357,-1.7101309,0.053011164,-0.3
7.8012004,-0.14327884,-1.7127419,0.03035728,-0.3
7.8007903,-0.14614981,-1.7142371,0.044377886,-0.3
7.8001842,-0.15034585,-1.7164228,0.058398493,-0.3
7.7993746,-0.15586582,-1.7192992,0.0724191,-0.3
7.798351,-0.16270813,-1.722866,0.057339814,-0.3
7.797521,-0.1681228,-1.7256902,0.042260524,-0.3
7.7968984,-0.17211176,-1.7277716,0.027181236,-0.3
7.796492,-0.17467657,-1.7291105,0.035372302,-0.3
7.7959595,-0.17801355,-1.7308526,0.043563366,-0.3
7.795296,-0.18212213,-1.7329983,0.051754434,-0.3
7.794498,-0.18700151,-1.7355474,0.045656662,-0.3
7.793782,-0.19130419,-1.7377961,0.039558895,-0.3
7.7931542,-0.19503082,-1.7397445,0.033461124,-0.3
7.792617,-0.19818197,-1.7413926,0.033996716,-0.3
7.792065,-0.20138265,-1.743067,0.034532312,-0.3
7.7914996,-0.20463282,-1.7447679,0.035067905,-0.3
7.79092,-0.20793241,-1.7464951,0.03375115,-0.3
7.790356,-0.21110715,-1.7481575,0.03243439,-0.3
7.7898097,-0.21415712,-1.7497549,0.03111763,-0.3
7.7892804,-0.21708243,-1.7512876,0.030147167,-0.3
7.7887635,-0.2199157,-1.7527725,0.029176705,-0.3
7.788259,-0.22265704,-1.7542095,0.028206242,-0.3
7.7877674,-0.22530648,-1.7555988,0.02721737,-0.3
7.7872896,-0.22786239,-1.7569393,0.026228499,-0.3
7.786826,-0.2303248,-1.7582312,0.025239628,-0.3
7.7863765,-0.2326938,-1.7594743,0.024390794,-0.3
7.7859397,-0.2349826,-1.7606757,0.02354196,-0.3
7.7855153,-0.23719122,-1.7618351,0.022693127,-0.3
7.7851033,-0.23931974,-1.7629528,0.021805305,-0.3
7.7847056,-0.24136454,-1.7640269,0.020917485,-0.3
7.784322,-0.24332567,-1.7650571,0.020029662,-0.3
7.7839527,-0.24520318,-1.7660437,0.018999401,-0.3
7.7836003,-0.24698378,-1.7669795,0.017969143,-0.3
7.7832656,-0.24866751,-1.7678645,0.016938882,-0.3
7.782949,-0.25025442,-1.7686987,0.015984185,-0.3
7.7826486,-0.25175163,-1.7694861,0.015029489,-0.3
7.7823653,-0.25315922,-1.7702262,0.014074793,-0.3
7.782099,-0.25447717,-1.7709194,0.01326643,-0.3
7.781847,-0.25571927,-1.771573,0.012458068,-0.3
7.7816095,-0.25688553,-1.7721865,0.0116497055,-0.3
7.781387,-0.257976,-1.7727603,0.011036632,-0.3
7.7811756,-0.2590089,-1.7733039,0.010423557,-0.3
7.7809753,-0.25998437,-1.7738173,0.009810483,-0.3
