0.7456548,8.326547,-2.28064,0.7672199,0.0
0.6956539,8.268355,-2.28064,0.523,-0.09943488
0.66173756,8.228884,-2.289293,0.50073135,-0.19886976
0.6294264,8.191932,-2.3057806,0.4784627,-0.29830465
0.5987588,8.158006,-2.3292172,0.49373794,-0.3
0.56631744,8.123764,-2.3535354,0.5090132,-0.3
0.53202385,8.089288,-2.378606,0.523,-0.3
0.49591103,8.054759,-2.4043655,0.523,-0.3
0.45892084,8.021171,-2.4301252,0.523,-0.3
0.42107782,7.9885473,-2.4558847,0.523,-0.3
0.38240707,7.9569087,-2.4816442,0.523,-0.3
0.34293422,7.926277,-2.5074036,0.523,-0.3
0.30268553,7.8966722,-2.5331633,0.523,-0.3
0.26168764,7.8681135,-2.5589228,0.523,-0.3
0.2199678,7.8406205,-2.5846822,0.523,-0.3
0.17755367,7.8142114,-2.6104417,0.523,-0.3
0.13447338,7.788903,-2.6362011,0.523,-0.3
0.09075555,7.7647133,-2.6619608,0.523,-0.3
0.046429157,7.741657,-2.6877203,0.523,-0.3
0.0015236248,7.7197504,-2.7134798,0.523,-0.28901976
-0.044082902,7.6989384,-2.7383235,0.523,-0.27803952
-0.09034011,7.6792026,-2.762248,0.523,-0.26705927
-0.1371998,7.660522,-2.7852511,0.523,-0.22564827
-0.18497173,7.6427393,-2.8047535,0.523,-0.18423729
-0.2334973,7.6257467,-2.8207223,0.523,-0.1428263
-0.28262264,7.6094193,-2.8331296,0.523,-0.11277779
-0.33213758,7.593642,-2.8429394,0.523,-0.08272928
-0.38195148,7.5783067,-2.8501422,0.523,-0.052680768
-0.4319764,7.5632997,-2.8547323,0.523,-0.03336841
-0.48211133,7.54851,-2.8576403,0.523,-0.014056051
-0.53231204,7.5338593,-2.8588655,0.523,0.0052563073
-0.58253497,7.519269,-2.8584073,0.523,0.02100047
-0.6327408,7.5046587,-2.856577,0.523,0.03674463
-0.682897,7.4899635,-2.8533747,0.523,0.052488793
-0.73297065,7.475118,-2.8488014,0.523,0.07368918
-0.782909,7.460064,-2.842384,0.523,0.09488956
-0.83266044,7.444717,-2.8341253,0.523,0.11608994
-0.8821722,7.428995,-2.8240287,0.523,0.13335189
-0.9314161,7.4128094,-2.8124394,0.523,0.15061386
-0.9803481,7.3960953,-2.7993605,0.523,0.16787581
-1.0289226,7.3787904,-2.784796,0.523,0.17920971
-1.0771439,7.360816,-2.7692583,0.523,0.1905436
-1.1249787,7.342134,-2.7527494,0.523,0.2018775
-1.1723915,7.322709,-2.735272,0.523,0.20839737
-1.2193938,7.3024855,-2.7172377,0.523,0.21491726
-1.2659585,7.2814474,-2.698648,0.523,0.22143713
-1.3120575,7.2595787,-2.6795034,0.523,0.2209132
-1.3577347,7.236829,-2.6604035,0.523,0.22038928
-1.4029745,7.213208,-2.641348,0.523,0.21986534
-1.4477612,7.188727,-2.622337,0.523,0.22148344
-1.4920583,7.163408,-2.6031885,0.523,0.22310154
-1.5358465,7.1372547,-2.5839024,0.523,0.22471964
-1.5791062,7.1102724,-2.5644789,0.523,0.22091667
-1.6218705,7.0824304,-2.5453784,0.523,0.21711372
-1.664131,7.053753,-2.5266018,0.523,0.21331075
-1.7058804,7.024262,-2.508149,0.523,0.21145953
-1.747095,6.9939938,-2.4898536,0.523,0.20960832
-1.7877649,6.9629645,-2.4717164,0.523,0.2077571
-1.8278812,6.9311905,-2.4537368,0.523,0.19875032
-1.8674933,6.8986397,-2.4365263,0.523,0.18974355
-1.9066085,6.8653536,-2.420086,0.523,0.18073678
-1.9452362,6.831371,-2.4044175,0.523,0.18522972
-1.9832952,6.7968163,-2.3883638,0.523,0.18972266
-2.0207627,6.7616854,-2.3719254,0.523,0.1942156
-2.0576153,6.725974,-2.3551023,0.523,0.19328208
-2.0938687,6.6896415,-2.3383594,0.523,0.19234857
-2.1295154,6.6527,-2.321696,0.523,0.19141506
-2.1645477,6.6151633,-2.3051128,0.523,0.19348632
-2.1989388,6.577066,-2.2883523,0.523,0.19555758
-2.2326732,6.5384135,-2.2714145,0.523,0.19762884
-2.265734,6.4992113,-2.2542999,0.523,0.19634898
-2.2981277,6.459439,-2.2372947,0.523,0.19506912
-2.3298483,6.4191113,-2.2203987,0.523,0.19378926
-2.3608906,6.378243,-2.2036123,0.523,0.19262084
-2.39125,6.3368497,-2.186926,0.523,0.19145243
-2.4209208,6.2949467,-2.1703393,0.523,0.19028401
-2.4498992,6.2525473,-2.1538527,0.523,0.18720402
-2.4781914,6.209651,-2.13763,0.523,0.18412402
-2.5057998,6.1662765,-2.121671,0.523,0.18104403
-2.532728,6.1224413,-2.105976,0.523,0.17785615
-2.55898,6.078164,-2.0905545,0.523,0.17466827
-2.5845606,6.0334616,-2.0754066,0.523,0.17148039
-2.609475,5.9883513,-2.0605323,0.523,0.16992228
-2.6337223,5.9428635,-2.0457919,0.523,0.16836417
-2.6573026,5.8970113,-2.0311854,0.523,0.16680606
-2.6802168,5.8508067,-2.016713,0.523,0.16886376
-2.7024522,5.804292,-2.0020635,0.523,0.17092144
-2.7239962,5.7574735,-1.9872372,0.523,0.17297915
-2.7448363,5.7103567,-1.9722342,0.523,0.17073949
-2.7649748,5.6629148,-1.9574237,0.523,0.16849983
-2.7844162,5.6151614,-1.9428055,0.523,0.16626018
-2.8031645,5.5671105,-1.9283799,0.523,0.16805801
-2.8212123,5.518809,-1.9137996,0.523,0.16985583
-2.8385484,5.4702644,-1.899065,0.523,0.17165367
-2.8551624,5.4214845,-1.8841759,0.5229222,0.16904195
-2.871053,5.372448,-1.8695133,0.5228444,0.16643023
-2.8862274,5.3231697,-1.8550774,0.5227666,0.16381851
-2.900693,5.273663,-1.840868,0.5178874,0.15705514
-2.9143403,5.2243657,-1.8273674,0.5130082,0.15029176
-2.9272118,5.1753035,-1.8145657,0.508129,0.14352839
-2.9393501,5.1265,-1.8024522,0.5032267,0.1333269
-2.9508011,5.077956,-1.791303,0.4983244,0.12312543
-2.9616182,5.0296984,-1.7811028,0.4934221,0.11292395
-2.9718533,4.981751,-1.7718359,0.4888135,0.10871333
-2.9815567,4.934137,-1.7629966,0.48420492,0.10450271
-2.9907553,4.886867,-1.7545785,0.47959635,0.10029209
-2.999476,4.839952,-1.7465754,0.4753476,0.09100661
-3.007754,4.7933435,-1.7393754,0.4710989,0.08172113
-3.015632,4.7470565,-1.732966,0.46685016,0.07243565
-3.02315,4.7011046,-1.7273349,0.4628044,0.057270296
-3.0303533,4.655465,-1.7229197,0.45875862,0.04210494
-3.037299,4.6101594,-1.7197014,0.45471284,0.02693959
-3.0440423,4.5652075,-1.71766,0.45128784,0.013132912
-3.0506458,4.5205684,-1.7166722,0.4478628,-0.00067376497
-3.0571558,4.476258,-1.7167225,0.4444378,-0.014480442
-3.0636177,4.432291,-1.717795,0.44084468,-0.019525534
-3.0700736,4.3886905,-1.7192296,0.43725157,-0.024570625
-3.076538,4.345459,-1.72102,0.43365845,-0.029615719
-3.0830255,4.3026004,-1.7231603,0.42698023,-0.039060377
-3.089501,4.260429,-1.7259392,0.420302,-0.048505038
-3.0959878,4.2189527,-1.7293357,0.4136238,-0.0579497
-3.102507,4.1781774,-1.7333283,0.40347132,-0.06194819
-3.1090233,4.138438,-1.7374914,0.39331883,-0.06594668
-3.1155353,4.099736,-1.7418113,0.38316634,-0.06994518
-3.12204,4.062071,-1.7462744,0.369844,-0.09575252
-3.1284673,4.025821,-1.7521676,0.35652164,-0.12155987
-3.1348507,3.9910126,-1.759373,0.34319928,-0.14736721
-3.1412146,3.9576664,-1.7677718,0.33378682,-0.16358481
-3.1476598,3.9253702,-1.7768317,0.32437435,-0.17980242
-3.1541889,3.8941307,-1.7865,0.31496188,-0.19602002
-3.160801,3.8639536,-1.7967241,0.30287147,-0.18979046
-3.1674638,3.8349662,-1.806247,0.29078105,-0.18356088
-3.1741333,3.8071654,-1.8150932,0.27869067,-0.17733131
-3.1807683,3.7805479,-1.8232868,0.27455842,-0.17396167
-3.1875238,3.7543638,-1.8312072,0.2704262,-0.17059201
-3.1943855,3.7286122,-1.8388586,0.266294,-0.16722235
-3.2013402,3.7032921,-1.8462458,0.25904274,-0.15028965
-3.2083063,3.6786454,-1.85271,0.25179148,-0.13335696
-3.2152488,3.6546748,-1.8582897,0.24454023,-0.11642425
-3.2221358,3.6313832,-1.8630241,0.2415871,-0.104443565
-3.2290576,3.6083748,-1.8672218,0.23863398,-0.092462875
-3.2359984,3.5856497,-1.8708941,0.23568085,-0.080482185
-3.242943,3.5632076,-1.874052,0.22987418,-0.04460243
-3.249801,3.541291,-1.8757603,0.22406751,-0.008722675
-3.2565284,3.519919,-1.876086,0.21826084,0.02715708
-3.2630863,3.4991097,-1.8750982,0.20789517,0.07018864
-3.2693,3.4793243,-1.8726683,0.19752951,0.1132202
-3.275135,3.4605854,-1.8689488,0.18716386,0.15625176
