-2.4005263,4.744351,-2.6572123,0.17886145,0.0
-2.4163547,4.736022,-2.6572123,0.1951672,0.09981246
-2.4335403,4.7269793,-2.653971,0.21147294,0.19962493
-2.4518518,4.717268,-2.6469817,0.22777869,0.29943737
-2.4710078,4.706937,-2.6357832,0.24887629,0.39864662
-2.491072,4.6958237,-2.619682,0.26997387,0.49785584
-2.511634,4.6839986,-2.5981948,0.29107147,0.5970651
-2.5322382,4.671552,-2.5709205,0.30854926,0.69178665
-2.5522344,4.658716,-2.538116,0.32602704,0.78650826
-2.5711951,4.645648,-2.4996505,0.34350482,0.8812298
-2.5886986,4.6325626,-2.4554803,0.354668,0.96420574
-2.604342,4.619754,-2.4069147,0.36583114,1.0
-2.6190093,4.6065035,-2.3556087,0.3769943,1.0
-2.6334038,4.592092,-2.302737,0.38003293,1.0
-2.6471264,4.576818,-2.2494392,0.38307154,1.0
-2.660119,4.560706,-2.1957152,0.38611016,1.0
-2.6723237,4.5437875,-2.141565,0.37977403,1.0
-2.68341,4.5265207,-2.0883038,0.37343788,1.0
-2.6933918,4.508986,-2.0359309,0.36710173,1.0
-2.7022884,4.4912586,-1.9844466,0.3658243,1.0
-2.7102332,4.47316,-1.9331416,0.36454687,1.0
-2.717215,4.4547424,-1.8820156,0.36326945,1.0
-2.7232254,4.4360576,-1.8310689,0.35728857,1.0
-2.7281933,4.417403,-1.7809608,0.3513077,1.0
-2.7321532,4.39884,-1.7316916,0.34532678,1.0
-2.7351422,4.3804226,-1.6832612,0.3421578,1.0
-2.737217,4.3620524,-1.6352752,0.33898884,1.0
-2.7383971,4.3437753,-1.5877336,0.33581987,1.0
-2.7387044,4.325633,-1.5406365,0.3301937,1.0
-2.7381666,4.307801,-1.4943285,0.32456753,1.0
-2.736827,4.2903156,-1.4488095,0.31894135,1.0
-2.7347298,4.2732115,-1.4040794,0.31537655,1.0
-2.7319021,4.2564077,-1.3598495,0.31181175,1.0
-2.7283745,4.239934,-1.3161193,0.30824694,1.0
-2.7241788,4.2238164,-1.2728893,0.30580828,1.0
-2.7193289,4.208021,-1.2300011,0.3033696,1.0
-2.7138505,4.192573,-1.1874549,0.30093095,1.0
-2.7077692,4.1774936,-1.1452508,0.30383795,1.0
-2.700992,4.1625414,-1.1026391,0.30674496,1.0
-2.6935134,4.147751,-1.0596195,0.30965197,1.0
-2.6853287,4.133159,-1.0161923,0.31157166,1.0
-2.6764636,4.1188483,-0.972496,0.31349134,1.0
-2.6669235,4.104852,-0.9285303,0.31541106,1.0
-2.6567154,4.0912066,-0.8842954,0.31751752,1.0
-2.6458416,4.077937,-0.83976513,0.319624,1.0
-2.634312,4.06508,-0.7949394,0.3217305,1.0
-2.622138,4.052672,-0.74981827,0.32552922,1.0
-2.6092665,4.040685,-0.7041644,0.32932797,1.0
-2.595705,4.0291657,-0.6579777,0.33312672,1.0
-2.5814638,4.018159,-0.61125827,0.33952558,1.0
-2.5664408,4.007631,-0.5636415,0.34592447,1.0
-2.5506415,3.9976454,-0.51512724,0.35232332,1.0
-2.5340757,3.9882674,-0.4657156,0.35664225,1.0
-2.5168586,3.9796143,-0.41569826,0.36096117,1.0
-2.4990168,3.9717383,-0.3650752,0.3652801,1.0
-2.4805813,3.964692,-0.31384644,0.372958,1.0
-2.4614146,3.958471,-0.26154086,0.38063595,1.0
-2.441548,3.9531534,-0.20815852,0.38831386,1.0
-2.4210203,3.9488175,-0.15369938,0.39051127,1.0
-2.4001696,3.9455874,-0.09893206,0.39270866,1.0
-2.3790553,3.9434917,-0.04385657,0.39490607,1.0
-2.3577387,3.9425561,0.0115271,0.39619052,1.0
-2.336334,3.942803,0.067090906,0.397475,1.0
-2.3149066,3.9442427,0.122834854,0.39875948,1.0
-2.293524,3.9468825,0.17875895,0.39791426,1.0
-2.272367,3.9507053,0.2345645,0.39706904,1.0
-2.2515008,3.9556916,0.2902515,0.3962238,1.0
-2.2309883,3.9618185,0.34581998,0.39830843,1.0
-2.2107415,3.9691133,0.4016808,0.40039304,1.0
-2.1908302,3.977571,0.457834,0.40247765,1.0
-2.1713238,3.987183,0.51427954,0.40498573,1.0
-2.1522727,3.9979467,0.5710768,0.40749383,1.0
-2.1337495,4.0098476,0.62822586,0.4100019,1.0
-2.1158266,4.0228667,0.68572664,0.41584235,1.0
-2.098437,4.0370946,0.7440465,0.42168283,1.0
-2.0816746,4.052525,0.8031855,0.42752331,1.0
-2.065634,4.0691466,0.8631436,0.43101528,1.0
-2.0504956,4.086843,0.9235914,0.43450728,1.0
-2.0363402,4.1055717,0.98452896,0.43799925,1.0
-2.0232475,4.125285,1.0459563,0.4402896,1.0
-2.0113273,4.145872,1.1077048,0.4425799,1.0
-2.0006452,4.1672664,1.1697744,0.4448702,1.0
-1.9912623,4.189396,1.2321653,0.44405282,1.0
-1.9832921,4.2120256,1.2944416,0.44323543,1.0
-1.9767579,4.235065,1.3566031,0.44241807,1.0
-1.971677,4.258423,1.4186502,0.44620806,1.0
-1.968023,4.282253,1.4812287,0.44999805,1.0
-1.9658482,4.306469,1.5443387,0.45378807,1.0
-1.9651996,4.330979,1.6079804,0.46040866,1.0
-1.9661243,4.3558373,1.6725504,0.46702927,1.0
-1.9686875,4.3809404,1.738049,0.47364986,1.0
-1.9729478,4.406175,1.8044761,0.47700068,1.0
-1.9789157,4.4312468,1.8713732,0.4803515,1.0
-1.9865998,4.456037,1.9387401,0.4837023,1.0
-1.9960003,4.480422,2.006577,0.48011574,0.9656265
-2.00753,4.505183,2.0723853,0.47652918,0.931253
-2.0212047,4.5301204,2.1361108,0.47294262,0.8968795
-2.037015,4.5550427,2.1977022,0.47661296,0.9044302
-2.054298,4.578902,2.2601445,0.48028326,0.91198087
-2.0729988,4.60159,2.3234391,0.48395357,0.9195315
-2.0930526,4.6230025,2.3875885,0.48472568,0.8676691
-2.1158998,4.644459,2.4492154,0.4854978,0.8158067
-2.141509,4.6656976,2.5081449,0.48626992,0.76394427
-2.1698108,4.6864824,2.56421,0.49051195,0.7164503
-2.2008057,4.7066736,2.6178973,0.49475402,0.6689562
-2.234416,4.726083,2.6690357,0.49899605,0.62146217
-2.2705395,4.744549,2.717457,0.5078568,0.56476253
-2.309638,4.762203,2.7627592,0.5167175,0.50806284
-2.351582,4.7788997,2.804655,0.523,0.45136315
-2.3959982,4.7944584,2.8426764,0.523,0.40400636
-2.441955,4.80862,2.8769422,0.523,0.3566496
-2.4892578,4.8214393,2.9073753,0.523,0.30929282
