-9.30021,-7.6152606,-1.4080896,-0.26667145,0.0
-9.30453,-7.588946,-1.4080896,-0.23693846,0.09238386
-9.3083515,-7.5656643,-1.4117327,-0.20720547,0.18476772
-9.311578,-7.5455537,-1.4180772,-0.17747247,0.27715158
-9.314175,-7.5286827,-1.4261705,-0.14776249,0.37548175
-9.316156,-7.515079,-1.4352018,-0.11805252,0.47381192
-9.317576,-7.504671,-1.4441793,-0.08834255,0.57214206
-9.318514,-7.497303,-1.4521512,-0.05858414,0.6706287
-9.319057,-7.4927454,-1.4582194,-0.028825734,0.7691154
-9.31929,-7.4906874,-1.4615607,0.00093267264,0.86760205
-9.3192835,-7.4907475,-1.4614422,0.030530367,0.96481663
-9.319094,-7.492476,-1.4572598,0.06012806,1.0
-9.318726,-7.4957037,-1.4488271,0.089725755,1.0
-9.318135,-7.5005155,-1.4362435,0.11889984,1.0
-9.317274,-7.5068817,-1.4195684,0.14807391,1.0
-9.316069,-7.514791,-1.3988018,0.177248,1.0
-9.314429,-7.524226,-1.3739436,0.2054165,1.0
-9.312259,-7.535111,-1.3451349,0.23358501,1.0
-9.309435,-7.5474114,-1.3123758,0.26175353,1.0
-9.30582,-7.5610843,-1.2756661,0.2864702,1.0
-9.301319,-7.5758934,-1.23549,0.31118688,1.0
-9.295786,-7.5917706,-1.1918476,0.33590358,1.0
-9.289072,-7.6086316,-1.1447387,0.35328695,1.0
-9.281183,-7.6260133,-1.095192,0.37067032,1.0
-9.272013,-7.6438184,-1.0432072,0.38805372,1.0
-9.261457,-7.661934,-0.98878455,0.39549217,1.0
-9.249711,-7.6797843,-0.9333187,0.40293062,1.0
-9.236753,-7.697279,-0.8768096,0.4103691,1.0
-9.222572,-7.714323,-0.8192573,0.41036212,1.0
-9.207434,-7.7305226,-0.761706,0.41035518,1.0
-9.191389,-7.7458243,-0.7041557,0.41034824,1.0
-9.174491,-7.760178,-0.6466063,0.40940028,1.0
-9.1568365,-7.7735047,-0.58918995,0.40845233,1.0
-9.138489,-7.785768,-0.5319065,0.40750438,1.0
-9.1195135,-7.796935,-0.47475594,0.40636885,1.0
-9.099985,-7.8069715,-0.41776466,0.40523335,1.0
-9.079973,-7.8158545,-0.36093265,0.40409786,1.0
-9.059546,-7.823565,-0.3042599,0.4027585,1.0
-9.038785,-7.8300843,-0.24777496,0.40141916,1.0
-9.017758,-7.8354034,-0.19147786,0.40007982,1.0
-8.996537,-7.8395176,-0.1353686,0.40007287,1.0
-8.975119,-7.8424344,-0.07926032,0.4000659,1.0
-8.953571,-7.8441463,-0.02315301,0.40005895,1.0
-8.931962,-7.8446465,0.032953326,0.4012786,0.98249495
-8.909705,-7.8439126,0.088589564,0.4024982,0.9649899
-8.886875,-7.841885,0.14373471,0.4037178,0.94748485
-8.863552,-7.8385096,0.19836782,0.40441638,0.91152805
-8.839266,-7.8336277,0.25164568,0.40511498,0.87557125
-8.814134,-7.827166,0.30349427,0.40581357,0.83961445
-8.788274,-7.8190675,0.35384125,0.40617648,0.79909605
-8.7617035,-7.8092527,0.4023608,0.40653935,0.7585777
-8.734553,-7.797698,0.44896984,0.40690225,0.71805936
-8.706946,-7.784398,0.49358833,0.40630677,0.6835305
-8.679204,-7.769472,0.5363544,0.4057113,0.64900166
-8.651421,-7.752955,0.5772225,0.4051158,0.6144728
-8.623682,-7.734892,0.61614925,0.40448096,0.5898199
-8.59625,-7.7154665,0.6536454,0.40384609,0.565167
-8.569175,-7.694728,0.6896925,0.40321124,0.5405141
-8.542503,-7.672729,0.724273,0.4035523,0.51865226
-8.516253,-7.6495066,0.75761384,0.40389335,0.49679044
-8.4904585,-7.6251063,0.7896969,0.40423444,0.4749286
-8.465147,-7.5995774,0.8205046,0.40517157,0.45354357
-8.440313,-7.5729356,0.8500925,0.4061087,0.43215856
-8.415978,-7.5452285,0.87844104,0.40704587,0.41077355
-8.392156,-7.516503,0.9055312,0.40837336,0.39092305
-8.36885,-7.486798,0.9314658,0.4097008,0.37107253
-8.346068,-7.456157,0.9562264,0.4110283,0.351222
-8.323815,-7.4246254,0.97979516,0.41272908,0.3341977
-8.302091,-7.392249,1.0023584,0.41442984,0.31717342
-8.280893,-7.3590655,1.0239006,0.4161306,0.3001491
-8.260221,-7.325111,1.0444064,0.418326,0.28501925
-8.240051,-7.2904005,1.0640103,0.42052138,0.26988935
-8.22038,-7.254965,1.0826972,0.42271677,0.25475946
-8.201196,-7.2188344,1.1004522,0.42484462,0.24073249
-8.182498,-7.1820555,1.1173337,0.42697248,0.22670549
-8.164271,-7.1446557,1.1333287,0.42910033,0.2126785
-8.1465025,-7.1066623,1.1484243,0.43131423,0.1995417
-8.129172,-7.068102,1.1626735,0.43352813,0.1864049
-8.112265,-7.028999,1.1760643,0.43574202,0.1732681
-8.095758,-6.989378,1.1885848,0.4383429,0.15942493
-8.079617,-6.9492226,1.2001826,0.44094375,0.14558175
-8.063815,-6.9085565,1.2108438,0.44354463,0.13173857
-8.048327,-6.8674045,1.2205542,0.44671074,0.11820427
-8.033107,-6.825738,1.2293342,0.44987684,0.104669966
-8.018125,-6.78358,1.2371681,0.45304295,0.09113566
-8.00335,-6.740951,1.2440399,0.45634812,0.07823604
-7.988747,-6.697863,1.2499844,0.4596533,0.06533643
-7.9742837,-6.654336,1.2549862,0.46295846,0.052436817
-7.9599247,-6.61039,1.2590303,0.46637413,0.040441804
-7.9456306,-6.566037,1.2621729,0.4697898,0.028446794
-7.931367,-6.521296,1.2644,0.47320548,0.016451782
-7.9170957,-6.4761853,1.2656975,0.4763738,-0.0044706822
-7.9027863,-6.4307485,1.2653425,0.47954208,-0.025393147
-7.8883696,-6.385029,1.2633132,0.48271036,-0.04631561
-7.8737755,-6.3390713,1.2595884,0.4831411,-0.05978792
-7.859008,-6.29316,1.2547768,0.48357183,-0.07326023
-7.8440194,-6.2473207,1.2488778,0.48400253,-0.08673255
-7.8287635,-6.2015796,1.2418901,0.48293814,-0.10007195
-7.8132424,-6.156103,1.2338487,0.48187372,-0.11341135
-7.797414,-6.1109176,1.2247599,0.48080933,-0.12675075
-7.7812366,-6.0660496,1.2146299,0.4789237,-0.13259257
-7.764684,-6.021557,1.2040772,0.47703812,-0.13843441
-7.747743,-5.977451,1.1931059,0.4751525,-0.14427623
-7.730403,-5.9337435,1.18172,0.47410735,-0.14549509
-7.7126083,-5.89034,1.1702639,0.47306222,-0.14671394
-7.6943617,-5.8472457,1.1587379,0.47201708,-0.1479328
-7.675664,-5.804467,1.1471424,0.4714798,-0.15152524
-7.6565037,-5.7619796,1.1352811,0.47094256,-0.15511769
-7.636874,-5.7197943,1.1231546,0.4704053,-0.15871012
-7.616769,-5.677922,1.1107638,0.46948296,-0.15858918
-7.5961866,-5.636382,1.0984066,0.4685606,-0.15846825
-7.5751333,-5.5951805,1.0860829,0.46763825,-0.15834731
-7.5536165,-5.554321,1.0737929,0.4656494,-0.15855458
-7.531693,-5.513903,1.0615393,0.46366054,-0.15876186
-7.509372,-5.47393,1.0493221,0.46167168,-0.15896912
-7.486664,-5.4344034,1.0371417,0.45939562,-0.1537103
-7.4635706,-5.395318,1.025419,0.45711958,-0.1484515
-7.440119,-5.356667,1.0141505,0.45484352,-0.1431927
-7.4163337,-5.3184447,1.0033325,0.45505863,-0.14745818
-7.39214,-5.2804875,0.9921893,0.45527378,-0.15172368
-7.367529,-5.242809,0.98072076,0.45548892,-0.15598917
-7.342492,-5.205422,0.96892685,0.45464364,-0.15220626
-7.3170485,-5.16838,0.95743805,0.45379838,-0.14842334
-7.291214,-5.13168,0.94625354,0.4529531,-0.14464042
-7.2650056,-5.095319,0.93537235,0.45344284,-0.15014759
-7.2383957,-5.059235,0.92406774,0.4539326,-0.15565476
-7.2113733,-5.0234466,0.9123391,0.45442235,-0.16116193
-7.1839275,-4.9879704,0.9001859,0.45430496,-0.15848625
-7.156048,-4.952824,0.8882359,0.45418757,-0.15581056
-7.1277456,-4.9180083,0.87648904,0.45407018,-0.15313487
-7.099032,-4.8835216,0.8649453,0.45533773,-0.1586863
-7.069866,-4.849303,0.85295314,0.4566053,-0.16423772
-7.0402365,-4.815373,0.8405106,0.45787284,-0.16978915
-7.010132,-4.7817526,0.8276158,0.4581094,-0.1678704
-6.9795704,-4.748495,0.81485873,0.45834598,-0.16595164
-6.948561,-4.715603,0.8022396,0.45858255,-0.16403288
-6.917113,-4.6830773,0.7897587,0.45952305,-0.174073
-6.8852506,-4.6509356,0.77649415,0.46046352,-0.1841131
-6.8529572,-4.6192126,0.76244426,0.461404,-0.19415322
-6.820218,-4.5879426,0.74760735,0.45985013,-0.19972156
-6.7871666,-4.5572996,0.73240197,0.45829627,-0.2052899
-6.7538047,-4.527299,0.71683127,0.4567424,-0.21085824
-6.720134,-4.4979553,0.7008986,0.4549548,-0.21973813
-6.686199,-4.469321,0.6843706,0.45316723,-0.22861803
-6.652001,-4.4414177,0.66725355,0.45137966,-0.23749791
-6.6175394,-4.414269,0.6495541,0.44940388,-0.24214524
-6.5827947,-4.387881,0.63159394,0.4474281,-0.24679255
-6.5477777,-4.362263,0.61337656,0.44545233,-0.2514399
-6.512498,-4.337428,0.59490526,0.44460556,-0.2566055
-6.4768815,-4.313327,0.5760985,0.44375882,-0.26177114
-6.4409356,-4.289976,0.5569583,0.44291207,-0.26693675
-6.40467,-4.267393,0.5374866,0.44352642,-0.26993942
-6.367951,-4.2455077,0.5177738,0.44414076,-0.27294207
-6.330787,-4.224339,0.49781963,0.44475514,-0.2759447
-6.293188,-4.2039046,0.4776236,0.4469193,-0.28155416
-6.25506,-4.1841702,0.4569276,0.44908348,-0.2871636
-6.216409,-4.1651683,0.43572837,0.45124763,-0.29277304
-6.177242,-4.1469326,0.41402274,0.45470366,-0.29732952
-6.1374397,-4.1294427,0.39182046,0.45815966,-0.3
-6.0969872,-4.1127286,0.36925456,0.46161565,-0.3
-6.0558596,-4.096812,0.34651843,0.46548158,-0.3
-6.014034,-4.081709,0.32359192,0.4693475,-0.3
-5.9715223,-4.0674515,0.30047497,0.4732134,-0.3
-5.92834,-4.0540714,0.27716762,0.47742757,-0.3
-5.8844705,-4.0415907,0.2536527,0.48164174,-0.3
-5.8399296,-4.030044,0.2299302,0.4858559,-0.3
-5.794736,-4.0194654,0.20600018,0.49214867,-0.3
-5.748713,-4.0098486,0.18176019,0.49844146,-0.3
-5.7018795,-4.001241,0.15721028,0.5047342,-0.3
-5.654255,-3.9936917,0.13235041,0.51327634,-0.3
-5.605649,-3.9872208,0.10706983,0.52181846,-0.3
-5.556083,-3.9818935,0.081368506,0.523,-0.3
-5.506284,-3.9778326,0.055609,0.523,-0.3
-5.4563975,-3.9750555,0.029849486,0.523,-0.3
-5.4064555,-3.9735641,0.004089975,0.523,-0.3
-5.356492,-3.9733598,-0.021669537,0.523,-0.3
-5.3065395,-3.9744425,-0.047429048,0.523,-0.3
-5.2566314,-3.9768114,-0.07318856,0.523,-0.3
-5.2068014,-3.980465,-0.09894807,0.523,-0.3
-5.1570816,-3.9854007,-0.12470758,0.523,-0.3
-5.1075053,-3.9916155,-0.1504671,0.523,-0.3
-5.058106,-3.9991052,-0.1762266,0.523,-0.3
-5.0089154,-4.0078645,-0.20198612,0.523,-0.3
-4.959967,-4.017888,-0.22774562,0.523,-0.3
-4.9112935,-4.029169,-0.25350514,0.523,-0.3
-4.862926,-4.0417,-0.27926466,0.523,-0.3
-4.8148975,-4.055473,-0.30502415,0.523,-0.3
-4.76724,-4.0704775,-0.33078367,0.523,-0.3
-4.7199845,-4.086705,-0.35654318,0.523,-0.3
-4.673163,-4.1041446,-0.3823027,0.523,-0.3
-4.626806,-4.122784,-0.40806222,0.523,-0.3
-4.580944,-4.1426115,-0.4338217,0.523,-0.3
-4.5356083,-4.1636133,-0.45958123,0.523,-0.3
-4.4908285,-4.185776,-0.48534074,0.523,-0.3
-4.446635,-4.209085,-0.51110023,0.523,-0.3
-4.4030557,-4.2335243,-0.53685975,0.523,-0.3
-4.3601203,-4.2590775,-0.56261927,0.523,-0.2798093
-4.3176026,-4.2858896,-0.5866923,0.523,-0.25961858
-4.275508,-4.3138733,-0.60906905,0.523,-0.23942785
-4.233836,-4.342941,-0.6297403,0.5184921,-0.18775372
-4.192669,-4.37294,-0.64587,0.5139842,-0.1360796
-4.152003,-4.40359,-0.65749115,0.5094763,-0.08440547
-4.1118197,-4.434615,-0.6646497,0.49504253,-0.037482977
-4.0728807,-4.465127,-0.66774166,0.48060876,0.009439516
-4.035144,-4.494886,-0.6669855,0.466175,0.05636201
-3.9985752,-4.523679,-0.66260874,0.4434003,0.051061787
-3.9636636,-4.55092,-0.6588369,0.4206256,0.045761563
-3.9304392,-4.5766435,-0.65562993,0.3978509,0.04046134
-3.8989289,-4.600879,-0.6529478,0.37321228,0.02196021
-3.869292,-4.6235476,-0.6515819,0.34857365,0.003459084
-3.841576,-4.644686,-0.65138096,0.32393506,-0.015042042
-3.8158183,-4.664324,-0.652193,0.3023226,-0.045866836
-3.7918162,-4.6826534,-0.6545033,0.28071016,-0.07669163
-3.7696116,-4.699692,-0.6580878,0.25909773,-0.10751642
-3.749231,-4.715447,-0.66272175,0.24049899,-0.10511534
-3.7303767,-4.730162,-0.66692734,0.22190027,-0.10271426
-3.7130332,-4.743816,-0.6707194,0.20330155,-0.10031319
-3.6971872,-4.7563887,-0.6741127,0.18208632,-0.10797353
-3.6830444,-4.7676883,-0.67738307,0.16087109,-0.11563388
-3.6705928,-4.777704,-0.6804765,0.13965586,-0.12329423
-3.65982,-4.7864237,-0.68333906,0.120862484,-0.12612364
-3.650522,-4.7939944,-0.6858729,0.10206911,-0.12895304
-3.6426888,-4.800405,-0.6880605,0.08327574,-0.13178244
-3.6363118,-4.805648,-0.68988425,0.09167127,-0.12824455
-3.629299,-4.8114343,-0.6918383,0.1000668,-0.12470667
-3.621653,-4.817768,-0.69391274,0.10846233,-0.12116879
-3.6133761,-4.824654,-0.6960978,0.098771736,-0.09874211
-3.6058338,-4.830957,-0.6977206,0.08908114,-0.07631544
-3.5990272,-4.8366632,-0.69885254,0.07939054,-0.05388876
-3.592958,-4.8417635,-0.69956523,0.084930174,-0.03512436
-3.586464,-4.8472285,-0.70006233,0.09046981,-0.01635996
-3.5795457,-4.8530564,-0.700309,0.09600943,0.0024044395
-3.5722044,-4.859244,-0.70027053,0.088098176,0.04051728
-3.5654733,-4.8649163,-0.6996758,0.08018691,0.07863013
-3.5593576,-4.8700643,-0.698626,0.07227565,0.11674297
-3.553861,-4.874681,-0.69722295,0.07375458,0.15059824
-3.5482707,-4.8793635,-0.6953787,0.075233504,0.18445352
-3.542592,-4.8841014,-0.69307894,0.07671244,0.21830878
-3.536831,-4.8888865,-0.6903099,0.07111236,0.24720871
-3.5315144,-4.893277,-0.6874097,0.06551228,0.27610865
-3.5266428,-4.897277,-0.6844331,0.059912205,0.3050086
-3.5222151,-4.90089,-0.6814345,0.06354301,0.3213786
-3.5175326,-4.9046874,-0.6780892,0.06717381,0.33774862
-3.5125968,-4.9086633,-0.6743794,0.07080461,0.35411865
-3.5074096,-4.91281,-0.6702873,0.0738496,0.37263066
-3.5020196,-4.917083,-0.6658063,0.076894596,0.3911427
-3.4964292,-4.9214735,-0.6609203,0.0799396,0.4096547
-3.4906406,-4.925975,-0.6556138,0.07981308,0.41303733
-3.484846,-4.9304314,-0.6502744,0.07968657,0.41641992
-3.4790456,-4.9348435,-0.64490235,0.07956006,0.41980255
