8.173878,1.9424454,-2.0841696,0.17611583,0.0
8.165229,1.927104,-2.0841696,0.2023007,0.099974714
8.155343,1.9095697,-2.0808043,0.22848557,0.19994943
8.144411,1.8900262,-2.0732408,0.25467044,0.29992414
8.132694,1.868703,-2.0607004,0.2801803,0.39984572
8.12055,1.8459306,-2.0425224,0.30569017,0.49976727
8.108358,1.8220307,-2.018107,0.33120003,0.5996888
8.096532,1.7973796,-1.9869529,0.35746774,0.6995004
8.085475,1.772362,-1.9485945,0.38373542,0.7993119
8.075606,1.7474947,-1.902746,0.41000313,0.89912343
8.067291,1.7233733,-1.8492554,0.43749872,0.99869853
8.060781,1.7005996,-1.7879498,0.4649943,1.0
8.055367,1.6760659,-1.7227366,0.49248987,1.0
8.05134,1.6497631,-1.6536672,0.515175,1.0
8.049036,1.6220236,-1.5814164,0.523,1.0
8.048737,1.5937674,-1.5080682,0.523,1.0
8.050508,1.5655651,-1.43472,0.523,1.0
8.054341,1.5375686,-1.3613718,0.523,1.0
8.060216,1.5099281,-1.2880236,0.523,1.0
8.0681,1.4827926,-1.2146753,0.523,1.0
8.077951,1.4563078,-1.1413271,0.523,1.0
8.089718,1.4306161,-1.0679789,0.523,1.0
8.103335,1.4058559,-0.99463063,0.523,1.0
8.118731,1.3821601,-0.9212824,0.523,1.0
8.135821,1.3596561,-0.8479342,0.523,1.0
8.154514,1.3384652,-0.774586,0.523,1.0
8.17471,1.318701,-0.7012378,0.523,1.0
8.1963005,1.3004701,-0.6278896,0.523,1.0
8.219169,1.2838705,-0.55454135,0.523,1.0
8.243192,1.2689912,-0.48119313,0.523,1.0
8.268241,1.2559124,-0.4078449,0.523,1.0
8.294181,1.2447045,-0.33449668,0.523,1.0
8.320873,1.2354276,-0.26114845,0.523,1.0
8.348172,1.2281318,-0.18780023,0.523,1.0
8.375934,1.222856,-0.114452004,0.523,1.0
8.404006,1.2196289,-0.041103788,0.523,1.0
8.4322405,1.2184677,0.032244433,0.523,1.0
8.460484,1.2193788,0.10559265,0.523,0.9947561
8.488813,1.2223814,0.1786929,0.523,0.9895122
8.517074,1.2274858,0.25154316,0.523,0.9842683
8.545109,1.2346905,0.3241414,0.523,0.94337523
8.574213,1.2444693,0.3947067,0.523,0.90248215
8.60413,1.2569315,0.46312097,0.523,0.861589
8.634602,1.2721474,0.5292699,0.523,0.84292454
8.664636,1.2897152,0.5943478,0.523,0.82426006
8.694061,1.3096035,0.6583321,0.523,0.8055956
8.722718,1.3317673,0.72120047,0.523,0.7716504
8.750871,1.3565191,0.78198344,0.523,0.7377052
8.778331,1.3837925,0.840611,0.523,0.70375997
8.804928,1.4135009,0.8970156,0.523,0.6854983
8.830188,1.4451392,0.9521972,0.523,0.66723657
8.8540125,1.4786094,1.0061375,0.523,0.6489749
8.876309,1.5138091,1.0588185,0.523,0.6257696
8.897077,1.5507635,1.1098738,0.523,0.6025643
8.916242,1.5893561,1.1592761,0.523,0.579359
8.933748,1.6294676,1.2069987,0.523,0.5732371
8.949383,1.6705316,1.254274,0.523,0.56711525
8.963114,1.712453,1.3011,0.523,0.5609933
8.974913,1.755136,1.347475,0.523,0.54547024
8.984815,1.7987361,1.3926989,0.523,0.52994716
8.992809,1.8431486,1.4367605,0.523,0.5144241
8.998894,1.8882713,1.4796495,0.523,0.51230174
9.003042,1.9336678,1.5223773,0.523,0.5101794
9.005252,1.9792542,1.5649437,0.523,0.50805706
9.005519,2.0249474,1.6073486,0.523,0.4862009
9.003829,2.0711558,1.648079,0.523,0.46434474
9.000219,2.1177785,1.6871154,0.523,0.44248858
8.994734,2.164722,1.7244394,0.523,0.44503433
8.98751,2.2113717,1.7619636,0.523,0.4475801
8.978551,2.257661,1.7996881,0.523,0.45012584
8.967866,2.3035233,1.8376125,0.523,0.4255162
8.955306,2.349474,1.873594,0.523,0.40090656
8.940948,2.3954363,1.9076111,0.523,0.3762969
8.924872,2.441344,1.939643,0.523,0.38117614
8.90737,2.4866252,1.9720701,0.523,0.38605538
8.888446,2.5312274,2.0048916,0.523,0.39093462
8.868108,2.5750966,2.0381067,0.523,0.36261532
8.84608,2.618753,2.0690265,0.523,0.33429602
8.822471,2.6621516,2.0976262,0.523,0.30597672
8.797396,2.70526,2.123883,0.523,0.3185237
8.771304,2.747524,2.1511805,0.523,0.3310707
8.744183,2.7888849,2.1795146,0.523,0.3436177
8.716025,2.8292828,2.2088807,0.523,0.30722126
8.686331,2.8693252,2.235241,0.523,0.27082482
8.655257,2.908998,2.2585602,0.523,0.23442836
8.622964,2.9483032,2.2788079,0.523,0.26584715
8.590147,2.9866374,2.301709,0.523,0.29726592
8.556766,3.0238702,2.3272407,0.523,0.3286847
8.522792,3.059871,2.355378,0.523,0.26555157
8.487135,3.0955853,2.3782542,0.523,0.20241845
8.450118,3.131004,2.395778,0.523,0.13928533
8.412074,3.1661499,2.4078798,0.523,0.19786416
8.373989,3.200488,2.4250147,0.523,0.256443
8.335842,3.233716,2.4471238,0.523,0.3150218
8.297632,3.2655396,2.474131,0.523,0.23407674
8.257676,3.2970302,2.494349,0.523,0.15313166
8.216442,3.3281975,2.507645,0.523,0.07218658
8.174415,3.3590956,2.5139318,0.523,0.13813558
8.132485,3.3895164,2.5259342,0.523,0.20408458
8.090674,3.4190927,2.5436003,0.523,0.27003357
8.049017,3.4474697,2.5668533,0.523,0.18635732
8.005879,3.4754086,2.5830035,0.523,0.10268105
7.9617624,3.5029812,2.5919383,0.523,0.01900478
7.917174,3.5302973,2.5935948,0.523,0.075031646
7.872658,3.557468,2.600129,0.523,0.13105851
7.8282237,3.5841916,2.61152,0.523,0.18708538
7.783888,3.610173,2.6277328,0.523,0.11495487
7.7386427,3.635711,2.6377308,0.523,0.042824358
7.6928844,3.6609387,2.6414626,0.523,-0.02930615
7.64701,3.686008,2.6389086,0.523,0.024287105
7.6011934,3.7111976,2.6410253,0.523,0.07788036
7.555449,3.7362216,2.6478071,0.523,0.13147362
7.5097938,3.7607958,2.6592343,0.523,0.06713782
7.463566,3.7850015,2.665082,0.523,0.002802038
7.417092,3.8089905,2.665326,0.523,-0.06153375
7.3707004,3.8329227,2.659966,0.523,-0.02408259
7.324363,3.8571422,2.657867,0.523,0.013368571
7.278068,3.8814638,2.659032,0.523,0.050819732
7.2317996,3.905702,2.66346,0.523,0.0018330098
7.185365,3.9297664,2.6636198,0.523,-0.04715371
7.138978,3.9537966,2.659511,0.523,-0.09614043
7.0928526,3.9779322,2.6511438,0.523,-0.081273235
7.0468698,4.0024853,2.6440673,0.523,-0.066406034
7.001012,4.027391,2.638283,0.523,-0.051538836
6.9552584,4.0525827,2.6337926,0.523,-0.080665454
6.909706,4.0779314,2.6267688,0.523,-0.109792076
6.8644595,4.103528,2.617218,0.523,-0.1389187
6.8196225,4.129461,2.6051478,0.523,-0.13258357
6.775064,4.155956,2.5936246,0.523,-0.12624845
6.730777,4.182985,2.5826492,0.523,-0.11991332
6.686754,4.21052,2.5722218,0.523,-0.13848086
6.6431265,4.2384453,2.5601895,0.523,-0.1570484
6.599958,4.2668147,2.5465562,0.523,-0.17561595
6.557313,4.29568,2.531327,0.523,-0.17313385
6.5150943,4.3252044,2.5163107,0.523,-0.17065173
6.473305,4.355372,2.5015078,0.523,-0.16816963
6.43195,4.3861685,2.486918,0.523,-0.17811118
6.3911195,4.41751,2.4714746,0.523,-0.18805271
6.350852,4.44942,2.455179,0.523,-0.19799426
6.3111873,4.4819183,2.438033,0.523,-0.19659619
6.2720747,4.5151014,2.4210067,0.523,-0.19519812
6.2335215,4.5489545,2.4040997,0.523,-0.19380003
6.195536,4.5834646,2.3873124,0.523,-0.1996822
6.158179,4.618566,2.370022,0.523,-0.20556438
6.121479,4.6542654,2.3522298,0.523,-0.21144655
6.0854645,4.6905665,2.3339357,0.523,-0.21442558
6.050143,4.7274966,2.3153877,0.523,-0.21740459
6.015535,4.765051,2.2965863,0.523,-0.22038361
5.981662,4.8032236,2.2775314,0.523,-0.22657517
5.9485683,4.8419805,2.25795,0.523,-0.23276672
5.916287,4.881321,2.2378433,0.523,-0.23895828
5.88485,4.921243,2.2172117,0.523,-0.24610013
5.8542976,4.9617333,2.195976,0.523,-0.253242
5.8246655,5.0027885,2.1741369,0.523,-0.26038384
5.795991,5.044403,2.1516957,0.523,-0.26572868
5.768297,5.08659,2.1288047,0.523,-0.27107355
5.741616,5.1293364,2.1054645,0.523,-0.2764184
5.7159777,5.172629,2.0816755,0.523,-0.2779965
5.6913877,5.2165,2.0577545,0.523,-0.2795746
5.667865,5.260926,2.033701,0.523,-0.28115273
5.645427,5.3058844,2.0095155,0.523,-0.26888162
5.6240096,5.35153,1.9863594,0.523,-0.2566105
5.603587,5.397812,1.9642361,0.523,-0.2443394
5.5841327,5.444681,1.9431492,0.523,-0.21319026
5.565536,5.4922943,1.9247066,0.523,-0.18204112
5.54771,5.5405426,1.9089261,0.523,-0.15089199
5.530558,5.58932,1.8958232,0.523,-0.120508224
5.513978,5.6385226,1.8853444,0.523,-0.09012446
5.497863,5.6880546,1.8774991,0.523,-0.059740692
5.4821005,5.7378254,1.8722949,0.523,-0.046506412
5.466587,5.787712,1.8682425,0.523,-0.03327213
5.4512672,5.837688,1.8653429,0.523,-0.020037849
5.436087,5.8877254,1.8635963,0.523,-0.013951331
5.4209933,5.9377947,1.8623803,0.523,-0.007864815
5.405959,5.9878855,1.8616947,0.523,-0.0017782986
5.390959,6.037988,1.8615397,0.523,0.002797693
5.375966,6.088093,1.8617835,0.523,0.0073736846
5.360962,6.138193,1.8624263,0.523,0.011949676
5.345926,6.188281,1.8634679,0.523,0.014742834
5.3308387,6.238352,1.8647529,0.523,0.01753599
5.315687,6.2884007,1.8662814,0.523,0.020329148
5.3004603,6.3384237,1.8680533,0.523,0.021344285
5.2851453,6.3884187,1.8699137,0.523,0.022359425
5.2697377,6.4383836,1.8718625,0.523,0.023374563
5.254233,6.4883175,1.8738998,0.523,0.025849933
5.2386274,6.538217,1.8761528,0.523,0.0283253
5.222911,6.5880775,1.8786215,0.523,0.03080067
5.207072,6.6378956,1.8813058,0.523,0.03164615
5.1911,6.6876693,1.8840638,0.523,0.03249163
5.174991,6.7373977,1.8868955,0.523,0.03333711
5.1587424,6.787079,1.8898009,0.523,0.03696025
5.142351,6.8367066,1.893022,0.523,0.04058339
5.1258025,6.886274,1.8965584,0.523,0.04420653
5.1090813,6.935775,1.9004105,0.523,0.045947652
5.0921707,6.985207,1.9044142,0.523,0.047688775
5.0750637,7.0345674,1.9085695,0.523,0.0494299
5.0577536,7.083852,1.9128764,0.523,0.05227229
5.0402336,7.1330543,1.9174308,0.523,0.05511468
5.0224924,7.182169,1.9222325,0.523,0.05795707
5.0045185,7.2311897,1.9272815,0.523,0.05636514
4.9862957,7.2801237,1.9321921,0.523,0.054773204
4.967831,7.328972,1.9369642,0.523,0.053181272
4.949132,7.377736,1.9415976,0.523,0.05115088
4.9302053,7.426418,1.9460543,0.523,0.049120493
4.91106,7.4750195,1.9503342,0.523,0.047090102
4.8917046,7.523544,1.9544374,0.523,0.055286516
4.872159,7.571968,1.9592541,0.523,0.063482925
4.8523893,7.6202736,1.9647839,0.523,0.07167934
4.8323646,7.6684427,1.9710267,0.523,0.07512581
4.812044,7.716474,1.977569,0.523,0.07857229
4.7914157,7.764358,1.9844108,0.523,0.082018755
4.770466,7.812087,1.9915521,0.523,0.074029356
4.749162,7.8596945,1.9979991,0.523,0.06603996
4.7275405,7.9071903,2.0037515,0.523,0.058050554
4.7056346,7.9545846,2.0088086,0.51613545,0.056380004
4.683778,8.001251,2.013656,0.50927085,0.054709453
4.6619873,8.047196,2.0182974,0.5024063,0.053038903
4.640278,8.092426,2.0227365,0.4905906,0.055182833
4.618886,8.136493,2.0272462,0.4787749,0.057326764
4.597818,8.179399,2.0318182,0.46695924,0.059470695
4.577081,8.221146,2.0364437,0.44950205,0.03944685
4.5569143,8.261278,2.0393982,0.43204486,0.019423002
4.537405,8.299818,2.0407968,0.41458768,-0.0006008446
4.518629,8.3367815,2.0407553,0.4056446,-0.022410136
4.5002637,8.372939,2.0392404,0.39670154,-0.044219427
4.4823704,8.408301,2.0363176,0.38775846,-0.06602872
4.4650025,8.442875,2.0320535,0.37238073,-0.08906798
4.4484944,8.4760895,2.026533,0.35700297,-0.11210723
4.4328804,8.507945,2.0198765,0.34162524,-0.1351465
4.4181843,8.53844,2.012205,0.32278043,-0.17227826
4.4045987,8.567192,2.0029826,0.30393562,-0.20941003
4.3921466,8.594188,1.9924523,0.2850908,-0.2465418
4.3808312,8.619413,1.9808561,0.26537418,-0.20343626
4.37047,8.643249,1.9719203,0.24565755,-0.16033071
4.361001,8.665574,1.9653839,0.22594091,-0.11722517
4.352375,8.686289,1.9609797,0.2069678,-0.07614799
4.344526,8.705375,1.9583555,0.18799469,-0.0350708
4.337425,8.72277,1.9572569,0.16902156,0.006006384
4.3310547,8.738424,1.9574261,0.15515275,0.042363036
4.3252096,8.752782,1.9585212,0.14128393,0.07871969
4.3198843,8.7658205,1.9603729,0.12741512,0.11507634
4.3150773,8.77753,1.9628114,0.12371844,0.119198896
4.3103843,8.788882,1.9652634,0.12002175,0.12332145
4.3058066,8.799878,1.967724,0.11632507,0.127444
4.301346,8.810519,1.9701881,0.11578918,0.12924857
4.296881,8.821098,1.9726754,0.115253285,0.13105313
4.2924113,8.8316145,1.9751856,0.114717394,0.13285771
4.2879376,8.842068,1.9777184,0.114097,0.14479165
4.283469,8.852436,1.9804621,0.1134766,0.1567256
4.2790046,8.862718,1.983414,0.1128562,0.16865954
4.2745433,8.872909,1.9865714,0.11464947,0.17092781
4.26998,8.8832445,1.9898217,0.116442725,0.17319608
4.265313,8.893722,1.9931662,0.11823598,0.17546435
4.260541,8.904341,1.9966061,0.117282756,0.1934932
4.255787,8.914823,2.0003648,0.11632953,0.21152206
4.25105,8.925163,2.0044353,0.1153763,0.22955091
4.2463293,8.935358,2.0088108,0.11524735,0.23095189
4.241571,8.945518,2.0132077,0.11511839,0.23235288
4.236775,8.955642,2.0176256,0.11498944,0.23375386
4.231941,8.96573,2.0220647,0.11405163,0.24253552
4.227113,8.975693,2.02663,0.11311382,0.25131717
4.22229,8.98553,2.0313182,0.112176016,0.26009884
4.2174726,8.995241,2.0361264,0.111287154,0.26298693
4.2126503,9.004845,2.0409482,0.110398285,0.26587504
4.2078247,9.01434,2.0457828,0.10950942,0.26876312
