6.2913165,4.8386087,1.2140952,-0.07950487,0.0
6.2885404,4.8311586,1.2140952,-0.10950486,0.09952669
6.2847357,4.820948,1.2122818,-0.13950486,0.19905338
6.2799373,4.8081427,1.2076842,-0.16950485,0.29858008
6.2741833,4.7929983,1.1993738,-0.19950485,0.39602157
6.267503,4.775847,1.1865473,-0.22950484,0.49346307
6.259926,4.7571087,1.1684287,-0.25950482,0.59090453
6.251487,4.7372794,1.1443331,-0.2895033,0.52592826
6.24113,4.7144837,1.1201105,-0.3195018,0.46095192
6.2286654,4.688726,1.0964248,-0.34950024,0.39597562
6.2139363,4.660041,1.0739572,-0.37949607,0.36070713
6.1970115,4.628826,1.0516343,-0.4094919,0.32543862
6.177761,4.595139,1.0298135,-0.4394877,0.29017013
6.1560745,4.559041,1.0088562,-0.46914187,0.30801016
6.1322536,4.5212092,0.98515177,-0.49879605,0.32585022
6.106134,4.481829,0.9585398,-0.523,0.34369025
6.077834,4.441532,0.9291678,-0.523,0.34025168
6.0483274,4.4020357,0.9000781,-0.523,0.3368131
6.017647,4.363367,0.8712712,-0.523,0.3333745
5.985827,4.325553,0.84274733,-0.523,0.36077324
5.953266,4.289026,0.81197774,-0.523,0.38817197
5.9199576,4.2538977,0.7789854,-0.523,0.4155707
5.8859076,4.2202816,0.74379516,-0.51711977,0.44121617
5.8514967,4.188621,0.70699006,-0.51123947,0.46686164
5.816786,4.1589675,0.6686398,-0.50535923,0.4925071
5.781845,4.1313624,0.6288144,-0.49664035,0.52811384
5.7471523,4.1061306,0.58710444,-0.48792148,0.5637205
5.7128158,4.0832844,0.54365224,-0.4792026,0.5993272
5.678952,4.0628166,0.4986002,-0.46649474,0.62907135
5.645825,4.0447793,0.4528531,-0.45378688,0.65881544
5.6135597,4.02908,0.40655318,-0.44107902,0.68855953
5.582278,4.0156116,0.35984102,-0.42630702,0.721823
5.5523286,4.004344,0.3128937,-0.411535,0.7550864
5.523815,3.9951193,0.26588598,-0.396763,0.78834987
5.496825,3.9877694,0.21898921,-0.38166648,0.81524396
5.47128,3.9820838,0.17268714,-0.36657,0.8421381
5.447234,3.9778898,0.12710609,-0.3514735,0.8690322
5.4247274,3.9750135,0.082369104,-0.33544543,0.87533593
5.403307,3.9732451,0.039445575,-0.3194174,0.8816397
5.3830113,3.972444,-0.0016412201,-0.3033893,0.88794345
5.3638673,3.9724755,-0.040868226,-0.3009205,0.90023947
5.345183,3.9732397,-0.08016221,-0.2984517,0.9125354
5.326984,3.9747016,-0.11951095,-0.2959829,0.92483145
5.3092937,3.976826,-0.15890229,-0.28596377,0.9146154
5.292067,3.9795864,-0.19666514,-0.27594468,0.90439934
5.275338,3.9829195,-0.23281638,-0.2659256,0.8941833
5.259136,3.9867613,-0.26737332,-0.26961967,0.89372134
5.2428446,3.991224,-0.3023973,-0.27331376,0.8932594
5.2264886,3.9963267,-0.33788797,-0.27700785,0.8927974
5.210096,4.002086,-0.37384495,-0.2687865,0.8546146
5.193669,4.0085306,-0.4076367,-0.26056516,0.8164319
5.1772866,4.015605,-0.43928263,-0.2523438,0.7782491
5.1610227,4.0232477,-0.46880826,-0.24171628,0.7085142
5.1446486,4.0315404,-0.49502265,-0.23108874,0.63877934
5.128323,4.040354,-0.51798576,-0.22046122,0.5690445
5.1121874,4.049549,-0.5377842,-0.2110327,0.4957161
5.096245,4.0590577,-0.5545142,-0.2016042,0.4223877
5.0806117,4.06874,-0.5682885,-0.1921757,0.34905928
5.0653915,4.0784593,-0.57924294,-0.17408581,0.28044364
5.0513916,4.087616,-0.5872736,-0.15599594,0.21182798
5.038696,4.0960665,-0.5927399,-0.13790604,0.14321233
5.0273747,4.1036916,-0.5960203,-0.11582418,0.057240315
5.017805,4.110183,-0.59712464,-0.0937423,-0.028731704
5.0100565,4.1154513,-0.5966758,-0.07166043,-0.11470372
5.0041676,4.1194515,-0.59530884,-0.050705194,-0.2049935
5.000057,4.1222353,-0.5935886,-0.029749956,-0.2952833
4.997698,4.1238275,-0.5921457,-0.008794719,-0.3
4.9970007,4.124296,-0.5917125,0.015646849,-0.3
4.9982414,4.1234627,-0.59248316,0.04008842,-0.3
5.0014186,4.121324,-0.5944576,0.064529985,-0.3
5.0065255,4.1178713,-0.597636,0.08951051,-0.3
5.0135946,4.1130595,-0.60204464,0.11449103,-0.3
5.022609,4.106865,-0.6076837,0.13947155,-0.3
5.0335484,4.0992575,-0.61455315,0.16524544,-0.3
5.0464463,4.090155,-0.62269205,0.19101933,-0.3
5.0612698,4.079512,-0.6321004,0.21679322,-0.3
5.0779796,4.067275,-0.6427782,0.23965493,-0.3
5.0963054,4.053551,-0.654582,0.26251662,-0.3
5.116201,4.0382824,-0.6675118,0.28537834,-0.3
5.1376123,4.021405,-0.68156767,0.3027454,-0.3
5.160073,4.003184,-0.6964789,0.32011247,-0.3
5.183532,3.9835653,-0.7122455,0.33747953,-0.3
5.207935,3.9624949,-0.72886753,0.35374522,-0.3
5.2331433,3.939987,-0.7462907,0.37001088,-0.3
5.2590966,3.915988,-0.764515,0.38627654,-0.3
5.28573,3.8904448,-0.78354037,0.4021927,-0.3
5.3129497,3.863326,-0.80334973,0.41810888,-0.3
5.340682,3.8345795,-0.823943,0.43402505,-0.3
5.36885,3.8041518,-0.8453202,0.45159206,-0.3
5.397475,3.7718735,-0.86756265,0.46915907,-0.3
5.4264593,3.7376864,-0.8906703,0.48672608,-0.3
5.455702,3.701534,-0.91464317,0.50677943,-0.3
5.4852386,3.663173,-0.9396038,0.523,-0.3
5.514723,3.6228359,-0.9653633,0.523,-0.3
5.543158,3.5817525,-0.9911228,0.523,-0.3
5.570526,3.5399506,-1.0168823,0.523,-0.3
5.596808,3.4974575,-1.0426419,0.523,-0.3
5.621987,3.4543016,-1.0684013,0.523,-0.3
5.646046,3.4105115,-1.0941608,0.523,-0.3
5.668969,3.366116,-1.1199204,0.523,-0.3
5.690741,3.321145,-1.1456798,0.523,-0.22776617
5.711754,3.274731,-1.1653622,0.523,-0.15553233
5.732133,3.2272508,-1.178865,0.523,-0.083298504
5.752041,3.1790843,-1.1861174,0.523,-0.000838995
5.7716675,3.1306064,-1.1861905,0.523,0.081620514
5.7912245,3.0822885,-1.1790838,0.523,0.16408002
5.810923,3.034599,-1.1648456,0.523,0.23282194
5.831019,2.9878461,-1.1447341,0.523,0.30156386
5.8516583,2.9423707,-1.1188444,0.523,0.37030578
5.8729506,2.898511,-1.0872988,0.523,0.38761097
5.89546,2.8556411,-1.0543517,0.523,0.4049162
5.919197,2.8138397,-1.0200131,0.523,0.4222214
5.9441648,2.7731879,-0.9842933,0.523,0.4337055
5.9704304,2.7336612,-0.9476627,0.523,0.44518963
5.997977,2.6953304,-0.9101262,0.523,0.45667374
6.0267816,2.658267,-0.8716887,0.523,0.46031228
6.0569353,2.6224024,-0.83296686,0.523,0.46395084
6.0883975,2.5877948,-0.7939611,0.523,0.46758938
6.1211257,2.5545013,-0.754672,0.523,0.47400653
6.1550255,2.5226233,-0.71488434,0.523,0.48042366
6.19005,2.4922202,-0.6745998,0.523,0.48684078
6.2261486,2.4633496,-0.6338201,0.5200042,0.49041876
6.26311,2.4361832,-0.59300023,0.51700836,0.49399674
6.3008585,2.4107444,-0.55214375,0.5140126,0.49757475
6.339315,2.387053,-0.51125443,0.50521356,0.5034189
6.3779097,2.365401,-0.4706333,0.49641448,0.50926304
6.41654,2.3457475,-0.4302968,0.4876154,0.5151072
6.455106,2.3280466,-0.3902613,0.47997892,0.50055593
6.494049,2.3120267,-0.3518699,0.47234243,0.48600465
6.533255,2.2976325,-0.31509832,0.46470594,0.47145337
6.5726175,2.2848017,-0.2799215,0.45795423,0.47106677
6.611837,2.2735274,-0.24528205,0.4512025,0.47068018
6.650847,2.2637622,-0.21117921,0.44445083,0.47029355
6.6895866,2.2554574,-0.17761222,0.43501464,0.47899538
6.7275853,2.2486367,-0.14419672,0.42557845,0.48769718
6.7647915,2.2432342,-0.11095956,0.41614226,0.496399
6.801158,2.2391822,-0.07792742,0.40123788,0.48775738
6.836495,2.236423,-0.046587665,0.38633347,0.47911575
6.8707414,2.2348263,-0.016904721,0.3714291,0.47047415
6.903844,2.2342668,0.0111573,0.36072004,0.4516523
6.936297,2.234629,0.037396844,0.35001102,0.43283045
6.968048,2.2358167,0.061865058,0.339302,0.4140086
6.999052,2.2377372,0.08461427,0.3236955,0.39689186
7.0287986,2.2402604,0.10546855,0.30808905,0.3797751
7.0572534,2.2432725,0.12450391,0.29248258,0.36265835
7.084388,2.2466683,0.14179748,0.27678585,0.35134268
7.1101146,2.2503412,0.15767385,0.2610891,0.340027
7.1344233,2.254206,0.1721866,0.24539235,0.3287113
7.1573052,2.2581854,0.18538968,0.22930534,0.32299846
7.1786776,2.2621937,0.19752036,0.21321835,0.3172856
7.198541,2.2661688,0.20860733,0.19713135,0.31157276
7.2168984,2.2700548,0.2186793,0.18205781,0.3236958
7.2337475,2.2737994,0.22833055,0.16698426,0.3358189
7.249104,2.2773678,0.23750196,0.15191072,0.34794196
7.262984,2.2807279,0.24613464,0.15264107,0.34471938
7.276917,2.2842283,0.2547317,0.15337141,0.3414968
7.290902,2.28787,0.2632923,0.15410174,0.33827418
7.3049383,2.2916532,0.2718157,0.14299712,0.34297845
7.3179107,2.2952688,0.27983052,0.13189247,0.3476827
7.3298283,2.2986937,0.28732026,0.12078783,0.35238698
7.3407,2.301906,0.29426834,0.11291111,0.3457521
7.3508663,2.3049872,0.30064604,0.10503439,0.33911723
7.3603272,2.3079207,0.30646938,0.09715767,0.33248237
7.369083,2.3106914,0.3117546,0.08886534,0.32994542
7.377085,2.31327,0.3165532,0.08057301,0.32740846
7.384335,2.315645,0.3208718,0.07228068,0.3248715
7.390836,2.3178053,0.324717,0.066792995,0.31241468
7.3968596,2.3198333,0.32813853,0.061305307,0.2999578
7.402404,2.3217206,0.33115762,0.05581762,0.28750098
7.4074655,2.323461,0.33379552,0.04971935,0.27507037
7.4119864,2.325029,0.33604628,0.043621078,0.2626398
7.415963,2.326418,0.33793384,0.037522808,0.25020918
7.419393,2.3276231,0.3394823,0.03208506,0.23903114
7.422333,2.3286612,0.3407484,0.026647318,0.22785309
7.424779,2.3295288,0.3417516,0.021209573,0.21667503
7.4267306,2.3302228,0.34251156,0.018810902,0.20477694
7.4284654,2.3308415,0.3431491,0.016412232,0.19287886
7.4299827,2.3313835,0.3436734,0.0140135605,0.18098077
7.43128,2.331848,0.34409383,0.01240805,0.17132562
7.432431,2.3322604,0.3444464,0.010802538,0.16167049
7.433435,2.3326204,0.3447362,0.009197027,0.15201536
