9.76213,-9.429142,-2.2669923,0.45476165,0.0
9.732965,-9.464035,-2.2669923,0.42603472,0.09635438
9.7057705,-9.4965725,-2.2601612,0.39730775,0.19270876
9.680967,-9.526663,-2.2474792,0.36858082,0.28906313
9.658844,-9.554208,-2.2299683,0.33991992,0.3782581
9.639497,-9.579179,-2.2090461,0.31125906,0.4674531
9.622942,-9.601495,-2.1856697,0.28259817,0.5566481
9.609101,-9.621094,-2.160785,0.25423145,0.61203533
9.597525,-9.638385,-2.1364408,0.22586474,0.6674226
9.5880165,-9.653361,-2.1131403,0.19749802,0.72280985
9.580372,-9.666047,-2.0913665,0.16963178,0.70968986
9.573972,-9.677211,-2.0729444,0.14176555,0.6965699
9.568738,-9.686743,-2.0577853,0.11389932,0.6834499
9.564605,-9.694548,-2.0457978,0.08647111,0.6357729
9.561423,-9.700735,-2.0372403,0.05904291,0.58809584
9.559214,-9.705122,-2.031781,0.031614702,0.5404188
9.558008,-9.70755,-2.02907,0.0043169265,0.475366
9.557838,-9.707894,-2.0287406,-0.022980848,0.4103132
9.55877,-9.706004,-2.0302684,-0.050278623,0.3452604
9.560868,-9.701764,-2.0331047,-0.076758325,0.26671278
9.564171,-9.695137,-2.0364764,-0.103238024,0.18816517
9.568725,-9.686075,-2.0396948,-0.12971772,0.10961755
9.574552,-9.674573,-2.0420601,-0.15551303,0.04410062
9.581605,-9.66073,-2.0432026,-0.18130834,-0.021416318
9.589853,-9.644588,-2.0425556,-0.20710367,-0.086933255
9.59923,-9.62621,-2.0395586,-0.2276944,-0.09780121
9.6094675,-9.605994,-2.0358531,-0.24828514,-0.10866916
9.620537,-9.583933,-2.0313652,-0.2688759,-0.119537115
9.632401,-9.5600195,-2.026021,-0.27842018,-0.13183539
9.644536,-9.53523,-2.0199213,-0.28796446,-0.14413366
9.65691,-9.509558,-2.0130277,-0.29750875,-0.15643191
9.669486,-9.482998,-2.0053024,-0.30142918,-0.1642892
9.682004,-9.456023,-1.997086,-0.30534962,-0.17214648
9.694444,-9.428633,-1.9883684,-0.30927005,-0.18000376
9.706783,-9.40082,-1.9791402,-0.31170765,-0.18539266
9.718949,-9.372702,-1.9695638,-0.31414524,-0.19078156
9.730926,-9.344277,-1.9596355,-0.31658283,-0.19617045
9.742697,-9.315544,-1.949351,-0.31861338,-0.20095028
9.754235,-9.286534,-1.9387518,-0.32064393,-0.2057301
9.765526,-9.257247,-1.9278349,-0.32267448,-0.21050993
9.776555,-9.227682,-1.9165972,-0.32461584,-0.21537963
9.787303,-9.197847,-1.9050345,-0.32655722,-0.22024933
9.797757,-9.167745,-1.8931439,-0.32849857,-0.22511902
9.807901,-9.137373,-1.8809224,-0.33040696,-0.23100616
9.817717,-9.106744,-1.8683143,-0.3323154,-0.2368933
9.827187,-9.07586,-1.8553162,-0.3342238,-0.24278043
9.836293,-9.044722,-1.8419248,-0.33611783,-0.24664703
9.845022,-9.013318,-1.8282473,-0.33801186,-0.2505136
9.85336,-8.981651,-1.8142817,-0.33990586,-0.2543802
9.861291,-8.949724,-1.8000258,-0.34139538,-0.25459436
9.868798,-8.91755,-1.7856956,-0.3428849,-0.25480852
9.8758745,-8.885132,-1.7712909,-0.3443744,-0.25502267
9.882511,-8.852475,-1.7568119,-0.34528324,-0.2529304
9.888694,-8.819622,-1.7424111,-0.34619206,-0.25083816
9.894421,-8.786579,-1.7280893,-0.3471009,-0.2487459
9.899691,-8.753353,-1.7138473,-0.3476977,-0.24688104
9.904497,-8.719981,-1.6996856,-0.3482945,-0.24501617
9.90884,-8.686473,-1.6856045,-0.34889132,-0.2431513
9.912719,-8.652833,-1.6716045,-0.34940252,-0.24144885
9.916133,-8.619079,-1.6576803,-0.34991372,-0.23974639
9.919083,-8.585216,-1.6438321,-0.35042492,-0.23804392
9.921568,-8.551252,-1.6300602,-0.3509383,-0.236297
9.923589,-8.517194,-1.6163676,-0.35145167,-0.23455006
9.925146,-8.483047,-1.6027544,-0.35196504,-0.23280314
9.92624,-8.448817,-1.5892209,-0.3524706,-0.23110476
9.926872,-8.414513,-1.5757651,-0.35297617,-0.22940639
9.927043,-8.38014,-1.5623873,-0.35348174,-0.22770801
9.926753,-8.345706,-1.5490879,-0.35382402,-0.22643986
9.926005,-8.311234,-1.5358485,-0.35416627,-0.22517172
9.924799,-8.276733,-1.5226691,-0.35450855,-0.22390357
9.923136,-8.242208,-1.5095501,-0.35486794,-0.2227423
9.921018,-8.207662,-1.4964848,-0.35522732,-0.22158104
9.918445,-8.173103,-1.4834732,-0.3555867,-0.22041976
9.915419,-8.138537,-1.4705157,-0.3560282,-0.21895875
9.91194,-8.103959,-1.4576267,-0.3564697,-0.21749774
9.908009,-8.069375,-1.4448065,-0.35691115,-0.21603672
9.903628,-8.034789,-1.4320551,-0.3574307,-0.21442036
9.898798,-8.0002,-1.4193794,-0.35795024,-0.212804
9.89352,-7.9656134,-1.4067794,-0.35846978,-0.21118765
9.887797,-7.931033,-1.3942556,-0.35905114,-0.20947881
9.88163,-7.8964586,-1.3818115,-0.35963246,-0.20776999
9.875019,-7.8618956,-1.3694475,-0.3602138,-0.20606115
9.867967,-7.8273487,-1.3571638,-0.360913,-0.2037407
9.860474,-7.792807,-1.344993,-0.36161223,-0.20142025
9.852541,-7.7582765,-1.3329356,-0.36231145,-0.19909978
9.8441725,-7.723761,-1.3209921,-0.36352098,-0.19533493
9.835357,-7.689207,-1.3092325,-0.3647305,-0.19157007
9.826098,-7.654619,-1.2976584,-0.36594003,-0.18780522
9.816401,-7.6200013,-1.2862713,-0.36757335,-0.1836434
9.806255,-7.585315,-1.2750841,-0.3692067,-0.1794816
9.79567,-7.5505643,-1.264099,-0.37084004,-0.17531979
9.784645,-7.515753,-1.2533184,-0.37227672,-0.17095089
9.773192,-7.480901,-1.2427633,-0.37371343,-0.16658199
9.761319,-7.446012,-1.2324355,-0.37515014,-0.16221309
9.74903,-7.411089,-1.2223375,-0.37641972,-0.1595191
9.73634,-7.376158,-1.2123722,-0.3776893,-0.15682513
9.723253,-7.3412237,-1.2025408,-0.3789589,-0.15413116
9.709773,-7.3062873,-1.1928444,-0.38002384,-0.15099286
9.695909,-7.271369,-1.1833172,-0.38108876,-0.14785455
9.681666,-7.23647,-1.1739604,-0.3821537,-0.14471625
9.66705,-7.201593,-1.1647753,-0.38338733,-0.14148559
9.65206,-7.1667233,-1.1557648,-0.38462096,-0.13825494
9.636699,-7.131862,-1.1469303,-0.3858546,-0.13502428
9.620974,-7.0970116,-1.1382735,-0.38726565,-0.13239752
9.604883,-7.062159,-1.1297529,-0.3886767,-0.12977076
9.58843,-7.027306,-1.12137,-0.39008778,-0.12714398
9.57162,-6.992455,-1.113126,-0.391613,-0.124372736
9.55445,-6.9575953,-1.1050292,-0.39313826,-0.12160149
9.536924,-6.9227285,-1.0970812,-0.39466348,-0.11883025
9.519047,-6.887856,-1.0892832,-0.3963781,-0.116454415
9.500814,-6.852963,-1.0816072,-0.39809272,-0.11407859
9.482229,-6.8180513,-1.0740547,-0.39980736,-0.111702755
9.463294,-6.7831216,-1.0666269,-0.40160528,-0.10725656
9.444005,-6.7481604,-1.0594615,-0.40340322,-0.10281037
9.424369,-6.7131653,-1.0525614,-0.40520114,-0.09836417
9.404394,-6.678136,-1.0459292,-0.40742955,-0.09404458
9.3840685,-6.643033,-1.0395526,-0.40965793,-0.089725
9.363399,-6.6078553,-1.0334346,-0.4118863,-0.08540542
9.342392,-6.572601,-1.0275788,-0.41462043,-0.079857774
9.321029,-6.5372205,-1.0220662,-0.41735452,-0.07431013
9.299319,-6.5017104,-1.0169021,-0.42008862,-0.06876249
9.277275,-6.4660673,-1.0120915,-0.42322227,-0.06309073
9.254885,-6.4302516,-1.0076442,-0.42635596,-0.05741896
9.2321615,-6.3942595,-1.0035663,-0.4294896,-0.051747195
9.209116,-6.358085,-0.9998638,-0.4328832,-0.04528596
9.185746,-6.3216996,-0.9965977,-0.4362768,-0.03882472
9.162067,-6.285096,-0.9937753,-0.43967038,-0.03236348
9.138094,-6.248267,-0.99140424,-0.44309178,-0.026458472
9.113843,-6.2112026,-0.9894505,-0.44651318,-0.020553464
9.089328,-6.1738944,-0.98792106,-0.44993457,-0.014648455
9.064565,-6.136334,-0.9868226,-0.45288485,-0.010336834
9.039597,-6.0985527,-0.9860424,-0.4558351,-0.006025213
9.014436,-6.0605435,-0.9855847,-0.45878536,-0.0017135919
8.989093,-6.0223,-0.9854536,-0.4615439,0.003186208
8.9635935,-5.983829,-0.9856987,-0.46430242,0.008086008
8.937952,-5.9451237,-0.9863244,-0.46706095,0.012985808
8.912184,-5.9061737,-0.98733526,-0.469888,0.020102864
8.886302,-5.8669667,-0.98890954,-0.47271502,0.027219921
8.860332,-5.8274894,-0.9910538,-0.47554204,0.034336977
8.834296,-5.787729,-0.9937747,-0.47913748,0.03849853
8.808177,-5.7476025,-0.9968483,-0.48273292,0.042660076
8.781991,-5.7071013,-1.0002795,-0.48632836,0.046821624
8.755754,-5.6662154,-1.0040733,-0.49058363,0.050891977
8.72945,-5.6248803,-1.0082326,-0.4948389,0.05496233
8.703098,-5.5830855,-1.0127631,-0.49909413,0.059032686
8.676716,-5.540821,-1.0176708,-0.502733,0.06466286
8.65036,-5.4981337,-1.0230851,-0.50637186,0.070293024
8.624057,-5.4550104,-1.0290126,-0.5100107,0.0759232
8.597833,-5.4114394,-1.03546,-0.5110747,0.08533572
8.5718565,-5.367642,-1.04272,-0.51213866,0.09474823
8.546166,-5.3236027,-1.0507953,-0.51320267,0.10416074
8.520805,-5.2793074,-1.0596884,-0.5137304,0.10989428
8.495828,-5.2347703,-1.0690788,-0.5142581,0.11562782
8.471261,-5.1899834,-1.0789672,-0.5147858,0.12136136
8.447129,-5.14494,-1.0893542,-0.5148397,0.12578994
8.423477,-5.099669,-1.1001194,-0.51489353,0.1302185
8.400326,-5.054167,-1.1112626,-0.5149474,0.13464709
8.377692,-5.008432,-1.1227837,-0.514745,0.1390266
8.35561,-4.9624853,-1.1346725,-0.5145425,0.14340611
8.334098,-4.916326,-1.1469285,-0.5143401,0.14778562
8.313174,-4.8699546,-1.1595511,-0.51399237,0.15003055
8.292858,-4.8233705,-1.1723554,-0.5136446,0.1522755
8.27316,-4.776577,-1.185341,-0.51329684,0.15452044
8.254091,-4.7295804,-1.1985075,-0.51282424,0.15486445
8.235661,-4.6823826,-1.2116911,-0.51235163,0.15520847
8.217871,-4.634992,-1.2248915,-0.511879,0.15555248
8.200726,-4.5874176,-1.2381088,-0.51138276,0.1544544
8.184223,-4.539659,-1.2512207,-0.51088643,0.15335631
8.168361,-4.491726,-1.2642275,-0.51039016,0.15225825
8.153136,-4.4436297,-1.2771294,-0.5103605,0.14999327
8.138529,-4.395327,-1.28984,-0.51033086,0.1477283
8.124533,-4.346829,-1.3023595,-0.5103012,0.14546332
8.111141,-4.2981462,-1.3146875,-0.5108589,0.14240074
8.098331,-4.2492266,-1.326771,-0.5114166,0.13933817
8.086095,-4.2000813,-1.3386092,-0.51197433,0.1362756
8.074423,-4.1507196,-1.3502016,-0.51271534,0.13084629
8.0633,-4.101118,-1.3613509,-0.51345634,0.125417
8.052709,-4.051289,-1.3720554,-0.5141974,0.11998769
8.042629,-4.0012436,-1.3823137,-0.51538324,0.11547275
8.033037,-3.9509554,-1.3922105,-0.5165691,0.1109578
8.023917,-3.9004326,-1.4017438,-0.5177549,0.106442854
8.015256,-3.849684,-1.4109116,-0.520002,0.1002583
8.007018,-3.798605,-1.4195862,-0.5222491,0.094073735
7.9991865,-3.7472043,-1.4277624,-0.523,0.08788918
7.99176,-3.6956382,-1.4354136,-0.523,0.08222965
7.984725,-3.6439917,-1.4425732,-0.523,0.07657012
7.978057,-3.592273,-1.449241,-0.523,0.070910595
7.971731,-3.5404894,-1.4554169,-0.523,0.068260804
7.965724,-3.4886582,-1.4613624,-0.523,0.065611005
7.9600244,-3.4367828,-1.4670773,-0.523,0.062961206
7.9546204,-3.384867,-1.4725618,-0.523,0.06284602
7.949501,-3.332922,-1.4780363,-0.523,0.062730834
7.9446664,-3.280949,-1.4835007,-0.523,0.06261565
7.9401155,-3.2289505,-1.4889551,-0.523,0.06703777
7.9358497,-3.1769426,-1.4947942,-0.523,0.07145988
7.9318886,-3.1249266,-1.5010178,-0.523,0.075882
7.9282527,-3.072904,-1.5076259,-0.523,0.07359824
7.9249597,-3.0208497,-1.5140355,-0.523,0.071314484
7.9220004,-2.9687667,-1.5202464,-0.523,0.069030724
7.919364,-2.916658,-1.5262588,-0.523,0.06554751
7.9170403,-2.864522,-1.5319682,-0.523,0.06206429
7.9150143,-2.812362,-1.5373747,-0.523,0.058581073
7.9132695,-2.760181,-1.5424781,-0.523,0.050997734
7.911791,-2.7079697,-1.5469215,-0.523,0.043414395
7.9105434,-2.6557338,-1.5507046,-0.523,0.035831057
7.9094934,-2.603478,-1.5538272,-0.523,0.037775658
7.9086065,-2.5512228,-1.5571193,-0.523,0.03972026
7.9078918,-2.498969,-1.5605806,-0.523,0.04166486
7.9073577,-2.4467173,-1.5642112,-0.523,0.041442484
7.907014,-2.3944633,-1.5678227,-0.523,0.041220106
7.9068584,-2.342208,-1.5714147,-0.523,0.040997725
7.906891,-2.2899518,-1.5749873,-0.50926805,0.049636416
7.907104,-2.239088,-1.5791986,-0.49553612,0.05827511
7.9075193,-2.1896205,-1.5840088,-0.4818042,0.0669138
7.9081545,-2.141552,-1.589378,-0.46011162,0.0898587
7.909006,-2.0957344,-1.5962596,-0.438419,0.11280361
7.9101152,-2.0521853,-1.6044847,-0.41672644,0.1357485
7.911506,-2.0109193,-1.6138841,-0.38935053,0.15155944
7.913164,-1.9724665,-1.6236814,-0.36197463,0.16737038
7.9150505,-1.9368247,-1.6337316,-0.33459872,0.1831813
7.91712,-1.9039898,-1.64389,-0.30721173,0.1977694
7.9193196,-1.8739479,-1.6539502,-0.27982476,0.21235749
7.9215918,-1.8466885,-1.6637799,-0.2524378,0.22694558
7.9238753,-1.8221983,-1.6732464,-0.2328687,0.24056578
7.9261885,-1.7997005,-1.6824932,-0.21329959,0.25418594
7.9284897,-1.7791846,-1.6914326,-0.19373047,0.26780614
7.930738,-1.7606379,-1.6999766,-0.18321492,0.28875768
7.933,-1.7432213,-1.708672,-0.17269936,0.30970922
7.935261,-1.7269291,-1.7174447,-0.1621838,0.3306608
7.9375024,-1.711754,-1.7262206,-0.15137316,0.32169908
7.9397254,-1.6975663,-1.7341975,-0.14056253,0.31273738
7.941901,-1.6843699,-1.7414051,-0.12975189,0.30377567
7.944003,-1.6721686,-1.7478738,-0.13196316,0.2889218
7.9462314,-1.6597171,-1.7541403,-0.13417444,0.27406797
7.9485865,-1.6470169,-1.7601926,-0.13638572,0.2592141
7.9510684,-1.6340697,-1.7660191,-0.13489884,0.2478883
7.953605,-1.6212406,-1.7715355,-0.13341196,0.23656248
7.956191,-1.6085314,-1.7767466,-0.13192506,0.22523665
7.958821,-1.5959438,-1.7816572,-0.13294736,0.2080414
7.9615436,-1.5832239,-1.7862338,-0.13396965,0.19084613
7.9643555,-1.5703743,-1.7904693,-0.13499194,0.17365086
7.9672527,-1.5573976,-1.7943566,-0.13594742,0.15467413
7.9702306,-1.5442995,-1.7978472,-0.13690291,0.1356974
7.9732842,-1.5310831,-1.800934,-0.1378584,0.11672067
7.9764075,-1.517752,-1.8036096,-0.13155438,0.099006556
7.979428,-1.5050143,-1.805777,-0.12525037,0.08129244
7.982334,-1.4928737,-1.807472,-0.11894636,0.06357833
7.985118,-1.481334,-1.8087316,-0.11310759,0.08532888
7.987774,-1.4703819,-1.8103381,-0.107268825,0.107079424
7.9903045,-1.4600209,-1.812249,-0.101430066,0.12882997
7.9927096,-1.4502537,-1.8144207,-0.10138493,0.13471594
7.995133,-1.4405038,-1.8166902,-0.1013398,0.1406019
7.9975758,-1.4307717,-1.8190572,-0.101294674,0.14648788
8.000038,-1.4210579,-1.8215214,-0.09817741,0.14962955
8.002446,-1.4116534,-1.8239607,-0.09506014,0.1527712
8.0048,-1.4025576,-1.8263717,-0.09194288,0.15591288
8.007096,-1.3937699,-1.8287512,-0.09147944,0.16272274
8.009398,-1.3850415,-1.8312212,-0.09101602,0.16953258
8.011708,-1.3763728,-1.8337806,-0.09055259,0.17634244
8.014027,-1.3677645,-1.8364282,-0.09207969,0.18905275
8.0164,-1.3590378,-1.8393123,-0.09360679,0.20176306
8.018833,-1.3501956,-1.8424387,-0.095133886,0.21447337
8.021328,-1.341241,-1.8458133,-0.09941493,0.23445462
8.023953,-1.3319349,-1.8496625,-0.10369597,0.25443587
8.026716,-1.3222868,-1.8540126,-0.107977,0.27441713
8.02962,-1.3123072,-1.8588892,-0.11689225,0.30697933
8.032786,-1.3016237,-1.8647764,-0.1258075,0.33954152
8.036223,-1.2902701,-1.8717598,-0.13472274,0.37210372
8.039944,-1.278284,-1.8799235,-0.1451791,0.3955016
8.04402,-1.2655218,-1.8892457,-0.15563545,0.4188995
8.048471,-1.2520188,-1.8997966,-0.1660918,0.4422974
8.053321,-1.237813,-1.9116449,-0.17319532,0.41887993
8.058611,-1.2229011,-1.9233859,-0.18029882,0.39546242
8.064356,-1.2072864,-1.934962,-0.18740234,0.37204492
8.070574,-1.190973,-1.9463161,-0.19099122,0.34930062
8.077156,-1.1742778,-1.9572103,-0.19458011,0.32655632
8.084102,-1.157207,-1.9676133,-0.198169,0.30381206
8.09141,-1.1397669,-1.977494,-0.19564839,0.2797659
8.098848,-1.1224966,-1.9864981,-0.1931278,0.25571975
8.106394,-1.1054032,-1.9946398,-0.19060719,0.23167363
