5.369498,-2.7411776,-2.373716,0.4288183,0.0
5.3386493,-2.7709637,-2.373716,0.44926053,-0.07151436
5.3064127,-2.80209,-2.3790662,0.4697028,-0.14302872
5.2727957,-2.8342032,-2.390225,0.4901451,-0.21454309
5.237799,-2.8668954,-2.407617,0.49961296,-0.18878828
5.201361,-2.8997662,-2.423244,0.5090808,-0.16303347
5.163541,-2.9328268,-2.4370158,0.5185487,-0.13727866
5.124405,-2.9660978,-2.4488428,0.523,-0.10918897
5.0844,-2.9993005,-2.4583414,0.523,-0.08109928
5.0439734,-3.0322099,-2.4654028,0.523,-0.05300959
5.0032387,-3.0648947,-2.4700215,0.523,-0.03461309
4.962321,-3.097417,-2.473038,0.523,-0.016216595
4.921285,-3.129831,-2.4744513,0.523,0.0021799027
4.880199,-3.1621914,-2.4742613,0.523,0.012993878
4.839122,-3.1945565,-2.4731288,0.523,0.023807853
4.79809,-3.2269619,-2.4710536,0.523,0.034621827
4.757138,-3.259442,-2.4680364,0.523,0.040482063
4.7162933,-3.2920387,-2.4645088,0.523,0.046342295
4.6755743,-3.3247705,-2.4604707,0.523,0.05220253
4.6349998,-3.3576572,-2.4559224,0.523,0.057012003
4.5945854,-3.3907192,-2.4509556,0.523,0.06182148
4.5543475,-3.4239721,-2.4455702,0.523,0.06663095
4.514302,-3.457431,-2.4397664,0.523,0.07128222
4.4744635,-3.4911108,-2.4335582,0.523,0.0759335
4.434849,-3.5250256,-2.426946,0.523,0.08058477
4.3954735,-3.5591893,-2.419929,0.523,0.08476861
4.3563523,-3.5936165,-2.412549,0.523,0.08895245
4.3175006,-3.6283188,-2.4048054,0.523,0.093136296
4.2789335,-3.6633074,-2.396699,0.523,0.09765191
4.240668,-3.6985924,-2.3882003,0.523,0.10216752
4.2027206,-3.734185,-2.3793104,0.523,0.10668313
4.1651087,-3.7700968,-2.3700287,0.5219705,0.11432581
4.1279373,-3.806254,-2.3601046,0.520941,0.12196848
4.0912323,-3.842673,-2.349541,0.5199115,0.12961115
4.0550203,-3.8793697,-2.3383415,0.5164031,0.13553298
4.0194917,-3.9161904,-2.3267121,0.5128946,0.14145482
3.9846609,-3.9531379,-2.3146605,0.50938606,0.14737664
3.9505424,-3.9902153,-2.3021939,0.5077265,0.14663997
3.9169948,-4.027597,-2.2898295,0.50606686,0.14590332
3.8840165,-4.065271,-2.277567,0.5044072,0.14516667
3.851606,-4.1032257,-2.265406,0.50330096,0.14589415
3.8197324,-4.141484,-2.253211,0.5021947,0.14662166
3.7884004,-4.1800385,-2.240983,0.50108844,0.14734915
3.7576134,-4.2188835,-2.2287216,0.50041115,0.14837985
3.7273507,-4.2580442,-2.2163918,0.49973384,0.14941055
3.697618,-4.2975154,-2.2039938,0.49905655,0.15044124
3.6684213,-4.3372917,-2.1915278,0.49856424,0.14785668
3.6397395,-4.377405,-2.1792865,0.49807194,0.14527212
3.6115682,-4.417842,-2.1672697,0.49757963,0.14268756
3.583902,-4.4585896,-2.1554766,0.4924284,0.13996103
3.5569887,-4.499251,-2.1440272,0.48727718,0.1372345
3.5308099,-4.539805,-2.1329172,0.48212594,0.13450795
3.5053456,-4.58023,-2.1221414,0.47329745,0.12241031
3.4807382,-4.620245,-2.1125093,0.46446896,0.11031266
3.4569354,-4.6598,-2.1039872,0.45564044,0.09821502
3.4338877,-4.69885,-2.0965407,0.45031062,0.07761718
3.4113564,-4.737683,-2.0907211,0.44498077,0.05701934
3.389285,-4.776238,-2.0864947,0.43965092,0.0364215
3.3676183,-4.81446,-2.0838265,0.43507048,0.026651412
3.346272,-4.8523526,-2.0818942,0.43049008,0.016881322
3.3252182,-4.889895,-2.0806832,0.42590964,0.0071112337
3.304431,-4.9270673,-2.0801783,0.42252058,0.0057159187
3.2838275,-4.9639544,-2.0797758,0.41913155,0.004320604
3.2634041,-5.0005546,-2.079474,0.4157425,0.0029252886
3.2431564,-5.0368648,-2.0792713,0.39983696,0.0037786842
3.2236907,-5.0717897,-2.0790195,0.38393143,0.0046320795
3.2050078,-5.1053305,-2.0787232,0.3680259,0.005485475
3.1871085,-5.137486,-2.0783865,0.35661262,-0.022821117
3.169779,-5.168643,-2.079743,0.34519935,-0.05112771
3.152981,-5.1987486,-2.082683,0.33378607,-0.0794343
3.136683,-5.227757,-2.0870976,0.32428265,-0.09315138
3.1207435,-5.255836,-2.0921247,0.31477922,-0.10686847
3.105156,-5.2829766,-2.0977209,0.30527583,-0.12058555
3.0899158,-5.3091717,-2.1038413,0.2968453,-0.11878442
3.0749376,-5.334558,-2.1097043,0.28841475,-0.11698329
3.0602374,-5.3591423,-2.1153147,0.2799842,-0.115182154
3.0458302,-5.3829327,-2.1206777,0.27350336,-0.10847866
3.0316212,-5.406114,-2.125613,0.26702255,-0.10177516
3.0176277,-5.428694,-2.1301343,0.26054174,-0.095071666
3.003865,-5.450678,-2.1342566,0.25303128,-0.07778475
2.9903913,-5.4720044,-2.1375337,0.24552086,-0.060497828
2.9772336,-5.49268,-2.1400077,0.23801044,-0.043210905
2.9644177,-5.5127096,-2.1417212,0.22811623,-0.009226853
2.9520905,-5.531903,-2.142072,0.21822202,0.0247572
2.9402947,-5.5502543,-2.1411717,0.20832783,0.058741253
2.9290657,-5.567759,-2.1391332,0.1948955,0.09616052
2.9186242,-5.584109,-2.1360145,0.18146317,0.13357979
2.9089916,-5.599296,-2.1319866,0.16803084,0.17099907
