6.2913165,4.8386087,1.2140952,-0.07950487,0.0
6.2885404,4.8311586,1.2140952,-0.10910079,0.07069874
6.2847404,4.8209605,1.2128108,-0.1386967,0.14139748
6.279929,4.8080997,1.2095531,-0.16829263,0.21209621
6.274114,4.79271,1.2036486,-0.19745764,0.28758693
6.267318,4.775037,1.1943141,-0.22662267,0.3630776
6.259529,4.7553353,1.1808999,-0.2557877,0.43856832
6.2507267,4.733916,1.1627967,-0.28322777,0.50402665
6.2408867,4.7111506,1.139999,-0.31066784,0.569485
6.2299604,4.6873775,1.1120803,-0.3381079,0.6349433
6.217907,4.66297,1.0786567,-0.36227053,0.6772495
6.2045674,4.6380887,1.0408204,-0.38643315,0.7195556
6.189875,4.6130123,0.99837387,-0.41059577,0.76186174
6.173783,4.5880394,0.9511369,-0.43250582,0.77186877
6.155783,4.562808,0.90085983,-0.45441586,0.7818758
6.135761,4.5375323,0.8474954,-0.4763259,0.79188275
6.1136136,4.5124483,0.790997,-0.49306822,0.7771934
6.088898,4.487455,0.7333671,-0.50981057,0.7625041
6.0615106,4.4627786,0.6746765,-0.523,0.7478148
6.031566,4.438826,0.61539984,-0.523,0.70711637
5.9991,4.415873,0.5587725,-0.523,0.6664179
5.964243,4.3940787,0.5048883,-0.523,0.6257194
5.9271407,4.373574,0.4538365,-0.523,0.57987666
5.887819,4.354393,0.40607607,-0.523,0.5340339
5.8464622,4.3366103,0.3617074,-0.523,0.4881911
5.8032603,4.320265,0.3208237,-0.523,0.44292235
5.7584186,4.3053637,0.28346565,-0.523,0.3976536
5.7121234,4.2918777,0.24970983,-0.523,0.3523849
5.66456,4.279747,0.21962537,-0.523,0.30201852
5.615826,4.2688684,0.19369783,-0.523,0.25165215
5.566121,4.2591186,0.17199294,-0.523,0.20128578
5.515633,4.2503486,0.15456577,-0.523,0.14508097
5.4644995,4.242381,0.14196387,-0.523,0.08887614
5.4129295,4.2350106,0.13422702,-0.523,0.032671325
5.361128,4.2280154,0.13137968,-0.52286756,-0.02427578
5.309307,4.2211676,0.13349497,-0.5227351,-0.081222884
5.2576694,4.2142334,0.14056353,-0.5226027,-0.13816999
5.2064176,4.206981,0.15255995,-0.52184266,-0.1760716
5.155637,4.1991735,0.16779456,-0.52108264,-0.21397321
5.105432,4.1906695,0.18623604,-0.5203226,-0.25187483
5.055913,4.181339,0.2078485,-0.5195992,-0.26200107
5.0068064,4.170983,0.23027907,-0.5188758,-0.2721273
4.9581475,4.1595755,0.25352308,-0.51815236,-0.28225356
4.9099736,4.1470933,0.27757576,-0.5169879,-0.27366218
4.8621035,4.133454,0.30086255,-0.5158234,-0.26507077
4.814559,4.1187015,0.3233849,-0.514659,-0.25647938
4.767357,4.102882,0.34514442,-0.5134406,-0.24666034
4.7205033,4.086036,0.3660386,-0.5122223,-0.23684128
4.67401,4.0682144,0.38606933,-0.5110039,-0.22702223
4.627885,4.0494666,0.40523854,-0.5091475,-0.22259194
4.582248,4.029889,0.42397165,-0.5072911,-0.21816164
4.5371065,4.009515,0.4422709,-0.5054347,-0.21373135
4.492466,3.9883747,0.46013868,-0.5021507,-0.21901177
4.4485483,3.9666083,0.478322,-0.49886674,-0.2242922
4.4053698,3.944221,0.49681467,-0.49558276,-0.22957262
4.362946,3.9212198,0.5156106,-0.49287584,-0.23384036
4.3212333,3.8975792,0.5346451,-0.49016896,-0.2381081
4.2802467,3.8733082,0.55391395,-0.48746207,-0.24237584
4.240001,3.848416,0.57341325,-0.4841634,-0.24726227
4.200566,3.822949,0.59316313,-0.4808647,-0.25214872
4.1619544,3.7969193,0.61315787,-0.47756603,-0.25703517
4.1241803,3.7703404,0.6333919,-0.47425053,-0.26158637
4.087255,3.7432253,0.65383315,-0.470935,-0.26613754
4.0511904,3.71559,0.6744763,-0.46761948,-0.27068874
4.0159974,3.687451,0.6953162,-0.4641292,-0.27349257
3.9816837,3.6588225,0.7162094,-0.46063894,-0.27629638
3.9482558,3.6297274,0.7371527,-0.45714867,-0.27910018
3.9157188,3.6001875,0.75814277,-0.45319223,-0.28295898
3.8841205,3.5702665,0.7792312,-0.4492358,-0.2868178
3.853465,3.5399868,0.8004127,-0.44527936,-0.29067656
3.8237562,3.5093722,0.8216823,-0.44173756,-0.29591107
3.7949817,3.47843,0.84315157,-0.4381958,-0.3
3.7671385,3.4471695,0.8647342,-0.43465403,-0.3
3.740196,3.415573,0.8861424,-0.4318105,-0.3
3.7141078,3.3836172,0.9074105,-0.42896697,-0.3
3.688872,3.351328,0.92853856,-0.42612347,-0.3
3.6644871,3.3187304,0.94952655,-0.4229534,-0.3
3.640968,3.2858744,0.97035843,-0.41978332,-0.3
3.6183095,3.2527854,0.9910342,-0.41661325,-0.3
3.5965056,3.2194886,1.0115538,-0.41403833,-0.3
3.5755203,3.1859598,1.0319465,-0.41146344,-0.3
3.555349,3.1522212,1.0522126,-0.40888852,-0.3
3.5359876,3.1182945,1.0723517,-0.4086069,-0.3
3.517326,3.0840085,1.092477,-0.40832525,-0.3
3.4993708,3.0493777,1.1125883,-0.4080436,-0.3
3.4821277,3.014417,1.1326859,-0.40815625,-0.3
3.4655857,2.979107,1.1527889,-0.4082689,-0.3
3.4497528,2.9434617,1.1728976,-0.40838155,-0.3
3.4346354,2.9074953,1.1930118,-0.4079762,-0.3
3.4202588,2.8712683,1.2131059,-0.40757084,-0.3
3.4066267,2.834796,1.2331802,-0.4071655,-0.3
3.393742,2.7980938,1.2532344,-0.4066564,-0.293604
3.3815875,2.7611146,1.2728491,-0.4061473,-0.28720796
3.3701532,2.7238798,1.2920244,-0.40563822,-0.28081194
3.3594282,2.6864095,1.3107605,-0.40590516,-0.27696753
3.3493896,2.6486785,1.3292589,-0.40617213,-0.2731231
3.3400342,2.6107023,1.3475192,-0.4064391,-0.26927865
3.331359,2.5724955,1.3655404,-0.4073564,-0.26376608
3.3233433,2.5339942,1.3832412,-0.4082737,-0.2582535
3.3159833,2.495213,1.4006195,-0.40919098,-0.25274095
3.3092735,2.4561663,1.4176732,-0.4108219,-0.24865542
3.3032002,2.4168134,1.4345238,-0.41245285,-0.24456991
3.2977636,2.3771665,1.451169,-0.41408378,-0.24048439
3.292964,2.3372371,1.4676062,-0.41473913,-0.23650691
3.288811,2.2971323,1.4838023,-0.41539446,-0.23252943
3.2852988,2.2568636,1.4997562,-0.41604978,-0.22855195
3.2824225,2.2164428,1.5154668,-0.41636884,-0.22860831
3.28018,2.1759512,1.5311933,-0.4166879,-0.22866465
3.278573,2.1353989,1.5469354,-0.41700697,-0.228721
3.277604,2.0947957,1.5626936,-0.41797286,-0.22553955
3.277274,2.0540583,1.5782723,-0.4189388,-0.22235811
3.2775795,2.0131972,1.5936705,-0.41990468,-0.21917665
3.278517,1.9722219,1.6088868,-0.42171037,-0.21775454
3.2800848,1.9310766,1.624071,-0.42351606,-0.21633244
3.2822876,1.8897709,1.6392223,-0.42532173,-0.21491033
3.2851286,1.8483144,1.6543396,-0.4278939,-0.21112844
3.28862,1.8066211,1.6692847,-0.43046606,-0.20734656
3.292762,1.7647005,1.6840544,-0.4330382,-0.20356466
3.297555,1.7225626,1.698645,-0.43639064,-0.20025316
3.3030078,1.6801447,1.7131126,-0.43974307,-0.19694166
3.3091245,1.6374564,1.7274534,-0.4430955,-0.19363016
3.3159082,1.5945073,1.7416637,-0.4461018,-0.18743052
3.323361,1.5513167,1.7555177,-0.44910815,-0.18123089
3.3314745,1.507893,1.769009,-0.45211446,-0.17503124
3.3402414,1.464244,1.7821307,-0.45521683,-0.16820236
3.3496556,1.4203632,1.7948321,-0.4583192,-0.16137347
3.3597057,1.3762573,1.8071054,-0.46142155,-0.15454458
3.3703794,1.3319321,1.8189431,-0.46381578,-0.14471161
3.381652,1.2874413,1.8300908,-0.46620998,-0.13487864
3.393497,1.242788,1.8405393,-0.46860418,-0.12504567
3.4058871,1.1979747,1.85028,-0.47109583,-0.11657547
3.4187946,1.1530004,1.8594123,-0.47358745,-0.10810527
3.4321954,1.1078655,1.8679286,-0.4760791,-0.09963507
3.446065,1.0625695,1.8758212,-0.4783866,-0.089623064
3.4603739,1.0171223,1.8829575,-0.48069412,-0.079611056
3.47509,0.97152084,1.8893288,-0.48300162,-0.06959905
3.4901798,0.9257614,1.894927,-0.48613086,-0.056021065
3.5056381,0.87975204,1.8994635,-0.48926008,-0.042443078
3.5214162,0.83348656,1.9029235,-0.4923893,-0.028865093
3.5374641,0.78695786,1.9052919,-0.4958651,-0.022332113
3.553739,0.7401313,1.9071374,-0.49934095,-0.015799135
3.570217,0.693001,1.9084523,-0.50281674,-0.009266156
3.5868733,0.64556056,1.9092288,-0.50799406,-0.005443567
3.603739,0.59764344,1.9096897,-0.5131713,-0.0016209781
3.620799,0.5492451,1.9098283,-0.5183486,0.0022016107
3.638038,0.50036097,1.909638,-0.523,-0.0009314477
3.6554222,0.45103472,1.9097192,-0.523,-0.0040645064
3.6728103,0.4017103,1.9100735,-0.523,-0.007197565
3.6902156,0.3523929,1.9107009,-0.523,0.0015004933
3.707652,0.30308524,1.9105701,-0.523,0.010198551
3.7250814,0.2537778,1.9096812,-0.523,0.01889661
3.7424648,0.20446111,1.9080341,-0.523,0.026203746
3.759764,0.15512401,1.9057503,-0.523,0.033510882
3.7769465,0.10575829,1.9028298,-0.523,0.040818017
3.7939804,0.056356017,1.8992728,-0.523,0.04708659
3.8108337,0.0069071096,1.89517,-0.523,0.053355165
3.827479,-0.04259493,1.8905214,-0.523,0.059623737
3.8438878,-0.09215624,1.8853272,-0.523,0.066513255
3.860032,-0.14178051,1.8795338,-0.523,0.07340278
3.875881,-0.19147348,1.8731413,-0.523,0.0802923
3.8914037,-0.24124035,1.8661499,-0.51340884,0.09583421
3.9062793,-0.29013276,1.8579621,-0.50381774,0.11137612
3.9204607,-0.33815205,1.8486292,-0.49422657,0.12691803
3.933907,-0.38529718,1.838203,-0.4737192,0.15161276
3.9462805,-0.43046138,1.8262784,-0.45321184,0.17630747
3.9575562,-0.47363174,1.8130299,-0.43270448,0.20100218
3.9677267,-0.51479316,1.7986315,-0.40762168,0.22152424
3.9767087,-0.5535316,1.7837046,-0.38253888,0.2420463
3.9845562,-0.58983177,1.7684228,-0.3574561,0.26256835
3.991334,-0.62368035,1.7529593,-0.33067876,0.2771013
3.9970958,-0.6549605,1.737882,-0.3039014,0.29163426
4.0019364,-0.68366206,1.7233192,-0.27712408,0.30616722
4.0059514,-0.70977896,1.7093979,-0.2510782,0.31514415
4.009249,-0.7334214,1.6964276,-0.22503231,0.3241211
4.0119224,-0.7545847,1.6844829,-0.19898644,0.33309805
4.0140553,-0.7732682,1.6736392,-0.17796387,0.3600632
4.015765,-0.78983545,1.6631887,-0.1569413,0.38702837
4.017106,-0.80430675,1.6533161,-0.1359187,0.4139935
4.0181317,-0.8167081,1.6442034,-0.12971456,0.4008505
4.0190077,-0.8286191,1.6357677,-0.1235104,0.3877075
4.01975,-0.8400293,1.6279851,-0.11730624,0.37456447
4.0203743,-0.8509288,1.6208321,-0.115257695,0.35821363
4.020914,-0.8617094,1.6140971,-0.11320914,0.34186277
4.0213757,-0.87236524,1.6077716,-0.11116059,0.3255119
4.021765,-0.88289034,1.6018469,-0.11151105,0.30937418
4.0220947,-0.89350694,1.5961884,-0.11186152,0.29323643
4.0223665,-0.9042121,1.5907995,-0.11221198,0.27709872
4.0225825,-0.9150031,1.5856832,-0.112587295,0.26340902
4.022744,-0.92587227,1.5807974,-0.11296261,0.24971934
4.022854,-0.93681765,1.5761447,-0.11333793,0.23602965
4.022913,-0.947837,1.5717274,-0.113248184,0.22117135
4.022923,-0.95888597,1.5675869,-0.11315845,0.20631303
4.0228877,-0.96996176,1.5637233,-0.11306871,0.19145472
4.022809,-0.98106176,1.5601375,-0.113378935,0.17632703
4.02269,-0.99222326,1.5568228,-0.11368917,0.16119935
4.0225334,-1.0034437,1.5537815,-0.1139994,0.14607166
4.0223413,-1.0147206,1.551016,-0.11460866,0.13763174
4.0221167,-1.0260708,1.5483954,-0.11521792,0.12919185
4.021861,-1.0374937,1.5459213,-0.11582718,0.12075194
4.021575,-1.0489886,1.543596,-0.11359108,0.10972462
4.021268,-1.0602752,1.5415229,-0.111354984,0.09869729
4.0209436,-1.0713518,1.5396941,-0.10911888,0.08766997
4.0206056,-1.0822165,1.5381017,-0.10695278,0.097759925
4.0202575,-1.092855,1.5363619,-0.10478669,0.10784988
4.019899,-1.1032666,1.534482,-0.10262059,0.117939845
4.019529,-1.1134506,1.5324695,-0.10507475,0.13820419
4.01913,-1.1238503,1.5300568,-0.10752891,0.15846851
4.0186977,-1.1344596,1.5272287,-0.109983064,0.17873286
4.018226,-1.1452725,1.5239699,-0.11524592,0.2084775
4.0176983,-1.1565351,1.5199945,-0.120508775,0.23822214
4.0171037,-1.1682307,1.515255,-0.12577163,0.26796678
4.0164304,-1.1803402,1.5097048,-0.13505986,0.30413342
4.0156436,-1.1932023,1.5029639,-0.14434808,0.34030008
4.0147214,-1.206778,1.4949341,-0.15363632,0.37646675
4.0136385,-1.2210246,1.4855204,-0.16369611,0.40896413
4.012359,-1.2359898,1.4746711,-0.17375591,0.4414615
4.0108514,-1.251627,1.4622979,-0.1838157,0.47395888
4.0090804,-1.2678862,1.4483153,-0.18660423,0.44260758
4.0070205,-1.2846221,1.4349949,-0.18939276,0.4112563
4.00467,-1.3018224,1.4223763,-0.19218129,0.37990502
4.002031,-1.319474,1.4104985,-0.19286664,0.35847914
3.9991481,-1.3373032,1.3992206,-0.193552,0.33705327
3.9960294,-1.355301,1.3885524,-0.19423737,0.3156274
3.992683,-1.3734596,1.3785034,-0.19191243,0.2912951
3.9891698,-1.3915035,1.3693174,-0.1895875,0.26696283
3.9855103,-1.4094207,1.3609818,-0.18726256,0.24263054
3.9817243,-1.4271998,1.3534833,-0.18399563,0.22796473
3.9778597,-1.4447018,1.346553,-0.18072869,0.21329892
3.973932,-1.4619229,1.3401767,-0.17746176,0.1986331
