-2.0603068,0.58277386,-3.0111966,0.38680628,0.0
-2.098659,0.57774436,-3.0111966,0.41089705,-0.09988548
-2.1391969,0.5724282,-3.0180256,0.4349878,-0.19977096
-2.1815054,0.5671735,-3.0324125,0.45907855,-0.29965645
-2.2251065,0.56239414,-3.0549986,0.47973856,-0.3
-2.2707658,0.5584304,-3.0786273,0.5003986,-0.3
-2.318476,0.5554223,-3.1032736,0.52105856,-0.3
-2.3682182,0.5535153,-3.1289375,0.523,-0.3
-2.418178,0.552883,3.1284883,0.523,-0.3
-2.468138,0.5535377,3.1027288,0.523,-0.3
-2.5180643,0.55547905,3.0769694,0.49497834,-0.20048575
-2.5664694,0.5586115,3.0605404,0.46695668,-0.100971505
-2.6127748,0.5623729,3.0526958,0.43893504,-0.0014572621
-2.6564949,0.56626976,3.052589,0.41258568,0.09762826
-2.6973946,0.5699196,3.0592918,0.3862363,0.19671378
-2.735145,0.5730336,3.0718732,0.35988694,0.29579931
-2.7694871,0.57543176,3.089358,0.3382094,0.393613
-2.8006792,0.57706255,3.1109767,0.31653187,0.4914267
-2.8285735,0.5779168,3.1358712,0.2948543,0.58924043
-2.853086,0.57805705,-3.1200042,0.27903548,0.6802492
-2.8747737,0.5775888,-3.0907526,0.2632166,0.77125806
-2.8936229,0.57662964,-3.060174,0.24739778,0.8622669
-2.9096682,0.57532036,-3.028865,0.27681664,0.7622673
-2.9295626,0.5730682,-2.997005,0.30623552,0.6622677
-2.9534602,0.5695886,-2.9656208,0.33565438,0.5622681
-2.9814196,0.5646171,-2.9357975,0.36488673,0.46227244
-3.0133893,0.5579434,-2.9086752,0.39411905,0.36227676
-3.049248,0.5494369,-2.8853958,0.4233514,0.26228112
-3.0888007,0.5390759,-2.867101,0.45053428,0.16237253
-3.131597,0.5270245,-2.854962,0.47771713,0.06246393
-3.1773305,0.51354474,-2.849992,0.5049,-0.03744466
-3.225655,0.49903974,-2.8531423,0.523,-0.13560726
-3.2753341,0.4842987,-2.8649263,0.523,-0.23376985
-3.3242767,0.47040153,-2.8851182,0.523,-0.3
-3.3726065,0.45772704,-2.9108777,0.523,-0.3
-3.4212468,0.44630158,-2.9366372,0.523,-0.3
-3.470165,0.4361327,-2.9623969,0.523,-0.3
-3.519329,0.42722717,-2.9881563,0.523,-0.3
-3.5687063,0.41959092,-3.0139158,0.523,-0.3
-3.6182637,0.413229,-3.0396752,0.523,-0.3
-3.6679685,0.40814558,-3.065435,0.523,-0.2853386
-3.7180083,0.40432727,-3.0899708,0.523,-0.27067724
-3.768337,0.4017269,-3.1132777,0.523,-0.25601584
-3.818912,0.40029448,-3.1353507,0.523,-0.21617323
-3.8699937,0.39997563,3.1291378,0.523,-0.17633061
-3.9214787,0.4006169,3.1138473,0.523,-0.13648799
-3.9732726,0.4020543,3.101987,0.5196347,-0.03668288
-4.0251603,0.40411043,3.0988107,0.51626945,0.063122235
-4.0766373,0.40631407,3.1042385,0.51290417,0.16292736
-4.127213,0.40820417,3.1181047,0.523,0.26277116
-4.177704,0.40939033,3.1407468,0.523,0.362615
-4.226603,0.40943167,-3.1115186,0.523,0.4624588
-4.273388,0.40802425,-3.0726292,0.523,0.36432353
-4.3221393,0.40465686,-3.0415704,0.523,0.26618826
-4.372345,0.39961836,-3.0186405,0.523,0.16805299
-4.423519,0.3932945,-3.0040607,0.523,0.0966834
-4.4750834,0.38615772,-2.9956465,0.523,0.025313806
-4.5268106,0.37855425,-2.9934402,0.523,-0.046055783
-4.5784826,0.37084237,-2.9974532,0.523,-0.0149122
-4.6302347,0.36333078,-2.998753,0.523,0.016231382
-4.6819954,0.35588664,-2.9973383,0.523,0.047374964
-4.733694,0.34837672,-2.9932103,0.523,0.06759216
-4.785301,0.34066242,-2.987323,0.523,0.08780935
-4.836781,0.33265704,-2.9796789,0.523,0.10802654
-4.888096,0.32427505,-2.970281,0.523,0.12213266
-4.9392467,0.3154256,-2.9596612,0.523,0.13623878
-4.9902067,0.3060507,-2.9478226,0.523,0.1503449
-5.040949,0.2960934,-2.9347668,0.523,0.15652455
-5.091509,0.28548467,-2.9211788,0.523,0.1627042
-5.1418695,0.27420115,-2.9070587,0.523,0.16888386
-5.1920137,0.26222008,-2.8924077,0.523,0.1780511
-5.241897,0.24952607,-2.8769693,0.523,0.18721834
-5.291495,0.23608625,-2.8607454,0.523,0.19638559
-5.34078,0.22186892,-2.843737,0.523,0.19857982
-5.3897943,0.20682201,-2.826541,0.523,0.20077406
-5.4385214,0.19094157,-2.8091574,0.523,0.2029683
-5.486943,0.17422405,-2.7915866,0.523,0.20559464
-5.5350375,0.15666789,-2.7737916,0.523,0.20822099
-5.5827856,0.13826886,-2.7557726,0.523,0.21084735
-5.630168,0.11902323,-2.7375295,0.523,0.21116796
-5.677188,0.09891785,-2.7192593,0.523,0.21148859
-5.7238297,0.07795823,-2.7009616,0.523,0.21180922
-5.770077,0.056150246,-2.6826367,0.523,0.2106914
-5.815928,0.033493057,-2.664407,0.523,0.2095736
-5.861369,0.009998227,-2.6462724,0.523,0.20845577
-5.9063873,-0.014322506,-2.6282334,0.523,0.21112296
-5.9509344,-0.03943706,-2.609967,0.523,0.21379015
-5.99499,-0.06534618,-2.5914733,0.523,0.21645734
-6.038533,-0.09205001,-2.5727525,0.523,0.21721552
-6.0815616,-0.11955969,-2.553967,0.523,0.21797371
-6.1240587,-0.14786802,-2.535117,0.523,0.2187319
-6.166008,-0.17696747,-2.5162024,0.523,0.22054042
-6.207382,-0.20684303,-2.4971342,0.523,0.22234894
-6.248163,-0.23748958,-2.4779122,0.523,0.22415747
-6.2883306,-0.2689014,-2.4585364,0.523,0.24284048
-6.327707,-0.30094287,-2.437576,0.523,0.2615235
-6.3662167,-0.33364475,-2.415039,0.523,0.2802065
-6.4037848,-0.3670325,-2.3909326,0.523,0.29375997
-6.44039,-0.4011792,-2.3656933,0.523,0.3073134
-6.4759727,-0.43609187,-2.3393254,0.523,0.32086688
-6.51047,-0.4717731,-2.311834,0.523,0.3300898
-6.543869,-0.5082753,-2.2835808,0.523,0.33931276
-6.5761204,-0.5455865,-2.2545683,0.523,0.34853572
-6.607173,-0.5836916,-2.2247992,0.523,0.3487674
-6.637075,-0.62270075,-2.1950107,0.523,0.3489991
-6.665799,-0.66257983,-2.1652033,0.523,0.3492308
-6.6933203,-0.7032938,-2.1353772,0.523,0.3465024
-6.7196407,-0.7448515,-2.1057744,0.523,0.343774
-6.7447443,-0.7872116,-2.0763955,0.523,0.3410456
-6.768616,-0.83033276,-2.0472407,0.523,0.3420793
-6.791212,-0.87411535,-2.018001,0.523,0.34311303
-6.812511,-0.91852343,-1.9886763,0.523,0.3441468
-6.832491,-0.9635203,-1.9592669,0.523,0.34438607
-6.8511376,-1.0090814,-1.9298377,0.523,0.34462535
-6.868434,-1.0551673,-1.900389,0.523,0.34486464
-6.8843646,-1.1017386,-1.8709207,0.523,0.33334178
-6.8989754,-1.1489506,-1.8423995,0.523,0.3218189
-6.9122863,-1.1967468,-1.8148293,0.523,0.310296
-6.9243193,-1.2450736,-1.7882137,0.523,0.30444303
-6.935082,-1.2937938,-1.7620845,0.523,0.2985901
-6.9445853,-1.342868,-1.7364424,0.523,0.29273713
-6.952842,-1.3922576,-1.7112885,0.523,0.2914198
-6.959857,-1.4418589,-1.6862444,0.523,0.29010245
-6.96563,-1.4916399,-1.6613103,0.523,0.2887851
-6.9701614,-1.541569,-1.6364863,0.523,0.2926119
-6.9734488,-1.5915378,-1.6113427,0.523,0.2964387
-6.9754763,-1.6415156,-1.5858799,0.523,0.3002655
-6.9762297,-1.6914699,-1.5600983,0.523,0.29944173
-6.975695,-1.7414397,-1.5343853,0.523,0.29861793
-6.9738755,-1.791392,-1.5087409,0.523,0.29779413
-6.970775,-1.8412938,-1.4831651,0.523,0.2962734
-6.9663973,-1.8911233,-1.4577161,0.523,0.2947527
-6.96075,-1.9408481,-1.4323939,0.523,0.29323193
-6.9538426,-1.9904369,-1.4071985,0.523,0.29355326
-6.945689,-2.0398312,-1.3819765,0.523,0.2938746
-6.936293,-2.0889993,-1.3567275,0.523,0.29419592
-6.92566,-2.13791,-1.3314518,0.523,0.2877288
-6.913771,-2.1866302,-1.3067161,0.523,0.28126165
-6.900656,-2.2351332,-1.2825214,0.523,0.27479452
-6.8863454,-2.2833939,-1.2588688,0.523,0.26664153
-6.870862,-2.3314111,-1.2359009,0.523,0.25848854
-6.8542438,-2.3791645,-1.2136195,0.523,0.25033554
-6.836528,-2.4266365,-1.1920257,0.523,0.23845479
-6.8177357,-2.4738543,-1.1714368,0.523,0.22657403
-6.7979198,-2.5208075,-1.1518557,0.523,0.21469328
-6.777133,-2.5674877,-1.133285,0.523,0.20592111
-6.755442,-2.6138606,-1.1154622,0.523,0.19714895
-6.732888,-2.6599221,-1.0983884,0.523,0.1883768
-6.7095113,-2.70567,-1.0820652,0.523,0.18058799
-6.685355,-2.7510962,-1.0664093,0.523,0.1727992
-6.6604567,-2.7962015,-1.0514219,0.523,0.1650104
-6.6348505,-2.840988,-1.0371037,0.523,0.16468121
-6.608605,-2.8854058,-1.0228137,0.523,0.16435203
-6.5817256,-2.9294462,-1.0085521,0.523,0.16402283
-6.5542192,-2.9731014,-0.99431884,0.523,0.15902683
-6.5260715,-3.0163958,-0.9805153,0.523,0.15403083
-6.4973063,-3.0593314,-0.967142,0.523,0.14903481
-6.467947,-3.1019108,-0.9541992,0.523,0.15048766
-6.438046,-3.1440976,-0.9411311,0.523,0.1519405
-6.4076023,-3.185881,-0.92793787,0.523,0.15339333
-6.3766174,-3.2272494,-0.91461945,0.523,0.1490254
-6.345063,-3.268229,-0.9016774,0.523,0.14465746
-6.3129606,-3.308823,-0.88911206,0.523,0.14028953
-6.28033,-3.3490357,-0.87692356,0.523,0.13888106
-6.2472053,-3.3888555,-0.86485666,0.523,0.13747257
-6.213596,-3.4282804,-0.85291135,0.523,0.1360641
-6.179511,-3.4673085,-0.84108764,0.523,0.13323267
-6.144954,-3.505946,-0.82950854,0.523,0.13040122
-6.109939,-3.544195,-0.81817406,0.523,0.1275698
-6.0744796,-3.5820584,-0.8070844,0.523,0.12821901
-6.0386057,-3.6195233,-0.79593855,0.523,0.12886822
-6.0023193,-3.6565828,-0.7847366,0.523,0.12951744
-5.965623,-3.6932304,-0.7734785,0.523,0.12588257
-5.928499,-3.7294796,-0.76253474,0.523,0.12224768
-5.890964,-3.7653365,-0.7519053,0.523,0.11861281
-5.853033,-3.800808,-0.74159044,0.523,0.116750106
-5.8147297,-3.835894,-0.73143685,0.523,0.11488741
-5.776064,-3.8705971,-0.7214445,0.523,0.11302471
-5.737045,-3.9049194,-0.7116135,0.523,0.108768806
-5.697672,-3.9388723,-0.7021512,0.523,0.10451291
-5.657961,-3.9724667,-0.6930577,0.523,0.100257
-5.617929,-4.005713,-0.68433326,0.523,0.10016234
-5.5776076,-4.038609,-0.67561704,0.523,0.100067675
-5.537001,-4.0711527,-0.66690904,0.523,0.09997301
-5.4961123,-4.103342,-0.6582092,0.52249867,0.102576494
-5.454995,-4.135135,-0.6492922,0.52199733,0.10517998
-5.413647,-4.166522,-0.6401584,0.521496,0.10778346
-5.372066,-4.197491,-0.6308085,0.52006143,0.10661377
-5.330307,-4.22799,-0.621585,0.51862687,0.10544409
-5.2883787,-4.2580233,-0.6124875,0.51719236,0.1042744
-5.246291,-4.2875953,-0.6035155,0.5160474,0.09917144
-5.204011,-4.3167396,-0.5949999,0.51490253,0.094068475
-5.161558,-4.3454723,-0.58693916,0.51375765,0.08896551
-5.11895,-4.3738127,-0.5793314,0.51187605,0.08274018
-5.076261,-4.40174,-0.57228065,0.5099945,0.076514855
-5.033513,-4.4292784,-0.5657833,0.50811297,0.07028952
-4.9907255,-4.4564495,-0.55983573,0.5055024,0.06627938
-4.947986,-4.4832354,-0.5542557,0.50289184,0.06226924
-4.9053087,-4.5096517,-0.54904,0.5002813,0.0582591
-4.8627057,-4.5357156,-0.5441851,0.49835506,0.058411103
-4.820142,-4.5614724,-0.53933626,0.49642888,0.058563106
-4.7776184,-4.5869236,-0.5344936,0.4945027,0.058715113
-4.735139,-4.6120706,-0.5296573,0.49395216,0.05301538
-4.6925716,-4.6369915,-0.52529484,0.49340165,0.04731565
-4.6499314,-4.6617064,-0.52140534,0.4928511,0.041615922
-4.607232,-4.686234,-0.5179879,0.4890255,0.034352206
-4.5647697,-4.710433,-0.51518863,0.48519987,0.027088493
-4.5225635,-4.73433,-0.51299834,0.48137426,0.019824779
-4.4806304,-4.757951,-0.5114079,0.47571126,0.011240023
-4.4391484,-4.781231,-0.51051676,0.47004822,0.0026552677
-4.398137,-4.8041987,-0.51030874,0.4643852,-0.0059294878
-4.357616,-4.8268814,-0.5107677,0.44916245,-0.0054457127
-4.318433,-4.848838,-0.51117533,0.4339397,-0.0049619377
-4.2805867,-4.870066,-0.5115342,0.41871694,-0.0044781626
-4.244075,-4.890563,-0.5118467,0.39816782,-0.0054512084
-4.2093616,-4.910064,-0.51220846,0.37761873,-0.0064242543
-4.1764464,-4.928571,-0.51261276,0.35706964,-0.0073973
-4.14533,-4.9460835,-0.513053,0.33564714,-0.014655495
-4.11609,-4.9625564,-0.5138728,0.3142246,-0.021913689
-4.0887322,-4.9779987,-0.5150204,0.2928021,-0.029171884
-4.063261,-4.9924145,-0.5164437,0.27322468,-0.0335908
-4.0395155,-5.0058985,-0.5179731,0.2536473,-0.038009714
-4.0174937,-5.018448,-0.5195796,0.23406988,-0.04242863
-3.9971943,-5.0300593,-0.5212343,0.21743254,-0.042097896
-3.9783552,-5.040877,-0.5227594,0.2007952,-0.04176716
-3.9609725,-5.0508933,-0.52415675,0.18415786,-0.041436426
-3.9450428,-5.0601025,-0.52542824,0.17187797,-0.04427619
-3.930188,-5.068715,-0.52669615,0.15959808,-0.04711595
-3.9164064,-5.076729,-0.527949,0.14731818,-0.049955714
-3.9036963,-5.084141,-0.529175,0.1352124,-0.063763306
-3.8920484,-5.090953,-0.530611,0.12310663,-0.07757089
-3.8814623,-5.097164,-0.53220093,0.11100084,-0.09137848
-3.8719373,-5.102773,-0.5338891,0.10550133,-0.10300384
-3.8629036,-5.1081133,-0.5356971,0.10000182,-0.114629194
-3.8543606,-5.1131845,-0.53760344,0.09450231,-0.12625454
-3.8463082,-5.1179852,-0.5395867,0.09081535,-0.12601487
-3.8385787,-5.122614,-0.541489,0.08712839,-0.1257752
-3.8311713,-5.127069,-0.54331064,0.08344143,-0.12553553
-3.8240848,-5.131349,-0.5450519,0.08481903,-0.12002356
-3.816884,-5.135715,-0.5467445,0.08619662,-0.11451159
-3.8095694,-5.1401668,-0.548386,0.087574214,-0.10899961
-3.8021402,-5.1447053,-0.5499738,0.08590168,-0.09497986
-3.7948499,-5.1491747,-0.5513316,0.08422914,-0.08096011
-3.7876985,-5.1535726,-0.55246687,0.082556605,-0.06694035
-3.7806869,-5.157895,-0.5533872,0.08450655,-0.044888794
-3.7735047,-5.162332,-0.5540192,0.086456485,-0.022837233
-3.766154,-5.1668797,-0.5543483,0.08840642,-0.0007856727
-3.7586374,-5.171533,-0.55435985,0.084377825,0.028868746
-3.7514663,-5.175973,-0.55395395,0.08034924,0.058523167
-3.7446446,-5.1801925,-0.5531707,0.07632064,0.088177584
-3.738176,-5.184187,-0.5520505,0.078496434,0.11948349
-3.7315402,-5.188274,-0.55049103,0.080672234,0.15078941
-3.7247427,-5.192446,-0.5484713,0.08284803,0.18209532
-3.71779,-5.1966944,-0.5459708,0.07627442,0.18478528
-3.7113824,-5.2005873,-0.5436351,0.06970081,0.18747525
-3.7055216,-5.2041297,-0.54146993,0.0631272,0.19016522
-3.7002096,-5.2073245,-0.5394812,0.06911777,0.21069923
-3.6944106,-5.2107964,-0.53707194,0.07510834,0.23123325
-3.688129,-5.2145367,-0.5342031,0.08109892,0.25176728
-3.681369,-5.218536,-0.5308359,0.08212434,0.2475224
-3.6745026,-5.2225666,-0.52748245,0.08314976,0.24327753
-3.6675293,-5.226629,-0.52414423,0.084175184,0.23903267
-3.660449,-5.230722,-0.52082264,0.08655753,0.2438241
-3.653163,-5.2349014,-0.5173399,0.088939875,0.24861553
-3.6456707,-5.239165,-0.51369244,0.09132222,0.25340694
