-2.147864,8.626264,-1.8286059,0.42739952,0.0
-2.1587613,8.584936,-1.8286059,0.40935808,0.099155165
-2.1691473,8.5455475,-1.821852,0.39131662,0.19831033
-2.178678,8.508386,-1.809003,0.3732752,0.2974655
-2.187099,8.473705,-1.7907686,0.38373744,0.3712589
-2.1949017,8.4388075,-1.767566,0.39419967,0.44505233
-2.2018578,8.403914,-1.7392818,0.40466192,0.51884574
-2.2077503,8.369271,-1.705838,0.4110409,0.5412671
-2.2124934,8.334364,-1.6705418,0.41741988,0.5636884
-2.216007,8.299254,-1.6333699,0.42379886,0.58610976
-2.2182148,8.264017,-1.5943011,0.42355576,0.6002273
-2.219036,8.2290745,-1.5544282,0.42331263,0.6143448
-2.21847,8.194489,-1.5137603,0.4230695,0.62846226
-2.216519,8.16032,-1.4723065,0.41985592,0.62373865
-2.2131681,8.126406,-1.4314353,0.41664234,0.619015
-2.2084544,8.092801,-1.3911437,0.41342875,0.61429137
-2.2024174,8.059561,-1.3514284,0.41041192,0.58034223
-2.1949487,8.026061,-1.3139229,0.40739506,0.54639304
-2.1861053,7.9923954,-1.2786418,0.40437824,0.5124439
-2.1759546,7.9586453,-1.2455969,0.4049606,0.47540358
-2.164451,7.924527,-1.2147052,0.40554297,0.43836325
-2.15165,7.890111,-1.186016,0.40612534,0.4013229
-2.137617,7.8554587,-1.1595747,0.4045407,0.36452103
-2.1225088,7.8208137,-1.1355381,0.402956,0.32771912
-2.1064227,7.78622,-1.1139206,0.40137136,0.29091722
-2.0894604,7.751713,-1.094733,0.3955921,0.27823687
-2.0720282,7.7179046,-1.076624,0.38981286,0.26555654
-2.0541873,7.68479,-1.0595732,0.3840336,0.2528762
-2.0359962,7.652362,-1.0435597,0.37925956,0.24943182
-2.0175045,7.6206007,-1.0279561,0.3744855,0.24598745
-1.9987421,7.5895004,-1.0127573,0.36971146,0.24254306
-1.979738,7.5590563,-0.9979583,0.3694692,0.25578132
-1.9603635,7.5290174,-0.9823789,0.3692269,0.26901957
-1.940607,7.499409,-0.96602297,0.36898464,0.28225785
-1.9204575,7.4702563,-0.94889444,0.36895168,0.3078892
-1.8999739,7.441679,-0.9302594,0.36891872,0.33352056
-1.8791412,7.41373,-0.9101305,0.3688858,0.35915193
-1.8579491,7.3864617,-0.88852113,0.36764583,0.38924026
-1.8365009,7.3600616,-0.8652684,0.36640587,0.41932863
-1.8148003,7.334585,-0.8404049,0.36516595,0.44941697
-1.7928569,7.3100843,-0.8139644,0.36614177,0.473765
-1.7704859,7.2863975,-0.78612304,0.36711758,0.498113
-1.7476977,7.263576,-0.7568901,0.3680934,0.522461
-1.7245082,7.2416725,-0.72627616,0.37411115,0.53366935
-1.700427,7.2202826,-0.694558,0.38012892,0.5448777
-1.6754497,7.199476,-0.6617204,0.3861467,0.55608606
-1.6495754,7.179323,-0.6277481,0.39076763,0.548438
-1.6225868,7.1597385,-0.59379333,0.3953886,0.54078996
-1.5944924,7.140773,-0.5598681,0.40000957,0.5331419
-1.5653026,7.122478,-0.52598447,0.40173748,0.53838885
-1.5354741,7.105161,-0.49165243,0.4034654,0.54363585
-1.5050341,7.0888605,-0.4568703,0.40519333,0.5488828
-1.474012,7.0736113,-0.4216364,0.40641943,0.55889183
-1.4425719,7.0595093,-0.3857193,0.40764555,0.56890094
-1.4107513,7.046588,-0.3491191,0.40887165,0.57891
-1.378591,7.0348806,-0.311836,0.41080907,0.5805837
-1.345898,7.024342,-0.27428037,0.41274646,0.5822574
-1.3127131,7.0150046,-0.23645142,0.41468388,0.583931
-1.2790786,7.0069003,-0.19834834,0.41583043,0.5828984
-1.2450428,7.0000596,-0.16019964,0.416977,0.5818658
-1.210653,6.9945025,-0.122005686,0.41812354,0.58083314
-1.1759574,6.990248,-0.083766855,0.4184519,0.56231064
-1.1406795,6.987286,-0.04658444,0.41878027,0.5437882
-1.104881,6.9856176,-0.010472914,0.41910863,0.5252657
-1.0686221,6.9852376,0.024553595,0.41976327,0.51772696
-1.032158,6.986133,0.059177507,0.4204179,0.5101882
-0.9955343,6.988303,0.09339543,0.42107254,0.5026494
-0.95879614,6.991744,0.12720397,0.42101786,0.4997335
-0.92214155,6.9964323,0.16082868,0.42096317,0.49681756
-0.8856121,7.0023584,0.1942693,0.42090845,0.49390158
-0.8492487,7.009513,0.22752562,0.4219907,0.5161163
-0.8134923,7.0177917,0.26223478,0.4230729,0.53833103
-0.7784105,7.0272083,0.29838663,0.42415512,0.56054574
-0.74407345,7.0377693,0.3359702,0.4243619,0.5870392
-0.7107171,7.0494175,0.37514576,0.42456868,0.61353254
-0.67841774,7.0621367,0.41588733,0.42477545,0.6400259
-0.64725155,7.0759015,0.4581678,0.42110333,0.6798359
-0.6178809,7.090386,0.50228995,0.41743124,0.71964586
-0.59036595,7.1054993,0.54814607,0.4137591,0.7594558
-0.5647558,7.1211357,0.5956268,0.40937147,0.7964705
-0.54106045,7.137195,0.64440286,0.40498382,0.8334852
-0.51929355,7.153551,0.69436973,0.4005962,0.8704999
-0.4994549,7.1700706,0.7454224,0.39825454,0.8836972
-0.48089293,7.187205,0.79673684,0.3959129,0.89689445
-0.46362197,7.204872,0.8482974,0.39357123,0.91009176
-0.4476509,7.22299,0.9000888,0.3999709,0.8870958
-0.43194783,7.242782,0.9517677,0.40637055,0.8640999
-0.41663712,7.2642727,1.0032759,0.41277024,0.841104
-0.4018456,7.287476,1.0545543,0.42738682,0.8103737
-0.38730532,7.3130937,1.1061645,0.44200343,0.77964354
-0.3732201,7.341195,1.1579545,0.45662,0.74891335
-0.3598018,7.3718295,1.2097689,0.47183016,0.7095907
-0.34715796,7.4053164,1.2610036,0.4870403,0.670268
-0.33552226,7.4416666,1.3114282,0.50225043,0.6309453
-0.32512107,7.4808655,1.3608085,0.5113995,0.63293725
-0.31652597,7.5211935,1.4112253,0.5205486,0.63492924
-0.30986667,7.562571,1.4626833,0.523,0.63692117
-0.30532986,7.604371,1.5145234,0.523,0.5932818
-0.30289102,7.647665,1.5632569,0.523,0.54964244
-0.3025548,7.6922607,1.6087912,0.523,0.506003
-0.30429247,7.7379737,1.6510396,0.523,0.5047045
-0.307962,7.7836056,1.6931889,0.523,0.50340587
-0.31355506,7.829075,1.7352391,0.523,0.50210726
-0.32105994,7.874301,1.7771902,0.523,0.46222317
-0.33065316,7.9201193,1.8160613,0.523,0.42233905
-0.34223646,7.966396,1.8517904,0.523,0.3824549
-0.35569197,8.013015,1.884321,0.52130175,0.4249016
-0.37034,8.058194,1.920137,0.51960343,0.46734828
-0.38621774,8.101781,1.9591525,0.5179052,0.50979495
-0.40333542,8.14362,2.0012753,0.51531655,0.45916378
-0.42261255,8.185599,2.0393398,0.512728,0.40853262
-0.44386122,8.227581,2.0732877,0.5101394,0.35790145
-0.46687323,8.269456,2.1030722,0.5122211,0.35788918
-0.49122113,8.310795,2.1329772,0.51430285,0.35787687
-0.5168983,8.351553,2.1630027,0.51638454,0.3578646
-0.54389644,8.391684,2.1931489,0.522932,0.32112238
-0.57282233,8.432,2.2206578,0.523,0.2843802
-0.6031968,8.471968,2.2451136,0.523,0.24763799
-0.6348549,8.511575,2.2664795,0.523,0.20982435
-0.6676393,8.55084,2.2846353,0.523,0.17201073
-0.7013769,8.589788,2.299555,0.523,0.1341971
