-6.9187613,2.2897577,-0.7195192,0.63147724,0.0
-6.871267,2.248142,-0.7195192,0.523,0.0925502
-6.832099,2.2138226,-0.7114634,0.50346494,0.1851004
-6.7946177,2.1815107,-0.69602,0.48392984,0.27765062
-6.758903,2.151671,-0.6739127,0.494247,0.34148976
-6.722513,2.1226087,-0.64632624,0.5045641,0.40532893
-6.6854978,2.094683,-0.61316615,0.51488125,0.46916807
-6.647939,2.0682552,-0.5743661,0.52193314,0.40714842
-6.6077027,2.0422165,-0.53991914,0.523,0.34512874
-6.565488,2.0169163,-0.5104291,0.523,0.2831091
-6.521671,1.9923822,-0.48607975,0.5202883,0.27255046
-6.4773664,1.9689734,-0.46273714,0.5175766,0.2619918
-6.4326324,1.9466573,-0.44039467,0.51486486,0.25143316
-6.387523,1.925399,-0.4190456,0.5097208,0.23971021
-6.342293,1.905252,-0.39887583,0.5045768,0.22798726
-6.296999,1.8861622,-0.37986866,0.49943274,0.21626431
-6.2516966,1.8680747,-0.36200708,0.49224982,0.2069024
-6.2066436,1.8510133,-0.3451533,0.48506692,0.19754048
-6.1618857,1.8349208,-0.32928693,0.477884,0.18817857
-6.117463,1.8197403,-0.3143873,0.4682501,0.18134525
-6.073663,1.8054979,-0.30031225,0.4586162,0.17451195
-6.0305195,1.7921371,-0.28704086,0.4489823,0.16767865
-5.9880624,1.7796041,-0.2745521,0.437702,0.16713709
-5.9465184,1.7679026,-0.2624161,0.42642167,0.16659553
-5.905906,1.7569938,-0.2506308,0.41514137,0.16605397
-5.8662424,1.7468393,-0.23919421,0.40314808,0.17388235
-5.8276663,1.7374319,-0.22756961,0.39115477,0.18171072
-5.7901864,1.7287524,-0.21578851,0.37916148,0.1895391
-5.753813,1.7207793,-0.20388246,0.36722952,0.20051914
-5.718571,1.7134929,-0.19169177,0.35529754,0.2114992
-5.684469,1.7068745,-0.17926075,0.34336555,0.22247924
-5.651516,1.7009032,-0.16663356,0.33358014,0.22861749
-5.619476,1.6955142,-0.15403362,0.3237947,0.23475575
-5.5883574,1.6906826,-0.1414809,0.31400925,0.240894
-5.558168,1.6863827,-0.12899531,0.30717972,0.24038242
-5.5285807,1.6825448,-0.11680672,0.30035022,0.23987083
-5.4996047,1.6791447,-0.104913995,0.2935207,0.23935924
-5.4712462,1.6761585,-0.093316,0.28770483,0.23539393
-5.443391,1.6735517,-0.08213263,0.281889,0.23142862
-5.416046,1.6713006,-0.071356565,0.27607313,0.2274633
-5.3892183,1.669383,-0.0609805,0.27111474,0.21998636
-5.362809,1.6677706,-0.05112022,0.26615635,0.21250942
-5.3368263,1.6664412,-0.041764226,0.26119792,0.2050325
-5.311276,1.6653736,-0.03290095,0.2573673,0.19880351
-5.28606,1.6645436,-0.024429427,0.25353667,0.19257453
-5.2611823,1.6639357,-0.01634218,0.24970604,0.18634556
-5.236647,1.6635348,-0.008631716,0.24640815,0.17899016
-5.212401,1.6633254,-0.0013201309,0.24311025,0.17163473
-5.188447,1.6632938,0.0056001362,0.23981236,0.16427933
-5.164789,1.6634263,0.012136678,0.23757282,0.15697438
-5.1413255,1.6637111,0.018326657,0.23533328,0.14966941
-5.118059,1.6641375,0.02417513,0.23309372,0.14236444
-5.0949926,1.6646953,0.029687177,0.23153506,0.13546711
-5.072061,1.6653762,0.034898765,0.22997639,0.12856978
-5.0492673,1.666172,0.039813202,0.22841771,0.12167244
-5.0266123,1.6670744,0.044433806,0.22720842,0.11484126
-5.0040636,1.6680771,0.04877307,0.22599915,0.108010076
-4.981622,1.6691725,0.052833527,0.22478986,0.1011789
-4.959289,1.6703535,0.05661773,0.22420484,0.094656244
-4.937005,1.6716166,0.060149513,0.22361983,0.08813359
-4.91477,1.6729556,0.063430004,0.22303481,0.08161093
-4.8925853,1.6743647,0.06646031,0.22251771,0.07520644
-4.8704457,1.6758382,0.06924681,0.22200061,0.06880196
-4.848351,1.6773707,0.07179049,0.22148351,0.06239748
-4.8263025,1.6789563,0.07409233,0.22169083,0.058216732
-4.804232,1.6805946,0.07624213,0.22189815,0.054035984
-4.782139,1.6822822,0.078239575,0.22210547,0.04985524
-4.7600236,1.684016,0.08008433,0.22326937,0.044800747
-4.7377906,1.6858003,0.08175088,0.22443329,0.039746255
-4.71544,1.6876316,0.083237216,0.22559719,0.034691762
-4.6929717,1.6895062,0.08454135,0.22750942,0.028860431
-4.670312,1.6914264,0.085635535,0.22942166,0.0230291
-4.6474595,1.6933882,0.086516015,0.2313339,0.01719777
-4.6244164,1.6953868,0.08717906,0.233668,0.011049122
-4.6011395,1.6974212,0.08760935,0.2360021,0.004900473
-4.57763,1.6994861,0.087802105,0.23833619,-0.0012481749
-4.5538883,1.7015761,0.08775252,0.24109118,-0.0069060205
-4.5298724,1.703689,0.08747503,0.24384616,-0.012563867
-4.5055833,1.7058191,0.086964436,0.24660115,-0.018221712
-4.4810205,1.7079606,0.086215556,0.24969128,-0.023862416
-4.456151,1.7101101,0.08522262,0.25278142,-0.029503118
-4.4309754,1.7122607,0.08397982,0.25587153,-0.035143822
-4.405494,1.7144058,0.082481414,0.25930366,-0.04026709
-4.379673,1.7165403,0.08074165,0.26273578,-0.04539036
-4.353512,1.7186573,0.078754716,0.2661679,-0.050513633
-4.3270116,1.7207485,0.07651482,0.26989102,-0.054044466
-4.300141,1.7228086,0.07408498,0.2736141,-0.057575304
-4.2728996,1.7248305,0.071460865,0.27733722,-0.061106138
-4.2452884,1.726807,0.06863812,0.28119186,-0.065244205
-4.217295,1.7287314,0.0655826,0.2850465,-0.069382265
-4.18892,1.730595,0.062289048,0.2889011,-0.07352033
-4.160164,1.7323885,0.05875222,0.29297474,-0.078494996
-4.131007,1.7341036,0.05492331,0.29704836,-0.08346966
-4.1014504,1.7357285,0.05079569,0.30112198,-0.08844432
-4.0714946,1.7372514,0.04636272,0.3055114,-0.09266774
-4.041107,1.7386613,0.041650962,0.30990082,-0.09689116
-4.010289,1.7399457,0.036654346,0.31429026,-0.10111458
-3.9790416,1.7410915,0.031366814,0.3189819,-0.10711466
-3.9473417,1.7420862,0.02568309,0.32367352,-0.113114744
-3.915192,1.742912,0.019594053,0.32836518,-0.11911483
-3.8825943,1.7435509,0.0130905965,0.33463255,-0.12841637
-3.8494093,1.7439853,0.005948216,0.3408999,-0.13771792
-3.8156428,1.7441862,-0.0018517439,0.34716725,-0.14701946
-3.7813005,1.7441225,-0.010327856,0.3538145,-0.16368252
-3.746394,1.743762,-0.019937022,0.36046177,-0.18034557
-3.7109394,1.7430551,-0.030713,0.36710903,-0.19700862
-3.6749556,1.7419496,-0.04268912,0.37321773,-0.21846424
-3.638554,1.7403946,-0.056170404,0.37932643,-0.23991984
-3.601766,1.7383261,-0.07119329,0.38543513,-0.26137546
-3.564626,1.7356775,-0.08779331,0.39029714,-0.29137042
-3.5273855,1.7323996,-0.10647978,0.39515913,-0.3
-3.4898481,1.7283875,-0.12594269,0.4000211,-0.3
-3.4519353,1.7235872,-0.14564508,0.404645,-0.3
-3.4136875,1.7179768,-0.1655752,0.4092689,-0.3
-3.3751233,1.7115326,-0.18573308,0.41389278,-0.3
-3.3362627,1.7042307,-0.20611869,0.41983798,-0.3
-3.297003,1.696022,-0.22679713,0.42578322,-0.3
-3.257368,1.6868755,-0.24776839,0.43172842,-0.3
-3.217383,1.6767607,-0.26903245,0.43807855,-0.3
-3.1770372,1.6656367,-0.2906093,0.44442868,-0.3
-3.1363595,1.6534709,-0.31249893,0.45077878,-0.3
-3.0953808,1.6402313,-0.3347013,0.45632613,-0.3
-3.0542052,1.625911,-0.3571769,0.46187344,-0.3
-3.0128655,1.6104838,-0.3799257,0.46742076,-0.3
-2.9713955,1.5939236,-0.40294775,0.47228038,-0.3
-2.9298904,1.5762311,-0.42620915,0.47713998,-0.3
-2.8883853,1.5573862,-0.4497099,0.48199958,-0.3
-2.8469164,1.5373693,-0.47345,0.48549294,-0.3
-2.8056374,1.5162214,-0.49736217,0.48898628,-0.3
-2.7645826,1.4939334,-0.5214464,0.49247965,-0.3
-2.7237868,1.470497,-0.5457027,0.49515283,-0.3
-2.6833534,1.4459455,-0.5700906,0.49782598,-0.3
-2.6433156,1.4202775,-0.5946102,0.5004991,-0.3
-2.6037078,1.3934925,-0.6192615,0.503772,-0.3
-2.5645175,1.3655578,-0.64407396,0.50704485,-0.3
-2.525782,1.3364717,-0.66904765,0.5103177,-0.3
-2.48754,1.3062334,-0.6941825,0.51412034,-0.3
-2.4497907,1.2748113,-0.71950465,0.517923,-0.3
-2.412576,1.242204,-0.74501413,0.52172565,-0.3
-2.375938,1.2084117,-0.7707108,0.523,-0.3
-2.340093,1.1736045,-0.79647034,0.523,-0.3
-2.3051562,1.1378855,-0.82222986,0.523,-0.3
-2.2711513,1.1012785,-0.8479894,0.523,-0.3
-2.2381005,1.0638078,-0.8737489,0.523,-0.3
-2.2060256,1.0254984,-0.8995084,0.523,-0.3
-2.1749482,0.9863754,-0.92526793,0.523,-0.3
-2.1448889,0.94646496,-0.95102745,0.523,-0.3
-2.1158674,0.90579355,-0.9767869,0.523,-0.3
-2.087903,0.86438817,-1.0025464,0.523,-0.3
-2.0610144,0.82227623,-1.028306,0.523,-0.3
-2.0352194,0.7794857,-1.0540655,0.523,-0.3
-2.0105352,0.73604494,-1.079825,0.523,-0.3
-1.9869779,0.69198287,-1.1055845,0.523,-0.3
-1.9645635,0.6473286,-1.131344,0.523,-0.3
-1.9433066,0.6021118,-1.1571035,0.523,-0.3
-1.9232212,0.55636257,-1.182863,0.523,-0.3
-1.9043211,0.51011115,-1.2086226,0.523,-0.3
-1.8866184,0.46338832,-1.234382,0.523,-0.3
-1.870125,0.416225,-1.2601416,0.523,-0.3
-1.8548518,0.3686525,-1.2859011,0.523,-0.3
-1.8408091,0.32070237,-1.3116606,0.523,-0.3
-1.828006,0.2724065,-1.3374201,0.523,-0.3
-1.8164512,0.22379687,-1.3631796,0.523,-0.3
-1.8061521,0.17490575,-1.3889391,0.523,-0.3
-1.7971158,0.12576559,-1.4146986,0.523,-0.3
-1.7893482,0.076408975,-1.4404582,0.523,-0.3
-1.7828544,0.026868673,-1.4662176,0.523,-0.3
-1.7776387,-0.022822453,-1.4919772,0.523,-0.3
-1.7737046,-0.07263143,-1.5177367,0.523,-0.3
-1.7710549,-0.122525215,-1.5434961,0.523,-0.3
-1.769691,-0.17247069,-1.5692557,0.523,-0.3
-1.769614,-0.22243473,-1.5950152,0.523,-0.3
-1.770824,-0.27238417,-1.6207747,0.523,-0.3
-1.7733201,-0.3222859,-1.6465342,0.523,-0.3
-1.7771006,-0.37210676,-1.6722938,0.523,-0.3
-1.7821631,-0.42181373,-1.6980532,0.523,-0.3
-1.7885042,-0.4713738,-1.7238128,0.523,-0.3
-1.7961198,-0.5207541,-1.7495723,0.523,-0.3
-1.8050047,-0.56992185,-1.7753317,0.523,-0.3
-1.815153,-0.6188445,-1.8010913,0.523,-0.3
-1.826558,-0.66748947,-1.8268508,0.523,-0.3
-1.8392122,-0.7158246,-1.8526103,0.523,-0.3
-1.8531072,-0.7638177,-1.8783698,0.523,-0.3
-1.8682337,-0.8114371,-1.9041294,0.523,-0.3
-1.8845816,-0.858651,-1.9298888,0.523,-0.3
-1.9021403,-0.9054282,-1.9556484,0.523,-0.3
-1.9208978,-0.95173764,-1.9814079,0.523,-0.3
-1.940842,-0.9975485,-2.0071673,0.523,-0.3
-1.9619595,-1.0428306,-2.0329268,0.523,-0.3
-1.9842364,-1.0875536,-2.0586865,0.523,-0.3
-2.0076578,-1.1316881,-2.084446,0.523,-0.3
-2.032208,-1.1752048,-2.1102054,0.523,-0.3
-2.057871,-1.2180746,-2.1359649,0.523,-0.3
-2.0846298,-1.2602692,-2.1617246,0.523,-0.3
-2.1124663,-1.3017606,-2.187484,0.523,-0.3
-2.1413624,-1.3425212,-2.2132435,0.523,-0.3
-2.1712987,-1.382524,-2.239003,0.523,-0.26430202
-2.2025774,-1.4221505,-2.261774,0.523,-0.22860405
-2.2350407,-1.4614056,-2.2815275,0.523,-0.19290608
-2.2685275,-1.5003078,-2.2982385,0.523,-0.16115078
-2.3028545,-1.5388633,-2.3122246,0.523,-0.12939547
-2.3378797,-1.5771124,-2.3234723,0.523,-0.09764017
-2.3734612,-1.6151024,-2.3319697,0.523,-0.07038377
-2.409447,-1.6528752,-2.3380997,0.523,-0.04312738
-2.4457197,-1.690485,-2.341858,0.523,-0.015870988
-2.482163,-1.7279884,-2.3432412,0.523,0.0011393189
-2.5186625,-1.765446,-2.3431418,0.523,0.018149626
-2.5551522,-1.802901,-2.34156,0.523,0.035159934
-2.5915663,-1.8403966,-2.3384957,0.523,0.046412267
-2.6278486,-1.8779866,-2.3344517,0.523,0.057664596
-2.6639574,-1.9157008,-2.329428,0.523,0.06891693
-2.6998506,-1.9535688,-2.3234255,0.523,0.080936134
-2.735484,-1.9916173,-2.3163784,0.523,0.092955336
-2.7708108,-2.029876,-2.3082874,0.523,0.104974546
-2.8057857,-2.068373,-2.2991538,0.523,0.11487868
-2.8403692,-2.1071455,-2.2891622,0.523,0.124782816
-2.8745232,-2.1462152,-2.2783136,0.523,0.13468695
-2.9082077,-2.1856022,-2.2666087,0.523,0.1450776
-2.9413803,-2.2253225,-2.254007,0.523,0.15546826
-2.9739983,-2.2653944,-2.24051,0.523,0.1658589
-3.0060186,-2.305835,-2.2261188,0.523,0.17889759
-3.0373824,-2.3466392,-2.210608,0.523,0.19193627
-3.0680344,-2.3878243,-2.1939802,0.523,0.20497495
-3.097919,-2.4294043,-2.176238,0.523,0.21914993
-3.1269722,-2.4713793,-2.157288,0.523,0.23332492
-3.155133,-2.513759,-2.1371338,0.523,0.24749991
-3.1823392,-2.5565486,-2.1157796,0.523,0.25565603
-3.2085705,-2.5998187,-2.093737,0.523,0.26381218
-3.233787,-2.6435614,-2.0710073,0.523,0.2719683
-3.2579486,-2.6877668,-2.0475917,0.523,0.27752823
-3.2810326,-2.7324557,-2.0237098,0.523,0.28308818
-3.3030074,-2.7776108,-1.9993623,0.523,0.2886481
-3.3238425,-2.823213,-1.9745498,0.523,0.28757337
-3.343546,-2.8693328,-1.949827,0.523,0.28649864
-3.3621092,-2.91594,-1.9251941,0.523,0.2854239
-3.3795242,-2.9630055,-1.9006511,0.523,0.28403053
-3.3957858,-3.0105035,-1.8762246,0.523,0.28263712
-3.4108884,-3.058404,-1.8519148,0.523,0.2812437
-3.424828,-3.1066768,-1.8277216,0.523,0.27787927
-3.437608,-3.1553197,-1.8038104,0.523,0.2745148
-3.4492326,-3.2043009,-1.7801812,0.523,0.27115032
-3.4597063,-3.2535894,-1.7568345,0.523,0.26632607
-3.4690392,-3.303175,-1.7338932,0.523,0.26150182
-3.4772425,-3.3530264,-1.7113578,0.523,0.25667757
-3.4843297,-3.403114,-1.689229,0.523,0.25346833
-3.4903119,-3.4533885,-1.6673708,0.523,0.25025913
-3.4951978,-3.503823,-1.6457835,0.523,0.2470499
-3.498997,-3.5543926,-1.6244675,0.523,0.24106838
-3.5017214,-3.605107,-1.6036572,0.523,0.23508684
-3.5033925,-3.6559412,-1.5833538,0.523,0.22910532
-3.5040321,-3.7068706,-1.5635576,0.523,0.22645122
-3.503663,-3.757834,-1.5439869,0.523,0.22379711
-3.5022962,-3.8088114,-1.5246418,0.523,0.221143
-3.4999418,-3.8597834,-1.5055221,0.523,0.2177276
-3.496611,-3.91074,-1.4866931,0.523,0.2143122
-3.4923182,-3.9616628,-1.4681549,0.523,0.21089679
-3.4870782,-4.0125346,-1.4499078,0.523,0.21062972
-3.4809105,-4.063306,-1.4316833,0.523,0.21036264
-3.473818,-4.113959,-1.4134816,0.523,0.21009557
-3.4658046,-4.164477,-1.3953028,0.523,0.20497918
-3.4568646,-4.2148957,-1.3775603,0.523,0.19986278
-3.447021,-4.2652006,-1.3602546,0.523,0.19474638
-3.4362974,-4.3153787,-1.3433863,0.523,0.19395454
-3.4247272,-4.365377,-1.3265858,0.523,0.1931627
-3.4123168,-4.415181,-1.309853,0.523,0.19237086
-3.3990726,-4.4647784,-1.2931879,0.523,0.18969749
-3.3849967,-4.514174,-1.2767515,0.523,0.18702413
-3.3701031,-4.5633564,-1.2605441,0.523,0.18435076
-3.3544066,-4.6123157,-1.2445657,0.523,0.18389311
-3.3379283,-4.6610217,-1.2286266,0.523,0.18343547
-3.3206744,-4.709463,-1.2127266,0.523,0.18297781
-3.302651,-4.7576284,-1.1968659,0.523,0.18307896
-3.2838662,-4.805501,-1.1809965,0.523,0.18318011
-3.2643247,-4.8530684,-1.1651185,0.523,0.18328126
-3.2440305,-4.900318,-1.1492318,0.523,0.18278575
-3.2229865,-4.9472446,-1.1333876,0.523,0.18229026
-3.2011995,-4.9938354,-1.1175858,0.523,0.18179475
-3.178677,-5.040081,-1.1018264,0.523,0.17630416
-3.1554058,-5.086011,-1.0865381,0.523,0.17081356
-3.1314116,-5.131624,-1.0717211,0.523,0.16532297
-3.1067214,-5.1769185,-1.057376,0.523,0.16198462
-3.08137,-5.221879,-1.043318,0.523,0.15864627
-3.055375,-5.266503,-1.0295473,0.523,0.15530792
-3.0287542,-5.310788,-1.016064,0.523,0.1486819
-3.0015109,-5.354755,-1.0031515,0.523,0.14205588
-2.973675,-5.3984084,-0.99081063,0.523,0.13542986
-2.9452765,-5.4417553,-0.97904176,0.51967895,0.12961459
-2.916531,-5.4845247,-0.9678468,0.5163579,0.12379933
-2.8874738,-5.52673,-0.9572199,0.51303685,0.117984064
-2.8581388,-5.568384,-0.94715494,0.50925714,0.1100372
-2.8285782,-5.609473,-0.9378342,0.5054774,0.102090344
-2.7988331,-5.650017,-0.9292484,0.5016978,0.09414348
-2.7689426,-5.690033,-0.9213881,0.49809784,0.08920027
-2.7389417,-5.729546,-0.9139928,0.4944979,0.08425707
-2.7088554,-5.768569,-0.9070569,0.49089795,0.07931387
-2.6787078,-5.807115,-0.9005745,0.48517793,0.065546535
-2.6486354,-5.845056,-0.89527804,0.47945789,0.051779203
-2.6186948,-5.882422,-0.89114225,0.47373787,0.03801187
-2.5889409,-5.919242,-0.8881417,0.46874017,0.023228109
-2.5593781,-5.9556017,-0.8863272,0.4637425,0.008444345
-2.5300584,-5.9915295,-0.88567454,0.45874482,-0.0063394187
-2.5010312,-6.027051,-0.88615924,0.451502,-0.009301746
-2.4724798,-6.062025,-0.8868592,0.4442592,-0.012264073
-2.4444113,-6.0964565,-0.8877672,0.43701637,-0.0152263995
-2.4168324,-6.1303506,-0.8888762,0.43151644,-0.026049178
-2.389644,-6.163841,-0.89074945,0.42601654,-0.03687196
-2.3628728,-6.196943,-0.8933669,0.42051664,-0.047694735
-2.3365452,-6.2296715,-0.8967083,0.41481715,-0.0521876
-2.3106883,-6.262036,-0.90031475,0.4091177,-0.05668046
-2.285308,-6.2940397,-0.9041775,0.4034182,-0.06117332
-2.26041,-6.325686,-0.908288,0.39094633,-0.08503949
-2.23645,-6.3563986,-0.9138223,0.37847444,-0.10890566
-2.2134726,-6.3861904,-0.9206784,0.36600256,-0.13277183
-2.191514,-6.415068,-0.9287538,0.35837287,-0.15659603
-2.1703162,-6.4434185,-0.93806887,0.35074314,-0.18042023
-2.1499116,-6.471244,-0.9485586,0.34311345,-0.20424443
-2.130329,-6.4985447,-0.9601574,0.32959214,-0.19652063
-2.1117942,-6.5250278,-0.9708833,0.31607085,-0.1887968
-2.094267,-6.5506525,-0.9807699,0.30254954,-0.18107298
-2.0777087,-6.575381,-0.98985064,0.29683727,-0.17427345
-2.0616646,-6.599819,-0.9984289,0.29112497,-0.16747391
-2.046117,-6.623949,-1.0065169,0.2854127,-0.1606744
-2.0310497,-6.647755,-1.0141271,0.27758417,-0.14851831
-2.0165446,-6.6710634,-1.020973,0.26975563,-0.13636222
-2.0025797,-6.6938496,-1.0270847,0.2619271,-0.12420614
-1.9891343,-6.7160926,-1.032493,0.25670117,-0.110710606
-1.9760543,-6.7379975,-1.0372199,0.25147527,-0.097215064
-1.9633242,-6.7595468,-1.041288,0.24624933,-0.08371952
-1.9509295,-6.7807255,-1.04472,0.23998992,-0.052557282
-1.9388952,-6.8014507,-1.0468212,0.2337305,-0.021395046
-1.9272038,-6.821683,-1.0476546,0.22747107,0.009767192
-1.9158398,-6.841387,-1.0472844,0.21777219,0.051924698
-1.9049674,-6.8602223,-1.0454005,0.2080733,0.09408221
-1.8945776,-6.8781433,-1.0421427,0.19837442,0.13623971
