-3.5195422,5.6857247,1.1612824,0.12910895,0.0
-3.5144014,5.6975684,1.1612824,0.15751041,0.09734766
-3.5081596,5.7119484,1.163834,0.18591188,0.19469532
-3.5009398,5.7286987,1.1698287,0.21431336,0.292043
-3.4929292,5.747595,1.1801125,0.24174047,0.38940638
-3.4844124,5.768274,1.1954081,0.26916757,0.4867698
-3.4756901,5.7904077,1.216393,0.29659468,0.5841332
-3.467104,5.8136115,1.2436539,0.32321787,0.68170136
-3.459039,5.8373785,1.2775979,0.34984106,0.7792695
-3.451846,5.861205,1.3185736,0.37646425,0.8768377
-3.445837,5.884521,1.3668063,0.4005058,0.9256229
-3.4409583,5.908106,1.42014,0.42454737,0.97440803
-3.4373794,5.9316807,1.4786829,0.44858897,1.0
-3.43515,5.9558153,1.5415953,0.47306404,0.9069969
-3.434299,5.984949,1.6036974,0.49753907,0.8139938
-3.4354227,6.0190916,1.6639855,0.52201414,0.72099066
-3.4390714,6.0581326,1.7214183,0.523,0.6273227
-3.445425,6.0999956,1.7725832,0.523,0.5336547
-3.4544494,6.1441097,1.8169235,0.523,0.4399867
-3.4659786,6.1900024,1.8540502,0.523,0.35536072
-3.4796822,6.237081,1.884378,0.523,0.27073476
-3.4952276,6.2850184,1.9076897,0.523,0.18610877
-3.512217,6.333526,1.9238187,0.523,0.115571156
-3.5301785,6.3822737,1.9338703,0.523,0.045033544
-3.548734,6.431114,1.9377943,0.523,-0.025504064
-3.567494,6.4799156,1.9355716,0.523,-0.059469976
-3.5861182,6.5286884,1.9303907,0.523,-0.09343588
-3.6044421,6.57743,1.9222581,0.523,-0.1274018
-3.6223016,6.6261344,1.911183,0.523,-0.15784779
-3.639545,6.674821,1.897481,0.523,-0.1882938
-3.6560316,6.7234793,1.8811648,0.523,-0.21873981
-3.671624,6.772094,1.8622497,0.523,-0.23987815
-3.6862218,6.820754,1.8415402,0.523,-0.2610165
-3.6997354,6.869442,1.8190458,0.523,-0.28215486
-3.7120779,6.9181337,1.7947763,0.523,-0.26889408
-3.7232769,6.967295,1.7716192,0.523,-0.2556333
-3.7333705,7.0168786,1.7495784,0.523,-0.24237254
-3.7423992,7.0668406,1.7286577,0.523,-0.23760766
-3.75039,7.117039,1.7081406,0.523,-0.23284277
-3.7573574,7.1674485,1.6880274,0.523,-0.2280779
-3.7633162,7.2180443,1.6683185,0.5229672,-0.22428629
-3.7682805,7.2687893,1.6489329,0.5229345,-0.22049466
-3.7722638,7.3196607,1.6298709,0.5229017,-0.21670304
-3.7752786,7.370639,1.6111326,0.5024182,-0.21671405
-3.7772572,7.419666,1.5931275,0.48193467,-0.21672505
-3.7783082,7.46672,1.5758556,0.46145114,-0.21673605
-3.7785363,7.511785,1.559317,0.45866144,-0.23338908
-3.778024,7.5564046,1.5416374,0.45587173,-0.2500421
-3.7767363,7.6005554,1.5228369,0.45308203,-0.26669514
-3.774641,7.6442113,1.5029356,0.45056552,-0.26977795
-3.7716963,7.687538,1.4829217,0.44804904,-0.27286074
-3.7679095,7.7305193,1.4627978,0.44553253,-0.27594352
-3.763289,7.773137,1.4425665,0.44104546,-0.27859172
-3.7578664,7.815193,1.4223518,0.43655837,-0.28123993
-3.7516632,7.8566723,1.4021575,0.43207127,-0.28388813
-3.7447016,7.897562,1.3819877,0.42716852,-0.28454262
-3.7370067,7.9378324,1.362002,0.42226577,-0.28519708
-3.7286074,7.9774733,1.3422015,0.417363,-0.28585154
-3.7195332,8.016475,1.3225873,0.41567704,-0.2550131
-3.7096517,8.055465,1.3051109,0.41399106,-0.22417465
-3.6990535,8.094412,1.2897724,0.41230512,-0.19333622
-3.6878316,8.133287,1.2765695,0.40603754,-0.2385332
-3.67639,8.171045,1.2605798,0.39976993,-0.28373018
-3.6646743,8.207592,1.241928,0.39350235,-0.3
-3.652533,8.243171,1.2225467,0.41313058,-0.3
-3.6390646,8.280269,1.2021986,0.4327588,-0.3
-3.6241682,8.318835,1.1808838,0.45238706,-0.3
-3.6077406,8.358809,1.1586022,0.46715474,-0.3
-3.5898614,8.399701,1.1355933,0.48192242,-0.3
-3.5704513,8.441449,1.1118569,0.49669012,-0.3
-3.5494308,8.48399,1.0873933,0.5132994,-0.3
-3.5266385,8.527408,1.0621116,0.523,-0.3
-3.5023046,8.571046,1.036352,0.523,-0.3
-3.4768546,8.614042,1.0105926,0.523,-0.25017542
-3.4499297,8.656969,0.98901236,0.523,-0.2003508
-3.4217649,8.699791,0.971665,0.523,-0.15052621
