5.306085,4.3623176,-2.9688532,0.5918688,0.0
5.2477794,4.3521447,-2.9688532,0.523,0.099998094
5.196515,4.3432,-2.9601514,0.49711114,0.19999619
5.1485944,4.3344088,-2.9436915,0.47122228,0.2999943
5.1044555,4.3255577,-2.9204826,0.45543736,0.39994055
5.063527,4.3163576,-2.8909276,0.43965244,0.4998868
5.0261474,4.3067865,-2.8558047,0.42386752,0.5998331
4.9925795,4.296923,-2.8159256,0.42842788,0.6947984
4.961398,4.2863936,-2.77021,0.4329882,0.7897638
4.9329934,4.275331,-2.7189596,0.43754855,0.88472915
4.9077134,4.263962,-2.6625347,0.45437115,0.8712462
4.881751,4.250477,-2.6045923,0.47119373,0.85776335
4.8552675,4.2347093,-2.545192,0.48801634,0.8442804
4.8284464,4.216501,-2.4843938,0.4995319,0.7915299
4.8006535,4.195056,-2.4251635,0.5110474,0.7387794
4.7721605,4.170245,-2.367808,0.522563,0.6860289
4.743239,4.141988,-2.3126369,0.523,0.65690184
4.7152567,4.111455,-2.259407,0.523,0.62777483
4.688359,4.078772,-2.2082102,0.523,0.5986478
4.6626463,4.0440507,-2.1590896,0.52184546,0.5870274
4.638535,4.0079064,-2.1109154,0.520691,0.5754069
4.6160707,3.9704406,-2.063691,0.51953644,0.5637865
4.595292,3.9317546,-2.0174184,0.5199199,0.5358024
4.5759826,3.891434,-1.9731791,0.52030325,0.50781834
4.5581784,3.8496008,-1.931011,0.5206866,0.47983426
4.5418983,3.8063765,-1.89095,0.51913714,0.4704146
4.5273347,3.7624528,-1.851733,0.51758766,0.46099496
4.5144825,3.7179146,-1.813359,0.5160382,0.4515753
4.50333,3.6728427,-1.7758273,0.5172278,0.4230763
4.4937277,3.6266682,-1.7404345,0.5184175,0.3945773
4.485648,3.5794969,-1.7072197,0.5196071,0.3660783
4.4790497,3.53143,-1.6762202,0.5187058,0.36648375
4.4739537,3.4832728,-1.6452419,0.5178044,0.36688924
4.470359,3.4350724,-1.6142846,0.51690304,0.3672947
4.4682617,3.3868754,-1.5833486,0.5189833,0.33380437
4.467646,3.3378456,-1.5550088,0.52106357,0.30031404
4.468432,3.2880774,-1.5293186,0.523,0.2668237
4.470524,3.2376716,-1.5063354,0.5212679,0.28287682
4.473748,3.1877205,-1.4820861,0.5195358,0.2989299
4.478147,3.138266,-1.4565858,0.5178037,0.314983
4.4837575,3.089354,-1.4298497,0.52118415,0.26548445
4.490823,3.0395603,-1.4070586,0.523,0.21598592
4.49915,2.9891586,-1.3883779,0.523,0.1664874
4.5085063,2.9384377,-1.3739327,0.5181264,0.2135037
4.5184107,2.8887794,-1.3556355,0.5132528,0.26052
4.528999,2.8403296,-1.3336012,0.5083792,0.30753633
4.5403843,2.7932334,-1.3079525,0.5151544,0.22920947
4.553419,2.7447884,-1.2884448,0.5219296,0.15088262
4.5677958,2.6952317,-1.2753694,0.523,0.07255576
4.582983,2.645329,-1.2690506,0.5139809,0.13073945
4.5981274,2.5966718,-1.2578828,0.50496185,0.18892315
4.613395,2.5494826,-1.2420775,0.49594277,0.24710684
4.628919,2.5039697,-1.2218595,0.503361,0.16471949
4.6458964,2.457307,-1.2081031,0.5107792,0.082332134
4.663957,2.409714,-1.201102,0.5181974,-5.5217744e-05
4.682681,2.3613954,-1.2011068,0.5089255,0.049189128
4.7010474,2.3139985,-1.1969362,0.49965355,0.09843347
4.7192073,2.2677097,-1.1887523,0.49038163,0.14767781
4.7372904,2.2227023,-1.1767263,0.49597335,0.07523813
4.7562795,2.1770358,-1.1705129,0.5015651,0.00279845
4.7758245,2.1308444,-1.170279,0.5071568,-0.06964123
4.7955503,2.0842555,-1.1761607,0.49789926,-0.026740301
4.8146863,2.038309,-1.1783794,0.4886417,0.016160632
4.8333707,1.993165,-1.1770633,0.47938418,0.059061565
4.8517294,1.9489719,-1.1723473,0.4839095,0.001281029
4.870505,1.9043717,-1.172244,0.4884348,-0.056499504
4.8894296,1.8594283,-1.1768409,0.49296013,-0.11428004
4.9082284,1.8142054,-1.1862097,0.48784518,-0.07908314
4.926474,1.7691257,-1.192633,0.48273027,-0.043886237
4.9442797,1.7243067,-1.1961628,0.47761533,-0.008689338
4.9617567,1.6798594,-1.1968545,0.48144647,-0.05507906
4.9793167,1.6351098,-1.2012719,0.4852776,-0.10146879
4.996753,1.5900905,-1.2094646,0.48910874,-0.1478585
5.0138555,1.5448371,-1.2214738,0.4847379,-0.1290196
5.0303082,1.4996696,-1.2318684,0.4803671,-0.11018069
5.0461826,1.4546403,-1.2406718,0.47599626,-0.091341786
5.061548,1.4097986,-1.247908,0.47756293,-0.12093447
5.076591,1.364841,-1.2575102,0.47912958,-0.15052716
5.0911903,1.3197756,-1.2694852,0.48069623,-0.18011984
5.105225,1.2746142,-1.2838378,0.48008388,-0.1759015
5.1186037,1.2292794,-1.2978399,0.4794715,-0.17168315
5.131339,1.1837862,-1.3114922,0.47885916,-0.1674648
5.1434455,1.1381487,-1.3247951,0.48094356,-0.18121116
5.1549664,1.092266,-1.3392411,0.483028,-0.19495752
5.165841,1.046143,-1.354837,0.48511243,-0.20870388
5.176011,0.99978685,-1.3715888,0.48596,-0.21038312
5.1854157,0.9532022,-1.3885031,0.4868076,-0.21206236
5.194043,0.9064005,-1.4055799,0.4876552,-0.2137416
5.201881,0.8593936,-1.42282,0.4890764,-0.21727872
5.208922,0.8121578,-1.440392,0.49049762,-0.22081582
5.2151456,0.76470536,-1.4582973,0.49191883,-0.22435293
5.2205296,0.7170495,-1.4765372,0.49191788,-0.22236781
5.225045,0.6692819,-1.4946184,0.49191692,-0.22038269
5.2286983,0.6214192,-1.5125409,0.491916,-0.21839756
5.2314944,0.57347757,-1.5303044,0.49199402,-0.21923086
5.2334385,0.5254951,-1.5481374,0.49207202,-0.22006416
5.2345266,0.4774869,-1.56604,0.49215004,-0.22089747
5.234755,0.42946833,-1.5840122,0.4919284,-0.21929416
5.2341204,0.38145778,-1.6018479,0.4917068,-0.21769084
5.23263,0.33347073,-1.6195474,0.49148515,-0.21608752
5.2302904,0.28552225,-1.6371106,0.4913476,-0.2150788
5.2271094,0.2376251,-1.6545882,0.49121004,-0.2140701
5.223092,0.18979372,-1.6719801,0.49107248,-0.21306138
5.218244,0.14204237,-1.6892866,0.4906907,-0.2122399
5.2125735,0.09441067,-1.706514,0.49030897,-0.21141843
5.206087,0.046912313,-1.7236623,0.4899272,-0.21059696
5.198792,-0.00043928294,-1.7407317,0.48931077,-0.20963518
5.1906977,-0.04760972,-1.7577028,0.48869434,-0.2086734
5.1818137,-0.09458635,-1.7745761,0.4880779,-0.20771162
5.1721487,-0.14135684,-1.7913513,0.48744506,-0.20636776
5.161711,-0.18791135,-1.8079981,0.4868122,-0.20502388
5.1505117,-0.23423845,-1.8245165,0.48617938,-0.20368001
5.1385603,-0.28032708,-1.8409067,0.48623702,-0.20174737
5.125849,-0.32623732,-1.8571455,0.4862947,-0.19981472
5.1123867,-0.3719585,-1.8732328,0.48635235,-0.19788209
5.0981836,-0.41748032,-1.8891685,0.4869694,-0.19505611
5.0832295,-0.462853,-1.9048994,0.48758647,-0.19223014
5.067535,-0.50806713,-1.9204247,0.48820353,-0.18940416
5.0511107,-0.5531136,-1.935744,0.48984075,-0.18557736
5.0339284,-0.598086,-1.9508078,0.49147794,-0.18175058
5.0159984,-0.64297587,-1.9656137,0.49311516,-0.1779238
4.9973307,-0.6877751,-1.9801595,0.49554792,-0.17444092
4.9779058,-0.7325455,-1.9944938,0.49798068,-0.17095804
4.9577303,-0.77727836,-2.0086138,0.5004135,-0.16747516
4.9368114,-0.8219657,-2.0225165,0.50324935,-0.16471013
4.9151416,-0.86663014,-2.0362692,0.5060853,-0.16194509
4.892723,-0.91126263,-2.049869,0.5089212,-0.15918006
4.8695607,-0.95585454,-2.063314,0.5119532,-0.15500309
4.8456435,-1.0004241,-2.0764866,0.51498514,-0.15082611
4.82098,-1.0449657,-2.0893831,0.5180171,-0.14664914
4.79558,-1.0894736,-2.101999,0.5212606,-0.14262779
4.7694426,-1.1339602,-2.114348,0.523,-0.13860644
4.742654,-1.1782933,-2.1263912,0.523,-0.1345851
4.7153177,-1.222325,-2.1380873,0.523,-0.11454978
4.6873984,-1.2661436,-2.1480503,0.523,-0.09451447
4.658984,-1.3097736,-2.1562765,0.523,-0.07447915
4.6301637,-1.3532419,-2.1627626,0.523,-0.059744142
4.6010323,-1.3965654,-2.1679673,0.523,-0.045009136
4.571654,-1.43977,-2.1718893,0.523,-0.030274129
4.5420895,-1.482883,-2.1745276,0.523,-0.017731141
4.5124025,-1.5259308,-2.1760733,0.523,-0.005188155
4.4826446,-1.5689389,-2.1765254,0.523,0.007354832
4.4528675,-1.6119329,-2.1758842,0.523,0.017745364
4.4231224,-1.6549404,-2.1743376,0.523,0.028135896
4.3934507,-1.6979835,-2.1718855,0.523,0.038526427
4.363895,-1.7410843,-2.168528,0.523,0.047736596
4.3344955,-1.7842671,-2.1643686,0.523,0.056946766
4.30529,-1.8275508,-2.1594074,0.523,0.06615694
4.2763166,-1.8709542,-2.153645,0.523,0.07268357
4.2476063,-1.914504,-2.147315,0.523,0.07921021
4.2191863,-1.9582131,-2.1404176,0.523,0.08573685
4.191084,-2.0020933,-2.1329534,0.523,0.09158635
4.1633244,-2.0461593,-2.1249814,0.523,0.097435854
4.135932,-2.0904207,-2.1165016,0.523,0.10328536
4.108932,-2.1348865,-2.1075146,0.523,0.109184325
4.0823493,-2.179565,-2.0980163,0.523,0.11508329
4.056209,-2.2244642,-2.088007,0.523,0.12098225
4.030538,-2.269591,-2.077487,0.5196469,0.12347083
4.005512,-2.3146808,-2.0668206,0.51629376,0.12595941
3.981135,-2.359728,-2.0560105,0.51294065,0.12844798
3.9574087,-2.4047277,-2.0450597,0.5088519,0.13336118
3.9343765,-2.4495947,-2.033783,0.5047631,0.13827436
3.9120479,-2.494326,-2.0221875,0.50067437,0.14318755
3.8904312,-2.5389178,-2.01028,0.49865443,0.14604001
3.8694406,-2.583564,-1.9981856,0.4966345,0.14889248
3.849083,-2.6282604,-1.985907,0.4946146,0.15174493
3.8293648,-2.673001,-1.9734457,0.49113575,0.14570498
3.8103232,-2.717708,-1.9615611,0.4876569,0.13966502
3.7919295,-2.7623587,-1.9502465,0.48417804,0.13362506
3.774155,-2.8069315,-1.9394954,0.48079136,0.12424524
3.7569606,-2.8514338,-1.9295651,0.47740468,0.114865415
3.7403085,-2.8958402,-1.9204456,0.47401804,0.105485596
3.7241604,-2.9401262,-1.9121274,0.47031173,0.09154217
3.708483,-2.9842587,-1.9049618,0.46660545,0.07759875
3.6932251,-3.0282054,-1.8989332,0.46289915,0.06365533
3.678337,-3.0719368,-1.8940256,0.45908067,0.051078625
3.6637745,-3.1154108,-1.8901191,0.45526218,0.03850192
3.6494932,-3.1586034,-1.8871983,0.45144373,0.025925213
3.6354513,-3.2014925,-1.885248,0.44527155,0.020852244
3.6216822,-3.243827,-1.8837006,0.43909937,0.015779275
3.6081674,-3.2855997,-1.8825458,0.4329272,0.0107063055
3.5948894,-3.3268032,-1.8817734,0.42264825,-0.00039691926
3.5819566,-3.3670409,-1.8818012,0.41236934,-0.011500144
3.5693383,-3.406297,-1.8825916,0.4020904,-0.022603368
3.5570068,-3.4445574,-1.8841063,0.38535297,-0.03100593
3.5451355,-3.4811993,-1.8860973,0.36861554,-0.039408494
3.5337136,-3.5162165,-1.8885179,0.35187808,-0.047811054
3.5227332,-3.549605,-1.8913207,0.33310893,-0.06045019
3.5122573,-3.5811615,-1.8946748,0.3143398,-0.073089324
3.5022805,-3.6108816,-1.8985004,0.29557064,-0.08572846
3.492802,-3.638763,-1.9027184,0.28214344,-0.09018619
3.4836452,-3.665329,-1.9069536,0.26871628,-0.094643936
3.4748209,-3.690583,-1.911186,0.25528908,-0.09910167
3.4663398,-3.714529,-1.9153957,0.24621478,-0.09205072
3.4580574,-3.737605,-1.9191678,0.23714048,-0.084999755
3.4499915,-3.759814,-1.9225231,0.22806616,-0.0779488
3.442158,-3.7811594,-1.9254831,0.22071484,-0.07289733
3.434513,-3.8018022,-1.9281623,0.2133635,-0.067845866
3.4270666,-3.8217444,-1.9305731,0.20601217,-0.062794395
3.419828,-3.8409886,-1.9327277,0.19876842,-0.06400116
3.4128044,-3.8595397,-1.9348465,0.19152465,-0.06520791
3.4059992,-3.877399,-1.9369265,0.1842809,-0.06641468
3.3994164,-3.8945677,-1.9389648,0.17928185,-0.053759456
3.3929734,-3.9112704,-1.9405705,0.17428279,-0.041104235
3.38668,-3.927507,-1.9417641,0.16928373,-0.02844901
3.3805456,-3.9432774,-1.9425666,0.15938656,0.008904612
3.3747559,-3.9581265,-1.9423301,0.14948939,0.046258233
3.3693345,-3.9720407,-1.941178,0.13959223,0.08361186
3.3642993,-3.9850078,-1.939235,0.1276752,0.121868074
3.3597353,-3.9968302,-1.9366481,0.11575819,0.16012429
3.3556468,-4.0075016,-1.933572,0.10384117,0.1983805
