9.322993,2.4395192,-2.1921523,0.22681785,0.0
9.309789,2.421077,-2.1921523,0.24642275,0.09951675
9.295515,2.4011397,-2.1880717,0.26602763,0.1990335
9.28042,2.3798745,-2.179305,0.28563255,0.29855025
9.264815,2.357475,-2.1653028,0.30427018,0.38514817
9.249022,2.334115,-2.1462505,0.32290784,0.4717461
9.233368,2.3099837,-2.1217933,0.34154546,0.558344
9.218202,2.2853034,-2.091636,0.36117166,0.5176822
9.202584,2.2580802,-2.0618472,0.38079783,0.47702038
9.186632,2.2282486,-2.0327077,0.400424,0.43635857
9.17046,2.1957614,-2.0045016,0.41198465,0.41925395
9.154646,2.1616151,-1.97655,0.42354527,0.40214935
9.139261,2.1258042,-1.9489208,0.43510592,0.38504472
9.124374,2.088328,-1.9216832,0.4428134,0.3649452
9.110156,2.0494833,-1.8953433,0.45052087,0.34484565
9.096636,2.009297,-1.8699602,0.45822838,0.32474613
9.083837,1.9677981,-1.8455925,0.46290275,0.3139731
9.07189,1.9254227,-1.8217653,0.46757713,0.30320007
9.060807,1.8821957,-1.7984974,0.4722515,0.29242703
9.050599,1.8381426,-1.7758076,0.4756637,0.27376932
9.041277,1.7933067,-1.754374,0.47907588,0.2551116
9.032814,1.7477286,-1.7342246,0.4824881,0.2364539
9.025183,1.7014474,-1.7153869,0.4838079,0.21838693
9.018377,1.6547086,-1.697917,0.4851277,0.20031996
9.01235,1.6075495,-1.6818283,0.48644748,0.18225299
9.007049,1.5600051,-1.6671339,0.48723596,0.1666429
9.002427,1.5121791,-1.653664,0.4880244,0.1510328
8.998434,1.4640979,-1.6414261,0.4888129,0.1354227
8.995016,1.4157848,-1.630427,0.48909834,0.11972716
8.992122,1.3673115,-1.6206906,0.48938382,0.10403161
8.989695,1.3186983,-1.6122206,0.4896693,0.08833605
8.987675,1.2699641,-1.6050208,0.48838952,0.075516514
8.986008,1.2212929,-1.5988797,0.48710975,0.06269698
8.984643,1.1726967,-1.593793,0.48583,0.049877446
8.983527,1.124187,-1.589756,0.48405948,0.03671248
8.98261,1.0758224,-1.5867949,0.48228896,0.023547512
8.981838,1.027613,-1.5849023,0.48051843,0.010382545
8.981161,0.97956854,-1.5840708,0.4787098,-0.0011505425
8.980525,0.93170184,-1.5841626,0.4769011,-0.01268363
8.979888,0.8840198,-1.5851706,0.47509247,-0.024216717
8.979205,0.8365294,-1.587088,0.47362384,-0.03453036
8.978435,0.7892015,-1.5898132,0.4721552,-0.044844
8.977537,0.742042,-1.5933409,0.47068658,-0.055157643
8.976478,0.69505686,-1.5976657,0.47011447,-0.067536615
8.975218,0.6481695,-1.6029533,0.46954238,-0.07991559
8.973713,0.60138935,-1.6092006,0.4689703,-0.09229456
8.97192,0.55472636,-1.6164043,0.46740818,-0.09751245
8.969799,0.50825596,-1.6239886,0.46584606,-0.102730334
8.967336,0.46198246,-1.6319507,0.46428397,-0.10794822
8.964515,0.4159106,-1.6402875,0.46175134,-0.114420824
8.961329,0.37014812,-1.6490741,0.45921874,-0.12089343
8.957765,0.324701,-1.6583042,0.4566861,-0.12736604
8.953805,0.27957565,-1.6679724,0.4529631,-0.13025554
8.949448,0.23487495,-1.6777781,0.4492401,-0.13314503
8.944694,0.1906031,-1.6877178,0.4455171,-0.13603455
8.939544,0.14676437,-1.6977876,0.4407018,-0.14499564
8.934021,0.10350778,-1.7084002,0.43588656,-0.15395674
8.928113,0.06084184,-1.7195407,0.43107128,-0.16291784
8.921809,0.018775215,-1.7311939,0.42453587,-0.16464198
8.91512,-0.022566706,-1.7427908,0.41800046,-0.16636613
8.908066,-0.06318139,-1.7543275,0.41146508,-0.16809027
8.900661,-0.10306668,-1.7658006,0.4060301,-0.17128144
8.892909,-0.14231727,-1.7773349,0.40059507,-0.17447262
8.884819,-0.18093012,-1.7889247,0.39516008,-0.17766379
8.876402,-0.21890248,-1.8005642,0.3919839,-0.18169518
8.867621,-0.25644243,-1.8123692,0.38880774,-0.18572658
8.85848,-0.29354498,-1.8243355,0.38563156,-0.18975797
8.848981,-0.3302052,-1.8364586,0.3840491,-0.19403753
8.839087,-0.3665674,-1.8488007,0.3824666,-0.19831707
8.828796,-0.4026247,-1.8613596,0.38088414,-0.20259662
8.818108,-0.4383702,-1.8741328,0.38029045,-0.2073645
8.806992,-0.47388554,-1.8871819,0.37969676,-0.21213236
8.795443,-0.5091618,-1.9005058,0.37910306,-0.21690024
8.783456,-0.54418963,-1.9141032,0.37993753,-0.22032528
8.770976,-0.5791015,-1.9279423,0.38077202,-0.2237503
8.757997,-0.61388665,-1.9420236,0.38160652,-0.22717533
8.744509,-0.64853424,-1.9563483,0.3837343,-0.2281866
8.730452,-0.683169,-1.9708159,0.38586208,-0.22919787
8.715818,-0.7177796,-1.9854269,0.38798988,-0.23020916
8.7006,-0.7523541,-2.0001822,0.39107725,-0.23304918
8.684759,-0.78695047,-2.0152352,0.39416462,-0.23588921
8.668282,-0.82155216,-2.0305884,0.39725202,-0.23872924
8.651153,-0.85614204,-2.0462446,0.40083334,-0.23936324
8.633328,-0.8907636,-2.0620832,0.40441462,-0.23999724
8.614797,-0.9253999,-2.0781047,0.40799594,-0.24063124
8.595546,-0.96003354,-2.09431,0.41125044,-0.24363336
8.575594,-0.99459875,-2.1108444,0.41450492,-0.24663547
8.554926,-1.0290744,-2.1277108,0.41775942,-0.24963759
8.533528,-1.0634383,-2.1449122,0.42120653,-0.24623016
8.511343,-1.0977391,-2.1620238,0.42465362,-0.2428227
8.488368,-1.131962,-2.1790411,0.42810073,-0.23941526
8.464603,-1.166092,-2.1959608,0.4312055,-0.2401885
8.440092,-1.2000533,-2.213057,0.4343103,-0.24096173
8.414828,-1.2338257,-2.2303307,0.43741506,-0.24173497
8.388804,-1.2673886,-2.2477827,0.4401403,-0.23724428
8.362005,-1.3007349,-2.2650235,0.44286558,-0.23275359
8.3344345,-1.3338535,-2.2820485,0.44559085,-0.2282629
8.306102,-1.3667334,-2.2988536,0.44834608,-0.22805458
8.2770405,-1.3993345,-2.3157475,0.4511013,-0.22784625
8.247249,-1.4316388,-2.33273,0.45385656,-0.22763792
8.216726,-1.4636284,-2.3498008,0.4562757,-0.22340864
8.185467,-1.4952906,-2.3666492,0.45869488,-0.21917935
8.153479,-1.5266166,-2.3832715,0.46111402,-0.21495007
8.120772,-1.5575978,-2.399664,0.46356988,-0.21181186
8.087363,-1.5882217,-2.4159067,0.46602574,-0.20867366
8.053259,-1.6184785,-2.4319973,0.4684816,-0.20553544
8.018467,-1.648359,-2.4479327,0.4716079,-0.19854307
7.982917,-1.677919,-2.4634361,0.47473422,-0.19155072
7.946624,-1.7071571,-2.4784997,0.47786054,-0.18455835
7.9096036,-1.7360727,-2.4931152,0.48185468,-0.17871845
7.8718114,-1.764712,-2.5073917,0.4858488,-0.17287853
7.833257,-1.793071,-2.5213208,0.48984298,-0.16703862
7.7939525,-1.8211471,-2.5348945,0.49348068,-0.16111395
7.7539363,-1.8489189,-2.5480883,0.4971184,-0.15518928
7.713221,-1.8763871,-2.5608947,0.50075614,-0.14926459
7.6718197,-1.9035535,-2.573306,0.5037049,-0.14303482
7.6298,-1.9303855,-2.585273,0.50665367,-0.13680503
7.5871763,-1.9568901,-2.5967891,0.5096025,-0.13057524
7.543965,-1.9830755,-2.607848,0.5120182,-0.12202721
7.500212,-2.0089312,-2.6182356,0.514434,-0.11347918
7.4559417,-2.0344768,-2.6279442,0.5168497,-0.104931146
7.411174,-2.059733,-2.6369665,0.5191495,-0.09711853
7.365944,-2.0847144,-2.6453564,0.5214492,-0.08930591
7.3202715,-2.1094427,-2.6531076,0.523,-0.08149329
7.2742414,-2.1339052,-2.6602032,0.523,-0.07312798
7.2280087,-2.1580558,-2.6665719,0.523,-0.06476267
7.1815968,-2.1819255,-2.672213,0.523,-0.05639736
7.1350274,-2.205545,-2.6771264,0.523,-0.050171155
7.088327,-2.2289429,-2.6814978,0.523,-0.043944947
7.0415106,-2.2521434,-2.6853273,0.523,-0.037718743
6.994594,-2.2751703,-2.6886141,0.523,-0.03421543
6.9475965,-2.2980459,-2.691596,0.523,-0.030712122
6.900525,-2.3207836,-2.6942728,0.523,-0.02720881
6.8533883,-2.3433976,-2.696644,0.523,-0.022089105
6.8061924,-2.3659027,-2.6985695,0.523,-0.016969401
6.758948,-2.388319,-2.7000484,0.523,-0.011849696
6.711667,-2.4106672,-2.7010815,0.523,-0.004003018
6.6643605,-2.432968,-2.7014303,0.523,0.003843659
6.617046,-2.455252,-2.7010953,0.523,0.011690336
6.5697417,-2.4775505,-2.7000763,0.523,0.021936636
6.5224686,-2.4998937,-2.6981642,0.523,0.03218294
6.475251,-2.5223207,-2.6953595,0.523,0.04242924
6.428115,-2.5448716,-2.6916623,0.523,0.057109766
6.381097,-2.5675797,-2.6866868,0.523,0.07179029
6.3342366,-2.5905,-2.6804345,0.523,0.08647083
6.287575,-2.6136858,-2.6729066,0.523,0.09497455
6.241125,-2.6372042,-2.6646404,0.523,0.10347827
6.1949105,-2.6610851,-2.6556365,0.523,0.111981995
6.148955,-2.6853592,-2.645896,0.523,0.12077452
6.103285,-2.7100542,-2.6353939,0.523,0.12956706
6.057927,-2.7351997,-2.6241317,0.523,0.13835959
6.0129085,-2.760824,-2.6121097,0.523,0.1450132
5.968244,-2.7869627,-2.5995135,0.523,0.1516668
5.923956,-2.8136353,-2.586344,0.523,0.15832041
5.880069,-2.8408608,-2.5726013,0.523,0.15910387
5.8365655,-2.8686833,-2.5587912,0.523,0.15988731
5.793456,-2.8971002,-2.5449135,0.523,0.16067077
5.75075,-2.926109,-2.5309687,0.523,0.1580547
5.7084355,-2.955723,-2.5172489,0.523,0.15543862
5.6665134,-2.985927,-2.5037544,0.523,0.15282254
5.624986,-3.0167067,-2.490485,0.51947737,0.14911944
5.584125,-3.047841,-2.477622,0.5159547,0.14541633
5.5439196,-3.079301,-2.4651616,0.51243204,0.14171323
5.50436,-3.1110587,-2.4530988,0.5090307,0.1396924
5.4654355,-3.143086,-2.441286,0.5056293,0.13767156
5.427139,-3.175363,-2.4297209,0.50222796,0.13565072
5.3894625,-3.20787,-2.418401,0.49930918,0.13291417
5.3523593,-3.2406218,-2.4073727,0.4963904,0.13017763
5.3158216,-3.273599,-2.3966334,0.49347162,0.12744108
5.27984,-3.3067822,-2.3861802,0.49199706,0.12886308
5.24432,-3.3402333,-2.3756428,0.4905225,0.13028508
5.2092667,-3.373949,-2.3650215,0.48904797,0.13170709
5.1746836,-3.4079266,-2.3543174,0.48649022,0.1264655
5.1406226,-3.442116,-2.3440907,0.48393244,0.12122393
5.107068,-3.4764926,-2.3343372,0.48137468,0.115982346
5.0740056,-3.511033,-2.325053,0.47723135,0.10088299
5.0414934,-3.545636,-2.3170424,0.47308806,0.085783646
5.0094943,-3.5802445,-2.3102868,0.46894473,0.07068429
4.97797,-3.614804,-2.304767,0.46355966,0.06169129
4.946979,-3.649159,-2.3000038,0.45817456,0.05269829
4.9164944,-3.6832776,-2.2959814,0.4527895,0.043705292
4.8864903,-3.7171311,-2.2926843,0.4334551,0.036536537
4.857867,-3.7496426,-2.2900453,0.41412073,0.029367786
4.8305955,-3.7807837,-2.2880187,0.39478636,0.022199035
4.8046527,-3.8105288,-2.2865582,0.37504777,0.017101664
4.780046,-3.8388255,-2.285489,0.3553092,0.012004292
4.7567616,-3.8656597,-2.2847784,0.3355706,0.0069069206
4.734787,-3.8910203,-2.284392,0.3145515,0.0012143075
4.714198,-3.914801,-2.2843285,0.2935324,-0.0044783056
4.6949863,-3.9369934,-2.2845476,0.2725133,-0.010170919
4.6771464,-3.9575918,-2.2850094,0.25465935,-0.0139274355
4.660467,-3.9768322,-2.2856004,0.23680542,-0.017683953
4.6449475,-3.9947135,-2.2862985,0.2189515,-0.02144047
4.630588,-4.011235,-2.2870808,0.20288196,-0.0124056935
4.617268,-4.0265365,-2.2875001,0.18681242,-0.003370917
4.604996,-4.0406218,-2.2876053,0.17074288,0.0056638597
4.593779,-4.053494,-2.287444,0.15885185,0.013030958
4.5833454,-4.06547,-2.2870991,0.1469608,0.020398056
4.573698,-4.0765524,-2.2865994,0.13506976,0.027765155
4.564838,-4.0867405,-2.2859745,0.12542342,0.037958838
4.556619,-4.096203,-2.2851813,0.11577709,0.048152518
4.5490427,-4.1049395,-2.2842524,0.106130764,0.0583462
4.542109,-4.1129503,-2.283221,0.10455112,0.06315734
4.5352883,-4.1208467,-2.2821212,0.10297148,0.06796849
4.5285816,-4.128629,-2.2809556,0.10139184,0.07277963
4.5219884,-4.1362967,-2.2797267,0.09916703,0.08521233
4.515556,-4.143797,-2.27832,0.096942216,0.09764502
4.5092854,-4.1511292,-2.2767448,0.094717406,0.11007772
4.5031776,-4.1582932,-2.2750108,0.09284897,0.13046078
4.497217,-4.1653094,-2.2729976,0.09098053,0.15084386
4.4914074,-4.1721764,-2.270719,0.089112096,0.17122693
4.485751,-4.1788926,-2.2681882,0.0873303,0.18535712
4.480239,-4.185472,-2.2655058,0.0855485,0.1994873
4.474871,-4.191914,-2.2626803,0.08376671,0.21361749
4.4696484,-4.198218,-2.2597206,0.081739195,0.22000916
4.464577,-4.2043753,-2.2567475,0.07971168,0.22640082
4.459657,-4.2103863,-2.2537653,0.07768417,0.2327925
4.454887,-4.2162495,-2.2507784,0.0768376,0.23729096
4.4501905,-4.222057,-2.2477682,0.07599102,0.24178943
4.445569,-4.227808,-2.2447355,0.07514445,0.24628791
4.441021,-4.2335024,-2.241682,0.07523584,0.25170404
4.436491,-4.2392097,-2.2385592,0.07532724,0.25712016
4.4319797,-4.24493,-2.2353666,0.075418636,0.2625363
4.427488,-4.2506633,-2.2321043,0.078480005,0.26582202
4.4228373,-4.2566395,-2.2286682,0.081541374,0.26910773
4.418031,-4.2628593,-2.225055,0.08460274,0.27239347
4.413072,-4.2693253,-2.2212613,0.08685624,0.2726554
4.4080067,-4.275982,-2.217363,0.089109726,0.27291736
4.4028373,-4.282831,-2.21336,0.09136322,0.2731793
