-6.602275,-7.5493646,-0.7138049,0.025768768,0.0
-6.600327,-7.5510516,-0.7138049,-0.004231233,0.09998368
-6.600645,-7.550776,-0.7138753,-0.034231234,0.19996735
-6.603181,-7.548579,-0.71500856,-0.06423123,0.29995105
-6.6078143,-7.544556,-0.71817166,-0.09423123,0.39987478
-6.6143503,-7.538845,-0.7242858,-0.124231234,0.4997985
-6.6225166,-7.53162,-0.7342087,-0.15423124,0.5997222
-6.6319685,-7.52309,-0.74871707,-0.18423115,0.6624191
-6.64261,-7.5132017,-0.76760155,-0.21423106,0.7251159
-6.6541476,-7.5020676,-0.791282,-0.24423097,0.78781277
-6.666258,-7.4898143,-0.82013434,-0.27422518,0.70198447
-6.6805406,-7.474503,-0.8496471,-0.30421937,0.6161562
-6.696933,-7.4558563,-0.8789486,-0.33421355,0.530328
-6.715326,-7.433655,-0.90712374,-0.364211,0.47078982
-6.7353206,-7.408086,-0.9346575,-0.39420846,0.41125166
-6.756788,-7.3790197,-0.96092206,-0.4242059,0.3517135
-6.7795973,-7.3463755,-0.9852791,-0.4540013,0.31197965
-6.803476,-7.3103642,-1.0085045,-0.48379675,0.2722458
-6.828318,-7.270941,-1.0301863,-0.5135922,0.23251195
-6.8540397,-7.228091,-1.0499102,-0.523,0.18582985
-6.8796186,-7.183508,-1.0660152,-0.523,0.13914774
-6.904667,-7.138173,-1.0781052,-0.523,0.09246563
-6.9292994,-7.0922904,-1.0861536,-0.523,0.07165601
-6.953603,-7.046132,-1.0923944,-0.523,0.05084639
-6.9776487,-6.9997635,-1.0968245,-0.523,0.030036772
-7.0015087,-6.95325,-1.0994424,-0.523,0.03138287
-7.025246,-6.9066763,-1.1021774,-0.523,0.03272897
-7.0488553,-6.860039,-1.1050298,-0.523,0.03407507
-7.07233,-6.813338,-1.1079994,-0.5186454,0.052770842
-7.095453,-6.7669935,-1.1125588,-0.5142908,0.07146661
-7.118145,-6.720988,-1.1186794,-0.5099362,0.09016238
-7.140332,-6.675304,-1.1263319,-0.5083034,0.12002124
-7.1620307,-6.6297426,-1.1364753,-0.50667065,0.14988008
-7.183112,-6.584295,-1.1490847,-0.50503784,0.17973894
-7.2034516,-6.538958,-1.1641325,-0.50246483,0.21672177
-7.2228613,-6.493889,-1.18214,-0.49989185,0.2537046
-7.241198,-6.449109,-1.2030513,-0.49731886,0.29068744
-7.2583275,-6.404649,-1.2268076,-0.49333465,0.3343535
-7.2740436,-6.3607774,-1.2537895,-0.48935047,0.37801954
-7.288221,-6.3175635,-1.2838912,-0.48536626,0.4216856
-7.3007526,-6.275089,-1.3170011,-0.48182738,0.47580504
-7.3115067,-6.23363,-1.353785,-0.47828853,0.5299245
-7.320392,-6.1933293,-1.3940783,-0.47474965,0.584044
-7.327355,-6.1543403,-1.4377079,-0.4696298,0.6357053
-7.3323693,-6.1168857,-1.4841813,-0.4645099,0.68736666
-7.335475,-6.0811176,-1.5333036,-0.45939004,0.73902804
-7.336748,-6.047187,-1.5848755,-0.44775233,0.77921164
-7.3362994,-6.0153337,-1.6373161,-0.4361146,0.8193953
-7.3343205,-5.9856277,-1.69043,-0.4244769,0.8595789
-7.3310137,-5.9581175,-1.744025,-0.41284263,0.8860963
-7.3265133,-5.932399,-1.7973236,-0.40120834,0.9126137
-7.3210015,-5.9084845,-1.8502233,-0.38957408,0.9391311
-7.3146567,-5.8863726,-1.9026239,-0.37388143,0.9570594
-7.307642,-5.8660145,-1.9535654,-0.35818878,0.9749877
-7.3001347,-5.8473682,-2.0029771,-0.34249613,0.992916
-7.2922983,-5.83038,-2.050791,-0.32411936,0.97234327
-7.2838664,-5.814183,-2.0954225,-0.30574262,0.9517705
-7.2749805,-5.798829,-2.1369243,-0.28736588,0.93119776
-7.2657804,-5.784353,-2.1753516,-0.27114818,0.8764526
-7.2559185,-5.7700777,-2.21008,-0.25493044,0.8217075
-7.2455616,-5.756146,-2.2411947,-0.23871273,0.76696235
-7.234883,-5.742678,-2.2688038,-0.25202322,0.7430928
-7.222955,-5.72846,-2.2972224,-0.2653337,0.71922314
-7.209697,-5.7135377,-2.326356,-0.2786442,0.6953535
-7.1950264,-5.697964,-2.3561087,-0.27130303,0.6599314
-7.1798716,-5.682807,-2.3838296,-0.26396185,0.62450933
-7.164317,-5.6680894,-2.4095526,-0.25662068,0.5890872
-7.1484466,-5.653828,-2.4333158,-0.24039172,0.51370955
-7.1325455,-5.6402082,-2.4530044,-0.22416274,0.43833184
-7.1168733,-5.6273108,-2.468861,-0.20793378,0.36295414
-7.10167,-5.615198,-2.4811652,-0.18675317,0.2685051
-7.08745,-5.604152,-2.4894226,-0.16557257,0.17405605
-7.0744896,-5.594255,-2.4942014,-0.14439195,0.07960702
-7.0630083,-5.585574,-2.4961152,-0.116224304,-0.015170175
-7.0537252,-5.5785832,-2.4958215,-0.088056654,-0.10994737
-7.0467353,-5.5733156,-2.494211,-0.05988901,-0.20472455
-7.042058,-5.5697794,-2.4921818,-0.03109542,-0.29533088
-7.0396886,-5.5679803,-2.4906733,-0.0023018273,-0.3
-7.0395136,-5.5678473,-2.49056,0.026491765,-0.3
-7.041527,-5.5693808,-2.491865,0.053243816,-0.3
-7.045577,-5.5724583,-2.4944873,0.07999587,-0.3
-7.0516744,-5.5770655,-2.4984274,0.10674792,-0.3
-7.059835,-5.5831814,-2.503685,0.1268175,-0.3
-7.0695677,-5.5903964,-2.509931,0.14688708,-0.3
-7.0808926,-5.5986824,-2.517166,0.16695666,-0.3
-7.093833,-5.6080074,-2.525389,0.172218,-0.3
-7.1072593,-5.617516,-2.5338714,0.17747933,-0.3
-7.1211786,-5.6271973,-2.5426128,0.18274066,-0.3
-7.135597,-5.63704,-2.5516133,0.1846116,-0.3
-7.150253,-5.646852,-2.5607061,0.18648255,-0.3
-7.165146,-5.6566286,-2.569891,0.18835351,-0.3
-7.180279,-5.6663647,-2.579168,0.19095524,-0.3
-7.195711,-5.676092,-2.5885732,0.19355695,-0.3
-7.2114463,-5.685805,-2.5981066,0.19615868,-0.3
-7.2274857,-5.6954956,-2.607768,0.19956379,-0.3
-7.2438984,-5.7051964,-2.6175973,0.20296891,-0.3
-7.260687,-5.7148986,-2.6275942,0.20637402,-0.3
-7.277855,-5.7245917,-2.6377587,0.21077655,-0.29380172
-7.2955227,-5.7343316,-2.647932,0.21517909,-0.28760344
-7.313693,-5.744109,-2.658105,0.21958162,-0.28140518
-7.33237,-5.7539153,-2.668268,0.22282718,-0.25450167
-7.351564,-5.763746,-2.677618,0.22607276,-0.22759816
-7.3712597,-5.773602,-2.6861198,0.22931832,-0.20069465
-7.3914404,-5.783487,-2.693739,0.22589621,-0.17800902
-7.4114804,-5.793114,-2.7004054,0.2224741,-0.1553234
-7.431355,-5.8025,-2.7061415,0.21905197,-0.13263777
-7.4510417,-5.811659,-2.7109697,0.218294,-0.12230407
-7.4707303,-5.820703,-2.7154083,0.217536,-0.111970365
-7.4904137,-5.82964,-2.7194595,0.21677801,-0.10163666
-7.5100865,-5.838475,-2.7231252,0.22090234,-0.101211056
-7.5301676,-5.847406,-2.7268453,0.22502667,-0.10078546
-7.5506577,-5.8564277,-2.7306187,0.229151,-0.10035986
-7.571559,-5.865536,-2.7344453,0.23524526,-0.094398424
-7.5930643,-5.87481,-2.7381408,0.24133952,-0.088437
-7.615174,-5.8842483,-2.7416935,0.24743378,-0.082475565
-7.6378875,-5.8938484,-2.7450907,0.25434563,-0.08240547
-7.661269,-5.903638,-2.74858,0.2612575,-0.082335375
-7.6853213,-5.9136095,-2.7521613,0.26816934,-0.08226528
-7.710047,-5.9237566,-2.7558339,0.27783313,-0.080156006
-7.7357054,-5.934177,-2.7595415,0.28749692,-0.078046724
-7.762301,-5.944863,-2.7632775,0.2971607,-0.07593745
-7.7898364,-5.9558067,-2.7670348,0.3097156,-0.07877096
-7.818571,-5.967103,-2.7710967,0.32227048,-0.081604466
-7.8485117,-5.978733,-2.775475,0.33482537,-0.08443798
-7.879664,-5.990677,-2.7801814,0.34686923,-0.07242735
-7.912025,-6.0029097,-2.7843647,0.35891306,-0.06041671
-7.945589,-6.015437,-2.7879767,0.3709569,-0.048406076
-7.9803486,-6.028268,-2.7909682,0.38420546,-0.034894966
-8.01641,-6.0414567,-2.7932022,0.39745402,-0.021383857
-8.053759,-6.0550222,-2.7946186,0.41070256,-0.007872748
-8.092381,-6.068988,-2.7951577,0.4275643,0.0016258002
-8.132596,-6.0835056,-2.7950418,0.44442603,0.011124348
-8.174395,-6.0986,-2.7942178,0.4612878,0.020622898
-8.217758,-6.1143003,-2.7926323,0.48395175,0.015714992
-8.263231,-6.1308455,-2.791365,0.5066157,0.010807085
-8.310815,-6.148227,-2.7904522,0.523,0.005899179
-8.359922,-6.1662164,-2.7899382,0.523,0.03363192
-8.408995,-6.1842213,-2.787007,0.523,0.061364662
-8.457949,-6.2023454,-2.7816615,0.523,0.0890974
-8.506702,-6.220693,-2.7739055,0.523,0.11369749
-8.555192,-6.2393713,-2.7640162,0.523,0.13829759
-8.603344,-6.2584686,-2.7519996,0.523,0.16289768
-8.651084,-6.27807,-2.737863,0.523,0.17911613
-8.69841,-6.298287,-2.7223334,0.523,0.19533458
-8.745272,-6.319173,-2.705415,0.523,0.21155305
-8.791618,-6.340776,-2.6871119,0.523,0.23358463
-8.837334,-6.363112,-2.6669357,0.523,0.25561622
-8.88234,-6.386238,-2.6448963,0.523,0.2776478
-8.926559,-6.410206,-2.6210043,0.523,0.29128116
-8.970019,-6.4351234,-2.5959718,0.523,0.30491453
-9.012664,-6.4610124,-2.5698035,0.523,0.3185479
-9.054432,-6.4878902,-2.5425038,0.523,0.32626203
-9.0953455,-6.5158257,-2.5145667,0.523,0.33397615
-9.135357,-6.544817,-2.4859931,0.523,0.34169024
-9.1744175,-6.574857,-2.4567854,0.523,0.35018584
-9.212467,-6.605931,-2.4268808,0.523,0.35868144
-9.2494545,-6.6380267,-2.396282,0.523,0.36717704
-9.285327,-6.6711326,-2.3649907,0.523,0.3748615
-9.320042,-6.705242,-2.333075,0.523,0.38254598
-9.353548,-6.7403345,-2.300537,0.523,0.39023045
-9.385794,-6.7763853,-2.2673788,0.523,0.39232984
-9.4168005,-6.8134537,-2.2340515,0.523,0.39442924
-9.446528,-6.8515015,-2.2005548,0.523,0.39652863
-9.47494,-6.890489,-2.1668894,0.523,0.40301466
-9.501949,-6.9303017,-2.1327033,0.523,0.4095007
-9.527512,-6.9709005,-2.0979977,0.523,0.41598672
-9.55158,-7.0122447,-2.0627744,0.523,0.41446507
-9.574194,-7.054439,-2.0276723,0.523,0.4129434
-9.595326,-7.0974293,-1.9926918,0.523,0.41142175
-9.614955,-7.141162,-1.9578327,0.523,0.4108699
-9.633053,-7.1855626,-1.9230176,0.523,0.41031808
-9.649598,-7.230577,-1.8882468,0.523,0.40976626
-9.664572,-7.2761507,-1.85352,0.523,0.4006646
-9.678006,-7.3223968,-1.8195224,0.523,0.39156294
-9.689906,-7.369251,-1.7862567,0.523,0.38246125
-9.70028,-7.41665,-1.7537256,0.523,0.370028
-9.70915,-7.4645967,-1.7222025,0.523,0.35759473
-9.716539,-7.5130277,-1.6916922,0.523,0.34516147
-9.722475,-7.561884,-1.6621995,0.523,0.3330736
-9.726986,-7.611103,-1.6337005,0.523,0.32098573
-9.730106,-7.660634,-1.6061993,0.523,0.30889785
-9.73187,-7.7104273,-1.5796998,0.51033974,0.29192567
-9.732305,-7.7593,-1.5552207,0.4976795,0.27495345
-9.731559,-7.807193,-1.5327005,0.48501927,0.25798127
-9.729773,-7.854056,-1.5120769,0.46995655,0.24229798
-9.727096,-7.8996,-1.4932837,0.45489383,0.2266147
-9.723663,-7.9437933,-1.4762495,0.4398311,0.21093142
-9.719603,-7.9866095,-1.4609015,0.42055833,0.19731161
-9.715079,-8.0276,-1.4471608,0.40128556,0.18369181
-9.710215,-8.066752,-1.4349444,0.38201278,0.170072
-9.705115,-8.104056,-1.4241682,0.361299,0.16559538
-9.699908,-8.139309,-1.4142421,0.34058523,0.16111878
-9.694667,-8.172516,-1.4051359,0.31987146,0.15664215
-9.689457,-8.203678,-1.3968191,0.30873895,0.15206574
-9.684175,-8.233735,-1.3890245,0.2976064,0.14748932
-9.678853,-8.262688,-1.3817353,0.2864739,0.14291291
-9.673524,-8.290538,-1.374935,0.28174543,0.12231393
-9.668081,-8.317967,-1.3692058,0.27701697,0.101714954
-9.662563,-8.344968,-1.3645178,0.2722885,0.081115976
-9.657005,-8.3715315,-1.3608407,0.26867583,0.09421537
-9.65143,-8.397693,-1.356628,0.26506317,0.107314765
-9.645829,-8.423445,-1.3518962,0.26145047,0.12041416
