-9.042971,-8.0161085,0.013947377,-0.24272391,0.0
-9.067241,-8.016447,0.013947377,-0.21416813,0.095965005
-9.088557,-8.016745,0.010527192,-0.18561234,0.19193001
-9.106776,-8.016936,0.004626148,-0.15705656,0.28789502
-9.121836,-8.017006,-0.002806148,-0.12788518,0.3266254
-9.133948,-8.016972,-0.00964478,-0.09871381,0.36535582
-9.1431675,-8.016883,-0.015522885,-0.06954243,0.40408623
-9.149561,-8.016784,-0.020079987,-0.04036199,0.3681439
-9.153326,-8.016707,-0.022500927,-0.011181552,0.33220154
-9.154383,-8.016685,-0.023108691,0.017998885,0.29625916
-9.152661,-8.016724,-0.022232912,0.04627999,0.2663901
-9.148198,-8.016823,-0.020202374,0.0745611,0.23652102
-9.140951,-8.01697,-0.01729049,0.1028422,0.20665194
-9.130887,-8.017143,-0.013773557,0.12900808,0.17071748
-9.118175,-8.017319,-0.010120706,0.15517396,0.13478301
-9.102799,-8.017474,-0.0066454476,0.18133985,0.09884856
-9.084754,-8.017594,-0.00366278,0.20447324,0.08174557
-9.064375,-8.017669,-0.00088008464,0.22760664,0.064642586
-9.041662,-8.017689,0.0015703881,0.25074002,0.0475396
-9.016616,-8.01765,0.0035563197,0.27035633,0.069527954
-8.989646,-8.017553,0.0066866833,0.28997263,0.09151631
-8.960771,-8.017361,0.011103383,0.3095889,0.11350466
-8.930013,-8.017019,0.016947446,0.33078507,0.07203055
-8.897025,-8.016459,0.020915119,0.35198122,0.030556435
-8.861851,-8.015724,0.022707388,0.37317735,-0.010917681
-8.824545,-8.014876,0.022028362,0.38753697,0.04409509
-8.785838,-8.014024,0.02487552,0.4018966,0.09910787
-8.745858,-8.013029,0.03150318,0.4162562,0.15412064
-8.704746,-8.011734,0.042153176,0.43253508,0.09851263
-8.661741,-8.00992,0.04924339,0.44881395,0.042904608
-8.616956,-8.007712,0.05245177,0.4650928,-0.012703407
-8.570514,-8.005275,0.051467087,0.47230306,0.017312825
-8.523353,-8.002845,0.052829836,0.47951335,0.047329057
-8.475522,-8.000316,0.05661091,0.4867236,0.07734529
-8.4270735,-7.99757,0.06287895,0.49620837,0.037681617
-8.377585,-7.9944544,0.06599453,0.50569314,-0.001982057
-8.3271265,-7.9911194,0.06582748,0.5151779,-0.041645728
-8.275764,-7.9877334,0.06225269,0.51750344,-0.035600103
-8.224148,-7.984516,0.059182808,0.519829,-0.029554475
-8.172278,-7.981443,0.056622636,0.5221545,-0.023508847
-8.120161,-7.9784884,0.05457695,0.523,-0.03308066
-8.067967,-7.975637,0.051693946,0.523,-0.042652477
-8.015784,-7.972937,0.047977198,0.523,-0.05222429
-7.963616,-7.9704323,0.04342705,0.523,-0.05439307
-7.9114428,-7.9681654,0.038688123,0.523,-0.05656185
-7.8592653,-7.9661455,0.033760443,0.523,-0.058730632
-7.807085,-7.964383,0.028644033,0.523,-0.063556895
-7.7549124,-7.9628882,0.02310772,0.523,-0.06838315
-7.7027483,-7.961683,0.017151633,0.523,-0.07320941
-7.650596,-7.9607882,0.010775912,0.523,-0.07578739
-7.598449,-7.960226,0.0041761,0.523,-0.07836537
-7.5463104,-7.9600086,-0.0026477587,0.523,-0.080943346
-7.4941816,-7.9601464,-0.009695618,0.523,-0.08375467
-7.4420676,-7.960652,-0.016987702,0.523,-0.08656601
-7.389971,-7.961537,-0.024523951,0.523,-0.089377336
-7.3378954,-7.9628143,-0.03230431,0.523,-0.09075095
-7.2858377,-7.9644966,-0.04020391,0.523,-0.09212455
-7.2338014,-7.96659,-0.048222747,0.523,-0.093498155
-7.1817904,-7.9691,-0.0563608,0.523,-0.093623124
-7.129802,-7.972033,-0.0645097,0.523,-0.09374809
-7.0778403,-7.97539,-0.07266945,0.523,-0.09387306
-7.025908,-7.9791703,-0.080840036,0.523,-0.08934017
-6.9739866,-7.983377,-0.08861716,0.523,-0.08480729
-6.922079,-7.987989,-0.09600067,0.523,-0.0802744
-6.8701873,-7.9929857,-0.10299041,0.523,-0.0648069
-6.818274,-7.9983516,-0.10863546,0.523,-0.049339402
-6.7663455,-8.004015,-0.11293447,0.523,-0.0338719
-6.7144084,-8.009906,-0.115886405,0.523,-0.023967326
-6.662474,-8.015951,-0.117975354,0.523,-0.01406275
-6.610543,-8.022106,-0.119201116,0.523,-0.004158175
-6.5586143,-8.028326,-0.11956357,0.523,0.0026682257
-6.506688,-8.034564,-0.119330995,0.523,0.009494627
-6.454762,-8.04079,-0.11850339,0.523,0.016321028
-6.402836,-8.046972,-0.1170808,0.523,0.020848501
-6.3509054,-8.053081,-0.11526364,0.523,0.025375973
-6.298969,-8.059093,-0.113051936,0.523,0.029903447
-6.247026,-8.064991,-0.110445745,0.523,0.03329923
-6.1950736,-8.070752,-0.1075437,0.523,0.036695015
-6.1431108,-8.076362,-0.104345836,0.523,0.0400908
-6.091137,-8.081805,-0.100852184,0.523,0.044018578
-6.039153,-8.087066,-0.097016476,0.523,0.047946356
-5.987159,-8.092126,-0.09283875,0.523,0.05187414
-5.935154,-8.096968,-0.088319086,0.523,0.057859313
-5.8831453,-8.101573,-0.08327849,0.523,0.06384449
-5.8311324,-8.105915,-0.07771716,0.523,0.069829665
-5.7791176,-8.109965,-0.07163529,0.523,0.07643439
-5.727104,-8.113698,-0.06497924,0.523,0.083039105
-5.675094,-8.117082,-0.057749316,0.523,0.08964382
-5.623091,-8.120089,-0.049945824,0.52292967,0.09238265
-5.571086,-8.122688,-0.041905668,0.5228594,0.095121466
-5.519082,-8.124868,-0.03362897,0.52278906,0.09786029
-5.467083,-8.126617,-0.025115859,0.51928115,0.098849215
-5.4154243,-8.127915,-0.016574694,0.51577324,0.09983814
-5.364111,-8.128766,-0.008006639,0.51226526,0.10082706
-5.313146,-8.129174,0.0005871501,0.50785583,0.09682249
-5.2625985,-8.129145,0.008769663,0.50344634,0.092817925
-5.2124724,-8.128705,0.016546626,0.49903688,0.08881336
-5.162772,-8.127883,0.023923775,0.4959806,0.087344386
-5.1133776,-8.1267,0.031134786,0.4929243,0.08587541
-5.0642905,-8.125172,0.03818113,0.48986802,0.084406435
-5.015514,-8.123308,0.045064285,0.4880642,0.08480622
-4.9669323,-8.121118,0.0519545,0.48626038,0.085205995
-4.9185476,-8.118602,0.05885153,0.48445657,0.08560578
-4.870363,-8.115763,0.06575514,0.48075813,0.07712771
-4.8225336,-8.112613,0.07192898,0.47705972,0.06864965
-4.7750635,-8.109193,0.07738302,0.47336128,0.060171586
-4.7279544,-8.10554,0.0821273,0.468616,0.04599448
-4.6813,-8.1017,0.085718326,0.46387073,0.03181737
-4.6351066,-8.097731,0.08817777,0.45912546,0.017640263
-4.58938,-8.093688,0.089527555,0.45365617,0.0133291185
-4.5441995,-8.089632,0.09053533,0.44818687,0.009017974
-4.4995666,-8.08558,0.09120894,0.44271758,0.00470683
-4.455479,-8.081548,0.091556236,0.43869317,-0.0055729924
-4.411794,-8.077537,0.09114877,0.43466875,-0.015852815
-4.368513,-8.073581,0.09000036,0.43064433,-0.026132638
-4.325638,-8.069712,0.08812493,0.42521197,-0.031413734
-4.2833023,-8.065971,0.08589905,0.4197796,-0.036694832
-4.2415075,-8.062372,0.08333234,0.41434726,-0.041975927
-4.200253,-8.058927,0.08043442,0.40655681,-0.045430075
-4.1597705,-8.055663,0.07735716,0.3987664,-0.048884224
-4.1200604,-8.052586,0.074109554,0.39097598,-0.052338373
-4.0811234,-8.049694,0.0707006,0.37819868,-0.07614514
-4.0435076,-8.04703,0.06590557,0.3654214,-0.09995191
-4.0072265,-8.044636,0.059828278,0.35264412,-0.12375868
-3.9722946,-8.042543,0.052573036,0.34232587,-0.14127001
-3.9384499,-8.040763,0.044539753,0.33200762,-0.15878135
-3.9056993,-8.039303,0.035790525,0.32168937,-0.17629269
-3.8740492,-8.03817,0.026387492,0.309828,-0.17137185
-3.843531,-8.037364,0.017581444,0.29796666,-0.16645099
-3.8141506,-8.036847,0.009353422,0.28610528,-0.16153014
-3.7859137,-8.036583,0.0016844359,0.28035975,-0.15499093
-3.7582138,-8.036536,-0.005528806,0.27461419,-0.14845172
-3.7310548,-8.036687,-0.012298368,0.26886865,-0.14191249
-3.7044404,-8.037014,-0.018636348,0.2612892,-0.13536045
-3.678555,-8.037497,-0.024513068,0.2537098,-0.12880841
-3.6534016,-8.038114,-0.029944679,0.24613036,-0.122256376
-3.6289833,-8.038845,-0.03494736,0.2417029,-0.10364385
-3.6049573,-8.039684,-0.03911506,0.23727544,-0.085031316
-3.5813336,-8.040609,-0.04247365,0.23284797,-0.06641879
-3.5581212,-8.041595,-0.045049336,0.2226668,-0.027757382
-3.5358856,-8.042598,-0.04607931,0.21248563,0.010904026
-3.5146608,-8.043577,-0.04569316,0.20230444,0.049565434
-3.4944763,-8.044499,-0.044022627,0.18911503,0.09171115
-3.4756627,-8.045328,-0.04113602,0.17592563,0.13385686
-3.4582422,-8.046045,-0.037222918,0.16273622,0.17600259
