4.5943766,-4.905714,0.6255571,0.42192963,0.0
4.6285796,-4.881008,0.6255571,0.39416903,0.098875895
4.6603765,-4.8580403,0.63204217,0.36640844,0.19775179
4.689363,-4.836815,0.6440399,0.33864784,0.29662767
4.715261,-4.8173695,0.66053754,0.31826675,0.39340028
4.7384734,-4.799334,0.6808711,0.2978857,0.49017286
4.7588944,-4.782791,0.7042442,0.27750462,0.5869455
4.7765036,-4.767831,0.7298588,0.27834976,0.6680705
4.7927885,-4.7532616,0.75859714,0.27919486,0.7491956
4.8076267,-4.739198,0.7902881,0.28004,0.8303206
4.82092,-4.725774,0.8247399,0.29398638,0.83444494
4.834321,-4.7112746,0.86104345,0.30793273,0.8385692
4.8477364,-4.6956596,0.8992111,0.3218791,0.84269357
4.861064,-4.678891,0.9392549,0.3279567,0.8297996
4.874134,-4.6610236,0.9795824,0.33403432,0.8169056
4.8868775,-4.6420403,1.0201694,0.34011194,0.80401164
4.8992243,-4.6219306,1.060991,0.34198314,0.7899472
4.9109716,-4.6009197,1.101477,0.34385437,0.77588284
4.9220724,-4.579029,1.1416132,0.34572557,0.7618184
4.9324822,-4.556282,1.1813854,0.3469928,0.74301505
4.9421835,-4.5326414,1.2205095,0.34826002,0.7242117
4.9511356,-4.50814,1.2589658,0.3495272,0.70540833
4.9592996,-4.4828124,1.2967348,0.35103562,0.6825787
4.9666715,-4.45659,1.3336402,0.352544,0.6597491
4.973216,-4.429514,1.3696536,0.3540524,0.63691944
4.978903,-4.401624,1.4047474,0.3550668,0.6166053
4.9836907,-4.3730545,1.4389681,0.35608122,0.59629107
4.9875636,-4.3438473,1.472296,0.35709563,0.57597685
4.990509,-4.3140445,1.5047115,0.35769817,0.55645514
4.9925146,-4.283737,1.5361997,0.35830072,0.5369334
4.9935794,-4.2529674,1.566745,0.35890326,0.5174117
4.9937057,-4.2217755,1.5963326,0.35925007,0.49922875
4.9929004,-4.190245,1.6249976,0.35959688,0.48104578
4.9911737,-4.1584134,1.6527289,0.35994366,0.46286285
4.988538,-4.1263146,1.6795155,0.36014646,0.44816688
4.985016,-4.094048,1.7055249,0.36034927,0.4334709
4.9806232,-4.061642,1.7307507,0.36055207,0.41877493
4.975377,-4.0291233,1.7551867,0.36122084,0.40474528
4.9692893,-3.9964826,1.7788938,0.36188963,0.39071563
4.962376,-3.963743,1.8018647,0.3625584,0.37668598
4.9546547,-3.9309251,1.824092,0.36357537,0.36384493
4.9461403,-3.8980317,1.8456564,0.36459234,0.35100386
4.936848,-3.8650806,1.86655,0.36560932,0.3381628
4.9267955,-3.8320878,1.8867654,0.36696947,0.3242346
4.9159865,-3.7990248,1.9062505,0.36832958,0.31030643
4.9044404,-3.765906,1.9249954,0.3696897,0.29637823
4.892177,-3.7327437,1.9429905,0.37068045,0.28367782
4.8792357,-3.6995938,1.9602821,0.37167117,0.2709774
4.865638,-3.666465,1.9768631,0.37266192,0.258277
4.851406,-3.6333647,1.992727,0.3733669,0.24551123
4.836574,-3.600324,2.0078516,0.37407187,0.2327455
4.821168,-3.5673468,2.0222316,0.37477684,0.21997975
4.805212,-3.5344362,2.0358615,0.37576747,0.20623782
4.7887163,-3.501562,2.0486865,0.37675813,0.19249591
4.771709,-3.4687252,2.0606995,0.3777488,0.178754
4.7542176,-3.4359245,2.0718935,0.37852922,0.1667305
4.7362857,-3.4031858,2.0823636,0.37930965,0.15470698
4.717939,-3.3705058,2.092105,0.3800901,0.14268348
4.699202,-3.3378806,2.101113,0.38024917,0.13128895
4.6801343,-3.3053608,2.1094096,0.38040826,0.11989442
4.6607614,-3.2729402,2.116993,0.38056734,0.1084999
4.6411095,-3.2406116,2.1238613,0.3806568,0.09774156
4.621209,-3.2083755,2.1300523,0.3807463,0.08698322
4.6010847,-3.1762235,2.1355653,0.3808358,0.07622488
4.580761,-3.1441472,2.1403987,0.38089922,0.06668876
4.5602646,-3.1121426,2.1446292,0.38096267,0.05715265
4.5396175,-3.0802004,2.148256,0.38102612,0.04761654
4.5188413,-3.0483122,2.1512787,0.38092676,0.036967374
4.4979644,-3.016481,2.1536252,0.3808274,0.026318204
4.477011,-2.9846964,2.1552954,0.38072804,0.015669037
4.456006,-2.952948,2.1562898,0.38022405,0.0069652735
4.434995,-2.9212594,2.1567311,0.37972006,-0.0017384887
4.413997,-2.8896213,2.156621,0.37921607,-0.010442251
4.393032,-2.8580246,2.155961,0.38099203,-0.017119557
4.3719916,-2.826269,2.154874,0.38276798,-0.023796862
4.3508906,-2.7943468,2.153356,0.3845439,-0.030474167
4.3297443,-2.76225,2.1514034,0.38770133,-0.035413362
4.3084908,-2.7298534,2.1491156,0.39085877,-0.040352553
4.287143,-2.6971502,2.1464875,0.39401618,-0.045291744
4.2657146,-2.6641335,2.1435142,0.39764702,-0.04983022
4.244192,-2.6307554,2.1402133,0.40127784,-0.054368697
4.2225895,-2.5970092,2.1365788,0.40490866,-0.058907174
4.200921,-2.5628872,2.1326058,0.4086012,-0.062295355
4.1791964,-2.5283747,2.1283662,0.41229376,-0.06568353
4.157428,-2.4934652,2.1238558,0.4159863,-0.06907171
4.135628,-2.4581525,2.119071,0.4196909,-0.072493635
4.113811,-2.422429,2.1140046,0.4233955,-0.07591556
4.091989,-2.3862886,2.1086526,0.4271001,-0.07933749
4.070178,-2.3497243,2.1030111,0.43089113,-0.08327782
4.0483885,-2.3127236,2.0970373,0.43468213,-0.08721815
4.026638,-2.2752795,2.0907266,0.43847314,-0.09115849
4.0049443,-2.2373843,2.084074,0.44229975,-0.094976984
3.9833236,-2.1990275,2.0770833,0.44612634,-0.09879549
3.9617949,-2.1602018,2.0697494,0.44995296,-0.102613986
3.9403775,-2.1209,2.0620675,0.4538076,-0.10856987
3.9190953,-2.081122,2.053872,0.45766225,-0.11452575
3.897976,-2.040858,2.0451555,0.4615169,-0.120481625
3.8770483,-2.0001,2.0359104,0.46514896,-0.12523568
3.8563485,-1.9588518,2.026227,0.468781,-0.12998971
3.8359032,-1.9171071,2.0160995,0.47241306,-0.13474375
3.8157392,-1.8748592,2.0055225,0.47638443,-0.13958979
3.795871,-1.8320721,1.9944752,0.48035577,-0.14443581
3.7763283,-1.7887397,1.982952,0.4843271,-0.14928183
3.7571428,-1.7448562,1.9709466,0.48639262,-0.1522741
3.738414,-1.7005777,1.95865,0.48845813,-0.15526639
3.7201629,-1.655904,1.9460605,0.4905236,-0.15825866
3.7024088,-1.6108356,1.9331762,0.49086213,-0.16074723
3.6852322,-1.5655289,1.920082,0.49120066,-0.16323581
3.6686454,-1.5199884,1.9067776,0.49153918,-0.16572438
3.6526616,-1.4742186,1.8932631,0.4912091,-0.1673244
3.6373122,-1.4282802,1.8796283,0.490879,-0.1689244
3.6226046,-1.3821803,1.8658737,0.4905489,-0.17052442
3.6085455,-1.3359264,1.8519994,0.49055687,-0.1720182
3.595133,-1.2894931,1.8380046,0.49056482,-0.17351198
3.5823746,-1.242888,1.8238891,0.49057278,-0.17500576
3.5702784,-1.196119,1.8096533,0.49015936,-0.17857887
3.558866,-1.1492519,1.7951419,0.48974594,-0.18215196
3.548151,-1.1022946,1.780356,0.48933253,-0.18572506
3.5381465,-1.055255,1.7652961,0.48806617,-0.18763214
3.528879,-1.0082091,1.7501227,0.4867998,-0.18953922
3.5203514,-0.96116763,1.7348366,0.48553342,-0.19144632
3.5125673,-0.91414124,1.7194388,0.48381063,-0.187419
3.5055277,-0.86713153,1.7044146,0.48208782,-0.18339168
3.499213,-0.8201537,1.6897619,0.48036504,-0.17936435
3.4936032,-0.7732219,1.6754787,0.4794429,-0.17127332
3.4886668,-0.7262377,1.6618595,0.47852075,-0.16318229
3.484373,-0.679217,1.6489029,0.4775986,-0.15509126
3.4806912,-0.63217425,1.636607,0.47800136,-0.15318759
3.4775846,-0.5850361,1.6244508,0.4784041,-0.1512839
3.4750483,-0.5378102,1.6124343,0.47880685,-0.14938024
3.4730773,-0.49050376,1.6005578,0.47864565,-0.14266814
3.4716675,-0.44314647,1.5892152,0.47848442,-0.13595605
3.4707944,-0.3957476,1.5784065,0.47832322,-0.12924396
3.4704335,-0.3483156,1.5681317,0.4785296,-0.12858583
3.4705598,-0.30085787,1.5579046,0.47873595,-0.12792769
3.4711719,-0.25337943,1.5477251,0.47894233,-0.12726957
3.4722679,-0.20588519,1.5375934,0.4785568,-0.12149558
3.4738448,-0.15840846,1.5279268,0.4781713,-0.1157216
3.4758804,-0.110954784,1.5187249,0.47778577,-0.10994761
3.478352,-0.06352907,1.5099872,0.47803572,-0.1153843
3.481238,-0.016131127,1.5008147,0.47828567,-0.120821
3.4845579,0.03123255,1.491207,0.4785356,-0.12625769
3.4883323,0.07855492,1.4811639,0.47799283,-0.11996504
3.4925802,0.12582016,1.4716297,0.4774501,-0.11367239
3.4972765,0.17302398,1.4626037,0.47690734,-0.107379735
3.5023966,0.2201628,1.4540851,0.47804,-0.11517722
3.5079265,0.267327,1.4449288,0.4791727,-0.12297471
3.5138962,0.3145062,1.4351325,0.48030537,-0.13077219
3.5203369,0.3616891,1.424694,0.48040822,-0.1220346
3.527279,0.40886462,1.414947,0.48051104,-0.113297015
3.5346894,0.456029,1.4058931,0.48061386,-0.10455943
3.542536,0.5031795,1.3975328,0.482644,-0.116807826
3.5507998,0.5503973,1.3881581,0.48467413,-0.12905622
3.5595295,0.5976622,1.377762,0.48670423,-0.14130461
3.5687733,0.6449526,1.3663378,0.4853844,-0.12824179
3.5785475,0.69208974,1.3559918,0.4840646,-0.11517897
3.5887973,0.73907036,1.34672,0.48274478,-0.10211615
3.5994682,0.7858928,1.3385183,0.4844295,-0.11922548
3.6105404,0.83270013,1.328915,0.48611426,-0.1363348
3.6220763,0.8794585,1.3179035,0.487799,-0.15344414
3.6341379,0.9261319,1.3054774,0.48737642,-0.13196717
3.6468067,0.9727552,1.2947888,0.48695385,-0.11049022
3.659996,1.0193218,1.2858398,0.4865313,-0.089013256
3.673619,1.0658281,1.2786313,0.49084184,-0.10960724
3.6876717,1.1125501,1.2696826,0.4951524,-0.13020124
3.7022328,1.1594373,1.2589681,0.49946296,-0.15079522
3.7173824,1.2064354,1.2464628,0.49905393,-0.13181648
3.733148,1.2533286,1.2355306,0.4986449,-0.11283775
3.7494502,1.3001173,1.2261729,0.49823582,-0.093859
3.7662086,1.346805,1.2183903,0.5012673,-0.11233932
3.7834013,1.3935547,1.2090248,0.50429875,-0.13081963
3.8010974,1.4403173,1.1980608,0.50733024,-0.14929995
3.8193672,1.487041,1.1854835,0.5073367,-0.14127423
3.8382454,1.5335866,1.1735775,0.5073431,-0.13324851
3.8576982,1.579956,1.1623437,0.5073495,-0.12522279
3.8776917,1.6261528,1.1517828,0.5093577,-0.13941401
3.8982143,1.6722306,1.1399858,0.5113659,-0.15360524
3.919318,1.7181478,1.1269459,0.5133741,-0.16779646
3.9410536,1.7638596,1.1126561,0.51271546,-0.16757196
3.9634125,1.8091997,1.0984036,0.51205677,-0.16734746
3.9863865,1.8541604,1.0841882,0.51139814,-0.16712297
4.009968,1.8987343,1.0700101,0.51166654,-0.17845426
4.0341434,1.9429053,1.0548725,0.51193494,-0.18978556
4.0589457,1.9866357,1.0387765,0.51220334,-0.20111685
4.084405,2.029887,1.0217233,0.5101256,-0.21190256
4.1104326,2.0724277,1.0038416,0.5080479,-0.22268826
4.1370444,2.1142254,0.98514104,0.5059701,-0.23347397
4.1642528,2.1552465,0.96563095,0.50405264,-0.23916078
4.1921124,2.1955202,0.9457303,0.5021351,-0.24484758
4.2206182,2.2350252,0.92544335,0.50021756,-0.2505344
4.2497663,2.2737393,0.90477425,0.5004662,-0.2591216
4.279656,2.3117764,0.8834017,0.5007149,-0.26770878
4.3102956,2.3490982,0.86132663,0.50096357,-0.276296
4.3416924,2.3856652,0.83855,0.5017334,-0.28294417
4.3739014,2.4214942,0.815204,0.50250334,-0.28959236
4.4069242,2.4565468,0.7912881,0.5032732,-0.29624054
4.44076,2.4907832,0.7668016,0.5041877,-0.3
4.4754467,2.524203,0.74196863,0.5051023,-0.3
4.511017,2.5568106,0.71709067,0.5060168,-0.3
4.547453,2.5885804,0.69216764,0.50735164,-0.3
4.5847673,2.6195138,0.66717887,0.5086864,-0.3
4.6229434,2.649584,0.64212435,0.5100212,-0.3
4.661963,2.6787648,0.6170041,0.51153785,-0.3
4.7018213,2.7070403,0.5918091,0.5130545,-0.3
4.7425,2.7343833,0.56653947,0.5145712,-0.3
4.7839785,2.7607677,0.5411951,0.5156921,-0.3
4.826204,2.7861476,0.5157955,0.51681304,-0.3
4.8691535,2.8104997,0.49034074,0.51793396,-0.3
4.9128036,2.833801,0.46483073,0.51876646,-0.3
4.9571047,2.8560174,0.43927974,0.51959896,-0.3
5.002031,2.8771281,0.41368774,0.52043146,-0.3
5.047556,2.8971145,0.38805473,0.52080023,-0.3
5.0936103,2.915941,0.36240357,0.521169,-0.3
5.140166,2.9335923,0.33673424,0.5215377,-0.3
5.187192,2.9500546,0.31104675,0.5213973,-0.3
5.2346125,2.9652996,0.28536618,0.5212568,-0.3
5.2823963,2.979318,0.25969252,0.5211164,-0.3
5.330511,2.9921017,0.23402579,0.5198076,-0.3
5.3788166,3.0036175,0.20842353,0.5184988,-0.3
5.4272785,3.013867,0.1828857,0.51719,-0.3
5.4758635,3.022853,0.15741237,0.514814,-0.3
5.5244374,3.0305629,0.13205604,0.51243806,-0.3
5.5729666,3.0370088,0.10681674,0.51006204,-0.3
5.6214166,3.042204,0.08169446,0.50877106,-0.3
5.6698594,3.0461702,0.056635775,0.5074801,-0.3
5.718263,3.0489147,0.03164067,0.5061891,-0.3
5.7665973,3.0504444,0.0067091505,0.50506455,-0.29146048
5.8149724,3.0507689,-0.01747935,0.50394,-0.28292096
5.8633556,3.0499232,-0.04092614,0.5028154,-0.27438143
5.9117155,3.0479429,-0.06363258,0.50258654,-0.26040047
5.9601817,3.0448546,-0.08519919,0.5023577,-0.24641949
6.0087233,3.040709,-0.10562281,0.5021289,-0.23243852
6.0573134,3.0355575,-0.124900475,0.5008598,-0.19690394
6.106049,3.0294385,-0.14123134,0.49959075,-0.16136937
6.154868,3.0224977,-0.15460955,0.49832168,-0.1258348
6.2037163,3.0148845,-0.16503303,0.49935788,-0.11706326
6.2526364,3.0067368,-0.17475353,0.5003941,-0.10829172
6.3016253,2.9980876,-0.18376732,0.5014303,-0.099520184
6.35068,2.98897,-0.19207066,0.5027343,-0.09071343
6.399826,2.9794128,-0.19966103,0.50403833,-0.08190668
6.449063,2.9694493,-0.20653403,0.50534236,-0.073099926
6.498391,2.959114,-0.21268529,0.5072527,-0.062200867
6.5478773,2.9484274,-0.2179405,0.5091631,-0.051301815
6.597524,2.9374328,-0.22229208,0.5110734,-0.04040276
6.647333,2.9261746,-0.22573261,0.51367205,-0.027881432
6.6973777,2.914682,-0.22811928,0.5162707,-0.015360105
6.7476616,2.9030082,-0.2294409,0.51886934,-0.0028387785
6.798188,2.8912075,-0.2296864,0.51962495,0.0051766275
6.8487854,2.8793771,-0.22923808,0.5203806,0.013192033
6.899458,2.8675532,-0.22809397,0.5211363,0.02120744
6.95021,2.8557718,-0.22625211,0.5193219,0.028488075
7.000798,2.844127,-0.2237867,0.5175076,0.03576871
7.0512266,2.8326495,-0.22070225,0.51569325,0.043049347
7.101498,2.8213706,-0.21700335,0.51149946,0.041253723
7.1514063,2.810367,-0.21348748,0.5073056,0.039458096
7.2009463,2.7996273,-0.21015212,0.50311184,0.03766247
7.250116,2.7891395,-0.2069948,0.49763227,0.038675
7.2987804,2.7789197,-0.20378794,0.49215272,0.039687525
7.346939,2.7689674,-0.2005334,0.48667315,0.040700056
7.394592,2.7592812,-0.19723305,0.480275,0.03425368
7.4416604,2.7498755,-0.19449171,0.47387683,0.027807306
7.488137,2.7407205,-0.19229579,0.4674787,0.021360934
7.5340123,2.7317884,-0.19063163,0.4629928,0.013649523
7.5794687,2.7230165,-0.18957838,0.45850685,0.0059381127
7.6244974,2.7143762,-0.18912461,0.45402095,-0.0017732978
7.66909,2.7058408,-0.1892588,0.44825283,0.0018125176
7.7131147,2.6974077,-0.18912339,0.4424847,0.005398333
7.756573,2.6890893,-0.18872528,0.43671656,0.0089841485
7.799468,2.6808965,-0.18807137,0.4296882,0.0045662103
7.8416786,2.672863,-0.18774435,0.42265978,0.00014827252
7.8832016,2.6649742,-0.18773392,0.4156314,-0.0042696656
7.924034,2.6572173,-0.18802968,0.40098703,-0.0073845745
7.963425,2.649722,-0.18852319,0.38634264,-0.010499483
8.001373,2.642482,-0.18919925,0.37169826,-0.013614392
8.037876,2.635492,-0.19004263,0.35648584,-0.014389044
8.072879,2.6287587,-0.19089751,0.34127343,-0.015163695
8.106382,2.6222842,-0.19175997,0.32606098,-0.015938347
8.138387,2.6160707,-0.19262609,0.31287906,-0.02112056
8.169089,2.6100824,-0.19372737,0.2996971,-0.026302774
8.198488,2.6043146,-0.19504103,0.28651518,-0.031484984
8.226583,2.5987644,-0.19654426,0.2750012,-0.030227553
8.253541,2.5933967,-0.19792949,0.26348722,-0.028970122
8.279365,2.5882177,-0.19920152,0.25197324,-0.027712692
8.304054,2.5832334,-0.20036519,0.24434038,-0.03254912
8.327987,2.578373,-0.20169047,0.2367075,-0.037385546
8.351161,2.5736344,-0.20316502,0.22907461,-0.042221975
8.373578,2.5690165,-0.20477654,0.22117522,-0.052480202
8.395204,2.5645251,-0.2067102,0.21327582,-0.06273843
8.416036,2.5601563,-0.20893884,0.20537643,-0.07299666
8.436073,2.5559077,-0.21143526,0.19824336,-0.062284093
8.455419,2.5517554,-0.21349183,0.1911103,-0.05157153
8.474071,2.5477116,-0.21513374,0.18397723,-0.040858965
8.492029,2.5437875,-0.21638624,0.17072675,-0.010007268
8.508703,2.540122,-0.21667099,0.15747625,0.02084443
8.524079,2.5367374,-0.21612395,0.14422575,0.05169613
8.538147,2.5336487,-0.21488185,0.12814975,0.08395739
8.550624,2.5309258,-0.21309076,0.11207376,0.11621866
8.561503,2.5285716,-0.2109248,0.09599776,0.14847992
8.570787,2.526584,-0.2085579,0.080840565,0.14688015
8.578611,2.524928,-0.20658603,0.06568337,0.14528036
8.584972,2.523595,-0.2050012,0.05052618,0.14368059
