9.795486,4.1566854,2.3613963,0.52200896,0.0
9.758383,4.1934047,2.3613963,0.4922854,0.07297959
9.723486,4.2279406,2.367379,0.46256185,0.14595918
9.690765,4.259937,2.3785915,0.43283832,0.21893878
9.660229,4.289136,2.3942597,0.40347758,0.30408794
9.631991,4.3153014,2.4143949,0.37411684,0.38923708
9.606133,4.3383117,2.4380567,0.3447561,0.47438622
9.5827465,4.358152,2.4643037,0.31535733,0.5529232
9.561833,4.37497,2.4919066,0.2859586,0.6314602
9.543454,4.3889327,2.5200415,0.25655982,0.7099972
9.527637,4.4002624,2.5479138,0.22702418,0.7622174
9.514026,4.409448,2.5740414,0.19748853,0.8144376
9.502598,4.416734,2.5979817,0.16795288,0.8666578
9.493292,4.422358,2.6193163,0.13807528,0.9226456
9.486068,4.426516,2.6376622,0.10819769,0.9786334
9.480779,4.4294324,2.6526246,0.07832009,1.0
9.477043,4.43142,2.6636088,0.048346322,1.0
9.474724,4.4326215,2.670389,0.018372549,1.0
9.473839,4.433072,2.6729658,-0.011601224,1.0
9.474399,4.4327893,2.6713386,-0.041595615,1.0
9.476402,4.431771,2.6655052,-0.07159001,1.0
9.47984,4.429998,2.655465,-0.1015844,1.0
9.484693,4.427434,2.6412182,-0.13158138,1.0
9.490931,4.424023,2.6227646,-0.16157837,1.0
9.498511,4.419694,2.6001039,-0.19157536,1.0
9.507381,4.414359,2.5732365,-0.22157025,1.0
9.517471,4.4079156,2.5421622,-0.25156516,1.0
9.528693,4.400247,2.5068815,-0.28156006,1.0
9.540943,4.391227,2.467394,-0.3115332,1.0
9.554093,4.380719,2.423703,-0.3415064,1.0
9.56799,4.3685813,2.3758085,-0.37147954,1.0
9.5824585,4.35467,2.3237102,-0.4012738,0.95043546
9.598409,4.3376484,2.2692928,-0.43106803,0.9008709
9.615622,4.3171506,2.2129762,-0.46086225,0.8513064
9.633812,4.2928295,2.1552038,-0.48884645,0.7669826
9.653231,4.263474,2.0986633,-0.5168307,0.68265885
9.673429,4.2288313,2.0443223,-0.523,0.598335
9.693136,4.1903725,1.9952241,-0.523,0.51052475
9.711926,4.14879,1.9526314,-0.523,0.4227144
9.729699,4.1045284,1.9168724,-0.523,0.3349041
9.746454,4.0580626,1.8882226,-0.523,0.3052156
9.762024,4.0106716,1.8620291,-0.523,0.27552712
9.776475,3.9624636,1.838315,-0.523,0.24583861
9.789884,3.9135406,1.8171012,-0.523,0.26979217
9.802175,3.8646538,1.7938687,-0.523,0.29374573
9.81325,3.8158343,1.7686304,-0.523,0.31769928
9.823014,3.7671206,1.7414012,-0.52008647,0.35898238
9.831282,3.7191343,1.7109482,-0.5171729,0.40026549
9.8379345,3.6719718,1.677361,-0.51425934,0.4415486
9.84288,3.6257417,1.6407337,-0.50441605,0.47747493
9.84601,3.581051,1.6021007,-0.49457276,0.5134012
9.847359,3.537991,1.5616164,-0.48472947,0.54932755
9.846979,3.4966514,1.5194358,-0.48016125,0.56503415
9.844897,3.456152,1.4765857,-0.47559306,0.58074075
9.841157,3.416566,1.4330972,-0.47102484,0.59644735
9.835808,3.3779652,1.389001,-0.4692113,0.594282
9.828779,3.3397293,1.3452146,-0.46739778,0.5921166
9.820105,3.3019292,1.3017374,-0.46558422,0.58995116
9.80982,3.2646325,1.2585684,-0.4564227,0.6058797
9.798295,3.2289286,1.2152474,-0.44726112,0.62180823
9.785641,3.1948476,1.1718254,-0.43809956,0.6377368
9.771967,3.1624134,1.1283529,-0.4269691,0.6481491
9.757393,3.1316528,1.0853918,-0.41583866,0.6585614
9.742049,3.102564,1.0429777,-0.40470818,0.6689737
9.726059,3.0751371,1.0011456,-0.39340252,0.6805953
9.709569,3.04939,0.95988715,-0.38209686,0.6922169
9.692696,3.0252953,0.91924185,-0.3707912,0.7038384
9.675553,3.0028186,0.87924904,-0.35662466,0.70662886
9.658257,2.9819264,0.8406579,-0.34245816,0.70941925
9.640926,2.9625666,0.8034787,-0.32829162,0.71220964
9.623675,2.9446807,0.76772183,-0.30620414,0.69258094
9.60672,2.9283147,0.7351353,-0.28411663,0.6729522
9.5902405,2.9134135,0.70562047,-0.2620291,0.6533235
9.574403,2.8999202,0.67907566,-0.24091089,0.6388632
9.559353,2.8877735,0.6551338,-0.21979266,0.6244029
9.545213,2.876909,0.6337182,-0.19867443,0.6099426
9.53209,2.867266,0.61475074,-0.18341392,0.6159577
9.51986,2.8586316,0.59708977,-0.1681534,0.6219727
9.508558,2.8509479,0.580761,-0.1528929,0.62798774
9.498215,2.8441596,0.56578976,-0.14772013,0.63342047
9.488164,2.837777,0.5512171,-0.14254737,0.63885325
9.4784155,2.8317838,0.53705084,-0.1373746,0.644286
9.468978,2.8261645,0.523299,-0.12877104,0.64291143
9.460051,2.821014,0.510432,-0.12016749,0.64153683
9.451651,2.8163104,0.49844676,-0.111563936,0.6401623
9.443792,2.812033,0.4873401,-0.1066791,0.64314294
9.436249,2.8080356,0.47667727,-0.10179426,0.6461236
9.429028,2.8043063,0.46646228,-0.09690942,0.6491043
9.4221325,2.8008344,0.4566991,-0.09129469,0.6495339
9.415607,2.7976284,0.44749635,-0.085679956,0.6499636
9.409458,2.7946768,0.43885472,-0.08006523,0.6503933
9.403689,2.7919693,0.4307748,-0.08061001,0.6513222
9.397864,2.7892923,0.42263,-0.08115478,0.6522511
9.391982,2.786647,0.41442016,-0.08169956,0.65318006
9.386044,2.7840345,0.40614516,-0.08093641,0.6476792
9.380114,2.7814844,0.3980065,-0.08017327,0.6421784
9.374195,2.778996,0.3900033,-0.07941012,0.63667756
9.36829,2.7765684,0.38213474,-0.07942806,0.6297434
9.362333,2.7741747,0.37433836,-0.07944601,0.6228092
9.356328,2.7718153,0.36661464,-0.07946395,0.61587495
9.350272,2.76949,0.35896394,-0.08040327,0.6083559
9.344095,2.7671723,0.35130528,-0.081342585,0.6008368
9.337795,2.7648633,0.343641,-0.0822819,0.59331775
9.331372,2.762565,0.3359735,-0.08289407,0.5861211
9.324852,2.760288,0.3283316,-0.08350624,0.5789244
9.318235,2.7580342,0.32071686,-0.0841184,0.5717277
9.3115225,2.755804,0.31313097,-0.08407493,0.565612
9.3047695,2.7536175,0.30562124,-0.084031455,0.55949634
9.297977,2.7514746,0.29818782,-0.08398797,0.55338067
9.291147,2.7493756,0.29083094,-0.08239733,0.5480005
9.2844095,2.7473588,0.28367636,-0.08080667,0.54262036
9.277766,2.745422,0.27672186,-0.079216026,0.53724027
9.27122,2.7435627,0.26996517,-0.0798113,0.5319562
9.26459,2.741728,0.26321816,-0.08040656,0.5266722
9.257879,2.7399197,0.256482,-0.08100183,0.5213881
9.251085,2.7381377,0.2497577,-0.083394706,0.52514803
9.244093,2.7363544,0.2427895,-0.08578759,0.52890795
9.236904,2.7345736,0.2355749,-0.08818046,0.5326678
9.229517,2.7328007,0.2281114,-0.092605695,0.54326284
9.221795,2.731008,0.22013293,-0.09703093,0.55385786
9.213742,2.7292058,0.211627,-0.101456165,0.5644528
9.205361,2.7274055,0.20258129,-0.10646129,0.5747906
9.196609,2.7256076,0.19293484,-0.11146641,0.5851284
9.187489,2.723826,0.18267424,-0.11647154,0.5954662
9.178006,2.7220743,0.17178619,-0.119228795,0.5980764
9.168299,2.7203898,0.16059749,-0.121986054,0.6006866
9.158364,2.7187808,0.14910622,-0.12474331,0.6032968
9.148207,2.7172549,0.13731049,-0.12406237,0.590124
9.137996,2.715844,0.12580444,-0.12338142,0.5769512
9.127736,2.7145462,0.11458761,-0.122700475,0.56377834
9.117433,2.7133605,0.10365942,-0.121814914,0.51662683
9.106898,2.7122645,0.09363101,-0.12092936,0.4694753
9.096161,2.7112563,0.08451256,-0.1200438,0.42232376
9.08525,2.710332,0.076311946,-0.11420716,0.37687758
9.074662,2.7095225,0.06930688,-0.10837053,0.3314314
9.06444,2.7088127,0.06342964,-0.10253389,0.2859852
9.054623,2.7081892,0.058608793,-0.09469795,0.2843436
9.045548,2.7076569,0.05418123,-0.086862005,0.282702
9.037219,2.707205,0.05014285,-0.079026066,0.2810604
