-3.6176412,8.658561,3.0545447,0.032999005,0.0
-3.6209285,8.658847,3.0545447,0.003369271,0.018186474
-3.6212642,8.658876,3.0545547,-0.026260464,0.03637295
-3.6186497,8.6586485,3.0543957,-0.0558902,0.05455942
-3.6130903,8.658162,3.0538876,-0.08578269,0.012956614
-3.6045458,8.657411,3.0537024,-0.11567518,-0.028646195
-3.5930276,8.656396,3.0542545,-0.14556767,-0.070249006
-3.578562,8.655129,3.0559576,-0.17554156,-0.13610809
-3.561234,8.653642,3.0599275,-0.20551544,-0.20196718
-3.5411673,8.651999,3.0667984,-0.23548934,-0.26782626
-3.5185213,8.650303,3.077185,-0.26548404,-0.3
-3.4932113,8.64867,3.0902607,-0.29547876,-0.3
-3.4650204,8.647222,3.104814,-0.32547346,-0.3
-3.4339478,8.646078,3.1208448,-0.3554698,-0.3
-3.3999958,8.645374,3.1383529,-0.38546616,-0.3
-3.3631709,8.645255,-3.1258469,-0.4154625,-0.3
-3.3234851,8.64588,-3.1053839,-0.3862022,-0.27381963
-3.286328,8.647225,-3.0879784,-0.35694188,-0.24763925
-3.2517726,8.64908,-3.0733964,-0.32768157,-0.22145888
-3.219879,8.651258,-3.0614004,-0.2979893,-0.2336783
-3.190983,8.653581,-3.0499,-0.26829705,-0.24589771
-3.1650698,8.655963,-3.039015,-0.23860477,-0.25811714
-3.142121,8.658326,-3.028864,-0.20884594,-0.27132854
-3.1221282,8.660589,-3.019535,-0.17908712,-0.28453994
-3.1050675,8.662682,-3.0111563,-0.14932828,-0.29775134
-3.0909128,8.664538,-3.0038548,-0.119579725,-0.3
-3.0795972,8.666107,-2.997965,-0.089831166,-0.3
-3.0711038,8.6673355,-2.9935408,-0.060082607,-0.3
-3.0654266,8.668182,-2.9905813,-0.030341337,-0.3
-3.062561,8.668618,-2.9890869,-0.0006000674,-0.3
-3.0625043,8.668627,-2.9890575,0.029141203,-0.3
-3.0652559,8.668204,-2.9904928,0.058835223,-0.3
-3.0708127,8.667358,-2.9933906,0.088529244,-0.3
-3.0791774,8.666109,-2.997751,0.118223265,-0.3
-3.0903552,8.66449,-3.003574,0.14780088,-0.3
-3.1043408,8.662547,-3.0108535,0.17737849,-0.3
-3.1211417,8.660338,-3.01959,0.2069561,-0.3
-3.1407661,8.657932,-3.0297832,0.2362949,-0.3
-3.1631992,8.655414,-3.0414217,0.26563367,-0.3
-3.188449,8.652876,-3.0545049,0.29497248,-0.3
-3.216522,8.650425,-3.0690334,0.32384938,-0.3
-3.247379,8.648182,-3.084984,0.3527263,-0.3
-3.2810223,8.6462755,-3.102357,0.3816032,-0.3
-3.3174503,8.644845,-3.1211522,0.40959972,-0.3
-3.3565726,8.644046,-3.1413264,0.43759623,-0.3
-3.398378,8.644034,3.1203058,0.46559274,-0.3
-3.4428475,8.644981,3.0973737,0.48811904,-0.20007952
-3.490639,8.647096,3.0812051,0.5106454,-0.10015903
-3.541355,8.650162,3.072695,0.523,-0.00023853779
-3.593531,8.653763,3.0726743,0.523,0.099639155
-3.6454477,8.657347,3.081345,0.523,0.19951685
-3.6966174,8.660433,3.0986211,0.523,0.29939455
-3.7465446,8.66258,3.1243303,0.523,0.3990948
-3.7947273,8.663411,-3.1249833,0.523,0.49879506
-3.840649,8.662648,-3.0832858,0.523,0.5984953
-3.8837848,8.6601305,-3.034176,0.523,0.4985043
-3.929455,8.655206,-2.9925005,0.523,0.3985133
-3.977122,8.6480465,-2.9586756,0.523,0.29852226
-4.026275,8.638953,-2.9330392,0.523,0.19861923
-4.076436,8.628338,-2.91584,0.523,0.09871619
-4.1271605,8.616688,-2.907249,0.523,-0.0011868417
-4.178031,8.604544,-2.9073524,0.523,-0.098817036
-4.2286544,8.592464,-2.915952,0.523,-0.19644724
-4.2786484,8.580988,-2.9329658,0.523,-0.29407743
-4.3276176,8.570621,-2.9582317,0.523,-0.3
-4.3767443,8.56151,-2.9839911,0.523,-0.3
-4.4260893,8.553669,-3.0097506,0.523,-0.3
-4.47562,8.5471,-3.03551,0.523,-0.26408494
-4.5258226,8.541755,-3.058263,0.523,-0.22816989
-4.5765905,8.537515,-3.0779796,0.523,-0.19225484
-4.627823,8.534251,-3.0946348,0.523,-0.15402736
-4.6794467,8.531825,-3.108008,0.523,-0.11579987
-4.731367,8.530081,-3.1180792,0.523,-0.07757238
-4.7834954,8.528854,-3.124834,0.523,-0.05172373
-4.835718,8.52798,-3.1293406,0.523,-0.02587508
-4.8879967,8.527339,-3.1315958,0.523,-2.64287e-05
-4.9402943,8.526816,-3.1315982,0.523,0.0132098915
-4.992587,8.526294,-3.1304467,0.523,0.026446212
-5.0448656,8.525711,-3.1281419,0.523,0.03968253
-5.09712,8.525008,-3.1246836,0.523,0.05283296
-5.149339,8.524125,-3.1200805,0.523,0.06598339
-5.2015133,8.523002,-3.1143332,0.523,0.07913382
-5.25363,8.521581,-3.1074426,0.523,0.084555686
-5.305713,8.519802,-3.100081,0.523,0.08997755
-5.3577566,8.51764,-3.0922484,0.523,0.09539942
-5.409755,8.515072,-3.0839455,0.523,0.10871035
-5.4616604,8.512076,-3.0744882,0.523,0.12202128
-5.5134544,8.508595,-3.0638783,0.523,0.13533221
-5.56512,8.504573,-3.0521178,0.523,0.14658415
-5.616652,8.499949,-3.0393863,0.523,0.1578361
-5.6680326,8.494679,-3.0256853,0.523,0.16908804
-5.7192407,8.488717,-3.0110166,0.523,0.1928902
-5.770134,8.482034,-2.994307,0.523,0.21669236
-5.8206577,8.474539,-2.9755661,0.523,0.24049452
-5.8707542,8.466144,-2.9548047,0.523,0.23717028
-5.920706,8.456703,-2.9343245,0.523,0.23384605
-5.9704933,8.446234,-2.9141262,0.523,0.23052183
-6.020098,8.4347515,-2.8942099,0.523,0.23219702
-6.069445,8.422289,-2.8741515,0.523,0.2338722
-6.118513,8.408844,-2.853951,0.523,0.2355474
-6.1672792,8.394417,-2.8336084,0.523,0.23546301
-6.215743,8.379,-2.813273,0.523,0.23537862
-6.2638845,8.3626,-2.7929447,0.523,0.23529425
-6.3116837,8.345225,-2.7726235,0.523,0.23326688
-6.359143,8.326875,-2.7524743,0.523,0.23123951
-6.4062448,8.307561,-2.7324972,0.523,0.22921214
-6.4529743,8.287301,-2.712692,0.523,0.2330629
-6.499251,8.266139,-2.6925602,0.523,0.23691364
-6.54505,8.24407,-2.6721017,0.523,0.24076438
-6.5903463,8.22109,-2.6513174,0.523,0.24289182
-6.635131,8.197187,-2.6303527,0.523,0.24501927
-6.6793814,8.172363,-2.6092083,0.523,0.24714671
-6.723074,8.146623,-2.587884,0.523,0.25231457
-6.766151,8.119992,-2.5661232,0.523,0.2574824
-6.808581,8.092467,-2.5439265,0.523,0.26265025
-6.850332,8.064047,-2.5212946,0.523,0.26864207
-6.891362,8.034736,-2.4981585,0.523,0.27463388
-6.9316363,8.004535,-2.4745195,0.523,0.28062573
-6.971118,7.973443,-2.450378,0.523,0.28700686
-7.009765,7.941467,-2.4257026,0.523,0.29338795
-7.0475397,7.90861,-2.4004943,0.523,0.29976907
-7.0844026,7.8748765,-2.374754,0.523,0.3048753
-7.120327,7.840261,-2.3485887,0.523,0.30998152
-7.1552773,7.804775,-2.3219993,0.523,0.31508774
-7.1892157,7.7684326,-2.2949865,0.523,0.31162423
-7.222197,7.731145,-2.2682607,0.523,0.30816072
-7.2542057,7.6929464,-2.2418225,0.523,0.3046972
-7.285228,7.653873,-2.215672,0.523,0.3069398
-7.3151956,7.6140294,-2.1893353,0.523,0.3091824
-7.344084,7.5734396,-2.1628122,0.523,0.31142503
-7.3718653,7.532128,-2.1361032,0.523,0.30502877
-7.3985877,7.490003,-2.109925,0.523,0.29863247
-7.4242496,7.447108,-2.0842795,0.523,0.2922362
-7.4488506,7.403484,-2.0591674,0.523,0.28928727
-7.4723697,7.359217,-2.0343013,0.523,0.2863383
-7.4948,7.31434,-2.0096817,0.523,0.28338936
-7.5161376,7.268885,-1.985309,0.523,0.27265322
-7.536423,7.2227826,-1.9618361,0.523,0.26191708
-7.5556774,7.1760798,-1.9392658,0.523,0.25118095
-7.573924,7.128821,-1.9176008,0.523,0.24200849
-7.591182,7.081068,-1.896711,0.523,0.23283602
-7.6074758,7.0328584,-1.8765984,0.523,0.22366357
-7.622829,6.984227,-1.8572644,0.523,0.21227802
-7.637275,6.9351845,-1.8388995,0.523,0.2008925
-7.6508512,6.885767,-1.8215059,0.523,0.18950695
-7.6635942,6.836009,-1.8050859,0.523,0.19136259
-7.675514,6.7860665,-1.7885071,0.523,0.19321823
-7.6866,6.7359514,-1.7717695,0.523,0.19507386
-7.6968427,6.685676,-1.7548733,0.523,0.1924787
-7.7062387,6.635209,-1.7381989,0.523,0.18988353
-7.7147965,6.584567,-1.7217467,0.523,0.18728837
-7.7225237,6.5337663,-1.7055167,0.523,0.18779849
-7.729425,6.482851,-1.689243,0.523,0.1883086
-7.7354956,6.4318357,-1.6729256,0.523,0.1888187
-7.740733,6.380733,-1.6565645,0.523,0.18664068
-7.7451353,6.3295302,-1.6403899,0.523,0.18446265
-7.7487106,6.278242,-1.6244019,0.523,0.18228462
-7.7514663,6.2268825,-1.6086006,0.523,0.18199345
-7.7534103,6.1754827,-1.5928243,0.523,0.18170227
-7.7545433,6.1240563,-1.577073,0.523,0.1814111
-7.754866,6.0726156,-1.5613465,0.523,0.17875017
-7.7543797,6.021151,-1.5458484,0.523,0.17608924
-7.7530956,5.969676,-1.5305784,0.523,0.17342831
-7.7510242,5.918202,-1.5155369,0.523,0.16917473
-7.748177,5.8667274,-1.5008608,0.523,0.16492115
-7.7445717,5.8152633,-1.4865502,0.523,0.16066757
-7.7402277,5.7638197,-1.4726055,0.523,0.16038969
-7.735166,5.71244,-1.4586848,0.523,0.16011181
-7.72939,5.661133,-1.4447879,0.523,0.15983392
-7.722901,5.609909,-1.430915,0.523,0.15722747
-7.7156987,5.5587587,-1.4172664,0.523,0.154621
-7.707796,5.5076904,-1.4038422,0.523,0.15201455
-7.6992054,5.4567122,-1.3906425,0.523,0.14893362
-7.689938,5.4058285,-1.3777084,0.523,0.14585268
-7.6800084,5.3550453,-1.36504,0.523,0.14277175
-7.669432,5.3043694,-1.3526373,0.523,0.13926521
-7.658222,5.2538033,-1.3405372,0.523,0.13575867
-7.6463957,5.203352,-1.3287399,0.523,0.13225213
-7.633969,5.1530204,-1.3172455,0.523,0.12828977
-7.6209574,5.1028085,-1.3060936,0.523,0.12432743
-7.6073804,5.0527196,-1.2952843,0.523,0.120365076
-7.5932555,5.002756,-1.2848177,0.5203949,0.11559139
-7.5786734,4.9531636,-1.2748145,0.5177898,0.1108177
-7.563663,4.9039397,-1.2652707,0.5151847,0.10604401
-7.5482535,4.855083,-1.2561824,0.51055396,0.101057015
-7.532535,4.8067813,-1.2475978,0.5059233,0.09607002
-7.516541,4.75903,-1.2395096,0.5012926,0.09108303
-7.5003037,4.711823,-1.2319102,0.49840233,0.08860647
-7.4838,4.665002,-1.2245595,0.4955121,0.08612992
-7.4670467,4.6185637,-1.2174553,0.49262187,0.08365336
-7.45006,4.5725064,-1.2105951,0.49024966,0.08104805
-7.432837,4.526778,-1.2039801,0.48787746,0.07844274
-7.4153934,4.481376,-1.1976081,0.48550528,0.07583742
-7.397743,4.4362974,-1.1914774,0.4829571,0.06980783
-7.379904,4.391544,-1.185863,0.4804089,0.06377824
-7.3619013,4.347109,-1.1807599,0.47786075,0.057748638
-7.343762,4.3029857,-1.1761631,0.47425848,0.04330496
-7.3255453,4.259246,-1.1727412,0.47065622,0.028861284
-7.307309,4.2158785,-1.1704776,0.46705395,0.014417606
-7.289109,4.17287,-1.1693553,0.46371275,-0.00041078328
-7.27099,4.130185,-1.1693871,0.46037152,-0.015239174
-7.2530046,4.0878124,-1.1705563,0.45703033,-0.030067563
-7.2352047,4.0457406,-1.1728463,0.4533568,-0.03448872
-7.2176466,4.0039725,-1.1754516,0.4496833,-0.038909875
-7.200341,3.9625041,-1.1783671,0.44600978,-0.043331034
-7.1833,3.9213324,-1.1815871,0.43854588,-0.04572739
-7.1666765,3.8808,-1.1849283,0.43108195,-0.048123747
-7.150471,3.8409078,-1.1883844,0.42361805,-0.050520103
-7.1346836,3.801656,-1.1919498,0.40787873,-0.059623133
-7.119625,3.7638276,-1.1960006,0.3921394,-0.06872617
-7.1053033,3.727422,-1.2004888,0.37640008,-0.0778292
-7.0917225,3.6924396,-1.2053663,0.357458,-0.09270423
-7.079004,3.6591973,-1.2108814,0.3385159,-0.10757927
-7.06715,3.627698,-1.2169392,0.31957382,-0.1224543
-7.0561595,3.597945,-1.2234452,0.3053988,-0.13335948
-7.0458555,3.569484,-1.230213,0.29122376,-0.14426464
-7.0362287,3.5423195,-1.237191,0.27704874,-0.15516981
-7.0272655,3.5164566,-1.2443272,0.26466686,-0.1522504
-7.018876,3.491678,-1.2510172,0.25228497,-0.14933097
-7.0110335,3.467995,-1.2572728,0.23990308,-0.14641154
-7.0037136,3.4454184,-1.2631061,0.236134,-0.14141807
-6.9966335,3.4231384,-1.2686532,0.2323649,-0.1364246
-6.9897833,3.4011607,-1.2739202,0.22859581,-0.13143112
-6.983154,3.3794897,-1.2789131,0.22112297,-0.124360256
-6.97684,3.3584762,-1.2834846,0.21365012,-0.117289394
-6.9708276,3.3381276,-1.2876514,0.20617728,-0.11021853
-6.965102,3.3184512,-1.2914312,0.20167378,-0.096966475
-6.959567,3.2991567,-1.2946854,0.19717026,-0.08371442
-6.9542108,3.280253,-1.2974331,0.19266675,-0.07046236
-6.9490223,3.2617476,-1.299694,0.19025832,-0.042125862
-6.943932,3.243433,-1.3010293,0.1878499,-0.013789361
-6.938926,3.2253292,-1.301461,0.18544146,0.014547139
-6.9339924,3.2074554,-1.3010114,0.17769442,0.047862403
-6.9292617,3.1903484,-1.2995945,0.16994737,0.08117767
-6.924724,3.1740286,-1.2972977,0.16220032,0.11449294
