3.428748,-2.0459833,2.0303826,-0.049948674,0.0
3.4309635,-2.0504599,2.0303826,-0.07784374,-0.047613036
3.4344125,-2.0574286,2.0310001,-0.105738804,-0.09522607
3.4390874,-2.0668595,2.0326757,-0.13363387,-0.1428391
3.444982,-2.0787008,2.0358465,-0.16224787,-0.20248662
3.4521096,-2.0929062,2.0412846,-0.19086188,-0.26213413
3.4604661,-2.1093373,2.049528,-0.21947588,-0.3
3.470125,-2.1279476,2.0603378,-0.24880451,-0.3
3.4813015,-2.148925,2.0725923,-0.27813312,-0.3
3.4940825,-2.1722205,2.0862913,-0.30746177,-0.3
3.5085623,-2.1977763,2.101435,-0.3370023,-0.3
3.5248556,-2.2255442,2.1180334,-0.36654285,-0.3
3.543076,-2.2554476,2.136087,-0.3960834,-0.3
3.5633452,-2.2874002,2.1555953,-0.4256797,-0.3
3.5857944,-2.321309,2.1765614,-0.45527604,-0.3
3.6105597,-2.3570642,2.1989853,-0.48487237,-0.3
3.637782,-2.3945427,2.222867,-0.5144485,-0.3
3.667606,-2.4336064,2.2482052,-0.523,-0.3
3.6989224,-2.4725385,2.2739646,-0.523,-0.3
3.7312312,-2.5106509,2.2997243,-0.523,-0.3
3.7645106,-2.5479186,2.3254838,-0.523,-0.3
3.7987392,-2.5843167,2.3512433,-0.523,-0.3
3.8338938,-2.619821,2.3770027,-0.523,-0.3
3.8699512,-2.6544082,2.4027624,-0.523,-0.3
3.9068875,-2.6880553,2.4285219,-0.523,-0.3
3.944678,-2.7207398,2.4542813,-0.523,-0.3
3.983298,-2.75244,2.4800408,-0.523,-0.3
4.022722,-2.7831352,2.5058002,-0.523,-0.3
4.062923,-2.8128045,2.53156,-0.523,-0.3
4.103875,-2.8414288,2.5573194,-0.523,-0.3
4.1455507,-2.8689885,2.5830789,-0.523,-0.3
4.1879225,-2.8954659,2.6088383,-0.523,-0.3
4.2309623,-2.9208431,2.634598,-0.523,-0.3
4.274641,-2.9451032,2.6603575,-0.523,-0.3
4.3189306,-2.9682302,2.686117,-0.523,-0.3
4.363801,-2.990209,2.7118764,-0.523,-0.3
4.4092226,-3.0110247,2.7376359,-0.523,-0.3
4.455165,-3.0306635,2.7633955,-0.523,-0.3
4.5015984,-3.0491126,2.789155,-0.523,-0.3
4.5484915,-3.0663595,2.8149145,-0.523,-0.3
4.595813,-3.082393,2.840674,-0.523,-0.3
4.643532,-3.0972023,2.8664334,-0.523,-0.3
4.6916165,-3.1107774,2.892193,-0.523,-0.3
4.7400346,-3.1231096,2.9179525,-0.523,-0.3
4.7887545,-3.1341908,2.943712,-0.523,-0.3
4.8377438,-3.1440134,2.9694715,-0.523,-0.3
4.8869696,-3.1525707,2.9952312,-0.523,-0.3
4.9363995,-3.1598575,3.0209906,-0.523,-0.3
4.9860005,-3.1658688,3.04675,-0.523,-0.3
5.03574,-3.1706004,3.0725095,-0.523,-0.3
5.085585,-3.1740491,3.098269,-0.523,-0.3
5.1355023,-3.1762133,3.1240287,-0.523,-0.3
5.1854587,-3.1770906,-3.133397,-0.523,-0.3
5.235421,-3.1766813,-3.1076376,-0.523,-0.3
5.285356,-3.174985,-3.0818782,-0.523,-0.3
5.3352313,-3.1720033,-3.0561187,-0.49411118,-0.22878249
5.383179,-3.1678948,-3.037442,-0.46522236,-0.15756497
5.4288764,-3.1631184,-3.0252752,-0.43633354,-0.08634746
5.472053,-3.1580732,-3.0190036,-0.40686852,-0.033736955
5.5124116,-3.1531007,-3.0167165,-0.37740353,0.018873548
5.5498514,-3.148401,-3.0179036,-0.3479385,0.07148405
5.5842915,-3.1441193,-3.0220454,-0.31823027,0.035906255
5.615867,-3.1403265,-3.0239494,-0.28852203,0.00032845736
5.64452,-3.13694,-3.0239651,-0.2588138,-0.03524934
5.670206,-3.1339045,-3.022445,-0.22906871,-0.061633267
5.692908,-3.131187,-3.0200934,-0.19932364,-0.08801719
5.7126164,-3.1287804,-3.017173,-0.16957855,-0.11440112
5.7293334,-3.1266897,-3.0139468,-0.13982056,-0.10108048
5.7431307,-3.124919,-3.0115952,-0.11006258,-0.08775984
5.754002,-3.1234977,-3.0099876,-0.08030459,-0.074439205
5.761941,-3.1224468,-3.0089922,-0.05051979,-0.06226629
5.766939,-3.1217802,-3.0084682,-0.02073499,-0.050093375
5.7689915,-3.1215053,-3.0082953,0.0090498105,-0.037920464
5.7680955,-3.1216254,-3.0083523,0.03875384,-0.0301929
5.764256,-3.12214,-3.0085473,0.068457864,-0.022465337
5.7574725,-3.1230478,-3.0088036,0.0981619,-0.014737773
5.7477436,-3.1243474,-3.0090446,0.1275434,0.00024118423
5.735101,-3.126033,-3.0090396,0.15692492,0.015220141
5.719548,-3.1281068,-3.0086415,0.18630643,0.0301991
5.7010903,-3.1305754,-3.007704,0.21509095,0.0016058565
5.679774,-3.1334465,-3.0076463,0.24387544,-0.026987385
5.6556134,-3.1367023,-3.0087433,0.27265993,-0.055580627
5.6286297,-3.1403084,-3.0112677,0.2999014,-0.045870222
5.598925,-3.1442015,-3.0135596,0.32714286,-0.036159813
5.5664997,-3.148376,-3.0155308,0.35438433,-0.026449407
5.531355,-3.15283,-3.0170927,0.3799783,-0.036575884
5.493676,-3.1575453,-3.0194087,0.4055723,-0.046702363
5.4534655,-3.162483,-3.0225644,0.43116626,-0.056828838
5.4107227,-3.1675947,-3.026646,0.45392436,-0.022909362
5.3656416,-3.1727996,-3.028379,0.47668248,0.011010116
5.3182817,-3.1781845,-3.0275042,0.49944058,0.044929594
5.268712,-3.1838644,-3.0237656,0.5207936,0.053705137
5.2170687,-3.189978,-3.0191064,0.523,0.06248068
5.1652617,-3.1963553,-3.0136635,0.523,0.07125623
5.1135206,-3.2030108,-3.0074577,0.523,0.0814344
5.0618625,-3.209982,-3.0003672,0.523,0.09161257
5.0103,-3.2173126,-2.9923928,0.523,0.10179074
4.958849,-3.2250466,-2.9835353,0.523,0.1066227
4.907494,-3.233232,-2.974259,0.523,0.11145466
4.8562446,-3.2418885,-2.9645638,0.523,0.11628662
4.8051095,-3.2510366,-2.9544504,0.523,0.12228822
4.7541065,-3.2606945,-2.9438176,0.523,0.12828982
4.7032475,-3.2708864,-2.9326656,0.523,0.13429143
4.6525455,-3.2816365,-2.920995,0.523,0.13913622
4.602006,-3.2929697,-2.908906,0.523,0.14398102
4.551642,-3.304905,-2.896399,0.523,0.14882582
4.501467,-3.31746,-2.883474,0.523,0.14916396
4.4514613,-3.330662,-2.8705204,0.523,0.14950211
4.4016333,-3.3445098,-2.857537,0.523,0.14984027
4.3519917,-3.3590028,-2.8445249,0.523,0.15022033
4.3025455,-3.3741395,-2.8314798,0.523,0.15060042
4.253304,-3.389919,-2.818402,0.523,0.15098049
4.204276,-3.4063401,-2.8052917,0.523,0.14897993
4.1554523,-3.423408,-2.7923534,0.523,0.14697938
4.1068397,-3.441111,-2.7795877,0.523,0.14497882
4.058442,-3.4594388,-2.7669947,0.523,0.1453518
4.0102825,-3.4783735,-2.7543695,0.523,0.14572477
3.9623678,-3.4979136,-2.741712,0.523,0.14609776
3.9147072,-3.5180576,-2.7290225,0.523,0.14572707
3.8673031,-3.5388057,-2.7163649,0.523,0.14535636
3.8201632,-3.5601535,-2.7037392,0.523,0.14498566
3.773294,-3.5820959,-2.6911454,0.523,0.14773479
3.7267237,-3.6046176,-2.6783147,0.523,0.1504839
3.6804652,-3.6277254,-2.665247,0.523,0.15323302
3.634532,-3.6514258,-2.6519425,0.523,0.15974808
3.5889652,-3.6757102,-2.6380768,0.523,0.16626313
3.5437877,-3.7005973,-2.623651,0.523,0.17277817
3.499024,-3.7261052,-2.6086652,0.523,0.17804362
3.4546888,-3.7522566,-2.5932276,0.523,0.18330905
3.410805,-3.7790635,-2.5773385,0.523,0.1885745
3.3673954,-3.806537,-2.5609984,0.523,0.19445519
3.3244896,-3.834684,-2.544155,0.523,0.20033589
3.282114,-3.8635156,-2.526809,0.523,0.2062166
3.2402954,-3.893042,-2.508961,0.523,0.20821577
3.1990278,-3.9232976,-2.4909422,0.523,0.21021494
3.1583292,-3.9542785,-2.472753,0.523,0.21221413
3.1182182,-3.985981,-2.4543936,0.523,0.21823964
3.078748,-4.0183716,-2.4355211,0.523,0.22426516
3.0399485,-4.051457,-2.416136,0.523,0.23029068
3.0018508,-4.085241,-2.3962395,0.523,0.23250917
2.9644525,-4.1197577,-2.3761544,0.523,0.23472767
2.9277742,-4.155,-2.3558815,0.523,0.23694617
2.8918371,-4.19096,-2.3354204,0.523,0.244645
2.8567097,-4.2275777,-2.3143075,0.523,0.25234383
2.8224301,-4.2648563,-2.2925444,0.523,0.26004267
2.7890375,-4.302796,-2.2701318,0.523,0.2782115
2.756666,-4.3412805,-2.2461927,0.523,0.29638034
2.7253933,-4.3803186,-2.2207348,0.523,0.31454915
2.6952975,-4.419913,-2.1937664,0.523,0.30589607
2.6661997,-4.4604163,-2.1675165,0.523,0.297243
2.6380992,-4.501781,-2.1419866,0.523,0.2885899
2.6109934,-4.543959,-2.117179,0.523,0.2929107
2.5849757,-4.586742,-2.0920103,0.523,0.2972315
2.5600758,-4.6301084,-2.0664816,0.523,0.3015523
2.5363226,-4.674038,-2.0405927,0.523,0.30031425
2.5137057,-4.7185845,-2.014807,0.523,0.29907617
2.4922369,-4.7637167,-1.9891245,0.523,0.2978381
2.4719262,-4.809403,-1.9635451,0.523,0.30442137
2.4528298,-4.855499,-1.9374176,0.523,0.3110046
2.4349816,-4.901981,-1.9107434,0.523,0.31758785
2.418415,-4.9488225,-1.8835232,0.523,0.31915838
2.4031372,-4.996073,-1.8561732,0.523,0.32072893
2.3891647,-5.0436983,-1.8286932,0.523,0.32229945
2.3765125,-5.091665,-1.8010832,0.523,0.32692927
2.365207,-5.139887,-1.7730908,0.523,0.3315591
2.355271,-5.18833,-1.7447165,0.523,0.3361889
2.3467276,-5.2369576,-1.715961,0.523,0.33342245
2.3395789,-5.285857,-1.6874332,0.523,0.33065602
2.3338223,-5.334988,-1.6591333,0.523,0.3278896
2.329454,-5.384309,-1.6310617,0.523,0.3224787
2.3264663,-5.4338226,-1.603437,0.523,0.3170678
2.3248446,-5.4834895,-1.57626,0.523,0.31165692
2.3245728,-5.5332694,-1.5495316,0.523,0.29947045
2.3256352,-5.58323,-1.5238161,0.523,0.28728402
2.3279908,-5.6333313,-1.4991176,0.523,0.27509758
2.3315954,-5.6835356,-1.4754395,0.523,0.27230757
2.3363917,-5.73368,-1.4519956,0.523,0.26951757
2.3423665,-5.783736,-1.428786,0.523,0.26672757
2.349507,-5.833679,-1.4058111,0.523,0.27067062
2.3577838,-5.8833904,-1.3825046,0.523,0.27461365
2.3672066,-5.9328413,-1.3588672,0.523,0.27855667
2.3777838,-5.982,-1.3348991,0.523,0.28087983
2.389528,-6.030859,-1.3107364,0.523,0.28320298
2.4024405,-6.079387,-1.2863792,0.523,0.28552613
2.4165218,-6.1275535,-1.2618277,0.523,0.2910961
2.4317558,-6.175281,-1.2368106,0.523,0.29666603
2.4481516,-6.2225327,-1.2113289,0.523,0.302236
2.4657154,-6.269271,-1.1853832,0.523,0.3064581
2.484461,-6.315476,-1.1590865,0.523,0.31068018
2.5043883,-6.361111,-1.1324391,0.523,0.3149023
2.5254958,-6.4061375,-1.1054415,0.523,0.31686375
2.5477965,-6.4505496,-1.0782814,0.523,0.3188252
2.5712798,-6.494311,-1.0509589,0.523,0.32078663
2.5959342,-6.5373864,-1.0234741,0.523,0.31204736
2.6218367,-6.57989,-0.9967133,0.523,0.3033081
2.6489425,-6.621801,-0.97067845,0.523,0.29456884
2.6772063,-6.6631036,-0.94537157,0.523,0.28902432
2.706555,-6.7037454,-0.9205276,0.523,0.2834798
2.7369535,-6.7437105,-0.8961472,0.523,0.27793527
2.7683678,-6.7829857,-0.87223125,0.523,0.2709708
2.8007755,-6.8215737,-0.8488996,0.523,0.26400632
2.8341384,-6.859468,-0.82615346,0.523,0.25704184
2.8684182,-6.896662,-0.8039939,0.523,0.25172198
2.9035623,-6.933138,-0.78228307,0.523,0.24640213
2.9395385,-6.9688907,-0.76102173,0.523,0.24108228
2.9763153,-7.003917,-0.74021035,0.523,0.22981443
3.0139146,-7.038263,-0.7203541,0.523,0.21854658
3.0522869,-7.0719423,-0.70145535,0.523,0.20727873
3.0913837,-7.1049705,-0.6835167,0.523,0.1999784
3.1311269,-7.137341,-0.6662012,0.523,0.19267806
3.1714828,-7.1690645,-0.6495098,0.523,0.18537773
3.21242,-7.2001534,-0.6334434,0.523,0.1774759
3.2539113,-7.2306247,-0.6180545,0.523,0.16957408
3.295925,-7.260495,-0.6033441,0.523,0.16167226
3.3384292,-7.2897835,-0.5893129,0.523,0.15585831
3.3813806,-7.3184986,-0.57578224,0.523,0.15004437
3.424755,-7.346656,-0.56275237,0.523,0.14423043
3.4685307,-7.374269,-0.5502238,0.523,0.14337346
3.512654,-7.401335,-0.5377692,0.523,0.14251648
3.5571167,-7.427852,-0.52538854,0.523,0.14165951
3.6019096,-7.4538207,-0.5130818,0.523,0.14151609
3.6470199,-7.479236,-0.50078744,0.523,0.14137265
3.69244,-7.5040956,-0.48850548,0.523,0.14122923
3.738163,-7.528396,-0.4762359,0.523,0.1445445
3.7841587,-7.5521226,-0.46368027,0.523,0.14785977
3.830426,-7.575258,-0.4508387,0.523,0.15117504
3.8769634,-7.5977864,-0.43771142,0.523,0.15085493
3.9237947,-7.619703,-0.42461172,0.523,0.15053482
3.9709115,-7.641005,-0.4115396,0.523,0.15021472
4.018305,-7.66169,-0.39849508,0.523,0.14992361
4.0659666,-7.681757,-0.38547564,0.523,0.1496325
4.1138873,-7.701202,-0.3724813,0.523,0.14934139
4.1620584,-7.7200236,-0.35951203,0.523,0.14679828
4.2104883,-7.7382255,-0.34676203,0.523,0.14425519
4.2591643,-7.7558155,-0.33423135,0.523,0.14171208
4.308075,-7.7728,-0.32192007,0.523,0.14035107
4.3572006,-7.7891846,-0.30972627,0.523,0.13899007
4.406532,-7.8049717,-0.29764995,0.523,0.13762906
4.456059,-7.8201647,-0.2856911,0.523,0.13294072
4.5057964,-7.834774,-0.2741372,0.523,0.12825239
4.55573,-7.8488164,-0.2629885,0.523,0.12356404
4.605847,-7.862309,-0.25224522,0.523,0.121326536
4.6561193,-7.875266,-0.24169552,0.523,0.11908903
4.7065396,-7.8876953,-0.23133945,0.523,0.11685152
4.757099,-7.899605,-0.22117706,0.523,0.1151744
4.807787,-7.911002,-0.21115987,0.523,0.113497265
4.8585963,-7.9218936,-0.20128791,0.523,0.11182013
4.90952,-7.932285,-0.19156122,0.523,0.109951
4.9605536,-7.942182,-0.18199646,0.523,0.10808186
5.0116897,-7.951593,-0.17259365,0.523,0.10621272
5.0629225,-7.960524,-0.16335285,0.523,0.1080948
5.114225,-7.96898,-0.15394892,0.523,0.10997687
5.165594,-7.976951,-0.14438191,0.523,0.11185895
5.2170267,-7.984429,-0.13465187,0.523,0.111584954
5.268531,-7.9914064,-0.12494555,0.523,0.11131096
5.3201017,-7.997884,-0.11526297,0.523,0.111036964
5.371735,-8.003861,-0.10560412,0.523,0.102575585
5.4234705,-8.009345,-0.09667862,0.523,0.0941142
5.4752955,-8.014372,-0.0884871,0.523,0.08565282
5.5272,-8.018976,-0.08103016,0.523,0.07414946
5.579185,-8.023198,-0.07457272,0.523,0.0626461
5.6312375,-8.027087,-0.06911564,0.523,0.051142734
5.6833444,-8.030694,-0.06465964,0.523,0.04668557
5.7354784,-8.03407,-0.060591694,0.523,0.04222841
5.787636,-8.037234,-0.05691188,0.523,0.037771244
5.8398137,-8.040207,-0.053620268,0.523,0.032768883
5.8920107,-8.043008,-0.050764423,0.523,0.02776652
5.9442234,-8.045661,-0.048344422,0.523,0.022764158
5.9964485,-8.048188,-0.046360318,0.523,0.014860201
6.0486865,-8.0506115,-0.04506505,0.523,0.0069562434
6.100932,-8.052967,-0.044458702,0.523,-0.00094771385
6.1531806,-8.055292,-0.04454131,0.52058357,-0.012848651
6.205183,-8.05761,-0.04565608,0.5181671,-0.024749588
6.25693,-8.059974,-0.047793265,0.51575065,-0.036650527
6.3084116,-8.062436,-0.050942983,0.50606763,-0.047264703
6.3588963,-8.06501,-0.05492802,0.49638456,-0.057878874
6.4083767,-8.067731,-0.05971371,0.48670152,-0.06849305
6.456846,-8.070628,-0.06526531,0.48105422,-0.068462595
6.504737,-8.073758,-0.070750065,0.47540691,-0.06843214
6.5520473,-8.077111,-0.076168016,0.46975958,-0.06840168
6.598778,-8.080678,-0.08151923,0.46215594,-0.06353834
6.644747,-8.084434,-0.086410046,0.45455226,-0.05867501
6.6899548,-8.088349,-0.09085263,0.4469486,-0.053811677
6.7344007,-8.092399,-0.09485921,0.4441536,-0.07282866
6.778499,-8.096595,-0.10024563,0.44135863,-0.09184564
6.8222284,-8.100993,-0.10699228,0.43856364,-0.11086262
6.8655663,-8.105647,-0.115079075,0.43193278,-0.13002105
6.9081116,-8.110565,-0.12441278,0.4253019,-0.14917949
6.9498444,-8.115785,-0.134948,0.41867107,-0.16833793
6.9907446,-8.121337,-0.14663896,0.40829313,-0.18351394
7.0304575,-8.127203,-0.1590569,0.39791518,-0.19868994
7.0689735,-8.133382,-0.17214733,0.38753724,-0.21386595
7.1062846,-8.139869,-0.18585578,0.37431684,-0.20942616
7.1422677,-8.146634,-0.19882576,0.3610964,-0.20498636
7.176925,-8.153618,-0.2110762,0.347876,-0.20054656
7.210259,-8.16076,-0.22262597,0.33388057,-0.18018532
7.2422957,-8.168013,-0.23259853,0.31988513,-0.15982407
7.273026,-8.175292,-0.24108319,0.3058897,-0.13946283
7.302442,-8.182524,-0.2481702,0.2911147,-0.13479641
7.3304057,-8.18961,-0.25469062,0.2763397,-0.13013
7.356922,-8.196513,-0.26066706,0.2615647,-0.12546356
7.381996,-8.203201,-0.2661222,0.24791959,-0.09882344
7.405799,-8.20969,-0.27019894,0.23427448,-0.072183326
7.4283175,-8.215927,-0.27301493,0.22062935,-0.045543212
7.449541,-8.221869,-0.27468905,0.20357881,0.0037607134
7.4691358,-8.227391,-0.27456146,0.18652828,0.053064637
7.4870644,-8.232442,-0.27291256,0.16947775,0.10236856
7.5032997,-8.236986,-0.27002606,0.15790276,0.14112486
7.5183663,-8.241157,-0.26632437,0.14632778,0.17988116
7.5322556,-8.244946,-0.26196107,0.1347528,0.21863747
7.5449615,-8.248352,-0.25708976,0.12913527,0.20822807
7.5571804,-8.251564,-0.2526405,0.12351773,0.19781867
7.5689073,-8.254592,-0.24859464,0.1179002,0.18740927
7.5801344,-8.2574415,-0.24493356,0.11427755,0.1822619
7.5910378,-8.260167,-0.24148133,0.1106549,0.17711452
7.601614,-8.262772,-0.23823196,0.10703225,0.17196715
