9.011585,8.961457,-0.54899395,0.049618945,0.0
9.015819,8.958868,-0.54899395,0.019956809,0.09159116
9.017513,8.95783,-0.5486897,-0.009705327,0.18318231
9.016699,8.958328,-0.54898435,-0.039367463,0.27477348
9.013467,8.960306,-0.5507646,-0.06783848,0.32413718
9.007987,8.963671,-0.5543656,-0.0963095,0.3735009
9.000363,8.968391,-0.56022245,-0.12478051,0.42286462
8.990724,8.974438,-0.56875694,-0.15154651,0.41088068
8.979017,8.98192,-0.57884526,-0.1783125,0.39889675
8.965263,8.99091,-0.5903881,-0.2050785,0.38691282
8.949486,9.001482,-0.6032852,-0.23270613,0.33960977
8.931417,9.01393,-0.616205,-0.26033378,0.2923067
8.911074,9.028338,-0.62870806,-0.28796142,0.24500364
8.888479,9.044767,-0.6403494,-0.31615317,0.18159062
8.863544,9.063346,-0.64986527,-0.34434488,0.1181776
8.83632,9.084037,-0.6566318,-0.37253663,0.054764576
8.806857,9.106744,-0.6600304,-0.39896816,-0.0005530238
8.77534,9.1312065,-0.65999365,-0.4253997,-0.055870622
8.741786,9.157248,-0.65603447,-0.45183122,-0.11118822
8.706203,9.184638,-0.6476787,-0.47620288,-0.13727601
8.668584,9.213099,-0.63681763,-0.5005745,-0.16336378
8.628874,9.242469,-0.6232489,-0.523,-0.18945158
8.587167,9.272449,-0.60683364,-0.523,-0.20709029
8.545122,9.301637,-0.588911,-0.523,-0.22472899
8.502727,9.329956,-0.5694866,-0.523,-0.2423677
8.459968,9.357332,-0.54856646,-0.523,-0.2646066
8.416895,9.383656,-0.52576977,-0.523,-0.28684548
8.373507,9.408832,-0.5011079,-0.523,-0.3
8.329685,9.432834,-0.47534838,-0.523,-0.3
8.285261,9.4557,-0.44958887,-0.523,-0.3
8.240262,9.477414,-0.42382938,-0.523,-0.3
8.194718,9.497962,-0.39806986,-0.523,-0.3
8.148662,9.51733,-0.37231034,-0.523,-0.3
8.10212,9.535505,-0.34655082,-0.523,-0.3
8.055126,9.552476,-0.32079133,-0.523,-0.3
8.007711,9.568231,-0.29503182,-0.523,-0.3
7.959906,9.582759,-0.2692723,-0.523,-0.3
7.911742,9.59605,-0.24351278,-0.523,-0.3
7.863252,9.608098,-0.21775328,-0.523,-0.3
7.814468,9.618892,-0.19199376,-0.523,-0.3
7.765422,9.628426,-0.16623425,-0.523,-0.3
7.7161465,9.636693,-0.14047474,-0.523,-0.3
7.6666746,9.643689,-0.114715226,-0.523,-0.3
7.617039,9.649408,-0.088955715,-0.523,-0.3
7.5672727,9.653847,-0.063196205,-0.523,-0.3
7.517408,9.657002,-0.037436694,-0.523,-0.3
7.467479,9.658873,-0.011677183,-0.523,-0.3
7.417518,9.659455,0.0140823275,-0.523,-0.3
7.367559,9.658752,0.03984184,-0.523,-0.3
7.3176346,9.656762,0.06560135,-0.523,-0.3
7.267778,9.653486,0.09136086,-0.523,-0.3
7.2180223,9.648929,0.11712037,-0.523,-0.3
7.168401,9.643089,0.14287989,-0.523,-0.3
7.1189456,9.635975,0.16863939,-0.523,-0.3
7.06969,9.627589,0.19439891,-0.523,-0.3
7.0206676,9.617937,0.22015841,-0.523,-0.3
6.971909,9.607026,0.24591793,-0.523,-0.3
6.9234486,9.594862,0.27167743,-0.523,-0.3
6.8753166,9.581454,0.29743695,-0.523,-0.3
6.8275466,9.566812,0.32319647,-0.523,-0.3
6.7801695,9.550943,0.348956,-0.523,-0.3
6.733217,9.533859,0.37471548,-0.523,-0.3
6.6867194,9.515573,0.400475,-0.523,-0.3
6.640709,9.496094,0.4262345,-0.523,-0.3
6.595215,9.475436,0.45199403,-0.523,-0.3
6.550268,9.453613,0.47775352,-0.523,-0.3
6.5058985,9.430641,0.50351304,-0.523,-0.3
6.4621353,9.406533,0.52927256,-0.523,-0.3
6.419008,9.381306,0.5550321,-0.523,-0.3
6.376544,9.354976,0.5807916,-0.523,-0.3
6.3347726,9.327561,0.6065511,-0.523,-0.3
6.293721,9.29908,0.6323106,-0.523,-0.3
6.253417,9.269551,0.6580701,-0.523,-0.3
6.2138867,9.238994,0.6838296,-0.523,-0.3
6.1751566,9.207428,0.7095891,-0.523,-0.3
6.1372523,9.174875,0.73534864,-0.523,-0.3
6.100199,9.141356,0.76110816,-0.523,-0.3
6.0640216,9.106895,0.7868677,-0.523,-0.3
6.0287437,9.071513,0.8126272,-0.523,-0.3
5.9943886,9.035234,0.8383867,-0.523,-0.3
5.9609795,8.998083,0.8641462,-0.523,-0.3
5.9285383,8.960083,0.8899057,-0.523,-0.3
5.8970866,8.921261,0.9156652,-0.523,-0.3
5.8666453,8.88164,0.9414247,-0.523,-0.3
5.8372345,8.841249,0.96718425,-0.523,-0.3
5.808874,8.800115,0.99294376,-0.523,-0.3
5.7815824,8.758263,1.0187032,-0.523,-0.3
5.7553773,8.715722,1.0444628,-0.523,-0.3
5.730277,8.672521,1.0702223,-0.523,-0.3
5.706298,8.628687,1.0959818,-0.523,-0.3
5.683456,8.5842495,1.1217413,-0.523,-0.3
5.6617656,8.539239,1.1475009,-0.523,-0.28388977
5.6411424,8.4934635,1.1719155,-0.523,-0.26777956
5.6215534,8.446987,1.194979,-0.523,-0.25166935
5.6029625,8.39987,1.2166853,-0.523,-0.21754533
5.5852547,8.351971,1.2354988,-0.523,-0.18342131
5.568334,8.3034115,1.2513975,-0.523,-0.1492973
5.5520945,8.25431,1.264363,-0.523,-0.12336818
5.5364375,8.204824,1.2750894,-0.523,-0.097439066
5.521269,8.155032,1.2835693,-0.523,-0.07150994
5.5064907,8.105002,1.2897973,-0.523,-0.04299172
5.4920006,8.0548,1.2935436,-0.523,-0.014473498
5.4776864,8.004503,1.2948052,-0.523,0.014044726
5.463436,7.9541874,1.293581,-0.523,0.03705467
5.4491324,7.9039183,1.2903517,-0.523,0.060064614
5.434683,7.853752,1.2851193,-0.523,0.083074555
5.4199953,7.8037453,1.2778863,-0.523,0.09427357
5.404961,7.753895,1.269681,-0.523,0.10547258
5.389536,7.7042255,1.2605042,-0.523,0.116671585
5.3736753,7.654762,1.2503575,-0.523,0.13127503
5.3573437,7.6055512,1.2389475,-0.523,0.14587846
5.3404856,7.5566297,1.2262768,-0.523,0.1604819
5.3230486,7.5080357,1.2123481,-0.523,0.1689527
5.304962,7.459757,1.1976911,-0.523,0.1774235
5.2861977,7.41182,1.1823066,-0.523,0.18589433
5.266728,7.364251,1.166196,-0.523,0.1951932
5.246531,7.3170867,1.1492895,-0.523,0.20449209
5.225579,7.2703586,1.1315886,-0.523,0.21379098
5.203846,7.2241,1.1130948,-0.523,0.21930815
5.181289,7.178307,1.0941312,-0.523,0.22482532
5.1578965,7.1330066,1.0746987,-0.523,0.23034249
5.1336594,7.0882263,1.0547975,-0.523,0.23681661
5.108575,7.0440054,1.0343474,-0.523,0.24329075
5.082632,7.0003757,1.0133492,-0.523,0.24976487
5.055823,6.9573708,0.9918037,-0.523,0.25966972
5.0281644,6.9150624,0.96942264,-0.523,0.26957458
4.9996433,6.8734956,0.9462083,-0.523,0.2794794
4.970247,6.832716,0.9221629,-0.523,0.28191867
4.9398994,6.7926826,0.8979132,-0.523,0.2843579
4.908613,6.753425,0.8734594,-0.523,0.28679717
4.876399,6.7149715,0.84880155,-0.523,0.29097253
4.8432875,6.677371,0.82379484,-0.523,0.29514787
4.8092895,6.6406565,0.7984397,-0.523,0.29932323
4.774416,6.6048613,0.7727365,-0.523,0.30860114
4.738738,6.5700755,0.7462617,-0.523,0.31787905
4.7022614,6.536348,0.71901757,-0.523,0.32715696
4.6649957,6.503728,0.69100636,-0.523,0.34236804
4.627032,6.472331,0.66174287,-0.523,0.3575791
4.5883813,6.442226,0.6312339,-0.523,0.3727902
4.5490594,6.413481,0.5994865,-0.523,0.38654488
4.509065,6.38615,0.5666255,-0.523,0.40029958
4.468427,6.3602953,0.5326571,-0.523,0.41405427
4.42718,6.3359804,0.49758783,-0.523,0.4245959
4.385303,6.313234,0.4616793,-0.523,0.4351375
4.3428416,6.2921076,0.4249355,-0.523,0.44567913
4.2998476,6.2726526,0.38736048,-0.523,0.45152444
4.2562757,6.254876,0.34932637,-0.523,0.45736974
4.212185,6.238816,0.31083447,-0.523,0.46321505
4.167639,6.2245054,0.27188608,-0.523,0.4608757
4.122516,6.2119255,0.23312022,-0.523,0.45853633
4.076887,6.201092,0.1945371,-0.523,0.45619696
4.0308213,6.192015,0.15613694,-0.523,0.44870254
3.9842718,6.1846876,0.118324324,-0.523,0.44120815
3.937311,6.179105,0.08110134,-0.523,0.43371376
3.8900092,6.17526,0.044470113,-0.523,0.42568833
3.842424,6.1731424,0.008474831,-0.523,0.4176629
3.7946212,6.1727376,-0.02688218,-0.523,0.40963745
3.7466657,6.174027,-0.06159864,-0.523,0.40341392
3.6986551,6.176988,-0.09581683,-0.523,0.39719042
3.6506479,6.181602,-0.12953542,-0.523,0.3909669
3.6026995,6.187848,-0.16275312,-0.523,0.38226837
3.5548158,6.1957107,-0.19526856,-0.523,0.37356982
3.5070481,6.2051587,-0.22707929,-0.523,0.3648713
3.4594455,6.216158,-0.25818288,-0.523,0.35279924
3.4119933,6.228689,-0.28830123,-0.523,0.34072715
3.3647344,6.2427044,-0.31742993,-0.523,0.32865506
3.3177066,6.258155,-0.34556475,-0.523,0.3238124
3.2710557,6.2749496,-0.37329972,-0.523,0.3189697
3.2248142,6.293061,-0.40063417,-0.523,0.31412703
3.179012,6.31246,-0.42756748,-0.523,0.30873236
3.1336703,6.3331213,-0.45405316,-0.523,0.30333772
3.0888155,6.3550134,-0.48009047,-0.523,0.29794306
3.0444715,6.378104,-0.50567865,-0.523,0.29197294
3.0006535,6.402366,-0.5307689,-0.523,0.2860028
2.9573812,6.427765,-0.5553603,-0.523,0.2800327
2.9146724,6.454266,-0.5794521,-0.523,0.26549333
2.8724432,6.4819,-0.60232335,-0.523,0.25095397
2.8306968,6.510603,-0.62396926,-0.523,0.23641461
2.7894325,6.54031,-0.6443853,-0.523,0.22605234
2.748684,6.5709276,-0.66392213,-0.523,0.21569008
2.708448,6.602409,-0.68257767,-0.523,0.20532782
2.6687183,6.6347065,-0.7003499,-0.523,0.18574484
2.6294167,6.6678333,-0.7164478,-0.523,0.16616185
2.5905182,6.701706,-0.730865,-0.523,0.14657886
2.5519934,6.736243,-0.7435961,-0.5093223,0.14544699
2.5149012,6.7703567,-0.75589913,-0.49564454,0.1443151
2.4792101,6.8040013,-0.7677793,-0.48196682,0.14318322
2.4448895,6.8371334,-0.7792416,-0.45882654,0.1531345
2.4126287,6.869,-0.7909063,-0.4356863,0.16308579
2.3823977,6.8995657,-0.8026962,-0.41254604,0.17303707
2.3541632,6.9287944,-0.8145346,-0.38463363,0.18517524
2.3282206,6.9562945,-0.82633764,-0.35672125,0.19731341
2.3045192,6.9820204,-0.8379926,-0.32880884,0.20945159
2.2830038,7.0059266,-0.84938717,-0.3020629,0.22977099
2.2635787,7.028012,-0.8608532,-0.27531692,0.2500904
2.246192,7.048242,-0.8722096,-0.24857098,0.2704098
2.2307866,7.066585,-0.8832763,-0.24187855,0.2789497
2.2160296,7.084555,-0.89437634,-0.23518614,0.2874896
2.2019112,7.102143,-0.90549064,-0.22849372,0.2960295
2.1884198,7.119337,-0.91660017,-0.21479619,0.29728258
2.1759222,7.1356344,-0.92708665,-0.20109865,0.29853562
2.1643867,7.151008,-0.93694454,-0.18740112,0.29978868
2.153783,7.165435,-0.94616836,-0.18319534,0.29515463
2.143533,7.1796527,-0.95504993,-0.17898957,0.2905206
2.1336284,7.193652,-0.9635952,-0.1747838,0.28588656
2.1240606,7.207423,-0.9718103,-0.1689039,0.26500618
2.11487,7.220886,-0.9791834,-0.16302401,0.24412583
2.1060479,7.234017,-0.98575073,-0.15714411,0.22324546
2.097585,7.246793,-0.99154925,-0.15769337,0.19944498
2.0891242,7.259728,-0.99675643,-0.15824263,0.17564452
2.0806632,7.2728114,-1.0013651,-0.15879188,0.15184404
2.0722005,7.2860312,-1.0053682,-0.15817587,0.122949734
2.0637898,7.299286,-1.0086013,-0.15755984,0.09405543
2.0554283,7.312558,-1.0110676,-0.15694383,0.065161124
2.047113,7.325829,-1.0127709,-0.15768132,0.045277596
2.038772,7.3391914,-1.0139604,-0.1584188,0.02539407
2.0304022,7.352636,-1.0146308,-0.15915628,0.005510545
2.022,7.366153,-1.014777,-0.15724503,0.034778047
2.0137055,7.3795004,-1.0156882,-0.15533376,0.06404555
2.0055356,7.3926744,-1.0173451,-0.15342249,0.09331305
1.9975064,7.405669,-1.0197277,-0.15738507,0.12125783
1.9893262,7.4189796,-1.0229006,-0.16134764,0.14920262
1.9810152,7.4325995,-1.026898,-0.1653102,0.17714739
1.9725946,7.4465237,-1.0317532,-0.1772454,0.19720912
1.9636728,7.46144,-1.0375413,-0.18918058,0.21727085
1.954282,7.4773483,-1.0443381,-0.20111577,0.23733258
1.9444598,7.4942493,-1.0522188,-0.21528643,0.25960222
1.9341468,7.512321,-1.0614294,-0.2294571,0.28187186
1.9233994,7.5315633,-1.0720668,-0.24362776,0.30414152
1.9122813,7.5519767,-1.0842268,-0.24830902,0.27516383
1.9011072,7.5731,-1.0954713,-0.25299028,0.24618612
1.8898787,7.5949163,-1.1057471,-0.25767154,0.21720843
1.8785945,7.6174054,-1.115002,-0.25089025,0.17488834
1.8677194,7.63959,-1.1222777,-0.244109,0.13256827
1.857227,7.661393,-1.1276555,-0.23732772,0.09024818
1.8470923,7.6827464,-1.1312205,-0.22756611,0.091108106
1.8374482,7.703254,-1.1346712,-0.21780448,0.09196804
1.8282864,7.7229123,-1.1380049,-0.20804286,0.09282796
