2.197553,0.4108083,1.8095418,0.017073618,0.0
2.197149,0.41246724,1.8095418,0.046654493,-0.04008761
2.1960466,0.41699672,1.8092302,0.07623537,-0.08017522
2.1942518,0.42438078,1.8082125,0.10581624,-0.12026283
2.191781,0.4345913,1.8060967,0.13469402,-0.13576934
2.18867,0.44756898,1.8030581,0.16357182,-0.15127584
2.1849477,0.46330518,1.7989498,0.19244961,-0.16678235
2.1806552,0.4817913,1.793625,0.21939835,-0.20156847
2.175905,0.50275546,1.7863042,0.2463471,-0.23635459
2.1707835,0.5261513,1.7766901,0.27329585,-0.27114072
2.1654003,0.55192626,1.7644906,0.29514322,-0.27800313
2.1599374,0.57977664,1.750991,0.3169906,-0.28486553
2.1544852,0.6097057,1.7361437,0.338838,-0.29172793
2.1491437,0.6417152,1.7199017,0.3535582,-0.3
2.1441262,0.67511714,1.7024877,0.36827844,-0.3
2.139506,0.7099955,1.6843488,0.38299865,-0.3
2.1353602,0.7463491,1.6654848,0.3918602,-0.3
2.131821,0.78361726,1.6461843,0.4007217,-0.3
2.1289375,0.82179093,1.6264474,0.40958324,-0.3
2.1267612,0.86085933,1.6062741,0.41494933,-0.3
2.125355,0.900476,1.5858365,0.4203154,-0.3
2.124751,0.9406257,1.5651345,0.4256815,-0.3
2.1249814,0.98129195,1.5441682,0.42944837,-0.29207832
2.1260762,1.0224034,1.5235589,0.43321523,-0.28415665
2.1280398,1.0639412,1.503317,0.43698207,-0.27623498
2.1308746,1.1058872,1.4834536,0.44104967,-0.27432483
2.1345782,1.1481811,1.4635404,0.44511726,-0.27241465
2.1391675,1.1908051,1.44358,0.44918483,-0.2705045
2.1446593,1.2337403,1.423575,0.45275223,-0.2651101
2.1510687,1.2769612,1.4038037,0.4563196,-0.2597157
2.158399,1.3204494,1.3842727,0.459887,-0.2543213
2.1666532,1.3641868,1.364989,0.4635531,-0.2518733
2.1758273,1.408132,1.3457347,0.4672192,-0.24942532
2.1859314,1.4522662,1.3265127,0.47088534,-0.24697734
2.1969745,1.4965703,1.3073262,0.47363296,-0.23913792
2.2089586,1.5409979,1.2886283,0.47638062,-0.23129848
2.2218697,1.5855336,1.2704272,0.47912827,-0.22345905
2.2356932,1.6301633,1.2527311,0.48198488,-0.2194041
2.250405,1.6748468,1.2352473,0.4848415,-0.21534915
2.2660015,1.7195694,1.2179798,0.4876981,-0.2112942
2.2824786,1.7643174,1.2009326,0.48921967,-0.20799273
2.2997823,1.808948,1.1840956,0.4907412,-0.20469126
2.3179035,1.8534496,1.1674706,0.49226275,-0.2013898
2.3368332,1.8978109,1.1510593,0.49282995,-0.2085476
2.356482,1.9418409,1.1340533,0.49339712,-0.21570541
2.3768685,1.9855132,1.1164526,0.4939643,-0.22286321
2.3980112,2.0288005,1.0982563,0.49252325,-0.21732888
2.419901,2.071624,1.0805565,0.49108222,-0.21179456
2.4425063,2.1139803,1.063351,0.48964116,-0.20626023
2.4657958,2.155867,1.0466379,0.48852673,-0.2110571
2.4897034,2.1972227,1.0295807,0.4874123,-0.21585396
2.514231,2.2380285,1.0121815,0.48629788,-0.22065082
2.5393806,2.2782662,0.99444264,0.48423868,-0.2141166
2.5651674,2.3179405,0.9772938,0.4821795,-0.2075824
2.5915554,2.3570542,0.9607314,0.4801203,-0.2010482
2.6185083,2.395613,0.9447516,0.4810436,-0.20497455
2.6461048,2.4337783,0.9284329,0.48196694,-0.2089009
2.6743512,2.4715295,0.9117741,0.48289025,-0.21282727
2.7032535,2.508845,0.8947744,0.48235393,-0.21604866
2.7327325,2.5455973,0.8775405,0.4818176,-0.21927005
2.7627854,2.5817697,0.86007327,0.48128128,-0.22249146
2.7934096,2.6173465,0.8423733,0.47986224,-0.2295115
2.824516,2.6522162,0.8241784,0.47844318,-0.23653154
2.8561053,2.6863556,0.80549264,0.47702414,-0.24355158
2.8881762,2.7197418,0.78632015,0.47501558,-0.24631536
2.9207208,2.7523468,0.7670162,0.47300702,-0.24907912
2.9537258,2.7841601,0.74758255,0.47099847,-0.2518429
2.9871762,2.8151715,0.72802126,0.4704654,-0.2578699
3.0211349,2.8454409,0.7080248,0.4699323,-0.2638969
3.0555973,2.8749442,0.6875949,0.4693992,-0.26992393
3.0905578,2.9036574,0.6667334,0.46964464,-0.27575094
3.1260703,2.9316041,0.64542174,0.4698901,-0.28157791
3.162129,2.9587564,0.6236602,0.4701355,-0.28740492
3.1987267,2.9850867,0.6014491,0.47069195,-0.29037598
3.2359114,3.010605,0.57898825,0.47124842,-0.293347
3.2736707,3.0352893,0.5562774,0.47180486,-0.29631805
3.3119915,3.0591161,0.53331614,0.47284573,-0.29845902
3.3509092,3.0820925,0.510143,0.4738866,-0.3
3.390417,3.104199,0.48680246,0.47492748,-0.3
3.430518,3.125424,0.46341068,0.4759437,-0.29865626
3.471208,3.145757,0.4400707,0.4769599,-0.2973125
3.5124664,3.165184,0.416783,0.47797614,-0.29596874
3.5542722,3.1836922,0.39354804,0.47839996,-0.2912897
3.5965936,3.2012646,0.3706496,0.47882378,-0.2866106
3.6394038,3.217901,0.3480888,0.4792476,-0.28193152
3.6826758,3.233603,0.3258668,0.479656,-0.27896807
3.7263603,3.2483644,0.30385345,0.4800644,-0.2760046
3.770434,3.2621844,0.28204945,0.4804728,-0.27304116
3.8148732,3.2750618,0.2604553,0.4807198,-0.2699185
3.859642,3.286993,0.23909108,0.4809668,-0.26679587
3.9047172,3.2979803,0.21795724,0.48121384,-0.26367325
3.9500763,3.3080263,0.19705422,0.48138538,-0.26030207
3.995693,3.3171334,0.176405,0.48155692,-0.2569309
4.0415454,3.325307,0.15600999,0.4817285,-0.2535597
4.087611,3.3325524,0.1358696,0.48173425,-0.25047576
4.1338515,3.338874,0.11596878,0.48174,-0.2473918
4.180245,3.3442786,0.09630769,0.48174578,-0.24430786
4.2267723,3.3487735,0.07688652,0.48160148,-0.24388747
4.2733693,3.352363,0.05750392,0.48145717,-0.24346708
4.320018,3.3550487,0.03815986,0.48131287,-0.24304669
4.3667006,3.3568308,0.018854331,0.480743,-0.24003719
4.4133883,3.3577113,-0.00019420941,0.4801731,-0.23702769
4.460063,3.3577023,-0.018986141,0.47960323,-0.23401819
4.5067077,3.3568165,-0.037521854,0.48011747,-0.23217683
4.553398,3.3550637,-0.055934075,0.4806317,-0.23033546
4.6001186,3.3524477,-0.074222445,0.48114595,-0.2284941
4.646854,3.3489726,-0.09238659,0.48219103,-0.22378615
4.69367,3.344635,-0.11022146,0.4832361,-0.21907818
4.7405524,3.3394465,-0.12772508,0.48428118,-0.21437022
4.7874866,3.333419,-0.14489543,0.48585558,-0.21000469
4.8345065,3.3265579,-0.16177604,0.48742998,-0.20563915
4.8816,3.3188722,-0.17836432,0.48900437,-0.2012736
4.928753,3.3103714,-0.19465774,0.49139246,-0.1957089
4.9760437,3.3010478,-0.21058393,0.49378055,-0.19014418
5.023461,3.2909124,-0.22613806,0.49616864,-0.18457946
5.070993,3.2799766,-0.24131529,0.4993048,-0.17997584
5.1186934,3.2682369,-0.2562117,0.502441,-0.17537221
5.166552,3.2556994,-0.27082223,0.5055772,-0.17076859
5.214558,3.2423708,-0.28514186,0.50901246,-0.16606836
5.2627325,3.2282495,-0.29916567,0.5124478,-0.16136813
5.3110647,3.2133427,-0.31288806,0.515883,-0.1566679
5.359547,3.1976578,-0.3263034,0.519621,-0.13833687
5.408297,3.181161,-0.3382457,0.523,-0.120005846
5.457279,3.163931,-0.3486811,0.523,-0.10167482
5.506178,3.1461544,-0.35752848,0.523,-0.08477341
5.5549946,3.1279173,-0.36490905,0.523,-0.067872
5.603739,3.1092963,-0.3708207,0.523,-0.05097059
5.6524205,3.0903683,-0.3752617,0.523,-0.038314354
5.7010455,3.0712137,-0.37860063,0.523,-0.02565812
5.7496257,3.0518887,-0.3808369,0.523,-0.013001883
5.7981744,3.0324507,-0.3819702,0.523,-0.0010175228
5.8467054,3.012956,-0.38205892,0.523,0.010966837
5.8952317,2.993458,-0.38110298,0.523,0.022951197
5.9437666,2.9740105,-0.3791026,0.523,0.031723868
5.9923286,2.9546645,-0.37633777,0.523,0.04049654
6.0409284,2.9354591,-0.37280878,0.523,0.04926921
6.0895767,2.9164329,-0.3685159,0.523,0.055564187
6.1382904,2.8976219,-0.36367506,0.523,0.061859168
6.187076,2.8790538,-0.3582864,0.523,0.06815414
6.2359414,2.8607564,-0.35235026,0.523,0.07681604
6.2848835,2.8427606,-0.34566104,0.523,0.085477926
6.3339105,2.8251052,-0.33821929,0.523,0.094139814
6.383029,2.8078284,-0.33002555,0.523,0.098114446
6.4322686,2.7909613,-0.32148695,0.523,0.10208907
6.481631,2.7745216,-0.31260362,0.523,0.1060637
6.5311165,2.7585278,-0.30337575,0.5223629,0.11262636
6.5806513,2.7430215,-0.29359114,0.5217258,0.119189024
6.630237,2.7280302,-0.28325167,0.52108866,0.12575169
6.6798744,2.7135818,-0.27235913,0.5185328,0.12947233
6.7293987,2.69975,-0.2612011,0.51597697,0.13319297
6.778805,2.6865432,-0.24978085,0.5134211,0.13691361
6.828088,2.6739707,-0.2381017,0.510691,0.14061937
6.8772264,2.6620445,-0.22617227,0.50796086,0.14432514
6.926214,2.6507719,-0.21399605,0.5052307,0.1480309
6.9750447,2.6401598,-0.20157656,0.50142956,0.14532664
7.0236545,2.6302264,-0.18947409,0.49762833,0.14262238
7.0720305,2.620949,-0.17768534,0.49382713,0.13991812
7.1201606,2.6123059,-0.16620697,0.49013522,0.13661286
7.1680484,2.6042726,-0.15508187,0.48644328,0.1333076
7.2156825,2.5968256,-0.14430608,0.48275137,0.13000235
7.263053,2.5899417,-0.13387571,0.4793191,0.118925095
7.3102202,2.5835893,-0.12439758,0.47588682,0.10784785
7.357167,2.577719,-0.11586026,0.47245455,0.0967706
7.403876,2.5722828,-0.1082522,0.46847758,0.081216596
7.450296,2.567238,-0.1019178,0.46450058,0.0656626
7.4964056,2.5625224,-0.09683807,0.46052358,0.0501086
7.5421844,2.5580752,-0.09299365,0.45701793,0.039914012
7.5876527,2.553835,-0.08995422,0.45351225,0.029719424
7.6328006,2.5497625,-0.0877082,0.45000657,0.019524837
7.6776195,2.5458214,-0.086243905,0.4440054,0.015606987
7.72185,2.5419974,-0.08508902,0.43800426,0.011689139
7.7654886,2.5382752,-0.08423573,0.43200308,0.0077712894
7.8085346,2.5346406,-0.0836762,0.42174277,-0.0016062796
7.850561,2.5311158,-0.0837891,0.41148245,-0.010983849
7.891563,2.5276723,-0.084542364,0.40122214,-0.020361418
7.9315333,2.5242848,-0.085903846,0.38435072,-0.029829253
7.9698095,2.5209887,-0.087814376,0.36747932,-0.039297085
8.006388,2.5177684,-0.09022057,0.35060793,-0.04876492
8.041265,2.5146132,-0.093069,0.33420706,-0.06906917
8.074461,2.5115147,-0.096913174,0.31780615,-0.089373425
8.105967,2.5084517,-0.10164078,0.30140528,-0.10967767
8.135771,2.5054119,-0.10713931,0.2903338,-0.11518298
8.164447,2.502328,-0.11270058,0.27926233,-0.12068828
8.191994,2.4992101,-0.11830424,0.26819086,-0.12619358
8.218414,2.49607,-0.12392994,0.25856903,-0.116082534
8.243899,2.4928951,-0.12892127,0.24894722,-0.10597147
8.26845,2.4897125,-0.13330993,0.23932539,-0.095860414
8.292061,2.486546,-0.13712771,0.23339589,-0.09447403
8.315078,2.4833698,-0.14079723,0.22746637,-0.09308766
8.3375025,2.4801915,-0.14432119,0.22153687,-0.09170128
8.359333,2.4770188,-0.1477023,0.21542929,-0.08496911
8.380565,2.4738598,-0.15074944,0.20932171,-0.078236945
8.4011965,2.4707258,-0.1534761,0.20321412,-0.07150478
8.421227,2.467627,-0.15589584,0.19880556,-0.05016466
8.440843,2.4645443,-0.15755731,0.194397,-0.028824538
8.460033,2.4614954,-0.15849109,0.18998843,-0.0074844183
8.478793,2.4584968,-0.15872808,0.18088363,0.026670998
8.496648,2.455639,-0.15792412,0.17177881,0.060826413
8.513581,2.4529421,-0.15618373,0.16267401,0.094981834
8.529578,2.4504232,-0.15361243,0.14827669,0.12940317
8.544108,2.4481735,-0.15042344,0.13387938,0.1638245
8.557168,2.446194,-0.1467843,0.119482055,0.19824584
