-2.512344,2.5507247,0.20386697,0.47802055,0.0
-2.4655318,2.5604026,0.20386697,0.44815314,0.09999056
-2.4218638,2.5694306,0.21132305,0.41828576,0.19998112
-2.3817809,2.5780294,0.22517185,0.38841838,0.29997167
-2.3456101,2.5863144,0.244301,0.36240312,0.39988
-2.31322,2.5943887,0.2678154,0.33638787,0.49978828
-2.2847483,2.6022017,0.2946838,0.3103726,0.5996966
-2.2602313,2.609643,0.32387912,0.32621711,0.69632655
-2.236505,2.6176078,0.35875192,0.34206164,0.7929565
-2.2140293,2.626036,0.3993678,0.35790616,0.8895864
-2.1932645,2.6347997,0.4457054,0.3787162,0.9847562
-2.1743653,2.643829,0.4982925,0.3995262,1.0
-2.1554036,2.654146,0.55432415,0.42033622,1.0
-2.1360936,2.6661003,0.6132743,0.4447069,1.0
-2.1164446,2.6799293,0.67564225,0.46907753,1.0
-2.0966682,2.6957796,0.7414281,0.4934482,1.0
-2.0770054,2.713785,0.8106318,0.52048385,1.0
-2.0576284,2.7341654,0.8836272,0.523,1.0
-2.039703,2.75601,0.9569754,0.523,1.0
-2.0234265,2.7791095,1.0303236,0.523,1.0
-2.0088868,2.8033395,1.1036718,0.523,1.0
-1.9961617,2.8285701,1.1770201,0.523,1.0
-1.9853199,2.8546653,1.2503682,0.523,1.0
-1.9764194,2.8814847,1.3237165,0.523,1.0
-1.9695083,2.9088843,1.3970647,0.523,1.0
-1.9646237,2.9367168,1.470413,0.523,1.0
-1.9617919,2.9648323,1.5437611,0.523,1.0
-1.961028,2.99308,1.6171094,0.523,1.0
-1.9623362,3.0213072,1.6904576,0.523,1.0
-1.9657094,3.0493631,1.7638059,0.523,1.0
-1.9711298,3.0770962,1.837154,0.523,1.0
-1.9785677,3.1043575,1.9105023,0.523,1.0
-1.9879835,3.1310005,1.9838505,0.523,1.0
-1.9993265,3.1568818,2.0571988,0.523,1.0
-2.0125356,3.181862,2.1305468,0.523,1.0
-2.0275397,3.2058074,2.203895,0.523,1.0
-2.0442584,3.228589,2.2772434,0.523,1.0
-2.0626013,3.250084,2.3505917,0.523,1.0
-2.0824704,3.270177,2.4239397,0.523,1.0
-2.1037586,3.2887597,2.497288,0.523,1.0
-2.126351,3.3057325,2.5706363,0.523,1.0
-2.150127,3.3210042,2.6439846,0.523,1.0
-2.1749578,3.3344922,2.7173326,0.523,1.0
-2.2007103,3.3461244,2.790681,0.523,1.0
-2.227246,3.3558383,2.8640292,0.523,1.0
-2.2544224,3.3635812,2.9373775,0.523,1.0
-2.282093,3.3693118,3.0107255,0.523,1.0
-2.3101091,3.3729994,3.0840738,0.523,1.0
-2.3383203,3.3746238,-3.1257632,0.523,1.0
-2.3665745,3.3741765,-3.0524151,0.523,0.9
-2.3989556,3.3712811,-2.9841352,0.523,0.8
-2.4349425,3.3655674,-2.9216056,0.523,0.70000005
-2.4739797,3.3568385,-2.8654513,0.523,0.60000014
-2.5155094,3.34507,-2.8162332,0.523,0.50000024
-2.558999,3.3303986,-2.7744434,0.523,0.4000003
-2.60396,3.3131073,-2.740499,0.523,0.3000014
-2.6499588,3.2935998,-2.7147393,0.523,0.20000255
-2.6966171,3.272379,-2.6974218,0.523,0.10000367
-2.7436063,3.2500174,-2.6887193,0.523,1.2850762e-05
-2.7906342,3.2271335,-2.688718,0.523,-0.09997796
-2.8374271,3.2043638,-2.6974185,0.523,-0.19996879
-2.883711,3.1823378,-2.7147331,0.523,-0.2997048
-2.9291961,3.16165,-2.740468,0.523,-0.3
-2.9751942,3.1421413,-2.7662275,0.523,-0.3
-3.0216794,3.123824,-2.791987,0.523,-0.3
-3.0686212,3.1067097,-2.8177466,0.523,-0.3
-3.115988,3.0908103,-2.843506,0.523,-0.3
-3.1637487,3.0761364,-2.8692656,0.523,-0.3
-3.2118716,3.0626974,-2.895025,0.523,-0.3
-3.2603245,3.0505023,-2.9207847,0.523,-0.3
-3.3090756,3.0395591,-2.9465442,0.523,-0.3
-3.3580923,3.0298755,-2.9723036,0.523,-0.3
-3.407342,3.0214574,-2.998063,0.523,-0.3
-3.4567924,3.0143106,-3.0238225,0.523,-0.3
-3.5064104,3.00844,-3.0495822,0.523,-0.3
-3.556163,3.0038493,-3.0753417,0.523,-0.3
-3.6060176,3.0005414,-3.1011012,0.523,-0.3
-3.6559408,2.998519,-3.1268606,0.523,-0.3
-3.7058995,2.997783,3.1305652,0.523,-0.3
-3.7558606,2.998334,3.1048057,0.523,-0.2000359
-3.807083,3.000219,3.087485,0.523,-0.10007181
-3.859045,3.0030334,3.0787768,0.523,-0.00010771751
-3.911242,3.0063164,3.0787675,0.523,0.09978207
-3.963179,3.0095837,3.0874507,0.523,0.19967186
-4.0143647,3.0123577,3.10474,0.523,0.29956165
-4.064302,3.0141988,3.130463,0.523,0.3992775
-4.112485,3.0147352,-3.118836,0.523,0.49899337
-4.158396,3.0136902,-3.0771232,0.523,0.5987092
-4.2015095,3.010907,-3.027998,0.523,0.49871448
-4.2471433,3.0057008,-2.9863064,0.523,0.39871973
-4.2947607,2.9982464,-2.952465,0.523,0.29872498
-4.343853,2.9888494,-2.9268117,0.523,0.19878776
-4.393945,2.977922,-2.9095979,0.523,0.09885055
-4.4445953,2.9659557,-2.9009955,0.523,-0.0010866702
-4.495389,2.9534936,-2.9010901,0.523,-0.099538006
-4.5459323,2.941098,-2.9097524,0.523,-0.19798934
-4.5958385,2.9293158,-2.9268978,0.523,-0.29644066
-4.644709,2.9186594,-2.9523609,0.523,-0.3
-4.6937814,2.9092607,-2.9781203,0.523,-0.3
-4.743079,2.9011295,-3.0038798,0.523,-0.3
-4.7925706,2.8942704,-3.0296392,0.523,-0.28968924
-4.842377,2.888671,-3.0545387,0.523,-0.27937847
-4.8924594,2.8843002,-3.0785758,0.523,-0.2690677
-4.942777,2.881125,-3.1017475,0.523,-0.22247864
-4.9937477,2.879093,-3.1209807,0.523,-0.17588958
-5.04523,2.8780317,-3.1362333,0.523,-0.12930053
-5.0970926,2.8777537,3.1357126,0.523,-0.09769581
-5.1491423,2.8780599,3.1272104,0.523,-0.0660911
-5.2013226,2.8788104,3.1214535,0.523,-0.034486376
-5.253581,2.879863,3.118448,0.523,0.06529702
-5.3057556,2.8810709,3.1241357,0.523,0.16508041
-5.357337,2.8819714,3.13846,0.523,0.26486382
-5.4078126,2.8821294,-3.121907,0.523,0.36433205
-5.4566703,2.8811674,-3.0908473,0.523,0.4638003
-5.503385,2.878795,-3.0518534,0.523,0.56326854
-5.5474277,2.874832,-3.0053105,0.523,0.46359316
-5.593774,2.8684764,-2.9663327,0.523,0.3639178
-5.6419,2.8599544,-2.9353065,0.523,0.2642424
-5.691314,2.8496137,-2.9125407,0.523,0.17263703
-5.7414913,2.8379154,-2.897567,0.523,0.08103165
-5.792075,2.8253205,-2.8905115,0.523,-0.010573733
-5.8427324,2.8123271,-2.8914332,0.523,0.019694054
-5.8933945,2.7993824,-2.8897166,0.523,0.049961843
-5.943981,2.7863646,-2.8853633,0.523,0.080229625
-5.994411,2.7731524,-2.8783777,0.523,0.078353584
-6.0447545,2.7595866,-2.8715549,0.523,0.07647754
-6.095012,2.7456753,-2.8648949,0.523,0.074601494
-6.1451826,2.7314277,-2.8583982,0.523,0.09310434
-6.195182,2.716877,-2.8502944,0.523,0.11160718
-6.244967,2.70195,-2.8405862,0.523,0.13011003
-6.294493,2.6865752,-2.8292768,0.523,0.12658508
-6.343865,2.670634,-2.8182724,0.523,0.12306013
-6.39308,2.654143,-2.8075726,0.523,0.119535185
-6.4421372,2.637119,-2.7971778,0.523,0.14607759
-6.4908414,2.6196485,-2.78449,0.523,0.17261998
-6.539114,2.601638,-2.769518,0.523,0.1991624
-6.586872,2.5830002,-2.7522721,0.523,0.20625117
-6.634233,2.56357,-2.734421,0.523,0.21333995
-6.681168,2.543328,-2.7159657,0.523,0.22042874
-6.7276497,2.5222564,-2.6969068,0.523,0.22363633
-6.7736874,2.5003185,-2.6775753,0.523,0.22684392
-6.819259,2.4775116,-2.6579714,0.523,0.23005153
-6.8643413,2.4538333,-2.638095,0.523,0.22864276
-6.9089584,2.4292557,-2.618338,0.523,0.22723399
-6.9530964,2.403793,-2.5987008,0.523,0.22582522
-6.9967394,2.3774602,-2.5791833,0.523,0.22841907
-7.0398345,2.350297,-2.5594454,0.523,0.23101291
-7.0823593,2.3223052,-2.5394874,0.523,0.23360674
-7.1242914,2.2934883,-2.5193095,0.523,0.23289143
-7.1656404,2.263826,-2.499192,0.523,0.23217611
-7.2063913,2.2333329,-2.4791353,0.523,0.2314608
-7.2465296,2.2020233,-2.4591393,0.523,0.22945707
-7.2860518,2.169902,-2.4393134,0.523,0.22745334
-7.324948,2.1369886,-2.4196575,0.523,0.2254496
-7.3632073,2.1033015,-2.400172,0.523,0.22885147
-7.4007735,2.0689023,-2.3803973,0.523,0.23225334
-7.4376225,2.033795,-2.3603342,0.523,0.2356552
-7.4737306,1.9979846,-2.3399825,0.523,0.23906001
-7.5090733,1.9614769,-2.3193424,0.523,0.24246484
-7.5436263,1.9242786,-2.298414,0.523,0.24586967
-7.5773644,1.8863976,-2.2771976,0.523,0.25148648
-7.6102448,1.8478643,-2.2555068,0.523,0.2571033
-7.6422343,1.8086842,-2.233342,0.523,0.2627201
-7.6733017,1.7688643,-2.210704,0.523,0.26693743
-7.703425,1.7283976,-2.1877112,0.523,0.27115476
-7.7325764,1.6872969,-2.1643643,0.523,0.27537206
-7.7607265,1.6455762,-2.1406631,0.523,0.2805512
-7.7878404,1.6032627,-2.116528,0.523,0.28573033
-7.8138857,1.5603718,-2.0919595,0.523,0.29090947
-7.8388314,1.5169208,-2.066958,0.523,0.29883754
-7.862625,1.4729658,-2.0412953,0.523,0.30676565
-7.8852277,1.428525,-2.014973,0.523,0.31469375
-7.906598,1.3836191,-1.9879926,0.523,0.3159393
-7.926741,1.3381715,-1.9609091,0.523,0.31718484
-7.945638,1.2922138,-1.9337224,0.523,0.3184304
-7.963272,1.2457784,-1.9064326,0.523,0.3168776
-7.9796405,1.1988554,-1.8792714,0.523,0.3153248
-7.994736,1.1514809,-1.8522388,0.523,0.31377202
-8.008553,1.1036917,-1.8253349,0.523,0.31006223
-8.021094,1.0554904,-1.7987388,0.523,0.30635244
-8.032362,1.0069153,-1.7724508,0.523,0.30264264
-8.042361,0.9580038,-1.7464714,0.523,0.29338473
-8.051111,0.90870917,-1.7212633,0.523,0.28412682
-8.058637,0.8590733,-1.6968287,0.523,0.2748689
-8.064964,0.8091358,-1.67317,0.523,0.27130145
-8.070113,0.7590126,-1.6498106,0.523,0.267734
-8.074094,0.70873326,-1.6267508,0.523,0.26416653
-8.076918,0.65832657,-1.6039913,0.523,0.25524345
-8.078597,0.60774887,-1.5819833,0.523,0.24632037
-8.0791645,0.5570306,-1.5607288,0.523,0.23739728
-8.078653,0.5062,-1.5402296,0.523,0.23131856
-8.077097,0.45531684,-1.5202456,0.523,0.22523984
-8.074521,0.40440303,-1.5007777,0.523,0.21916114
-8.07095,0.35347912,-1.4818268,0.523,0.2084516
-8.066403,0.30251366,-1.463788,0.523,0.19774206
-8.060926,0.25152618,-1.4466636,0.523,0.18703252
-8.0545635,0.20053367,-1.4304556,0.523,0.18465021
-8.047373,0.14962819,-1.4144515,0.523,0.18226789
-8.039364,0.09882188,-1.3986516,0.523,0.17988557
-8.030549,0.048126318,-1.383056,0.523,0.17405972
-8.020936,-0.0024783155,-1.3679603,0.523,0.16823389
-8.010549,-0.052982893,-1.3533651,0.523,0.16240804
-7.999415,-0.10337945,-1.3392706,0.523,0.16045567
-7.9875684,-0.15363006,-1.3253442,0.523,0.1585033
-7.975019,-0.20372656,-1.3115858,0.523,0.15655091
-7.961777,-0.25366113,-1.2979953,0.523,0.15061665
-7.947846,-0.30345687,-1.2849162,0.523,0.14468238
-7.9332514,-0.35310996,-1.2723486,0.523,0.1387481
-7.9180207,-0.4026176,-1.2602932,0.523,0.13938056
-7.902196,-0.45193368,-1.2481833,0.523,0.14001302
-7.885777,-0.5010501,-1.2360185,0.523,0.14064549
-7.868763,-0.5499588,-1.2237993,0.523,0.13950334
-7.8511496,-0.59866387,-1.2116787,0.523,0.13836119
-7.832945,-0.6471596,-1.1996567,0.523,0.13721904
-7.814155,-0.6954406,-1.1877333,0.523,0.13570793
-7.794787,-0.7435041,-1.1759403,0.523,0.13419682
-7.7748494,-0.79134566,-1.1642779,0.523,0.13268572
-7.7543507,-0.8389611,-1.1527461,0.523,0.13092998
-7.7332997,-0.88634807,-1.1413659,0.523,0.12917423
-7.711706,-0.9335032,-1.1301374,0.523,0.1274185
-7.689579,-0.98042357,-1.1190609,0.523,0.13100676
-7.6669445,-1.0270742,-1.1076741,0.523,0.13459502
-7.6437907,-1.0734419,-1.0959773,0.523,0.13818328
-7.6201086,-1.1195128,-1.0839705,0.523,0.13731664
-7.5958714,-1.1653016,-1.0720388,0.523,0.13645
-7.5710874,-1.2108034,-1.0601817,0.523,0.13558336
-7.545762,-1.2560135,-1.0483996,0.523,0.13183215
-7.519893,-1.3009447,-1.0369414,0.523,0.12808095
-7.493498,-1.3455985,-1.0258075,0.523,0.12432974
-7.466594,-1.3899767,-1.0149981,0.523,0.12114298
-7.439202,-1.4340789,-1.0044643,0.523,0.11795623
-7.411336,-1.4779068,-0.9942062,0.523,0.11476947
-7.3830113,-1.5214629,-0.9842241,0.5225191,0.11105672
-7.3542676,-1.5647124,-0.97457236,0.5220383,0.10734397
-7.3251224,-1.6076604,-0.96525073,0.5215574,0.10363122
-7.295594,-1.6503124,-0.95625854,0.51811755,0.09813895
-7.2658644,-1.692441,-0.94779754,0.5146777,0.09264668
-7.235963,-1.7340604,-0.9398617,0.51123786,0.08715441
-7.2059197,-1.775185,-0.932445,0.5066269,0.08316681
-7.1758356,-1.8157305,-0.9254307,0.50201595,0.079179205
-7.1457343,-1.8557099,-0.91881275,0.49740502,0.0751916
-7.1156387,-1.895136,-0.91258514,0.49518883,0.073787324
-7.08543,-1.9342031,-0.90650094,0.4929726,0.07238305
-7.055118,-1.9729158,-0.90055895,0.4907564,0.070978776
-7.02471,-2.0112784,-0.8947583,0.48865423,0.066842295
-6.994203,-2.049311,-0.8893185,0.48655206,0.06270581
-6.9636135,-2.0870245,-0.88423693,0.48444992,0.058569323
-6.9329576,-2.124429,-0.87951064,0.48188964,0.053643186
-6.9022803,-2.1615016,-0.8752044,0.47932938,0.048717044
-6.871599,-2.198255,-0.871314,0.4767691,0.043790907
-6.8409333,-2.2347012,-0.8678354,0.47334683,0.029349457
-6.8103456,-2.2707987,-0.86552036,0.46992457,0.01490801
-6.7798862,-2.3065765,-0.86435276,0.4665023,0.00046656132
-6.749604,-2.342062,-0.86431646,0.46357265,-0.012420732
-6.719513,-2.377321,-0.8652761,0.46064296,-0.025308024
-6.6896534,-2.4123774,-0.8672189,0.4577133,-0.03819532
-6.6600633,-2.4472542,-0.87013197,0.45317698,-0.040079243
-6.630869,-2.4818678,-0.8731583,0.4486406,-0.041963167
-6.602073,-2.5162196,-0.8762951,0.44410428,-0.04384709
-6.573678,-2.5503106,-0.8795395,0.43386635,-0.047958087
-6.5460505,-2.5836992,-0.8830061,0.4236284,-0.052069087
-6.5191936,-2.6163864,-0.8866808,0.41339043,-0.056180082
-6.493109,-2.648373,-0.8905494,0.39769423,-0.0683278
-6.468153,-2.679218,-0.89507484,0.381998,-0.080475524
-6.444338,-2.7089274,-0.9001929,0.3663018,-0.09262324
-6.4216714,-2.737502,-0.9058395,0.34762585,-0.10277413
-6.4003353,-2.764714,-0.9117835,0.32894987,-0.11292501
-6.3803205,-2.790555,-0.9179615,0.31027392,-0.123075895
-6.361616,-2.8150156,-0.92430997,0.29628447,-0.13025191
-6.3439193,-2.8384647,-0.9307237,0.28229502,-0.13742793
-6.327218,-2.8608928,-0.93716925,0.26830557,-0.14460395
-6.311498,-2.8822896,-0.94361305,0.256961,-0.14393027
-6.296574,-2.9028802,-0.9497559,0.24561639,-0.1432566
-6.2824287,-2.9226508,-0.9556002,0.23427181,-0.14258292
-6.2690454,-2.9415889,-0.96114856,0.22956939,-0.13437662
-6.256019,-2.9602404,-0.96627456,0.22486699,-0.1261703
-6.24334,-2.9785948,-0.9709906,0.22016458,-0.117964
-6.2309985,-2.9966419,-0.9753092,0.21229693,-0.110546
-6.2191634,-3.01411,-0.97921264,0.20442928,-0.103128
-6.2078233,-3.0309887,-0.98272014,0.19656163,-0.095709994
-6.196969,-3.047268,-0.9858509,0.1922057,-0.082651824
-6.1863923,-3.0632384,-0.9884955,0.18784977,-0.06959365
-6.1760864,-3.0788896,-0.99067265,0.18349384,-0.056535475
-6.1660447,-3.0942123,-0.9924007,0.17971608,-0.02518031
-6.1562233,-3.109256,-0.9931548,0.17593832,0.0061748563
-6.1466165,-3.1239948,-0.99297374,0.17216057,0.037530024
-6.1372194,-3.1384058,-0.99189717,0.16073687,0.07495438
-6.1284504,-3.1518228,-0.98989105,0.14931318,0.112378746
-6.120308,-3.164226,-0.9871003,0.1378895,0.1498031
