1.9753989,0.077573046,-2.9376051,0.9243009,0.0
1.8848852,0.058848947,-2.9376051,0.523,0.09589924
1.833905,0.04830291,-2.9292586,0.4932969,0.19179848
1.7865673,0.038097702,-2.9135864,0.46359378,0.2876977
1.7432638,0.028049503,-2.8916626,0.4340364,0.37138692
1.7040759,0.018046087,-2.8654099,0.40447906,0.45507613
1.6691213,0.008139052,-2.83578,0.3749217,0.5387654
1.6384333,-0.0015496713,-2.8037193,0.34506157,0.5759739
1.6111305,-0.01114242,-2.772396,0.31520146,0.6131825
1.5870895,-0.020444768,-2.7421644,0.28534135,0.65039104
1.5661683,-0.029276032,-2.713369,0.25547606,0.6708349
1.5479637,-0.037585925,-2.6869,0.22561076,0.6912787
1.532348,-0.04521976,-2.6629279,0.19574548,0.7117225
1.5191914,-0.052046962,-2.6416197,0.16599986,0.68982947
1.5079542,-0.05818545,-2.6240125,0.13625425,0.6679364
1.4986581,-0.06347827,-2.6099472,0.10650864,0.6460433
1.4913274,-0.06778961,-2.5992603,0.07695991,0.62336
1.4859755,-0.071014695,-2.5917726,0.04741117,0.60067666
1.4826407,-0.07305843,-2.5873065,0.017862432,0.57799333
1.4813687,-0.07384588,-2.5856798,-0.011487578,0.55627966
1.4821973,-0.07333106,-2.586691,-0.04083759,0.5345659
1.4851841,-0.071479656,-2.5901585,-0.0701876,0.51285225
1.4903934,-0.06827553,-2.5958982,-0.09922054,0.48886156
1.497881,-0.06372906,-2.6036642,-0.12825347,0.46487087
1.5077262,-0.057855226,-2.613247,-0.15728642,0.44088018
1.5200112,-0.050684527,-2.6244338,-0.18567805,0.45024765
1.5345423,-0.04241927,-2.637901,-0.2140697,0.4596151
1.5513451,-0.033159196,-2.6537282,-0.24246132,0.46898258
1.5704501,-0.02302116,-2.6719928,-0.26893222,0.49781957
1.5915213,-0.012328301,-2.6933956,-0.29540315,0.5266565
1.6145364,-0.0012619008,-2.718143,-0.32187405,0.55549353
1.6394687,0.009975493,-2.7464337,-0.3468579,0.5793825
1.6662569,0.02114885,-2.7780848,-0.37184176,0.6032715
1.6948767,0.032036148,-2.8132448,-0.3968256,0.62716043
1.7252909,0.04239769,-2.8520577,-0.41912696,0.6236202
1.7578982,0.05211161,-2.892851,-0.44142827,0.62008
1.7927175,0.060955748,-2.9356034,-0.46372962,0.6165398
1.8297524,0.068694346,-2.9802928,-0.48515695,0.5926289
1.8694727,0.07515735,-3.0254562,-0.5065843,0.568718
1.9118695,0.08010343,-3.0709267,-0.523,0.54480714
1.9564863,0.08326157,-3.116101,-0.523,0.4991904
2.0023892,0.08443197,3.1253562,-0.523,0.45357367
2.0493948,0.0836687,3.0871615,-0.523,0.40795696
2.0973315,0.08105687,3.0525794,-0.49895507,0.5079349
2.1407552,0.077181354,3.0121331,-0.47491014,0.60791296
2.1794116,0.07214876,2.9669251,-0.4508652,0.707891
2.2131443,0.066196114,2.9180639,-0.43552533,0.8076257
2.2424996,0.059522852,2.8656087,-0.42018545,0.90736043
2.2673965,0.05247175,2.8104327,-0.40484557,1.0
2.288082,0.045359667,2.753655,-0.40765393,1.0
2.3084707,0.037027806,2.6964834,-0.41046232,1.0
2.3284874,0.027479194,2.6389182,-0.4132707,1.0
2.3480542,0.016721677,2.5809588,-0.41559237,1.0
2.3670714,0.004782074,2.522674,-0.41791406,1.0
2.385463,-0.008317813,2.4640636,-0.42023572,1.0
2.4031534,-0.022551162,2.4051275,-0.42138904,1.0
2.4200208,-0.03784365,2.3460298,-0.4225424,1.0
2.4359992,-0.054150194,2.2867703,-0.4236957,1.0
2.4510245,-0.071421444,2.227349,-0.4223588,1.0
2.464954,-0.089497305,2.1681154,-0.42102188,1.0
2.477748,-0.10830634,2.1090689,-0.41968495,1.0
2.4893725,-0.12777556,2.0502102,-0.4168527,1.0
2.4997613,-0.14775914,1.9917486,-0.41402048,1.0
2.5089023,-0.16817589,1.9336842,-0.41118822,1.0
2.5167887,-0.18894565,1.8760171,-0.4073634,1.0
2.5234027,-0.2099383,1.8188864,-0.40353864,1.0
2.5287566,-0.23107404,1.762292,-0.39971384,1.0
2.532867,-0.2522759,1.7062341,-0.39595532,1.0
2.5357556,-0.27347353,1.6507032,-0.39219683,1.0
2.5374472,-0.2945964,1.5956995,-0.3884383,1.0
2.5379696,-0.31557733,1.5412229,-0.3878076,1.0
2.5373502,-0.33652148,1.4868348,-0.38717693,1.0
2.535596,-0.35736707,1.432535,-0.38654622,1.0
2.5327175,-0.37805292,1.3783239,-0.38559842,1.0
2.528732,-0.3985022,1.3242456,-0.38465065,1.0
2.52366,-0.41865647,1.2703001,-0.38370284,1.0
2.5175235,-0.43845904,1.2164876,-0.38233602,1.0
2.5103564,-0.45783362,1.162867,-0.38096917,1.0
2.5021906,-0.47672847,1.1094378,-0.37960234,1.0
2.4930604,-0.49509412,1.0562004,-0.3778157,1.0
2.4830132,-0.5128639,1.0032136,-0.37602907,1.0
2.4720907,-0.52999514,0.95047736,-0.37424242,1.0
2.4603367,-0.54644835,0.89799166,-0.37527224,1.0
2.4477012,-0.5623058,0.84536153,-0.37630206,1.0
2.434212,-0.57751817,0.792587,-0.3773319,1.0
2.4199,-0.5920375,0.739668,-0.38146853,1.0
2.4046748,-0.60593003,0.6861689,-0.3856052,1.0
2.3885558,-0.61913025,0.6320896,-0.38974184,1.0
2.3715663,-0.6315719,0.57743025,-0.39652044,1.0
2.3536158,-0.6432667,0.5218202,-0.40329903,1.0
2.3347254,-0.6541283,0.46525943,-0.41007763,1.0
2.314924,-0.66406894,0.407748,-0.41838792,1.0
2.2941716,-0.67303306,0.34907115,-0.4266982,1.0
2.2725074,-0.6809183,0.28922877,-0.4350085,1.0
2.2499802,-0.68762183,0.22822094,-0.44053298,1.0
2.2267952,-0.69300693,0.16643831,-0.44605747,1.0
2.2030277,-0.69699967,0.10388092,-0.45158195,1.0
2.17876,-0.69952977,0.04054873,-0.45597476,1.0
2.1541438,-0.70052844,-0.02339952,-0.46036753,1.0
2.129277,-0.69994646,-0.08796384,-0.46476033,1.0
2.1042628,-0.69774044,-0.15314423,-0.46846533,1.0
2.079248,-0.6938793,-0.21884423,-0.47217035,1.0
2.054345,-0.6883407,-0.28506383,-0.47587535,1.0
2.029671,-0.68111014,-0.35180306,-0.4814705,1.0
2.0052502,-0.67214596,-0.41932696,-0.48706564,1.0
1.9812139,-0.6614314,-0.48763555,-0.4926608,1.0
1.9576979,-0.6489596,-0.55672884,-0.50010175,1.0
1.9347577,-0.6346815,-0.6268657,-0.5075427,1.0
1.9125489,-0.6185952,-0.6980461,-0.51498365,1.0
1.8912325,-0.60071164,-0.7702701,-0.5215539,1.0
1.8710072,-0.5810893,-0.8434155,-0.523,1.0
1.8522182,-0.559983,-0.9167637,-0.523,1.0
1.8350264,-0.5375566,-0.99011195,-0.523,1.0
1.8195243,-0.51393056,-1.0634601,-0.523,1.0
1.8057952,-0.48923206,-1.1368084,-0.523,1.0
1.793913,-0.46359387,-1.2101566,-0.5216598,1.0
1.7839671,-0.4372216,-1.2833169,-0.5203196,1.0
1.7759961,-0.41026232,-1.3562891,-0.5189794,1.0
1.7700272,-0.3828644,-1.4290736,-0.51516575,1.0
1.7660955,-0.35530895,-1.501323,-0.5113521,1.0
1.7641777,-0.3277471,-1.5730377,-0.50753856,1.0
1.7642392,-0.30032477,-1.6442175,-0.5022432,1.0
1.7662297,-0.27326155,-1.7146547,-0.49694794,1.0
1.770079,-0.2466887,-1.7843492,-0.49165264,1.0
1.7757089,-0.22072801,-1.8533012,-0.48536646,1.0
1.7830193,-0.19554308,-1.9213715,-0.4790803,1.0
1.7919091,-0.1712327,-1.9885602,-0.47279412,1.0
1.8022733,-0.14788444,-2.0548673,-0.46660092,1.0
1.8140059,-0.12557039,-2.1203058,-0.46040773,1.0
1.8269978,-0.10435667,-2.1848757,-0.45421454,1.0
1.8411386,-0.08429895,-2.248577,-0.4549826,0.96821326
1.8573089,-0.06421162,-2.3110518,-0.4557507,0.9364265
1.8755271,-0.044269517,-2.3722322,-0.45651877,0.9046397
1.8957931,-0.024643498,-2.4320517,-0.46236992,0.86265635
1.9186087,-0.0050510056,-2.4905856,-0.46822107,0.820673
1.9440001,0.014292119,-2.5476778,-0.47407222,0.7786896
1.9719675,0.03317677,-2.6031716,-0.48517022,0.75486887
2.0023057,0.05129739,-2.6585774,-0.4962682,0.73104817
2.0350251,0.068456985,-2.7137997,-0.50736624,0.7072274
2.0701177,0.084457554,-2.7687414,-0.51964873,0.67335784
2.1079493,0.09925524,-2.8227515,-0.523,0.6394882
2.1477997,0.11241004,-2.8747714,-0.523,0.6056186
2.1892767,0.1237473,-2.9243927,-0.523,0.5600188
2.2325463,0.13329613,-2.9706957,-0.523,0.51441884
2.2774143,0.14103946,-3.0135844,-0.523,0.468819
2.3236897,0.14699563,-3.0529692,-0.523,0.41966036
2.371264,0.15122291,-3.0884852,-0.523,0.37050176
2.4199464,0.15381075,-3.1200469,-0.523,0.32134312
2.4695578,0.15487984,3.1356077,-0.523,0.26970053
2.5199664,0.15457813,3.1123827,-0.523,0.21805793
2.571006,0.15308684,3.0935256,-0.523,0.16641533
2.622524,0.15060863,3.0790865,-0.4965625,0.26640528
2.670335,0.14761625,3.0572987,-0.47012502,0.3663952
2.714071,0.1439208,3.0292282,-0.44368753,0.46638516
2.7534513,0.13947713,2.9959767,-0.42001837,0.566259
2.7885222,0.13433386,2.9584215,-0.39634922,0.6661329
2.8191626,0.12865782,2.9176009,-0.37268007,0.7660068
2.84535,0.122691914,2.8745399,-0.3669517,0.8629114
2.8683646,0.116395436,2.8280754,-0.36122337,0.959816
2.8880768,0.110004544,2.7787633,-0.355495,1.0
2.9060338,0.103187405,2.7289066,-0.36159155,1.0
2.9239304,0.095351726,2.6781952,-0.3676881,1.0
2.9417017,0.08647171,2.6266289,-0.37378463,1.0
2.959278,0.07652527,2.5742073,-0.3808178,1.0
2.9766297,0.065467305,2.5207994,-0.38785094,1.0
2.9936755,0.0532778,2.4664052,-0.3948841,1.0
3.0103297,0.03994207,2.4110246,-0.4017693,1.0
3.0264976,0.025456686,2.3546784,-0.4086545,1.0
3.0420866,0.009820331,2.2973666,-0.41553968,1.0
3.0570016,-0.0069613573,2.2390893,-0.41866815,1.0
3.0710185,-0.024715936,2.180373,-0.42179662,1.0
3.084066,-0.04340105,2.121218,-0.4249251,1.0
3.0960746,-0.062968925,2.0616243,-0.42421275,1.0
3.1068783,-0.08318333,2.0021305,-0.42350045,1.0
3.1164446,-0.10396939,1.9427367,-0.4227881,1.0
3.1247466,-0.12525079,1.8834428,-0.42001858,1.0
3.1317265,-0.14684436,1.8245372,-0.41724902,1.0
3.1373858,-0.16866657,1.7660199,-0.4144795,1.0
3.1417298,-0.19063559,1.7078912,-0.41012105,1.0
3.1447582,-0.21258661,1.6503737,-0.40576264,1.0
3.146501,-0.23444068,1.5934675,-0.4014042,1.0
3.1469927,-0.25612307,1.5371726,-0.3956825,1.0
3.146274,-0.2774898,1.4816799,-0.38996086,1.0
3.144399,-0.29847586,1.4269898,-0.38423917,1.0
3.1414237,-0.3190221,1.3731022,-0.37715966,1.0
3.1374211,-0.3390032,1.3202074,-0.37008014,1.0
3.1324627,-0.35837418,1.2683054,-0.36300063,1.0
3.12662,-0.3770967,1.2173963,-0.35658702,1.0
3.1199522,-0.39517257,1.1673867,-0.3501734,1.0
3.112525,-0.41257375,1.1182766,-0.3437598,1.0
3.1044042,-0.42927775,1.0700659,-0.33813092,1.0
3.0956337,-0.44530416,1.0226446,-0.332502,1.0
3.0862718,-0.4606372,0.9760129,-0.3268731,1.0
3.0763757,-0.47526532,0.9301705,-0.32257172,1.0
3.0659587,-0.48923823,0.8849314,-0.31827033,1.0
3.0550678,-0.5025459,0.8402955,-0.31396896,1.0
3.0437486,-0.51518124,0.79626286,-0.3147473,1.0
3.031855,-0.5273361,0.7521211,-0.31552568,1.0
3.019406,-0.5389831,0.7078701,-0.31630406,1.0
3.0064218,-0.55009526,0.66351,-0.3202339,1.0
2.9927905,-0.5607515,0.61859876,-0.32416376,1.0
2.9785216,-0.5709082,0.5731364,-0.32809362,1.0
2.9636273,-0.580521,0.5271228,-0.33411488,1.0
2.9480255,-0.5896022,0.4802648,-0.34013614,1.0
2.9317267,-0.5980929,0.43256238,-0.34615737,1.0
2.9147465,-0.6059331,0.38401547,-0.35427457,1.0
2.8969991,-0.61310446,0.33433017,-0.36239177,1.0
2.878503,-0.6195294,0.28350648,-0.37050897,1.0
2.8592834,-0.6251291,0.23154439,-0.38160858,1.0
2.8392153,-0.62986064,0.17802563,-0.39270818,1.0
2.8183327,-0.63361806,0.12295022,-0.40380776,1.0
2.7966795,-0.6362938,0.06631813,-0.41593766,1.0
2.7742558,-0.6377831,0.007984886,-0.42806756,1.0
2.7511277,-0.6379678,-0.05204952,-0.44019747,1.0
2.727376,-0.63673043,-0.11378509,-0.4492954,1.0
2.7032576,-0.6339742,-0.1767966,-0.45839334,1.0
2.6788764,-0.6296182,-0.24108404,-0.46749127,1.0
2.6543484,-0.62358755,-0.30664745,-0.47467422,1.0
2.6298978,-0.61584574,-0.3732182,-0.48185718,1.0
2.6056554,-0.60635304,-0.44079635,-0.48904014,1.0
2.581758,-0.5950794,-0.50938183,-0.49742073,1.0
2.5582943,-0.5819738,-0.5791427,-0.5058013,1.0
2.535422,-0.5670167,-0.6500789,-0.51418185,1.0
2.513307,-0.5502021,-0.72219044,-0.523,1.0
2.4921036,-0.5315228,-0.79553866,-0.523,1.0
2.472326,-0.5113399,-0.8688868,-0.523,1.0
2.4540806,-0.48976198,-0.94223505,-0.523,1.0
2.4374654,-0.46690494,-1.0155833,-0.523,1.0
2.4225702,-0.4428918,-1.0889316,-0.523,1.0
2.4094746,-0.41785163,-1.1622797,-0.523,1.0
2.3982491,-0.39191914,-1.235628,-0.523,1.0
2.3889544,-0.36523372,-1.3089762,-0.523,1.0
2.3816402,-0.33793893,-1.3823245,-0.523,1.0
2.3763459,-0.31018153,-1.4556726,-0.523,1.0
2.3730998,-0.28211075,-1.5290208,-0.523,1.0
2.3719199,-0.2538776,-1.6023691,-0.523,1.0
2.3728118,-0.22563387,-1.6757172,-0.523,1.0
2.3757713,-0.19753146,-1.7490655,-0.523,1.0
2.3807821,-0.16972147,-1.8224137,-0.52217424,1.0
2.3878064,-0.14239669,-1.8956461,-0.5213485,1.0
2.3967967,-0.11570136,-1.9687628,-0.5205227,1.0
2.407696,-0.08977526,-2.0417635,-0.5155415,0.9979942
2.4203746,-0.0648755,-2.1139724,-0.5105603,0.9959884
2.4347215,-0.04111283,-2.1853912,-0.50557905,0.9939826
2.4506202,-0.018586261,-2.2560208,-0.50575405,0.94540375
2.4693573,0.0043382454,-2.3243594,-0.50592905,0.89682496
2.490962,0.027364288,-2.390244,-0.50610405,0.8482461
2.51542,0.050210822,-2.4535172,-0.5112181,0.7943789
2.5430918,0.072959945,-2.5143034,-0.51633203,0.74051166
2.5739477,0.09532968,-2.5723622,-0.52144605,0.6866445
2.607916,0.11706554,-2.627457,-0.523,0.6301253
2.6447093,0.13784629,-2.6788194,-0.523,0.57360613
2.6840181,0.15745772,-2.7261217,-0.523,0.517087
2.7256129,0.17580733,-2.7692125,-0.523,0.46756577
2.7690997,0.19279344,-2.8084998,-0.523,0.41804463
2.8142688,0.20842123,-2.8438873,-0.523,0.36852345
2.8609111,0.22273225,-2.875288,-0.523,0.32170698
2.9087791,0.23578982,-2.902849,-0.523,0.27489048
2.9576876,0.24769348,-2.9265096,-0.523,0.228074
3.0074594,0.25856674,-2.9462183,-0.523,0.18507397
3.0578883,0.26854655,-2.9622586,-0.523,0.14207393
3.1088312,0.27778152,-2.974601,-0.523,0.0990739
3.1601508,0.28643203,-2.983223,-0.523,0.04607319
3.2117414,0.29467142,-2.9872375,-0.523,-0.00692752
3.2634182,0.302712,-2.9866335,-0.523,-0.05992823
3.3149989,0.31076947,-2.9814131,-0.523,-0.10464044
3.366347,0.31906545,-2.9723084,-0.523,-0.14935265
3.4173255,0.3277787,-2.9593382,-0.523,-0.19406486
3.4677937,0.33707997,-2.9425282,-0.5187456,-0.20446669
3.5175846,0.3471246,-2.9249735,-0.5144912,-0.21486852
3.566676,0.35792822,-2.9066904,-0.51023674,-0.22527035
3.6150446,0.36950383,-2.887695,-0.51030785,-0.22410241
3.6632042,0.38200116,-2.868794,-0.51037896,-0.22293445
3.7111385,0.39541188,-2.849987,-0.51045,-0.22176652
3.7588313,0.40972742,-2.8312745,-0.50936085,-0.23064739
3.80605,0.42486948,-2.8118672,-0.5082717,-0.23952825
3.8527663,0.4408566,-2.79177,-0.50718254,-0.24840912
3.89895,0.45770577,-2.770987,-0.50869256,-0.2519846
3.9448683,0.47554776,-2.7498486,-0.5102026,-0.25556007
3.990492,0.4943947,-2.7283533,-0.51171255,-0.25913554
4.0357914,0.51425785,-2.706499,-0.51177925,-0.2696061
4.0805244,0.53504986,-2.6837804,-0.5118459,-0.28007665
4.124649,0.55679125,-2.6601987,-0.5119125,-0.2905472
4.168121,0.57950014,-2.635757,-0.51085734,-0.2975693
4.210845,0.60316527,-2.6107934,-0.5098021,-0.3
4.2528467,0.62782,-2.5856838,-0.5087469,-0.3
4.294131,0.65346825,-2.5606263,-0.5084144,-0.3
4.3347325,0.6801254,-2.5355852,-0.5080819,-0.3
4.374628,0.70777273,-2.5105605,-0.50774944,-0.3
4.4137936,0.7363909,-2.485552,-0.50637066,-0.3
4.452127,0.7658991,-2.4606116,-0.5049919,-0.3
4.48961,0.7962712,-2.435739,-0.5036131,-0.3
4.5262265,0.8274807,-2.4109344,-0.50225836,-0.3
4.5619607,0.8595024,-2.3861966,-0.5009036,-0.3
4.596798,0.89230937,-2.3615253,-0.49954885,-0.3
4.630723,0.92587477,-2.336921,-0.50078017,-0.3
4.6638937,0.9603494,-2.3122559,-0.50201154,-0.3
4.6962833,0.99571836,-2.28753,-0.5032429,-0.3
4.727866,1.031966,-2.2627437,-0.5047068,-0.29285067
4.7586975,1.069174,-2.2384603,-0.5061707,-0.28570136
4.788767,1.107311,-2.2146845,-0.5076346,-0.27855206
4.818066,1.146345,-2.191421,-0.5120377,-0.27574074
4.8467183,1.1864265,-2.1681864,-0.5164408,-0.27292946
4.874692,1.2275456,-2.144985,-0.5208439,-0.27011815
4.901956,1.2696917,-2.121821,-0.523,-0.26130667
4.9284086,1.3127381,-2.099302,-0.523,-0.25249517
4.9539447,1.3564702,-2.0775259,-0.523,-0.2436837
4.9785767,1.4008471,-2.0564945,-0.523,-0.24834439
5.002243,1.4456795,-2.035069,-0.523,-0.2530051
5.0249157,1.4909548,-2.0132499,-0.523,-0.25766578
5.0465693,1.5366582,-1.9910377,-0.523,-0.2493561
5.067247,1.5829308,-1.9695268,-0.523,-0.24104643
5.086965,1.6297346,-1.9487184,-0.523,-0.23273677
5.105743,1.6770334,-1.9286141,-0.523,-0.23414527
5.1235604,1.7246842,-1.9083904,-0.523,-0.23555379
5.1404047,1.7726693,-1.8880473,-0.523,-0.23696229
5.156264,1.8209708,-1.867585,-0.523,-0.23079214
5.1711535,1.8696582,-1.8476456,-0.523,-0.22462198
5.1850896,1.9187028,-1.8282304,-0.523,-0.21845183
5.1980886,1.9680774,-1.8093396,-0.523,-0.21359697
5.2101655,2.0177417,-1.7908624,-0.523,-0.2087421
5.2213345,2.0676723,-1.7727989,-0.523,-0.20388722
5.2316103,2.1178477,-1.7551496,-0.523,-0.19736496
5.241011,2.1682632,-1.7380575,-0.523,-0.1908427
5.2495604,2.218897,-1.7215232,-0.523,-0.18432043
5.2572803,2.2697284,-1.7055473,-0.523,-0.17741163
5.2641964,2.3207407,-1.690164,-0.523,-0.17050281
5.270334,2.3719156,-1.6753737,-0.523,-0.16359401
5.2757206,2.4232354,-1.6611773,-0.523,-0.15698795
5.280383,2.4746814,-1.6475493,-0.523,-0.1503819
5.284348,2.526239,-1.6344904,-0.523,-0.14377585
5.2876425,2.5778942,-1.622001,-0.523,-0.13366619
5.2902956,2.62966,-1.6103845,-0.523,-0.12355652
5.29235,2.6815205,-1.5996418,-0.523,-0.113446854
5.2938485,2.7334626,-1.5897743,-0.523,-0.101479426
5.2948356,2.7854843,-1.5809438,-0.523,-0.08951199
5.2953644,2.837572,-1.5731517,-0.523,-0.077544555
5.295487,2.889715,-1.5663992,-0.523,-0.067062035
5.2952576,2.941897,-1.5605581,-0.523,-0.056579508
5.294723,2.9941103,-1.5556288,-0.523,-0.04609698
5.2939305,3.0463488,-1.5516121,-0.523,-0.029590618
5.2929277,3.0986164,-1.5490332,-0.523,-0.013084257
5.29179,3.1508994,-1.5478927,-0.523,0.0034221052
5.290592,3.2031853,-1.548191,-0.5096248,0.023239542
5.2894406,3.254121,-1.5501647,-0.49624956,0.043056976
5.288418,3.3036895,-1.5537248,-0.4828743,0.062874414
5.287595,3.3518746,-1.5587815,-0.45829907,0.0949988
5.287047,3.3974946,-1.5660269,-0.4337238,0.12712319
5.286842,3.4405165,-1.5751916,-0.40914854,0.15924758
5.2870193,3.4809132,-1.5860051,-0.38266864,0.18415852
5.2875915,3.5185287,-1.597684,-0.3561887,0.20906946
5.288528,3.5533593,-1.6100053,-0.3297088,0.23398039
5.2897854,3.585407,-1.6227458,-0.30235225,0.25526014
5.2913046,3.614623,-1.6354697,-0.2749957,0.27653986
5.293014,3.6410227,-1.6479832,-0.24763918,0.2978196
5.29484,3.664626,-1.6600943,-0.22167552,0.30390245
5.2967257,3.6856933,-1.6711502,-0.19571187,0.3099853
5.298593,3.704238,-1.6811004,-0.1697482,0.31606814
5.3003693,3.720274,-1.6898942,-0.15180472,0.33211306
5.3020744,3.734523,-1.6981434,-0.13386121,0.34815797
5.3036723,3.7470043,-1.7057549,-0.11591771,0.3642029
5.30513,3.7577372,-1.7126366,-0.11152159,0.34647968
5.3066125,3.7681212,-1.7189485,-0.10712545,0.32875645
5.3081093,3.7781491,-1.724713,-0.10272932,0.31103325
5.3096085,3.7878134,-1.7299529,-0.10160422,0.30289325
5.311146,3.7973888,-1.7350041,-0.10047912,0.29475322
5.3127174,3.806874,-1.739869,-0.099354014,0.28661323
5.314321,3.8162682,-1.7445503,-0.100494765,0.27227023
5.3159943,3.8258018,-1.7490544,-0.101635516,0.25792724
5.3177366,3.8354733,-1.7533753,-0.10277627,0.24358426
5.3195477,3.8452818,-1.7575066,-0.103930496,0.23354006
5.3214245,3.855217,-1.7615153,-0.10508472,0.22349587
5.323367,3.8652782,-1.7653971,-0.10623895,0.21345168
5.325375,3.8754652,-1.7691479,-0.10644297,0.20178597
5.32743,3.885689,-1.7727034,-0.106647,0.19012026
5.3295302,3.895949,-1.7760625,-0.106851034,0.17845455
5.331673,3.9062436,-1.7792236,-0.106437616,0.16984583
5.333844,3.916507,-1.7822222,-0.106024206,0.1612371
5.33604,3.926739,-1.785059,-0.10561079,0.15262839
5.3382597,3.9369385,-1.7877351,-0.10479487,0.14413968
5.340492,3.9470663,-1.7902439,-0.10397894,0.13565098
5.342735,3.9571216,-1.7925875,-0.10316302,0.12716228
5.3449855,3.967104,-1.794768,-0.10181109,0.11880629
5.347231,3.9769607,-1.7967793,-0.100459166,0.11045029
5.349468,3.9866917,-1.7986248,-0.099107236,0.1020943
5.351695,3.996296,-1.8003082,-0.09675203,0.097131886
5.3538857,4.005673,-1.801872,-0.09439684,0.09216947
5.3560386,4.014823,-1.80332,-0.092041634,0.08720706
5.3581514,4.023745,-1.8046561,-0.090022035,0.08709916
5.3602295,4.0324693,-1.8059614,-0.088002436,0.086991265
5.3622723,4.0409946,-1.8072356,-0.08598284,0.086883366
5.364279,4.0493226,-1.8084792,-0.08661997,0.10320373
5.3663073,4.057696,-1.8099664,-0.08725712,0.119524084
5.3683596,4.066113,-1.8117005,-0.08789425,0.13584444
5.3704376,4.0745697,-1.8136843,-0.09139855,0.15766974
5.372608,4.0833316,-1.8160763,-0.09490285,0.17949502
5.374876,4.0923896,-1.8189001,-0.09840715,0.20132032
5.3772435,4.1017365,-1.8221798,-0.1057743,0.23498806
5.379802,4.1117,-1.8262843,-0.113141455,0.2686558
5.3825593,4.122254,-1.8312896,-0.12050861,0.30232355
5.385522,4.1333704,-1.8372697,-0.1320463,0.34302372
5.388797,4.1453667,-1.8446716,-0.143584,0.38372386
5.392398,4.158185,-1.8536308,-0.1551217,0.42442402
5.3963428,4.171759,-1.8642771,-0.15884624,0.4189633
5.4005404,4.1856494,-1.8750473,-0.16257079,0.4135026
5.405,4.1998525,-1.8859346,-0.16629533,0.4080419
5.4097314,4.214365,-1.8969326,-0.16670159,0.39147657
5.414668,4.228962,-1.9075335,-0.16710785,0.37491128
5.419806,4.2436385,-1.9177325,-0.1675141,0.35834596
5.4251404,4.2583914,-1.9275243,-0.16724592,0.34241882
5.4306417,4.2731533,-1.9368836,-0.16697775,0.32649168
5.436303,4.287921,-1.9458092,-0.16670959,0.31056452
5.442117,4.302691,-1.9543002,-0.16439688,0.29605946
5.448001,4.317273,-1.9622941,-0.16208419,0.2815544
5.453942,4.3316655,-1.9697999,-0.15977149,0.26704934
5.459929,4.3458657,-1.9768268,-0.15695718,0.25141484
5.4659333,4.359832,-1.9833347,-0.15414286,0.23578036
5.4719424,4.3735623,-1.989336,-0.15132853,0.22014587
