3.7189062,2.9748356,2.5735397,0.019635066,0.0
3.7172508,2.975892,2.5735397,0.04160846,0.03790798
3.713746,2.978129,2.5738025,0.063581854,0.07581596
3.708401,2.9815383,2.5746052,0.08555524,0.11372395
3.7012308,2.9861038,2.5762234,0.11105096,0.08622438
3.6918886,2.9920309,2.5778172,0.13654669,0.05872481
3.680367,2.999315,2.5791528,0.16204241,0.03122524
3.6666656,3.0079517,2.579996,0.1897385,-0.03412789
3.6506152,3.0180502,2.578917,0.21743459,-0.099481024
3.632315,3.029592,2.5753179,0.24513067,-0.16483416
3.6119087,3.0425649,2.568614,0.27301362,-0.23205058
3.5895824,3.0569692,2.5581498,0.30089658,-0.299267
3.5655866,3.0728087,2.5433648,0.32877955,-0.3
3.5396318,3.090498,2.5271711,0.35700804,-0.3
3.5117633,3.1101599,2.5095873,0.38523656,-0.3
3.482069,3.1319017,2.4906132,0.41346505,-0.3
3.4506474,3.1558373,2.4702485,0.44181544,-0.3
3.4175987,3.1820924,2.4484878,0.47016585,-0.3
3.383046,3.2107909,2.4253304,0.49851623,-0.3
3.347124,3.2420602,2.4007769,0.523,-0.3
3.3102546,3.2757804,2.3750174,0.523,-0.3
3.274266,3.310439,2.3492577,0.523,-0.3
3.239182,3.3460133,2.3234982,0.523,-0.3
3.205026,3.3824794,2.2977388,0.523,-0.3
3.1718202,3.419813,2.2719793,0.523,-0.3
3.1395874,3.4579895,2.2462196,0.523,-0.3
3.1083484,3.4969838,2.2204602,0.523,-0.3
3.0781243,3.5367694,2.1947007,0.523,-0.3
3.0489347,3.5773206,2.1689413,0.523,-0.3
3.0207994,3.61861,2.1431818,0.523,-0.3
2.993737,3.6606102,2.117422,0.523,-0.3
2.967765,3.7032938,2.0916626,0.523,-0.3
2.9429014,3.746632,2.0659032,0.523,-0.3
2.9191623,3.7905962,2.0401437,0.523,-0.3
2.8965633,3.8351576,2.014384,0.523,-0.3
2.8751194,3.880286,1.9886246,0.523,-0.3
2.8548453,3.9259517,1.9628651,0.523,-0.3
2.835754,3.9721246,1.9371057,0.523,-0.3
2.8178582,4.018774,1.9113461,0.523,-0.3
2.8011699,4.065869,1.8855866,0.523,-0.3
2.7857,4.1133776,1.859827,0.523,-0.3
2.7714593,4.161269,1.8340676,0.523,-0.3
2.7584565,4.2095118,1.808308,0.523,-0.3
2.7467008,4.2580733,1.7825485,0.523,-0.3
2.7361996,4.306921,1.7567891,0.523,-0.3
2.7269602,4.356024,1.7310295,0.523,-0.3
2.7189884,4.405348,1.70527,0.523,-0.3
2.7122898,4.4548607,1.6795105,0.523,-0.3
2.7068686,4.50453,1.653751,0.523,-0.3
2.7027287,4.5543222,1.6279914,0.523,-0.3
2.6998727,4.6042047,1.602232,0.523,-0.3
2.6983023,4.654144,1.5764724,0.523,-0.3
2.6980186,4.7041073,1.550713,0.523,-0.3
2.699022,4.754061,1.5249535,0.523,-0.3
2.7013116,4.8039727,1.4991939,0.523,-0.3
2.7048862,4.853809,1.4734344,0.523,-0.3
2.709743,4.9035363,1.4476749,0.523,-0.3
2.7158792,4.953122,1.4219154,0.523,-0.3
2.7232904,5.0025334,1.3961558,0.523,-0.3
2.731972,5.051738,1.3703964,0.523,-0.3
2.7419178,5.100702,1.3446368,0.523,-0.3
2.7531216,5.1493936,1.3188773,0.523,-0.3
2.765576,5.1977806,1.2931179,0.523,-0.3
2.779272,5.245831,1.2673583,0.523,-0.3
2.7942016,5.2935123,1.2415988,0.523,-0.3
2.8103542,5.3407936,1.2158393,0.523,-0.3
2.8277192,5.387643,1.1900798,0.523,-0.3
2.846285,5.4340296,1.1643202,0.523,-0.3
2.8660398,5.4799223,1.1385608,0.523,-0.3
2.8869698,5.5252914,1.1128012,0.523,-0.3
2.9090614,5.5701065,1.0870417,0.523,-0.3
2.9323,5.6143374,1.0612823,0.523,-0.3
2.9566703,5.657955,1.0355227,0.523,-0.3
2.9821558,5.7009306,1.0097632,0.523,-0.3
3.0087397,5.7432356,0.98400366,0.523,-0.3
3.0364044,5.7848415,0.9582442,0.523,-0.3
3.0651317,5.8257213,0.9324847,0.523,-0.3
3.0949023,5.8658476,0.90672517,0.523,-0.3
3.1256967,5.905194,0.88096565,0.523,-0.3
3.157494,5.943734,0.85520613,0.523,-0.3
3.1902735,5.981442,0.8294466,0.523,-0.3
3.2240136,6.0182934,0.8036871,0.523,-0.3
3.2586915,6.0542636,0.7779276,0.523,-0.3
3.2942843,6.089329,0.75216806,0.523,-0.3
3.3307686,6.1234655,0.7264086,0.523,-0.3
3.36812,6.156651,0.7006491,0.523,-0.3
3.406314,6.1888638,0.67488956,0.523,-0.3
3.4453247,6.220082,0.64913005,0.523,-0.3
3.4851265,6.2502847,0.6233705,0.523,-0.3
3.5256932,6.2794523,0.597611,0.523,-0.3
3.5669975,6.3075657,0.5718515,0.523,-0.3
3.6090124,6.3346057,0.546092,0.523,-0.3
3.6517098,6.3605547,0.52033246,0.523,-0.3
3.6950612,6.3853955,0.49457297,0.523,-0.3
3.7390382,6.409111,0.46881345,0.523,-0.3
3.7836115,6.4316864,0.44305396,0.523,-0.3
3.8287513,6.453106,0.41729444,0.523,-0.3
3.874428,6.473356,0.39153492,0.523,-0.3
3.920611,6.4924226,0.3657754,0.523,-0.3
3.96727,6.5102935,0.34001592,0.523,-0.3
4.0143733,6.5269566,0.3142564,0.523,-0.3
4.0618906,6.542401,0.28849688,0.523,-0.3
4.10979,6.5566163,0.26273736,0.523,-0.3
4.158039,6.569593,0.23697786,0.523,-0.3
4.206607,6.581323,0.21121834,0.523,-0.3
4.2554607,6.591798,0.18545884,0.523,-0.3
4.304568,6.6010113,0.15969932,0.523,-0.3
4.353896,6.608957,0.13393982,0.523,-0.3
4.403413,6.6156287,0.1081803,0.523,-0.3
4.453085,6.621023,0.08242079,0.52201676,-0.3
4.5027857,6.625129,0.056709707,0.5210335,-0.3
4.552482,6.62795,0.031047052,0.5200503,-0.3
4.6021404,6.6294928,0.0054328223,0.5127418,-0.3
4.6511235,6.629759,-0.019821439,0.5054333,-0.3
4.6994,6.628802,-0.044715732,0.49812487,-0.3
4.74694,6.6266747,-0.06925006,0.48863584,-0.3
4.7935095,6.6234446,-0.093317024,0.47914684,-0.3
4.839085,6.6191792,-0.11691662,0.4696578,-0.3
4.883647,6.613945,-0.14004885,0.45936397,-0.29804996
4.927128,6.6078157,-0.16253139,0.44907013,-0.29609993
4.969515,6.600865,-0.18437058,0.43877628,-0.29414988
5.010796,6.5931664,-0.20557272,0.42787278,-0.27302122
5.051131,6.584756,-0.22480147,0.41696924,-0.25189254
5.090496,6.5757546,-0.24212217,0.4060657,-0.23076385
5.128873,6.5662766,-0.25760147,0.39694506,-0.22368221
5.1663017,6.556416,-0.27227664,0.38782442,-0.21660057
5.2027826,6.54623,-0.28616792,0.37870377,-0.20951894
5.2383184,6.5357738,-0.29929563,0.36985224,-0.20155981
5.272944,6.5250897,-0.31163624,0.36100072,-0.19360068
5.306663,6.5142274,-0.32321194,0.35214916,-0.18564156
5.339481,6.503235,-0.33404505,0.34389833,-0.17706306
5.371462,6.492136,-0.34414074,0.33564746,-0.16848457
5.4026113,6.480972,-0.35352144,0.32739663,-0.15990607
5.4329343,6.469782,-0.36220977,0.3190085,-0.15195678
5.4624214,6.4586086,-0.37025794,0.31062037,-0.14400749
5.491079,6.447485,-0.37768748,0.30223224,-0.1360582
5.5189123,6.4364424,-0.38451988,0.29394495,-0.123701274
5.5459523,6.4255004,-0.39056468,0.28565767,-0.11134435
5.572203,6.4146924,-0.39585477,0.27737042,-0.09898742
5.59767,6.4040494,-0.40042335,0.26961166,-0.08068997
5.6224174,6.3935738,-0.40404522,0.26185292,-0.06239251
5.6464477,6.3832994,-0.4067664,0.25409418,-0.04409505
5.669761,6.373256,-0.4086332,0.2457789,-0.017903531
5.692312,6.3634915,-0.40936655,0.23746362,0.0082879905
5.714095,6.35404,-0.4090385,0.22914834,0.03447951
5.7351074,6.3449316,-0.40772197,0.22050282,0.06874281
5.755302,6.336209,-0.40519762,0.2118573,0.10300611
5.774669,6.327902,-0.40156695,0.20321177,0.13726941
5.7931976,6.320034,-0.39693242,0.19377202,0.17632906
5.8107915,6.312659,-0.39126727,0.18433228,0.21538872
5.827438,6.305792,-0.38470113,0.17489253,0.25444835
5.843127,6.2994394,-0.37736407,0.161944,0.2984778
5.8575163,6.2937365,-0.36942703,0.14899547,0.34250724
5.8706036,6.2886686,-0.36108702,0.13604695,0.3865367
5.882392,6.284217,-0.35253912,0.118798755,0.4439939
5.89246,6.280513,-0.34403414,0.10155056,0.5014511
5.900843,6.277509,-0.33589825,0.08430236,0.5589083
5.907591,6.275153,-0.32844788,0.06307416,0.64135724
5.912375,6.273523,-0.32215852,0.04184596,0.7238062
5.915349,6.2725306,-0.3175398,0.02061776,0.80625516
5.916705,6.2720847,-0.31505984,-0.004807906,0.8996755
5.9164205,6.272177,-0.3156874,-0.030233573,0.9930958
5.914851,6.27269,-0.3199086,-0.05565924,1.0
5.9119964,6.273636,-0.32771453,-0.081254,1.0
5.90784,6.2750487,-0.33911002,-0.10684876,1.0
5.9023957,6.2769694,-0.35409504,-0.13244353,1.0
5.895684,6.2794504,-0.3726696,-0.15806012,1.0
5.8877296,6.28256,-0.39483678,-0.1836767,1.0
5.878569,6.2863774,-0.42059654,-0.2092933,1.0
5.8682466,6.2909946,-0.4499489,-0.23437245,1.0
5.856844,6.296502,-0.4828185,-0.2594516,1.0
5.844428,6.3030105,-0.51920533,-0.28453076,1.0
5.831081,6.3106384,-0.5591094,-0.3080496,1.0
5.8169713,6.319467,-0.6023119,-0.33156845,1.0
5.802209,6.3296165,-0.6488128,-0.35508728,1.0
5.786922,6.341209,-0.69861203,-0.37841442,1.0
5.771266,6.3543587,-0.7516828,-0.40174153,1.0
5.755409,6.3691816,-0.8080251,-0.42506868,1.0
5.7395406,6.3857846,-0.86763895,-0.4488814,1.0
5.7238574,6.404285,-0.9305924,-0.47269413,1.0
5.708601,6.424767,-0.9968855,-0.49650684,1.0
5.6940365,6.4472957,-1.0665182,-0.5211273,1.0
5.680432,6.471947,-1.1396037,-0.523,1.0
5.6686215,6.4976187,-1.2129519,-0.523,1.0
5.658724,6.5240865,-1.2863002,-0.523,1.0
5.6507926,6.5512085,-1.3596483,-0.523,1.0
5.6448703,6.5788383,-1.4329966,-0.523,1.0
5.640989,6.6068287,-1.5063448,-0.523,1.0
5.6391687,6.6350274,-1.5796931,-0.523,1.0
5.63942,6.6632843,-1.6530412,-0.523,1.0
5.6417418,6.691447,-1.7263895,-0.523,1.0
5.6461205,6.719363,-1.7997377,-0.523,1.0
5.6525335,6.7468834,-1.873086,-0.523,1.0
5.6609464,6.77386,-1.9464341,-0.523,1.0
5.6713133,6.8001475,-2.0197823,-0.523,1.0
5.6835785,6.825605,-2.0931306,-0.523,1.0
5.697676,6.8500943,-2.1664789,-0.523,0.97054803
5.7142515,6.874548,-2.2384083,-0.523,0.94109607
5.7333198,6.898735,-2.3088567,-0.523,0.9116441
5.754872,6.9224305,-2.377763,-0.523,0.88418216
5.7788157,6.945363,-2.4451776,-0.523,0.85672015
5.8050923,6.967335,-2.5110493,-0.523,0.8292582
5.8336244,6.988162,-2.5753286,-0.523,0.78340876
5.8648953,7.0080414,-2.636842,-0.523,0.7375593
5.898776,7.02676,-2.69546,-0.523,0.6917099
5.935113,7.04414,-2.7510598,-0.523,0.6309231
5.9741645,7.0602164,-2.8024786,-0.523,0.57013637
6.0156846,7.074862,-2.8495266,-0.523,0.5093496
6.059412,7.0880094,-2.8920298,-0.523,0.4699318
6.104598,7.0995264,-2.9315012,-0.523,0.430514
6.151081,7.1094384,-2.967879,-0.523,0.3910962
6.1987042,7.1177955,-3.0011072,-0.5155669,0.35997272
6.246481,7.124552,-3.0313752,-0.5081337,0.32884926
6.2942796,7.1298413,-3.0587258,-0.5007006,0.29772577
6.341983,7.1338034,-3.0832057,-0.49310088,0.24983954
6.3896804,7.1365914,-3.1035254,-0.4855012,0.20195329
6.4372096,7.138402,-3.119756,-0.4779015,0.15406705
6.484422,7.139433,-3.131979,-0.4686886,0.10907204
6.5310106,7.1398807,-3.1404822,-0.45947573,0.06407701
6.576864,7.1399317,3.1377995,-0.45026284,0.019081991
6.6218815,7.139761,3.1363676,-0.42094913,0.11691398
6.663688,7.1395426,3.1281838,-0.39163545,0.21474597
6.701949,7.1390295,3.1142743,-0.36232173,0.31257796
6.7364125,7.1380877,3.0957046,-0.33758295,0.38840103
6.7676234,7.1366544,3.0743968,-0.3128442,0.4642241
6.795534,7.134776,3.051052,-0.2881054,0.54004717
6.820143,7.132542,3.0263624,-0.27899832,0.56425625
6.8435616,7.1298313,3.0014951,-0.2698912,0.58846533
6.8657913,7.1266966,2.9765263,-0.26078412,0.6126744
6.886836,7.123191,2.951532,-0.2592592,0.63084483
6.9073954,7.1192355,2.9260457,-0.25773424,0.6490152
6.927453,7.114844,2.900083,-0.2562093,0.6671856
6.946996,7.11003,2.8736603,-0.25981486,0.68590325
6.9663844,7.1047077,2.8462336,-0.2634204,0.7046209
6.9855843,7.098866,2.8177955,-0.26702592,0.72333854
7.0045605,7.0924973,2.7883384,-0.27315205,0.7405536
7.0234766,7.0855227,2.7576227,-0.27927816,0.7577687
7.0422854,7.0779233,2.7256312,-0.28540426,0.77498376
7.060937,7.069684,2.6923482,-0.2925685,0.79066265
7.0794735,7.060747,2.6576877,-0.29973277,0.8063415
7.0978374,7.0510955,2.6216319,-0.306897,0.82202035
7.115968,7.040715,2.5841637,-0.315623,0.8453347
7.133739,7.0296373,2.5448058,-0.32434896,0.86864907
7.1510663,7.0178647,2.5035348,-0.33307493,0.8919634
7.1678653,7.0054083,2.460329,-0.34158912,0.91960204
7.183948,6.9923687,2.415048,-0.35010335,0.94724065
7.1992292,6.9787884,2.3676784,-0.35861754,0.97487926
7.2136245,6.96472,2.318211,-0.36701643,0.99510217
7.227206,6.950065,2.2669013,-0.37541533,1.0
7.240213,6.9345,2.214251,-0.38381422,1.0
7.2526546,6.9179096,2.160423,-0.3896966,1.0
7.264363,6.900409,2.10577,-0.39557898,1.0
7.275259,6.8820224,2.050292,-0.40146136,1.0
7.285266,6.8627777,1.993989,-0.40414447,1.0
7.2942333,6.842868,1.9373096,-0.4068276,1.0
7.3021107,6.8223467,1.880254,-0.4095107,1.0
7.308849,6.801272,1.8228221,-0.41100895,1.0
7.3143864,6.7797666,1.7651801,-0.41250718,1.0
7.3186917,6.7578983,1.707328,-0.4140054,1.0
7.3217363,6.735738,1.6492658,-0.4146431,1.0
7.3234925,6.713403,1.591114,-0.41528082,1.0
7.3239484,6.6909704,1.5328729,-0.41591853,1.0
7.3230963,6.6685143,1.4745424,-0.4174694,1.0
7.3209286,6.646063,1.4159943,-0.41902032,1.0
7.3174376,6.6236935,1.3572288,-0.42057124,1.0
7.3126216,6.601486,1.2982457,-0.42134893,1.0
7.3064933,6.579561,1.2391535,-0.42212662,1.0
7.299067,6.5579963,1.1799523,-0.42290434,1.0
7.2903624,6.53687,1.120642,-0.42341852,1.0
7.280408,6.5162716,1.0612596,-0.42393273,1.0
7.2692356,6.496276,1.0018051,-0.42444694,1.0
7.25688,6.4769564,0.94227844,-0.4255553,1.0
7.243361,6.4583573,0.8825964,-0.42666364,1.0
7.228719,6.4405518,0.82275885,-0.427772,1.0
7.212998,6.4236093,0.7627659,-0.42960837,1.0
7.1962175,6.407572,0.7025154,-0.43144473,1.0
7.1784263,6.3925095,0.64200735,-0.4332811,1.0
7.159677,6.3784914,0.5812418,-0.4351653,1.0
7.140026,6.365582,0.52021194,-0.4370495,1.0
7.119536,6.353844,0.4589179,-0.4389337,1.0
7.0982738,6.3433385,0.39735955,-0.44037205,1.0
7.0763345,6.3341312,0.3355995,-0.44181037,1.0
7.053795,6.3262696,0.27363774,-0.44324872,1.0
7.0307374,6.3197975,0.21147424,-0.44467294,1.0
7.0072465,6.3147545,0.14911102,-0.44609717,1.0
6.9834113,6.311174,0.086548045,-0.44752136,1.0
6.959322,6.309084,0.023785336,-0.4503563,1.0
6.934996,6.308505,-0.03937496,-0.45319125,1.0
6.910529,6.3094687,-0.10293284,-0.4560262,1.0
6.88602,6.3120008,-0.16688831,-0.45993018,1.0
6.8615155,6.3161287,-0.2313913,-0.46383417,1.0
6.8371224,6.321876,-0.2964418,-0.46773815,1.0
6.8129525,6.3292584,-0.3620398,-0.47389403,1.0
6.7890077,6.338327,-0.42850116,-0.4800499,1.0
6.7654157,6.3491044,-0.49582583,-0.4862058,1.0
6.742309,6.3616023,-0.56401384,-0.497466,1.0
6.719594,6.375971,-0.633781,-0.50872624,1.0
6.6974454,6.392248,-0.7051274,-0.51998645,1.0
6.6760507,6.4104576,-0.77805305,-0.523,1.0
6.655923,6.4302917,-0.8514012,-0.523,1.0
6.637303,6.451547,-0.92474943,-0.523,1.0
6.6202908,6.47411,-0.99809766,-0.523,1.0
6.604978,6.4978595,-1.071446,-0.523,1.0
6.5914464,6.5226665,-1.1447941,-0.523,1.0
6.5797696,6.548399,-1.2181424,-0.523,1.0
6.570009,6.574918,-1.2914906,-0.523,1.0
6.562219,6.6020803,-1.3648388,-0.523,1.0
6.5564404,6.629741,-1.438187,-0.523,0.9924757
6.5526605,6.658078,-1.5111787,-0.523,0.9849514
6.550937,6.6869435,-1.58381,-0.523,0.97742707
6.5513177,6.716185,-1.6560766,-0.523,0.9447175
6.5539284,6.74672,-1.7267104,-0.523,0.912008
6.5589,6.7783475,-1.795636,-0.523,0.87929845
6.5663357,6.8108597,-1.8627799,-0.523,0.8778959
6.575952,6.842853,-1.9298456,-0.523,0.87649333
6.587711,6.874183,-1.9968332,-0.523,0.8750907
6.6015635,6.9047074,-2.0637424,-0.523,0.8486059
6.6179237,6.9351635,-2.1291487,-0.523,0.82212096
6.6367836,6.965356,-2.1930063,-0.523,0.7956361
6.6581163,6.9950976,-2.2552702,-0.5071898,0.7739493
6.68105,7.0231996,-2.314355,-0.4913796,0.75226253
6.7053356,7.0496078,-2.3703141,-0.4755694,0.7305758
6.7307324,7.0742974,-2.4232054,-0.44773513,0.6846085
6.7568455,7.097126,-2.4703944,-0.41990086,0.63864124
6.783246,7.1180935,-2.512112,-0.3920666,0.592674
6.809533,7.137239,-2.548612,-0.36230463,0.57838005
6.8346915,7.1541924,-2.5816221,-0.3325427,0.56408614
6.858502,7.1691194,-2.6112542,-0.30278075,0.5497922
6.8807716,7.182178,-2.6376216,-0.27366155,0.5500854
6.9012003,7.193444,-2.661465,-0.24454236,0.5503787
6.919687,7.2030706,-2.6827812,-0.21542317,0.550672
6.936146,7.211201,-2.7015684,-0.20605405,0.5753779
6.951787,7.218565,-2.7202559,-0.19668491,0.60008377
6.9665995,7.2252035,-2.7387676,-0.18731579,0.6247897
6.980576,7.2311597,-2.7570286,-0.17740542,0.54804707
6.9946127,7.2368402,-2.772434,-0.16749504,0.4713044
7.0085306,7.242225,-2.785109,-0.15758467,0.3945617
7.022164,7.247302,-2.795205,-0.17001013,0.37243062
7.037059,7.2526784,-2.8055155,-0.1824356,0.35029957
7.0532355,7.2583294,-2.8159504,-0.19486108,0.32816848
7.0707126,7.2642307,-2.826418,-0.18351936,0.27325168
7.087513,7.269708,-2.8346722,-0.17217763,0.21833487
7.1035366,7.2747865,-2.8408878,-0.1608359,0.16341805
7.118694,7.279487,-2.845249,-0.15864722,0.15255305
7.133691,7.284066,-2.849267,-0.15645856,0.14168805
7.148523,7.28853,-2.8529494,-0.15426987,0.13082303
7.163185,7.2928834,-2.8563035,-0.15697461,0.10178383
7.17817,7.2972784,-2.8589618,-0.15967937,0.07274462
7.193464,7.30172,-2.860896,-0.16238411,0.043705422
7.209052,7.3062143,-2.8620784,-0.15732579,0.047958978
7.2241564,7.3105497,-2.8633356,-0.15226746,0.05221253
7.2387776,7.3147264,-2.86466,-0.14720914,0.056466084
7.252915,7.3187447,-2.8660448,-0.15114115,0.021685313
7.2674556,7.322856,-2.866591,-0.15507317,-0.013095456
7.282379,7.3270664,-2.8662524,-0.15900517,-0.047876228
7.297663,7.3313847,-2.864984,-0.15444343,-0.04153378
7.3125076,7.3355985,-2.8639154,-0.14988168,-0.035191335
7.3269124,7.3397045,-2.8630364,-0.14531992,-0.028848886
7.3408785,7.343699,-2.8623378,-0.14600284,-0.02011993
7.3549104,7.3477225,-2.8618484,-0.14668576,-0.011390972
7.369008,7.3517723,-2.86157,-0.1473687,-0.002662015
7.3831706,7.3558455,-2.8615043,-0.14879021,-0.0031668306
7.39747,7.3599586,-2.8614259,-0.15021172,-0.0036716461
7.4119053,7.364112,-2.8613338,-0.15163323,-0.0041764616
7.426477,7.368306,-2.8612285,-0.15217817,0.00062235596
7.4411006,7.372517,-2.8612442,-0.1527231,0.0054211738
7.455776,7.376743,-2.8613822,-0.15326805,0.010219991
7.4705048,7.3809814,-2.8616433,-0.15450363,0.016462624
7.4853516,7.3852496,-2.8620672,-0.1557392,0.022705257
7.500317,7.3895454,-2.8626564,-0.15697478,0.02894789
7.5154014,7.3938656,-2.8634136,-0.15918683,0.02776677
7.530702,7.3982353,-2.8641503,-0.16139889,0.02658565
7.5462193,7.4026546,-2.8648653,-0.16361094,0.025404532
7.561953,7.407123,-2.865558,-0.16475888,0.024899472
7.5778003,7.411612,-2.8662417,-0.16590682,0.024394412
7.5937614,7.4161215,-2.8669162,-0.16705474,0.023889352
7.609836,7.4206514,-2.8675811,-0.16912726,0.020241696
7.6261144,7.4252267,-2.8681517,-0.17119977,0.016594041
7.642596,7.429849,-2.8686252,-0.17327227,0.012946385
