6.6875634,-5.0854073,1.869415,-0.22262509,0.0
6.6941133,-5.1066847,1.869415,-0.19300637,-0.06496437
6.6997795,-5.125092,1.8715034,-0.16338766,-0.12992874
6.7045784,-5.1405663,1.8750315,-0.13376893,-0.19489312
6.7085094,-5.153087,1.8793492,-0.104185045,-0.22462735
6.711594,-5.1627645,1.883217,-0.07460115,-0.25436157
6.7138133,-5.169635,1.8863455,-0.045017254,-0.2840958
6.715154,-5.173743,1.8884485,-0.015466587,-0.3
6.7156157,-5.1751466,1.8892103,0.014084078,-0.3
6.715194,-5.1738687,1.8885167,0.043634742,-0.3
6.713892,-5.1699085,1.8863674,0.073197044,-0.3
6.711722,-5.1632614,1.8827623,0.10275935,-0.3
6.708709,-5.1539183,1.877701,0.13232164,-0.3
6.70489,-5.1418676,1.8711838,0.16175593,-0.3
6.7003174,-5.127106,1.8632168,0.19119023,-0.3
6.695052,-5.1096168,1.8537999,0.2206245,-0.3
6.6891665,-5.089378,1.8429334,0.24978785,-0.3
6.682752,-5.066393,1.8306305,0.2789512,-0.3
6.6759057,-5.0406384,1.8168913,0.30811453,-0.3
6.6687346,-5.0120897,1.8017156,0.33695176,-0.3
6.661367,-4.9807544,1.7851195,0.365789,-0.3
6.653935,-4.9466085,1.7671032,0.39462623,-0.3
6.646581,-4.9096327,1.7476666,0.4221951,-0.3
6.639485,-4.869928,1.7268721,0.449764,-0.3
6.632806,-4.8274827,1.7047197,0.4773329,-0.3
6.6267166,-4.7822895,1.6812094,0.50135887,-0.3
6.621439,-4.7346845,1.6565157,0.523,-0.3
6.6171613,-4.684904,1.6307563,0.523,-0.3
6.6141677,-4.63503,1.6049968,0.523,-0.3
6.612459,-4.585095,1.5792372,0.523,-0.3
6.612037,-4.5351324,1.5534778,0.523,-0.3
6.6129026,-4.4851756,1.5277182,0.523,-0.3
6.615054,-4.435258,1.5019587,0.523,-0.3
6.6184907,-4.385412,1.4761992,0.523,-0.3
6.6232104,-4.3356714,1.4504397,0.523,-0.3
6.6292095,-4.286069,1.4246801,0.523,-0.3
6.636484,-4.236637,1.3989207,0.523,-0.3
6.6450295,-4.1874094,1.3731612,0.523,-0.3
6.65484,-4.1384177,1.3474016,0.523,-0.3
6.665909,-4.0896955,1.3216422,0.523,-0.3
6.6782293,-4.041274,1.2958826,0.523,-0.3
6.691793,-3.9931862,1.2701231,0.523,-0.3
6.70659,-3.9454637,1.2443635,0.523,-0.3
6.722612,-3.898138,1.2186041,0.523,-0.3
6.7398477,-3.8512409,1.1928446,0.523,-0.3
6.758285,-3.804803,1.167085,0.523,-0.3
6.7779126,-3.7588556,1.1413256,0.523,-0.3
6.7987175,-3.713429,1.115566,0.523,-0.3
6.820685,-3.668553,1.0898066,0.523,-0.3
6.843801,-3.624258,1.064047,0.523,-0.26954046
6.868268,-3.5801818,1.0408355,0.523,-0.2390809
6.8939533,-3.5363395,1.0201936,0.523,-0.20862135
6.9207234,-3.4927354,1.0021404,0.523,-0.17211339
6.948471,-3.4493172,0.9872118,0.523,-0.13560541
6.9770246,-3.406074,0.97542775,0.523,-0.09909743
7.0062113,-3.362985,0.9668039,0.523,-0.08021413
7.0358186,-3.3200767,0.9598194,0.523,-0.061330833
7.0657654,-3.277319,0.9544767,0.523,-0.04244753
7.095969,-3.23468,0.9507778,0.523,-0.025844062
7.126348,-3.192129,0.9485253,0.523,-0.009240592
7.1568313,-3.149634,0.9477199,0.523,0.0073628784
7.18735,-3.107163,0.9483617,0.523,0.019926488
7.2178354,-3.0646796,0.95009845,0.523,0.032490097
7.248237,-3.0221574,0.95293003,0.523,0.04505371
7.2785034,-2.9795702,0.9568559,0.523,0.05477499
7.308588,-2.936885,0.9616281,0.523,0.064496264
7.338451,-2.8940818,0.96724606,0.523,0.07421754
7.3680534,-2.8511403,0.97370946,0.523,0.08989681
7.3973393,-2.808064,0.9815349,0.523,0.105576076
7.4262433,-2.7648265,0.9907205,0.523,0.12125534
7.4546976,-2.721403,1.0012641,0.523,0.12848939
7.4826674,-2.6777213,1.0124333,0.523,0.13572344
7.510121,-2.6337724,1.0242275,0.523,0.14295748
7.537027,-2.5895476,1.0366462,0.523,0.15041524
7.563353,-2.545041,1.0497081,0.523,0.157873
7.589065,-2.5002465,1.0634122,0.523,0.16533075
7.614131,-2.4551587,1.077758,0.523,0.16993755
7.6385283,-2.4097514,1.0924997,0.523,0.17454435
7.6622343,-2.364026,1.107637,0.523,0.17915115
7.685227,-2.3179848,1.1231697,0.523,0.18154061
7.707492,-2.2716124,1.1389072,0.523,0.18393007
7.7290144,-2.224916,1.1548494,0.523,0.18631954
7.749781,-2.1779034,1.1709965,0.523,0.18858272
7.769777,-2.1305819,1.1873374,0.523,0.19084589
7.7889886,-2.0829606,1.203872,0.523,0.19310907
7.8074026,-2.0350494,1.2206002,0.523,0.19886015
7.824992,-1.986892,1.2378201,0.523,0.20461124
7.84173,-1.9384956,1.2555313,0.523,0.21036233
7.8575892,-1.8898695,1.2737329,0.523,0.21861663
7.872534,-1.8410504,1.2926376,0.523,0.22687092
7.8865266,-1.7920494,1.3122439,0.523,0.23512523
7.899531,-1.742879,1.3325508,0.523,0.24196638
7.911514,-1.6935368,1.353437,0.523,0.24880752
7.9224453,-1.64404,1.3749015,0.523,0.25564867
7.9322944,-1.5944076,1.3969437,0.523,0.26125842
7.941034,-1.544644,1.4194585,0.523,0.2668682
7.94864,-1.494772,1.4424454,0.523,0.27247795
7.955087,-1.4448158,1.4659035,0.523,0.2813447
7.9603477,-1.3948482,1.4901052,0.523,0.29021144
7.964387,-1.3448982,1.5150484,0.523,0.29907817
7.9671717,-1.2949976,1.5407311,0.523,0.30363134
7.968672,-1.2451124,1.5667928,0.523,0.3081845
7.9688716,-1.195277,1.593233,0.523,0.31273767
7.967755,-1.1455263,1.6200511,0.523,0.32026592
7.965311,-1.0959458,1.6474929,0.523,0.3277942
7.961517,-1.0465761,1.6755567,0.523,0.33532244
7.9563527,-0.99745977,1.7042409,0.523,0.33203262
7.9497743,-0.94845587,1.7326542,0.523,0.3287428
7.9417973,-0.8996036,1.7607963,0.523,0.325453
7.9324384,-0.8509408,1.7886667,0.523,0.3229304
7.921718,-0.8025167,1.8163289,0.523,0.3204078
7.909652,-0.7543671,1.8437823,0.523,0.31788522
7.8962584,-0.70652705,1.871027,0.523,0.3126923
7.8815413,-0.6589892,1.8978413,0.523,0.3074994
7.865528,-0.61178446,1.9242246,0.523,0.30230647
7.848247,-0.5649422,1.9501761,0.523,0.29908946
7.829738,-0.51851773,1.9758598,0.523,0.29587242
7.8100233,-0.47253862,2.0012753,0.523,0.2926554
7.789126,-0.427031,2.0264225,0.523,0.27990592
7.7670083,-0.38189414,2.0505037,0.523,0.26715642
7.743727,-0.33714315,2.0735147,0.523,0.25440693
7.71934,-0.29278904,2.095452,0.523,0.24754882
7.6939406,-0.24890345,2.1168106,0.523,0.24069074
7.667565,-0.20549624,2.1375887,0.523,0.23383264
7.640248,-0.16257526,2.157786,0.523,0.22027917
7.611981,-0.12008188,2.176832,0.523,0.2067257
7.582824,-0.078011096,2.1947234,0.523,0.19317223
7.5528374,-0.03635441,2.211457,0.523,0.18009569
7.5220823,0.0048964145,2.2270708,0.523,0.16701916
7.4906144,0.045755595,2.2415617,0.523,0.15394261
7.45849,0.08624011,2.2549274,0.523,0.14555198
7.425786,0.12634239,2.2675698,0.523,0.13716133
7.3925376,0.16607542,2.2794883,0.523,0.1287707
7.3587804,0.20545356,2.2906818,0.523,0.12250806
7.324558,0.24448223,2.3013337,0.523,0.11624542
7.289895,0.2831732,2.3114438,0.523,0.10998278
7.254818,0.32153904,2.3210113,0.523,0.10586262
7.2193594,0.35958454,2.3302217,0.523,0.101742454
7.183537,0.397318,2.3390749,0.523,0.09762229
7.147367,0.4347483,2.347571,0.523,0.09403548
7.1108675,0.47188273,2.3557556,0.523,0.09044866
7.0740533,0.5087294,2.3636289,0.523,0.08686186
7.0369377,0.5452967,2.3711908,0.523,0.08199977
6.9995317,0.5815973,2.3783305,0.523,0.077137694
6.961853,0.6176439,2.3850477,0.523,0.07227561
6.923919,0.65344954,2.3913422,0.523,0.067360334
6.8857474,0.68902797,2.3972094,0.523,0.062445063
6.847356,0.7243931,2.402649,0.523,0.05752979
6.8087606,0.7595593,2.4076607,0.523,0.05164252
6.769977,0.79454285,2.4121604,0.523,0.04575525
6.731025,0.8293615,2.4161472,0.523,0.03986798
6.6919255,0.86403334,2.4196215,0.523,0.035299323
6.6526985,0.89857507,2.4226978,0.523,0.03073067
6.6133595,0.93300116,2.4253762,0.523,0.026162017
6.5739236,0.9673262,2.4276562,0.523,0.021740014
6.5344048,1.0015649,2.4295511,0.523,0.01731801
6.494818,1.0357316,2.4310606,0.523,0.012896007
6.4551773,1.0698408,2.4321847,0.523,0.020230645
6.415503,1.1039011,2.433948,0.523,0.027565282
6.3757753,1.1378857,2.4363503,0.523,0.03489992
6.3359756,1.1717669,2.4393919,0.523,0.04167115
6.2960835,1.205518,2.4430232,0.523,0.048442382
6.256081,1.2391139,2.4472442,0.523,0.05521361
6.2159514,1.2725289,2.4520545,0.523,0.06467791
6.175684,1.3057315,2.4576883,0.523,0.07414221
6.1352572,1.3386852,2.4641452,0.523,0.08360651
6.0946484,1.3713527,2.4714243,0.523,0.08368771
6.0538034,1.4037235,2.4787107,0.523,0.0837689
6.012724,1.4357955,2.4860039,0.523,0.08385009
5.971412,1.467567,2.4933043,0.523,0.08425867
5.9298706,1.4990349,2.5006402,0.523,0.08466725
5.888101,1.5301961,2.5080116,0.523,0.085075825
5.846104,1.5610476,2.5154183,0.522465,0.08413995
5.80392,1.5915582,2.5227363,0.52193,0.083204076
5.761554,1.6217308,2.5299659,0.52139497,0.08226819
5.719011,1.651568,2.5371068,0.5179818,0.08136277
5.6765323,1.6809096,2.5441232,0.5145687,0.080457345
5.6341276,1.7097632,2.5510159,0.51115555,0.07955192
5.591804,1.7381364,2.557786,0.5065904,0.078330204
5.5496655,1.7659742,2.5643928,0.50202537,0.07710849
5.507721,1.7932873,2.570838,0.4974603,0.07588677
5.4659805,1.8200861,2.5771239,0.49515638,0.0766165
5.4242687,1.8464977,2.5834405,0.49285242,0.07734623
5.3825884,1.872522,2.5897875,0.49054846,0.07807596
5.3409414,1.8981595,2.5961645,0.48871467,0.07396168
5.2992754,1.9234439,2.6021833,0.48688084,0.069847405
5.257602,1.9483906,2.6078465,0.485047,0.06573313
5.2159343,1.9730146,2.6131566,0.482868,0.061926417
5.174314,1.9973134,2.6181371,0.48068893,0.058119707
5.132752,2.0213013,2.6227908,0.4785099,0.054312997
5.0912585,2.0449927,2.6271203,0.475447,0.046413112
5.049913,2.0683632,2.6307967,0.47238412,0.038513225
5.0087347,2.0914395,2.6338282,0.46932122,0.030613339
4.9677434,2.1142485,2.6362224,0.46614927,0.019403463
4.926963,2.136812,2.6377296,0.4629773,0.008193588
4.8864202,2.1591642,2.638362,0.4598053,-0.003016287
4.8461404,2.1813385,2.638131,0.4551633,-0.008995539
4.8062735,2.2032976,2.6374483,0.45052126,-0.014974791
4.7668304,2.225058,2.6363242,0.44587922,-0.020954043
4.727823,2.2466357,2.634767,0.43731168,-0.026395654
4.6896024,2.2678556,2.6328435,0.42874414,-0.031837266
4.652177,2.2887285,2.6305687,0.4201766,-0.03727888
4.6155524,2.3092637,2.6279588,0.40416765,-0.048577167
4.5803924,2.329099,2.624688,0.38815868,-0.05987545
4.5467086,2.348247,2.6208167,0.37214974,-0.07117374
4.5145087,2.3667166,2.6164057,0.35319602,-0.08152211
4.4840503,2.3843663,2.6116123,0.3342423,-0.09187047
4.455333,2.4011915,2.6065016,0.3152886,-0.102218844
4.428353,2.4171846,2.6011395,0.299598,-0.108975545
4.4028153,2.4325082,2.5957088,0.28390744,-0.11573224
4.378713,2.4471495,2.5902448,0.26821688,-0.12248894
4.356037,2.4610944,2.5847828,0.25523698,-0.12137071
4.3345284,2.474484,2.5796325,0.24225707,-0.120252475
4.314176,2.4872992,2.5747888,0.22927718,-0.11913425
4.294971,2.4995227,2.5702472,0.22355777,-0.109781526
4.276279,2.5115392,2.566165,0.21783836,-0.100428805
4.2580953,2.523334,2.5625248,0.21211895,-0.09107609
4.240415,2.534894,2.5593095,0.20410667,-0.08404909
4.2234282,2.546079,2.5564537,0.19609441,-0.0770221
4.2071295,2.5568774,2.5539389,0.18808214,-0.069995105
4.191515,2.5672793,2.5517466,0.18177459,-0.05973754
4.176436,2.577372,2.549938,0.17546701,-0.049479973
4.1618896,2.5871465,2.5484915,0.16915946,-0.039222408
4.1478734,2.5965943,2.547386,0.16180655,-0.008545637
4.1344666,2.6056528,2.5471554,0.15445365,0.022131134
4.121674,2.6143007,2.5477252,0.14710076,0.052807905
4.1094995,2.6225204,2.549019,0.13605177,0.09437926
4.098264,2.6300852,2.551156,0.1250028,0.13595061
4.087976,2.63698,2.5539796,0.11395382,0.17752197
4.078641,2.6431983,2.5573337,0.103021845,0.19176063
4.070205,2.6487765,2.560606,0.09208987,0.20599928
4.06267,2.653724,2.5637455,0.081157885,0.22023794
