8.285145,5.147922,-2.9346313,0.7742934,0.0
8.209368,5.1320114,-2.9346313,0.523,0.09998925
8.15844,5.1213183,-2.9259303,0.4973194,0.1999785
8.110827,5.110888,-2.9094648,0.4716388,0.29996774
8.066978,5.1005225,-2.8862374,0.46467423,0.39994138
8.025565,5.0897117,-2.856083,0.45770967,0.49991506
7.987022,5.0783978,-2.8195157,0.4507451,0.5998887
7.9517307,5.0666213,-2.7771041,0.4451264,0.69986665
7.9199185,5.054484,-2.7293189,0.43950772,0.7998446
7.891859,5.042212,-2.6767795,0.433889,0.8998226
7.867744,5.0301194,-2.6201413,0.42651635,0.99979687
7.8477554,5.0186367,-2.5603323,0.4191437,1.0
7.8288283,5.0062017,-2.5015492,0.41177106,1.0
7.8109837,4.9929147,-2.4438004,0.4018259,1.0
7.794348,4.978965,-2.3874462,0.39188078,1.0
7.7789154,4.964468,-2.3324869,0.38193563,1.0
7.764673,4.9495344,-2.2789223,0.36836183,1.0
7.7517285,4.934417,-2.2272613,0.35478804,1.0
7.7400293,4.919232,-2.177504,0.34121424,1.0
7.7295175,4.904086,-2.1296504,0.32396564,1.0
7.720237,4.889245,-2.0842156,0.30671704,1.0
7.712097,4.8748097,-2.0412002,0.28946844,1.0
7.7050085,4.8608685,-2.0006037,0.26971674,1.0
7.698936,4.847621,-1.9627771,0.24996503,1.0
7.6937766,4.8351398,-1.9277208,0.23021333,1.0
7.6894307,4.823485,-1.8954344,0.20782486,1.0
7.685849,4.812843,-1.866288,0.1854364,1.0
7.6829314,4.803258,-1.8402815,0.16304794,1.0
7.680586,4.7947664,-1.8174148,0.14024965,1.0
7.678736,4.787418,-1.7977455,0.11745136,1.0
7.677308,4.7812347,-1.7812735,0.09465308,1.0
7.6762395,4.776233,-1.7679988,0.072531275,1.0
7.675472,4.7723904,-1.7578267,0.050409473,1.0
7.6749654,4.7697144,-1.750757,0.02828767,1.0
7.6746917,4.768211,-1.7467897,0.008169018,1.0
7.6746144,4.767776,-1.7456441,-0.011949635,1.0
7.674727,4.768412,-1.7473199,-0.032068286,1.0
7.675031,4.7701178,-1.7518173,-0.04601171,1.0
7.675479,4.772563,-1.7582703,-0.059955128,1.0
7.6760826,4.775746,-1.7666787,-0.07389855,1.0
7.67686,4.779662,-1.7770426,-0.07900189,0.9957443
7.6777396,4.783868,-1.7880919,-0.08410523,0.9914886
7.6787324,4.788364,-1.7998223,-0.08920857,0.98723286
7.679848,4.793151,-1.8122299,-0.0892966,0.96852076
7.6810575,4.798063,-1.824494,-0.08938463,0.9498086
7.682363,4.8030972,-1.8366101,-0.08947266,0.93109643
7.683766,4.808251,-1.8485737,-0.09116878,0.9029692
7.685314,4.81368,-1.8605043,-0.09286491,0.87484187
7.687015,4.819386,-1.8723823,-0.09456103,0.8467146
7.6888757,4.8253675,-1.8841884,-0.098537266,0.8023302
7.690987,4.8318825,-1.8959961,-0.10251349,0.7579458
7.6933656,4.8389373,-1.9077412,-0.106489725,0.7135614
7.6960273,4.8465357,-1.919358,-0.11395025,0.6443936
7.699139,4.855098,-1.9307666,-0.12141078,0.57522583
7.7027273,4.8646317,-1.941775,-0.1288713,0.5060581
7.706814,4.875137,-1.9521863,-0.14121024,0.42571494
7.711601,4.8870735,-1.9619056,-0.1535492,0.34537178
7.7171082,4.9004307,-1.9705696,-0.16588815,0.26502863
7.7233396,4.915178,-1.9778116,-0.1778955,0.19342224
7.730251,4.9312096,-1.9835107,-0.18990286,0.121815845
7.737811,4.9484763,-1.9873568,-0.20191021,0.050209455
7.7459702,4.9669175,-1.9890456,-0.21259761,-0.01136781
7.754605,4.9863434,-1.9886429,-0.22328502,-0.07294507
7.7636414,5.0066967,-1.9859307,-0.23397242,-0.13452235
7.7729926,5.027913,-1.9807007,-0.24989003,-0.19429153
7.782764,5.0504007,-1.9726597,-0.26580766,-0.25406075
7.7928267,5.0740786,-1.9615251,-0.28172526,-0.3
7.803077,5.0989647,-1.9476492,-0.29754078,-0.3
7.8135376,5.125395,-1.9329944,-0.31335628,-0.3
7.824145,5.153389,-1.9175605,-0.32917178,-0.3
7.8348327,5.182964,-1.9013476,-0.33927733,-0.3
7.845352,5.2136216,-1.8846371,-0.34938288,-0.3
7.8556566,5.2453694,-1.8674288,-0.35948843,-0.3
7.865695,5.2782125,-1.8497229,-0.36652622,-0.3
7.8753357,5.311875,-1.8316702,-0.373564,-0.3
7.8845406,5.3463554,-1.8132709,-0.38060176,-0.3
7.893271,5.381652,-1.7945249,-0.38446742,-0.3
7.90142,5.417466,-1.7755886,-0.38833308,-0.3
7.9089646,5.4537897,-1.756462,-0.3921987,-0.3
7.915881,5.490614,-1.7371448,-0.3937536,-0.3
7.92211,5.5277114,-1.7177511,-0.39530846,-0.3
7.9276395,5.5650697,-1.6982808,-0.39686334,-0.3
7.93246,5.602676,-1.678734,-0.39689192,-0.3
7.936545,5.640372,-1.6591858,-0.39692053,-0.3
7.939892,5.678143,-1.639636,-0.3969491,-0.3
7.9425006,5.715975,-1.620085,-0.3961923,-0.3
7.9443655,5.753779,-1.6005712,-0.39543554,-0.3
7.94549,5.791539,-1.5810946,-0.39467874,-0.3
7.945878,5.8292427,-1.5616554,-0.39367926,-0.3
7.9455347,5.8668504,-1.5422654,-0.39267978,-0.3
7.944464,5.9043493,-1.5229245,-0.39168027,-0.3
7.9426737,5.9417253,-1.503633,-0.39132333,-0.3
7.9401646,5.9790254,-1.484359,-0.39096636,-0.3
7.93694,6.0162363,-1.4651026,-0.3906094,-0.3
7.9330034,6.0533447,-1.4458637,-0.39078552,-0.3
7.9283514,6.090387,-1.4266162,-0.39096165,-0.3
7.922985,6.1273494,-1.4073601,-0.39113775,-0.3
7.916905,6.164218,-1.3880953,-0.3910721,-0.3
7.910117,6.200957,-1.3688337,-0.39100644,-0.3
7.902624,6.2375517,-1.3495752,-0.3909408,-0.3
7.894429,6.2739897,-1.3303201,-0.39185342,-0.3
7.8855133,6.3103476,-1.31102,-0.39276606,-0.3
7.8758755,6.346611,-1.291675,-0.3936787,-0.3
7.8655133,6.382765,-1.2722849,-0.39528537,-0.3
7.8544073,6.418858,-1.2528158,-0.39689204,-0.3
7.8425527,6.4548736,-1.2332675,-0.3984987,-0.3
7.8299456,6.4907956,-1.2136401,-0.40033096,-0.3
7.8165746,6.5266275,-1.1939225,-0.4021632,-0.3
7.8024354,6.562351,-1.1741146,-0.40399545,-0.3
7.7875237,6.5979495,-1.1542164,-0.40599838,-0.3
7.7718296,6.6334186,-1.1342196,-0.4080013,-0.3
7.755348,6.6687407,-1.1141242,-0.41000423,-0.3
7.738076,6.703896,-1.0939301,-0.41201818,-0.3
7.7200093,6.7388663,-1.0736369,-0.4140321,-0.3
7.7011447,6.773632,-1.0532444,-0.41604605,-0.3
7.68148,6.8081727,-1.0327526,-0.42067543,-0.3
7.660885,6.8426833,-1.012033,-0.42530477,-0.3
7.639345,6.877135,-0.9910853,-0.42993414,-0.3
7.6168456,6.9114976,-0.9699096,-0.4359395,-0.3
7.5933,6.9458494,-0.9484381,-0.44194484,-0.3
7.568687,6.9801536,-0.92667085,-0.44795018,-0.3
7.5429893,7.0143733,-0.9046078,-0.4550552,-0.3
7.5161233,7.048551,-0.8821948,-0.4621602,-0.3
7.488066,7.082642,-0.85943186,-0.4692652,-0.3
7.458798,7.1166,-0.83631897,-0.477174,-0.3
7.428246,7.150433,-0.8128165,-0.48508283,-0.3
7.396388,7.1840878,-0.7889246,-0.49299166,-0.3
7.363203,7.217508,-0.7646431,-0.5021696,-0.3
7.3285837,7.2507195,-0.7399095,-0.51134753,-0.3
7.2925057,7.2836556,-0.71472394,-0.52052546,-0.3
7.2549477,7.3162475,-0.6890863,-0.523,-0.3
7.216384,7.3480163,-0.6633268,-0.523,-0.3
7.177015,7.3787813,-0.6375673,-0.523,-0.3
7.1368666,7.408522,-0.61180776,-0.523,-0.3
7.0959654,7.437219,-0.58604825,-0.523,-0.3
7.0543385,7.464853,-0.5602887,-0.523,-0.3
7.012014,7.491405,-0.5345292,-0.523,-0.3
6.9690194,7.5168586,-0.50876975,-0.523,-0.3
6.9253836,7.5411963,-0.4830102,-0.523,-0.3
6.881135,7.564402,-0.4572507,-0.523,-0.3
6.8363037,7.5864606,-0.4314912,-0.523,-0.3
6.7909193,7.6073565,-0.40573168,-0.523,-0.3
6.745012,7.627077,-0.37997216,-0.523,-0.3
6.6986113,7.6456084,-0.35421264,-0.523,-0.3
6.651749,7.6629386,-0.32845315,-0.523,-0.3
6.604456,7.679056,-0.30269364,-0.523,-0.3
6.556763,7.6939497,-0.27693412,-0.523,-0.3
6.5087028,7.7076106,-0.2511746,-0.523,-0.3
6.4603066,7.720029,-0.2254151,-0.523,-0.3
6.4116063,7.7311964,-0.19965559,-0.523,-0.3
6.362635,7.7411056,-0.17389607,-0.523,-0.3
6.3134246,7.7497506,-0.14813657,-0.523,-0.3
6.2640076,7.757125,-0.12237705,-0.523,-0.3
6.214417,7.763224,-0.09661754,-0.523,-0.3
6.164686,7.768044,-0.07085803,-0.523,-0.3
6.114847,7.7715816,-0.04509852,-0.523,-0.3
6.064934,7.773834,-0.019339008,-0.523,-0.3
6.0149794,7.7748003,0.0064205034,-0.523,-0.3
5.9650164,7.7744794,0.032180015,-0.523,-0.3
5.915078,7.772872,0.057939526,-0.523,-0.3
5.8651977,7.7699785,0.08369904,-0.523,-0.3
5.8154087,7.7658014,0.10945855,-0.523,-0.3
5.7657433,7.7603436,0.13521805,-0.523,-0.3
5.716235,7.7536077,0.16097757,-0.523,-0.3
5.6669173,7.7455997,0.18673708,-0.523,-0.3
5.6178217,7.7363234,0.2124966,-0.523,-0.3
5.5689816,7.725786,0.23825611,-0.523,-0.3
5.5204287,7.713994,0.26401561,-0.523,-0.3
5.472196,7.7009554,0.28977513,-0.523,-0.3
5.424315,7.686679,0.31553465,-0.523,-0.3
5.3768177,7.671174,0.34129414,-0.523,-0.3
5.3297353,7.6544504,0.36705366,-0.523,-0.3
5.283099,7.63652,0.39281318,-0.523,-0.3
5.236941,7.6173944,0.4185727,-0.523,-0.3
5.19129,7.597086,0.44433218,-0.523,-0.3
5.146178,7.5756087,0.4700917,-0.523,-0.3
5.101633,7.5529766,0.49585122,-0.523,-0.3
5.057687,7.529205,0.52161074,-0.523,-0.3
5.014367,7.5043087,0.54737025,-0.523,-0.3
4.9717026,7.4783053,0.5731298,-0.523,-0.3
4.9297223,7.4512115,0.5988893,-0.523,-0.3
4.888454,7.4230456,0.62464875,-0.5204348,-0.3
4.8481236,7.393969,0.65028197,-0.5178696,-0.3
4.8087463,7.364017,0.67578876,-0.5153044,-0.3
4.7703376,7.333224,0.70116925,-0.51088905,-0.3
4.7330446,7.301738,0.72633225,-0.5064738,-0.3
4.696871,7.2696037,0.7512778,-0.5020585,-0.3
4.6618185,7.236865,0.77600586,-0.49962032,-0.28318903
4.62758,7.2032638,0.7992731,-0.49718216,-0.26637805
4.5941377,7.16888,0.82108605,-0.494744,-0.24956706
4.561469,7.1337924,0.8414517,-0.49531996,-0.22226459
4.5292735,7.0977693,0.8596497,-0.49589592,-0.19496211
4.4975195,7.060911,0.8756613,-0.49647188,-0.16765963
4.466167,7.0233183,0.88946944,-0.49896324,-0.1588267
4.435137,6.9850497,0.9026221,-0.5014546,-0.14999376
4.4044175,6.94613,0.915111,-0.503946,-0.14116083
4.3739977,6.906583,0.9269279,-0.5025376,-0.11203138
4.34402,6.866643,0.93629164,-0.50112927,-0.08290192
4.314416,6.826422,0.9432078,-0.4997209,-0.05377246
4.285115,6.7860312,0.94768417,-0.5007962,-0.03514863
4.255908,6.7453885,0.95061725,-0.50187147,-0.016524803
4.226744,6.704553,0.9519994,-0.50294673,0.0020990253
4.197571,6.663584,0.9518235,-0.5052295,0.021304596
4.168264,6.6224437,0.9500297,-0.50751215,0.040510166
4.138768,6.581195,0.946604,-0.5097949,0.059715737
4.109027,6.539902,0.94153327,-0.51345545,0.09033823
4.078931,6.4985604,0.933813,-0.51711607,0.12096073
4.048399,6.4572935,0.9234133,-0.5207766,0.15158322
4.0173507,6.4162292,0.91030675,-0.523,0.17920181
3.9857786,6.37559,0.8947698,-0.523,0.2068204
3.9537518,6.335662,0.8768702,-0.523,0.23443899
3.921218,6.2965565,0.8566216,-0.523,0.2641009
3.8881493,6.258407,0.8338675,-0.523,0.2937628
3.8545086,6.2213364,0.8086279,-0.523,0.32342473
3.8202682,6.1854672,0.780925,-0.523,0.34513283
3.785312,6.150822,0.7514346,-0.523,0.36684096
3.7496386,6.117493,0.7201707,-0.523,0.38854906
3.7132554,6.085572,0.6871479,-0.523,0.39857888
3.6759937,6.0549965,0.65331775,-0.523,0.40860868
3.6378827,6.0258245,0.6186836,-0.523,0.4186385
3.598956,5.9981117,0.58324885,-0.523,0.41306508
3.558974,5.9717307,0.54825854,-0.523,0.40749162
3.5179944,5.946704,0.5137137,-0.523,0.40191817
3.4760747,5.923051,0.47961548,-0.523,0.4003803
3.433345,5.9008265,0.44564065,-0.523,0.39884245
3.389857,5.8800526,0.41178933,-0.523,0.3973046
3.345662,5.8607497,0.37806153,-0.523,0.39423886
3.300784,5.842926,0.34458035,-0.523,0.39117312
3.255277,5.8265934,0.31134602,-0.523,0.3881074
3.2091942,5.8117633,0.2783589,-0.523,0.3857952
3.1626034,5.7984486,0.24555844,-0.523,0.38348302
3.115557,5.7866583,0.21294479,-0.523,0.38117084
3.0681071,5.776398,0.18051814,-0.523,0.37571013
3.0202458,5.7676635,0.14853379,-0.523,0.3702494
2.9720266,5.760448,0.11699271,-0.523,0.36478868
2.923502,5.754745,0.08589584,-0.51432806,0.36193517
2.8755786,5.7506185,0.055543225,-0.50565606,0.3590817
2.8283112,5.7479906,0.025927398,-0.49698412,0.3562282
2.7817485,5.746783,-0.0029591173,-0.47604987,0.35749757
2.7371535,5.746915,-0.030723227,-0.45511562,0.35876694
2.6945598,5.748224,-0.05735659,-0.43418136,0.36003628
2.6539922,5.750553,-0.082850866,-0.4068293,0.3732119
2.6162398,5.7536883,-0.10757308,-0.37947726,0.3863875
2.5812929,5.757462,-0.13140707,-0.3521252,0.39956307
2.5491338,5.7617126,-0.15423745,-0.32461077,0.41087195
2.5197275,5.7662845,-0.17584619,-0.29709634,0.42218083
2.4930444,5.7710257,-0.19613543,-0.26958194,0.4334897
2.4690487,5.775793,-0.21500798,-0.2433598,0.45002016
2.4476402,5.7804685,-0.2326509,-0.21713766,0.46655062
2.4287696,5.78494,-0.24892929,-0.19091552,0.48308107
2.412384,5.789105,-0.26370963,-0.1711982,0.49822313
2.3978653,5.793025,-0.27734458,-0.15148087,0.5133652
2.385174,5.796638,-0.2897436,-0.13176355,0.52850723
2.3742697,5.799889,-0.3008171,-0.123231,0.50700885
2.3639805,5.803081,-0.31078988,-0.11469847,0.4855105
2.3543222,5.8061833,-0.31971073,-0.10616593,0.46401212
2.3453093,5.809167,-0.32762966,-0.10586122,0.44538012
2.3362641,5.8122416,-0.3352305,-0.105556495,0.42674813
2.32719,5.8154025,-0.34251237,-0.10525178,0.40811613
2.3180904,5.8186474,-0.34947443,-0.10129448,0.39614367
2.3093102,5.821847,-0.35598874,-0.09733718,0.3841712
2.3008518,5.824992,-0.36206892,-0.09337988,0.37219873
2.2927172,5.828073,-0.36772874,-0.09318286,0.35760367
2.284572,5.831211,-0.3731649,-0.09298585,0.34300858
2.2764177,5.8344035,-0.37837708,-0.092788845,0.32841352
2.268256,5.8376484,-0.38336512,-0.09293652,0.31448042
2.2600596,5.840954,-0.38815635,-0.093084194,0.3005473
2.2518299,5.844319,-0.39274916,-0.09323187,0.2866142
2.243568,5.8477416,-0.39714205,-0.09321777,0.2716532
2.235287,5.851215,-0.4013108,-0.093203664,0.25669223
2.226988,5.8547363,-0.4052546,-0.09318955,0.24173123
2.218673,5.8583035,-0.40897262,-0.092760585,0.22655287
2.2103794,5.8618984,-0.41244528,-0.09233162,0.2113745
2.2021089,5.865517,-0.41567385,-0.09190265,0.19619615
2.1938624,5.869157,-0.41865978,-0.09200204,0.1842836
2.185599,5.8728337,-0.42146954,-0.092101425,0.17237106
2.1773195,5.876546,-0.4241024,-0.092200816,0.1604585
2.1690242,5.880291,-0.42655757,-0.09260107,0.15099716
2.1606898,5.884079,-0.42887914,-0.09300131,0.14153582
2.1523166,5.8879075,-0.43106565,-0.093401566,0.13207448
2.1439047,5.8917766,-0.4331157,-0.09139423,0.119511224
2.1356683,5.895585,-0.43493178,-0.08938689,0.10694797
2.1276083,5.8993297,-0.43652204,-0.087379545,0.094384715
2.119725,5.9030075,-0.43789455,-0.09167867,0.08379571
2.1114511,5.9068813,-0.43917343,-0.09597779,0.07320671
2.1027875,5.910951,-0.44034344,-0.10027692,0.062617704
2.093734,5.9152174,-0.44138926,-0.10645052,0.074294545
2.0841358,5.919752,-0.44270617,-0.112624116,0.08597138
2.0739968,5.924559,-0.4443179,-0.11879772,0.09764822
2.0633216,5.9296412,-0.44624823,-0.1236554,0.12836668
2.0522587,5.934934,-0.4488865,-0.12851308,0.15908515
2.0408268,5.9404407,-0.4522796,-0.13337076,0.18980363
2.029046,5.9461646,-0.45647335,-0.13342269,0.20410499
2.0173185,5.9519234,-0.4609806,-0.1334746,0.21840635
2.0056484,5.95772,-0.4658007,-0.13352653,0.23270771
1.9940398,5.9635553,-0.47093284,-0.13436049,0.23025374
1.9823823,5.9694905,-0.47604358,-0.13519447,0.22779977
1.9706765,5.975526,-0.48113218,-0.13602842,0.2253458
1.9589229,5.981662,-0.48619795,-0.13945034,0.21721864
1.9468836,5.9880247,-0.49120688,-0.14287226,0.20909147
1.93456,5.9946175,-0.49614957,-0.14629416,0.2009643
1.9219534,6.0014415,-0.5010166,-0.14992231,0.19164784
1.9090446,6.0085106,-0.5057761,-0.15355046,0.1823314
1.8958347,6.0158267,-0.51041645,-0.15717861,0.17301494
1.8823249,6.023391,-0.51492625,-0.1575946,0.16543809
1.8687963,6.031046,-0.5192518,-0.15801059,0.15786122
1.8552486,6.0387893,-0.52339184,-0.15842658,0.15028435
