-8.842364,-1.9798822,1.1817275,0.26323575,0.0
-8.832379,-1.955526,1.1817275,0.27937317,0.010278094
-8.821783,-1.9296781,1.182206,0.29551056,0.020556187
-8.810589,-1.902336,1.1832185,0.31164795,0.030834282
-8.798816,-1.8734964,1.1848198,0.32432204,0.008620108
-8.786607,-1.8434514,1.1852857,0.33699614,-0.013594067
-8.773935,-1.812228,1.1845222,0.3496702,-0.035808243
-8.760771,-1.7798581,1.1824358,0.359689,-0.04022016
-8.747161,-1.7465947,1.1800253,0.36970776,-0.044632077
-8.733093,-1.712445,1.1772761,0.37972656,-0.049043994
-8.71855,-1.6774169,1.1741735,0.38806498,-0.05754497
-8.703584,-1.6416821,1.1704537,0.39640343,-0.06604595
-8.688169,-1.605256,1.1660933,0.40474185,-0.07454692
-8.672276,-1.5681546,1.1610693,0.41214046,-0.07408357
-8.655903,-1.5304556,1.1559851,0.4195391,-0.073620215
-8.639041,-1.4921637,1.1508421,0.4269377,-0.073156856
-8.62168,-1.4532839,1.1456411,0.43400273,-0.076587744
-8.603831,-1.4138633,1.1401067,0.44106776,-0.080018625
-8.585476,-1.3739127,1.1342306,0.44813278,-0.08344951
-8.566593,-1.3334438,1.1280051,0.4539635,-0.08819177
-8.547218,-1.2925849,1.1213411,0.4597942,-0.09293403
-8.527328,-1.2513506,1.1142297,0.4656249,-0.09767629
-8.506898,-1.2097567,1.1066616,0.46992233,-0.10118657
-8.48597,-1.1679507,1.0987501,0.47421974,-0.104696855
-8.464524,-1.1259462,1.0904903,0.47851717,-0.108207144
-8.442544,-1.0837569,1.0818774,0.4817862,-0.11181536
-8.420056,-1.0414884,1.0729176,0.4850552,-0.11542358
-8.397046,-0.99915516,1.0636071,0.48832425,-0.1190318
-8.373495,-0.95677215,1.0539423,0.49088436,-0.12245254
-8.34942,-0.9144153,1.043949,0.49344447,-0.12587327
-8.324805,-0.8720996,1.0336244,0.49600458,-0.12929401
-8.299636,-0.8298406,1.0229657,0.49809158,-0.13425109
-8.273928,-0.7877033,1.0118543,0.50017864,-0.13920817
-8.24766,-0.7457075,1.0002869,0.50226563,-0.14416525
-8.220816,-0.70387405,0.98826045,0.50400424,-0.14879283
-8.193395,-0.66225123,0.9758078,0.50574285,-0.15342043
-8.1653805,-0.6208598,0.9629266,0.5074814,-0.15804802
-8.136759,-0.57972157,0.94961447,0.50961566,-0.16319123
-8.107493,-0.5388307,0.9358151,0.5117499,-0.16833444
-8.077567,-0.49821293,0.9215253,0.5138842,-0.17347765
-8.046964,-0.45789516,0.9067418,0.5161935,-0.18173115
-8.015675,-0.41791433,0.891193,0.51850283,-0.18998466
-7.9836736,-0.3783097,0.87487364,0.5208121,-0.19823816
-7.950938,-0.33912215,0.8577786,0.523,-0.20595755
-7.917451,-0.30039895,0.83995265,0.523,-0.21367693
-7.8833346,-0.2623414,0.82146853,0.523,-0.22139631
-7.8485804,-0.22498475,0.80232745,0.523,-0.23263842
-7.813209,-0.18839528,0.78223157,0.523,-0.24388053
-7.7772083,-0.15262176,0.7611834,0.523,-0.25512263
-7.7405677,-0.11771401,0.7391857,0.523,-0.26564273
-7.703273,-0.08371608,0.71630186,0.523,-0.27616283
-7.665321,-0.050677095,0.69253445,0.523,-0.28668293
-7.626712,-0.018646942,0.66788614,0.523,-0.29287514
-7.587398,0.012364624,0.64272064,0.523,-0.29906735
-7.547392,0.042320505,0.6170388,0.523,-0.3
-7.5066414,0.07123086,0.59127927,0.523,-0.3
-7.46516,0.09908202,0.56551975,0.523,-0.3
-7.4229746,0.12585552,0.53976023,0.523,-0.3
-7.3801136,0.15153359,0.5140007,0.523,-0.3
-7.336606,0.17609918,0.48824123,0.523,-0.3
-7.2924795,0.19953601,0.4624817,0.523,-0.3
-7.247764,0.22182852,0.4367222,0.523,-0.3
-7.20249,0.24296191,0.4109627,0.523,-0.3
-7.156686,0.26292217,0.38520318,0.523,-0.3
-7.110383,0.28169605,0.35944366,0.523,-0.3
-7.063612,0.2992711,0.33368415,0.523,-0.3
-7.0164037,0.31563565,0.30792466,0.523,-0.3
-6.9687896,0.33077884,0.28216514,0.523,-0.3
-6.9208016,0.34469065,0.25640562,0.523,-0.3
-6.872471,0.3573618,0.2306461,0.523,-0.3
-6.8238297,0.36878392,0.2048866,0.523,-0.3
-6.774911,0.37894943,0.17912708,0.523,-0.3
-6.725746,0.38785157,0.15336758,0.523,-0.3
-6.676368,0.39548442,0.12760806,0.523,-0.3
-6.6268106,0.40184295,0.10184855,0.523,-0.3
-6.5771055,0.40692294,0.07608904,0.523,-0.3
-6.527286,0.410721,0.050329532,0.523,-0.3
-6.477385,0.4132346,0.02457002,0.523,-0.3
-6.427436,0.4144621,-0.001189492,0.523,-0.3
-6.377472,0.41440266,-0.026949003,0.523,-0.3
-6.327526,0.41305634,-0.052708514,0.523,-0.3
-6.2776313,0.41042402,-0.078468025,0.523,-0.3
-6.227821,0.40650746,-0.104227535,0.523,-0.3
-6.178128,0.40130925,-0.12998705,0.523,-0.3
-6.1285853,0.39483285,-0.15574656,0.523,-0.3
-6.079226,0.38708252,-0.18150607,0.523,-0.3
-6.0300827,0.37806347,-0.20726559,0.523,-0.3
-5.981188,0.3677816,-0.23302509,0.523,-0.3
-5.9325743,0.3562438,-0.2587846,0.523,-0.3
-5.884274,0.3434577,-0.2845441,0.523,-0.3
-5.836319,0.32943177,-0.31030363,0.523,-0.3
-5.788741,0.31417537,-0.33606315,0.523,-0.3
-5.741572,0.29769853,-0.36182266,0.523,-0.3
-5.694843,0.28001228,-0.38758215,0.523,-0.3
-5.648585,0.2611283,-0.41334167,0.523,-0.3
-5.6028285,0.24105912,-0.4391012,0.523,-0.3
-5.5576043,0.21981809,-0.4648607,0.523,-0.3
-5.5129423,0.19741926,-0.4906202,0.523,-0.3
-5.4688716,0.17387752,-0.5163797,0.523,-0.3
-5.425422,0.1492085,-0.54213923,0.523,-0.3
-5.3826227,0.12342854,-0.56789875,0.523,-0.3
-5.3405013,0.096554756,-0.59365827,0.523,-0.3
-5.299086,0.06860499,-0.6194178,0.523,-0.3
-5.2584047,0.039597772,-0.6451773,0.523,-0.3
-5.2184834,0.009552355,-0.67093676,0.523,-0.3
-5.17935,-0.021511324,-0.6966963,0.523,-0.3
-5.141029,-0.053572655,-0.7224558,0.523,-0.3
-5.1035466,-0.08661036,-0.7482153,0.523,-0.3
-5.066928,-0.12060253,-0.77397484,0.523,-0.3
-5.0311966,-0.15552661,-0.79973435,0.523,-0.3
-4.9963765,-0.1913594,-0.8254939,0.523,-0.3
-4.9624915,-0.22807716,-0.8512534,0.523,-0.3
-4.929563,-0.26565552,-0.87701285,0.523,-0.3
-4.8976135,-0.30406952,-0.90277237,0.523,-0.3
-4.866664,-0.3432937,-0.9285319,0.523,-0.3
-4.836735,-0.383302,-0.9542914,0.523,-0.3
-4.807846,-0.42406794,-0.9800509,0.523,-0.3
-4.7800174,-0.4655644,-1.0058104,0.523,-0.3
-4.7532663,-0.50776386,-1.03157,0.523,-0.3
-4.727611,-0.5506384,-1.0573294,0.523,-0.3
-4.7030687,-0.5941595,-1.083089,0.523,-0.3
-4.6796556,-0.6382982,-1.1088485,0.523,-0.3
-4.657387,-0.68302536,-1.134608,0.523,-0.3
-4.6362777,-0.7283113,-1.1603675,0.523,-0.3
-4.6163416,-0.7741259,-1.1861271,0.523,-0.3
-4.597593,-0.8204387,-1.2118865,0.523,-0.3
-4.5800424,-0.8672191,-1.237646,0.523,-0.3
-4.563703,-0.914436,-1.2634056,0.523,-0.3
-4.5485854,-0.9620581,-1.289165,0.523,-0.3
-4.5346994,-1.0100538,-1.3149246,0.523,-0.3
-4.5220537,-1.0583912,-1.340684,0.523,-0.3
-4.510658,-1.1070383,-1.3664436,0.523,-0.3
-4.5005183,-1.1559627,-1.3922031,0.523,-0.3
-4.4916425,-1.2051321,-1.4179627,0.523,-0.3
-4.484036,-1.2545139,-1.4437221,0.523,-0.3
-4.477704,-1.3040751,-1.4694816,0.523,-0.3
-4.4726505,-1.353783,-1.4952412,0.523,-0.3
-4.468879,-1.4036045,-1.5210006,0.523,-0.3
-4.466392,-1.4535067,-1.5467602,0.523,-0.3
-4.4651914,-1.5034564,-1.5725197,0.523,-0.3
-4.465277,-1.5534204,-1.5982792,0.523,-0.3
-4.4666505,-1.6033657,-1.6240387,0.523,-0.3
-4.4693093,-1.6532589,-1.6497983,0.523,-0.3
-4.4732523,-1.7030672,-1.6755577,0.523,-0.3
-4.478477,-1.7527573,-1.7013172,0.523,-0.3
-4.48498,-1.8022965,-1.7270768,0.523,-0.3
-4.492757,-1.8516517,-1.7528362,0.523,-0.3
-4.501802,-1.9007902,-1.7785958,0.523,-0.3
-4.5121098,-1.9496794,-1.8043553,0.523,-0.3
-4.5236735,-1.998287,-1.8301148,0.523,-0.3
-4.5364857,-2.0465806,-1.8558743,0.523,-0.3
-4.550537,-2.094528,-1.8816339,0.523,-0.3
-4.565819,-2.1420977,-1.9073933,0.523,-0.3
-4.5823207,-2.189258,-1.9331528,0.523,-0.3
-4.6000323,-2.2359776,-1.9589124,0.523,-0.3
-4.618941,-2.2822256,-1.9846718,0.523,-0.3
-4.6390343,-2.3279712,-2.0104313,0.523,-0.3
-4.6603,-2.373184,-2.036191,0.523,-0.2999039
-4.682723,-2.4178355,-2.0619423,0.523,-0.2998078
-4.7062893,-2.4618962,-2.0876858,0.523,-0.29971167
-4.730983,-2.5053368,-2.1134214,0.523,-0.26262316
-4.7570634,-2.5485885,-2.1360512,0.523,-0.22553465
-4.7843676,-2.591635,-2.155544,0.523,-0.18844613
-4.8127255,-2.6344733,-2.171873,0.523,-0.18253033
-4.8418117,-2.67689,-2.1876955,0.523,-0.17661452
-4.871597,-2.7188861,-2.2030106,0.523,-0.17069872
-4.9020534,-2.7604647,-2.2178175,0.523,-0.13867955
-4.9332776,-2.801793,-2.2298672,0.523,-0.10666039
-4.9651237,-2.8429046,-2.2391467,0.523,-0.07464123
-4.997443,-2.8838377,-2.245647,0.523,-0.06616099
-5.0300474,-2.9245842,-2.2514098,0.523,-0.05768075
-5.062904,-2.9651635,-2.256435,0.523,-0.049200512
-5.0959783,-3.0055954,-2.2607217,0.523,-0.02464664
-5.1292562,-3.0459218,-2.2628698,0.523,-9.276867e-05
-5.1626306,-3.086189,-2.262878,0.523,0.024461102
-5.1959953,-3.1264436,-2.260746,0.523,0.028079212
-5.229271,-3.1667657,-2.2582986,0.523,0.03169732
-5.2624445,-3.2071645,-2.2555363,0.523,0.03531543
-5.295502,-3.24765,-2.2524586,0.523,0.045658767
-5.328421,-3.28822,-2.24848,0.523,0.056002103
-5.361161,-3.3288991,-2.243601,0.523,0.06634544
-5.393682,-3.3697119,-2.2378223,0.523,0.07180314
-5.4259543,-3.4106963,-2.2315688,0.523,0.07726084
-5.4579563,-3.451865,-2.2248409,0.523,0.082718536
-5.489667,-3.4932299,-2.2176387,0.523,0.09003285
-5.521059,-3.5347958,-2.2098014,0.523,0.09734716
-5.552103,-3.5765777,-2.2013295,0.523,0.10466148
-5.582769,-3.6185899,-2.192223,0.523,0.114609815
-5.613018,-3.6608334,-2.1822548,0.523,0.12455815
-5.642809,-3.7033253,-2.1714256,0.523,0.1345065
-5.6720996,-3.746082,-2.1597364,0.523,0.14180112
-5.70086,-3.7891347,-2.1474175,0.523,0.14909574
-5.7290573,-3.8324919,-2.1344693,0.523,0.15639038
-5.7566595,-3.8761613,-2.1208928,0.523,0.16342427
-5.783636,-3.9201517,-2.106711,0.523,0.17045815
-5.809955,-3.9644678,-2.0919247,0.523,0.17749204
-5.835584,-4.009113,-2.0765343,0.523,0.18331487
-5.8604965,-4.054099,-2.0606446,0.523,0.18913771
-5.8846645,-4.099426,-2.0442562,0.523,0.19496055
-5.9080596,-4.1450906,-2.0273697,0.523,0.19913873
-5.9306617,-4.191106,-2.0101259,0.523,0.2033169
-5.9524484,-4.2374644,-1.9925253,0.523,0.20749508
-5.9733977,-4.284158,-1.9745682,0.523,0.21259338
-5.993483,-4.33117,-1.9561764,0.523,0.21769167
-6.0126796,-4.3784904,-1.9373505,0.523,0.22278997
-6.0309606,-4.4261093,-1.9180908,0.523,0.22796668
-6.0483003,-4.4740143,-1.8983915,0.523,0.23314339
-6.0646734,-4.5221934,-1.8782527,0.523,0.2383201
-6.0800543,-4.570632,-1.8576752,0.523,0.24741319
-6.0944023,-4.619267,-1.8363284,0.523,0.2565063
-6.107678,-4.6680827,-1.814214,0.523,0.26559937
-6.119841,-4.717061,-1.7913338,0.523,0.27105188
-6.1308646,-4.766231,-1.7679954,0.523,0.2765044
-6.140722,-4.8155694,-1.7441994,0.523,0.28195688
-6.1493893,-4.865051,-1.7199465,0.523,0.28957045
-6.1568375,-4.914617,-1.6950568,0.523,0.297184
-6.1630354,-4.964239,-1.669532,0.523,0.30479753
-6.167953,-5.0138855,-1.6433733,0.523,0.3060599
-6.1715693,-5.0636234,-1.6171095,0.523,0.30732226
-6.1738772,-5.1134195,-1.5907409,0.523,0.30858463
-6.174871,-5.1632395,-1.5642675,0.523,0.31317824
-6.1745462,-5.2129946,-1.5374129,0.523,0.31777182
-6.172888,-5.262648,-1.5101776,0.523,0.3223654
-6.169883,-5.312163,-1.4825623,0.523,0.32417405
-6.165514,-5.361546,-1.4547974,0.523,0.32598272
-6.15978,-5.410759,-1.4268832,0.523,0.32779136
-6.1526785,-5.459762,-1.3988196,0.523,0.33430827
-6.1442237,-5.508438,-1.3702189,0.523,0.34082514
-6.134403,-5.5567417,-1.3410821,0.523,0.347342
-6.1232057,-5.604626,-1.3114105,0.523,0.34610343
-6.110587,-5.6521792,-1.2818406,0.523,0.34486482
-6.0965614,-5.6993594,-1.2523723,0.523,0.34362623
-6.0811453,-5.746126,-1.2230054,0.523,0.3440703
-6.064365,-5.792413,-1.1936023,0.523,0.34451434
-6.046234,-5.8381796,-1.1641626,0.523,0.34495842
-6.026767,-5.883385,-1.1346866,0.523,0.33977312
-6.0059376,-5.9280796,-1.1056362,0.523,0.33458784
-5.9837785,-5.972231,-1.0770124,0.523,0.32940257
-5.960323,-6.015807,-1.048816,0.523,0.32513887
-5.9356127,-6.0587673,-1.0209714,0.523,0.3208752
-5.909679,-6.1010833,-0.9934793,0.523,0.3166115
-5.882553,-6.142729,-0.9663401,0.523,0.3083701
-5.8542323,-6.183732,-0.93988454,0.523,0.3001287
-5.824761,-6.224076,-0.9141143,0.523,0.29188728
-5.7941823,-6.2637467,-0.8890312,0.523,0.28516403
-5.762556,-6.3027153,-0.86450994,0.523,0.27844074
-5.72992,-6.340972,-0.84055156,0.523,0.2717175
-5.696313,-6.378506,-0.8171572,0.5222854,0.25761607
-5.6617527,-6.4153347,-0.7949796,0.52157074,0.24351469
-5.6263046,-6.4514685,-0.77401984,0.52085614,0.22941329
-5.5900335,-6.486923,-0.75427884,0.5192259,0.21903256
-5.553098,-6.5216284,-0.7354755,0.5175956,0.20865183
-5.5155506,-6.555603,-0.71760625,0.51596534,0.1982711
-5.4774404,-6.588867,-0.70066756,0.5145292,0.18700463
-5.4387946,-6.621462,-0.68472433,0.5130931,0.17573817
-5.399663,-6.6534133,-0.6697732,0.511657,0.16447172
-5.360092,-6.6847486,-0.65581083,0.51030755,0.15482645
-5.3201313,-6.715495,-0.6426952,0.50895804,0.14518118
-5.2798185,-6.745679,-0.63042325,0.50760853,0.1355359
-5.2391915,-6.775327,-0.6189918,0.5065065,0.12361496
-5.198253,-6.804491,-0.60858303,0.5054045,0.11169402
-5.157045,-6.833205,-0.59919417,0.5043024,0.09977308
-5.1156073,-6.8615055,-0.5908221,0.50314176,0.090951994
-5.073995,-6.8894167,-0.58320564,0.5019811,0.0821309
-5.0322356,-6.916968,-0.576342,0.50082046,0.07330982
-4.9903564,-6.944187,-0.57022834,0.4999906,0.06404844
-4.9483547,-6.9711227,-0.5648947,0.4991608,0.054787062
-4.9062567,-6.997804,-0.56033903,0.49833095,0.04552569
-4.864088,-7.0242615,-0.5565592,0.49739268,0.04002123
-4.8218894,-7.050516,-0.5532424,0.49645442,0.03451677
-4.779675,-7.0765867,-0.55038697,0.49551615,0.029012311
-4.7374587,-7.1024923,-0.5479913,0.4948534,0.021679282
-4.6952295,-7.128267,-0.5462034,0.49419066,0.014346254
-4.653005,-7.1539345,-0.54502183,0.4935279,0.0070132255
-4.6108036,-7.17952,-0.5444449,0.49319375,0.0030562102
-4.5686154,-7.205065,-0.54419374,0.49285957,-0.000900805
-4.526449,-7.2305813,-0.5442677,0.4925254,-0.0048578205
-4.4843135,-7.2560835,-0.54466647,0.49260643,-0.011030173
-4.4421835,-7.2816057,-0.54557204,0.49268746,-0.017202526
-4.4000735,-7.307168,-0.54698455,0.4927685,-0.02337488
-4.357998,-7.3327904,-0.5489041,0.4929532,-0.02722705
-4.3159595,-7.358501,-0.5511408,0.49313793,-0.031079222
-4.273968,-7.384312,-0.5536948,0.49332264,-0.03493139
-4.2320323,-7.410237,-0.55656624,0.49426833,-0.036669828
-4.1900935,-7.4363303,-0.55958635,0.49521405,-0.03840826
-4.148156,-7.4625983,-0.56275564,0.49615973,-0.040146697
-4.1062255,-7.489048,-0.5660746,0.49804655,-0.04179409
-4.0642266,-7.515736,-0.5695428,0.49993333,-0.043441486
-4.0221643,-7.54267,-0.57316136,0.5018201,-0.04508888
-3.9800448,-7.569855,-0.5769312,0.5042779,-0.046138663
-3.9378242,-7.597332,-0.58080757,0.5067357,-0.047188442
-3.895507,-7.6251054,-0.5847914,0.5091935,-0.048238225
-3.8530986,-7.6531816,-0.5888836,0.5115727,-0.050142236
-3.8106117,-7.6815605,-0.59315705,0.51395196,-0.052046247
-3.7680535,-7.7102504,-0.5976132,0.5163312,-0.053950258
-3.7254314,-7.7392607,-0.6022537,0.5183643,-0.055454858
-3.6827807,-7.768581,-0.6070422,0.5203974,-0.056959458
-3.6401079,-7.7982183,-0.6119798,0.52243054,-0.058464058
-3.5974193,-7.8281803,-0.61706746,0.523,-0.05922993
-3.5548394,-7.8583903,-0.6222273,0.523,-0.0599958
-3.5124178,-7.8888183,-0.6274538,0.523,-0.06076167
-3.4701579,-7.919466,-0.63274693,0.523,-0.060344834
-3.4280596,-7.950338,-0.6380038,0.523,-0.059927993
-3.386123,-7.9814315,-0.6432244,0.523,-0.059511155
-3.3443484,-8.012745,-0.6484088,0.523,-0.059155505
-3.3027358,-8.044274,-0.6535621,0.523,-0.058799855
-3.2612855,-8.076018,-0.65868455,0.523,-0.05844421
-3.2199974,-8.107976,-0.66377604,0.523,-0.057363026
-3.17887,-8.140144,-0.6687735,0.523,-0.056281846
-3.137901,-8.172521,-0.6736767,0.523,-0.055200666
-3.0970893,-8.205099,-0.678486,0.523,-0.053447586
-3.0564306,-8.237876,-0.6831426,0.523,-0.051694505
-3.0159214,-8.270845,-0.6876466,0.523,-0.049941428
-2.9755573,-8.304,-0.69199806,0.523,-0.043619316
-2.935326,-8.337339,-0.695799,0.523,-0.037297208
-2.8952115,-8.370841,-0.6990493,0.523,-0.030975098
-2.8551974,-8.404479,-0.7017489,0.523,-0.022182709
-2.815265,-8.438233,-0.7036823,0.523,-0.01339032
-2.7753916,-8.47207,-0.7048495,0.523,-0.004597932
-2.7355547,-8.505956,-0.70525026,0.523,0.011487407
-2.6957335,-8.539856,-0.70424896,0.523,0.027572745
-2.655891,-8.573705,-0.7018458,0.523,0.043658085
-2.61599,-8.607439,-0.6980415,0.523,0.05182497
-2.5759766,-8.641008,-0.69352615,0.523,0.059991855
-2.5358305,-8.674381,-0.68829995,0.523,0.06815874
-2.4955316,-8.707526,-0.6823634,0.523,0.07557048
-2.455058,-8.740414,-0.67578244,0.523,0.08298223
-2.4143932,-8.773015,-0.66855747,0.523,0.09039397
-2.3735201,-8.805302,-0.6606888,0.523,0.09539098
-2.3324134,-8.83725,-0.65238655,0.523,0.100388
-2.291063,-8.86884,-0.6436507,0.523,0.10538501
-2.2494597,-8.900053,-0.63448167,0.5218923,0.10342051
-2.2076523,-8.930823,-0.625502,0.5207846,0.10145602
-2.165651,-8.961159,-0.61671096,0.5196769,0.09949152
-2.1234663,-8.991066,-0.6081079,0.5171366,0.10094125
-2.0812392,-9.02046,-0.59942263,0.5145963,0.102390975
-2.0389736,-9.04934,-0.5906563,0.512056,0.1038407
-1.9966725,-9.0777025,-0.5818102,0.50843465,0.101456605
-1.9544128,-9.105499,-0.5732276,0.5048133,0.09907251
-1.9122087,-9.132744,-0.56490564,0.501192,0.09668841
-1.8700737,-9.159449,-0.5568417,0.49798682,0.09540626
-1.8279904,-9.185648,-0.5489352,0.49478167,0.0941241
-1.7859684,-9.21135,-0.5411848,0.4915765,0.092841946
-1.7440169,-9.236566,-0.53358924,0.4898891,0.09484863
-1.7020277,-9.261371,-0.5258566,0.48820165,0.09685532
-1.6600013,-9.285761,-0.51798815,0.4865142,0.09886201
-1.6179385,-9.309732,-0.5099849,0.48482892,0.10347702
-1.5758513,-9.333273,-0.50163835,0.48314366,0.10809205
-1.5337367,-9.35637,-0.4929513,0.48145837,0.11270706
-1.4915922,-9.379009,-0.48392648,0.47911087,0.10346777
-1.4494094,-9.401181,-0.47567913,0.47676337,0.09422847
-1.4072139,-9.422917,-0.46820274,0.47441584,0.084989175
-1.3650308,-9.44425,-0.4614908,0.46917635,0.07612609
-1.3231429,-9.465081,-0.4555438,0.4639369,0.067263015
-1.2815746,-9.485446,-0.45034674,0.4586974,0.058399934
-1.2403486,-9.505378,-0.44588464,0.44488922,0.04335628
-1.2002472,-9.524546,-0.44267085,0.43108103,0.02831263
-1.1613097,-9.543004,-0.44063693,0.41727287,0.013268977
-1.1235716,-9.5608,-0.43971416,0.39838302,0.008003223
-1.0875242,-9.577758,-0.4391828,0.3794932,0.0027374686
-1.0531764,-9.593894,-0.43900964,0.3606034,-0.002528286
-1.0205356,-9.6092205,-0.4391616,0.34074998,-0.003953588
-0.9896943,-9.623709,-0.43938613,0.3208966,-0.00537889
-0.9606531,-9.637359,-0.4396738,0.30104318,-0.006804192
-0.9334127,-9.650172,-0.4400152,0.28256232,-0.011108005
-0.90784955,-9.662208,-0.44053832,0.26408145,-0.015411818
-0.8839656,-9.673468,-0.44121662,0.2456006,-0.019715631
-0.8617619,-9.683953,-0.44202358,0.22955509,-0.013801587
-0.8410147,-9.693772,-0.4425516,0.21350957,-0.007887542
-0.82172126,-9.702915,-0.4428323,0.19746406,-0.001973498
-0.80387956,-9.711377,-0.44289723,0.18549532,0.01216991
-0.78712106,-9.719326,-0.442521,0.17352659,0.026313316
-0.77144533,-9.726754,-0.44176006,0.16155784,0.040456723
-0.75685245,-9.733655,-0.44067103,0.15042873,0.05272652
-0.74326557,-9.740063,-0.4393497,0.13929963,0.06499632
-0.7306852,-9.7459755,-0.43784177,0.12817052,0.07726611
-0.71911186,-9.751393,-0.43619287,0.11831557,0.09363009
-0.70843506,-9.756371,-0.43434924,0.10846061,0.10999407
-0.6986556,-9.760907,-0.4323649,0.098605655,0.12635805
-0.6897738,-9.765006,-0.43029383,0.09739909,0.13242546
-0.6809993,-9.769033,-0.42815042,0.096192524,0.13849288
-0.67233205,-9.772988,-0.4259372,0.094985954,0.1445603
-0.6637724,-9.776873,-0.4236566,0.092411175,0.15466754
-0.6554488,-9.780626,-0.42128393,0.08983639,0.16477479
-0.6473617,-9.78425,-0.41882795,0.0872616,0.17488202
-0.63951135,-9.7877445,-0.4162975,0.086760946,0.18394646
-0.6317102,-9.791194,-0.41365257,0.08626029,0.19301088
-0.62395835,-9.794597,-0.4108949,0.085759625,0.2020753
-0.6162562,-9.797953,-0.40802622,0.08531651,0.21032284
-0.60859746,-9.801264,-0.40505755,0.08487339,0.21857038
-0.60098255,-9.804528,-0.4019903,0.08443028,0.22681794
-0.59341156,-9.807747,-0.39882588,0.0834895,0.2280017
-0.585917,-9.810905,-0.39568067,0.08254872,0.22918548
-0.5784991,-9.814004,-0.39255503,0.081607945,0.23036924
-0.57115823,-9.817043,-0.38944936,0.08051949,0.2364827
-0.56391656,-9.820016,-0.38630527,0.079431035,0.24259613
-0.55677426,-9.822921,-0.38312507,0.07834258,0.24870959
-0.54973155,-9.825759,-0.379911,0.07787449,0.25481898
-0.5427329,-9.828554,-0.37663937,0.07740639,0.26092833
-0.53577846,-9.831305,-0.3733112,0.0769383,0.26703772
