-5.8932686,4.857009,1.1154046,0.417837,0.0
-5.8748918,4.8945346,1.1154046,0.43456414,0.09685568
-5.8558683,4.933379,1.1224086,0.4512913,0.19371136
-5.8366704,4.9732866,1.1368878,0.46801847,0.29056704
-5.8178186,5.0139713,1.1592352,0.49032152,0.3781809
-5.79959,5.0557337,1.1894089,0.51262456,0.46579477
-5.782542,5.098244,1.2277817,0.523,0.5534086
-5.767578,5.140146,1.2735956,0.523,0.6065699
-5.7549944,5.181232,1.3232852,0.523,0.6597312
-5.74487,5.2212977,1.37671,0.523,0.7128925
-5.7372394,5.2601185,1.4337192,0.523,0.7455869
-5.731989,5.2981825,1.4928533,0.523,0.77828133
-5.729089,5.3353133,1.5540493,0.523,0.81097573
-5.7284856,5.371332,1.6172415,0.523,0.83839405
-5.730109,5.4062653,1.6820561,0.523,0.86581236
-5.733872,5.439947,1.7484442,0.523,0.8932306
-5.739666,5.472218,1.8163558,0.523,0.9208271
-5.74736,5.5029182,1.8857493,0.523,0.94842356
-5.756805,5.5319076,1.956572,0.523,0.97602004
-5.767832,5.5590587,2.02877,0.523,1.0
-5.7803254,5.584405,2.1021183,0.523,1.0
-5.794643,5.608767,2.1754663,0.523,1.0
-5.810707,5.6320143,2.2488146,0.523,1.0
-5.8284316,5.6540217,2.3221629,0.523,1.0
-5.8477216,5.6746716,2.3955112,0.523,1.0
-5.868473,5.693852,2.4688592,0.523,1.0
-5.890574,5.71146,2.5422075,0.523,1.0
-5.913906,5.7274013,2.6155558,0.523,1.0
-5.9383435,5.74159,2.688904,0.523,1.0
-5.9637547,5.7539496,2.762252,0.523,1.0
-5.9900036,5.7644134,2.8356004,0.523,1.0
-6.016949,5.772926,2.9089487,0.523,1.0
-6.0444455,5.779441,2.982297,0.523,1.0
-6.0723457,5.783923,3.055645,0.523,1.0
-6.100499,5.786349,3.1289933,0.523,1.0
-6.1287546,5.786705,-3.080844,0.523,1.0
-6.1569605,5.7849894,-3.0074956,0.523,1.0
-6.1849647,5.7812114,-2.9341474,0.523,0.9000286
-6.2167764,5.7745156,-2.865866,0.523,0.8000571
-6.251836,5.7645965,-2.8033328,0.523,0.7000857
-6.2895675,5.751323,-2.7471728,0.523,0.60025996
-6.3294115,5.734739,-2.697936,0.523,0.5004342
-6.370856,5.715042,-2.656113,0.523,0.4006085
-6.4134502,5.6925697,-2.62212,0.523,0.30194056
-6.4567966,5.6677814,-2.5961988,0.523,0.2032726
-6.500589,5.641209,-2.5786018,0.523,0.10460464
-6.544575,5.613448,-2.5695004,0.523,0.03747063
-6.5885167,5.585153,-2.566235,0.523,-0.029663373
-6.6323767,5.5567074,-2.5688202,0.523,-0.09679738
-6.676124,5.5284953,-2.5772448,0.523,-0.077254646
-6.7201824,5.5006056,-2.583972,0.523,-0.057711918
-6.764486,5.4729757,-2.5889997,0.523,-0.038169187
-6.8089695,5.445544,-2.5923262,0.523,-0.06192822
-6.8534913,5.4182925,-2.5977206,0.523,-0.08568725
-6.898081,5.391329,-2.6051807,0.523,-0.10944628
-6.942766,5.3647604,-2.6147017,0.523,-0.1168396
-6.9876647,5.3386407,-2.624863,0.523,-0.12423292
-7.032786,5.3130016,-2.6356642,0.523,-0.13162623
-7.0781384,5.287875,-2.6471045,0.523,-0.13915886
-7.1237283,5.2632947,-2.6591954,0.523,-0.14669149
-7.1695623,5.239293,-2.6719363,0.523,-0.15422411
-7.2156463,5.215904,-2.685326,0.523,-0.15047944
-7.2620654,5.193121,-2.6983936,0.523,-0.14673474
-7.308805,5.170934,-2.711138,0.523,-0.14299005
-7.355849,5.149333,-2.7235596,0.523,-0.14409117
-7.4031496,5.128321,-2.736076,0.523,-0.1451923
-7.4507027,5.1079063,-2.7486875,0.523,-0.14629342
-7.4985013,5.0880957,-2.761394,0.5129206,-0.1322783
-7.5457144,5.069227,-2.772669,0.50284123,-0.118263185
-7.5922875,5.051221,-2.7825572,0.49276182,-0.10424807
-7.638171,5.034001,-2.7911034,0.47177294,-0.13546625
-7.6820745,5.0179505,-2.8017225,0.45078406,-0.16668443
-7.723985,5.0031314,-2.8141875,0.42979515,-0.19790262
-7.7638874,4.989579,-2.8282716,0.42584097,-0.24021712
-7.803235,4.976831,-2.8451571,0.4218868,-0.28253162
-7.841984,4.964996,-2.86476,0.41793263,-0.3
-7.8803906,4.9540834,-2.8853445,0.40577614,-0.3
-7.91789,4.944258,-2.9053304,0.39361963,-0.3
-7.954449,4.9354563,-2.9247174,0.38146314,-0.3
-7.990038,4.9276147,-2.9435058,0.3716884,-0.2820182
-8.025041,4.920589,-2.9607456,0.36191365,-0.26403645
-8.059408,4.914305,-2.9764876,0.3521389,-0.24605466
-8.093097,4.908692,-2.9907832,0.34375855,-0.1810017
-8.126527,4.9036117,-3.0010967,0.3353782,-0.11594874
-8.159512,4.898947,-3.0075634,0.32699785,-0.050895773
-8.191876,4.8945827,-3.010336,0.31708556,-0.028524661
-8.223299,4.8904343,-3.0118432,0.3071733,-0.0061535477
-8.253757,4.88646,-3.0121584,0.29726106,0.016217565
