1.9753989,0.077573046,-2.9376051,0.9243009,0.0
1.8848852,0.058848947,-2.9376051,0.523,0.09987925
1.8339249,0.048307035,-2.9289134,0.49331352,0.1997585
1.7866639,0.03810126,-2.9125986,0.46362704,0.29963776
1.7435232,0.028045941,-2.88979,0.43724704,0.3996119
1.7045138,0.018010244,-2.8614376,0.41086707,0.49958602
1.6698548,0.008038063,-2.8286324,0.38448706,0.59956014
1.6396539,-0.0017347496,-2.7924726,0.37922576,0.69951236
1.6123878,-0.011660522,-2.7517788,0.37396443,0.7994645
1.5882747,-0.021567054,-2.707091,0.36870313,0.89941674
1.5674701,-0.031222066,-2.6589775,0.38340834,0.99917054
1.5490968,-0.040848553,-2.605235,0.39811355,1.0
1.5306072,-0.05184043,-2.5494015,0.41281876,1.0
1.5121006,-0.06429047,-2.4915059,0.42549536,1.0
1.4938,-0.07820506,-2.431832,0.43817195,1.0
1.4758426,-0.093632616,-2.3703806,0.45084855,1.0
1.4583752,-0.110611275,-2.3071513,0.45860812,1.0
1.4417341,-0.12897035,-2.2428336,0.4663677,1.0
1.4260463,-0.14868914,-2.177428,0.47412726,1.0
1.4114418,-0.16973554,-2.1109338,0.4848703,1.0
1.3979696,-0.19220364,-2.0429332,0.4956134,1.0
1.3857911,-0.21605217,-1.9734257,0.5063565,1.0
1.3750709,-0.24122298,-1.9024117,0.5181725,1.0
1.365956,-0.26769462,-1.8297405,0.523,1.0
1.3587203,-0.29501033,-1.7563922,0.523,1.0
1.3535058,-0.32278284,-1.6830441,0.523,1.0
1.3503406,-0.35086283,-1.6096959,0.523,1.0
1.3492416,-0.37909928,-1.5363476,0.523,1.0
1.3502148,-0.40734032,-1.4629995,0.523,1.0
1.3532552,-0.4354341,-1.3896512,0.523,1.0
1.3583459,-0.46322957,-1.316303,0.523,1.0
1.3654599,-0.49057722,-1.2429547,0.523,1.0
1.374559,-0.51733,-1.1696066,0.523,1.0
1.385594,-0.5433441,-1.0962583,0.523,1.0
1.3985058,-0.5684795,-1.0229101,0.523,1.0
1.4132248,-0.5926011,-0.9495619,0.523,1.0
1.429672,-0.61557925,-0.87621367,0.523,1.0
1.4477589,-0.63729036,-0.80286545,0.523,1.0
1.4673882,-0.65761757,-0.7295172,0.523,1.0
1.4884542,-0.6764517,-0.656169,0.523,1.0
1.5108439,-0.6936914,-0.5828208,0.523,1.0
1.5344367,-0.70924395,-0.50947255,0.523,1.0
1.5591058,-0.72302574,-0.43612432,0.523,1.0
1.5847186,-0.7349627,-0.3627761,0.523,0.9731551
1.6122321,-0.74540615,-0.29071847,0.523,0.94631016
1.6415278,-0.7541713,-0.2200033,0.523,0.9194653
1.6724701,-0.7610907,-0.15068161,0.523,0.8997193
1.7046233,-0.7659726,-0.082416825,0.523,0.8799733
1.7378343,-0.768716,-0.015235571,0.523,0.8602273
1.7719438,-0.7692357,0.050835963,0.523,0.8196748
1.8075904,-0.767422,0.11454817,0.523,0.77912235
1.8445594,-0.76316863,0.17579629,0.523,0.73856986
1.8826357,-0.7564052,0.23447959,0.523,0.7045424
1.9213932,-0.747147,0.29093614,0.523,0.6705149
1.9606482,-0.7353928,0.3451006,0.523,0.6364874
2.0002275,-0.7211646,0.39691022,0.523,0.6055152
2.0398862,-0.70454144,0.44652426,0.523,0.57454294
2.0794845,-0.68558276,0.49389508,0.523,0.5435707
2.118897,-0.664363,0.53897727,0.523,0.5124909
2.158016,-0.64096826,0.5817194,0.523,0.4814112
2.196747,-0.6154976,0.62208027,0.523,0.45033142
2.235012,-0.5880594,0.66002077,0.523,0.4286341
2.2725904,-0.5588935,0.6962497,0.523,0.4069368
2.3094409,-0.5280903,0.73075014,0.523,0.38523945
2.345533,-0.49574214,0.7635057,0.523,0.36729944
2.380795,-0.46199095,0.79480696,0.523,0.34935942
2.4152143,-0.42691785,0.82464373,0.523,0.33141938
2.4487846,-0.39060357,0.85300654,0.523,0.32031682
2.4814336,-0.35321182,0.88045245,0.523,0.30921423
2.513159,-0.31479958,0.90697813,0.523,0.29811165
2.5439613,-0.27542266,0.93258035,0.523,0.28149983
2.5738933,-0.23507075,0.956795,0.523,0.26488802
2.6029744,-0.19381434,0.97961533,0.523,0.24827617
2.6312296,-0.15172201,1.0010351,0.523,0.23537765
2.658664,-0.10889815,1.0213633,0.523,0.22247912
2.6853023,-0.06539492,1.0405964,0.523,0.2095806
2.7111719,-0.021262694,1.0587314,0.523,0.19578369
2.736308,0.023458019,1.0756884,0.523,0.1819868
2.760747,0.06871773,1.0914642,0.523,0.16818988
2.7845266,0.11446887,1.1060557,0.523,0.15440542
2.8076882,0.1606656,1.1194613,0.523,0.14062093
2.8302746,0.20726404,1.1316783,0.523,0.12683645
2.852331,0.25422192,1.1427047,0.523,0.11549272
2.8738978,0.30148536,1.1527494,0.523,0.10414898
2.8950152,0.34902248,1.1618114,0.523,0.092805244
2.9157243,0.39680254,1.1698892,0.523,0.0827878
2.9360647,0.4447906,1.1770973,0.523,0.07277034
2.9560742,0.49296165,1.183435,0.523,0.062752895
2.9757915,0.54129136,1.1889013,0.523,0.04814747
2.99526,0.58976746,1.1930965,0.523,0.033542044
3.0145366,0.63835377,1.1960198,0.523,0.018936615
3.0336783,0.6870149,1.1976702,0.523,0.0052176476
3.052743,0.73571557,1.1981251,0.523,-0.008501321
3.071785,0.7844238,1.197384,0.523,-0.02222029
3.090859,0.8331077,1.1954473,0.523,-0.03333948
3.1100214,0.8817395,1.1925418,0.523,-0.044458676
3.1293166,0.93029445,1.1886678,0.523,-0.055577867
3.148789,0.97874725,1.1838257,0.523,-0.065603405
3.1684837,1.0270759,1.1781113,0.523,-0.075628944
3.18844,1.075257,1.1715254,0.523,-0.08565448
3.208697,1.1232666,1.1640682,0.523,-0.09514068
3.2292938,1.1710827,1.1557877,0.523,-0.10462689
3.2502656,1.2186813,1.1466843,0.523,-0.11411309
3.2716477,1.2660378,1.136759,0.523,-0.13004741
3.293456,1.3130877,1.1254551,0.523,-0.14598174
3.3157456,1.3597845,1.1127756,0.523,-0.16191606
3.3385687,1.4060804,1.0987234,0.523,-0.17192249
3.3620007,1.4519734,1.0838113,0.523,-0.1819289
3.3860712,1.4974307,1.0680405,0.523,-0.19193533
3.4108088,1.5424174,1.0514126,0.523,-0.19921112
3.4362543,1.5869224,1.0341626,0.523,-0.20648693
3.4624245,1.630916,1.0162915,0.523,-0.21376272
3.4893348,1.6743674,0.9978001,0.523,-0.22319694
3.5169861,1.717224,0.9785059,0.523,-0.23263115
3.5453968,1.7594466,0.9584107,0.523,-0.24206537
3.5745833,1.8009949,0.9375161,0.523,-0.24949417
3.6045759,1.8418481,0.91599345,0.523,-0.25692296
3.6353812,1.8819692,0.8938439,0.523,-0.2643518
3.6670048,1.9213201,0.87106866,0.523,-0.2694444
3.6994712,1.9598869,0.8478652,0.523,-0.27453703
3.7327764,1.9976364,0.82423425,0.523,-0.27962965
3.7669148,2.034535,0.80017626,0.523,-0.28935403
3.8018315,2.0704992,0.77530473,0.523,-0.2990784
3.8375263,2.1054807,0.749622,0.523,-0.3
3.8740973,2.1395242,0.72386247,0.523,-0.3
3.911533,2.1726146,0.69810295,0.523,-0.3
3.9498088,2.2047298,0.67234343,0.523,-0.3
3.988899,2.2358487,0.6465839,0.523,-0.3
4.0287776,2.2659502,0.6208244,0.523,-0.3
4.0694184,2.2950146,0.5950649,0.523,-0.3
4.110794,2.3230226,0.56930536,0.523,-0.3
4.152878,2.3499556,0.5435459,0.523,-0.3
4.195641,2.3757956,0.5177864,0.523,-0.3
4.2390556,2.4005258,0.49202687,0.523,-0.3
4.283093,2.4241295,0.46626735,0.523,-0.3
4.3277235,2.4465911,0.44050783,0.523,-0.3
4.3729177,2.4678957,0.4147483,0.523,-0.3
4.418646,2.4880292,0.38898882,0.523,-0.3
4.464877,2.5069783,0.3632293,0.523,-0.3
4.5115814,2.5247302,0.3374698,0.523,-0.3
4.5587273,2.5412734,0.31171027,0.523,-0.3
4.6062837,2.5565968,0.28595075,0.523,-0.3
4.6542187,2.5706902,0.26019126,0.523,-0.3
4.7025013,2.5835443,0.23443174,0.523,-0.3
4.7510986,2.5951502,0.20867223,0.523,-0.3
4.7999787,2.605501,0.18291272,0.523,-0.3
4.8491096,2.6145892,0.1571532,0.523,-0.3
4.898458,2.6224089,0.1313937,0.523,-0.3
4.9479914,2.628955,0.10563418,0.523,-0.29878855
4.9976954,2.6342251,0.079975575,0.523,-0.29757708
5.047537,2.6382196,0.054417904,0.523,-0.29636562
5.097483,2.6409404,0.028961213,0.523,-0.28973565
5.147582,2.6423917,0.004057791,0.523,-0.2831057
5.1977997,2.6425955,-0.020291263,0.523,-0.27647573
5.248103,2.6415746,-0.04408488,0.523,-0.26857728
5.298479,2.6393523,-0.06721543,0.523,-0.26067883
5.348898,2.6359582,-0.089681454,0.523,-0.25278035
5.3993325,2.631423,-0.11148157,0.523,-0.23974274
5.4498215,2.625771,-0.13217953,0.523,-0.22670513
5.5003386,2.6190546,-0.15177183,0.523,-0.21366753
5.550862,2.6113272,-0.17025512,0.523,-0.20260654
5.6013513,2.602647,-0.18779509,0.523,-0.19154558
5.651792,2.5930614,-0.20438956,0.523,-0.1804846
5.702172,2.5826187,-0.22003652,0.523,-0.17635053
5.752419,2.5713804,-0.23532887,0.523,-0.17221648
5.802525,2.5593665,-0.2502663,0.523,-0.16808242
5.852482,2.5465963,-0.2648486,0.523,-0.16791141
5.9022484,2.5330985,-0.2794162,0.523,-0.1677404
5.951814,2.518877,-0.2939691,0.523,-0.1675694
6.0011697,2.503935,-0.3085073,0.523,-0.16530079
6.050321,2.4882715,-0.3228505,0.523,-0.16303217
6.0992613,2.471898,-0.3369986,0.523,-0.16076356
6.147983,2.4548278,-0.35095155,0.523,-0.16689113
6.196413,2.4370973,-0.36543146,0.523,-0.17301868
6.24453,2.4186869,-0.38043776,0.523,-0.17914625
6.2923136,2.3995771,-0.39596996,0.523,-0.18042776
6.3397837,2.3797324,-0.41161206,0.523,-0.18170929
6.386926,2.3591523,-0.42736402,0.523,-0.18299082
6.4337277,2.3378372,-0.44322586,0.523,-0.17548724
6.4802485,2.3157527,-0.45844412,0.523,-0.16798365
6.526488,2.292933,-0.4730179,0.523,-0.16048007
6.572447,2.2694125,-0.48694646,0.5221249,-0.11580546
6.6182814,2.2451444,-0.49700144,0.5212498,-0.07113085
6.6639843,2.2203543,-0.50317574,0.5203746,-0.026456237
6.709556,2.1952703,-0.50547,0.50013936,0.0369382
6.753286,2.1710691,-0.50239164,0.4799041,0.10033264
6.7951345,2.1480768,-0.4943801,0.45966884,0.16372707
6.835057,2.1265578,-0.48189268,0.43168476,0.20158249
6.8725343,2.1069562,-0.46748737,0.40370068,0.23943791
6.9075446,2.0892828,-0.45153064,0.3757166,0.27729332
6.9400597,2.0735147,-0.43438837,0.3480788,0.3210771
6.9700212,2.0596144,-0.41608006,0.320441,0.3648609
6.9974017,2.0475154,-0.39702347,0.2928032,0.40864468
7.0221815,2.0371256,-0.3776318,0.2745889,0.42447618
7.04544,2.0278995,-0.35878387,0.2563746,0.44030768
7.067156,2.0197558,-0.34057194,0.23816031,0.45613918
7.087309,2.012614,-0.3230876,0.23318176,0.41235304
7.107567,2.0058312,-0.30751237,0.2282032,0.3685669
7.1278563,1.9993876,-0.29380956,0.22322465,0.32478076
7.148105,1.993261,-0.2819377,0.21772012,0.34023625
7.1678185,1.9875509,-0.26982847,0.21221559,0.35569173
7.186992,1.982248,-0.25751153,0.20671105,0.37114722
7.205621,1.977342,-0.24501637,0.20515707,0.34989864
7.2243176,1.972667,-0.23329496,0.2036031,0.32865006
7.2430663,1.968212,-0.22234228,0.20204912,0.30740148
7.26185,1.9639653,-0.21215285,0.19925386,0.3226076
7.2803235,1.9599862,-0.20162424,0.1964586,0.33781374
7.298484,1.9562743,-0.19077237,0.19366333,0.35301986
