1.3047813,-1.9248247,-2.0663683,0.47650036,0.0
1.2821221,-1.9667423,-2.0663683,0.5035022,0.09987749
1.2582982,-2.0108144,-2.0580008,0.523,0.19975498
1.2343004,-2.0561101,-2.0407045,0.523,0.29963246
1.2116739,-2.1006637,-2.0149755,0.523,0.39850274
1.1909606,-2.1441882,-1.9811516,0.523,0.49737298
1.1726242,-2.1863356,-1.9395627,0.523,0.59624326
1.1570249,-2.226702,-1.8906153,0.523,0.6699801
1.1441364,-2.2656178,-1.8364874,0.523,0.74371696
1.1340297,-2.3027577,-1.7774731,0.523,0.81745374
1.1266879,-2.3377738,-1.7138932,0.523,0.7312067
1.1211361,-2.3763063,-1.655686,0.523,0.6449597
1.1175925,-2.4179502,-1.6032844,0.523,0.5587126
1.1161519,-2.4622738,-1.5570778,0.523,0.56690073
1.1167572,-2.5063884,-1.5102675,0.523,0.5750888
1.119412,-2.5501952,-1.4628568,0.523,0.5832769
1.1241146,-2.593594,-1.4148487,0.523,0.5378633
1.1310908,-2.6379645,-1.370193,0.523,0.49244976
1.1402738,-2.683126,-1.3289819,0.523,0.44703618
1.1515671,-2.7289143,-1.2913002,0.523,0.4579648
1.1645085,-2.7740047,-1.2527617,0.523,0.46889347
1.1790975,-2.8183203,-1.2133712,0.523,0.4798221
1.1953292,-2.8617823,-1.1731331,0.523,0.42355904
1.2137933,-2.9057403,-1.1373069,0.523,0.36729598
1.2342962,-2.950037,-1.106006,0.523,0.31103292
1.2566141,-2.9945457,-1.0793294,0.523,0.32522583
1.2800016,-3.0382383,-1.0514777,0.523,0.3394187
1.3044767,-3.0810525,-1.0224564,0.523,0.3536116
1.3300524,-3.1229234,-0.99227166,0.523,0.30225614
1.3573531,-3.1647274,-0.9663243,0.523,0.2509007
1.386146,-3.2064128,-0.9446829,0.523,0.19954523
1.4161856,-3.247951,-0.9274044,0.523,0.21164039
1.446861,-3.2888608,-0.9090938,0.523,0.22373556
1.4781963,-3.3290944,-0.8897538,0.523,0.23583072
1.5102131,-3.3686025,-0.86938727,0.523,0.19920644
1.5432947,-3.407766,-0.85213774,0.523,0.16258214
1.5772736,-3.4466126,-0.8380283,0.523,0.12595786
1.6119814,-3.4851804,-0.827078,0.523,0.14949438
1.6469952,-3.5232418,-0.81409556,0.523,0.17303091
1.6823643,-3.5607014,-0.7990882,0.523,0.19656745
1.7181339,-3.597464,-0.7820642,0.523,0.16542
1.7547321,-3.633819,-0.76771075,0.523,0.13427255
1.7920234,-3.669814,-0.75604177,0.523,0.10312511
1.8298725,-3.7055037,-0.74706864,0.523,0.1307846
1.8679165,-3.7407374,-0.7357011,0.523,0.1584441
1.906204,-3.7753968,-0.7219477,0.523,0.18610361
1.9447784,-3.8093624,-0.7058192,0.523,0.13566431
1.9842172,-3.8429754,-0.69403,0.523,0.08522503
2.024273,-3.8763072,-0.6866102,0.523,0.034785748
2.0646973,-3.909441,-0.68357867,0.523,-0.0034427762
2.105246,-3.942472,-0.6838788,0.523,-0.0416713
2.14575,-3.9754868,-0.6875101,0.523,-0.079899825
