9.092547,-3.4534478,0.72573495,-0.16776781,0.0
9.079999,-3.4645824,0.72573495,-0.19650477,0.096456386
9.065368,-3.4775634,0.72258085,-0.22524174,0.19291277
9.048786,-3.492183,0.71538365,-0.2539787,0.28936917
9.030412,-3.508149,0.70330495,-0.28158006,0.37754878
9.010448,-3.5250773,0.6860045,-0.30918145,0.4657284
8.989072,-3.5425766,0.6628637,-0.3367828,0.55390805
8.9664955,-3.5602024,0.6333382,-0.36360487,0.6059517
8.942405,-3.5778906,0.59882337,-0.39042696,0.6579954
8.916888,-3.5953033,0.55903023,-0.41724902,0.7100391
8.890063,-3.6120849,0.5136987,-0.44114298,0.70054185
8.860691,-3.6286573,0.46630287,-0.46503696,0.6910446
8.828682,-3.6447682,0.4169049,-0.4889309,0.6815474
8.793964,-3.6601436,0.36556754,-0.50750834,0.67931485
8.757089,-3.6742585,0.3124263,-0.523,0.67708236
8.7183,-3.6867876,0.2578145,-0.523,0.67484987
8.678813,-3.6971996,0.20335451,-0.523,0.6505171
8.638052,-3.7056046,0.15056655,-0.523,0.6261843
8.596154,-3.7119613,0.099481896,-0.523,0.6018515
8.553257,-3.7162428,0.050130777,-0.523,0.5784264
8.509521,-3.7184372,0.0024761474,-0.523,0.5550013
8.465071,-3.7185473,-0.043455843,-0.523,0.5315763
8.420031,-3.7165887,-0.087639995,-0.523,0.5175344
8.374754,-3.7126105,-0.13076474,-0.523,0.5034925
8.329335,-3.7066374,-0.17282157,-0.523,0.4894506
8.283863,-3.6986995,-0.21380219,-0.523,0.48543587
8.238659,-3.6888847,-0.25447363,-0.523,0.48142114
8.193796,-3.6772153,-0.2948352,-0.523,0.4774064
8.149348,-3.6637173,-0.3348863,-0.523,0.4715562
8.105344,-3.6484041,-0.3744838,-0.523,0.465706
8.061852,-3.6313105,-0.4136263,-0.523,0.45985577
8.018938,-3.6124732,-0.4523125,-0.523,0.45078436
7.9765964,-3.591899,-0.49028856,-0.523,0.44171292
7.934886,-3.5696356,-0.5275513,-0.523,0.4326415
7.8938603,-3.5457327,-0.5640977,-0.523,0.41728312
7.853455,-3.5201697,-0.5994245,-0.523,0.40192476
7.8137145,-3.493015,-0.6335232,-0.523,0.3865664
7.774674,-3.4643388,-0.66638595,-0.523,0.373656
7.7363997,-3.4342403,-0.6982037,-0.523,0.3607456
7.6989164,-3.4027836,-0.72897106,-0.523,0.34783524
7.662244,-3.3700328,-0.758683,-0.523,0.342003
7.626486,-3.336136,-0.78791654,-0.523,0.33617076
7.5916624,-3.3011365,-0.8166706,-0.523,0.33033854
7.557791,-3.2650776,-0.84494424,-0.523,0.32952425
7.5249434,-3.2280653,-0.87315077,-0.523,0.32870996
7.493144,-3.190131,-0.9012901,-0.523,0.32789567
7.462416,-3.151306,-0.9293623,-0.523,0.33643976
7.432877,-3.1117504,-0.95813847,-0.523,0.34498385
7.4045744,-3.0714836,-0.98761666,-0.523,0.35352793
7.377555,-3.0305278,-1.0177946,-0.523,0.36819094
7.3519254,-2.9890058,-1.0491683,-0.523,0.38285396
7.3277516,-2.946944,-1.0817311,-0.523,0.397517
7.3050966,-2.904375,-1.115476,-0.523,0.4066775
7.2839737,-2.8612344,-1.1499556,-0.523,0.41583803
7.2644286,-2.817566,-1.1851672,-0.523,0.42499855
7.246506,-2.7734177,-1.2211077,-0.523,0.43226475
7.230236,-2.7288024,-1.2576243,-0.523,0.43953097
7.2156553,-2.6837754,-1.2947149,-0.523,0.44679716
7.2027984,-2.6383955,-1.3323779,-0.523,0.45037696
7.1916785,-2.5926428,-1.370322,-0.523,0.45395675
7.1823187,-2.546581,-1.4085467,-0.523,0.45753655
7.1747394,-2.5002766,-1.4470516,-0.523,0.45604604
7.1689434,-2.4536808,-1.48544,-0.523,0.45455554
7.1649375,-2.4068625,-1.5237117,-0.523,0.45306504
7.1627245,-2.3598912,-1.5618666,-0.523,0.44082877
7.162302,-2.312593,-1.5990597,-0.523,0.42859247
7.163646,-2.2650425,-1.6352854,-0.523,0.4163562
7.166729,-2.21731,-1.6705382,-0.523,0.40102205
7.1715236,-2.1693988,-1.7045646,-0.523,0.3856879
7.177986,-2.1213737,-1.7373563,-0.523,0.37035373
7.186069,-2.0732942,-1.7689059,-0.523,0.36028254
7.195702,-2.0253093,-1.7996355,-0.523,0.35021132
7.2068458,-1.9774646,-1.829542,-0.523,0.3401401
7.219461,-1.9298022,-1.8586226,-0.523,0.32973796
7.2335076,-1.8823553,-1.8868467,-0.523,0.31933582
7.2489414,-1.8351588,-1.9142115,-0.523,0.30893365
7.2657175,-1.788244,-1.9407139,-0.523,0.2989004
7.2837873,-1.7416438,-1.9663818,-0.523,0.28886718
7.3031063,-1.6953825,-1.9912126,-0.523,0.27883393
7.3236275,-1.6494808,-2.015204,-0.523,0.26883677
7.345305,-1.603957,-2.0383563,-0.523,0.25883964
7.3680916,-1.5588257,-2.0606675,-0.523,0.24884248
7.3919415,-1.5140979,-2.082135,-0.523,0.25023076
7.416737,-1.4699081,-2.10372,-0.523,0.25161904
7.4424715,-1.4262794,-2.125422,-0.523,0.2530073
7.469137,-1.3832347,-2.147241,-0.523,0.23911795
7.4968324,-1.3406337,-2.1678863,-0.523,0.22522858
7.5254946,-1.2984753,-2.1873531,-0.523,0.21133922
7.5550632,-1.2567544,-2.2056382,-0.523,0.20829047
7.585409,-1.2155545,-2.223663,-0.523,0.20524172
7.616513,-1.174882,-2.241428,-0.523,0.20219298
7.648354,-1.1347435,-2.2589326,-0.523,0.18449222
7.681006,-1.0950309,-2.274923,-0.523,0.16679144
7.7143936,-1.0557222,-2.2893944,-0.523,0.14909068
7.748442,-1.0167912,-2.3023422,-0.523,0.13745104
7.7830505,-0.9782396,-2.3142855,-0.523,0.1258114
7.8181705,-0.94004524,-2.3252232,-0.523,0.11417175
7.853756,-0.9021842,-2.3351536,-0.523,0.104429305
7.8897543,-0.86463827,-2.3442397,-0.523,0.09468686
7.9261274,-0.82738477,-2.352481,-0.523,0.08494441
7.9628386,-0.79039985,-2.3598764,-0.523,0.080466904
7.999836,-0.7536738,-2.3668828,-0.523,0.07598939
8.037104,-0.7171951,-2.3735003,-0.523,0.07151188
8.074623,-0.6809518,-2.3797283,-0.50461984,0.08213309
8.1110115,-0.6462367,-2.3866284,-0.4862397,0.092754304
8.146273,-0.61305976,-2.3941343,-0.46785957,0.10337552
8.180403,-0.58142555,-2.402181,-0.4419177,0.11601821
8.212835,-0.5518469,-2.4107068,-0.41597584,0.1286609
8.243552,-0.52430886,-2.4196022,-0.390034,0.1413036
8.2725315,-0.4987892,-2.4287572,-0.36172298,0.15813729
8.299555,-0.47542834,-2.438251,-0.33341193,0.17497097
8.324595,-0.4541935,-2.4479244,-0.30510092,0.19180466
8.347625,-0.43504423,-2.457618,-0.2789176,0.20440696
8.368793,-0.41778696,-2.4670541,-0.2527343,0.21700928
8.388068,-0.40237296,-2.4761236,-0.22655097,0.22961158
8.405422,-0.38875216,-2.4847174,-0.2201228,0.24707718
8.422324,-0.37571868,-2.49369,-0.21369462,0.2645428
8.43877,-0.36327052,-2.5030024,-0.20726645,0.28200838
8.454755,-0.35140413,-2.5126154,-0.19466491,0.28534085
8.46986,-0.34041473,-2.521748,-0.18206337,0.2886733
8.484066,-0.33027613,-2.5303864,-0.16946183,0.29200578
8.497356,-0.3209631,-2.538517,-0.16520877,0.2763919
8.510447,-0.31194848,-2.5460308,-0.16095571,0.260778
8.52332,-0.30322456,-2.5529475,-0.15670264,0.24516413
8.535964,-0.29478407,-2.5592864,-0.15623352,0.22368197
8.548687,-0.286406,-2.5650625,-0.15576439,0.20219982
8.56148,-0.278088,-2.570276,-0.15529525,0.18071766
8.57433,-0.26982734,-2.574928,-0.15457368,0.15773453
8.58721,-0.2616325,-2.5789747,-0.15385209,0.1347514
8.600105,-0.25350037,-2.5824196,-0.1531305,0.11176826
8.613006,-0.24542773,-2.585266,-0.15365516,0.085681215
8.626006,-0.23734342,-2.5874577,-0.1541798,0.059594177
8.639093,-0.22924475,-2.5889883,-0.15470445,0.03350714
8.652254,-0.22112879,-2.589852,-0.15088284,0.02838413
8.665098,-0.21322314,-2.5905657,-0.14706124,0.023261124
8.677624,-0.20552565,-2.5911357,-0.14323963,0.018138116
8.68983,-0.19803435,-2.5915687,-0.14120011,0.054218918
8.70185,-0.19066456,-2.592844,-0.13916059,0.09029972
8.713675,-0.18343525,-2.5949357,-0.13712107,0.12638052
8.725295,-0.17636406,-2.5978162,-0.14056928,0.14479148
8.737199,-0.16916752,-2.6011965,-0.1440175,0.16320243
8.749384,-0.16185662,-2.6050966,-0.14746572,0.18161339
8.76185,-0.1544432,-2.6095357,-0.15603022,0.20067617
8.775026,-0.14668652,-2.6147194,-0.16459474,0.21973896
8.788912,-0.13860917,-2.620699,-0.17315924,0.23880173
8.803505,-0.13023634,-2.6275253,-0.18755898,0.27015057
8.819244,-0.12134814,-2.6358678,-0.20195872,0.3014994
8.836115,-0.11200574,-2.6458633,-0.21635845,0.33284822
8.854102,-0.10227899,-2.6576452,-0.22531615,0.32998487
8.872971,-0.09236117,-2.6698134,-0.23427385,0.32712153
8.892732,-0.08227868,-2.6823595,-0.24323155,0.32425818
8.913399,-0.07205903,-2.6952753,-0.24106164,0.27275458
8.93434,-0.062038343,-2.7060983,-0.23889172,0.22125095
8.955471,-0.05220615,-2.714836,-0.23672181,0.16974734
8.97671,-0.042548575,-2.7215009,-0.22871806,0.14773615
8.997366,-0.03332205,-2.727112,-0.22071432,0.12572496
9.017409,-0.024503723,-2.7317247,-0.21271056,0.103713766
