-7.622298,2.9250088,0.21318717,-0.102410376,0.0
-7.6323066,2.922842,0.21318717,-0.13241035,-0.09999929
-7.6451836,2.9200547,0.21539032,-0.16241033,-0.19999859
-7.6607327,2.9166527,0.22076795,-0.1924103,-0.29999787
-7.6786685,2.9126275,0.23024473,-0.22241029,-0.3
-7.6993556,2.9077783,0.24119918,-0.2524103,-0.3
-7.722771,2.9020183,0.25363123,-0.28241026,-0.3
-7.7488875,2.8952487,0.2675409,-0.31241012,-0.3
-7.7776713,2.8873587,0.28292814,-0.34241,-0.3
-7.8090825,2.8782265,0.299793,-0.37240985,-0.3
-7.8430734,2.8677197,0.31813544,-0.402407,-0.3
-7.8795877,2.8556948,0.33795533,-0.4324041,-0.3
-7.91856,2.8419983,0.3592527,-0.46240124,-0.3
-7.959915,2.8264675,0.3820275,-0.49213347,-0.3
-8.003541,2.8089402,0.40626675,-0.52186567,-0.3
-8.049338,2.789238,0.4319704,-0.523,-0.3
-8.094713,2.7683198,0.4577299,-0.523,-0.3
-8.139534,2.7462401,0.4834894,-0.523,-0.3
-8.183771,2.7230132,0.5092489,-0.523,-0.3
-8.227395,2.6986547,0.53500843,-0.523,-0.3
-8.270377,2.6731806,0.56076795,-0.523,-0.3
-8.31269,2.6466079,0.58652747,-0.523,-0.3
-8.354302,2.6189542,0.612287,-0.523,-0.3
-8.39519,2.5902376,0.63804644,-0.523,-0.3
-8.435325,2.5604777,0.66380596,-0.523,-0.3
-8.474679,2.5296938,0.6895655,-0.523,-0.3
-8.513227,2.4979067,0.715325,-0.523,-0.3
-8.550944,2.465137,0.7410845,-0.523,-0.3
-8.587805,2.431407,0.76684403,-0.523,-0.3
-8.623784,2.3967385,0.79260355,-0.523,-0.3
-8.658858,2.3611548,0.8183631,-0.523,-0.3
-8.693005,2.3246796,0.8441226,-0.51157254,-0.3
-8.725475,2.288153,0.86931926,-0.500145,-0.3
-8.7563095,2.251654,0.8939531,-0.4887176,-0.3
-8.785553,2.2152572,0.91802406,-0.4693098,-0.3
-8.812785,2.1796403,0.94113916,-0.44990203,-0.3
-8.838096,2.144902,0.9632983,-0.43049425,-0.3
-8.861571,2.1111338,0.9845016,-0.4102571,-0.3
-8.883256,2.0784857,1.0047082,-0.39001992,-0.3
-8.903239,2.047038,1.0239179,-0.36978278,-0.3
-8.92161,2.0168638,1.042131,-0.36319113,-0.3
-8.939111,1.9869035,1.0600194,-0.3565995,-0.3
-8.955765,1.9571846,1.0775831,-0.35000786,-0.3
-8.971596,1.9277322,1.0948222,-0.3343255,-0.3
-8.986231,1.899343,1.1112888,-0.31864315,-0.3
-8.999732,1.8720595,1.126983,-0.30296078,-0.3
-9.012159,1.8459206,1.141905,-0.303257,-0.3
-9.024207,1.8195733,1.1568414,-0.30355316,-0.3
-9.035872,1.7930231,1.1717924,-0.30384937,-0.3
-9.04715,1.7662755,1.1867579,-0.28869945,-0.3
-9.057483,1.7407039,1.2009774,-0.27354956,-0.3
-9.066929,1.7163376,1.2144506,-0.25839964,-0.3
-9.075541,1.6932025,1.2271777,-0.26114848,-0.3
-9.083945,1.6697125,1.2400401,-0.2638973,-0.3
-9.092133,1.645868,1.2530379,-0.26664612,-0.3
-9.100092,1.6216695,1.2661712,-0.25020635,-0.3
-9.107262,1.5988669,1.2784947,-0.23376657,-0.3
-9.113696,1.5774816,1.2900084,-0.21732679,-0.3
-9.11945,1.5575327,1.3007126,-0.2117465,-0.3
-9.124847,1.5380371,1.3111417,-0.20616621,-0.3
-9.129904,1.5190015,1.3212961,-0.20058593,-0.3
-9.134636,1.5004321,1.3311757,-0.18479948,-0.3
-9.138825,1.483282,1.3402777,-0.16901304,-0.3
-9.142515,1.4675627,1.3486022,-0.15322658,-0.3
-9.1457405,1.4532843,1.3561491,-0.13449892,-0.3
-9.148478,1.44073,1.3627735,-0.11577126,-0.3
-9.150762,1.4299084,1.3684757,-0.097043596,-0.3
-9.152625,1.4208266,1.3732555,-0.0862701,-0.28347683
-9.15425,1.412705,1.377277,-0.0754966,-0.26695365
-9.155651,1.4055586,1.3805963,-0.064723104,-0.2504305
-9.1568365,1.3994013,1.3832695,-0.056271233,-0.21171299
-9.157862,1.3939962,1.3852403,-0.047819357,-0.1729955
-9.158731,1.3893665,1.3866122,-0.039367486,-0.134278
-9.159446,1.3855312,1.3874906,-0.022653067,-0.08950374
-9.159857,1.3833128,1.3878281,-0.00593865,-0.044729482
-9.159965,1.3827294,1.3878723,0.010775768,4.477501e-05
-9.159769,1.383789,1.3878723,0.035157647,0.09317243
-9.159132,1.3872311,1.3884176,0.05953953,0.18630008
-9.158071,1.392985,1.3902556,0.08392141,0.27942774
-9.156622,1.4009205,1.3941133,0.11188349,0.37906572
-9.154796,1.4111528,1.4010137,0.13984556,0.47870368
-9.1526985,1.4233869,1.4117498,0.16780765,0.57834166
-9.150473,1.4372613,1.4270382,0.18351732,0.6783341
-9.148425,1.4514029,1.4462309,0.199227,0.7783265
-9.146663,1.4654797,1.4695435,0.21493667,0.87831897
-9.145276,1.4791319,1.497115,0.21335632,0.9783178
-9.144399,1.4910139,1.5266136,0.21177594,1.0
-9.143893,1.502445,1.5563142,0.21019557,1.0
-9.143729,1.5138007,1.5857931,0.19207317,1.0
-9.143885,1.5241773,1.6127304,0.17395075,1.0
-9.144279,1.5335677,1.6371262,0.15582833,1.0
-9.144836,1.5419686,1.6589804,0.15620354,1.0
-9.14558,1.5503755,1.6808871,0.15657875,1.0
-9.146509,1.5587842,1.7028465,0.15695396,1.0
-9.147626,1.5671908,1.7248586,0.14540274,1.0
-9.148831,1.5749538,1.7452506,0.13385153,1.0
-9.150086,1.5820761,1.7640226,0.122300304,1.0
-9.151356,1.588561,1.7811747,0.12802716,1.0
-9.152801,1.5953258,1.7991298,0.13375401,1.0
-9.154436,1.602365,1.8178883,0.13948089,1.0
-9.15628,1.6096723,1.8374498,0.12485305,1.0
-9.158057,1.6161797,1.8549597,0.11022522,1.0
-9.159726,1.6218964,1.8704183,0.09559739,1.0
-9.161251,1.6268314,1.8838254,0.10207236,1.0
-9.16295,1.6320784,1.8981405,0.10854732,1.0
-9.164835,1.6376319,1.9133638,0.115022294,1.0
-9.166923,1.6434854,1.9294951,0.10051144,1.0
-9.168829,1.6485704,1.9435914,0.086000584,1.0
-9.170522,1.652898,1.9556525,0.07148973,1.0
-9.171971,1.6564779,1.9656786,0.066285826,0.91722023
-9.173522,1.6601982,1.9744495,0.061081927,0.83444047
-9.175134,1.6639707,1.9819922,0.055878025,0.7516607
-9.176765,1.6677126,1.9883517,0.033789355,0.66041005
-9.177847,1.6701518,1.9918064,0.011700683,0.5691593
-9.17825,1.6710514,1.9928573,-0.010387987,0.47790867
-9.177872,1.6702099,1.992061,-0.035879355,0.3784866
-9.176509,1.6671674,1.9898514,-0.061370723,0.27906457
-9.1741085,1.6617782,1.9870338,-0.086862095,0.17964251
-9.170652,1.6539615,1.9844471,-0.10929866,0.08002003
-9.166273,1.6439855,1.982991,-0.13173524,-0.019602442
-9.160996,1.6319177,1.9834214,-0.15417181,-0.11922492
-9.154859,1.6178946,1.9864776,-0.15669163,-0.2168878
-9.148679,1.6038958,1.9920974,-0.15921146,-0.3
-9.142459,1.5900156,1.9999391,-0.16173129,-0.3
-9.13603,1.575966,2.007905,-0.15218626,-0.3
-9.129875,1.562794,2.0154006,-0.14264123,-0.3
-9.124014,1.5504918,2.0224261,-0.1330962,-0.3
-9.118465,1.5390514,2.0289817,-0.1332261,-0.3
-9.112835,1.5276366,2.0355434,-0.133356,-0.3
-9.107125,1.5162479,2.0421116,-0.1334859,-0.3
-9.101335,1.5048859,2.0486863,-0.13185242,-0.3
-9.095542,1.4937007,2.0551805,-0.13021895,-0.3
-9.089749,1.4826915,2.0615942,-0.12858549,-0.3
-9.083959,1.4718574,2.0679276,-0.12775488,-0.3
-9.078138,1.4611299,2.07422,-0.12692428,-0.3
-9.0722885,1.4505087,2.0804713,-0.12609367,-0.3
-9.066411,1.4399935,2.0866818,-0.12594391,-0.3
-9.060476,1.4295275,2.092885,-0.12579417,-0.3
-9.054483,1.4191109,2.0990808,-0.12564442,-0.3
-9.048432,1.408744,2.1052692,-0.124596246,-0.3
-9.042369,1.3985009,2.111406,-0.12354806,-0.3
-9.036295,1.3883811,2.1174912,-0.12249988,-0.3
-9.0302105,1.378384,2.1235247,-0.12165507,-0.3
-9.024109,1.3684924,2.1295166,-0.120810255,-0.3
-9.017991,1.358706,2.1354668,-0.11996544,-0.3
-9.011858,1.3490244,2.1413755,-0.118982956,-0.3
-9.005718,1.3394581,2.1472359,-0.11800046,-0.3
-8.999575,1.3300067,2.1530478,-0.11701798,-0.3
-8.993426,1.3206697,2.1588113,-0.11603098,-0.3
-8.987278,1.3114465,2.1645262,-0.11504399,-0.3
-8.981129,1.3023369,2.1701925,-0.114057,-0.3
-8.974982,1.2933401,2.1758103,-0.11306585,-0.3
-8.968839,1.2844559,2.181379,-0.1120747,-0.3
-8.9627,1.2756835,2.1868992,-0.11108356,-0.3
-8.956567,1.2670225,2.1923704,-0.11013092,-0.3
-8.95044,1.2584691,2.1977947,-0.10917829,-0.3
-8.944321,1.2500229,2.2031722,-0.10822565,-0.3
-8.93821,1.241683,2.2085025,-0.107298754,-0.3
-8.932107,1.233447,2.2137876,-0.10637185,-0.3
-8.926014,1.2253143,2.2190266,-0.10544495,-0.3
