-2.106037,-7.6143813,-0.015498976,0.79123735,0.0
-2.0269227,-7.6156077,-0.015498976,0.523,-0.018465435
-1.974638,-7.616418,-0.017108455,0.49314207,-0.03693087
-1.9253646,-7.617261,-0.020143125,0.46328413,-0.055396307
-1.8791167,-7.6181927,-0.024418311,0.43437305,-0.060944833
-1.8357729,-7.6192513,-0.028827712,0.405462,-0.066493355
-1.7953331,-7.6204176,-0.033317823,0.3765509,-0.072041884
-1.7577965,-7.621669,-0.03783515,0.34815434,-0.07773734
-1.723111,-7.6229815,-0.042341374,0.3197578,-0.08343279
-1.6912751,-7.6243305,-0.046782598,0.2913612,-0.08912825
-1.6622864,-7.6256876,-0.05110496,0.26337013,-0.07676249
-1.6360612,-7.627029,-0.05447114,0.235379,-0.06439673
-1.6126069,-7.628308,-0.056995668,0.20738788,-0.052030973
-1.5919298,-7.6294875,-0.058793288,0.17928264,-0.026682884
-1.574039,-7.630541,-0.059590492,0.15117739,-0.0013347924
-1.558948,-7.631441,-0.05962412,0.123072155,0.0240133
-1.5466663,-7.632174,-0.059131607,0.09482595,0.05677368
-1.5372155,-7.632734,-0.058234822,0.06657975,0.08953406
-1.5305954,-7.6331196,-0.05724262,0.038333546,0.12229444
-1.5267969,-7.633337,-0.056463238,0.010900352,0.15957536
-1.5257224,-7.633398,-0.05617456,-0.01653284,0.19685628
-1.5273412,-7.633307,-0.0567135,-0.043966033,0.23413719
-1.531611,-7.6330647,-0.058413547,-0.06994055,0.26388767
-1.5383514,-7.6326704,-0.061454043,-0.09591507,0.29363814
-1.547515,-7.6321063,-0.06608093,-0.121889584,0.32338864
-1.559047,-7.6313434,-0.07253664,-0.1461877,0.35366794
-1.5727249,-7.6303496,-0.0809751,-0.1704858,0.38394725
-1.5884805,-7.6290708,-0.09161863,-0.1947839,0.41422656
-1.6062367,-7.6274395,-0.10468479,-0.21650817,0.4388941
-1.6257282,-7.6253915,-0.12001857,-0.23823243,0.46356162
-1.646884,-7.6228404,-0.13777232,-0.2599567,0.48822916
-1.6696249,-7.619687,-0.15809499,-0.27702856,0.5020356
-1.6936065,-7.615864,-0.18031318,-0.29410046,0.5158421
-1.7187749,-7.6112757,-0.20449154,-0.31117234,0.52964854
-1.745069,-7.6058226,-0.23069382,-0.32768893,0.5433739
-1.7723751,-7.599409,-0.25893116,-0.34420556,0.5570992
-1.8006171,-7.5919285,-0.2892629,-0.36072215,0.57082456
-1.8297093,-7.5832705,-0.3217475,-0.37522978,0.5820513
-1.8594451,-7.5733585,-0.3561272,-0.3897374,0.593278
-1.8897312,-7.5620923,-0.39244306,-0.404245,0.6045047
-1.9204632,-7.549372,-0.4307355,-0.4166453,0.5999276
-1.951711,-7.535013,-0.4699406,-0.42904556,0.59535044
-1.983383,-7.5189276,-0.510042,-0.44144583,0.59077334
-2.0153794,-7.501028,-0.5510231,-0.45114028,0.5713794
-2.0477107,-7.48116,-0.59168535,-0.46083474,0.5519855
-2.0802794,-7.459274,-0.6319607,-0.47052917,0.5325916
-2.1129866,-7.4353285,-0.67178065,-0.476772,0.50578994
-2.1456318,-7.4093704,-0.7102799,-0.48301482,0.47898823
-2.1781316,-7.38142,-0.7473819,-0.48925763,0.45218658
-2.2104106,-7.3515067,-0.7830108,-0.4935307,0.4157319
-2.2424119,-7.3196573,-0.8162303,-0.49780375,0.37927723
-2.274087,-7.2859664,-0.84694886,-0.5020768,0.34282255
-2.3054032,-7.250537,-0.8750774,-0.5035954,0.3050469
-2.3361902,-7.213666,-0.9002856,-0.505114,0.26727125
-2.366463,-7.175495,-0.9225191,-0.5066326,0.2294956
-2.3962522,-7.136169,-0.94172776,-0.5054809,0.19543491
-2.425428,-7.096075,-0.9580879,-0.5043291,0.16137423
-2.4540544,-7.055352,-0.9715934,-0.5031773,0.12731354
-2.4822032,-7.014137,-0.98224145,-0.5015197,0.106264025
-2.5098884,-6.9726586,-0.991107,-0.49986207,0.08521451
-2.5371697,-6.93099,-0.9981977,-0.49820447,0.064165
-2.564108,-6.8892026,-1.0035219,-0.49665198,0.05413531
-2.5907557,-6.847378,-1.0080007,-0.4950995,0.04410562
-2.617146,-6.805545,-1.011639,-0.49354705,0.034075927
-2.6433122,-6.763731,-1.0144415,-0.49335587,0.0254996
-2.6693575,-6.7218494,-1.016538,-0.49316472,0.016923273
-2.6953096,-6.679922,-1.017929,-0.49297354,0.008346945
-2.7211964,-6.6379704,-1.0186148,-0.4934422,-0.00012266636
-2.7470796,-6.5959597,-1.0186046,-0.49391085,-0.008592278
-2.772987,-6.5539107,-1.0178974,-0.4943795,-0.01706189
-2.798946,-6.511845,-1.0164915,-0.4949878,-0.025031704
-2.8249915,-6.469771,-1.0144267,-0.49559605,-0.03300152
-2.85115,-6.427709,-1.0117013,-0.49620435,-0.04097133
-2.8774476,-6.3856792,-1.0083139,-0.49780044,-0.045968354
-2.9039667,-6.343613,-1.0045013,-0.49939653,-0.050965376
-2.9307249,-6.301524,-1.0002612,-0.5009926,-0.055962395
-2.9577403,-6.2594256,-0.99559087,-0.5028858,-0.06234019
-2.9850445,-6.217312,-0.99036926,-0.50477904,-0.06871798
-3.0126603,-6.1752,-0.98459256,-0.5066722,-0.07509577
-3.0406106,-6.133111,-0.97825706,-0.50759095,-0.08372693
-3.0688586,-6.0911527,-0.97118217,-0.50850964,-0.09235809
-3.0974326,-6.049351,-0.9633658,-0.5094283,-0.100989245
-3.1263607,-6.0077343,-0.9548059,-0.5094332,-0.10534633
-3.1556308,-5.966385,-0.9458779,-0.5094381,-0.10970341
-3.1852555,-5.9253173,-0.9365821,-0.5094429,-0.11406049
-3.215246,-5.8845463,-0.9269185,-0.5098352,-0.11736706
-3.245641,-5.8440514,-0.9169684,-0.51022744,-0.12067363
-3.2764487,-5.8038464,-0.9067315,-0.5106197,-0.123980194
-3.307678,-5.7639437,-0.8962074,-0.51199687,-0.12467101
-3.339408,-5.724269,-0.8855964,-0.51337403,-0.12536183
-3.3716407,-5.684831,-0.8748982,-0.5147512,-0.12605265
-3.4043782,-5.6456385,-0.8641125,-0.5167026,-0.12577455
-3.4376636,-5.6066527,-0.8533097,-0.5186539,-0.12549645
-3.4714963,-5.567881,-0.84248996,-0.5206053,-0.12521833
-3.505877,-5.5293326,-0.8316535,-0.523,-0.12350963
-3.5408406,-5.490975,-0.82091486,-0.523,-0.121800914
-3.5762217,-5.4529867,-0.81032413,-0.523,-0.120092206
-3.6120107,-5.415368,-0.7998812,-0.523,-0.11756212
-3.6482012,-5.3781133,-0.78965735,-0.523,-0.11503203
-3.6847818,-5.34122,-0.7796525,-0.523,-0.11250195
-3.7217402,-5.3046837,-0.7698667,-0.523,-0.1116585
-3.759058,-5.2685075,-0.760154,-0.523,-0.11081504
-3.7967288,-5.2326922,-0.7505144,-0.523,-0.10997159
-3.8347468,-5.1972384,-0.74094784,-0.523,-0.1089312
-3.8731065,-5.1621456,-0.7314715,-0.523,-0.107890815
-3.9118016,-5.127414,-0.72208524,-0.523,-0.10685043
-3.9508252,-5.093044,-0.7127891,-0.523,-0.1031737
-3.9901817,-5.0590243,-0.70381176,-0.523,-0.099496976
-4.029857,-5.0253468,-0.69515324,-0.523,-0.095820256
-4.069837,-4.992002,-0.6868137,-0.523,-0.09197453
-4.110108,-4.95898,-0.67880785,-0.523,-0.0881288
-4.150656,-4.92627,-0.6711359,-0.523,-0.08428307
-4.191468,-4.8938613,-0.663798,-0.523,-0.07689534
-4.2325406,-4.861734,-0.65710187,-0.523,-0.06950761
-4.27385,-4.829865,-0.65104795,-0.523,-0.06211987
-4.315372,-4.798231,-0.6456367,-0.523,-0.054199558
-4.3570833,-4.766808,-0.6409146,-0.523,-0.046279244
-4.3989596,-4.73557,-0.636882,-0.523,-0.038358934
-4.440975,-4.7044907,-0.6335392,-0.523,-0.029229242
-4.483108,-4.673542,-0.63099176,-0.523,-0.02009955
-4.5253286,-4.642694,-0.62923986,-0.523,-0.01096986
-4.5676093,-4.611916,-0.6282837,-0.523,0.0010954917
-4.609922,-4.5811763,-0.62837917,-0.523,0.0131608425
-4.652228,-4.550435,-0.6295263,-0.523,0.025226194
-4.694489,-4.519653,-0.631725,-0.5111937,0.038877062
-4.7357116,-4.4894876,-0.6350364,-0.49938732,0.052527934
-4.7758594,-4.459904,-0.6394064,-0.48758098,0.066178806
-4.8148994,-4.4308734,-0.6447804,-0.46564743,0.09347066
-4.851953,-4.403009,-0.6520239,-0.44371384,0.12076252
-4.8869653,-4.376281,-0.66093284,-0.42178026,0.14805438
-4.919897,-4.3506727,-0.6713026,-0.39499345,0.16758062
-4.9503922,-4.326448,-0.6822833,-0.36820665,0.18710686
-4.9784713,-4.3036356,-0.6936987,-0.34141982,0.2066331
-5.004164,-4.28227,-0.70537335,-0.31403407,0.22390933
-5.027477,-4.2624187,-0.7169948,-0.2866483,0.24118556
-5.0484586,-4.2441278,-0.728406,-0.25926253,0.2584618
-5.067163,-4.2274423,-0.73945034,-0.23431364,0.27656752
-5.0838175,-4.212252,-0.7501138,-0.20936473,0.29467326
-5.0984745,-4.1985946,-0.76024795,-0.18441582,0.31277898
-5.11119,-4.186503,-0.76970553,-0.16793993,0.32993135
-5.1225996,-4.175446,-0.77877367,-0.15146406,0.3470837
-5.1327376,-4.1654415,-0.7873606,-0.13498817,0.36423603
-5.1416388,-4.156505,-0.7953752,-0.13171476,0.35390177
-5.1502876,-4.147682,-0.80298305,-0.12844135,0.34356752
-5.1586876,-4.138982,-0.81019396,-0.12516795,0.33323324
-5.1668415,-4.130413,-0.8170177,-0.123370886,0.31519264
-5.174869,-4.121861,-0.82339185,-0.12157383,0.297152
-5.1827707,-4.113335,-0.8293246,-0.11977677,0.2791114
-5.190547,-4.1048436,-0.8348244,-0.12170569,0.26605996
-5.1984296,-4.0961404,-0.84015775,-0.123634614,0.25300854
-5.2064176,-4.087226,-0.84531575,-0.12556353,0.23995711
-5.21451,-4.0781007,-0.85028934,-0.12497657,0.22545187
-5.222547,-4.068947,-0.8549457,-0.124389604,0.21094663
-5.2305293,-4.059769,-0.8592866,-0.12380264,0.1964414
-5.2384577,-4.050573,-0.8633139,-0.124447614,0.18177462
-5.2464128,-4.0412707,-0.8670634,-0.1250926,0.16710784
-5.254394,-4.031866,-0.8705312,-0.12573758,0.15244105
-5.262403,-4.0223627,-0.87371343,-0.124199234,0.13610874
-5.270303,-4.0129285,-0.8765222,-0.1226609,0.11977643
-5.278095,-4.003569,-0.878965,-0.121122554,0.103444114
-5.2857804,-3.9942915,-0.8810495,-0.115745135,0.098061286
-5.2931104,-3.9854057,-0.88293815,-0.11036771,0.092678465
-5.3000875,-3.9769154,-0.8846405,-0.10499028,0.08729564
-5.3067136,-3.9688232,-0.8861661,-0.102987625,0.094582416
-5.3131976,-3.960881,-0.88778716,-0.10098497,0.10186919
-5.3195376,-3.9530883,-0.8894987,-0.09898232,0.10915597
-5.3257346,-3.9454455,-0.8912959,-0.096700996,0.11685695
-5.33177,-3.9379747,-0.893175,-0.09441968,0.12455793
-5.3376436,-3.9306757,-0.89513004,-0.09213836,0.1322589
-5.3433557,-3.9235492,-0.89715517,-0.09115673,0.13924897
-5.3489876,-3.9164937,-0.8992639,-0.09017511,0.14623903
-5.354538,-3.9095094,-0.9014539,-0.08919348,0.15322909
-5.360008,-3.9025965,-0.9037229,-0.09050124,0.16465618
-5.365531,-3.8955827,-0.9061953,-0.091809005,0.17608325
-5.3711057,-3.8884676,-0.9088757,-0.09311677,0.18751034
-5.3767285,-3.881251,-0.91176873,-0.097695544,0.21200703
-5.382577,-3.8737004,-0.9151949,-0.10227432,0.23650374
-5.3886385,-3.865819,-0.91918886,-0.10685309,0.26100042
-5.3948994,-3.8576107,-0.9237844,-0.11551109,0.29818526
-5.401555,-3.848801,-0.9294403,-0.12416908,0.3353701
-5.4085703,-3.8394058,-0.93625134,-0.13282707,0.37255493
-5.415904,-3.8294425,-0.9443095,-0.14428218,0.39794597
-5.4237022,-3.8186677,-0.9536283,-0.15573727,0.423337
-5.4319196,-3.8070881,-0.9642912,-0.16719235,0.44872805
-5.440506,-3.7947106,-0.9763798,-0.17201716,0.43164188
-5.449256,-3.7817667,-0.98837405,-0.17684197,0.41455567
-5.458159,-3.768249,-1.0002456,-0.18166678,0.39746946
-5.467206,-3.7541518,-1.0119656,-0.18516767,0.38142747
-5.476318,-3.7395802,-1.0234537,-0.18866855,0.36538547
-5.4854884,-3.724533,-1.0346892,-0.19216943,0.34934348
-5.4947114,-3.7090101,-1.0456518,-0.18905252,0.32451892
-5.5036945,-3.693506,-1.0556985,-0.18593562,0.29969433
-5.512446,-3.6780462,-1.0648474,-0.18281871,0.27486974
