4.067068,6.39292,1.0463732,0.5164831,0.0
4.092929,6.437628,1.0463732,0.523,-0.09928093
4.1189876,6.482676,1.0377336,0.523,-0.19856186
4.145043,6.526835,1.020539,0.523,-0.2978428
4.1711864,6.569452,0.99495924,0.523,-0.3
4.198394,6.6113586,0.9691997,0.523,-0.3
4.2266717,6.6525507,0.9434402,0.523,-0.3
4.256001,6.693001,0.9176807,0.523,-0.3
4.286362,6.732682,0.89192116,0.523,-0.3
4.3177357,6.771568,0.8661617,0.523,-0.3
4.3501,6.8096333,0.8404022,0.523,-0.3
4.3834343,6.846852,0.81464267,0.523,-0.3
4.417716,6.8831997,0.78888315,0.523,-0.3
4.452923,6.9186525,0.76312363,0.523,-0.3
4.489031,6.953187,0.7373641,0.523,-0.3
4.526016,6.9867797,0.7116046,0.523,-0.3
4.563855,7.0194087,0.6858451,0.523,-0.3
4.6025214,7.0510526,0.66008556,0.523,-0.3
4.64199,7.08169,0.6343261,0.523,-0.3
4.682235,7.1113,0.6085666,0.523,-0.3
4.7232285,7.1398644,0.58280706,0.523,-0.3
4.7649446,7.167363,0.55704755,0.523,-0.3
4.8073554,7.193778,0.531288,0.5226033,-0.3
4.8503995,7.219073,0.50554806,0.52220654,-0.3
4.8940473,7.243233,0.47982764,0.5218098,-0.3
4.938268,7.2662454,0.45412675,0.51941127,-0.3
4.98286,7.288013,0.42854398,0.5170128,-0.3
5.027786,7.308538,0.40307936,0.5146143,-0.3
5.0730085,7.327822,0.37773287,0.51169,-0.3
5.118446,7.3458514,0.35253042,0.50876576,-0.3
5.164061,7.3626328,0.327472,0.5058415,-0.3
5.209818,7.3781767,0.3025576,0.50434774,-0.3
5.2558117,7.3925333,0.2777168,0.502854,-0.3
5.3020105,7.4057035,0.2529495,0.5013603,-0.3
5.348383,7.4176903,0.22825584,0.50214225,-0.3
5.39511,7.4285455,0.20352364,0.5029242,-0.3
5.442165,7.4382563,0.17875293,0.50370616,-0.3
5.489519,7.4468126,0.1539437,0.5052964,-0.3
5.537221,7.4542146,0.12905616,0.5068866,-0.3
5.5852427,7.460447,0.10409028,0.50847685,-0.3
5.633557,7.4654937,0.079046085,0.5097831,-0.3
5.682106,7.4693394,0.053937554,0.5110893,-0.3
5.730861,7.471972,0.028764686,0.51239556,-0.3
5.779792,7.4733796,0.0035274797,0.5128069,-0.3
5.828782,7.4735527,-0.021729987,0.5132182,-0.3
5.8778,7.472487,-0.047007713,0.5136296,-0.3
5.9268146,7.4701815,-0.0723057,0.51409936,-0.3
5.9758,7.4666333,-0.09762683,0.51456904,-0.3
6.024725,7.4618416,-0.12297108,0.5150388,-0.3
6.073557,7.4558063,-0.14833848,0.5156888,-0.3
6.1222816,7.448525,-0.17373788,0.51633877,-0.3
6.1708665,7.439998,-0.19916931,0.5169887,-0.3
6.21928,7.430226,-0.22463274,0.5172498,-0.3
6.267453,7.419219,-0.25010905,0.5175109,-0.3
6.315355,7.4069824,-0.2755982,0.51777196,-0.3
6.3629527,7.393522,-0.3011002,0.5182183,-0.3
6.4102325,7.3788395,-0.3266242,0.5186646,-0.3
6.457163,7.3629413,-0.35217017,0.51911086,-0.3
6.5037117,7.345835,-0.37773815,0.5199183,-0.3
6.5498796,7.327516,-0.40334588,0.5207258,-0.3
6.5956345,7.3079906,-0.42899337,0.52153325,-0.3
6.6409435,7.287266,-0.45468065,0.523,-0.3
6.6858315,7.2653227,-0.48044014,0.523,-0.3
6.7301393,7.242231,-0.50619966,0.523,-0.3
6.7738376,7.2180057,-0.5319592,0.523,-0.3
6.8168974,7.1926627,-0.5577187,0.523,-0.3
6.85929,7.166219,-0.5834782,0.523,-0.3
6.9009876,7.1386924,-0.60923773,0.523,-0.3
6.9419627,7.1101007,-0.63499725,0.523,-0.3
6.9821873,7.0804634,-0.6607567,0.523,-0.3
7.0216355,7.0497994,-0.6865162,0.523,-0.3
7.0602803,7.01813,-0.71227574,0.523,-0.3
7.0980973,6.9854755,-0.73803526,0.523,-0.3
7.1350603,6.951858,-0.7637948,0.523,-0.3
7.171145,6.9172993,-0.7895543,0.523,-0.3
7.206328,6.881823,-0.8153138,0.523,-0.3
7.2405853,6.845452,-0.84107333,0.523,-0.3
7.2738943,6.808211,-0.8668328,0.523,-0.3
7.3062334,6.770124,-0.8925923,0.523,-0.3
7.3375807,6.731217,-0.9183518,0.523,-0.3
7.3679156,6.6915154,-0.94411135,0.523,-0.3
7.3972178,6.651046,-0.96987087,0.523,-0.3
7.4254675,6.6098347,-0.9956304,0.523,-0.3
7.4526467,6.5679097,-1.0213898,0.523,-0.3
7.478737,6.5252986,-1.0471494,0.523,-0.3
7.503721,6.4820294,-1.0729089,0.523,-0.3
7.5275826,6.4381313,-1.0986685,0.523,-0.3
7.5503054,6.3936334,-1.1244279,0.523,-0.3
7.5718746,6.3485646,-1.1501875,0.521526,-0.3
7.592218,6.303084,-1.1758744,0.52005196,-0.3
7.611333,6.2572255,-1.2014886,0.51857793,-0.3
7.6292157,6.2110243,-1.2270304,0.51673156,-0.3
7.6458535,6.1645474,-1.2524811,0.5148852,-0.3
7.661248,6.1178293,-1.277841,0.5130389,-0.3
7.675402,6.070905,-1.3031099,0.5105676,-0.3
7.6883035,6.023866,-1.3282571,0.5080964,-0.3
7.699961,5.9767466,-1.3532825,0.5056251,-0.3
7.7103853,5.92958,-1.3781862,0.50264627,-0.3
7.7195773,5.8824487,-1.4029433,0.49966738,-0.3
7.7275524,5.8353844,-1.4275535,0.4966885,-0.3
7.734326,5.78842,-1.4520172,0.49450055,-0.3
7.7399244,5.7415113,-1.476373,0.4923126,-0.3
7.7443585,5.694689,-1.500621,0.4901247,-0.3
7.7476416,5.64798,-1.5247613,0.49047875,-0.3
7.7497983,5.601173,-1.5489191,0.49083284,-0.3
7.750824,5.554293,-1.5730942,0.4911869,-0.3
7.750716,5.507368,-1.5972868,0.49138367,-0.29213384
7.7494698,5.460328,-1.620873,0.49158043,-0.2842677
7.7471075,5.4132023,-1.6438506,0.4917772,-0.27640152
7.7436547,5.3660173,-1.6662179,0.49153328,-0.25175375
7.739119,5.31863,-1.686625,0.49128932,-0.22710599
7.733587,5.2710834,-1.7050613,0.4910454,-0.20245822
7.727148,5.223415,-1.7215177,0.48984763,-0.17838743
7.7199097,5.1757536,-1.7360044,0.4886499,-0.15431663
7.711969,5.128127,-1.7485223,0.48745215,-0.13024585
7.703424,5.080556,-1.7590739,0.48548752,-0.11855658
7.6944013,5.0332,-1.7686443,0.4835229,-0.10686731
7.6849513,4.986061,-1.7772402,0.4815583,-0.095178045
7.675125,4.9391413,-1.7848675,0.47889107,-0.083332896
7.6649866,4.8925076,-1.791511,0.47622386,-0.07148775
7.6545873,4.8461595,-1.7971803,0.47355664,-0.0596426
7.643977,4.800094,-1.8018849,0.47052342,-0.052537013
7.6332154,4.7543554,-1.806003,0.4674902,-0.045431424
7.622332,4.7089405,-1.8095416,0.46445698,-0.038325835
7.6113563,4.6638455,-1.8125076,0.46162707,-0.031730913
7.600312,4.619047,-1.8149484,0.4587972,-0.025135994
7.589225,4.5745425,-1.8168703,0.45596728,-0.018541073
7.5781198,4.530327,-1.8182793,0.4527243,-0.013056505
7.5670304,4.4864373,-1.8192644,0.44948134,-0.0075719357
7.5559773,4.442871,-1.8198316,0.44623837,-0.0020873665
7.5449786,4.399624,-1.8199869,0.44326988,0.00116812
7.5340466,4.356666,-1.8199006,0.44030136,0.004423606
7.523192,4.3139954,-1.819576,0.43733287,0.0076790927
7.512424,4.27161,-1.8190162,0.43562877,0.011453366
7.5017223,4.229385,-1.8181847,0.43392465,0.01522764
7.491098,4.1873183,-1.8170835,0.43222052,0.019001912
7.480562,4.145408,-1.8157147,0.43125573,0.025349677
7.4701085,4.103583,-1.8138928,0.43029094,0.03169744
7.4597564,4.06184,-1.8116201,0.42932615,0.038045205
7.449524,4.0201764,-1.8088984,0.42891613,0.045372285
7.4394183,3.9785378,-1.8056561,0.4285061,0.052699365
7.4294605,3.9369214,-1.8018942,0.4280961,0.060026444
7.4196725,3.895325,-1.7976139,0.42454588,0.071087435
7.4101496,3.854062,-1.7925881,0.42099568,0.08214842
7.40092,3.8131323,-1.7868305,0.41744548,0.09320941
7.3920107,3.772535,-1.780355,0.40468886,0.11638223
7.383649,3.7332194,-1.7725229,0.39193222,0.13955505
7.3758726,3.6951942,-1.7634364,0.3791756,0.16272786
7.368709,3.6584697,-1.753198,0.3630788,0.17523621
7.3622236,3.6233108,-1.7426481,0.346982,0.18774456
7.3563943,3.5897245,-1.7318544,0.3308852,0.2002529
7.3511944,3.5577168,-1.7208847,0.31354508,0.20732698
7.3466063,3.5273788,-1.7101277,0.29620492,0.21440104
7.342587,3.498717,-1.6996242,0.2788648,0.22147511
7.339092,3.4717371,-1.6894146,0.26653412,0.21429825
7.33601,3.4458764,-1.6799676,0.25420344,0.20712139
7.333299,3.4211476,-1.6712551,0.24187277,0.19994453
7.3309216,3.3975616,-1.6632485,0.2396184,0.18021075
7.3287454,3.3740885,-1.6560904,0.23736404,0.16047698
7.3267493,3.3507423,-1.6497691,0.23510969,0.14074321
7.324913,3.3275363,-1.6442722,0.22932273,0.1257644
7.3232427,3.3048465,-1.6394781,0.22353578,0.11078559
7.321718,3.2826824,-1.6353592,0.21774882,0.09580677
7.3203197,3.2610524,-1.6318874,0.2051009,0.11136598
7.319075,3.2407074,-1.6280885,0.19245295,0.12692519
7.317982,3.2216482,-1.6240282,0.17980501,0.1424844
7.317035,3.2038753,-1.6197727,0.16721813,0.1669053
7.316228,3.1874056,-1.6151427,0.15463124,0.1913262
7.3155546,3.1722395,-1.6102419,0.14204437,0.21574712
7.3150077,3.1583753,-1.6051738,0.13067338,0.21779183
7.314569,3.1456242,-1.6004679,0.11930239,0.21983653
7.314224,3.133986,-1.5961319,0.1079314,0.22188126
7.313957,3.123461,-1.5921732,0.10028607,0.19766529
7.313747,3.1136298,-1.5888909,0.092640735,0.17344934
7.313582,3.1045063,-1.5862262,0.084995404,0.14923337
