-6.544114,6.8488684,2.0419228,0.5711442,0.0
-6.570038,6.8997607,2.0419228,0.523,-0.09996249
-6.5936575,6.9461303,2.0332239,0.523,-0.19992498
-6.616525,6.992005,2.015913,0.523,-0.29988745
-6.6380386,7.037102,1.9901628,0.523,-0.3
-6.658383,7.0827365,1.9644034,0.523,-0.3
-6.6775455,7.12888,1.9386439,0.523,-0.3
-6.695513,7.175502,1.9128844,0.523,-0.3
-6.7122736,7.222571,1.8871249,0.523,-0.3
-6.7278166,7.270056,1.8613653,0.523,-0.3
-6.7421308,7.3179255,1.8356059,0.523,-0.3
-6.755208,7.366148,1.8098463,0.523,-0.3
-6.7670383,7.4146914,1.7840868,0.523,-0.3
-6.7776146,7.463523,1.7583274,0.523,-0.3
-6.7869296,7.5126114,1.7325678,0.523,-0.3
-6.794977,7.561923,1.7068083,0.523,-0.3
-6.801752,7.611426,1.6810488,0.523,-0.3
-6.8072495,7.6610866,1.6552893,0.523,-0.3
-6.811466,7.710872,1.6295297,0.523,-0.3
-6.814399,7.7607503,1.6037703,0.523,-0.3
-6.816046,7.810687,1.5780107,0.523,-0.3
-6.8164067,7.86065,1.5522512,0.523,-0.3
-6.81548,7.9106054,1.5264918,0.523,-0.3
-6.813267,7.9605203,1.5007322,0.523,-0.3
-6.809769,8.010362,1.4749727,0.523,-0.3
-6.804989,8.060097,1.4492131,0.523,-0.3
-6.798929,8.109693,1.4234537,0.523,-0.3
-6.7915936,8.159115,1.3976941,0.523,-0.3
-6.782988,8.208332,1.3719347,0.523,-0.3
-6.7731175,8.257312,1.3461751,0.523,-0.3
-6.7619886,8.306021,1.3204156,0.523,-0.3
-6.749609,8.354426,1.2946562,0.523,-0.3
-6.735986,8.402498,1.2688966,0.523,-0.3
-6.7211304,8.450202,1.2431371,0.523,-0.3
-6.7050505,8.497508,1.2173775,0.523,-0.3
-6.6877575,8.544384,1.1916181,0.523,-0.3
-6.669263,8.590799,1.1658585,0.523,-0.3
-6.649579,8.636723,1.140099,0.523,-0.3
-6.628719,8.682124,1.1143395,0.523,-0.3
-6.606696,8.726973,1.08858,0.523,-0.3
-6.5835257,8.771239,1.0628206,0.523,-0.3
-6.5592227,8.814895,1.037061,0.523,-0.3
-6.533803,8.857909,1.0113015,0.523,-0.3
-6.507284,8.900255,0.98554194,0.523,-0.3
-6.4796834,8.941904,0.9597825,0.523,-0.3
-6.4510193,8.982827,0.93402296,0.523,-0.3
-6.4213104,9.023,0.90826344,0.523,-0.3
-6.390577,9.062393,0.8825039,0.523,-0.3
-6.3588386,9.100982,0.8567444,0.523,-0.3
-6.326117,9.138741,0.8309849,0.523,-0.3
-6.2924337,9.175644,0.8052254,0.523,-0.3
-6.257811,9.211667,0.77946585,0.523,-0.3
-6.2222724,9.246787,0.75370634,0.523,-0.3
-6.1858406,9.28098,0.7279469,0.523,-0.3
-6.1485405,9.314222,0.70218736,0.523,-0.3
-6.1103964,9.346494,0.67642784,0.523,-0.3
-6.0714335,9.377772,0.6506683,0.523,-0.3
-6.031678,9.408036,0.6249088,0.523,-0.3
-5.9911566,9.437266,0.5991493,0.523,-0.3
-5.9498954,9.465444,0.57338977,0.523,-0.3
-5.9079223,9.492548,0.54763025,0.523,-0.3
-5.865265,9.518562,0.52187073,0.523,-0.3
-5.8219514,9.543469,0.49611124,0.523,-0.3
-5.778011,9.567253,0.47035173,0.523,-0.3
-5.7334723,9.589897,0.44459224,0.523,-0.3
-5.6883655,9.611386,0.41883272,0.523,-0.3
-5.64272,9.631706,0.3930732,0.523,-0.3
-5.5965667,9.650844,0.36731368,0.523,-0.3
-5.5499353,9.668786,0.3415542,0.523,-0.3
-5.502857,9.685522,0.31579468,0.523,-0.3
-5.4553638,9.701039,0.29003516,0.523,-0.3
-5.407487,9.715328,0.26427564,0.523,-0.3
-5.359257,9.728379,0.23851614,0.523,-0.3
-5.3107076,9.740184,0.21275662,0.523,-0.3
-5.26187,9.750734,0.18699712,0.523,-0.3
-5.212777,9.760023,0.1612376,0.523,-0.3
-5.163461,9.768044,0.1354781,0.523,-0.3
-5.1139545,9.774793,0.10971858,0.523,-0.3
-5.064291,9.780264,0.083959065,0.523,-0.3
-5.014503,9.784453,0.05819956,0.523,-0.3
-4.9646235,9.78736,0.032440048,0.523,-0.3
-4.9146857,9.7889805,0.006680535,0.523,-0.3
-4.8647227,9.789314,-0.019078976,0.523,-0.3
-4.814768,9.788361,-0.044838488,0.523,-0.3
-4.764854,9.786121,-0.070598,0.523,-0.3
-4.715014,9.782597,-0.09635751,0.523,-0.3
-4.665282,9.77779,-0.12211702,0.523,-0.3
-4.6156898,9.771704,-0.14787653,0.523,-0.3
-4.566271,9.764342,-0.17363605,0.523,-0.3
-4.5170584,9.75571,-0.19939555,0.523,-0.3
-4.468084,9.745813,-0.22515507,0.523,-0.3
-4.419381,9.734658,-0.25091457,0.523,-0.29690877
-4.3709354,9.722241,-0.27641654,0.523,-0.29381752
-4.3227773,9.708579,-0.30166075,0.523,-0.29072627
-4.2749343,9.693693,-0.3266469,0.523,-0.28476325
-4.2273946,9.6775875,-0.35113466,0.523,-0.27880022
-4.180182,9.660293,-0.3751231,0.523,-0.2728372
-4.133319,9.641839,-0.39861146,0.523,-0.25663748
-4.0866976,9.622205,-0.42073694,0.523,-0.24043778
-4.0403323,9.601458,-0.44149375,0.523,-0.22423807
-3.994231,9.57967,-0.46087646,0.523,-0.20187591
-3.948339,9.556883,-0.478354,0.523,-0.17951375
-3.9026556,9.5331955,-0.49391773,0.523,-0.1571516
-3.857174,9.508706,-0.5075598,0.523,-0.11884908
-3.8117895,9.483465,-0.5178951,0.523,-0.08054656
-3.7664952,9.457658,-0.5249085,0.523,-0.04224404
-3.7212768,9.431472,-0.52858967,0.523,0.0046497346
-3.6761153,9.405097,-0.52818435,0.523,0.05154351
-3.6310027,9.378775,-0.5236935,0.523,0.09843729
-3.585931,9.352747,-0.5151269,0.523,0.12815864
-3.5407913,9.327192,-0.5039863,0.523,0.15788
-3.4955637,9.30225,-0.4902815,0.523,0.18760136
-3.4502342,9.278055,-0.47402465,0.523,0.18767056
-3.404518,9.2546015,-0.4577619,0.523,0.18773977
-3.3584268,9.231894,-0.4414932,0.523,0.18780899
-3.311973,9.20994,-0.4252186,0.523,0.18749663
-3.2651656,9.188743,-0.40897074,0.523,0.18718429
-3.2180169,9.168308,-0.3927496,0.523,0.18687193
-3.1705403,9.14864,-0.37655526,0.523,0.18664525
-3.1227493,9.129743,-0.36038032,0.523,0.18641858
-3.0746567,9.111619,-0.34422478,0.523,0.1861919
-3.0262756,9.0942745,-0.32808867,0.523,0.179052
-2.977557,9.077691,-0.31256455,0.523,0.17191207
-2.9285245,9.061846,-0.29765326,0.523,0.16477215
-2.8792014,9.046716,-0.2833555,0.523,0.15751377
-2.8296087,9.032274,-0.26968226,0.523,0.15025537
-2.779767,9.018497,-0.25663424,0.523,0.14299697
-2.7296963,9.005358,-0.2442121,0.523,0.13262424
-2.6793938,8.992824,-0.23268555,0.523,0.122251496
-2.628883,8.980853,-0.22205582,0.523,0.11187877
-2.578186,8.969407,-0.21232405,0.523,0.10174523
-2.527325,8.958443,-0.20347056,0.523,0.0916117
-2.4763186,8.947919,-0.19549623,0.523,0.08147816
-2.425185,8.937793,-0.18840191,0.523,0.06910613
-2.373933,8.928021,-0.18238296,0.523,0.056734104
-2.3225834,8.9185505,-0.17744029,0.523,0.044362076
-2.271155,8.909328,-0.17357466,0.523,0.029329758
-2.2196631,8.9003,-0.17101845,0.523,0.014297443
-2.1681314,8.891399,-0.16977222,0.523,-0.0007348716
-2.1165833,8.882564,-0.16983628,0.523,-0.01260134
-2.0650399,8.873724,-0.17093468,0.523,-0.024467807
-2.0135176,8.86483,-0.17306724,0.523,-0.036334276
-1.9620328,8.85583,-0.17623368,0.523,-0.04809574
-1.9106025,8.846671,-0.1804244,0.523,-0.0598572
-1.8592435,8.837303,-0.18563884,0.523,-0.07161866
-1.8079739,8.827675,-0.19187626,0.523,-0.077246845
-1.7567868,8.817731,-0.19860293,0.523,-0.08287503
-1.7056909,8.807447,-0.2058186,0.523,-0.088503204
-1.654695,8.796801,-0.21352306,0.523,-0.091912486
-1.6037985,8.785765,-0.2215235,0.523,-0.09532176
-1.5530081,8.774325,-0.22981979,0.523,-0.09873104
-1.5023313,8.762469,-0.23841187,0.523,-0.10285467
-1.4517791,8.750184,-0.24736157,0.523,-0.1069783
-1.401361,8.737452,-0.25666875,0.523,-0.111101925
-1.3510861,8.7242565,-0.26633322,0.523,-0.1157082
-1.3009675,8.710584,-0.27639663,0.523,-0.12031448
-1.2510163,8.696415,-0.28685874,0.523,-0.124920756
-1.2012442,8.681732,-0.2977194,0.523,-0.13108034
-1.151674,8.666522,-0.30911252,0.523,-0.13723993
-1.1023213,8.650762,-0.32103774,0.523,-0.1433995
-1.0532027,8.634427,-0.3334946,0.523,-0.14964704
-1.0043366,8.617498,-0.3464902,0.523,-0.15589458
-0.9557413,8.599953,-0.36002406,0.523,-0.16214211
-0.9074363,8.581769,-0.3740956,0.523,-0.16558196
-0.8594193,8.562919,-0.38846296,0.523,-0.1690218
-0.8117058,8.543391,-0.40312597,0.523,-0.17246164
-0.7643119,8.523179,-0.41808447,0.523,-0.17646965
-0.7172589,8.5022745,-0.433387,0.523,-0.18047765
-0.670565,8.480667,-0.4490334,0.523,-0.18448566
-0.62424916,8.458349,-0.46502334,0.523,-0.18334506
-0.57828635,8.435289,-0.48091552,0.523,-0.18220447
-0.5326862,8.411496,-0.49670994,0.523,-0.18106388
-0.487458,8.386981,-0.5124066,0.523,-0.18932897
-0.44268957,8.361797,-0.52881134,0.523,-0.19759406
-0.39841202,8.335925,-0.5459231,0.523,-0.20585915
-0.35465768,8.309344,-0.5637407,0.5218236,-0.20985186
-0.31151757,8.282072,-0.581858,0.5206472,-0.21384457
-0.26901123,8.25411,-0.60027313,0.5194708,-0.21783729
-0.22715849,8.22546,-0.61898434,0.5066244,-0.20871684
-0.18679105,8.196704,-0.63648015,0.49377793,-0.1995964
-0.14787015,8.167937,-0.65279734,0.4809315,-0.19047597
-0.1103565,8.139254,-0.66797286,0.46423617,-0.15909351
-0.07437057,8.110862,-0.6802305,0.44754082,-0.12771106
-0.039860856,8.082942,-0.6897306,0.4308455,-0.0963286
-0.006778764,8.055654,-0.69663703,0.41864163,-0.103316374
0.025160009,8.0289345,-0.703833,0.40643778,-0.11030414
0.055957187,8.002792,-0.7112898,0.3942339,-0.11729191
0.08561602,7.977233,-0.7189789,0.38568085,-0.12559499
0.11440909,7.9520316,-0.72703093,0.37712783,-0.13389808
0.14233403,7.92719,-0.7354219,0.3685748,-0.14220116
0.16938972,7.902712,-0.7441278,0.3601822,-0.1462054
0.19560488,7.878576,-0.75287336,0.35178962,-0.15020962
0.22098686,7.8547935,-0.7616473,0.34339705,-0.15421386
0.24554358,7.8313766,-0.77043843,0.3341905,-0.16721244
0.2691908,7.8084264,-0.77970856,0.32498392,-0.18021102
0.29192674,7.785948,-0.7894168,0.31577736,-0.1932096
0.31375188,7.7639465,-0.79952216,0.3049065,-0.20418692
0.33456385,7.742538,-0.80982655,0.2940356,-0.21516424
0.35437366,7.721736,-0.8202897,0.28316474,-0.22614157
0.37319407,7.7015543,-0.8308715,0.26896912,-0.2269583
0.39086378,7.6822,-0.84095854,0.25477347,-0.22777505
0.40741202,7.6637025,-0.85054696,0.24057782,-0.2285918
0.4228671,7.64609,-0.859633,0.22595507,-0.21408685
0.4372788,7.6293626,-0.8676339,0.21133234,-0.19958189
0.450673,7.613562,-0.874617,0.19670959,-0.18507692
0.4630724,7.5987263,-0.88065016,0.18178177,-0.15022226
0.47451517,7.584866,-0.88518435,0.16685396,-0.11536758
0.48500925,7.5720367,-0.8883855,0.15192614,-0.0805129
0.49455968,7.5602846,-0.8904219,0.132939,-0.003978944
0.5029226,7.549951,-0.8905101,0.113951854,0.07255502
0.51007146,7.5411158,-0.88913333,0.094964705,0.14908898
0.5159887,7.533823,-0.8867824,0.06868011,0.24606764
0.5201979,7.528661,-0.88399404,0.04239551,0.3430463
0.52272946,7.5255733,-0.88161737,0.01611091,0.44002497
0.52365637,7.5244484,-0.8804736,-0.013021659,0.5365775
0.5229437,7.525311,-0.88158303,-0.042154226,0.6331301
0.52078253,7.527934,-0.88574,-0.0712868,0.72968256
0.51742053,7.5320487,-0.8936603,-0.10023386,0.8239534
0.5131542,7.5373554,-0.90591955,-0.12918092,0.9182242
0.50831455,7.543529,-0.9230258,-0.15812798,1.0
0.5031592,7.550342,-0.94520247,-0.18693976,1.0
0.49724463,7.5585294,-0.9714199,-0.21575153,1.0
0.49066854,7.5681543,-1.001678,-0.24456331,1.0
0.48354775,7.5792856,-1.0359768,-0.27210173,1.0
0.4760545,7.591934,-1.0741377,-0.29964015,1.0
0.46834028,7.606168,-1.1161609,-0.32717857,1.0
0.46057746,7.62205,-1.1620461,-0.32067925,1.0
0.4536909,7.637949,-1.2070198,-0.3141799,1.0
0.447651,7.6538134,-1.251082,-0.30768055,1.0
0.44242612,7.669595,-1.2942327,-0.29693124,1.0
0.4380455,7.6850286,-1.3358759,-0.28618193,1.0
0.43444636,7.700066,-1.3760115,-0.27543262,1.0
0.4315659,7.7146664,-1.4146396,-0.2616809,1.0
0.42936704,7.728633,-1.451339,-0.24792919,1.0
0.4277706,7.7419333,-1.4861099,-0.23417749,1.0
0.4267004,7.7545404,-1.5189521,-0.2183114,1.0
0.42608914,7.76632,-1.5495692,-0.20244533,1.0
0.42585698,7.777256,-1.5779613,-0.18657924,1.0
0.42592922,7.7873363,-1.6041281,-0.1746955,1.0
0.42624375,7.79677,-1.6286283,-0.16281177,1.0
0.4267522,7.805552,-1.6514618,-0.15092804,1.0
0.4274093,7.81368,-1.6726288,-0.13720803,1.0
0.42816293,7.8210554,-1.6918715,-0.12348801,1.0
0.4289688,7.8276787,-1.7091901,-0.109767996,1.0
0.42978695,7.833553,-1.7245846,-0.109525904,1.0
0.43069345,7.8394003,-1.739945,-0.10928381,1.0
0.43168744,7.845221,-1.7552716,-0.10904173,1.0
0.43276814,7.851012,-1.7705642,-0.108520016,1.0
0.43393168,7.856759,-1.7857835,-0.10799831,1.0
0.43517652,7.86246,-1.8009298,-0.10747661,1.0
0.43650112,7.868114,-1.8160028,-0.10651524,0.96793926
0.43796724,7.873973,-1.830626,-0.10555389,0.9358786
0.43957567,7.880023,-1.84479,-0.10459253,0.9038179
0.44132638,7.886252,-1.8584862,-0.12402576,0.9205476
0.44345677,7.8934517,-1.874939,-0.14345899,0.9372773
0.44600007,7.9015546,-1.894209,-0.16289224,0.9540071
0.44899443,7.910488,-1.9163554,-0.13586919,0.87119675
0.45195782,7.91872,-1.9336809,-0.10884616,0.7883864
0.45468172,7.9258933,-1.9465468,-0.081823125,0.705576
0.45696747,7.9316874,-1.9553902,-0.09578845,0.71957034
0.45967034,7.9383655,-1.9659119,-0.10975377,0.7335647
0.46280834,7.94589,-1.978159,-0.1237191,0.74755895
0.46640295,7.9542203,-1.9921774,-0.1169984,0.7190286
0.47000375,7.9622536,-2.005021,-0.11027769,0.6904982
0.47358045,7.9699664,-2.0167274,-0.10355699,0.6619678
0.47710347,7.977336,-2.0273364,-0.09206107,0.6317099
0.48037875,7.9840045,-2.036397,-0.08056515,0.6014519
0.48336104,7.98994,-2.043995,-0.06906923,0.57119393
0.4860091,7.995112,-2.0502183,-0.062364113,0.56114537
0.4884446,7.999797,-2.0557497,-0.055658992,0.55109686
0.4906551,8.003992,-2.060607,-0.048953876,0.5410483
0.49262923,8.007695,-2.064809,-0.04575983,0.51784974
0.4945145,8.011195,-2.0685844,-0.04256579,0.49465123
0.49630332,8.014487,-2.0719523,-0.039371748,0.47145268
0.49798855,8.017564,-2.0749326,-0.03895146,0.44668636
0.4996855,8.020639,-2.077737,-0.038531173,0.42192003
0.5013921,8.023712,-2.0803668,-0.038110886,0.3971537
0.50310653,8.02678,-2.0828238,-0.037120182,0.38346067
0.5047931,8.029781,-2.0851383,-0.036129482,0.3697676
0.5064504,8.032714,-2.0873146,-0.035138782,0.35607457
0.5080769,8.035578,-2.089356,-0.033184294,0.34113798
0.50962687,8.038294,-2.0912063,-0.031229801,0.32620138
0.5110978,8.040861,-2.0928743,-0.029275311,0.3112648
0.5124876,8.043277,-2.0943687,-0.026866674,0.2931735
0.5137735,8.045504,-2.0956626,-0.024458036,0.27508217
0.514953,8.047541,-2.09677,-0.022049397,0.25699085
0.5160237,8.049385,-2.097704,-0.01952933,0.23945835
0.5169777,8.051025,-2.098476,-0.017009262,0.22192587
0.51781315,8.052459,-2.0990999,-0.014489195,0.20439339
0.51852834,8.053684,-2.09959,-0.011854444,0.18816148
0.5191158,8.054689,-2.0999596,-0.009219691,0.17192957
0.5195744,8.055473,-2.1002226,-0.0065849395,0.15569766
0.51990294,8.056035,-2.1003928,-0.0036200902,0.13568425
0.52008414,8.056345,-2.1004744,-0.00065524084,0.11567083
0.520117,8.0564,-2.100487,0.0023096085,0.095657416
0.5200008,8.056202,-2.1004503,0.0074458383,0.06151073
0.51962537,8.055561,-2.100374,0.012582068,0.027364045
0.51899,8.054476,-2.1003165,0.017718298,-0.006782639
0.518095,8.052946,-2.1003366,0.023425698,-0.08918226
0.5169164,8.050933,-2.1006844,0.0291331,-0.17158188
0.51546556,8.048456,-2.1015134,0.0348405,-0.2539815
0.51375866,8.0455475,-2.1029723,0.048125625,-0.3
0.5114258,8.041586,-2.1053426,0.06141075,-0.3
0.5084369,8.036537,-2.1083674,0.07469588,-0.3
0.504783,8.030408,-2.1120465,0.074652016,-0.3
0.5011086,8.024296,-2.1157234,0.07460816,-0.3
0.497414,8.0182,-2.1193979,0.0745643,-0.3
0.49369916,8.012122,-2.1230705,0.074250326,-0.3
0.4899778,8.0060835,-2.1267276,0.07393635,-0.3
0.4862502,8.000084,-2.1303692,0.073622376,-0.3
0.48251668,7.994123,-2.1339953,0.073354416,-0.3
0.47877526,7.9881973,-2.1376083,0.07308646,-0.3
0.4750262,7.982307,-2.1412082,0.07281851,-0.3
