8.336119,-9.621741,-1.172878,0.16436923,0.0
8.342487,-9.636894,-1.172878,0.13497658,0.076861225
8.347703,-9.649301,-1.1711506,0.10558393,0.15372245
8.351763,-9.658912,-1.1684561,0.076191284,0.23058368
8.354667,-9.665737,-1.1655539,0.04657277,0.31757477
8.356411,-9.669804,-1.1631302,0.016954262,0.40456587
8.357029,-9.671234,-1.1620178,-0.012664249,0.49155697
8.3565855,-9.67021,-1.163014,-0.04215626,0.5829933
8.355189,-9.666979,-1.1668822,-0.07164827,0.6744297
8.35299,-9.661833,-1.1743389,-0.10114028,0.76586604
8.350175,-9.655108,-1.1860234,-0.13067295,0.85068417
8.34694,-9.647121,-1.2023952,-0.16020562,0.93550223
8.343517,-9.638252,-1.2238867,-0.18973827,1.0
8.340032,-9.628612,-1.2504966,-0.21911082,1.0
8.336304,-9.617374,-1.2812258,-0.24848334,1.0
8.332471,-9.604508,-1.3160744,-0.27785587,1.0
8.328688,-9.58998,-1.3550423,-0.30652645,1.0
8.325142,-9.573802,-1.3980312,-0.33519703,1.0
8.322029,-9.555961,-1.445041,-0.3638676,1.0
8.319563,-9.536456,-1.4960716,-0.39000964,1.0
8.317989,-9.515443,-1.5507686,-0.41615167,1.0
8.317539,-9.492963,-1.6091318,-0.4422937,1.0
8.318456,-9.469083,-1.6711614,-0.45522633,0.9842586
8.32098,-9.444014,-1.7343515,-0.46815893,0.9685172
8.325298,-9.417846,-1.798649,-0.48109156,0.9527757
8.331595,-9.390691,-1.8639994,-0.45834124,0.9396963
8.339411,-9.3648,-1.9256753,-0.43559092,0.92661685
8.348501,-9.340272,-1.9837245,-0.41284057,0.9135374
8.358623,-9.317169,-2.0381968,-0.38705945,0.86400354
8.369947,-9.294729,-2.087253,-0.36127833,0.8144697
8.382191,-9.27317,-2.1310499,-0.3354972,0.76493585
8.395052,-9.252667,-2.1697714,-0.3099932,0.7589834
8.407733,-9.234091,-2.2053268,-0.28448918,0.7530309
8.420037,-9.217375,-2.2377515,-0.2589852,0.7470785
8.431791,-9.202445,-2.2670815,-0.2406642,0.7265892
8.443329,-9.188644,-2.293728,-0.22234322,0.7061
8.454521,-9.175958,-2.3177733,-0.20402223,0.6856108
8.465251,-9.164371,-2.3393028,-0.18452144,0.6591797
8.4753895,-9.153884,-2.3581383,-0.16502064,0.63274854
8.4848175,-9.144492,-2.3744028,-0.14551985,0.60631746
8.493425,-9.136192,-2.3882234,-0.153283,0.6244239
8.502496,-9.127685,-2.4031591,-0.16104615,0.6425304
8.512031,-9.119006,-2.4192429,-0.16880928,0.66063684
8.522031,-9.110193,-2.436507,-0.14515625,0.59236103
8.531202,-9.102388,-2.4500144,-0.121503204,0.5240853
8.539305,-9.095679,-2.460148,-0.097850166,0.45580947
8.546128,-9.090145,-2.4673269,-0.12434406,0.5207499
8.554554,-9.083411,-2.4776378,-0.15083796,0.5856904
8.564454,-9.075665,-2.4915342,-0.17733186,0.65063083
8.575686,-9.067125,-2.5094357,-0.14992453,0.56842434
8.585879,-9.059659,-2.5228865,-0.122517206,0.48621792
8.594704,-9.053377,-2.5324283,-0.09510987,0.40401146
8.601875,-9.048373,-2.5386596,-0.11544664,0.4518316
8.610431,-9.042483,-2.5470605,-0.1357834,0.4996518
8.620304,-9.035808,-2.5579033,-0.15612017,0.54747194
8.631427,-9.028461,-2.5714476,-0.13003717,0.47713986
8.641151,-9.022226,-2.5814006,-0.10395418,0.40680775
8.649239,-9.017154,-2.588256,-0.07787118,0.33647564
8.655493,-9.013291,-2.592541,-0.09275745,0.3644502
8.662886,-9.008768,-2.5980513,-0.107643716,0.39242473
8.671398,-9.003624,-2.6049123,-0.12252998,0.42039925
8.681011,-8.997905,-2.613247,-0.10689988,0.38518554
8.689568,-8.992911,-2.6199412,-0.09126977,0.3499718
8.6970005,-8.988639,-2.6251569,-0.075639665,0.3147581
8.703255,-8.985087,-2.6290598,-0.08036863,0.3060445
8.709934,-8.981329,-2.6330955,-0.085097596,0.2973309
8.717041,-8.977367,-2.6372507,-0.08982656,0.2886173
8.72458,-8.9732065,-2.6415117,-0.08334489,0.28952903
8.731589,-8.969377,-2.6454775,-0.076863214,0.29044074
8.738066,-8.965871,-2.6491463,-0.070381545,0.29135245
8.744006,-8.962684,-2.6525156,-0.06817911,0.2750031
8.749799,-8.959601,-2.6556013,-0.06597668,0.25865376
8.755439,-8.956622,-2.658414,-0.06377424,0.24230441
8.760921,-8.953746,-2.6609643,-0.05815533,0.23507397
8.765936,-8.951131,-2.6632218,-0.052536417,0.22784351
8.770479,-8.948774,-2.6651995,-0.046917506,0.22061306
8.774548,-8.946675,-2.6669106,-0.041240875,0.20893435
8.778135,-8.944831,-2.6683364,-0.035564244,0.19725564
8.7812395,-8.943242,-2.669498,-0.029887613,0.18557693
8.783855,-8.941906,-2.6704173,-0.026962556,0.18624139
8.786217,-8.940703,-2.6712494,-0.0240375,0.18690583
8.788322,-8.939632,-2.6719937,-0.021112444,0.18757027
8.790172,-8.938694,-2.6726499,-0.020977773,0.18895748
8.79201,-8.937763,-2.6733067,-0.0208431,0.19034469
8.793837,-8.936839,-2.6739638,-0.020708429,0.19173189
8.7956505,-8.935923,-2.6746216,-0.020194732,0.19189996
8.797421,-8.93503,-2.6752634,-0.019681035,0.19206801
8.799147,-8.934162,-2.6758897,-0.019167338,0.19223607
8.800828,-8.933317,-2.6764998,-0.018629981,0.19264334
8.802462,-8.932497,-2.6770945,-0.018092623,0.19305061
8.8040495,-8.931702,-2.6776729,-0.017555267,0.19345787
8.805591,-8.93093,-2.6782355,-0.017112222,0.19412187
8.807093,-8.930181,-2.6787856,-0.016669178,0.19478586
8.808556,-8.92945,-2.6793234,-0.016226135,0.19544986
8.80998,-8.9287405,-2.6798487,-0.015906187,0.19805068
8.811377,-8.928045,-2.68037,-0.015586238,0.20065148
8.812744,-8.927365,-2.680888,-0.015266291,0.2032523
8.814083,-8.926701,-2.6814015,-0.015181701,0.20622605
8.815415,-8.926041,-2.6819196,-0.015097111,0.20919979
8.816738,-8.925385,-2.6824422,-0.015012521,0.21217354
8.818054,-8.924735,-2.682969,-0.0149099855,0.21439761
8.819361,-8.92409,-2.683498,-0.014807451,0.2166217
8.820658,-8.92345,-2.6840281,-0.014704915,0.21884577
8.821945,-8.922816,-2.6845603,-0.014529323,0.2207419
8.823217,-8.922191,-2.6850905,-0.014353732,0.22263803
8.824474,-8.921574,-2.6856186,-0.01417814,0.22453415
8.825715,-8.920965,-2.6861448,-0.014003603,0.22614765
8.826941,-8.920365,-2.6866682,-0.013829066,0.22776113
8.828151,-8.919773,-2.6871886,-0.01365453,0.22937462
8.829346,-8.919189,-2.687706,-0.0134652015,0.23086987
8.8305235,-8.918614,-2.6882195,-0.013275873,0.23236513
8.831685,-8.918049,-2.688729,-0.013086545,0.23386037
8.832829,-8.917492,-2.6892345,-0.012905696,0.23529214
8.833959,-8.916944,-2.6897361,-0.0127248475,0.2367239
8.835072,-8.916403,-2.6902335,-0.012543999,0.23815566
8.836168,-8.915872,-2.6907265,-0.012372456,0.23951447
8.83725,-8.915348,-2.6912158,-0.0122009115,0.24087328
8.838317,-8.914832,-2.691701,-0.012029368,0.24223208
8.839368,-8.914324,-2.6921818,-0.011864739,0.24351925
8.840405,-8.913824,-2.6926587,-0.011700108,0.24480641
8.841428,-8.913331,-2.6931312,-0.011535477,0.24609357
8.842436,-8.912846,-2.6935997,-0.011377524,0.2473141
8.8434305,-8.912368,-2.694064,-0.01121957,0.2485346
8.844411,-8.911898,-2.6945238,-0.011061617,0.24975511
8.845377,-8.911434,-2.6949794,-0.010899861,0.25094116
8.84633,-8.910978,-2.6954305,-0.010738106,0.2521272
8.847268,-8.910529,-2.695877,-0.010576352,0.25331327
8.848191,-8.910089,-2.6963189,-0.010418398,0.25447765
8.849102,-8.909654,-2.696756,-0.010260444,0.25564203
8.8499975,-8.909226,-2.6971884,-0.010102491,0.2568064
8.85088,-8.908807,-2.6976159,-0.009957827,0.25791928
8.851749,-8.908393,-2.6980393,-0.0098131625,0.25903216
8.852606,-8.907986,-2.6984582,-0.009668499,0.26014507
8.85345,-8.907585,-2.6988728,-0.009530891,0.26119304
8.854282,-8.907191,-2.699283,-0.009393283,0.262241
8.855103,-8.906802,-2.6996887,-0.009255675,0.26328897
8.85591,-8.906421,-2.7000902,-0.009121982,0.2642836
8.856706,-8.906044,-2.7004874,-0.008988291,0.26527825
8.857491,-8.905674,-2.70088,-0.008854599,0.26627287
8.858263,-8.90531,-2.7012684,-0.008716376,0.26702815
8.859024,-8.904951,-2.7016518,-0.008578152,0.26778343
8.859772,-8.904599,-2.7020302,-0.008439929,0.26853868
8.860509,-8.904252,-2.7024033,-0.008274215,0.26919994
8.861231,-8.9039135,-2.70277,-0.008108501,0.2698612
8.8619375,-8.903582,-2.7031302,-0.007942787,0.27052242
8.862631,-8.903256,-2.703484,-0.0077788862,0.2711874
8.86331,-8.902938,-2.7038314,-0.007614985,0.2718524
8.863974,-8.902627,-2.7041721,-0.0074510844,0.27251738
8.864624,-8.902324,-2.7045064,-0.0073143207,0.27314824
8.865262,-8.902025,-2.7048354,-0.0071775564,0.27377912
8.865889,-8.901733,-2.7051587,-0.007040792,0.27440998
8.866503,-8.901446,-2.7054768,-0.0069746277,0.27449048
8.867111,-8.901163,-2.7057917,-0.006908463,0.27457097
8.867714,-8.900882,-2.706104,-0.006842298,0.27465144
8.868311,-8.900604,-2.7064133,-0.0067309006,0.27441657
8.868898,-8.9003315,-2.7067173,-0.0066195033,0.27418166
8.869476,-8.900063,-2.707016,-0.0065081054,0.27394676
8.870045,-8.899799,-2.7073095,-0.006342413,0.27382153
8.870599,-8.899542,-2.7075953,-0.0061767204,0.2736963
8.871138,-8.899292,-2.7078736,-0.006011028,0.27357104
8.871663,-8.899049,-2.7081442,-0.0058652125,0.27347675
8.872176,-8.898811,-2.708408,-0.0057193968,0.27338246
8.872676,-8.898581,-2.7086656,-0.005573581,0.27328813
8.873162,-8.8983555,-2.7089162,-0.0054504927,0.27319375
8.873639,-8.898135,-2.7091615,-0.0053274045,0.2730994
8.8741045,-8.897921,-2.709401,-0.005204316,0.273005
8.87456,-8.89771,-2.7096348,-0.005088713,0.2728907
8.875005,-8.897505,-2.7098634,-0.00497311,0.2727764
8.87544,-8.897305,-2.7100866,-0.0048575066,0.2726621
