2.894961,2.281905,-0.2351471,0.37209335,0.0
2.9311466,2.2732358,-0.2351471,0.39942276,0.098423004
2.9698017,2.2639747,-0.22860561,0.4267522,0.19684601
3.0105639,2.2544906,-0.21469511,0.45408162,0.295269
3.0530095,2.245235,-0.19267236,0.47922796,0.37544385
3.0967693,2.2366977,-0.1633847,0.5043743,0.45561868
3.1414585,2.2293305,-0.12639575,0.523,0.5357935
3.1860704,2.2236617,-0.08189511,0.523,0.49080232
3.232042,2.2198882,-0.04081053,0.523,0.44581115
3.2791913,2.217963,-0.003225145,0.523,0.40082
3.3273456,2.2178078,0.030784976,0.523,0.41477132
3.3751884,2.219281,0.06591146,0.523,0.42872265
3.4226518,2.222414,0.10214746,0.523,0.44267398
3.4696643,2.227233,0.13948593,0.523,0.41674554
3.5170236,2.233882,0.17476983,0.523,0.3908171
3.5646434,2.2422903,0.20797546,0.523,0.36488867
3.6124473,2.2523782,0.23908047,0.523,0.36047167
3.659994,2.2639675,0.26982552,0.523,0.35605466
3.70724,2.2770343,0.30021,0.523,0.35163763
3.7541437,2.2915542,0.3302333,0.523,0.34715557
3.8006663,2.3075013,0.35988954,0.523,0.34267348
3.84677,2.3248491,0.3891781,0.523,0.3381914
3.8924181,2.343569,0.4180984,0.523,0.3337486
3.9375758,2.3636324,0.44665304,0.523,0.32930583
3.9822104,2.3850095,0.47484156,0.523,0.32486305
4.0262914,2.4076703,0.5026633,0.523,0.31623614
4.0698495,2.431617,0.52977145,0.523,0.30760926
4.1128616,2.4568055,0.55616385,0.523,0.29898235
4.155309,2.4831913,0.5818386,0.523,0.29240635
4.1971483,2.5107133,0.606965,0.523,0.28583035
4.2383637,2.5393338,0.631542,0.523,0.27925435
4.278941,2.569015,0.65556854,0.523,0.26138186
4.318991,2.5998147,0.6780938,0.523,0.24350937
4.358519,2.6316552,0.6991105,0.523,0.22563688
4.397536,2.664459,0.7186121,0.523,0.21687135
4.435981,2.6980836,0.73736817,0.523,0.2081058
4.47386,2.7324884,0.7553774,0.523,0.19934027
4.511181,2.7676334,0.77263844,0.523,0.17947383
4.54803,2.8035538,0.7881987,0.523,0.15960738
4.5844393,2.8401675,0.80205214,0.523,0.13974094
4.6204457,2.8773935,0.8141933,0.523,0.12823759
4.6560526,2.9151123,0.82534075,0.523,0.116734244
4.6912866,2.9532797,0.83549297,0.523,0.10523089
4.726176,2.9918523,0.84464866,0.51986414,0.07778227
4.76059,3.030607,0.85138124,0.51672834,0.050333656
4.7945967,3.0694256,0.8557142,0.5135925,0.022885036
4.828263,3.1081936,0.857673,0.5082014,0.0012065351
4.8615093,3.14663,0.85777515,0.50281036,-0.020471966
4.8943925,3.1846542,0.85605973,0.4974193,-0.042150468
4.926965,3.2221892,0.85256636,0.48467273,-0.045264184
4.9588265,3.2586462,0.8489112,0.47192615,-0.0483779
4.989975,3.294026,0.84510756,0.45917958,-0.05149162
5.020408,3.3283288,0.84116864,0.44279274,-0.056863464
5.0498767,3.3612823,0.83697444,0.42640588,-0.062235307
5.078378,3.3928866,0.8325544,0.410019,-0.06760715
5.105909,3.4231446,0.82793784,0.40483892,-0.11241802
5.1331196,3.4527743,0.82036865,0.3996588,-0.15722889
5.160038,3.4816446,0.8099387,0.39447868,-0.20203975
5.1866856,3.5096335,0.79674554,0.38435122,-0.19387898
5.21305,3.536603,0.7844036,0.37422377,-0.1857182
5.2390823,3.5625837,0.7728867,0.36409628,-0.17755741
5.264738,3.5876052,0.7621686,0.35281092,-0.18064658
5.289843,3.6115701,0.7516039,0.34152558,-0.18373576
5.314375,3.6344974,0.74120426,0.33024022,-0.18682492
5.338311,3.6564064,0.7309811,0.31805936,-0.17905316
5.361613,3.6773007,0.72154015,0.30587852,-0.1712814
5.3842416,3.6972096,0.71285087,0.29369766,-0.16350962
5.4061637,3.716161,0.7048828,0.2903219,-0.16575933
5.427974,3.7347145,0.6968989,0.28694612,-0.16800901
5.4496684,3.7528725,0.68890166,0.28357032,-0.1702587
5.471242,3.7706382,0.6808938,0.2794044,-0.12064363
5.492794,3.7880986,0.67528933,0.27523845,-0.07102856
5.514223,3.805261,0.6720338,0.27107254,-0.021413486
5.535431,3.8221335,0.6710664,0.2652142,-0.010339576
5.5562005,3.8386242,0.6706094,0.25935587,0.00073433516
5.5765195,3.8547423,0.6706411,0.25349754,0.011808246
