-6.7990355,9.4832535,-0.7583808,0.8966779,0.0
-6.7339416,9.421585,-0.7583808,0.523,-0.098677345
-6.696159,9.385791,-0.7669682,0.49417278,-0.19735469
-6.661268,9.352162,-0.7831174,0.4653456,-0.29603204
-6.629723,9.320761,-0.8057431,0.49107742,-0.2536729
-6.5968003,9.286471,-0.8262833,0.5168092,-0.21131378
-6.5625596,9.24931,-0.8443496,0.523,-0.16895466
-6.528316,9.21077,-0.8590069,0.5221897,-0.16435154
-6.4946666,9.171762,-0.8732463,0.5213793,-0.15974844
-6.4616027,9.132312,-0.887069,0.52056897,-0.15514532
-6.429114,9.092441,-0.9004757,0.51790977,-0.14964037
-6.397299,9.05231,-0.9133442,0.5152506,-0.14413542
-6.3661385,9.011948,-0.925679,0.5125914,-0.13863045
-6.3356123,8.971383,-0.9374846,0.50654364,-0.13498363
-6.305907,8.930923,-0.94884586,0.5004958,-0.13133681
-6.276998,8.890596,-0.95977,0.494448,-0.12768997
-6.2488623,8.850429,-0.9702641,0.4920042,-0.12813412
-6.2212877,8.810169,-0.98074245,0.4895604,-0.12857826
-6.1942735,8.769827,-0.99120474,0.48711658,-0.1290224
-6.1678166,8.729409,-1.0016505,0.4841371,-0.14406563
-6.141996,8.68905,-1.013235,0.48115757,-0.15910886
-6.1168585,8.648737,-1.0259405,0.47817808,-0.17415209
-6.0924497,8.608461,-1.0397497,0.4712246,-0.18762194
-6.069004,8.568542,-1.0543989,0.46427113,-0.20109177
-6.0465426,8.528982,-1.0698544,0.45731765,-0.21456161
-6.0250835,8.489789,-1.0860829,0.44140032,-0.20849426
-6.0049615,8.45158,-1.1013104,0.425483,-0.20242691
-5.9861045,8.41441,-1.1155673,0.40956566,-0.19635957
-5.9684434,8.378331,-1.128885,0.39273185,-0.1747888
-5.9519033,8.343371,-1.1402677,0.37589803,-0.15321803
-5.936399,8.309612,-1.1498293,0.35906422,-0.13164727
-5.921853,8.277124,-1.1576849,0.336912,-0.11144295
-5.9084115,8.246459,-1.1639297,0.3147598,-0.09123863
-5.896007,8.217672,-1.1687094,0.2926076,-0.07103432
-5.884585,8.190813,-1.1721708,0.2717645,-0.08034189
-5.8740706,8.165849,-1.1758058,0.2509214,-0.08964947
-5.864454,8.142781,-1.1795499,0.23007831,-0.09895705
-5.855723,8.121616,-1.1833384,0.20822145,-0.058439177
-5.847869,8.10237,-1.1853653,0.18636459,-0.01792131
-5.8408637,8.085104,-1.1859219,0.16450775,0.022596557
-5.8346887,8.06986,-1.1853024,0.14787635,0.06966439
-5.829142,8.056191,-1.1835868,0.13124496,0.116732225
-5.8242197,8.044121,-1.1810392,0.11461358,0.16380006
-5.819923,8.033661,-1.1779243,0.11116755,0.13854629
-5.8157077,8.02349,-1.1753654,0.10772153,0.11329251
-5.811585,8.013613,-1.1733358,0.10427551,0.088038735
-5.8075643,8.004035,-1.1718078,0.09546916,0.09538824
-5.8038726,7.9952784,-1.1702923,0.08666282,0.10273774
-5.8005114,7.98734,-1.168811,0.07785647,0.110087246
-5.797484,7.9802184,-1.1673853,0.07548873,0.08115537
-5.79453,7.973298,-1.1663654,0.07312099,0.052223485
-5.7916565,7.966585,-1.1657293,0.070753254,0.023291606
-5.7888694,7.960084,-1.1654546,0.06323574,0.022612298
-5.7863765,7.9542747,-1.1652163,0.055718217,0.02193299
-5.7841783,7.949156,-1.1650127,0.0482007,0.02125368
-5.782276,7.9447284,-1.1648419,0.0473315,-0.012978124
-5.7804074,7.94038,-1.1649443,0.046462297,-0.04720993
-5.778575,7.936116,-1.1653098,0.045593094,-0.08144174
-5.7767825,7.9319406,-1.165928,0.040184636,-0.04558587
-5.7752013,7.928251,-1.1662332,0.034776174,-0.009730006
-5.7738323,7.925054,-1.1662896,0.029367715,0.02612586
-5.772677,7.922355,-1.1661617,0.033578567,-0.02527004
-5.7713556,7.919269,-1.166303,0.037789423,-0.07666594
-5.7698727,7.9158053,-1.1667855,0.042000275,-0.12806183
-5.768235,7.9119754,-1.1676794,0.035316296,-0.067136236
-5.766853,7.908734,-1.1680744,0.028632315,-0.006210631
-5.765731,7.9061,-1.1681039,0.021948334,0.05471497
-5.7648716,7.9040837,-1.1679039,0.02611177,-0.0048300326
-5.763848,7.9016814,-1.167925,0.030275205,-0.064375035
-5.7626634,7.8989024,-1.1682496,0.03443864,-0.12392004
-5.761325,7.895758,-1.168959,0.029679103,-0.0687285
-5.7601666,7.893033,-1.1692986,0.024919564,-0.01353696
-5.759193,7.8907394,-1.1693549,0.020160025,0.04165458
-5.7584057,7.888885,-1.169215,0.023141332,-0.009229851
-5.757501,7.8867555,-1.1692506,0.026122639,-0.060114283
-5.756482,7.884355,-1.1695122,0.029103948,-0.11099871
-5.7553525,7.8816924,-1.1700494,0.025872584,-0.06481546
-5.7543454,7.8793154,-1.1703287,0.022641223,-0.018632209
-5.753463,7.8772306,-1.1703991,0.01940986,0.027551044
-5.7527065,7.875444,-1.17031,0.021206014,-0.01413436
-5.7518797,7.8734913,-1.17036,0.023002166,-0.05581976
-5.7509847,7.871376,-1.1705738,0.02479832,-0.09750517
-5.750023,7.869103,-1.1709762,0.022851394,-0.06149156
-5.749135,7.8670025,-1.1712102,0.020904468,-0.025477957
-5.748322,7.865077,-1.171299,0.018957542,0.010535645
-5.747585,7.863331,-1.1712657,0.020016689,-0.022978712
-5.746806,7.8614874,-1.1713424,0.021075837,-0.056493066
-5.745988,7.8595486,-1.1715406,0.022134984,-0.090007424
-5.745131,7.8575172,-1.1718723,0.020786649,-0.05973203
-5.744325,7.8556056,-1.1720791,0.019438311,-0.02945664
-5.743571,7.853815,-1.1721745,0.018089976,0.00081875327
-5.7428684,7.8521476,-1.1721721,0.018727474,-0.027522225
-5.7421417,7.8504224,-1.1722579,0.01936497,-0.0558632
-5.7413917,7.8486404,-1.1724381,0.020002468,-0.08420418
-5.740618,7.846803,-1.1727185,0.01862292,-0.05759912
-5.7398977,7.8450894,-1.1728972,0.01724337,-0.030994063
-5.7392297,7.8435006,-1.1729863,0.015863823,-0.0043890057
-5.738615,7.842038,-1.1729978,0.016589511,-0.03136558
-5.7379727,7.8405094,-1.1730846,0.0173152,-0.05834215
-5.7373033,7.838916,-1.1732528,0.018040886,-0.08531873
-5.7366076,7.8372583,-1.1735091,0.016611004,-0.058089107
-5.7359657,7.8357296,-1.1736698,0.015181122,-0.030859489
-5.735379,7.83433,-1.1737479,0.01375124,-0.0036298693
-5.734847,7.833062,-1.1737561,0.014548068,-0.0315455
-5.734285,7.831721,-1.1738327,0.0153448945,-0.059461135
-5.7336926,7.8303084,-1.1739846,0.016141722,-0.087376766
-5.7330713,7.8288255,-1.1742194,0.014732134,-0.059125952
-5.7325034,7.827469,-1.1743644,0.013322545,-0.03087514
-5.731989,7.8262405,-1.174433,0.011912957,-0.0026243269
-5.731529,7.8251414,-1.1744382,0.012763349,-0.031453125
-5.7310367,7.8239646,-1.1745051,0.013613742,-0.060281925
-5.730512,7.822711,-1.1746418,0.014464134,-0.089110725
-5.729956,7.821382,-1.1748564,0.013086021,-0.059832044
-5.7294526,7.8201766,-1.1749868,0.011707908,-0.03055336
-5.729001,7.819097,-1.1750464,0.010329793,-0.0012746751
-5.728603,7.818144,-1.1750486,0.011216621,-0.030935466
-5.728171,7.8171096,-1.1751064,0.012103449,-0.060596257
-5.727705,7.8159947,-1.1752286,0.012990276,-0.09025705
-5.7272067,7.8148007,-1.1754237,0.011651683,-0.06023257
-5.7267585,7.8137274,-1.1755406,0.010313089,-0.030208087
-5.7263618,7.812776,-1.1755925,0.008974494,-0.00018360614
-5.726016,7.811948,-1.1755928,0.009887351,-0.030348849
-5.7256355,7.8110356,-1.1756428,0.010800206,-0.060514092
-5.7252207,7.810041,-1.1757517,0.011713062,-0.09067933
-5.724772,7.8089643,-1.1759285,0.010421876,-0.060468055
-5.7243714,7.808004,-1.1760334,0.009130688,-0.030256772
-5.7240205,7.8071613,-1.1760795,0.007839502,-4.5490266e-05
-5.723719,7.806438,-1.1760795,0.00876294,-0.030302156
-5.7233825,7.8056293,-1.1761237,0.009686378,-0.06055882
-5.7230105,7.8047366,-1.1762215,0.010609816,-0.090815485
-5.7226043,7.8037615,-1.1763818,0.009457947,-0.06125169
-5.722242,7.80289,-1.1764784,0.008306078,-0.031687893
-5.721923,7.802123,-1.1765223,0.0071542086,-0.0021240949
-5.7216477,7.8014627,-1.1765248,0.008015362,-0.03133104
-5.72134,7.800723,-1.1765666,0.008876516,-0.060537983
-5.7209997,7.799905,-1.1766561,0.0097376695,-0.089744925
-5.7206273,7.7990093,-1.1768016,0.008729692,-0.061534654
-5.720293,7.798205,-1.176891,0.0077217137,-0.033324383
-5.719997,7.7974925,-1.1769339,0.006713736,-0.0051141144
-5.719739,7.796872,-1.1769396,0.007462519,-0.032501526
-5.719453,7.7961836,-1.17698,0.008211303,-0.059888937
-5.719138,7.795427,-1.1770619,0.008960086,-0.08727635
-5.718796,7.7946024,-1.1771921,0.00811848,-0.061453946
-5.7184854,7.793854,-1.1772752,0.007276875,-0.035631545
-5.7182064,7.7931824,-1.1773185,0.006435269,-0.009809142
-5.7179594,7.792588,-1.177329,0.0070471917,-0.034362882
-5.7176895,7.791938,-1.1773692,0.0076591144,-0.05891662
-5.7173963,7.7912316,-1.1774445,0.008271038,-0.08347036
-5.7170806,7.79047,-1.1775594,0.0076209363,-0.06109602
-5.7167892,7.7897677,-1.177637,0.006970835,-0.038721673
-5.716522,7.789124,-1.1776819,0.0063207336,-0.01634733
-5.71628,7.7885404,-1.1776991,0.0068143387,-0.036822386
-5.716019,7.7879114,-1.1777409,0.007307944,-0.05729744
-5.7157397,7.787237,-1.1778107,0.007801549,-0.07777249
-5.7154417,7.786519,-1.1779118,0.0073609604,-0.060203988
-5.715161,7.78584,-1.1779855,0.0069203717,-0.04263548
-5.7148957,7.7852015,-1.1780347,0.006479783,-0.025066977
-5.7146482,7.7846026,-1.1780617,0.0068959044,-0.03977708
-5.7143846,7.783966,-1.1781075,0.0073120263,-0.054487187
-5.714105,7.783292,-1.1781738,0.007728148,-0.06919729
-5.71381,7.7825794,-1.178263,0.0074902126,-0.057620138
-5.713524,7.7818885,-1.1783348,0.0072522773,-0.046042986
-5.713247,7.781219,-1.1783904,0.007014342,-0.03446583
-5.712979,7.7805715,-1.1784307,0.007301217,-0.043438505
-5.7127,7.779897,-1.1784835,0.007588092,-0.05241118
-5.71241,7.779197,-1.1785498,0.007874967,-0.061383855
-5.7121096,7.778471,-1.1786304,0.0076984037,-0.054183997
-5.711816,7.7777605,-1.1786999,0.007521841,-0.046984136
-5.711529,7.777066,-1.1787587,0.0073452783,-0.039784275
-5.7112484,7.776388,-1.1788074,0.007550439,-0.045295365
-5.7109604,7.775691,-1.1788644,0.007755599,-0.05080645
-5.7106643,7.7749753,-1.17893,0.007960759,-0.056317538
-5.7103605,7.7742405,-1.1790047,0.007854065,-0.051688652
-5.710061,7.7735157,-1.1790723,0.0077473703,-0.047059767
-5.709766,7.7728004,-1.179133,0.0076406756,-0.042430885
-5.7094746,7.7720947,-1.179187,0.0077880146,-0.045907367
-5.7091775,7.7713757,-1.1792467,0.007935354,-0.04938385
-5.708875,7.770643,-1.1793119,0.0080826925,-0.05286033
-5.708567,7.769897,-1.1793832,0.008030969,-0.049837876
-5.708261,7.7691555,-1.1794498,0.007979245,-0.046815418
-5.707957,7.768419,-1.179512,0.007927521,-0.043792963
-5.707655,7.767687,-1.1795698,0.008039345,-0.04596768
-5.707349,7.7669444,-1.1796315,0.008151168,-0.048142396
-5.7070384,7.7661915,-1.1796968,0.008262991,-0.050317116
-5.7067237,7.7654285,-1.179766,0.008247699,-0.048319288
-5.70641,7.764667,-1.1798325,0.008232406,-0.04632146
-5.706096,7.7639065,-1.179896,0.008217114,-0.04432363
-5.7057834,7.763148,-1.1799567,0.0083074225,-0.045661144
-5.705467,7.7623806,-1.1800199,0.008397731,-0.04699866
-5.7051477,7.761605,-1.1800857,0.008488039,-0.048336178
-5.704825,7.760821,-1.180154,0.008497398,-0.04699258
-5.7045016,7.760036,-1.1802205,0.008506757,-0.045648985
-5.7041783,7.75925,-1.1802852,0.008516116,-0.04430539
-5.7038546,7.7584634,-1.180348,0.008593911,-0.04510221
-5.7035275,7.7576694,-1.1804127,0.008671706,-0.045899026
-5.703198,7.7568684,-1.1804789,0.008749501,-0.046695847
-5.7028656,7.75606,-1.180547,0.008775976,-0.045769103
-5.702532,7.7552495,-1.180614,0.008802451,-0.044842355
-5.7021976,7.754436,-1.1806797,0.008828926,-0.04391561
-5.701862,7.7536206,-1.1807443,0.008900047,-0.044361938
-5.701524,7.752798,-1.1808101,0.00897117,-0.04480826
-5.7011833,7.7519693,-1.1808771,0.009042291,-0.045254588
-5.70084,7.751134,-1.1809453,0.009081162,-0.044592105
-5.7004952,7.7502947,-1.1810127,0.009120032,-0.043929625
-5.700149,7.7494516,-1.1810795,0.009158902,-0.043267142
-5.6998014,7.7486053,-1.1811455,0.009227138,-0.043484725
-5.699451,7.7477527,-1.1812123,0.009295373,-0.043702304
-5.6990986,7.7468934,-1.18128,0.009363608,-0.043919884
-5.6987433,7.746028,-1.1813486,0.009411878,-0.043423545
-5.698386,7.745158,-1.1814166,0.009460147,-0.042927206
-5.698027,7.7442837,-1.1814843,0.009508416,-0.042430867
-5.6976666,7.743405,-1.1815516,0.009576362,-0.042497914
-5.697304,7.74252,-1.1816194,0.009644307,-0.042564966
-5.696938,7.741628,-1.1816877,0.009712253,-0.042632014
-5.69657,7.7407303,-1.1817567,0.009768161,-0.042238325
-5.6962,7.7398276,-1.1818255,0.009824068,-0.041844636
-5.6958275,7.7389193,-1.181894,0.0098799765,-0.041450948
