6.98618,2.753149,-1.5153222,0.14152583,0.0
6.9869647,2.7390182,-1.5153222,0.11818178,0.09111698
6.987617,2.727267,-1.51353,0.094837725,0.18223396
6.988151,2.7179556,-1.5106654,0.07149366,0.27335092
6.988565,2.7110841,-1.5074487,0.050065335,0.33055812
6.9888644,2.7063582,-1.5047405,0.028637005,0.3877653
6.9890394,2.703713,-1.5029358,0.007208677,0.44497246
6.989084,2.7030637,-1.5024185,0.007970746,0.43279266
6.989133,2.7023418,-1.5018615,0.008732815,0.42061287
6.989188,2.7015464,-1.5012671,0.009494885,0.40843308
6.9892488,2.7006772,-1.5006386,0.0050186943,0.4009254
6.9892807,2.7002163,-1.5003121,0.0005425038,0.3934177
6.9892845,2.7001662,-1.5002775,-0.0039336868,0.38590997
6.989259,2.7005298,-1.5005243,-0.008021885,0.3672198
6.9892063,2.7012768,-1.5010042,-0.012110082,0.3485296
6.9891267,2.7024121,-1.5016936,-0.016198281,0.32983944
6.989021,2.703941,-1.502568,-0.024242908,0.30100572
6.988863,2.706251,-1.503766,-0.032287538,0.27217203
6.988655,2.709354,-1.5052125,-0.040332165,0.24333833
6.9883986,2.7132597,-1.5068321,-0.053897914,0.19423386
6.9880605,2.7185373,-1.508566,-0.06746366,0.14512941
6.987645,2.7252,-1.5101922,-0.08102941,0.096024945
6.987157,2.7332509,-1.5114869,-0.09918706,0.023969252
6.986569,2.7431493,-1.5118831,-0.117344715,-0.048086442
6.985879,2.7548497,-1.510943,-0.13550237,-0.12014213
6.985074,2.7682781,-1.5082363,-0.15991175,-0.21074282
6.9840965,2.783885,-1.5026611,-0.18432114,-0.3
6.9828978,2.801453,-1.4935826,-0.20873052,-0.3
6.9813595,2.8213344,-1.483302,-0.22980908,-0.3
6.979441,2.843205,-1.4719831,-0.25088763,-0.3
6.9770765,2.8670561,-1.4596261,-0.2719662,-0.3
6.974194,2.8928778,-1.4462308,-0.28455916,-0.3
6.9708166,2.919852,-1.4322153,-0.2971521,-0.3
6.966895,2.947968,-1.4175795,-0.30974507,-0.3
6.962379,2.9772124,-1.4023236,-0.3205077,-0.3
6.957245,3.0073981,-1.3865374,-0.33127034,-0.3
6.951446,3.0385098,-1.3702213,-0.34203297,-0.3
6.9449363,3.0705304,-1.353375,-0.3524466,-0.3
6.937673,3.1034083,-1.3360158,-0.3628602,-0.3
6.929609,3.1371226,-1.3181437,-0.37327382,-0.3
6.920695,3.1716506,-1.2997588,-0.38362798,-0.3
6.9108825,3.206962,-1.2808638,-0.3939821,-0.3
6.900122,3.2430298,-1.2614589,-0.40433624,-0.3
6.888363,3.279824,-1.2415439,-0.4125643,-0.3
6.875619,3.3171208,-1.2212237,-0.42079234,-0.3
6.8618507,3.3548892,-1.2004983,-0.4290204,-0.3
6.8470182,3.393097,-1.1793675,-0.43288603,-0.3
6.8312407,3.4313242,-1.1580465,-0.43675163,-0.3
6.8145037,3.469545,-1.136535,-0.44061726,-0.3
6.7967935,3.5077314,-1.1148331,-0.4410866,-0.3
6.7782383,3.5455651,-1.0931082,-0.44155595,-0.3
6.758846,3.5830266,-1.07136,-0.44202527,-0.3
6.738621,3.6200967,-1.0495888,-0.44141275,-0.3
6.7176237,3.6566672,-1.0278478,-0.4408002,-0.3
6.6958666,3.6927223,-1.0061368,-0.44018766,-0.3
6.6733627,3.7282472,-0.98445606,-0.43926448,-0.3
6.650143,3.7632024,-0.9628208,-0.4383413,-0.3
6.626223,3.797575,-0.9412311,-0.4374181,-0.3
6.6016183,3.8313515,-0.91968673,-0.43615305,-0.3
6.576365,3.8644943,-0.89820474,-0.43488798,-0.3
6.5504813,3.8969922,-0.87678504,-0.43362293,-0.3
6.5239844,3.9288356,-0.8554276,-0.43205598,-0.3
6.4969115,3.9599926,-0.83414745,-0.43048903,-0.3
6.4692826,3.9904559,-0.8129444,-0.4289221,-0.3
6.441117,4.020218,-0.79181856,-0.42722028,-0.3
6.412443,4.049262,-0.7707765,-0.42551845,-0.3
6.3832808,4.077584,-0.74981827,-0.42381665,-0.3
6.3536506,4.105177,-0.7289439,-0.42213506,-0.3
6.3235707,4.1320386,-0.7081523,-0.4204535,-0.3
6.2930613,4.158165,-0.68744355,-0.4187719,-0.3
6.262141,4.183552,-0.6668176,-0.417195,-0.3
6.230822,4.2082024,-0.6462694,-0.4156181,-0.3
6.199124,4.2321134,-0.62579876,-0.4140412,-0.3
6.167065,4.2552824,-0.60540587,-0.41263556,-0.3
6.1346507,4.2777166,-0.5850822,-0.41122994,-0.3
6.1018987,4.299413,-0.56482774,-0.4098243,-0.3
6.068828,4.32037,-0.5446425,-0.40859404,-0.3
6.0354414,4.3405943,-0.52451783,-0.40736377,-0.3
6.001756,4.360084,-0.50445384,-0.4061335,-0.3
5.9677896,4.3788366,-0.48445037,-0.40490693,-0.3
5.9335585,4.396852,-0.46450734,-0.40368035,-0.3
5.89908,4.4141283,-0.44462472,-0.4024538,-0.3
5.86437,4.4306655,-0.4248025,-0.40126088,-0.3
5.829443,4.4464645,-0.40503907,-0.40006796,-0.3
5.794316,4.4615254,-0.38533437,-0.39887503,-0.3
5.759004,4.475848,-0.36568844,-0.39778745,-0.3
5.7235146,4.4894376,-0.34609607,-0.39669988,-0.3
5.687864,4.5022936,-0.32655725,-0.39561233,-0.3
5.6520667,4.514417,-0.307072,-0.39465287,-0.3
5.6161275,4.5258136,-0.28763404,-0.39369342,-0.3
5.580062,4.5364833,-0.2682433,-0.392734,-0.3
5.5438843,4.5464272,-0.24889983,-0.39159182,-0.3
5.507627,4.555643,-0.22961262,-0.39044964,-0.3
5.471305,4.5641327,-0.21038166,-0.38930747,-0.3
5.4349327,4.5718994,-0.19120696,-0.38867795,-0.3
5.3984776,4.578956,-0.17206326,-0.38804844,-0.3
5.3619537,4.5853033,-0.15295057,-0.38741893,-0.3
5.325374,4.5909424,-0.13386889,-0.38717216,-0.3
5.288717,4.595879,-0.11479935,-0.38692543,-0.3
5.251996,4.6001134,-0.09574197,-0.38667867,-0.3
5.2152243,4.603645,-0.076696746,-0.3866561,-0.3
5.1783943,4.606475,-0.057652626,-0.38663357,-0.3
5.141519,4.6086035,-0.038609624,-0.386611,-0.3
5.1046124,4.6100287,-0.019567728,-0.38673788,-0.3
5.0676727,4.6107516,-0.0005195843,-0.38686475,-0.3
5.030714,4.610771,0.018534807,-0.38699162,-0.3
4.9937496,4.610086,0.037595447,-0.38817516,-0.3
4.956692,4.608692,0.056714382,-0.38935873,-0.3
4.919555,4.6065836,0.07589161,-0.39054227,-0.3
4.882353,4.6037545,0.09512713,-0.39197814,-0.3
4.8450747,4.600198,0.11443338,-0.39341402,-0.3
4.8077364,4.5959063,0.13381034,-0.39484987,-0.3
4.7703524,4.5908737,0.15325803,-0.39616355,-0.3
4.732949,4.5850964,0.17277041,-0.3974772,-0.3
4.695542,4.5785685,0.19234751,-0.39879087,-0.3
4.6581464,4.5712852,0.2119893,-0.4000661,-0.3
4.6207824,4.563244,0.23169391,-0.40134135,-0.3
4.583465,4.5544395,0.25146133,-0.4026166,-0.3
4.5462112,4.544869,0.27129152,-0.40428305,-0.3
4.5090013,4.534519,0.29120383,-0.40594953,-0.3
4.4718523,4.5233846,0.31119823,-0.40761602,-0.3
4.4347816,4.511461,0.3312747,-0.40994433,-0.3
4.3977475,4.498723,0.35146582,-0.41227263,-0.3
4.3607693,4.485163,0.37177163,-0.41460097,-0.3
4.323867,4.470775,0.39219213,-0.4189402,-0.3
4.286883,4.4554777,0.41282636,-0.4232794,-0.3
4.249842,4.4392543,0.43367428,-0.42761862,-0.3
4.2127724,4.4220877,0.45473593,-0.4333676,-0.3
4.175578,4.4039035,0.47608075,-0.43911663,-0.3
4.138293,4.3846774,0.49770874,-0.44486564,-0.3
4.1009493,4.3643875,0.5196199,-0.45165223,-0.3
4.0634966,4.3429627,0.5418652,-0.45843878,-0.3
4.0259743,4.3203754,0.5644449,-0.46522537,-0.3
3.9884233,4.2966,0.58735883,-0.4729078,-0.3
3.9508164,4.2715635,0.61065114,-0.48059025,-0.3
3.9132013,4.245237,0.6343218,-0.48827267,-0.3
3.875629,4.2175927,0.6583709,-0.49657807,-0.3
3.8381045,4.1885676,0.682829,-0.50488347,-0.3
3.8006854,4.158133,0.70769626,-0.51318884,-0.3
3.7634318,4.126261,0.7329725,-0.5224631,-0.3
3.7263372,4.0928655,0.75870556,-0.523,-0.3
3.6900768,4.058491,0.7844651,-0.523,-0.3
3.654714,4.0231943,0.8102246,-0.523,-0.3
3.620272,3.986998,0.8359841,-0.523,-0.3
3.5867736,3.9499269,0.8617436,-0.523,-0.3
3.5542412,3.9120052,0.88750315,-0.523,-0.3
3.5226965,3.873258,0.91326267,-0.523,-0.3
3.49216,3.8337116,0.9390222,-0.523,-0.3
3.4626524,3.7933915,0.9647817,-0.523,-0.3
3.434193,3.7523248,0.99054116,-0.523,-0.3
3.4068007,3.7105386,1.0163007,-0.523,-0.3
3.380494,3.6680608,1.0420603,-0.523,-0.3
3.35529,3.6249197,1.0678197,-0.523,-0.3
3.3312056,3.5811434,1.0935792,-0.523,-0.3
3.3082566,3.5367615,1.1193388,-0.523,-0.3
3.2864583,3.4918032,1.1450982,-0.523,-0.3
3.2658253,3.4462984,1.1708578,-0.523,-0.3
3.2463713,3.4002771,1.1966172,-0.523,-0.3
3.228109,3.3537703,1.2223768,-0.523,-0.3
3.2110505,3.3068082,1.2481363,-0.523,-0.3
3.1952074,3.2594225,1.2738959,-0.523,-0.3
3.18059,3.2116444,1.2996553,-0.523,-0.3
3.1672082,3.1635058,1.3254148,-0.523,-0.3
3.1550705,3.1150384,1.3511744,-0.523,-0.3
3.1441853,3.0662744,1.3769338,-0.523,-0.3
3.1345596,3.0172462,1.4026934,-0.523,-0.3
3.1262,2.9679866,1.4284528,-0.523,-0.3
3.119112,2.9185276,1.4542124,-0.523,-0.3
3.1133,2.8689027,1.4799719,-0.523,-0.3
3.1087685,2.8191447,1.5057315,-0.523,-0.3
3.1055198,2.7692862,1.5314909,-0.523,-0.3
3.1035564,2.7193608,1.5572504,-0.523,-0.3
3.1028798,2.6694012,1.58301,-0.523,-0.3
3.1034899,2.6194408,1.6087694,-0.523,-0.3
3.1053867,2.5695128,1.634529,-0.523,-0.3
3.108569,2.5196502,1.6602885,-0.523,-0.3
3.1130345,2.469886,1.686048,-0.523,-0.3
3.1187801,2.4202533,1.7118075,-0.523,-0.3
3.1258023,2.3707852,1.7375671,-0.523,-0.3
3.1340961,2.3215144,1.7633265,-0.523,-0.3
3.1436565,2.2724733,1.789086,-0.523,-0.3
3.1544766,2.2236948,1.8148456,-0.523,-0.3
3.1665497,2.1752114,1.840605,-0.523,-0.3
3.1798675,2.127055,1.8663646,-0.523,-0.3
3.1944213,2.0792575,1.892124,-0.523,-0.3
3.2102013,2.0318506,1.9178836,-0.523,-0.3
3.227197,1.984866,1.9436431,-0.523,-0.3
3.2453973,1.9383347,1.9694027,-0.5218366,-0.3
3.264747,1.8923901,1.9951048,-0.52067316,-0.3
3.2852252,1.8470592,2.0207498,-0.51950973,-0.3
3.3068109,1.8023684,2.0463374,-0.5145269,-0.29063028
3.329379,1.758543,2.070911,-0.5095441,-0.28126058
3.3528528,1.7155861,2.094483,-0.50456125,-0.27189088
3.377158,1.6734971,2.1170666,-0.50246125,-0.24041036
3.4025102,1.6317981,2.137006,-0.5003612,-0.20892985
3.4287677,1.5904889,2.1543028,-0.49826112,-0.17744933
3.4557886,1.5495602,2.1689618,-0.50047064,-0.15986472
3.483612,1.5087302,2.1822395,-0.5026802,-0.14228012
3.5121768,1.4679856,2.1941197,-0.50488967,-0.1246955
3.5414202,1.4273098,2.2045853,-0.50526536,-0.100933634
3.5711899,1.3868033,2.2130706,-0.50564104,-0.077171765
3.6013885,1.3464352,2.2195678,-0.50601673,-0.053409897
3.631919,1.306172,2.2240698,-0.5069058,-0.035565175
3.6627085,1.2659441,2.227074,-0.50779486,-0.01772045
3.693688,1.2257195,2.2285736,-0.5086839,0.00012427568
3.7247868,1.1854646,2.228563,-0.5129935,0.01283058
3.7561462,1.1448717,2.227466,-0.5173031,0.025536884
3.7877164,1.1039131,2.2252648,-0.5216127,0.038243186
3.8194456,1.0625601,2.2219408,-0.523,0.061797105
3.851084,1.0210406,2.2165575,-0.523,0.08535103
3.882444,0.97942364,2.209127,-0.523,0.10890494
3.9134226,0.93767077,2.1996527,-0.523,0.13362072
3.9439123,0.8957527,2.18804,-0.523,0.1583365
3.9738042,0.8536368,2.174296,-0.523,0.18305229
4.0029902,0.8112948,2.158429,-0.523,0.20534584
4.0313754,0.7686823,2.140655,-0.523,0.2276394
4.058864,0.72578293,2.1209836,-0.523,0.24993296
4.0853596,0.68258625,2.099424,-0.523,0.27205592
4.110767,0.6390862,2.076001,-0.523,0.2941789
4.1349916,0.59528583,2.0507267,-0.523,0.31630185
4.157942,0.5511957,2.0236132,-0.523,0.33479792
4.1795526,0.5067778,1.9949721,-0.523,0.35329396
4.199748,0.4620566,1.9648132,-0.523,0.37179
4.2184544,0.41706353,1.9331471,-0.523,0.3743304
4.2357097,0.37154603,1.9012746,-0.523,0.3768708
4.2514896,0.3255479,1.8691962,-0.523,0.37941122
4.265772,0.2791142,1.8369119,-0.523,0.37766868
4.278557,0.23221117,1.8047688,-0.523,0.37592614
4.2898355,0.18488888,1.772767,-0.523,0.3741836
4.299601,0.13719724,1.7409065,-0.523,0.37304533
4.307846,0.089197315,1.7091383,-0.523,0.37190706
4.314565,0.04093827,1.6774626,-0.523,0.3707688
4.3197546,-0.007530852,1.6458793,-0.523,0.37182608
4.32341,-0.056119673,1.6142101,-0.523,0.37288335
4.325524,-0.104779765,1.582455,-0.523,0.37394065
4.3260913,-0.15346228,1.5506142,-0.523,0.36968923
4.325107,-0.20221893,1.5191187,-0.523,0.3654378
4.322584,-0.25100023,1.487969,-0.523,0.3611864
4.3185363,-0.29975802,1.4571657,-0.523,0.35772702
4.3129816,-0.34843123,1.4266446,-0.523,0.3542677
4.305935,-0.39697468,1.3964062,-0.523,0.35080832
4.2974133,-0.44534442,1.3664508,-0.50615126,0.34413806
4.2877445,-0.49200046,1.3379893,-0.4893025,0.3374678
4.2770925,-0.5369253,1.3109882,-0.47245374,0.33079752
4.2656136,-0.58010954,1.2854129,-0.44776765,0.340623
4.2537317,-0.6206068,1.2604816,-0.42308158,0.35044846
4.2415977,-0.6584455,1.2362729,-0.39839548,0.36027393
4.2293577,-0.6936607,1.2128651,-0.37107107,0.3763563
4.2172675,-0.7259835,1.1901349,-0.34374666,0.39243865
4.2054667,-0.75547147,1.1682243,-0.31642225,0.40852103
4.19409,-0.7821884,1.1472744,-0.2893657,0.4198658
4.183231,-0.8062771,1.127615,-0.26230916,0.43121052
4.1730123,-0.8278047,1.1093421,-0.23525262,0.44255525
4.1635466,-0.84684,1.092551,-0.21490304,0.4666826
4.154714,-0.86387897,1.0764358,-0.19455345,0.49080998
4.1465726,-0.87898326,1.0611523,-0.17420387,0.51493734
4.139176,-0.89221793,1.0468537,-0.16161196,0.5034028
4.132094,-0.9044752,1.0338598,-0.14902005,0.49186832
4.125375,-0.9157622,1.0221301,-0.13642812,0.48033378
4.119065,-0.9260853,1.0116235,-0.13164139,0.4610397
4.11281,-0.9360794,1.0018628,-0.12685464,0.44174558
4.106632,-0.94574064,0.99282396,-0.122067906,0.4224515
4.1005497,-0.9550659,0.9844827,-0.11916433,0.40945077
4.0945015,-0.9641716,0.97657603,-0.11626076,0.39645007
4.088497,-0.9730576,0.96909374,-0.11335719,0.38344935
4.0825467,-0.98172385,0.9620255,-0.11170218,0.36677924
4.076584,-0.9902779,0.95534927,-0.11004717,0.35010913
4.070616,-0.9987183,0.94905823,-0.108392164,0.33343902
4.0646505,-1.0070438,0.9431455,-0.11015159,0.31705672
4.058504,-1.0155152,0.93742186,-0.11191101,0.30067444
4.0521774,-1.024131,0.9318978,-0.11367044,0.28429213
4.0456715,-1.0328896,0.9265842,-0.11347833,0.2616472
4.0390882,-1.0416542,0.9216919,-0.11328623,0.23900227
4.032435,-1.0504224,0.9172221,-0.113094114,0.21635735
4.0257187,-1.0591918,0.9131757,-0.11486083,0.1972706
4.0188346,-1.0681062,0.9094237,-0.116627544,0.17818384
4.0117846,-1.077164,0.9059785,-0.118394256,0.15909709
4.004573,-1.0863644,0.90285236,-0.11819318,0.14021108
3.997324,-1.0955526,0.9000994,-0.117992096,0.12132505
3.9900444,-1.104728,0.8977194,-0.11779102,0.10243903
3.98274,-1.1138899,0.8957118,-0.11908942,0.08690186
3.9753253,-1.1231515,0.89398915,-0.120387815,0.071364686
3.9678044,-1.1325128,0.89255846,-0.12168621,0.055827517
3.9601815,-1.1419735,0.8914268,-0.12891372,0.0882281
3.9521134,-1.1519636,0.8895336,-0.13614123,0.120628685
3.9436018,-1.1624619,0.88680315,-0.14336874,0.15302926
3.9346483,-1.1734439,0.8831608,-0.15316895,0.19167055
3.9251046,-1.1850634,0.8782977,-0.16296917,0.23031184
3.9149745,-1.197275,0.87209725,-0.1727694,0.2689531
3.9042609,-1.2100282,0.8644458,-0.18246143,0.2930593
3.892923,-1.2233168,0.8556608,-0.19215345,0.31716543
3.8809516,-1.2371008,0.84567285,-0.2018455,0.3412716
3.8683367,-1.2513362,0.8344137,-0.2068957,0.32622698
3.855174,-1.2658566,0.823363,-0.21194589,0.31118235
3.8414588,-1.2806549,0.81254727,-0.2169961,0.29613775
3.8271866,-1.2957239,0.801993,-0.21880051,0.26779053
3.8125162,-1.3108896,0.79234385,-0.22060493,0.23944333
3.7974677,-1.3261485,0.783624,-0.22240934,0.21109612
3.7820628,-1.3414989,0.77585703,-0.22053447,0.17949854
3.7665737,-1.3566954,0.7692948,-0.2186596,0.14790095
3.7510366,-1.3717399,0.7639244,-0.21678473,0.11630337
