9.251281,-9.06676,-2.0776887,0.43939635,0.0
9.22995,-9.105175,-2.0776887,0.4094867,0.09998214
9.21017,-9.140796,-2.0708766,0.3795771,0.19996428
9.192332,-9.173441,-2.0583103,0.3496675,0.29994643
9.176684,-9.202955,-2.041091,0.3198496,0.39961413
9.163332,-9.229221,-2.0203507,0.29003173,0.49928182
9.1522665,-9.252154,-1.9972064,0.26021385,0.5989495
9.143377,-9.271721,-1.9727561,0.23032475,0.6920238
9.13644,-9.288042,-1.9482613,0.20043564,0.7850982
9.131214,-9.301221,-1.9246467,0.17054653,0.8781725
9.127441,-9.311437,-1.9027721,0.14079666,0.9211658
9.124665,-9.319489,-1.8840859,0.1110468,0.9641592
9.122714,-9.325511,-1.8688804,0.081296936,1.0
9.121424,-9.32971,-1.8574789,0.051716503,0.9271236
9.120546,-9.332686,-1.8505843,0.022136066,0.8542472
9.120145,-9.3340845,-1.8478022,-0.007444369,0.7813709
9.12029,-9.333576,-1.848676,-0.036387045,0.6926966
9.1210575,-9.330883,-1.8525488,-0.065329716,0.6040223
9.122553,-9.325718,-1.8587329,-0.09427239,0.515348
9.124882,-9.317853,-1.8664764,-0.121411145,0.42065382
9.128112,-9.307251,-1.8747396,-0.1485499,0.32595962
9.132323,-9.293823,-1.8826677,-0.17568865,0.23126541
9.13757,-9.277547,-1.8893793,-0.20143065,0.13843806
9.14382,-9.258601,-1.8940121,-0.22717264,0.045610715
9.151028,-9.2370825,-1.8957384,-0.25291464,-0.047216635
9.159093,-9.213141,-1.8937488,-0.27551273,-0.14027648
9.16775,-9.187271,-1.8873286,-0.2981108,-0.23333631
9.176779,-9.159708,-1.8758402,-0.32070893,-0.3
9.185981,-9.130485,-1.8600441,-0.33824348,-0.3
9.195197,-9.099513,-1.8433845,-0.35577804,-0.3
9.204348,-9.066779,-1.8258612,-0.37331262,-0.3
9.2133465,-9.0322695,-1.8074744,-0.38123065,-0.3
9.221886,-8.996864,-1.7886975,-0.38914865,-0.3
9.229923,-8.9605665,-1.7695307,-0.39706668,-0.3
9.2374115,-8.92338,-1.7499738,-0.40181467,-0.3
9.244253,-8.885608,-1.730183,-0.40656263,-0.3
9.250418,-8.8472595,-1.7101585,-0.4113106,-0.3
9.255876,-8.808347,-1.6899,-0.41635215,-0.3
9.260602,-8.768852,-1.6693932,-0.4213937,-0.3
9.264565,-8.728791,-1.6486381,-0.42643523,-0.3
9.267734,-8.688175,-1.6276348,-0.43035996,-0.3
9.270069,-8.647128,-1.6064382,-0.43428472,-0.3
9.271547,-8.605665,-1.5850482,-0.43820944,-0.3
9.272143,-8.563806,-1.5634649,-0.44293416,-0.3
9.271833,-8.521492,-1.5416489,-0.44765887,-0.3
9.270587,-8.478744,-1.5196002,-0.45238358,-0.3
9.268375,-8.435582,-1.4973187,-0.45810166,-0.3
9.265162,-8.391936,-1.4747556,-0.4638197,-0.3
9.260914,-8.34783,-1.451911,-0.4695378,-0.3
9.255593,-8.30329,-1.4287847,-0.47609118,-0.3
9.249156,-8.2582655,-1.4053355,-0.4826446,-0.3
9.241562,-8.212786,-1.3815637,-0.489198,-0.3
9.232771,-8.166885,-1.3574691,-0.4958334,-0.3
9.222742,-8.12059,-1.3330476,-0.5024688,-0.3
9.211436,-8.073938,-1.3082993,-0.50910425,-0.3
9.198815,-8.026968,-1.2832242,-0.5157188,-0.3
9.184842,-7.9797225,-1.2578233,-0.5223334,-0.3
9.169478,-7.9322457,-1.2320967,-0.523,-0.3
9.152877,-7.8851204,-1.2063371,-0.523,-0.3
9.135068,-7.838438,-1.1805776,-0.523,-0.3
9.116062,-7.79223,-1.1548182,-0.523,-0.3
9.095872,-7.7465267,-1.1290586,-0.523,-0.3
9.074512,-7.701359,-1.1032991,-0.523,-0.3
9.051995,-7.656756,-1.0775396,-0.523,-0.3
9.0283375,-7.6127477,-1.0517801,-0.523,-0.3
9.003554,-7.5693636,-1.0260205,-0.523,-0.3
8.977661,-7.526632,-1.0002611,-0.523,-0.3
8.950677,-7.4845815,-0.97450155,-0.523,-0.3
8.922618,-7.44324,-0.94874203,-0.523,-0.3
8.893503,-7.402635,-0.9229825,-0.523,-0.3
8.863353,-7.3627934,-0.897223,-0.523,-0.3
8.832186,-7.323742,-0.8714635,-0.523,-0.3
8.800024,-7.285506,-0.845704,-0.523,-0.3
8.766888,-7.248111,-0.8199445,-0.523,-0.2777259
8.732573,-7.211339,-0.7960461,-0.523,-0.2554518
8.697174,-7.1751785,-0.77402055,-0.523,-0.23317769
8.660786,-7.1396093,-0.7538789,-0.523,-0.20449665
8.623451,-7.104557,-0.7361776,-0.523,-0.1758156
8.585293,-7.069981,-0.7209312,-0.523,-0.14713454
8.54643,-7.035832,-0.7081522,-0.523,-0.12466687
8.507013,-7.002078,-0.6973135,-0.523,-0.1021992
8.467131,-6.9686685,-0.68842065,-0.523,-0.079731524
8.42687,-6.935547,-0.6814781,-0.523,-0.04850905
8.386299,-6.90264,-0.67725134,-0.523,-0.017286574
8.345549,-6.8698707,-0.6757446,-0.523,0.013935899
8.304746,-6.837161,-0.67695934,-0.523,0.04683753
8.264024,-6.8044353,-0.6810405,-0.523,0.07973917
8.223519,-6.7716117,-0.68798375,-0.523,0.1126408
8.1833725,-6.7386127,-0.6977815,-0.523,0.117987774
8.143576,-6.7052426,-0.70804226,-0.523,0.12333475
8.104148,-6.671488,-0.71876574,-0.523,0.12868173
8.065111,-6.6373353,-0.72995156,-0.523,0.16368258
8.026658,-6.602926,-0.7441556,-0.523,0.19868343
7.9889402,-6.5681973,-0.7613604,-0.523,0.23368427
7.9521093,-6.533096,-0.78154504,-0.523,0.2507179
7.916146,-6.497409,-0.80317104,-0.523,0.26775151
7.8811216,-6.461117,-0.8262322,-0.523,0.28478515
7.847108,-6.4242053,-0.8507218,-0.5173722,0.29436225
7.814458,-6.3869843,-0.8757393,-0.51174444,0.3039393
7.7831864,-6.349483,-0.9012652,-0.5061166,0.3135164
7.753307,-6.3117323,-0.92728007,-0.4876723,0.30601004
7.725405,-6.2745314,-0.9517658,-0.46922794,0.29850367
7.699383,-6.238005,-0.974765,-0.45078358,0.2909973
7.6751413,-6.202268,-0.99632055,-0.43757904,0.27517352
7.652258,-6.1669164,-1.0161366,-0.42437446,0.2593497
7.6306553,-6.1320477,-1.0342753,-0.41116992,0.2435259
7.6102586,-6.0977507,-1.0507993,-0.40307927,0.23727955
7.5907917,-6.0637507,-1.0665904,-0.39498863,0.23103318
7.5722165,-6.030086,-1.0816648,-0.38689795,0.22478682
7.554495,-5.9967923,-1.0960379,-0.3677754,0.21400116
7.5380664,-5.9648285,-1.1090554,-0.34865284,0.20321551
7.5228534,-5.9342566,-1.120783,-0.3295303,0.19242987
7.5087843,-5.905132,-1.1312864,-0.3125547,0.17071566
7.4956784,-5.8772583,-1.1401362,-0.29557908,0.14900145
7.4834757,-5.8506966,-1.1474494,-0.27860346,0.12728725
7.4721227,-5.8255014,-1.1533439,-0.25927982,0.10230979
7.4616656,-5.8019238,-1.1577574,-0.23995617,0.07733233
7.4520626,-5.780012,-1.160847,-0.22063254,0.05235488
7.443281,-5.7598047,-1.1627713,-0.1987172,0.014097208
7.435397,-5.741566,-1.1632382,-0.17680188,-0.024160463
7.428391,-5.7253385,-1.1625264,-0.15488656,-0.062418133
7.4222536,-5.7111506,-1.1609161,-0.13740839,-0.12067891
7.4168177,-5.69864,-1.158159,-0.11993023,-0.17893969
7.412085,-5.6878285,-1.1546015,-0.10245207,-0.23720045
7.408059,-5.6787205,-1.150589,-0.08144613,-0.29195246
7.404877,-5.671599,-1.146682,-0.060440198,-0.3
7.402501,-5.6663365,-1.1437051,-0.039434258,-0.3
7.4009404,-5.6629076,-1.1417629,-0.0189378,-0.3
7.400188,-5.6612625,-1.14083,0.001558657,-0.3
7.40025,-5.661398,-1.1409068,0.022055116,-0.3
7.4011283,-5.663313,-1.1419932,0.04372941,-0.3
7.402865,-5.6671124,-1.1441469,0.06540371,-0.3
7.405451,-5.6728005,-1.1473683,0.087078,-0.3
7.408869,-5.6803846,-1.1516572,0.11470641,-0.3
7.4133286,-5.6903944,-1.1573069,0.14233482,-0.3
7.4187922,-5.7028465,-1.1643174,0.16996324,-0.3
7.4252124,-5.7177606,-1.1726886,0.1998397,-0.3
7.4326134,-5.735359,-1.1825314,0.22971615,-0.3
7.440922,-5.755671,-1.1938457,0.25959262,-0.3
7.4500504,-5.77873,-1.2066315,0.2895917,-0.3
7.4599037,-5.804581,-1.2208948,0.31959078,-0.3
7.4703703,-5.833263,-1.2366358,0.34958985,-0.3
7.4813237,-5.8648133,-1.2538543,0.37958986,-0.3
7.4926257,-5.8992705,-1.2725503,0.40958986,-0.3
7.5041237,-5.9366727,-1.292724,0.43958983,-0.3
7.5156517,-5.977055,-1.3143753,0.46958965,-0.3
7.5270295,-6.02045,-1.3375041,0.49958944,-0.3
7.5380635,-6.0668845,-1.3621106,0.523,-0.3
7.5484147,-6.1157646,-1.3878702,0.523,-0.24891187
7.5576353,-6.1656075,-1.4093436,0.523,-0.19782373
7.5658784,-6.2162204,-1.426475,0.523,-0.14673561
7.5733194,-6.2674203,-1.4392196,0.50427055,-0.05510845
7.5799255,-6.3173356,-1.4438488,0.48554116,0.036518704
7.5860686,-6.365467,-1.4408942,0.46681175,0.12814586
7.592066,-6.4113755,-1.4309516,0.44031805,0.21847567
7.5980577,-6.453941,-1.4150456,0.41382438,0.3088055
7.604173,-6.4928885,-1.394084,0.38733068,0.3991353
7.610447,-6.5280213,-1.3689965,0.36428034,0.44402844
7.6170406,-6.5602493,-1.3429152,0.34122998,0.48892158
7.623846,-6.589596,-1.3162041,0.31817964,0.5338147
7.6307445,-6.616104,-1.2892213,0.29597497,0.5434467
7.637784,-6.6404395,-1.2637137,0.27377033,0.5530788
7.644826,-6.6626453,-1.2397447,0.2515657,0.56271076
7.651742,-6.682768,-1.2173771,0.2255358,0.5280345
7.6584845,-6.7010455,-1.1984383,0.19950588,0.49335822
7.6648774,-6.7174125,-1.1826911,0.17347598,0.45868194
7.6707635,-6.7318106,-1.1698895,0.14439374,0.38709947
7.675982,-6.744121,-1.1608046,0.1153115,0.31551698
7.6803513,-6.7541747,-1.154841,0.08622926,0.24393448
7.6837325,-6.761829,-1.1513699,0.05715434,0.17952777
7.6860223,-6.766965,-1.1496689,0.02807942,0.11512106
7.687163,-6.7695103,-1.1491314,-0.0009954993,0.05071435
7.687122,-6.7694197,-1.1491398,-0.030533064,-0.035033833
7.685873,-6.7666354,-1.1489615,-0.06007063,-0.12078202
7.6834316,-6.761195,-1.1477553,-0.08960819,-0.2065302
7.679831,-6.7531977,-1.1446927,-0.1194015,-0.24467254
7.6750426,-6.742649,-1.1398721,-0.1491948,-0.28281486
7.6690583,-6.729632,-1.132933,-0.17898811,-0.3
7.661808,-6.7141457,-1.1241173,-0.20872718,-0.2773011
7.6531363,-6.69604,-1.1145936,-0.23846625,-0.2546022
7.642969,-6.6753225,-1.1045836,-0.2682053,-0.23190328
7.631236,-6.6520057,-1.09431,-0.29657778,-0.15952866
7.617806,-6.625986,-1.086458,-0.32495025,-0.08715403
7.602733,-6.5973377,-1.0817438,-0.3533227,-0.014779401
7.586136,-6.5661507,-1.0808735,-0.36986488,0.06039691
7.5687633,-6.533574,-1.0845944,-0.38640702,0.13557322
7.5508733,-6.499725,-1.0932988,-0.40294918,0.21074954
7.5327654,-6.464729,-1.1073477,-0.39634597,0.27685064
7.515722,-6.430625,-1.1254032,-0.38974276,0.34295177
7.499909,-6.3975015,-1.1472461,-0.38313955,0.4090529
7.485461,-6.3654547,-1.1726445,-0.36698526,0.34846193
7.472088,-6.3336596,-1.1935292,-0.35083094,0.28787094
7.459696,-6.3023863,-1.21013,-0.33467665,0.22727995
7.448189,-6.271877,-1.2226987,-0.32868487,0.2422112
7.437304,-6.241882,-1.2358379,-0.3226931,0.25714245
7.4270453,-6.2124076,-1.2495157,-0.31670132,0.2720737
7.4174123,-6.1834636,-1.2637001,-0.3012683,0.26240817
7.408617,-6.1557293,-1.2767253,-0.28583527,0.25274265
7.400595,-6.129242,-1.288638,-0.27040222,0.2430771
7.3932877,-6.1040344,-1.2994852,-0.26333016,0.22791882
7.386413,-6.079321,-1.3094019,-0.2562581,0.21276054
7.37994,-6.055124,-1.3184204,-0.24918604,0.19760226
7.373839,-6.031464,-1.3265737,-0.24221171,0.19025353
7.368088,-6.0083857,-1.3342077,-0.2352374,0.18290478
7.362666,-5.9858985,-1.3413388,-0.2282631,0.17555605
7.357554,-5.964012,-1.3479834,-0.21624035,0.16267693
7.3528385,-5.943201,-1.3538204,-0.20421758,0.1497978
7.3484917,-5.9234815,-1.3589,-0.19219483,0.13691866
7.344487,-5.9048676,-1.3632721,-0.17798242,0.10935328
7.3408422,-5.8875556,-1.3665094,-0.16377,0.08178789
7.3375306,-5.8715725,-1.3687394,-0.14955759,0.0542225
7.3345337,-5.8569427,-1.3700902,-0.12950537,0.008486974
7.331952,-5.8442526,-1.3702735,-0.10945316,-0.03724855
7.3297734,-5.833534,-1.3695941,-0.08940094,-0.082984075
7.327993,-5.8248043,-1.3683591,-0.06998048,-0.14340132
7.3266006,-5.8180194,-1.3666922,-0.05056002,-0.20381857
7.325597,-5.813171,-1.3649865,-0.031139562,-0.26423582
7.3249826,-5.810229,-1.3636311,-0.008199256,-0.3
7.3248215,-5.809462,-1.3632272,0.014741048,-0.3
7.3251114,-5.81084,-1.3639534,0.037681352,-0.3
7.325851,-5.814363,-1.3658093,0.066473976,-0.3
7.3271437,-5.820581,-1.3690833,0.095266595,-0.3
7.328967,-5.8294973,-1.3737755,0.124059215,-0.3
7.331287,-5.84112,-1.3798859,0.1538047,-0.3
7.334075,-5.8555465,-1.3874613,0.18355021,-0.3
7.3372717,-5.872788,-1.3965018,0.2132957,-0.3
7.3408055,-5.892856,-1.4070072,0.24328582,-0.27081433
7.344628,-5.915984,-1.4178544,0.27327594,-0.24162865
7.34867,-5.9422083,-1.4287529,0.30326608,-0.21244296
7.352867,-5.9715543,-1.4394101,0.33326602,-0.2804539
7.3570623,-6.003303,-1.4547843,0.363266,-0.3
7.3610797,-6.0377736,-1.4726764,0.39326596,-0.3
7.36476,-6.0751634,-1.492046,0.4232659,-0.3
7.367941,-6.115474,-1.5128933,0.45326582,-0.3
7.370447,-6.158704,-1.5352181,0.48326576,-0.3
7.3720894,-6.2048426,-1.5590206,0.51160324,-0.23343536
7.3726754,-6.254612,-1.5787448,0.523,-0.16687074
7.3722653,-6.306184,-1.5932229,0.523,-0.10030611
7.3710985,-6.3582077,-1.6019516,0.4990423,-0.0021884083
7.369544,-6.4080877,-1.6021336,0.4750846,0.09592929
7.368062,-6.455354,-1.5945495,0.45112693,0.19404699
7.367011,-6.499608,-1.580051,0.42537317,0.2888191
7.3666334,-6.5403814,-1.5598584,0.39961943,0.38359123
7.3670387,-6.5774374,-1.5349319,0.3738657,0.47836336
7.368229,-6.6106057,-1.5062485,0.35156187,0.54556364
7.3701673,-6.640596,-1.4758443,0.32925805,0.61276394
7.372721,-6.66741,-1.4442832,0.30695423,0.67996424
7.375733,-6.6910877,-1.4121162,0.28668907,0.67124975
7.37928,-6.713255,-1.3823978,0.2664239,0.66253525
7.383214,-6.733889,-1.3550841,0.24615873,0.65382075
7.3873963,-6.7529755,-1.3301308,0.21771345,0.6067212
7.3916593,-6.7703457,-1.3094417,0.18926816,0.55962175
7.395804,-6.7858405,-1.2926956,0.16082287,0.5125223
7.3996515,-6.799318,-1.2795516,0.13149767,0.45608303
7.403042,-6.8106265,-1.269899,0.10217245,0.3996438
7.4058313,-6.8196154,-1.2632732,0.07284724,0.3432046
7.4079075,-6.8261538,-1.2591877,0.043329354,0.28717238
7.4091816,-6.830109,-1.2571422,0.013811473,0.23114017
7.4095964,-6.831388,-1.2566149,-0.01570641,0.17510796
7.4091187,-6.829917,-1.2570709,-0.045491442,0.098083176
7.4077215,-6.8256106,-1.2578133,-0.07527647,0.021058386
7.405404,-6.81845,-1.2580775,-0.1050615,-0.0559664
7.402177,-6.8084693,-1.2570981,-0.13491917,-0.08459084
7.3980284,-6.7956815,-1.2551982,-0.16477685,-0.11321528
7.3929467,-6.780118,-1.2520956,-0.19463451,-0.14183971
7.3869095,-6.7618203,-1.2475098,-0.22435856,-0.0863861
7.3798084,-6.740626,-1.2442837,-0.2540826,-0.030932475
7.371663,-6.716572,-1.2429739,-0.28380665,0.024521148
7.362528,-6.6897106,-1.2441337,-0.31038824,0.099815525
7.3526173,-6.6604595,-1.2492888,-0.33696985,0.1751099
7.342132,-6.628978,-1.259073,-0.36355147,0.25040427
7.33133,-6.595454,-1.2740874,-0.36429524,0.30853003
7.321182,-6.5622616,-1.2925243,-0.36503902,0.3666558
7.311821,-6.529495,-1.3143351,-0.3657828,0.42478156
7.303367,-6.497257,-1.3394597,-0.35079348,0.3854068
7.295914,-6.465617,-1.361439,-0.33580416,0.34603205
7.2893486,-6.4347167,-1.3804213,-0.32081485,0.3066573
7.283561,-6.4046845,-1.3965622,-0.30964494,0.3060698
7.278443,-6.375606,-1.4121122,-0.29847506,0.30548224
7.273945,-6.3474984,-1.4270735,-0.28730515,0.30489472
7.2700195,-6.3203754,-1.441448,-0.2816008,0.28569648
7.2665343,-6.2935824,-1.454675,-0.27589646,0.26649827
7.2634506,-6.267146,-1.4667848,-0.2701921,0.24730003
7.2607307,-6.2410903,-1.477808,-0.26151422,0.24193382
7.2583733,-6.2158103,-1.4882504,-0.25283632,0.23656762
7.2563467,-6.1913147,-1.4981264,-0.24415845,0.23120141
7.254621,-6.167611,-1.5074512,-0.23796663,0.22858943
7.253154,-6.1444798,-1.5164385,-0.23177479,0.22597745
7.2519264,-6.121925,-1.5250937,-0.22558297,0.22336549
7.2509217,-6.0999503,-1.533422,-0.22041379,0.21965137
7.250118,-6.0784535,-1.5414263,-0.2152446,0.21593726
7.2495003,-6.057438,-1.5491128,-0.21007542,0.21222314
7.249055,-6.0369062,-1.5564876,-0.20158207,0.20711921
7.2487726,-6.017181,-1.5633965,-0.19308873,0.20201528
7.248633,-5.9982653,-1.5698535,-0.18459538,0.19691135
7.2486157,-5.9801626,-1.5758727,-0.1706525,0.16910918
7.248701,-5.963341,-1.5806595,-0.15670961,0.14130701
7.248854,-5.947827,-1.584338,-0.14276674,0.11350484
7.2490463,-5.9336433,-1.5870329,-0.12209647,0.07626052
7.2492437,-5.921471,-1.5885834,-0.10142621,0.039016195
7.249424,-5.911338,-1.5892427,-0.08075594,0.0017718673
7.249573,-5.9032636,-1.5892665,-0.058783982,-0.030509174
7.2496815,-5.897389,-1.5889677,-0.03681202,-0.062790215
7.249748,-5.8937154,-1.5885826,-0.014840056,-0.095071256
7.2497745,-5.892238,-1.5883479,0.0128654875,-0.10331961
7.249752,-5.893518,-1.588569,0.04057103,-0.11156796
7.2496805,-5.897549,-1.5893219,0.06827658,-0.11981632
7.249555,-5.9043264,-1.590682,0.09779581,-0.07517417
7.249361,-5.914077,-1.5919062,0.12731503,-0.030532014
7.2490926,-5.9267993,-1.592554,0.15683426,0.014110136
7.248751,-5.9424777,-1.5921851,0.18654782,0.08710611
7.248354,-5.961057,-1.5894803,0.21626139,0.16010208
7.247955,-5.9824033,-1.5837343,0.24597496,0.23309806
7.2476454,-6.0063334,-1.5742645,0.27596247,0.31409758
7.2475543,-6.0325794,-1.5600544,0.30595002,0.39509708
7.2478576,-6.060816,-1.5404278,0.33593756,0.4760966
7.248764,-6.0906596,-1.514767,0.36593607,0.46030444
7.2506003,-6.123393,-1.4876744,0.3959346,0.44451228
7.253568,-6.1590157,-1.4592978,0.42593312,0.42872012
