1.9501137,-1.7885122,0.4665691,-0.061823994,0.0
1.944592,-1.7912933,0.4665691,-0.09079227,0.09980191
1.9365236,-1.795357,0.4650614,-0.11976055,0.19960383
1.926032,-1.8006214,0.46110368,-0.14872883,0.29940572
1.9133049,-1.8069445,0.45379236,-0.177076,0.39916718
1.8986408,-1.8140968,0.44232222,-0.20542316,0.49892867
1.8823385,-1.8218179,0.42594025,-0.23377033,0.5986901
1.8647529,-1.8297968,0.40398294,-0.26035833,0.6983098
1.8464165,-1.8376355,0.3760845,-0.28694633,0.79792947
1.8277824,-1.8449937,0.34184647,-0.31353435,0.89754915
1.8093638,-1.8515474,0.30099288,-0.3339109,0.99469095
1.7919914,-1.8569402,0.25432378,-0.35428748,1.0
1.7734649,-1.8617562,0.20463668,-0.37466404,1.0
1.7536441,-1.8658698,0.15209185,-0.3893479,1.0
1.7328503,-1.8690569,0.09748769,-0.40403178,1.0
1.7111241,-1.8711817,0.04082419,-0.41871563,1.0
1.6885196,-1.8721051,-0.017898653,-0.4312483,1.0
1.6652229,-1.871688,-0.07837915,-0.443781,1.0
1.6413189,-1.8698106,-0.14061728,-0.45631367,1.0
1.6169076,-1.8663552,-0.20461306,-0.4592785,1.0
1.5926102,-1.8613131,-0.26902464,-0.46224332,1.0
1.5685335,-1.8546749,-0.33385205,-0.46520817,1.0
1.544786,-1.8464384,-0.39909524,-0.46294126,1.0
1.5217389,-1.8367188,-0.46402052,-0.46067438,1.0
1.4994804,-1.8255793,-0.5286279,-0.45840746,1.0
1.4780934,-1.8130876,-0.5929173,-0.45429176,1.0
1.4577374,-1.799372,-0.6566295,-0.45017603,1.0
1.4384723,-1.784524,-0.71976453,-0.4460603,1.0
1.4203494,-1.7686366,-0.78232235,-0.44064343,1.0
1.4034629,-1.7518536,-0.84412044,-0.43522653,1.0
1.3878396,-1.7342784,-0.9051589,-0.42980966,1.0
1.3734981,-1.7160133,-0.9654376,-0.4223145,1.0
1.3605134,-1.6972502,-1.0246651,-0.41481933,1.0
1.3488727,-1.6780976,-1.0828415,-0.40732417,1.0
1.3385549,-1.6586583,-1.1399668,-0.3994275,1.0
1.329542,-1.6390492,-1.1959846,-0.39153084,1.0
1.3217975,-1.6193633,-1.2508949,-0.38363418,1.0
1.3152791,-1.5996871,-1.3046978,-0.37810257,1.0
1.309907,-1.5799772,-1.3577248,-0.372571,1.0
1.3056501,-1.5603023,-1.409976,-0.36703938,1.0
1.3024746,-1.5407269,-1.4614515,-0.37041116,1.0
1.3002906,-1.520833,-1.5134,-0.3737829,1.0
1.2991321,-1.5006707,-1.5658212,-0.37715468,1.0
1.2990307,-1.4802933,-1.6187153,-0.38553473,1.0
1.3000286,-1.4594866,-1.6727847,-0.3939148,1.0
1.3021954,-1.4383138,-1.7280294,-0.40229484,1.0
1.305599,-1.4168459,-1.7844492,-0.4121415,1.0
1.3103205,-1.3950841,-1.8422501,-0.4219882,1.0
1.3164339,-1.3731189,-1.9014319,-0.43183485,1.0
1.3240086,-1.3510505,-1.9619946,-0.44023544,1.0
1.3330781,-1.3290615,-2.0237355,-0.44863603,1.0
1.3436857,-1.3072658,-2.0866547,-0.45703658,1.0
1.3558668,-1.2857854,-2.1507518,-0.46485758,0.98591584
1.3699307,-1.2643172,-2.2153497,-0.47267854,0.9718317
1.3859426,-1.2430148,-2.2804155,-0.48049954,0.9577475
1.4039552,-1.2220421,-2.3459153,-0.48907706,0.92162955
1.4246454,-1.2009221,-2.4108474,-0.49765462,0.8855116
1.4481,-1.1799008,-2.4750648,-0.50623214,0.8493936
1.4743779,-1.1592301,-2.538418,-0.5173197,0.80226356
1.5039907,-1.1388327,-2.6004043,-0.523,0.75513345
1.5366322,-1.1192136,-2.6601472,-0.523,0.7080034
1.5718461,-1.100816,-2.716833,-0.523,0.6585829
1.6095326,-1.0837706,-2.7701788,-0.523,0.6091624
1.6495007,-1.0682034,-2.820054,-0.523,0.5597419
1.691548,-1.0541977,-2.8663366,-0.523,0.51039815
1.7354645,-1.0417945,-2.9089198,-0.523,0.4610544
1.7810414,-1.0309944,-2.9476995,-0.523,0.41171068
1.8280729,-1.0217593,-2.9825816,-0.523,0.36831298
1.8762499,-1.0140334,-3.0139654,-0.523,0.32491532
1.9254104,-1.0077249,-3.0417914,-0.523,0.28151762
1.9754015,-1.002719,-3.0660076,-0.523,0.242696
2.0260239,-0.9988855,-3.0869555,-0.523,0.2038744
2.0771644,-0.9960885,-3.1046038,-0.523,0.16505277
2.1287181,-0.99418074,-3.1189256,-0.523,0.12685129
2.1805847,-0.99300486,-3.1299531,-0.523,0.0886498
2.2326758,-0.9923985,-3.1376703,-0.523,0.050448317
2.2849088,-0.99219364,3.1411195,-0.523,0.01311695
2.3372045,-0.9922184,3.139976,-0.523,-0.024214417
2.389489,-0.9923029,-3.1410987,-0.523,-0.06154578
2.44169,-0.99227715,-3.1357374,-0.523,-0.08955889
2.4937794,-0.99197215,-3.1279411,-0.523,-0.117572
2.5457134,-0.9912631,-3.1177166,-0.523,-0.14558512
2.5974455,-0.9900277,-3.105071,-0.523,-0.1691014
2.6489651,-0.9881453,-3.0904012,-0.523,-0.1926177
2.7002306,-0.98551863,-3.073715,-0.523,-0.21613398
2.7511961,-0.9820539,-3.0550218,-0.523,-0.2319174
2.8019054,-0.97765297,-3.034987,-0.523,-0.24770081
2.8523214,-0.97225785,-3.0136158,-0.523,-0.2634842
2.9024034,-0.9658133,-2.9909136,-0.523,-0.26796496
2.9522655,-0.9582428,-2.9678345,-0.523,-0.27244568
3.001878,-0.94953436,-2.944379,-0.523,-0.2769264
3.0512102,-0.93967724,-2.9205475,-0.523,-0.2710582
3.1003745,-0.92862916,-2.8972087,-0.523,-0.26519004
3.1493466,-0.9164171,-2.874363,-0.523,-0.25932184
3.1981037,-0.9030685,-2.8520112,-0.523,-0.25009647
3.2466667,-0.8885988,-2.8304377,-0.523,-0.2408711
3.295018,-0.87304896,-2.8096442,-0.523,-0.23164573
3.343142,-0.8564604,-2.7896326,-0.523,-0.22432151
3.391006,-0.83888227,-2.7702427,-0.523,-0.2169973
3.4385982,-0.8203491,-2.7514758,-0.523,-0.20967308
3.4859092,-0.80089515,-2.7333329,-0.523,-0.20406422
3.5329149,-0.7805622,-2.7156684,-0.523,-0.19845536
3.5796075,-0.75937796,-2.6984832,-0.523,-0.1928465
3.6259806,-0.73736995,-2.6817775,-0.523,-0.19235025
3.6719842,-0.71458817,-2.6651142,-0.523,-0.191854
3.717606,-0.69104075,-2.6484933,-0.523,-0.19135775
3.7628345,-0.666736,-2.6319149,-0.523,-0.19917172
3.8075848,-0.64172345,-2.6146681,-0.523,-0.20698571
3.8518257,-0.6159844,-2.5967546,-0.523,-0.2147997
3.8955255,-0.58950126,-2.5781748,-0.523,-0.22048405
3.9386714,-0.56224513,-2.5591114,-0.523,-0.22616841
3.9812348,-0.5342077,-2.5395646,-0.523,-0.23185277
4.023186,-0.50538194,-2.5195353,-0.523,-0.23109165
4.06456,-0.47571644,-2.4995706,-0.523,-0.23033054
4.10534,-0.44522545,-2.4796705,-0.523,-0.22956942
4.1455126,-0.4139234,-2.459835,-0.521544,-0.22457983
4.184992,-0.3818832,-2.4404774,-0.52008796,-0.21959022
4.2237787,-0.34913948,-2.4215956,-0.5186319,-0.21460062
4.261875,-0.31572625,-2.4031878,-0.51527435,-0.2090423
4.2991524,-0.28179774,-2.385366,-0.51191676,-0.20348397
4.3356223,-0.24739566,-2.3681242,-0.50855917,-0.19792566
4.3712993,-0.21256031,-2.3514576,-0.5054025,-0.199231
4.406163,-0.17736433,-2.3347864,-0.5022458,-0.20053634
4.4402127,-0.14182487,-2.3181121,-0.49908912,-0.20184168
4.473446,-0.10595909,-2.3014364,-0.49701768,-0.2053065
4.5059175,-0.06972121,-2.284549,-0.49494624,-0.20877132
4.5376167,-0.033120085,-2.267452,-0.4928748,-0.21223614
4.568533,0.003834827,-2.2501483,-0.49108338,-0.21398719
4.5986834,0.041168746,-2.2327673,-0.48929194,-0.21573825
4.628062,0.07886855,-2.2153103,-0.4875005,-0.2174893
4.656661,0.116920896,-2.1977782,-0.48723128,-0.21762362
4.6845727,0.15544634,-2.1802452,-0.48696208,-0.21775793
4.711789,0.1944325,-2.1627114,-0.48669288,-0.21789223
4.738302,0.23386687,-2.1451764,-0.4858728,-0.2198546
4.764065,0.27367544,-2.127516,-0.48505273,-0.22181694
4.7890673,0.31384715,-2.1097305,-0.4842327,-0.2237793
4.8132997,0.35437045,-2.0918207,-0.48143554,-0.22638085
4.8366523,0.39506045,-2.0738108,-0.47863838,-0.2289824
4.8591237,0.43590096,-2.0557034,-0.47584122,-0.23158395
4.880712,0.47687563,-2.0375009,-0.4719826,-0.23539421
4.901363,0.5178639,-2.0191543,-0.468124,-0.23920447
4.9210777,0.5588482,-2.000669,-0.46426538,-0.24301472
4.9398575,0.5998108,-1.9820496,-0.45946652,-0.25087193
4.95765,0.6406081,-1.9630393,-0.45466766,-0.25872916
4.974452,0.6812234,-1.9436513,-0.4498688,-0.26658636
4.9902606,0.72163934,-1.923899,-0.44551152,-0.27420792
5.005091,0.76188016,-1.9037929,-0.44115427,-0.2818295
5.018943,0.8019273,-1.8833443,-0.43679702,-0.28945106
5.0318146,0.8417619,-1.8625654,-0.4352701,-0.28690773
5.0438232,0.8817453,-1.8420361,-0.43374318,-0.28436437
5.054978,0.92185557,-1.8217552,-0.43221623,-0.28182104
5.0652876,0.9620716,-1.8017216,-0.4310067,-0.28510004
5.074754,1.0023346,-1.7815179,-0.42979714,-0.28837904
5.083373,1.042628,-1.7611456,-0.4285876,-0.29165804
5.0911393,1.0829353,-1.7406062,-0.42802638,-0.29181042
5.0980673,1.1233389,-1.7200832,-0.42746517,-0.2919628
5.104156,1.1638211,-1.6995769,-0.42690396,-0.29211518
5.109406,1.2043644,-1.679087,-0.4274896,-0.2904355
5.113833,1.2450831,-1.6586837,-0.42807525,-0.2887558
5.117435,1.28596,-1.6383673,-0.4286609,-0.28707612
5.1202106,1.326978,-1.6181381,-0.42986196,-0.28285325
5.1221642,1.3682098,-1.5981426,-0.43106303,-0.27863038
5.123297,1.4096382,-1.5783827,-0.43226412,-0.27440748
5.123613,1.4512461,-1.5588605,-0.43384027,-0.27378443
5.1231146,1.4930112,-1.5393105,-0.43541646,-0.27316138
5.1217947,1.5349177,-1.5197328,-0.43699262,-0.27253833
5.1196465,1.5769492,-1.5001281,-0.43821323,-0.26982036
5.116664,1.6190796,-1.48066,-0.43943384,-0.26710236
5.1128488,1.6612927,-1.4613295,-0.44065443,-0.2643844
5.108202,1.7035724,-1.4421378,-0.4423082,-0.26489696
5.102725,1.7459077,-1.4228377,-0.44396195,-0.26540953
5.0964093,1.7882812,-1.4034288,-0.44561568,-0.26592207
5.0892467,1.8306757,-1.3839109,-0.44736916,-0.26403597
5.081223,1.8731103,-1.364452,-0.44912264,-0.26214987
5.0723352,1.9155679,-1.3450531,-0.45087612,-0.26026377
5.0625834,1.9580317,-1.3257153,-0.45315057,-0.2580816
5.0519524,2.0005367,-1.3064393,-0.45542502,-0.25589943
5.04044,2.0430655,-1.2872268,-0.45769945,-0.25371724
5.028044,2.0856009,-1.2680794,-0.46068656,-0.25070244
5.01474,2.1282,-1.2490312,-0.46367368,-0.24768767
5.000524,2.1708453,-1.2300853,-0.46666077,-0.24467286
4.985395,2.2135189,-1.2112447,-0.4706209,-0.24132456
4.9693155,2.256295,-1.1924992,-0.474581,-0.23797624
4.9522815,2.2991548,-1.1738532,-0.4785411,-0.23462793
4.934288,2.3420787,-1.1553112,-0.48216477,-0.22966763
4.915337,2.3850348,-1.1370168,-0.4857884,-0.22470734
4.8954325,2.4280062,-1.1189761,-0.48941204,-0.21974704
4.8745785,2.4709775,-1.1011956,-0.49263915,-0.21245475
4.8527865,2.5139208,-1.0838826,-0.49586624,-0.20516247
4.8300714,2.5568254,-1.0670457,-0.49909335,-0.19787018
4.8064494,2.599682,-1.0506936,-0.5024754,-0.1928922
4.7819414,2.6424766,-1.0346397,-0.5058574,-0.18791421
4.756555,2.6851985,-1.0188898,-0.5092394,-0.18293622
4.7303004,2.727838,-1.0034499,-0.5129751,-0.17601588
4.7031593,2.7704303,-0.98847884,-0.51671076,-0.16909556
4.6751475,2.81297,-0.97398585,-0.5204464,-0.16217524
4.646282,2.855453,-0.9599802,-0.523,-0.15440328
4.616643,2.8977864,-0.9465748,-0.523,-0.14663133
4.5864034,2.9397683,-0.9338392,-0.523,-0.13885936
4.5555973,2.9814079,-0.92177415,-0.523,-0.13054039
4.5242558,3.0227196,-0.91042763,-0.523,-0.122221395
4.492414,3.0637162,-0.89980054,-0.523,-0.11390241
4.4601064,3.1044123,-0.8898935,-0.523,-0.10304576
4.427358,3.144834,-0.8809272,-0.523,-0.09218911
4.394214,3.1850033,-0.87290275,-0.523,-0.08133246
4.360717,3.224943,-0.8658211,-0.523,-0.07290051
4.3269157,3.2646704,-0.8594723,-0.523,-0.06446856
4.2928433,3.3042052,-0.8538566,-0.523,-0.056036614
4.2585316,3.343568,-0.84897465,-0.523,-0.04859277
4.224015,3.3827782,-0.8447406,-0.523,-0.041148923
4.1893215,3.421855,-0.8411549,-0.523,-0.033705078
4.1544776,3.460818,-0.83821744,-0.523,-0.0236359
4.1195097,3.4996898,-0.8361574,-0.523,-0.01356672
4.0844555,3.5384965,-0.8349748,-0.523,-0.003497541
4.049352,3.5772653,-0.83467,-0.5218198,0.01410911
4.0143194,3.6159322,-0.835897,-0.52063954,0.031715762
3.9794273,3.6545389,-0.8386486,-0.5194593,0.049322415
3.9447455,3.6931262,-0.8429171,-0.50751084,0.06297977
3.9110482,3.730941,-0.8482407,-0.49556237,0.07663713
3.8783727,3.7680051,-0.85456425,-0.4836139,0.09029448
3.8467505,3.8043346,-0.8618323,-0.46641114,0.12143624
3.8166087,3.8394763,-0.87124896,-0.44920838,0.152578
3.7880213,3.8734474,-0.88262796,-0.4320056,0.18371975
3.7610455,3.9062545,-0.89578164,-0.40754098,0.1926438
3.736049,3.9374826,-0.9087859,-0.3830763,0.20156786
3.712978,3.9670863,-0.9215682,-0.35861167,0.21049193
3.6917758,3.995021,-0.93405634,-0.33258918,0.22399147
3.6724946,4.0210943,-0.946369,-0.3065667,0.23749101
3.6550748,4.045268,-0.9583897,-0.2805442,0.25099057
3.6394534,4.067505,-0.97000253,-0.25551236,0.25769782
3.6254864,4.087886,-0.98085564,-0.23048054,0.2644051
3.61311,4.1063724,-0.99089444,-0.2054487,0.27111238
3.602264,4.122931,-1.0000644,-0.18848942,0.29071838
3.592508,4.138127,-1.0090692,-0.17153013,0.31032434
3.583808,4.1519504,-1.0177991,-0.15457085,0.32993034
3.576127,4.1643944,-1.0261453,-0.15115961,0.33597896
3.5687332,4.1766005,-1.0344514,-0.14774838,0.3420276
3.5616205,4.188565,-1.0427105,-0.14433715,0.34807622
3.5547838,4.2002845,-1.0509158,-0.13814287,0.34203953
3.5483189,4.2115793,-1.0586382,-0.13194859,0.33600283
3.5422142,4.222438,-1.0658891,-0.12575431,0.32996616
3.5364592,4.2328506,-1.0726801,-0.12673059,0.32088584
3.5307133,4.2434154,-1.0793421,-0.12770687,0.31180555
3.5249774,4.2541313,-1.0858717,-0.12868315,0.30272523
3.5192518,4.2649984,-1.0922656,-0.12998664,0.28860405
3.5135138,4.27606,-1.0984316,-0.13129014,0.27448288
3.5077636,4.2873135,-1.1043626,-0.13259363,0.26036167
3.5020018,4.2987576,-1.1100515,-0.13195418,0.2396369
3.4963026,4.310239,-1.1152714,-0.13131474,0.21891212
3.4906635,4.32175,-1.1200243,-0.13067529,0.19818735
3.485082,4.333282,-1.1243125,-0.12782124,0.18157457
3.4796534,4.3446217,-1.1281594,-0.12496717,0.16496177
3.4743733,4.3557606,-1.1315796,-0.122113116,0.14834899
3.4692378,4.3666916,-1.1345879,-0.11780984,0.1487177
3.4643152,4.3772516,-1.1374972,-0.11350656,0.14908643
3.4596024,4.387439,-1.1403071,-0.10920328,0.14945516
3.455096,4.397252,-1.1430172,-0.10706811,0.14712687
3.4507022,4.406889,-1.1456331,-0.10493293,0.14479858
3.4464192,4.416348,-1.1481566,-0.10279775,0.1424703
3.4422455,4.425628,-1.1505893,-0.09885003,0.14552182
3.4382555,4.434558,-1.1529783,-0.094902314,0.14857334
3.4344473,4.443136,-1.1553197,-0.090954594,0.15162486
3.430818,4.4513626,-1.1576093,-0.08785359,0.15391567
3.4273324,4.4593134,-1.1598542,-0.08475258,0.15620649
3.4239879,4.4669886,-1.1620517,-0.081651576,0.15849732
3.4207833,4.474387,-1.1641996,-0.07861967,0.16276409
3.417715,4.4815125,-1.166323,-0.07558776,0.16703087
3.4147818,4.4883647,-1.1684175,-0.07255584,0.17129764
3.411982,4.494943,-1.1704787,-0.06996293,0.17669795
3.409298,4.501286,-1.1725284,-0.06737003,0.18209827
3.4067285,4.507393,-1.1745619,-0.06477712,0.18749857
3.404272,4.513264,-1.1765742,-0.06256988,0.19266084
3.4019134,4.5189342,-1.178571,-0.06036263,0.1978231
3.399651,4.5244036,-1.1805482,-0.058155384,0.20298536
3.397484,4.529671,-1.1825022,-0.056427266,0.20811746
3.3953938,4.5347815,-1.1844453,-0.054699145,0.21324955
3.3933794,4.5397334,-1.1863747,-0.052971028,0.21838164
3.3914402,4.544527,-1.1882874,-0.05138551,0.22247279
3.3895693,4.5491767,-1.1901771,-0.04979999,0.22656393
3.3877666,4.5536823,-1.1920415,-0.048214473,0.23065507
3.386031,4.5580435,-1.1938785,-0.04765512,0.23580718
3.3843255,4.5623517,-1.1957341,-0.047095772,0.2409593
3.3826501,4.5666075,-1.1976073,-0.04653642,0.24611142
3.3810046,4.57081,-1.1994969,-0.047373027,0.25588003
3.3793418,4.575081,-1.2014953,-0.048209634,0.26564863
3.3776627,4.579419,-1.2036047,-0.04904624,0.27541724
3.3759682,4.583824,-1.2058277,-0.051741462,0.28819022
3.3741977,4.588458,-1.2082787,-0.05443668,0.30096316
3.372354,4.5933194,-1.2109683,-0.0571319,0.31373614
3.3704405,4.5984054,-1.2139069,-0.062159695,0.33243474
3.3683877,4.603911,-1.2172878,-0.06718749,0.35113338
3.3662038,4.6098294,-1.2211394,-0.072215274,0.369832
3.363897,4.6161556,-1.2254899,-0.07783314,0.3790074
3.3614495,4.6229596,-1.2302896,-0.083450995,0.3881828
3.3588698,4.6302404,-1.2355541,-0.08906885,0.39735818
3.3561678,4.637996,-1.2412988,-0.0969456,0.3915456
3.3532684,4.646475,-1.2474648,-0.104822345,0.38573298
3.3501825,4.6556835,-1.2540379,-0.11269909,0.37992036
3.3469224,4.6656294,-1.2610035,-0.12326388,0.37246314
3.3434222,4.6765637,-1.2684797,-0.13382867,0.3650059
3.3397002,4.688498,-1.2764415,-0.14439347,0.35754868
3.335776,4.7014427,-1.284864,-0.15019366,0.36225504
3.3318148,4.714917,-1.2937349,-0.15599386,0.36696136
3.327832,4.7289224,-1.3030629,-0.16179407,0.3716677
