-1.7839688,-6.1982827,-0.11578132,0.7549508,0.0
-1.7089792,-6.207004,-0.11578132,0.523,0.09983369
-1.6572881,-6.213016,-0.1070936,0.49337587,0.19966738
-1.6092077,-6.218185,-0.09078397,0.4637517,0.29950106
-1.5650795,-6.222202,-0.06797948,0.4388161,0.39945692
-1.524746,-6.224948,-0.03953556,0.41388047,0.49941278
-1.4884412,-6.226384,-0.0065003023,0.38894486,0.59936863
-1.4563271,-6.226593,0.030068375,0.3789395,0.69920224
-1.4273378,-6.225721,0.07071641,0.36893415,0.79903585
-1.4016727,-6.223903,0.11478461,0.35892877,0.89886945
-1.3794767,-6.221344,0.1616023,0.3664865,0.9984327
-1.3598856,-6.21815,0.21294847,0.37404418,1.0
-1.3401324,-6.213879,0.26540637,0.3816019,1.0
-1.3202362,-6.208471,0.3189242,0.3896292,1.0
-1.3002461,-6.20187,0.3735678,0.3976565,1.0
-1.2802424,-6.1940293,0.4293372,0.4056838,1.0
-1.2603126,-6.184905,0.48623237,0.4171335,1.0
-1.240387,-6.174373,0.54473335,0.4285832,1.0
-1.220582,-6.1623735,0.60484004,0.4400329,1.0
-1.2010248,-6.1488543,0.66655254,0.45470074,1.0
-1.1817157,-6.1336646,0.7303221,0.46936855,1.0
-1.1628234,-6.116747,0.7961488,0.4840364,1.0
-1.1445307,-6.0980563,0.86403257,0.5044622,1.0
-1.1268312,-6.077329,0.93478096,0.523,1.0
-1.1100461,-6.0545964,1.0081291,0.523,1.0
-1.0949721,-6.030695,1.0814774,0.523,1.0
-1.0816903,-6.005753,1.1548256,0.523,1.0
-1.070272,-5.979905,1.2281739,0.523,1.0
-1.0607785,-5.9532895,1.301522,0.523,1.0
-1.053261,-5.92605,1.3748703,0.523,1.0
-1.0477599,-5.898333,1.4482185,0.523,1.0
-1.0443048,-5.8702874,1.5215667,0.523,1.0
-1.0429143,-5.8420634,1.5949149,0.523,1.0
-1.0435957,-5.813814,1.6682632,0.523,1.0
-1.0463456,-5.7856903,1.7416114,0.523,1.0
-1.051149,-5.757844,1.8149595,0.523,1.0
-1.0579802,-5.730424,1.8883078,0.523,1.0
-1.0668024,-5.703579,1.961656,0.523,0.9969695
-1.0776188,-5.677329,2.034861,0.523,0.993939
-1.0903858,-5.6518216,2.1079226,0.523,0.9909085
-1.1050485,-5.6272,2.1808395,0.523,0.95373476
-1.1223863,-5.602396,2.2519312,0.523,0.916561
-1.1424272,-5.5776706,2.321099,0.523,0.87938726
-1.1651657,-5.5532775,2.3882477,0.523,0.8456922
-1.1904658,-5.529549,2.453486,0.523,0.8119972
-1.2182624,-5.506696,2.5167396,0.523,0.77830213
-1.2484685,-5.4849095,2.577937,0.523,0.74600977
-1.2809361,-5.4643884,2.637098,0.523,0.7137174
-1.3155462,-5.445278,2.6941617,0.523,0.6814251
-1.3521677,-5.427704,2.7490678,0.523,0.6134463
-1.3916794,-5.411346,2.7992487,0.523,0.5454675
-1.4337953,-5.3963366,2.8444724,0.523,0.47748867
-1.4782104,-5.3827376,2.8845298,0.523,0.43148577
-1.5241559,-5.3706594,2.9209847,0.523,0.38548288
-1.5714434,-5.360055,2.95376,0.523,0.33947995
-1.6198912,-5.3508463,2.9827862,0.523,0.30167496
-1.6692009,-5.342949,3.008685,0.523,0.26386994
-1.7192454,-5.3362584,3.0314198,0.523,0.22606494
-1.7699057,-5.330654,3.0509577,0.523,0.18911535
-1.8210623,-5.326005,3.0673442,0.523,0.15216576
-1.8726156,-5.32217,3.0805569,0.523,0.11521617
-1.9244721,-5.319001,3.0905776,0.523,0.091128506
-1.9764874,-5.316345,3.09851,0.523,0.06704084
-2.0286214,-5.3140974,3.1043494,0.523,0.04295317
-2.080837,-5.312152,3.1080923,0.523,0.011062515
-2.1331043,-5.3104005,3.1090567,0.523,-0.020828139
-2.1853654,-5.3086996,3.1072412,0.523,-0.052718796
-2.237562,-5.3069057,3.102648,0.523,-0.083434984
-2.2896404,-5.3048763,3.0953836,0.523,-0.11415118
-2.3415446,-5.3024764,3.0854552,0.523,-0.14486738
-2.3932152,-5.2995725,3.0728717,0.523,-0.17036612
-2.4446366,-5.2960334,3.058093,0.523,-0.19586487
-2.4957578,-5.2917547,3.041129,0.523,-0.22136362
-2.5465243,-5.2866373,3.0219908,0.51487005,-0.24255721
-2.596147,-5.280674,3.0013802,0.50674015,-0.26375082
-2.6445887,-5.273837,2.979362,0.4986102,-0.28494442
-2.6918108,-5.266108,2.9560018,0.48469326,-0.2881878
-2.7374833,-5.257533,2.9330423,0.4707763,-0.29143122
-2.7815988,-5.248197,2.9104981,0.45685935,-0.2946746
-2.8241534,-5.238184,2.8883839,0.43604678,-0.2678645
-2.8648622,-5.22765,2.869149,0.41523418,-0.24105437
-2.9036977,-5.2167997,2.8526278,0.3944216,-0.21424425
-2.9406402,-5.205817,2.8386514,0.3682622,-0.25292283
-2.9746711,-5.1951804,2.8232927,0.34210283,-0.29160142
-3.0057914,-5.1849265,2.8069012,0.31594342,-0.3
-3.0342999,-5.1750116,2.7913399,0.2969132,-0.2762666
-3.061131,-5.1652102,2.7778418,0.27788296,-0.2525332
-3.0862772,-5.155637,2.76627,0.25885275,-0.22879979
-3.109733,-5.1463957,2.756485,0.23867083,-0.24117856
-3.131212,-5.137689,2.746984,0.21848892,-0.25355732
-3.1507368,-5.129558,2.7378495,0.19830701,-0.26593608
-3.1683319,-5.122041,2.7291632,0.18595695,-0.2590459
-3.1848,-5.1148357,2.721224,0.1736069,-0.25215575
-3.200148,-5.107975,2.7140052,0.16125685,-0.24526557
-3.2143826,-5.101488,2.7074792,0.15940829,-0.2961133
-3.2282155,-5.095075,2.6997266,0.15755972,-0.3
-3.241822,-5.0886383,2.6919663,0.15571116,-0.3
-3.2552192,-5.0821733,2.6842968,0.15401627,-0.3
-3.2684212,-5.0756764,2.676711,0.1523214,-0.3
-3.2814286,-5.069153,2.6692088,0.15062651,-0.3
-3.2942426,-5.0626054,2.66179,0.15196198,-0.3
-3.3071208,-5.055904,2.6543052,0.15329745,-0.3
-3.3200614,-5.0490465,2.6467547,0.15463294,-0.3
-3.333062,-5.0420313,2.6391387,0.16086699,-0.3
-3.3465307,-5.0346303,2.6312153,0.16710104,-0.3
-3.36046,-5.026832,2.6229851,0.1733351,-0.3
-3.374842,-5.018624,2.6144478,0.17819439,-0.3
-3.3895545,-5.01006,2.6056712,0.18305367,-0.3
-3.4045906,-5.00113,2.5966551,0.18791296,-0.3
-3.4199424,-4.9918246,2.5873997,0.18839727,-0.3
-3.4352467,-4.9823527,2.5781205,0.1888816,-0.3
-3.4505017,-4.9727144,2.5688174,0.18936594,-0.3
