2.894961,2.281905,-0.2351471,0.37209335,0.0
2.9311466,2.2732358,-0.2351471,0.4018831,-0.08832236
2.9700766,2.2639089,-0.2410553,0.4316728,-0.17664471
3.0113435,2.2537642,-0.25369808,0.46146256,-0.26496708
3.0544536,2.2425861,-0.2738392,0.4912298,-0.27901688
3.0999174,2.2298157,-0.29638752,0.52099705,-0.2930667
3.147621,2.2152479,-0.32147262,0.523,-0.3
3.1950254,2.199461,-0.34723213,0.523,-0.28955007
3.2421567,2.1824043,-0.37212005,0.523,-0.27910015
3.288992,2.1641245,-0.39613366,0.523,-0.26865023
3.3355112,2.144668,-0.41927034,0.523,-0.27481523
3.3814888,2.124176,-0.44292468,0.523,-0.28098023
3.4268887,2.1026402,-0.4670958,0.523,-0.28714526
3.4716744,2.0800538,-0.49178272,0.523,-0.28187984
3.515957,2.0563326,-0.5160292,0.523,-0.27661446
3.5597177,2.0315073,-0.53983444,0.523,-0.27134907
3.6029387,2.0056088,-0.56319785,0.523,-0.2714186
3.6455421,1.9787085,-0.58656704,0.523,-0.27148813
3.6875045,1.9508204,-0.60994214,0.523,-0.2715577
3.728803,1.9219599,-0.6333231,0.523,-0.2525461
3.7696228,1.8919891,-0.65510345,0.523,-0.23353454
3.8099701,1.8609908,-0.6752753,0.523,-0.21452297
3.8498564,1.8290467,-0.69383144,0.523,-0.21737632
3.8891184,1.7963886,-0.71263057,0.523,-0.22022967
3.9277353,1.7630194,-0.73167247,0.523,-0.22308302
3.9656851,1.7289429,-0.75095695,0.523,-0.20025493
4.0031543,1.6939697,-0.7682961,0.523,-0.17742684
4.0401726,1.6581964,-0.7836808,0.523,-0.15459876
4.076776,1.6217186,-0.79710305,0.523,-0.16120775
4.1128483,1.5847918,-0.81109416,0.523,-0.16781676
4.1483617,1.5474048,-0.8256537,0.523,-0.17442575
4.183287,1.5095481,-0.8407808,0.523,-0.15759873
4.2177324,1.471059,-0.8544613,0.523,-0.1407717
4.2517343,1.4320035,-0.86669147,0.523,-0.123944685
4.2853312,1.3924468,-0.87746763,0.523,-0.123419754
4.318502,1.3525276,-0.88819844,0.523,-0.12289483
4.3512444,1.3122522,-0.8988838,0.523,-0.1223699
4.383557,1.2716266,-0.90952384,0.523,-0.11041541
4.4154797,1.2306021,-0.91912884,0.523,-0.098460905
4.4470468,1.1892213,-0.9276975,0.523,-0.08650641
4.478293,1.1475251,-0.9352285,0.523,-0.08643536
4.509224,1.1055946,-0.94275343,0.523,-0.086364314
4.539839,1.0634322,-0.9502722,0.523,-0.086293265
4.570136,1.0210407,-0.9577848,0.523,-0.073966935
4.600144,0.9783805,-0.9642263,0.523,-0.061640613
4.629901,0.935492,-0.9695959,0.523,-0.04931429
4.6594477,0.89241487,-0.97389275,0.523,-0.05149417
4.6888056,0.84921587,-0.9783793,0.523,-0.05367405
4.717966,0.8058906,-0.98305565,0.523,-0.055853926
4.7469206,0.76243466,-0.9879218,0.523,-0.034630574
4.7756906,0.71879643,-0.9909398,0.523,-0.013407218
4.804343,0.67504925,-0.9921084,0.523,0.007816136
4.832947,0.63126606,-0.9914271,0.523,-0.01101768
4.861579,0.5875036,-0.9923875,0.523,-0.029851496
4.890158,0.54373056,-0.9949891,0.523,-0.048685312
4.9186025,0.49991578,-0.99923116,0.523,-0.010897684
4.9468923,0.4559312,-1.0001811,0.523,0.026889944
4.975132,0.41193306,-0.9978375,0.523,0.064677574
5.0034256,0.36807722,-0.99220365,0.523,0.021630835
5.032019,0.32430017,-0.9903183,0.523,-0.0214159
5.060695,0.2805769,-0.99218494,0.523,-0.06446264
5.0892363,0.2368811,-0.99780005,0.523,0.00033944845
5.117591,0.19293445,-0.9977704,0.523,0.06514154
5.145887,0.14908184,-0.9920963,0.523,0.12994362
5.1742506,0.10566675,-0.9808014,0.523,0.063385025
5.2032895,0.06229568,-0.97528005,0.523,-0.0031735778
5.2326264,0.018998872,-0.9755567,0.523,-0.069732174
5.26188,-0.024201022,-0.98163,0.523,0.007217026
5.2909408,-0.06768233,-0.98100096,0.523,0.08416623
5.3199263,-0.110992625,-0.97367316,0.523,0.16111544
5.3489523,-0.15368232,-0.9596899,0.523,0.08900438
5.378842,-0.19634719,-0.95194197,0.523,0.016893338
5.409177,-0.23894174,-0.9504695,0.523,-0.055217706
5.4395323,-0.28143278,-0.9552802,0.523,0.020079697
5.469723,-0.32412586,-0.95353,0.523,0.0953771
5.4998574,-0.36658078,-0.94522893,0.523,0.1706745
5.530037,-0.40836078,-0.9304239,0.523,0.094215535
5.561147,-0.45011276,-0.92222357,0.523,0.01775657
5.5927343,-0.4917865,-0.9206759,0.523,-0.058702398
5.624336,-0.5333462,-0.92578983,0.523,0.0146703
5.6557755,-0.5751344,-0.92451113,0.523,0.088043
5.68715,-0.61672515,-0.91684663,0.523,0.1614157
5.7185516,-0.65769535,-0.9028376,0.523,0.08294515
5.7508345,-0.6986143,-0.8956158,0.523,0.004474604
5.7835236,-0.73943895,-0.89522576,0.523,-0.07399594
5.816139,-0.7801396,-0.90166986,0.523,-0.004119319
5.848581,-0.8211615,-0.9020289,0.523,0.065757304
5.8809376,-0.8621067,-0.8963012,0.523,0.13563393
5.913299,-0.902579,-0.8845147,0.523,0.058733188
5.946383,-0.9429689,-0.87939805,0.523,-0.01816755
5.9797244,-0.9832518,-0.88098156,0.523,-0.09506829
6.012858,-1.023412,-0.8892559,0.523,-0.03337419
6.045788,-1.0640057,-0.89216447,0.523,0.028319906
6.0786047,-1.1047014,-0.88969624,0.523,0.090014
6.111402,-1.1451677,-0.8818606,0.523,0.02529729
6.1446395,-1.1855264,-0.8796558,0.523,-0.039419424
6.1779504,-1.2257932,-0.8830909,0.523,-0.10413614
6.210969,-1.2659868,-0.8921517,0.523,-0.05613603
6.2437477,-1.3066343,-0.89704233,0.523,-0.00813592
6.276378,-1.3475046,-0.8977515,0.523,0.03986419
6.3089542,-1.3883669,-0.89427763,0.523,-0.009818661
6.3416967,-1.4291462,-0.8951335,0.523,-0.05950151
6.374348,-1.4698833,-0.90031695,0.523,-0.10918436
6.406652,-1.5106176,-0.9098153,0.523,-0.076761425
6.438664,-1.5517812,-0.91649973,0.523,-0.044338487
6.4704623,-1.5932392,-0.9203633,0.523,-0.011915552
6.5021296,-1.6348577,-0.921402,0.523,-0.049218345
6.533717,-1.6764616,-0.9256904,0.523,-0.086521134
6.565047,-1.7180948,-0.9332228,0.523,-0.123823926
6.5959396,-1.7597983,-0.9439885,0.5206648,-0.10373764
6.6263156,-1.8017405,-0.9529745,0.5183296,-0.08365135
6.6562357,-1.8438439,-0.96019256,0.5159944,-0.06356506
6.685761,-1.8860341,-0.9656554,0.51762164,-0.08969626
6.715089,-1.9284333,-0.9733831,0.51924884,-0.115827456
6.7441015,-1.9710768,-0.9833846,0.52087605,-0.14195865
6.7726784,-2.0139973,-0.9956671,0.5152573,-0.12213265
6.8004966,-2.0569117,-1.0061294,0.5096386,-0.10230666
6.8276267,-2.099739,-1.0148041,0.50401986,-0.08248066
6.8541374,-2.1424038,-1.0217249,0.50490403,-0.10639131
6.880339,-2.185229,-1.0306609,0.5057882,-0.13030195
6.906129,-2.2282398,-1.041614,0.5066723,-0.15421261
6.9314036,-2.2714577,-1.054585,0.5038034,-0.13241634
6.9560533,-2.3148897,-1.0656712,0.5009344,-0.11062008
6.980146,-2.3584592,-1.074888,0.4980654,-0.08882382
7.003752,-2.4020932,-1.0822515,0.49876034,-0.11091755
7.027017,-2.445864,-1.091453,0.49945524,-0.1330113
7.0498486,-2.489789,-1.1024925,0.50015014,-0.15510502
7.072153,-2.5338833,-1.11537,0.49552572,-0.13099821
7.0937614,-2.578004,-1.1261579,0.4909013,-0.10689138
7.114756,-2.622068,-1.1348869,0.48627684,-0.082784556
7.135218,-2.6659973,-1.1415886,0.4862571,-0.09327234
7.155366,-2.7100203,-1.1491367,0.48623738,-0.10376012
7.1751595,-2.7541466,-1.1575302,0.48621765,-0.1142479
7.1945586,-2.7983847,-1.1667683,0.48409596,-0.098722
7.213497,-2.84268,-1.1747205,0.48197427,-0.0831961
7.2320275,-2.8869922,-1.1813959,0.4798526,-0.067670204
7.2502027,-2.9312835,-1.1868037,0.48032194,-0.073578775
7.268148,-2.9756973,-1.1926887,0.4807913,-0.079487346
7.285841,-3.0202394,-1.1990514,0.48126066,-0.08539592
7.3032584,-3.0649147,-1.2058927,0.4798095,-0.08454502
7.32032,-3.1095765,-1.2126455,0.47835836,-0.083694115
7.33703,-3.15422,-1.2193104,0.47690722,-0.08284321
7.353393,-3.1988416,-1.2258877,0.47520977,-0.10072735
7.369379,-3.2433372,-1.2338519,0.4735123,-0.11861149
7.3849235,-3.2877119,-1.2431906,0.47181484,-0.13649563
7.3999643,-3.3319685,-1.2538908,0.46956614,-0.1603029
7.4144096,-3.3760147,-1.2663826,0.46731743,-0.18411018
7.4281797,-3.4198444,-1.2806414,0.46506873,-0.20791745
7.441199,-3.4634476,-1.2966415,0.46569687,-0.23058544
7.453473,-3.5070915,-1.3143805,0.46632499,-0.25325343
7.464923,-3.5507605,-1.3338538,0.46695313,-0.2759214
7.475469,-3.5944343,-1.3550562,0.46585956,-0.2942865
7.485013,-3.637984,-1.3775771,0.464766,-0.3
7.493539,-3.6815586,-1.4004683,0.4636724,-0.3
7.501047,-3.7252138,-1.4233057,0.46219406,-0.3
7.507536,-3.7688894,-1.4460704,0.46071568,-0.3
7.5130115,-3.8125615,-1.4687623,0.45923734,-0.3
7.5174804,-3.856206,-1.4913812,0.4601679,-0.29131082
7.520977,-3.900145,-1.5134085,0.46109852,-0.28262165
7.5235167,-3.9443526,-1.53484,0.4620291,-0.27393246
7.525116,-3.988804,-1.5556712,0.46665624,-0.24854694
7.5257998,-4.0340304,-1.5748038,0.47128338,-0.22316143
7.5256157,-4.07999,-1.5921874,0.4759105,-0.1977759
7.5246177,-4.1266427,-1.6077726,0.48612565,-0.16237989
7.5228443,-4.174583,-1.6208711,0.49634075,-0.12698387
7.52038,-4.2237554,-1.6313474,0.50655586,-0.09158786
7.5173273,-4.2741065,-1.639069,0.51631594,-0.06917049
7.5138135,-4.3254943,-1.6450166,0.523,-0.04675312
7.5099397,-4.3775935,-1.6490904,0.523,-0.024335753
7.5058503,-4.429718,-1.6512114,0.523,-0.018165564
7.50165,-4.48184,-1.6527947,0.523,-0.011995375
7.4973664,-4.533961,-1.6538403,0.523,-0.0058251857
7.493028,-4.5860796,-1.6543481,0.523,0.0014086247
7.4886637,-4.638197,-1.6542253,0.523,0.008642435
7.4843054,-4.6903133,-1.653472,0.523,0.015876245
7.4799867,-4.7424283,-1.6520882,0.523,0.020699073
7.475741,-4.794544,-1.650284,0.523,0.025521899
7.4715896,-4.846662,-1.6480596,0.523,0.030344725
7.4675546,-4.8987823,-1.645415,0.523,0.040638782
7.463659,-4.9508934,-1.6418736,0.523,0.050932836
7.4599495,-5.0029936,-1.6374359,0.523,0.061226893
7.4564734,-5.05508,-1.6321023,0.523,0.11232076
7.453289,-5.1069527,-1.6223322,0.523,0.16341463
7.4506307,-5.1584873,-1.6081512,0.523,0.21450849
7.4487224,-5.2095532,-1.5895963,0.523,0.24067584
7.4477677,-5.260337,-1.5688193,0.523,0.26684317
7.4478674,-5.310786,-1.5458345,0.523,0.29301053
7.449117,-5.360841,-1.5206577,0.523,0.2534599
7.4516544,-5.4114065,-1.4988003,0.523,0.2139093
7.455331,-5.462382,-1.4802964,0.523,0.17435868
7.4599857,-5.513678,-1.465175,0.523,0.16667229
7.465423,-5.564966,-1.4507139,0.523,0.1589859
7.4716096,-5.616235,-1.436914,0.523,0.1512995
7.478511,-5.6674743,-1.4237759,0.523,0.11549977
7.486121,-5.7188654,-1.4137305,0.523,0.07970003
7.494276,-5.7703576,-1.4067907,0.523,0.04390029
7.502807,-5.821906,-1.4029653,0.523,0.059386708
7.511528,-5.8733807,-1.3977917,0.523,0.07487313
7.520506,-5.9247556,-1.3912715,0.523,0.090359546
7.5298066,-5.976005,-1.3834058,0.523,0.06842069
7.539527,-6.027269,-1.3774464,0.523,0.046481848
7.5495653,-6.078539,-1.3733963,0.523,0.024542999
7.559819,-6.129808,-1.3712572,0.523,0.069896184
7.570161,-6.180945,-1.3651695,0.523,0.11524937
7.5807686,-6.231804,-1.3551458,0.523,0.16060255
7.591816,-6.2822347,-1.3412067,0.50281006,0.23330091
7.6029487,-6.32987,-1.3218325,0.48262015,0.30599928
7.6142883,-6.374471,-1.2976013,0.4624302,0.37869763
7.625881,-6.4158444,-1.2691071,0.44364554,0.38073248
7.638119,-6.4551716,-1.2416307,0.42486086,0.38276732
7.6508594,-6.4924674,-1.2151839,0.4060762,0.3848022
7.6639633,-6.5277505,-1.1897786,0.38091117,0.38774088
7.677077,-6.5604854,-1.165775,0.35574618,0.39067957
7.690038,-6.590718,-1.143196,0.33058116,0.39361826
7.7026987,-6.6184993,-1.1220646,0.30249995,0.3750358
7.7149096,-6.64386,-1.1035966,0.27441874,0.35645336
7.7264924,-6.666821,-1.0876367,0.24633755,0.3378709
7.7372894,-6.687402,-1.0740274,0.2172147,0.27266496
7.747259,-6.705792,-1.0642782,0.18809186,0.207459
7.756189,-6.721887,-1.0578212,0.15896903,0.14225307
7.7639117,-6.7355976,-1.0540649,0.12988335,0.0719571
7.770312,-6.746861,-1.0525086,0.10079766,0.0016611218
7.7753053,-6.755617,-1.0524807,0.07171198,-0.06863485
7.7788496,-6.7618318,-1.0533004,0.042450912,-0.14165945
7.7809286,-6.765484,-1.0542992,0.013189848,-0.21468405
7.781565,-6.7666044,-1.0547676,-0.016071217,-0.28770864
7.7808046,-6.765264,-1.0540075,-0.045852363,-0.3
7.7786403,-6.761456,-1.0517491,-0.0756335,-0.3
7.775056,-6.755182,-1.0480239,-0.10541465,-0.3
7.770028,-6.746456,-1.0428319,-0.13512367,-0.3
7.7635245,-6.7353053,-1.0361767,-0.1648327,-0.3
7.7555013,-6.7217555,-1.028058,-0.19454171,-0.3
7.7459025,-6.705841,-1.0184762,-0.2242314,-0.27618963
7.734584,-6.687475,-1.0082852,-0.2539211,-0.25237924
7.721471,-6.666676,-0.9977175,-0.2836108,-0.22856888
7.706493,-6.643466,-0.98700726,-0.3118229,-0.15438484
7.68951,-6.6177573,-0.97901565,-0.34003502,-0.080200806
7.6706023,-6.589627,-0.9744753,-0.36824712,-0.006016767
7.649922,-6.5591583,-0.974106,-0.39109138,0.07632891
7.62801,-6.5269017,-0.97907645,-0.41393566,0.15867458
7.6052113,-6.492977,-0.9899774,-0.43677992,0.24102026
7.5819373,-6.4575176,-1.0073535,-0.42572388,0.30213496
7.5602293,-6.4231563,-1.0284666,-0.41466784,0.36324966
7.5402236,-6.389957,-1.0530227,-0.40361178,0.42436433
7.522019,-6.357997,-1.0807201,-0.38734773,0.35939065
7.5049515,-6.326005,-1.1034253,-0.37108368,0.29441693
7.488952,-6.2943015,-1.1213722,-0.35481963,0.22944324
7.4739413,-6.2631807,-1.134822,-0.35256395,0.2587561
7.459548,-6.232286,-1.1498576,-0.35030824,0.28806895
7.4458237,-6.2016306,-1.1664448,-0.34805253,0.3173818
7.4328146,-6.1712303,-1.1845481,-0.33028036,0.3004199
7.4209294,-6.142006,-1.2008376,-0.31250823,0.283458
7.410081,-6.1140323,-1.2154045,-0.29473606,0.26649612
7.4001875,-6.0873756,-1.2283411,-0.28128463,0.2502407
7.391036,-6.0617056,-1.2399505,-0.2678332,0.2339853
7.3825727,-6.037065,-1.2503004,-0.25438178,0.21772991
7.374748,-6.0134926,-1.2594587,-0.24759826,0.2033352
7.3673196,-5.9904084,-1.2677919,-0.24081476,0.18894048
7.360262,-5.967833,-1.2753302,-0.23403125,0.17454576
7.3535504,-5.945784,-1.2821038,-0.2217084,0.16234733
7.3473215,-5.9248104,-1.2880765,-0.20938556,0.1501489
7.341546,-5.904929,-1.2932966,-0.1970627,0.13795047
7.336199,-5.886157,-1.297813,-0.18233927,0.11053684
7.331313,-5.8687053,-1.3011655,-0.16761583,0.08312322
7.3268633,-5.8526053,-1.3034849,-0.1528924,0.055709608
7.322831,-5.837882,-1.3049037,-0.13346015,0.006443101
7.3193245,-5.825005,-1.305047,-0.1140279,-0.042823404
7.3163323,-5.8140125,-1.3042334,-0.094595656,-0.09208991
7.313851,-5.804926,-1.3027836,-0.0737616,-0.1537431
7.3119206,-5.797897,-1.300901,-0.052927542,-0.21539629
7.310542,-5.792914,-1.2990156,-0.032093484,-0.27704948
7.3097134,-5.78994,-1.2975526,-0.00811046,-0.3
7.3095045,-5.789194,-1.2971531,0.015872562,-0.3
7.309914,-5.7906537,-1.2979349,0.039855585,-0.3
7.3109403,-5.7943206,-1.2998979,0.06869907,-0.3
7.3126965,-5.8006444,-1.3032815,0.09754256,-0.3
7.31516,-5.8096313,-1.3080859,0.12638605,-0.3
7.3182955,-5.8212914,-1.3143108,0.15615688,-0.3
7.32208,-5.8357215,-1.322002,0.18592773,-0.3
7.3264537,-5.852937,-1.3311596,0.21569857,-0.3
7.3313446,-5.872955,-1.3417835,0.2456941,-0.27459273
7.3367133,-5.895986,-1.352887,0.27568963,-0.24918547
7.3424892,-5.922072,-1.3642186,0.30568516,-0.2237782
7.348603,-5.9512444,-1.3755246,0.33568513,-0.28460798
7.354854,-5.98285,-1.3912336,0.3656851,-0.3
7.3610935,-6.017224,-1.4092449,0.39568505,-0.3
7.367174,-6.0545325,-1.4287337,0.425685,-0.3
7.372932,-6.0947905,-1.4497001,0.4556849,-0.3
7.378191,-6.138005,-1.4721441,0.48568484,-0.3
7.3827605,-6.1841784,-1.4960657,0.5152824,-0.24911395
7.386489,-6.233977,-1.5172391,0.523,-0.19822791
7.389234,-6.285179,-1.5344051,0.523,-0.14734186
7.391116,-6.336878,-1.547202,0.5050649,-0.051146615
7.3923063,-6.3873043,-1.5515054,0.48712978,0.04504863
7.3932447,-6.435959,-1.5478493,0.46919468,0.14124388
7.394311,-6.482399,-1.5368408,0.4419332,0.23620032
7.3957696,-6.5253406,-1.5196047,0.41467178,0.33115676
7.397776,-6.564503,-1.4971339,0.3874103,0.42611322
7.400372,-6.5996842,-1.4704454,0.36339694,0.493998
7.403578,-6.6315184,-1.441728,0.33938357,0.5618828
7.4072742,-6.66,-1.4115919,0.3153702,0.6297676
7.411315,-6.685165,-1.3806353,0.2958726,0.62387556
7.4158535,-6.7087455,-1.3518279,0.276375,0.6179836
7.420747,-6.7307334,-1.3251396,0.25687736,0.61209154
7.42586,-6.7511263,-1.3005402,0.22843261,0.56543356
7.4310093,-6.769714,-1.2801418,0.19998784,0.5187756
7.4359865,-6.786353,-1.2636156,0.17154309,0.47211763
7.440606,-6.8009157,-1.2506133,0.14224634,0.40867597
7.4447145,-6.8133054,-1.2411921,0.112949595,0.34523427
7.4481544,-6.823362,-1.2348213,0.08365285,0.2817926
7.4508038,-6.830948,-1.2309444,0.05411171,0.22983284
7.45256,-6.8359156,-1.2288898,0.024570573,0.17787308
7.4533706,-6.838194,-1.2281653,-0.0049705645,0.12591329
7.453205,-6.8377295,-1.2282692,-0.034704406,0.05201777
7.452041,-6.834465,-1.22857,-0.064438246,-0.021877754
7.449879,-6.8283963,-1.228335,-0.09417208,-0.09577328
7.446731,-6.8195667,-1.2268342,-0.12402611,-0.122961834
7.44258,-6.8079786,-1.2242988,-0.15388015,-0.15015039
7.437413,-6.793668,-1.2204624,-0.18373418,-0.17733896
7.431206,-6.7766814,-1.2150602,-0.21353137,-0.13367467
7.4238358,-6.7568436,-1.2103171,-0.24332857,-0.090010375
7.415288,-6.7341666,-1.2066717,-0.27312577,-0.046346087
7.4055715,-6.7086725,-1.2045628,-0.3011145,0.034437783
7.394795,-6.6805744,-1.2062907,-0.32910326,0.11522165
7.3831406,-6.65003,-1.2125967,-0.357092,0.19600552
7.370861,-6.617228,-1.2241875,-0.36564058,0.26843825
7.358885,-6.5840697,-1.2403504,-0.37418914,0.34087095
7.347442,-6.550712,-1.2611995,-0.38273773,0.41330367
7.336763,-6.5173273,-1.2868197,-0.36623916,0.3768957
7.327222,-6.4846377,-1.3092846,-0.34974056,0.34048775
7.318699,-6.452792,-1.3287504,-0.333242,0.30407977
7.3110776,-6.4219236,-1.34538,-0.32380664,0.31338596
7.304193,-6.3918996,-1.3620173,-0.31437132,0.32269216
7.298013,-6.3627324,-1.3786329,-0.30493596,0.33199835
7.2925076,-6.3344345,-1.3951976,-0.29539084,0.30875233
7.287591,-6.306725,-1.4101578,-0.2858457,0.28550634
7.283204,-6.2796507,-1.4235755,-0.27630058,0.26226035
7.2792897,-6.2532544,-1.4355147,-0.26996374,0.2540724
7.2757654,-6.227363,-1.4468237,-0.2636269,0.24588448
7.272604,-6.2019897,-1.4575188,-0.25729007,0.23769656
7.2697773,-6.1771445,-1.467616,-0.24912935,0.23311055
7.2672806,-6.153034,-1.4772077,-0.24096866,0.22852454
7.2650876,-6.129667,-1.4863058,-0.23280796,0.22393852
7.2631717,-6.107048,-1.4949225,-0.22799166,0.21887591
7.2614846,-6.084857,-1.5031732,-0.22317535,0.21381332
7.260011,-6.0630975,-1.5110658,-0.21835904,0.20875071
7.258736,-6.041774,-1.5186079,-0.21130951,0.20816194
7.2576575,-6.021127,-1.525886,-0.20425999,0.20757315
7.25676,-6.0011597,-1.532902,-0.19721048,0.20698437
7.256029,-5.9818735,-1.5396568,-0.18356769,0.18538402
7.255467,-5.96384,-1.5452961,-0.1699249,0.16378367
7.2550397,-5.94708,-1.5499138,-0.15628211,0.1421833
7.254717,-5.931613,-1.5536048,-0.13837172,0.1016705
7.25448,-5.9178495,-1.5559455,-0.12046132,0.061157696
7.2543015,-5.905827,-1.5571725,-0.102550924,0.020644892
7.254162,-5.895575,-1.5575254,-0.08097493,-0.022138547
7.2540545,-5.8874803,-1.5572267,-0.059398934,-0.06492199
7.253974,-5.8815536,-1.5565844,-0.037822936,-0.10770543
7.2539206,-5.8777933,-1.5559068,-0.010909401,-0.11940442
7.2539043,-5.8767104,-1.5556902,0.016004134,-0.13110343
7.253928,-5.878297,-1.5560389,0.04291767,-0.14280242
7.253991,-5.8825445,-1.5570569,0.07221018,-0.12957212
7.2540894,-5.889704,-1.5586119,0.10150269,-0.116341814
7.2542124,-5.8997855,-1.5605756,0.1307952,-0.10311152
7.2543454,-5.9127946,-1.5628194,0.16057329,-0.03952502
7.254473,-5.928839,-1.5638769,0.19035137,0.024061477
7.254605,-5.9478683,-1.5631136,0.22012946,0.087647974
7.254773,-5.969796,-1.5599021,0.25008583,0.17045008
7.2550416,-5.9944406,-1.5528319,0.28004217,0.25325218
7.255529,-6.0215473,-1.5411377,0.30999854,0.3360543
7.256397,-6.0508003,-1.5240998,0.3399971,0.37392652
7.257874,-6.082416,-1.5034013,0.36999568,0.41179878
7.2601576,-6.1162457,-1.4787189,0.39999428,0.44967103
7.2634697,-6.152116,-1.4497414,0.42999187,0.35537165
7.2683377,-6.1921334,-1.4248062,0.45998946,0.26107228
7.2748027,-6.236101,-1.4050177,0.48998708,0.16677289
