0.8089202,7.8542047,-2.4866962,0.09583776,0.0
0.80131924,7.848367,-2.4866962,0.124246694,-0.09961942
0.7915139,7.840837,-2.4887557,0.15265563,-0.19923884
0.77962744,7.8317475,-2.4937913,0.18106456,-0.29885826
0.7658291,7.8213058,-2.5026765,0.20953538,-0.3
0.7497601,7.809369,-2.5129967,0.23800619,-0.3
0.73136866,7.795999,-2.5247195,0.266477,-0.3
0.7106032,7.781272,-2.5378442,0.29370156,-0.3
0.6875051,7.765342,-2.55231,0.32092613,-0.3
0.6620169,7.748303,-2.5681167,0.3481507,-0.3
0.6340777,7.7302575,-2.5852644,0.37361825,-0.3
0.60376716,7.711409,-2.6036663,0.3990858,-0.3
0.5710255,7.691875,-2.6233227,0.4245533,-0.3
0.5357927,7.671783,-2.6442332,0.44815123,-0.3
0.4981662,7.651356,-2.6663063,0.47174916,-0.3
0.45809355,7.6307335,-2.6895416,0.49534705,-0.3
0.4155246,7.6100626,-2.713939,0.5111242,-0.3
0.3710926,7.5898113,-2.7391136,0.523,-0.3
0.325121,7.57024,-2.764873,0.523,-0.3
0.27866054,7.55186,-2.7906327,0.523,-0.3
0.2317421,7.5346823,-2.8163922,0.523,-0.3
0.18439677,7.5187187,-2.8421516,0.523,-0.3
0.136656,7.50398,-2.867911,0.523,-0.3
0.088551454,7.4904757,-2.8936708,0.523,-0.3
0.040115036,7.478215,-2.9194303,0.523,-0.3
-0.008621108,7.467206,-2.9451897,0.523,-0.3
-0.057624638,7.457456,-2.9709492,0.523,-0.3
-0.106863044,7.4489713,-2.9967086,0.523,-0.3
-0.15630366,7.4417577,-3.0224683,0.523,-0.3
-0.20591366,7.4358196,-3.0482278,0.523,-0.3
-0.25566015,7.4311614,-3.0739872,0.523,-0.3
-0.3055101,7.4277864,-3.0997467,0.523,-0.3
-0.35543045,7.425696,-3.1255062,0.523,-0.3
-0.4053881,7.4248924,3.1319196,0.523,-0.3
-0.45534986,7.4253755,3.10616,0.5225687,-0.2005133
-0.5065276,7.42719,3.088813,0.5221374,-0.10102661
-0.5584028,7.42993,3.0800364,0.52170616,-0.0015399099
-0.6104745,7.43314,3.0799026,0.523,0.09811045
-0.66242397,7.4363484,3.088441,0.523,0.1977608
-0.7136322,7.439073,3.1055667,0.523,0.29741117
-0.7636037,7.440874,3.1311107,0.523,0.39704442
-0.81183255,7.4413795,-3.118368,0.523,0.4966777
-0.8578007,7.440312,-3.0768323,0.523,0.596311
-0.90098375,7.4375114,-3.02788,0.523,0.49631134
-0.94667643,7.432293,-2.9863725,0.523,0.39631173
-0.9943427,7.4248343,-2.9527245,0.523,0.2963121
-1.043474,7.415443,-2.9272723,0.523,0.19631569
-1.0935957,7.4045334,-2.9102697,0.523,0.09631927
-1.1442667,7.392598,-2.901887,0.523,-0.0036771477
-1.1950711,7.3801813,-2.9022076,0.523,-0.10365472
-1.2456069,7.3678474,-2.9112265,0.523,-0.2036323
-1.2954733,7.356152,-2.928854,0.523,-0.3
-1.344311,7.345603,-2.9546137,0.523,-0.3
-1.3934042,7.336315,-2.9803731,0.523,-0.3
-1.4427204,7.3282948,-3.0061326,0.523,-0.3
-1.4922268,7.321547,-3.031892,0.523,-0.3
-1.5418906,7.316077,-3.0576518,0.523,-0.3
-1.5916787,7.3118877,-3.0834112,0.523,-0.3
-1.6415583,7.308983,-3.1091707,0.523,-0.3
-1.6914961,7.307363,-3.1349301,0.523,-0.3
-1.7414591,7.30703,3.1224957,0.523,-0.3
-1.7914141,7.3079844,3.0967362,0.49873713,-0.20051709
-1.8402394,7.310176,3.08018,0.47447425,-0.101034164
-1.8873559,7.313073,3.0722039,0.4502114,-0.0015512466
-1.9322686,7.3161945,3.0720875,0.42787915,0.0972384
-1.9747516,7.319152,3.079011,0.4055469,0.19602804
-2.0144517,7.3216395,3.092176,0.38321465,0.2948177
-2.051075,7.323451,3.1107342,0.36258253,0.39068818
-2.0845852,7.3244853,3.1337476,0.34195042,0.4865587
-2.114811,7.324723,-3.1227891,0.3213183,0.58242923
-2.1416404,7.324218,-3.093332,0.3490249,0.48242953
-2.1725235,7.3227262,-3.0663447,0.37673146,0.38242987
-2.2073762,7.320099,-3.0429134,0.40443805,0.2824302
-2.2460287,7.3162723,-3.024128,0.42971754,0.18243177
-2.287996,7.31132,-3.0111346,0.454997,0.08243334
-2.332956,7.305421,-3.0048907,0.4802765,-0.01756509
-2.3805282,7.298877,-3.0062966,0.49519095,-0.117549494
-2.4292562,7.2922435,-3.0159757,0.51010543,-0.2175339
-2.478672,7.286003,-3.0343244,0.523,-0.3
-2.528349,7.280654,-3.060084,0.523,-0.3
-2.5781472,7.276586,-3.0858436,0.523,-0.3
-2.6280336,7.273802,-3.111603,0.523,-0.3
-2.6779754,7.2723036,-3.1373625,0.523,-0.3
-2.727939,7.2720923,3.1200633,0.523,-0.3
-2.7778914,7.273168,3.0943038,0.523,-0.3
-2.8277998,7.27553,3.0685441,0.49623367,-0.20031798
-2.876301,7.279079,3.0520873,0.46946737,-0.10063596
-2.9228234,7.283254,3.0442264,0.44270104,-0.0009539366
-2.9668837,7.287558,3.044156,0.41593975,0.09800558
-3.0080817,7.291585,3.0509393,0.38917845,0.1969651
-3.0460904,7.29504,3.0636325,0.36241716,0.2959246
-3.0806515,7.29774,3.0812476,0.33884603,0.39191207
-3.11191,7.2996283,3.1028183,0.31527492,0.4878995
-3.1397378,7.300708,3.1274502,0.2917038,0.583887
-3.1640732,7.301052,-3.1289337,0.2728349,0.67250943
-3.1854143,7.3007817,-3.1006067,0.25396597,0.76113194
-3.2037873,7.3000283,-3.0714114,0.23509708,0.8497544
-3.2192695,7.29894,-3.0419805,0.26430318,0.74975467
-3.2385168,7.2970166,-3.011962,0.2935093,0.6497549
-3.2616909,7.2939954,-2.9823668,0.3227154,0.54975516
-3.2888591,7.289633,-2.9542649,0.35159677,0.449756
-3.3199685,7.2837358,-2.928789,0.38047814,0.34975687
-3.3549063,7.2761865,-2.9070592,0.4093595,0.24975772
-3.3934863,7.2669687,-2.8901956,0.43551862,0.14976777
-3.4351969,7.256256,-2.8793652,0.46167773,0.049777817
-3.479731,7.2443027,-2.8755367,0.48783687,-0.050212134
-3.5267391,7.2314925,-2.8796175,0.50636834,-0.15012069
-3.575098,7.2185254,-2.8922393,0.523,-0.25002924
-3.6242046,7.2060204,-2.9138072,0.523,-0.3
-3.672878,7.1947374,-2.9395666,0.523,-0.3
-3.721826,7.184712,-2.965326,0.523,-0.3
-3.771016,7.1759505,-2.9910858,0.523,-0.3
-3.8204153,7.168459,-3.0168452,0.523,-0.3
-3.869991,7.162242,-3.0426047,0.523,-0.3
-3.9197106,7.1573043,-3.0683641,0.523,-0.3
-3.9695408,7.153649,-3.0941236,0.523,-0.3
-4.0194488,7.151278,-3.1198833,0.523,-0.3
-4.069401,7.150193,3.1375425,0.523,-0.3
-4.1193647,7.150396,3.111783,0.50229865,-0.20033745
-4.168568,7.151863,3.0951235,0.48159733,-0.10067491
-4.216432,7.1540885,3.0870564,0.46089602,-0.001012373
-4.262453,7.156601,3.0869787,0.44511923,0.09827636
-4.3066845,7.159019,3.0942576,0.42934245,0.19756511
-4.3487363,7.161011,3.108303,0.41356567,0.29685384
-4.388262,7.1623273,3.1284652,0.4048018,0.39468563
-4.4256268,7.162818,-3.1287777,0.39603794,0.49251744
-4.4605207,7.1623707,-3.097567,0.38727406,0.59034926
-4.492662,7.160955,-3.0616376,0.41622528,0.49036103
-4.5292625,7.158022,-3.0289676,0.44517648,0.3903728
-4.5701704,7.153395,-3.0007336,0.47412768,0.2903846
-4.615148,7.1470175,-2.9781082,0.5007701,0.19059382
-4.6636624,7.1390147,-2.9622972,0.523,0.09080305
-4.7149124,7.129726,-2.954393,0.523,-0.008987725
-4.7662964,7.119993,-2.9551764,0.523,-0.10523246
-4.817406,7.1103535,-2.964332,0.523,-0.2014772
-4.867845,7.101318,-2.9817758,0.523,-0.29772192
-4.9172072,7.093361,-3.0073454,0.523,-0.3
-4.9667215,7.0866737,-3.033105,0.523,-0.3
-5.016392,7.0812635,-3.0588646,0.523,-0.3
-5.0661855,7.077135,-3.084624,0.523,-0.27131715
-5.1164904,7.074266,-3.1079848,0.523,-0.2426343
-5.1672297,7.0725603,-3.1289275,0.523,-0.21395144
-5.2183332,7.071913,3.1357503,0.523,-0.1722739
-5.269858,7.072214,3.120808,0.523,-0.13059637
-5.3217015,7.073292,3.1094568,0.523,-0.08891884
-5.373768,7.0749655,3.101716,0.51410526,0.010309016
-5.425135,7.077015,3.1025994,0.5052105,0.10953687
-5.475315,7.078973,3.1118042,0.4963158,0.20876473
-5.5238476,7.0804186,3.128948,0.5020715,0.3065702
-5.5717096,7.081024,-3.128984,0.50782716,0.40437567
-5.618393,7.0804353,-3.0956836,0.5135829,0.5021811
-5.663363,7.078369,-3.0544825,0.523,0.4036084
-5.7112784,7.074185,-3.0202487,0.523,0.3050357
-5.760797,7.068146,-2.99407,0.523,0.20646302
-5.8114305,7.060622,-2.976201,0.523,0.13203664
-5.862568,7.0520864,-2.9647253,0.523,0.057610255
-5.913966,7.0428996,-2.9597063,0.523,-0.016816128
-5.9653964,7.0334406,-2.961172,0.523,0.023625959
-6.0168333,7.0240583,-2.959113,0.523,0.06406804
-6.068159,7.0145874,-2.9535322,0.523,0.10451013
-6.119257,7.004863,-2.944439,0.523,0.09821255
-6.1702967,6.9946675,-2.9358919,0.523,0.09191497
-6.2212777,6.9840302,-2.927891,0.523,0.08561738
-6.272201,6.972979,-2.9204373,0.523,0.106439546
-6.3229384,6.9615717,-2.9111767,0.523,0.12726171
-6.3734446,6.949724,-2.9001138,0.523,0.14808388
-6.4236712,6.937354,-2.8872528,0.523,0.14862442
-6.4737306,6.9243402,-2.8743453,0.523,0.14916494
-6.523614,6.910682,-2.8613913,0.523,0.14970547
-6.573312,6.8963804,-2.8483908,0.523,0.16158801
-6.622728,6.8814616,-2.8343668,0.523,0.17347054
-6.6718307,6.865883,-2.8193216,0.523,0.18535307
-6.7205887,6.8496017,-2.8032575,0.523,0.18548588
-6.7690773,6.8325405,-2.7871819,0.523,0.1856187
-6.8172846,6.814702,-2.7710948,0.523,0.1857515
-6.865197,6.796091,-2.7549965,0.523,0.20351237
-6.9126377,6.7767787,-2.737379,0.523,0.22127323
-6.9595504,6.756711,-2.7182486,0.523,0.23903409
-7.0058775,6.7358365,-2.6976106,0.523,0.2552734
-7.0515766,6.7140994,-2.6756,0.523,0.27151272
-7.0965886,6.6914616,-2.6522229,0.523,0.287752
-7.140852,6.6678877,-2.6274853,0.523,0.2994683
-7.1843643,6.6433134,-2.6017702,0.523,0.31118459
-7.2270727,6.617723,-2.5750809,0.523,0.32290086
-7.268922,6.591105,-2.5474212,0.523,0.33091995
-7.309907,6.5634146,-2.5190995,0.523,0.338939
-7.3499794,6.5346556,-2.4901178,0.523,0.3469581
-7.3890896,6.5048323,-2.4604778,0.523,0.34184214
-7.427369,6.473807,-2.4312575,0.523,0.3367262
-7.464793,6.441618,-2.4024577,0.523,0.33161023
-7.50134,6.408305,-2.3740792,0.523,0.33672336
-7.5368633,6.37403,-2.3452797,0.523,0.34183648
-7.571323,6.33881,-2.3160598,0.523,0.3469496
-7.6046777,6.3026648,-2.2864206,0.523,0.34526896
-7.636966,6.265524,-2.256919,0.523,0.3435883
-7.668164,6.227424,-2.2275553,0.523,0.34190765
-7.6982474,6.188401,-2.1983297,0.523,0.33543622
-7.727244,6.148425,-2.169636,0.523,0.32896483
-7.7551436,6.1075425,-2.1414757,0.523,0.3224934
-7.78194,6.065799,-2.1138496,0.523,0.31471252
-7.8076386,6.0232224,-2.0868678,0.523,0.3069316
-7.8322406,5.9798594,-2.0605319,0.523,0.2991507
-7.8557496,5.9357567,-2.034843,0.523,0.2968487
-7.878134,5.891033,-2.009346,0.523,0.29454675
-7.8993855,5.8457217,-1.984041,0.523,0.29224476
-7.9194975,5.7998548,-1.9589281,0.523,0.2913785
-7.9384565,5.7534857,-1.9338875,0.523,0.2905122
-7.9562535,5.706644,-1.9089191,0.523,0.28964594
-7.97288,5.6593604,-1.8840232,0.523,0.28167737
-7.98836,5.611566,-1.8597938,0.523,0.27370882
-8.00271,5.563301,-1.8362322,0.523,0.26574025
-8.015948,5.514604,-1.8133402,0.523,0.259421
-8.028089,5.4655337,-1.7909801,0.523,0.25310174
-8.039148,5.4161224,-1.7691529,0.523,0.24678248
-8.049142,5.3664017,-1.7478594,0.523,0.24199963
-8.058085,5.316419,-1.7269703,0.523,0.23721677
-8.065992,5.2662024,-1.7064863,0.523,0.2324339
-8.072877,5.215777,-1.6864078,0.523,0.23428209
-8.078745,5.165245,-1.6661725,0.523,0.23613027
-8.083588,5.114628,-1.6457806,0.523,0.23797846
-8.087395,5.0639443,-1.625232,0.523,0.24083088
-8.090158,5.013229,-1.6044419,0.523,0.24368331
-8.091866,4.962503,-1.5834105,0.523,0.24653575
-8.092505,4.9117885,-1.5621378,0.523,0.24656239
-8.092067,4.861072,-1.5408629,0.523,0.24658905
-8.0905485,4.8103766,-1.5195857,0.523,0.24661571
-8.087953,4.7597256,-1.4983063,0.523,0.2464972
-8.084279,4.70914,-1.4770368,0.523,0.24637869
-8.079531,4.658642,-1.4557775,0.523,0.24626017
-8.0737095,4.608255,-1.4345281,0.523,0.24424736
-8.066815,4.5579777,-1.4134489,0.523,0.24223454
-8.058859,4.5078316,-1.39254,0.523,0.24022174
-8.049852,4.4578385,-1.3718015,0.523,0.23771441
-8.0398035,4.4080124,-1.3512753,0.523,0.23520708
-8.0287285,4.3583727,-1.3309616,0.523,0.23269977
-8.01664,4.308939,-1.3108605,0.523,0.22680476
-8.003542,4.2596903,-1.2912598,0.523,0.22090976
-7.989463,4.210642,-1.27216,0.523,0.21501476
-7.9744296,4.161808,-1.253562,0.523,0.20851293
-7.9584684,4.113194,-1.2355181,0.523,0.2020111
-7.94161,4.0648103,-1.2180289,0.523,0.19550925
-7.923885,4.016666,-1.2010955,0.523,0.18944168
-7.905325,3.9687722,-1.184681,0.523,0.1833741
-7.8859596,3.9211347,-1.1687863,0.523,0.17730653
-7.865817,3.8737588,-1.153412,0.521763,0.16955712
-7.8449693,3.8267457,-1.1387377,0.5205261,0.16180773
-7.8234577,3.780094,-1.1247613,0.5192892,0.15405832
-7.801321,3.7338004,-1.1114806,0.5178405,0.14383824
-7.7786007,3.6878626,-1.0991092,0.51639175,0.13361815
-7.7553453,3.6422725,-1.0876435,0.51494306,0.123398066
-7.7316046,3.5970192,-1.0770798,0.5133935,0.11497522
-7.707435,3.5521095,-1.0672636,0.5118439,0.10655238
-7.6828775,3.5075321,-1.0581911,0.5102944,0.098129526
-7.657971,3.4632754,-1.0498586,0.50872856,0.09624408
-7.6327686,3.419355,-1.0417109,0.50716275,0.09435864
-7.607284,3.375768,-1.0337468,0.5055969,0.092473194
-7.581528,3.3325114,-1.0259656,0.5044018,0.08828228
-7.555488,3.2895422,-1.0185536,0.50320673,0.084091365
-7.529183,3.246853,-1.0115093,0.5020116,0.07990045
-7.502632,3.2044368,-1.0048313,0.49948198,0.074677095
-7.475923,3.1623943,-0.9986204,0.4969523,0.069453746
-7.44908,3.1207151,-0.9928725,0.49442264,0.0642304
-7.422126,3.0793877,-0.9875833,0.4913642,0.06007547
-7.395115,3.0384476,-0.98266643,0.48830575,0.05592054
-7.368066,2.9978852,-0.97811776,0.48524728,0.051765613
-7.3409967,2.9576902,-0.9739331,0.48035663,0.04663039
-7.314028,2.918003,-0.97020125,0.47546598,0.041495163
-7.287181,2.878811,-0.96691394,0.4705753,0.036359936
-7.260477,2.8401017,-0.96406287,0.46420306,0.031312257
-7.2340217,2.8019855,-0.9616407,0.45783082,0.026264578
-7.207835,2.7644503,-0.95963687,0.45145854,0.0212169
-7.1819353,2.727485,-0.95804054,0.43742102,0.026834577
-7.1567874,2.6917138,-0.95608443,0.42338347,0.032452255
-7.1323824,2.657144,-0.9537949,0.40934595,0.038069934
-7.1087155,2.6237814,-0.9511982,0.38678527,0.02788319
-7.086263,2.592305,-0.94940096,0.3642246,0.017696446
-7.0650625,2.5626957,-0.94832677,0.34166393,0.0075097024
-7.0451427,2.5349383,-0.94789916,0.32069376,-0.0012736022
-7.0264335,2.5088918,-0.94796723,0.2997236,-0.010056907
-7.00895,2.4845486,-0.94846964,0.27875343,-0.018840212
-6.992704,2.4619033,-0.9493449,0.26047078,-0.04067806
-6.9775515,2.4407437,-0.9511103,0.24218813,-0.06251591
-6.9635134,2.4210665,-0.95363206,0.22390546,-0.08435376
-6.9506016,2.4028714,-0.9567762,0.20211658,-0.1091886
-6.9390254,2.38645,-0.9604471,0.18032768,-0.13402346
-6.928783,2.3718057,-0.964463,0.15853879,-0.1588583
-6.919862,2.3589418,-0.96864295,0.14238937,-0.19497462
-6.9119496,2.3474298,-0.97324073,0.12623996,-0.23109093
-6.905036,2.3372707,-0.9780597,0.11009055,-0.26720724
-6.899104,2.3284636,-0.98290443,0.10220599,-0.29197213
-6.893676,2.320319,-0.9878076,0.09432143,-0.3
-6.888715,2.3127964,-0.9924532,0.086436875,-0.3
-6.884201,2.3058817,-0.99671054,0.084600314,-0.3
-6.879812,2.2990952,-1.0008774,0.082763754,-0.3
-6.8755455,2.2924383,-1.0049537,0.08092719,-0.3
-6.871401,2.285912,-1.0089397,0.07719176,-0.3
-6.8674717,2.2796712,-1.0127417,0.07345633,-0.3
-6.8637557,2.2737184,-1.0163597,0.0697209,-0.3
-6.860249,2.2680554,-1.0197936,0.069105335,-0.3
-6.856793,2.2624307,-1.0231973,0.06848977,-0.3
-6.8533864,2.2568443,-1.0265707,0.0678742,-0.3
-6.850029,2.2512968,-1.0299137,0.06323612,-0.3
-6.8469186,2.246118,-1.0330282,0.05859803,-0.3
-6.844051,2.2413101,-1.0359144,0.053959947,-0.3
-6.8414235,2.236875,-1.0385722,0.056447342,-0.3
-6.838687,2.2322283,-1.0413524,0.058934737,-0.3
-6.835843,2.2273688,-1.0442551,0.061422132,-0.3
-6.8328943,2.2222958,-1.0472803,0.05307776,-0.3
-6.8303595,2.2179043,-1.0498946,0.044733394,-0.3
-6.828233,2.2141976,-1.0520979,0.036389023,-0.3
-6.826509,2.2111783,-1.0538901,0.051070243,-0.3
-6.824098,2.2069368,-1.0564055,0.06575146,-0.3
-6.8210077,2.2014682,-1.059644,0.08043269,-0.3
-6.817249,2.1947665,-1.0636055,0.058607705,-0.3
-6.814529,2.1898723,-1.0664922,0.036782723,-0.3
-6.812831,2.1867957,-1.068304,0.014957743,-0.3
-6.812143,2.1855433,-1.0690407,0.03796845,-0.3
-6.810398,2.1823633,-1.0709107,0.060979158,-0.3
-6.807606,2.1772506,-1.0739142,0.083989866,-0.3
-6.803781,2.170197,-1.078051,0.060910475,-0.2985046
-6.8010273,2.165068,-1.0810364,0.037831083,-0.2970092
-6.7993255,2.1618757,-1.0828817,0.014751691,-0.2955138
-6.798664,2.160629,-1.0835978,0.033980843,-0.3
-6.797144,2.1577604,-1.0852715,0.05320999,-0.3
-6.7947717,2.1532645,-1.0878922,0.07243914,-0.3
-6.7915583,2.1471355,-1.0914601,0.051306367,-0.2994932
-6.7892976,2.1427858,-1.0939829,0.030173594,-0.29898638
-6.7879744,2.140224,-1.0954642,0.009040821,-0.2984796
-6.7875786,2.1394556,-1.0959073,0.029066077,-0.3
-6.7863092,2.136986,-1.0973389,0.04909133,-0.3
-6.7841706,2.132812,-1.0997568,0.069116585,-0.3
-6.781174,2.1269283,-1.1031611,0.047978014,-0.29673004
-6.7791057,2.1228328,-1.1054991,0.02683944,-0.2934601
-6.777953,2.1205366,-1.1067932,0.0057008676,-0.29019016
-6.7777085,2.120048,-1.107065,0.02609518,-0.3
-6.7765937,2.1178184,-1.1083503,0.046489492,-0.3
-6.774612,2.1138437,-1.11064,0.0668838,-0.3
-6.771775,2.1081185,-1.1139343,0.04552826,-0.29399073
-6.769852,2.104208,-1.1161331,0.024172712,-0.28798145
-6.7688346,2.102126,-1.1172774,0.0028171667,-0.2819722
-6.768716,2.1018825,-1.117408,0.023373803,-0.3
-6.767738,2.0998752,-1.1185592,0.043930437,-0.3
-6.765904,2.0961003,-1.1207229,0.06448708,-0.3
-6.7632236,2.090553,-1.1238991,0.043002553,-0.2914787
-6.7614436,2.0868387,-1.1259588,0.02151803,-0.2829574
-6.760555,2.0849736,-1.12696,3.3507546e-05,-0.27443612
-6.7605534,2.0849707,-1.1269616,0.020807752,-0.3
-6.7597,2.0831754,-1.1279864,0.041582,-0.3
-6.7579975,2.079586,-1.1300344,0.062356245,-0.3
-6.755456,2.0741982,-1.1331058,0.04074788,-0.28990442
-6.753801,2.0706615,-1.1350471,0.01913952,-0.27980882
-6.7530246,2.068994,-1.135928,-0.0024688414,-0.26971325
-6.7531247,2.0692098,-1.1358184,0.018363439,-0.3
-6.7523856,2.0676188,-1.1367229,0.03919572,-0.3
-6.7508106,2.0642216,-1.1386534,0.060028,-0.3
-6.748409,2.059014,-1.14161,0.038398158,-0.28873298
-6.746877,2.055667,-1.1434323,0.016768312,-0.27746597
-6.7462087,2.0541995,-1.1441977,-0.0048615327,-0.26619893
-6.7464027,2.0546265,-1.1439846,0.016063202,-0.3
-6.7457676,2.0532296,-1.1447757,0.036987938,-0.3
-6.7443075,2.0500116,-1.1465975,0.057912674,-0.3
-6.74203,2.0449696,-1.14945,0.036267202,-0.2876588
-6.7406077,2.041796,-1.1511648,0.014621733,-0.2753176
-6.7400346,2.040511,-1.1518273,-0.0070237373,-0.2629764
-6.7403107,2.0411305,-1.151523,0.014012191,-0.3
-6.7397656,2.0399077,-1.1522131,0.03504812,-0.3
-6.7384048,2.0368485,-1.1539394,0.056084048,-0.3
-6.736235,2.0319495,-1.1567017,0.03442701,-0.2865765
-6.7349067,2.0289264,-1.1583236,0.012769968,-0.273153
-6.7344136,2.0277998,-1.1588978,-0.008887073,-0.2597295
-6.7347574,2.0285869,-1.1585174,0.012215102,-0.3
-6.7342896,2.0275176,-1.159119,0.03331728,-0.3
-6.733016,2.0246007,-1.16076,0.054419454,-0.3
-6.7309437,2.0198328,-1.1634403,0.032761086,-0.28559607
-6.729698,2.0169466,-1.1649786,0.011102722,-0.27119216
-6.729276,2.0159638,-1.1654743,-0.010555644,-0.25678825
-6.7296786,2.016902,-1.1650275,0.010560022,-0.3
-6.7292805,2.015975,-1.1655476,0.031675685,-0.3
-6.7280874,2.013194,-1.1671078,0.052791353,-0.3
-6.726106,2.0085561,-1.1697079,0.031116132,-0.28494808
-6.7249403,2.005807,-1.1711657,0.009440912,-0.26989618
-6.7245865,2.0049686,-1.1715853,-0.012234309,-0.25484425
-6.7250466,2.0060596,-1.1710713,0.00887703,-0.3
-6.7247167,2.0052783,-1.1715086,0.029988367,-0.3
-6.723603,2.0026388,-1.1729856,0.051099706,-0.3
-6.7217116,1.9981383,-1.1755023,0.029377548,-0.28448737
-6.720626,1.9955361,-1.1768765,0.0076553905,-0.26897472
-6.7203426,1.9948546,-1.1772156,-0.014066767,-0.2534621
-6.720865,1.9961122,-1.1766278,0.0071438127,-0.3
-6.7206025,1.9954821,-1.1769795,0.028354391,-0.3
-6.7195635,1.9929806,-1.1783762,0.049564973,-0.3
-6.7177525,1.9886054,-1.1808174,0.027763426,-0.28433883
-6.716739,1.9861406,-1.1821154,0.0059618796,-0.26867765
-6.7165213,1.9856087,-1.1823792,-0.015839666,-0.2530165
-6.717102,1.987028,-1.1817183,0.005472609,-0.3
-6.716904,1.9865443,-1.1819879,0.026784884,-0.3
-6.715934,1.9841764,-1.1833072,0.04809716,-0.3
-6.7141976,1.9799222,-1.1856761,0.026250584,-0.28429145
-6.713251,1.977587,-1.1869032,0.004404008,-0.26858288
-6.713092,1.9771934,-1.187098,-0.01744257,-0.25287434
-6.713724,1.9787593,-1.1863706,0.003948999,-0.3
-6.713583,1.9784095,-1.1865652,0.025340566,-0.3
-6.712675,1.9761652,-1.1878133,0.046732135,-0.3
-6.711007,1.9720242,-1.190115,0.024847234,-0.28422832
-6.7101207,1.9698099,-1.1912763,0.0029623338,-0.26845664
-6.710015,1.9695445,-1.1914072,-0.018922567,-0.25268498
-6.7106934,1.9712465,-1.1906188,0.0025521794,-0.3
-6.710603,1.9710201,-1.1907444,0.024026925,-0.3
-6.7097516,1.9688884,-1.1919279,0.04550167,-0.3
-6.7081437,1.9648498,-1.1941689,0.023551894,-0.28420654
-6.707312,1.9627476,-1.1952696,0.001602117,-0.2684131
-6.707256,1.9626038,-1.1953404,-0.02034766,-0.25261962
