4.067068,6.39292,1.0463732,0.5164831,0.0
4.092929,6.437628,1.0463732,0.49794737,0.086028956
4.1177697,6.4805713,1.0535041,0.47941163,0.17205791
4.141128,6.5216246,1.0671842,0.46087587,0.25808686
4.162633,6.560653,1.0867891,0.4509945,0.3366239
4.182441,6.598332,1.1116166,0.4411131,0.41516095
4.200331,6.634515,1.1412694,0.4312317,0.49369797
4.216145,6.6690392,1.1753285,0.42473456,0.5523244
4.2300744,6.7024064,1.2124692,0.41823742,0.6109509
4.242089,6.7344885,1.2524561,0.41174027,0.6695773
4.2521935,6.76515,1.2950474,0.40662885,0.70316607
4.2606387,6.7949963,1.3388709,0.40151742,0.73675483
4.267474,6.8239384,1.3838334,0.396406,0.7703436
4.272762,6.8518915,1.4298416,0.38998106,0.7866225
4.2766314,6.8791604,1.4758576,0.38355616,0.80290145
4.2791567,6.905683,1.5218444,0.37713125,0.81918037
4.280417,6.9314036,1.5677656,0.37119108,0.83018154
4.280493,6.956449,1.6134254,0.36525095,0.8411827
4.279455,6.980774,1.6588037,0.35931078,0.8521839
4.277376,7.0043373,1.7038804,0.35522974,0.8648048
4.274318,7.0271807,1.7489336,0.35114866,0.87742573
4.2703414,7.0492682,1.7939447,0.3470676,0.89004666
4.265507,7.0705705,1.8388958,0.34583193,0.9023047
4.259829,7.0912395,1.8841282,0.34459627,0.9145627
4.2533484,7.111241,1.9296318,0.3433606,0.92682076
4.246109,7.1305428,1.975397,0.34521312,0.9400567
4.238095,7.1492577,2.0218623,0.34706563,0.9532926
4.229335,7.1673427,2.069024,0.34891817,0.96652853
4.2198615,7.1847568,2.1168792,0.35649225,0.9809732
4.2095637,7.2017016,2.1662557,0.36406636,0.9954178
4.198452,7.218103,2.2171636,0.37164047,1.0
4.186358,7.2341323,2.2692845,0.389948,1.0
4.1728096,7.250267,2.3239727,0.40825555,1.0
4.1577225,7.266359,2.3812287,0.42656308,1.0
4.1410227,7.282243,2.441052,0.44597104,1.0
4.1226015,7.2977757,2.5035973,0.465379,1.0
4.102403,7.3127513,2.5688643,0.48478696,1.0
4.08039,7.3269463,2.6368535,0.50764465,1.0
4.056382,7.34021,2.708048,0.523,1.0
4.0307384,7.352081,2.7813964,0.523,1.0
4.004294,7.3620405,2.8547447,0.523,1.0
3.977191,7.3700356,2.9280927,0.523,1.0
3.9495747,7.376023,3.001441,0.523,1.0
3.921594,7.37997,3.0747893,0.523,1.0
3.8933992,7.3818564,-3.135048,0.523,1.0
3.8651419,7.3816714,-3.0616996,0.523,1.0
3.8369741,7.3794165,-2.9883513,0.523,0.9125817
3.805357,7.374533,-2.919395,0.523,0.82516336
3.770747,7.3667135,-2.8553574,0.523,0.7377451
3.7336204,7.355787,-2.7967272,0.523,0.69999886
3.6959743,7.342263,-2.740573,0.523,0.6622526
3.6580021,7.3261633,-2.6869745,0.523,0.62450635
3.6198833,7.3075323,-2.6360085,0.523,0.6064184
3.5822852,7.286719,-2.58633,0.523,0.5883304
3.5453148,7.2637835,-2.5379546,0.523,0.5702424
3.5090704,7.2387934,-2.490899,0.523,0.54462534
3.4734776,7.2116966,-2.445738,0.523,0.5190082
3.4386232,7.1825852,-2.4025018,0.523,0.49339116
3.4045794,7.151557,-2.3612182,0.523,0.47828123
3.371583,7.1188903,-2.3210995,0.523,0.46317133
3.339679,7.084665,-2.2821546,0.523,0.4480614
3.3089046,7.0489593,-2.2443922,0.523,0.4194681
3.2791083,7.0116262,-2.2088914,0.523,0.39087477
3.2503047,6.9727855,-2.175681,0.523,0.36228147
3.222494,6.9325576,-2.1447885,0.523,0.336773
3.1956909,6.8911066,-2.115985,0.523,0.31126451
3.1698723,6.848537,-2.0892892,0.523,0.28575605
3.145005,6.804953,-2.0647182,0.523,0.25816438
3.1210322,6.7604303,-2.042464,0.523,0.23057273
3.0978973,6.7150736,-2.0225434,0.523,0.20298107
3.075535,6.6689863,-2.0049715,0.522084,0.1771222
3.0539167,6.6223626,-1.9896399,0.521168,0.15126334
3.0329626,6.5752945,-1.9765509,0.52025205,0.12540448
3.0125887,6.5278687,-1.9657058,0.5179367,0.10595538
2.9927742,6.48033,-1.9565766,0.51562136,0.08650628
2.973445,6.432736,-1.9491518,0.513306,0.06705718
2.9545264,6.385143,-1.9434192,0.5107448,0.056131583
2.9359615,6.3376484,-1.9386436,0.5081836,0.045205988
2.9177055,6.290278,-1.934816,0.5056224,0.03428039
2.8997142,6.243057,-1.9319278,0.5049476,0.025646383
2.8818786,6.1958346,-1.9297696,0.50427276,0.017012376
2.8641653,6.148628,-1.92834,0.5035979,0.008378369
2.8465414,6.101455,-1.9276367,0.503924,-0.0049664616
2.8289387,6.054238,-1.9280539,0.50425005,-0.018311292
2.8113077,6.0070043,-1.9295927,0.50457615,-0.031656124
2.7935987,5.9597836,-1.9322544,0.5051085,-0.042170018
2.7757518,5.9125786,-1.9358034,0.50564086,-0.052683912
2.7577279,5.8654113,-1.9402412,0.5061732,-0.06319781
2.7394865,5.8183036,-1.9455692,0.50805384,-0.06940734
2.7209334,5.771138,-1.9514415,0.5099344,-0.07561687
2.7020423,5.72393,-1.957862,0.5118151,-0.0818264
2.6827874,5.6766934,-1.9648342,0.51482624,-0.08842708
2.6630995,5.6293416,-1.9724118,0.5178374,-0.095027775
2.6429482,5.5818934,-1.980601,0.5208486,-0.10162847
2.6223032,5.534368,-1.9894079,0.523,-0.10847666
2.6011686,5.4868646,-1.998845,0.523,-0.11532486
2.5796032,5.4395995,-2.0088751,0.523,-0.122173056
2.5575829,5.392591,-2.019498,0.523,-0.12655537
2.5350769,5.345845,-2.0305002,0.523,-0.13093768
2.512071,5.299376,-2.0418808,0.523,-0.13532
2.4885514,5.2531986,-2.0536404,0.523,-0.13863464
2.4645014,5.207322,-2.065686,0.523,-0.14194927
2.439912,5.16176,-2.0780177,0.523,-0.14526391
2.414775,5.116526,-2.0906355,0.523,-0.14843932
2.3890812,5.0716343,-2.1035268,0.523,-0.15161474
2.3628232,5.0270987,-2.116692,0.523,-0.15479015
2.3359947,4.982934,-2.1301308,0.523,-0.1555948
2.3085785,4.93914,-2.1436388,0.523,-0.15639943
2.2805765,4.8957253,-2.157216,0.523,-0.15720406
2.2519915,4.8527,-2.1708627,0.523,-0.15695302
2.222821,4.8100677,-2.1844878,0.523,-0.15670198
2.193071,4.7678347,-2.198091,0.523,-0.15645094
2.162748,4.726009,-2.2116728,0.523,-0.15403624
2.131848,4.684583,-2.2250466,0.523,-0.15162154
2.1003854,4.643559,-2.2382123,0.523,-0.14920683
2.0683737,4.6029377,-2.25117,0.523,-0.14667386
2.0358257,4.5627193,-2.2639093,0.523,-0.14414088
2.002756,4.5229044,-2.2764301,0.523,-0.14160791
1.9691781,4.483492,-2.2887323,0.5184975,-0.12779361
1.9353478,4.444759,-2.2997458,0.51399505,-0.1139793
1.9013335,4.40667,-2.3094888,0.5094926,-0.100164995
1.8672001,4.3691897,-2.31798,0.49389166,-0.07377042
1.8337278,4.333056,-2.324047,0.47829074,-0.047375835
1.8010488,4.2982054,-2.3278222,0.46268982,-0.020981252
1.76928,4.2645807,-2.32944,0.44360772,-0.002177465
1.7387626,4.232385,-2.329601,0.42452562,0.016626323
1.7095569,4.2015834,-2.3284247,0.4054435,0.03543011
1.6817123,4.1721478,-2.326031,0.38280797,0.036372222
1.6554897,4.1442933,-2.323711,0.36017242,0.037314333
1.6308794,4.11803,-2.3214717,0.3375369,0.038256444
1.6078718,4.093366,-2.31932,0.31239,0.019762147
1.586616,4.0704823,-2.3182912,0.28724313,0.0012678504
1.5670891,4.049416,-2.3182304,0.26209626,-0.017226446
1.5492755,4.0301957,-2.3189828,0.23924291,-0.04376625
1.5330151,4.0126777,-2.3207273,0.21638958,-0.07030605
1.5183027,3.996883,-2.323261,0.19353624,-0.09684585
1.5051377,3.9828207,-2.32638,0.17665055,-0.12540632
1.4931196,3.970064,-2.3300624,0.15976486,-0.1539668
1.4822516,3.9586127,-2.334146,0.14287916,-0.18252727
1.4725379,3.9484608,-2.3384686,0.13404138,-0.22183555
1.4634573,3.9390523,-2.3433838,0.1252036,-0.26114383
1.4550146,3.9303904,-2.3487713,0.11636582,-0.3
1.4472123,3.9224715,-2.354503,0.09970237,-0.3
1.4404886,3.915725,-2.3594134,0.083038926,-0.3
1.4348611,3.9101336,-2.3635035,0.06637548,-0.3
1.4303446,3.9056826,-2.3667727,0.06917962,-0.3
1.4256221,3.9010592,-2.37018,0.07198376,-0.3
1.420692,3.8962648,-2.3737254,0.0747879,-0.3
1.415552,3.891302,-2.377409,0.06659556,-0.3
1.4109589,3.8869,-2.3806891,0.058403216,-0.3
1.4069182,3.8830523,-2.3835657,0.050210875,-0.3
1.4034348,3.8797545,-2.3860385,0.057176508,-0.3
1.3994588,3.8760092,-2.3888547,0.06414214,-0.3
1.3949866,3.87182,-2.392014,0.071107775,-0.3
1.3900142,3.8671916,-2.3955164,0.05853872,-0.3
1.3859074,3.8633957,-2.3983996,0.04596967,-0.3
1.3826737,3.860424,-2.4006636,0.033400618,-0.3
1.3803194,3.8582704,-2.4023087,0.045841347,-0.3
1.3770832,3.8553197,-2.4045665,0.058282074,-0.3
1.3729603,3.8515775,-2.407437,0.0707228,-0.3
1.3679445,3.8470511,-2.4109206,0.055126768,-0.3
1.3640224,3.8435364,-2.4136357,0.039530735,-0.3
1.3612031,3.8410237,-2.4155827,0.0239347,-0.3
1.3594931,3.8395057,-2.4167616,0.037492156,-0.3
1.3568118,3.837131,-2.4186082,0.051049616,-0.3
1.3531549,3.8339043,-2.4211226,0.06460708,-0.3
1.3485165,3.829832,-2.4243047,0.04916265,-0.3
1.3449771,3.8267448,-2.426726,0.033718225,-0.3
1.3425446,3.8246334,-2.428387,0.018273799,-0.3
1.3412242,3.823491,-2.429287,0.030832967,-0.3
1.3389949,3.8215659,-2.4308054,0.043392133,-0.3
1.3358532,3.8188612,-2.4329426,0.0559513,-0.3
1.331795,3.8153827,-2.4356985,0.042410232,-0.3
1.3287115,3.8127544,-2.4377873,0.028869163,-0.3
1.3266089,3.8109696,-2.4392092,0.015328094,-0.3
1.3254912,3.8100235,-2.4399643,0.026465524,-0.3
1.32356,3.8083916,-2.4412677,0.037602954,-0.3
1.3208132,3.8060763,-2.4431198,0.048740383,-0.3
1.3172473,3.8030822,-2.4455204,0.037430696,-0.3
1.3145032,3.8007894,-2.447364,0.026121013,-0.3
1.3125854,3.7991927,-2.4486506,0.014811329,-0.3
1.3114967,3.7982888,-2.4493802,0.024165576,-0.3
1.3097194,3.7968154,-2.4505703,0.033519823,-0.3
1.3072518,3.7947745,-2.4522214,0.042874068,-0.3
1.3040912,3.7921693,-2.454333,0.03372916,-0.3
1.3016005,3.790125,-2.4559944,0.024584245,-0.3
1.2997825,3.7886379,-2.457205,0.0154393315,-0.3
1.2986397,3.7877054,-2.4579656,0.023001181,-0.3
1.296936,3.7863176,-2.4590983,0.030563029,-0.3
1.2946703,3.784476,-2.4606037,0.038124878,-0.3
1.2918406,3.782183,-2.4624815,0.030796627,-0.3
1.2895511,3.780335,-2.4639983,0.023468377,-0.3
1.2878045,3.7789295,-2.4651544,0.016140128,-0.3
1.286602,3.777964,-2.4659493,0.021841418,-0.3
1.2849739,3.7766593,-2.467025,0.027542707,-0.3
1.2829189,3.7750158,-2.4683816,0.033243995,-0.3
1.2804359,3.7730358,-2.4700189,0.02785453,-0.3
1.2783527,3.77138,-2.471391,0.022465063,-0.3
1.2766708,3.770047,-2.4724975,0.017075598,-0.3
1.2753912,3.769035,-2.4733384,0.020850645,-0.3
1.2738277,3.7678008,-2.4743655,0.024625694,-0.3
1.2719797,3.766345,-2.4755783,0.028400743,-0.3
1.2698463,3.7646685,-2.476977,0.024883451,-0.3
1.2679751,3.7632024,-2.4782026,0.021366159,-0.3
1.2663668,3.7619455,-2.479255,0.017848868,-0.3
1.2650222,3.760897,-2.4801342,0.019953014,-0.3
1.263518,3.759726,-2.481117,0.02205716,-0.3
1.2618539,3.758433,-2.4822032,0.024161307,-0.3
1.2600296,3.757019,-2.4833934,0.021985356,-0.3
1.258368,3.7557344,-2.484476,0.019809404,-0.3
1.2568697,3.7545784,-2.485452,0.017633453,-0.3
1.2555349,3.7535505,-2.4863205,0.018548233,-0.3
1.2541299,3.7524707,-2.4872339,0.019463014,-0.3
1.2526547,3.7513392,-2.4881926,0.020377792,-0.3
1.2511089,3.7501557,-2.4891963,0.019045856,-0.3
1.249663,3.749051,-2.4901342,0.01771392,-0.3
1.2483172,3.748025,-2.4910069,0.016381983,-0.3
1.247072,3.7470772,-2.4918137,0.016651116,-0.3
1.2458054,3.7461147,-2.4926338,0.016920248,-0.3
1.2445176,3.7451377,-2.493467,0.017189382,-0.3
1.2432084,3.7441463,-2.4943137,0.016379993,-0.3
1.24196,3.7432027,-2.4951205,0.015570604,-0.3
1.2407727,3.7423067,-2.4958875,0.014761215,-0.3
1.2396464,3.7414582,-2.4966145,0.01471469,-0.3
1.238523,3.740613,-2.4973392,0.014668164,-0.3
1.2374027,3.7397714,-2.4980617,0.014621639,-0.3
1.2362852,3.7389333,-2.498782,0.014104884,-0.3
1.2352066,3.7381256,-2.4994767,0.01358813,-0.3
1.2341671,3.737348,-2.500146,0.013071375,-0.3
