2.3371472,-1.9413872,2.856052,0.6321475,0.0
2.276492,-1.9235811,2.856052,0.523,0.02113558
2.226321,-1.9088527,2.8578942,0.49430573,0.04227116
2.1789088,-1.8950291,2.8613756,0.46561146,0.06340674
2.1342535,-1.8821778,2.8662927,0.43563938,0.15149087
2.0928104,-1.8704712,2.87725,0.4056673,0.239575
2.054771,-1.8601749,2.8932934,0.37569523,0.32765913
2.020291,-1.8514332,2.913445,0.3456954,0.42759913
1.9896493,-1.8443184,2.9373376,0.31569558,0.52753913
1.9629387,-1.8387855,2.963825,0.28569576,0.62747914
1.9401758,-1.8346958,2.9917805,0.25569594,0.7273884
1.9212915,-1.8318453,3.0201168,0.22569609,0.82729757
1.9061273,-1.8299942,3.047806,0.19569626,0.9272068
1.8944358,-1.8288944,3.0738971,0.16569637,1.0
1.8855038,-1.8282888,3.0971353,0.13569649,1.0
1.8781792,-1.827963,3.116166,0.105696596,1.0
1.8724703,-1.8278178,3.1309896,0.07569664,1.0
1.8683805,-1.8277744,-3.1415796,0.04569668,1.0
1.8659116,-1.8277744,-3.135171,0.015696721,1.0
1.8650635,-1.8277799,-3.1329696,0.045503005,0.9233904
1.8623192,-1.8278036,-3.1269202,0.07530929,0.8467807
1.8573313,-1.8278768,-3.1175172,0.10511558,0.7701711
1.8497884,-1.8280584,-3.1053193,0.13483186,0.8413942
1.8408087,-1.8283843,-3.0885649,0.16454814,0.91261727
1.8307579,-1.8289177,-3.066869,0.19426441,0.9838404
1.820029,-1.829721,-3.0399106,0.22391956,1.0
1.807993,-1.830949,-3.008507,0.2535747,1.0
1.7944136,-1.832767,-2.9729443,0.28322983,1.0
1.7793276,-1.8353356,-2.9332228,0.31231126,1.0
1.7628185,-1.8388263,-2.8894227,0.34139267,1.0
1.7449563,-1.8434286,-2.841544,0.37047407,1.0
1.7258338,-1.8493448,-2.7895868,0.3979837,1.0
1.7056491,-1.8567587,-2.7337713,0.42549333,1.0
1.684545,-1.8658767,-2.674098,0.45300296,1.0
1.6626954,-1.8769068,-2.6105666,0.4791654,1.0
1.6403713,-1.8900176,-2.543366,0.5053279,1.0
1.6178099,-1.905394,-2.472496,0.523,1.0
1.595645,-1.9229217,-2.399148,0.523,1.0
1.5748241,-1.9420266,-2.3257997,0.523,1.0
1.5554593,-1.9626058,-2.2524514,0.523,1.0
1.5376546,-1.9845489,-2.1791031,0.523,1.0
1.5215058,-2.0077376,-2.105755,0.523,1.0
1.5070999,-2.0320477,-2.0324068,0.523,1.0
1.4945141,-2.057348,-1.9590586,0.523,0.9960289
1.4837502,-2.083664,-1.885898,0.523,0.99205786
1.4748846,-2.110862,-1.812926,0.523,0.9880868
1.4679841,-2.1388025,-1.7401441,0.523,0.9484898
1.4628459,-2.1688526,-1.6693181,0.523,0.9088928
1.4596841,-2.2008414,-1.600559,0.523,0.8692958
1.4586797,-2.234579,-1.5339745,0.523,0.8871575
1.4598957,-2.2675903,-1.466396,0.523,0.9050192
1.4632622,-2.2997186,-1.3978449,0.523,0.92288095
1.4686941,-2.330812,-1.3283432,0.523,0.87058365
1.4767853,-2.3635273,-1.2616863,0.523,0.8182864
1.4876595,-2.397579,-1.1980568,0.523,0.7659891
1.5013858,-2.432683,-1.1376284,0.523,0.80735356
1.5165644,-2.4655042,-1.0746541,0.523,0.848718
1.5330197,-2.4959037,-1.0092412,0.523,0.89008236
1.550547,-2.523764,-0.941502,0.523,0.8344065
1.571221,-2.5521607,-0.87692034,0.523,0.7787306
1.5950288,-2.5807803,-0.81569654,0.523,0.7230547
1.6219045,-2.609336,-0.7580203,0.523,0.73219854
1.6501505,-2.6360762,-0.6997488,0.523,0.7413423
1.6796602,-2.6609192,-0.640887,0.523,0.75048614
1.7103201,-2.6837893,-0.58143985,0.523,0.70507914
1.7436047,-2.7056646,-0.52494764,0.523,0.65967214
1.7793671,-2.7263765,-0.47152686,0.523,0.61426514
1.8174425,-2.7457907,-0.42128766,0.523,0.619995
1.8562868,-2.7631977,-0.3706411,0.523,0.6257249
1.8957994,-2.7785523,-0.3195889,0.523,0.6314548
1.9358767,-2.791815,-0.26813272,0.523,0.6196589
1.9769316,-2.8030949,-0.21751,0.523,0.60786295
2.0188515,-2.8123596,-0.16772786,0.523,0.596067
2.061525,-2.8195848,-0.11879318,0.523,0.5883945
2.1047232,-2.824741,-0.07041339,0.523,0.58072203
2.1483412,-2.8278172,-0.022591338,0.523,0.57304955
2.192275,-2.82881,0.024670165,0.523,0.558284
2.2366207,-2.8277156,0.0708451,0.523,0.54351836
2.2812717,-2.824547,0.11592338,0.523,0.52875274
2.3261263,-2.819324,0.1598952,0.523,0.5214457
2.3708973,-2.8121037,0.2033159,0.523,0.51413864
2.4154978,-2.8029087,0.24618316,0.523,0.5068315
2.4598444,-2.7917652,0.2884947,0.523,0.4908274
2.5040636,-2.778642,0.3295812,0.523,0.47482327
2.5480745,-2.763588,0.36943218,0.523,0.45881912
2.591802,-2.7466562,0.4080374,0.523,0.44762328
2.6350784,-2.7279477,0.44576523,0.523,0.43642744
2.6778445,-2.7075121,0.48261097,0.523,0.42523164
2.7200453,-2.6854017,0.51857,0.523,0.40838662
2.761734,-2.6616116,0.5531864,0.523,0.3915416
2.802866,-2.6362126,0.5864504,0.523,0.37469658
2.8434048,-2.6092775,0.61835253,0.523,0.36541378
2.883207,-2.5809612,0.6495003,0.523,0.356131
2.9222445,-2.5513155,0.67989105,0.523,0.3468482
2.960493,-2.5203922,0.70952207,0.523,0.33680776
2.9979424,-2.4882348,0.7383286,0.523,0.3267673
3.0345764,-2.4548967,0.7663076,0.523,0.31672686
3.070383,-2.4204316,0.7934563,0.523,0.30997175
3.1053174,-2.38493,0.82004493,0.523,0.30321667
3.1393683,-2.3484337,0.8460722,0.523,0.29646158
3.1725268,-2.3109858,0.87153685,0.523,0.28620577
3.2048204,-2.2725878,0.8961453,0.523,0.27594995
3.2362525,-2.2332907,0.9198948,0.523,0.26569414
3.2668293,-2.1931438,0.94278294,0.523,0.24988154
3.2966032,-2.1521375,0.9643383,0.523,0.23406892
3.3255992,-2.1103358,0.98455554,0.523,0.21825631
3.353847,-2.0678022,1.0034295,0.523,0.1990993
3.3813984,-2.0245678,1.0206699,0.523,0.17994228
3.4082992,-1.9807041,1.0362704,0.523,0.16078527
3.434599,-1.9362799,1.0502251,0.523,0.13651751
3.4603696,-1.89133,1.062088,0.523,0.11224974
3.485682,-1.8459399,1.071852,0.523,0.08798197
3.5106106,-1.8001935,1.0795112,0.523,0.05039828
3.5352523,-1.7541378,1.0839024,0.523,0.012814587
3.5597205,-1.7079194,1.0850192,0.523,-0.024769103
3.5841317,-1.6616839,1.0828605,0.523,0.0015255332
3.6086502,-1.6154873,1.0829934,0.523,0.02782017
3.633153,-1.5693052,1.0854181,0.523,0.054114807
3.6575174,-1.5231136,1.0901328,0.49766415,0.051287852
3.6804976,-1.4790443,1.094385,0.47232834,0.0484609
3.7021327,-1.4371203,1.0981984,0.4469925,0.04563395
3.7224586,-1.3973621,1.101597,0.42248833,0.01340009
3.7415607,-1.3596824,1.1025404,0.3979842,-0.018833768
3.7595198,-1.3241744,1.1012913,0.37348005,-0.051067628
3.7763958,-1.2909111,1.0981139,0.35527575,-0.052377783
3.7925484,-1.2593225,1.0950139,0.33707148,-0.05368794
3.8079653,-1.2294022,1.0919992,0.31886718,-0.0549981
3.8226335,-1.201144,1.0890778,0.31039187,-0.04447483
3.837,-1.1736642,1.0867778,0.3019166,-0.03395156
3.851041,-1.1469561,1.0850697,0.29344133,-0.023428285
