8.570099,-6.0165267,3.1216097,0.30252954,0.0
8.539852,-6.015922,3.1216097,0.33044675,-0.0035535395
8.506814,-6.0152617,3.121414,0.35836393,-0.007107079
8.470986,-6.014539,3.1209896,0.38628113,-0.010660619
8.432368,-6.013743,3.1203032,0.4145844,-0.07388656
8.391032,-6.0128627,3.1152024,0.44288766,-0.1371125
8.347175,-6.011705,3.1051133,0.47119093,-0.20033845
8.301028,-6.0100207,3.0894854,0.50018847,-0.24987583
8.252629,-6.007497,3.0688705,0.523,-0.2994132
8.202787,-6.0038657,3.04316,0.523,-0.3
8.153066,-5.9989557,3.0174005,0.523,-0.3
8.103486,-5.9927664,2.991641,0.523,-0.3
8.054083,-5.985302,2.9658813,0.523,-0.3
8.004888,-5.976568,2.940122,0.523,-0.3
7.9559345,-5.96657,2.9143624,0.523,-0.3
7.9072547,-5.9553137,2.888603,0.523,-0.3
7.858881,-5.9428077,2.8628435,0.523,-0.3
7.810846,-5.92906,2.8370838,0.523,-0.3
7.7631803,-5.9140797,2.8113244,0.523,-0.3
7.715916,-5.8978763,2.785565,0.523,-0.29512453
7.6690154,-5.880435,2.7602117,0.523,-0.29024905
7.6225038,-5.861783,2.7352653,0.523,-0.2853736
7.576405,-5.841948,2.7107265,0.523,-0.28199288
7.5307617,-5.8209677,2.6864707,0.523,-0.27861217
7.485597,-5.7988644,2.662498,0.523,-0.27523145
7.4409323,-5.775663,2.6388087,0.523,-0.27381343
7.396812,-5.7514,2.6152384,0.523,-0.27239543
7.353258,-5.726094,2.591787,0.523,-0.27097744
7.310293,-5.6997633,2.568455,0.523,-0.27356884
7.2679844,-5.672457,2.5449052,0.523,-0.27616027
7.2263613,-5.644183,2.521138,0.523,-0.2787517
7.1854515,-5.614949,2.4971535,0.523,-0.2778779
7.145245,-5.5847354,2.4732425,0.523,-0.27700406
7.1057625,-5.5535607,2.4494045,0.523,-0.27613026
7.067024,-5.521446,2.4256399,0.523,-0.2782077
7.029083,-5.48844,2.401701,0.523,-0.28028512
6.9919643,-5.4545546,2.3775883,0.523,-0.28236255
6.9556956,-5.4198055,2.3533013,0.523,-0.28238735
6.9202814,-5.384186,2.3290124,0.523,-0.28241214
6.885743,-5.347717,2.3047214,0.523,-0.2824369
6.8521013,-5.3104205,2.2804284,0.523,-0.2845638
6.8193955,-5.272341,2.2559574,0.523,-0.28669068
6.787651,-5.233497,2.2313082,0.523,-0.28881758
6.7568927,-5.1939077,2.2064817,0.523,-0.29038957
6.727141,-5.1535854,2.1815236,0.523,-0.29196158
6.6984177,-5.1125526,2.1564343,0.523,-0.29353356
6.6707463,-5.0708323,2.1312137,0.523,-0.29515445
6.644149,-5.028448,2.105858,0.523,-0.29677534
6.6186476,-4.9854245,2.0803673,0.523,-0.29839623
6.5942626,-4.941787,2.0547414,0.523,-0.3
6.571016,-4.89756,2.0289817,0.523,-0.3
6.5489154,-4.8527493,2.0032222,0.523,-0.3
6.527977,-4.8073845,1.9774628,0.523,-0.3
6.5082135,-4.761495,1.9517032,0.523,-0.3
6.489639,-4.715112,1.9259437,0.523,-0.3
6.472265,-4.6682663,1.9001843,0.523,-0.3
6.4561033,-4.620988,1.8744247,0.523,-0.3
6.4411645,-4.5733094,1.8486652,0.523,-0.3
6.4274592,-4.525262,1.8229057,0.523,-0.3
6.4149957,-4.476877,1.7971462,0.523,-0.3
6.403783,-4.4281874,1.7713866,0.523,-0.3
6.3938274,-4.3792253,1.7456272,0.523,-0.3
6.3851366,-4.330023,1.7198676,0.523,-0.3
6.377716,-4.280613,1.6941081,0.523,-0.3
6.3715706,-4.231028,1.6683487,0.523,-0.3
6.366704,-4.1813016,1.6425891,0.523,-0.3
6.36312,-4.1314664,1.6168296,0.523,-0.3
6.360821,-4.081555,1.59107,0.523,-0.3
6.359808,-4.031601,1.5653106,0.523,-0.3
6.360082,-3.981638,1.539551,0.523,-0.3
6.361643,-3.931698,1.5137916,0.523,-0.3
6.3644896,-3.8818152,1.488032,0.523,-0.3
6.36862,-3.8320222,1.4622725,0.523,-0.3
6.374032,-3.782352,1.4365131,0.523,-0.3
6.380721,-3.7328377,1.4107535,0.523,-0.3
6.3886833,-3.683512,1.384994,0.523,-0.3
6.3979135,-3.634408,1.3592345,0.523,-0.3
6.4084053,-3.585558,1.333475,0.523,-0.3
6.4201517,-3.5369942,1.3077154,0.523,-0.3
6.4331455,-3.4887493,1.281956,0.523,-0.3
6.447377,-3.4408548,1.2561964,0.523,-0.3
6.4628377,-3.393343,1.2304369,0.523,-0.3
6.479517,-3.346245,1.2046775,0.523,-0.3
6.497404,-3.2995925,1.1789179,0.523,-0.3
6.5164866,-3.2534158,1.1531584,0.523,-0.3
6.536752,-3.2077463,1.1273988,0.523,-0.3
6.558187,-3.1626136,1.1016394,0.523,-0.3
6.5807776,-3.1180482,1.0758798,0.523,-0.3
6.6045084,-3.0740795,1.0501204,0.523,-0.3
6.629364,-3.0307364,1.0243608,0.523,-0.3
6.655328,-2.988048,0.9986013,0.523,-0.3
6.682382,-2.9460425,0.9728418,0.523,-0.3
6.71051,-2.9047477,0.9470823,0.523,-0.3
6.7396913,-2.864191,0.92132276,0.523,-0.3
6.769908,-2.8243995,0.89556324,0.523,-0.3
6.8011394,-2.7853994,0.8698038,0.523,-0.3
6.833365,-2.747217,0.84404427,0.523,-0.3
6.866564,-2.7098768,0.81828475,0.523,-0.3
6.900713,-2.6734042,0.79252523,0.523,-0.3
6.93579,-2.6378233,0.7667657,0.523,-0.3
6.971772,-2.603158,0.7410062,0.5181082,-0.3
7.0082903,-2.569746,0.71548766,0.5132164,-0.3
7.045296,-2.5375834,0.69021,0.50832456,-0.3
7.082743,-2.506664,0.6651733,0.49537072,-0.3
7.119979,-2.4774554,0.6407746,0.48241693,-0.3
7.156924,-2.449904,0.617014,0.4694631,-0.3
7.1935034,-2.4239538,0.5938913,0.44874296,-0.3
7.2290325,-2.399964,0.5717892,0.42802277,-0.3
7.263419,-2.3778367,0.55070764,0.40730262,-0.3
7.2965775,-2.357475,0.5306466,0.38166773,-0.26833135
7.328317,-2.3388503,0.51378185,0.35603288,-0.23666267
7.3584595,-2.32184,0.4998693,0.330398,-0.20499401
7.38685,-2.3063352,0.4886599,0.3022126,-0.13278289
7.413299,-2.292273,0.48199144,0.27402723,-0.060571767
7.4375353,-2.279594,0.47922674,0.24584183,0.011639357
7.4593487,-2.268259,0.47970363,0.21675584,0.101768635
7.4784784,-2.2583072,0.4833738,0.18766983,0.19189791
7.49479,-2.249745,0.48933926,0.15858383,0.28202718
7.5082345,-2.2425852,0.49669498,0.12935917,0.37574974
7.5188136,-2.2368512,0.5046068,0.10013449,0.46947226
7.526631,-2.2325337,0.5121572,0.07090982,0.5631948
7.5318575,-2.2295954,0.5184669,0.041942608,0.65673715
7.534743,-2.2279494,0.5227348,0.012975397,0.7502795
7.535565,-2.2274754,0.5242093,-0.015991814,0.8438218
7.534645,-2.2280076,0.52221787,-0.044063214,0.9352883
7.532378,-2.2293122,0.5163077,-0.072134614,1.0
7.5289884,-2.2312362,0.5061912,-0.10020602,1.0
7.5242534,-2.2338612,0.4921378,-0.12774053,1.0
7.518171,-2.2371223,0.47422278,-0.15527505,1.0
7.510707,-2.2409534,0.45244622,-0.18280956,1.0
7.5018234,-2.2452714,0.42680806,-0.2096933,1.0
7.49151,-2.2499616,0.39739957,-0.23657702,1.0
7.479724,-2.2549086,0.3642208,-0.26346076,1.0
7.466423,-2.2599795,0.3272717,-0.28809473,1.0
7.451683,-2.2649832,0.2868678,-0.3127287,1.0
7.435477,-2.2697642,0.24300912,-0.33736268,1.0
7.4177847,-2.2741501,0.19569564,-0.357978,1.0
7.3988123,-2.2779112,0.14549096,-0.3785933,1.0
7.378573,-2.2808769,0.092395075,-0.3992086,1.0
7.3570957,-2.2828667,0.036407996,-0.40940115,1.0
7.33499,-2.283672,-0.021008538,-0.4195937,1.0
7.3123245,-2.2831957,-0.079854526,-0.42978624,1.0
7.289177,-2.2813435,-0.14012997,-0.44053826,1.0
7.265608,-2.278019,-0.20191333,-0.45129028,1.0
7.2417197,-2.273129,-0.2652046,-0.46204227,1.0
7.2176285,-2.2665856,-0.3300038,-0.46918917,1.0
7.193646,-2.2583709,-0.39580533,-0.47633606,1.0
7.169899,-2.2484481,-0.46260914,-0.48348293,1.0
7.146522,-2.23679,-0.5304153,-0.4833523,1.0
7.123995,-2.2235782,-0.5982031,-0.48322165,1.0
7.1024203,-2.208875,-0.6659726,-0.48309103,1.0
7.081896,-2.192749,-0.7337238,-0.47798407,1.0
7.0627155,-2.175455,-0.8007587,-0.47287712,1.0
7.044929,-2.1571133,-0.86707747,-0.46777016,1.0
7.0285754,-2.1378436,-0.93267995,-0.46130425,1.0
7.0137286,-2.1178238,-0.99737567,-0.45483834,1.0
7.0003963,-2.0971797,-1.0611645,-0.44837242,1.0
6.988578,-2.0760324,-1.1240466,-0.4435285,0.96085757
6.977601,-2.05312,-1.1846387,-0.43868458,0.9217151
6.967614,-2.0285559,-1.2428843,-0.43384066,0.88257265
6.9587393,-2.002468,-1.2987323,-0.43907616,0.84984344
6.950951,-1.9745507,-1.3537029,-0.44431168,0.8171143
6.9444017,-1.9448589,-1.4076997,-0.4495472,0.7843851
6.939235,-1.9134612,-1.4606256,-0.4630607,0.750458
6.9355116,-1.8797994,-1.5132582,-0.4765742,0.71653086
6.933445,-1.843921,-1.565425,-0.49008772,0.6826037
6.9332404,-1.8058939,-1.6169509,-0.50799125,0.6413678
6.9351187,-1.765233,-1.6676054,-0.523,0.60013175
6.9392905,-1.722274,-1.7168329,-0.523,0.5588958
6.945743,-1.6784039,-1.7630529,-0.523,0.50821745
6.954473,-1.6335558,-1.8054701,-0.523,0.45753914
6.9653835,-1.5879213,-1.8439753,-0.523,0.4068608
6.978342,-1.5416718,-1.8784696,-0.523,0.36057594
6.993162,-1.4950329,-1.9092231,-0.523,0.3142911
7.009675,-1.4481161,-1.93617,-0.523,0.26800624
7.0276947,-1.4010122,-1.9592526,-0.523,0.22867964
7.046988,-1.353869,-1.9790126,-0.523,0.18935305
7.067379,-1.3067244,-1.9954194,-0.523,0.15002646
7.088683,-1.2596042,-2.0084476,-0.523,0.11249398
7.1107087,-1.212533,-2.0182328,-0.523,0.074961506
7.133273,-1.1655139,-2.0247607,-0.523,0.037429035
7.156192,-1.118544,-2.0280225,-0.523,-0.0049888017
7.1792803,-1.0716168,-2.0275877,-0.523,-0.047406636
7.2023225,-1.0247316,-2.023457,-0.523,-0.089824475
7.225104,-0.9778886,-2.0156379,-0.523,-0.12515949
7.247433,-0.9310478,-2.0047565,-0.523,-0.1604945
7.269141,-0.8842054,-1.9908267,-0.523,-0.19582953
7.290061,-0.83736426,-1.9738659,-0.523,-0.20577088
7.3101425,-0.79027045,-1.9560558,-0.523,-0.21571222
7.3293414,-0.7429272,-1.9373983,-0.523,-0.22565357
7.347613,-0.69534034,-1.9178953,-0.523,-0.2307492
7.364932,-0.64746284,-1.8979597,-0.523,-0.23584482
7.3812737,-0.59930795,-1.877592,-0.523,-0.24094045
7.3966126,-0.5508902,-1.8567926,-0.523,-0.24006844
7.410944,-0.5021536,-1.8360671,-0.523,-0.23919642
7.424265,-0.4531199,-1.8154154,-0.523,-0.2383244
7.4365735,-0.40381113,-1.7948376,-0.523,-0.23936674
7.4478617,-0.35427213,-1.7741715,-0.523,-0.24040909
7.4581213,-0.30452314,-1.753417,-0.523,-0.24145143
7.467344,-0.2545847,-1.7325745,-0.523,-0.24530591
7.475516,-0.20451288,-1.7114058,-0.523,-0.24916038
7.482619,-0.15432814,-1.6899112,-0.523,-0.25301486
7.488636,-0.104052044,-1.6680914,-0.523,-0.25649732
7.4935503,-0.05370232,-1.6459777,-0.523,-0.25997978
7.497347,-0.0033026233,-1.6235706,-0.523,-0.26346228
7.5000105,0.04712242,-1.6008701,-0.523,-0.26744097
7.501527,0.097540356,-1.5778351,-0.523,-0.2714197
7.5018816,0.14792447,-1.5544658,-0.523,-0.2753984
7.50106,0.19824694,-1.5307626,-0.523,-0.27755567
7.499047,0.24850501,-1.5068784,-0.523,-0.27971292
7.495836,0.29866973,-1.4828135,-0.523,-0.28187016
7.4914217,0.3487115,-1.4585679,-0.523,-0.2834677
7.4857984,0.39860836,-1.4341885,-0.523,-0.28506526
7.4789634,0.44833013,-1.4096755,-0.523,-0.28666282
7.4709153,0.4978462,-1.3850288,-0.523,-0.28849864
7.4616547,0.54712206,-1.3602288,-0.523,-0.2903345
7.451181,0.5961264,-1.3352753,-0.523,-0.29217032
7.4394937,0.6448273,-1.3101686,-0.523,-0.29122382
7.4265842,0.69323325,-1.2851409,-0.523,-0.29027736
7.412463,0.7413146,-1.2601922,-0.523,-0.28933087
7.3971434,0.7890421,-1.2353226,-0.523,-0.28892794
7.3806386,0.83637965,-1.2104867,-0.523,-0.28852504
7.362962,0.88329834,-1.1856844,-0.523,-0.28812212
7.344125,0.92976975,-1.1609157,-0.523,-0.2900093
7.3241534,0.9757346,-1.1359895,-0.523,-0.29189646
7.303055,1.0211617,-1.1109056,-0.523,-0.2937836
7.280836,1.0660198,-1.0856643,-0.523,-0.28813273
7.2574525,1.1103778,-1.0608948,-0.523,-0.28248185
7.232937,1.1542157,-1.036598,-0.523,-0.27683094
7.207322,1.1975154,-1.0127746,-0.523,-0.2706315
7.180637,1.2402668,-0.98947144,-0.523,-0.26443204
7.1529155,1.2824565,-0.96668947,-0.523,-0.2582326
7.1241927,1.3240727,-0.9444295,-0.523,-0.2506076
7.094492,1.3651206,-0.9228128,-0.523,-0.24298261
7.063852,1.4055946,-0.9018406,-0.523,-0.23535763
7.0323114,1.4454913,-0.8815142,-0.523,-0.2263948
6.9998984,1.4848214,-0.86194825,-0.523,-0.21743199
6.966655,1.5235882,-0.8431444,-0.523,-0.20846917
6.9326224,1.561797,-0.8251042,-0.523,-0.20265877
6.897864,1.5994313,-0.8075597,-0.523,-0.19684838
6.862409,1.6364936,-0.7905117,-0.523,-0.19103798
6.8262863,1.6729877,-0.7739607,-0.523,-0.183572
6.7895126,1.7089298,-0.7580491,-0.523,-0.176106
6.7521205,1.7443302,-0.7427777,-0.523,-0.16864
6.7141433,1.7792008,-0.7281475,-0.51951426,-0.1551757
6.6758323,1.8133584,-0.71476537,-0.5160285,-0.14171138
6.63725,1.8468419,-0.70261824,-0.5125428,-0.12824708
6.5984564,1.8796914,-0.6916929,-0.49367797,-0.11017939
6.5606656,1.9109893,-0.68264574,-0.4748132,-0.09211169
6.5239806,1.9408158,-0.6753667,-0.45594838,-0.074044004
6.4884925,1.9692429,-0.66974515,-0.4304305,-0.047602974
6.454786,1.9959332,-0.66633147,-0.40491262,-0.02116195
6.422963,2.0209556,-0.66490346,-0.37939474,0.0052790763
6.393106,2.044363,-0.66523725,-0.3520323,0.031805597
6.365423,2.0660813,-0.66710305,-0.32466987,0.058332123
6.3399596,2.0861347,-0.6702577,-0.29730746,0.08485864
6.316745,2.1045368,-0.6744575,-0.27045074,0.10521056
6.295738,2.1213322,-0.6791911,-0.24359404,0.12556246
6.2769337,2.1365135,-0.68427545,-0.21673733,0.14591438
6.260318,2.150068,-0.68952763,-0.19300205,0.15655309
6.245609,2.1621962,-0.69454294,-0.16926678,0.1671918
6.2327847,2.1728787,-0.69923764,-0.14553149,0.17783052
6.2218223,2.182098,-0.7035283,-0.13858081,0.19981048
6.211465,2.1908846,-0.7081126,-0.13163015,0.22179042
6.201711,2.1992362,-0.71293855,-0.12467949,0.24377038
6.192559,2.2071497,-0.71795404,-0.12162737,0.24622723
6.183675,2.2149098,-0.7228951,-0.11857525,0.24868411
6.1750565,2.2225127,-0.72775924,-0.11552314,0.25114098
6.1667013,2.2299564,-0.732544,-0.11337952,0.24190396
6.1585174,2.237318,-0.7370707,-0.11123592,0.23266694
6.1505027,2.244593,-0.74134535,-0.1090923,0.22342993
6.1426563,2.2517767,-0.7453741,-0.10945555,0.21356606
6.134796,2.2590318,-0.7492405,-0.109818794,0.20370218
6.126921,2.2663567,-0.75294316,-0.11018204,0.19383831
6.1190324,2.2737496,-0.7564805,-0.10712613,0.17763698
6.111364,2.2809868,-0.75963545,-0.10407023,0.16143565
6.103916,2.2880604,-0.7624234,-0.10101433,0.14523432
6.096688,2.2949638,-0.76486,-0.09982153,0.124753594
6.089542,2.3018222,-0.7669301,-0.09862872,0.10427288
6.082479,2.308629,-0.76864105,-0.09743592,0.083792165
6.075499,2.3153787,-0.77000016,-0.096472256,0.06273105
6.068587,2.322081,-0.77100813,-0.09550859,0.041669942
6.061743,2.328731,-0.77167124,-0.09454492,0.020608831
6.054968,2.3353226,-0.77199596,-0.09170694,0.007061988
6.048397,2.3417196,-0.7721039,-0.08886897,-0.006484854
6.0420303,2.3479192,-0.7720079,-0.08603099,-0.020031696
6.035867,2.3539195,-0.77172065,-0.084947295,-0.02130599
6.0297804,2.359842,-0.77141905,-0.0838636,-0.022580285
6.02377,2.3656871,-0.77110344,-0.08277991,-0.023854578
6.0178347,2.3714547,-0.77077436,-0.08066144,-0.017347539
6.012049,2.3770733,-0.7705412,-0.07854298,-0.0108405
6.006414,2.3825438,-0.7703993,-0.07642452,-0.0043334602
6.0009294,2.387866,-0.7703441,-0.07586217,-0.004476285
5.9954853,2.393149,-0.77028745,-0.07529983,-0.0046191094
5.990081,2.3983924,-0.7702295,-0.07473748,-0.0047619343
5.9847164,2.4035962,-0.7701702,-0.07312084,-0.0024862052
5.979468,2.4086874,-0.7701399,-0.0715042,-0.00021047592
5.974335,2.4136658,-0.77013737,-0.069887556,0.0020652532
5.969319,2.4185314,-0.77016145,-0.069573484,0.0015448689
5.964325,2.4233756,-0.77017933,-0.06925942,0.0010244846
5.9593534,2.4281979,-0.7701912,-0.06894535,0.00050410035
5.954405,2.4329984,-0.770197,-0.067469805,0.0033929825
5.949562,2.437696,-0.7702351,-0.06599426,0.006281865
5.944825,2.4422913,-0.7703042,-0.06451872,0.009170746
5.940195,2.4467838,-0.77040285,-0.063689426,0.0142568
5.935625,2.4512188,-0.7705541,-0.06286013,0.01934285
5.931115,2.4555964,-0.7707568,-0.062030837,0.024428904
5.9266667,2.4599166,-0.7710093,-0.060689766,0.033658374
5.9223166,2.4641435,-0.7713497,-0.059348695,0.042887844
5.918065,2.468277,-0.7717738,-0.05800762,0.05211731
5.9139137,2.472317,-0.7722774,-0.057530995,0.062140666
5.9098005,2.4763236,-0.7728729,-0.05705437,0.07216402
5.9057264,2.4802966,-0.7735585,-0.056577746,0.08218738
5.9016924,2.4842362,-0.77433264,-0.05830972,0.096296564
5.8975434,2.4882946,-0.775267,-0.06004169,0.11040574
5.893281,2.4924715,-0.77636963,-0.061773658,0.12451492
5.888908,2.4967663,-0.77764827,-0.065847464,0.14757384
5.884267,2.501336,-0.77926195,-0.06992126,0.17063275
5.8793645,2.5061784,-0.78124076,-0.07399507,0.19369167
5.874209,2.5112915,-0.7836146,-0.07959635,0.20276533
5.868686,2.5167947,-0.78628606,-0.08519763,0.21183899
5.8628016,2.5226896,-0.78927165,-0.09079891,0.22091267
5.8565617,2.528978,-0.79258764,-0.09377253,0.22507682
5.850145,2.535488,-0.7960757,-0.096746154,0.22924098
5.843554,2.5422208,-0.7997398,-0.09971978,0.23340514
5.836793,2.5491784,-0.8035838,-0.101948015,0.23430066
5.82991,2.5563166,-0.80752856,-0.10417625,0.23519619
5.8229065,2.563637,-0.8115747,-0.10640448,0.2360917
5.8157854,2.5711412,-0.81572276,-0.10759468,0.23312978
5.808611,2.5787644,-0.8198656,-0.10878486,0.23016787
5.801384,2.5865076,-0.82400197,-0.109975055,0.22720595
5.7941055,2.5943708,-0.8281307,-0.11065929,0.22083019
5.786804,2.6023247,-0.83217055,-0.11134352,0.21445444
5.7794795,2.610369,-0.8361198,-0.11202775,0.20807868
5.7721314,2.6185026,-0.8399769,-0.11204843,0.20518884
5.7648096,2.626671,-0.8437819,-0.11206911,0.202299
5.7575126,2.6348736,-0.8475348,-0.11208979,0.19940916
5.7502413,2.6431098,-0.8512354,-0.11252692,0.19604175
5.742967,2.6514108,-0.85488856,-0.11296406,0.19267434
5.7356906,2.6597762,-0.8584937,-0.11340119,0.18930694
5.728411,2.6682057,-0.8620503,-0.11328605,0.18731058
5.7211666,2.6766558,-0.8655663,-0.11317091,0.18531421
5.7139564,2.6851258,-0.8690417,-0.113055766,0.18331786
