8.352978,-7.555791,-0.6898404,0.101590164,0.0
8.360814,-7.5622563,-0.6898404,0.07236126,-0.047695577
8.366389,-7.5668564,-0.6904154,0.043132354,-0.095391154
8.3696995,-7.569591,-0.69110006,0.013903449,-0.14308673
8.37076,-7.570468,-0.6914305,-0.015102957,-0.18794729
8.369617,-7.569522,-0.69096017,-0.044109363,-0.23280784
8.366309,-7.566787,-0.6892641,-0.07311577,-0.2776684
8.360884,-7.562315,-0.68592376,-0.102135375,-0.25429174
8.353234,-7.5560536,-0.6816416,-0.13115498,-0.23091508
8.34332,-7.5480094,-0.6766387,-0.1601746,-0.20753843
8.331099,-7.538195,-0.671138,-0.18966731,-0.17942
8.316484,-7.5265894,-0.6654967,-0.21916002,-0.15130156
8.299442,-7.5132117,-0.6599912,-0.24865274,-0.12318313
8.279947,-7.498082,-0.6548991,-0.2780652,-0.07401097
8.257954,-7.481192,-0.6514723,-0.30747765,-0.024838805
8.233511,-7.462554,-0.65019953,-0.3368901,0.024333358
8.206704,-7.4421663,-0.6515657,-0.36606923,0.08105779
8.177692,-7.4200397,-0.6565057,-0.39524832,0.13778222
8.14668,-7.3961444,-0.6655534,-0.42442745,0.19450665
8.113925,-7.3704305,-0.6792258,-0.45318222,0.25619578
8.079816,-7.3428907,-0.6983654,-0.48193696,0.31788492
8.044754,-7.3134565,-0.7234709,-0.5106917,0.37957406
8.009201,-7.2820554,-0.7550082,-0.523,0.35683236
7.973512,-7.248472,-0.78545624,-0.523,0.33409065
7.938577,-7.2135334,-0.8140391,-0.523,0.31134897
7.904396,-7.177336,-0.840742,-0.523,0.33068922
7.8714066,-7.1404767,-0.8690446,-0.523,0.3500295
7.839691,-7.102957,-0.8989363,-0.523,0.36936975
7.809333,-7.064784,-0.93040586,-0.523,0.3492772
7.77997,-7.0253787,-0.9602359,-0.523,0.32918462
7.751595,-6.984829,-0.9884144,-0.523,0.30909204
7.7241926,-6.94322,-1.01493,-0.5166955,0.32217246
7.6983304,-6.901588,-1.0421966,-0.51039106,0.33525288
7.674023,-6.8599687,-1.0701838,-0.50408655,0.3483333
7.651282,-6.8184013,-1.0988606,-0.4823927,0.3604791
7.630761,-6.778197,-1.1272191,-0.4606988,0.37262487
7.612346,-6.739441,-1.1551728,-0.43900493,0.38477063
7.5959167,-6.7022147,-1.182636,-0.4204003,0.37491027
7.5811105,-6.6660047,-1.2082937,-0.4017957,0.36504987
7.567801,-6.630912,-1.2322003,-0.38319108,0.35518947
7.555867,-6.5970244,-1.2544105,-0.37397602,0.32898012
7.5448556,-6.5633893,-1.2745477,-0.364761,0.3027708
7.5346913,-6.530089,-1.2926743,-0.35554597,0.27656144
7.525301,-6.4971995,-1.3088546,-0.34760225,0.27383494
7.516635,-6.464876,-1.3245213,-0.33965853,0.27110848
7.5086565,-6.4331384,-1.3396814,-0.3317148,0.26838198
7.5013304,-6.4020047,-1.3543416,-0.32286254,0.2536999
7.4946184,-6.3714814,-1.3678473,-0.31401026,0.23901781
7.488469,-6.341599,-1.3802376,-0.30515802,0.22433573
7.482834,-6.3123865,-1.3915517,-0.2999385,0.21753728
7.4776125,-6.283569,-1.4023408,-0.29471898,0.21073885
7.4727807,-6.255157,-1.4126158,-0.28949946,0.20394042
7.4683146,-6.227161,-1.4223878,-0.28027698,0.20031612
7.4642534,-6.1999955,-1.4316827,-0.2710545,0.19669181
7.460567,-6.1736693,-1.4405112,-0.26183203,0.19306752
7.4572287,-6.1481905,-1.4488842,-0.2571669,0.16916995
7.454146,-6.123029,-1.4561005,-0.2525018,0.14527239
7.451287,-6.098209,-1.4621927,-0.24783663,0.12137482
7.4486203,-6.0737524,-1.4671938,-0.23772776,0.112908304
7.4461775,-6.0502577,-1.4716579,-0.22761889,0.104441784
7.443937,-6.0277314,-1.4756129,-0.21751001,0.095975265
7.441879,-6.0061784,-1.4790868,-0.20786671,0.081350364
7.4399815,-5.9855475,-1.481902,-0.19822341,0.066725455
7.4382257,-5.9658475,-1.4841048,-0.18858013,0.05210055
7.4365954,-5.9470854,-1.4857416,-0.17714857,0.031029433
7.435091,-5.9294434,-1.4866576,-0.16571702,0.009958315
7.433698,-5.912931,-1.4869326,-0.15428548,-0.011112804
7.432406,-5.8975577,-1.4866469,-0.14653881,-0.04491535
7.4311757,-5.8829703,-1.4855503,-0.13879216,-0.078717895
7.4299974,-5.8691845,-1.4837313,-0.13104549,-0.11252044
7.4288654,-5.856212,-1.4812789,-0.11820099,-0.13715366
7.427819,-5.8445497,-1.4785854,-0.105356485,-0.16178687
7.4268613,-5.834196,-1.4757569,-0.092511974,-0.18642008
7.425998,-5.825146,-1.4728992,-0.08056901,-0.22951448
7.4252315,-5.817338,-1.4698442,-0.06862604,-0.27260888
7.4245653,-5.8107624,-1.4667647,-0.05668307,-0.3
7.424003,-5.8053765,-1.4639728,-0.036836196,-0.3
7.423628,-5.8018775,-1.4621584,-0.016989324,-0.3
7.423452,-5.800264,-1.4613217,0.002857549,-0.3
7.423482,-5.800535,-1.4614625,0.021946488,-0.3
7.4237103,-5.8026195,-1.4625434,0.04103543,-0.3
7.4241343,-5.8065166,-1.4645646,0.060124367,-0.3
7.424743,-5.812228,-1.4675258,0.086682394,-0.3
7.4255967,-5.820465,-1.4717953,0.11324043,-0.3
7.4266663,-5.8312306,-1.4773728,0.13979845,-0.3
7.427912,-5.8445277,-1.4842583,0.16924423,-0.3
7.4293094,-5.8606358,-1.4925941,0.19869001,-0.3
7.4307923,-5.8795595,-1.5023803,0.2281358,-0.3
7.4322824,-5.901303,-1.5136167,0.25809532,-0.3
7.4336915,-5.9259195,-1.5263288,0.28805488,-0.3
7.4349146,-5.953411,-1.5405165,0.3180144,-0.3
7.4358344,-5.9837785,-1.5561798,0.3480144,-0.3
7.4363203,-6.017022,-1.5733206,0.37801442,-0.3
7.436229,-6.053135,-1.5919391,0.40801442,-0.3
7.4354053,-6.0921054,-1.6120352,0.43798792,-0.21475044
7.433641,-6.1348615,-1.6275914,0.46796146,-0.12950087
7.431007,-6.181191,-1.6376634,0.49793497,-0.0442513
7.427683,-6.230825,-1.6413345,0.51510465,0.05279479
7.4240575,-6.2821355,-1.6368042,0.523,0.14984088
7.4206467,-6.333737,-1.6237918,0.523,0.24688697
7.41796,-6.38438,-1.6024895,0.4952902,0.3383581
7.4164796,-6.431077,-1.5750885,0.46758038,0.42982927
7.4162974,-6.4735813,-1.5426139,0.4398706,0.52130044
7.417372,-6.5117106,-1.506104,0.4203976,0.55470693
7.4196825,-6.547372,-1.4692005,0.40092465,0.5881134
7.4230657,-6.5805564,-1.4321288,0.3814517,0.6215199
7.427352,-6.611271,-1.3951107,0.3642538,0.613408
7.432558,-6.640597,-1.3601632,0.34705588,0.60529613
7.4385247,-6.6685057,-1.3272504,0.32985798,0.59718424
7.4451027,-6.6949773,-1.2963363,0.30540144,0.58275956
7.4520135,-6.7195225,-1.2683244,0.2809449,0.56833494
7.459067,-6.7421255,-1.2431222,0.25648838,0.5539103
7.4660873,-6.7627788,-1.220636,0.22769876,0.49975848
7.4729433,-6.781551,-1.2024499,0.19890912,0.44560668
7.479406,-6.7982955,-1.1881615,0.17011948,0.39145485
7.485277,-6.8128834,-1.1773437,0.14085315,0.31958872
7.4904037,-6.825234,-1.1699682,0.111586824,0.24772258
7.4946246,-6.8351946,-1.1654081,0.0823205,0.17585644
7.4978213,-6.842643,-1.1630079,0.052852433,0.12247819
7.499902,-6.847458,-1.1619316,0.023384374,0.06909993
7.500829,-6.8495984,-1.1616626,-0.0060836854,0.015721679
7.500587,-6.8490405,-1.1616786,-0.035795033,-0.04587356
7.4991646,-6.84576,-1.161405,-0.065506384,-0.1074688
7.496572,-6.839785,-1.1602339,-0.09521773,-0.16906403
7.492826,-6.831179,-1.1575637,-0.12506498,-0.16999027
7.487876,-6.8198905,-1.1540374,-0.15491223,-0.17091653
7.4816966,-6.8059316,-1.149646,-0.18475948,-0.17184277
7.4742546,-6.7893186,-1.1443805,-0.21455976,-0.13142659
7.465457,-6.7699523,-1.1396941,-0.24436006,-0.09101041
7.455288,-6.7478437,-1.1359926,-0.27416036,-0.05059422
7.443754,-6.7230105,-1.1336819,-0.30251443,0.029630661
7.4309535,-6.695616,-1.1351756,-0.33086848,0.10985555
7.417076,-6.6657996,-1.1412214,-0.35922256,0.19008043
7.4023843,-6.6337295,-1.1525332,-0.37142238,0.26658738
7.387831,-6.600988,-1.1688411,-0.38362223,0.34309432
7.3736978,-6.567741,-1.1903497,-0.39582205,0.41960126
7.360275,-6.534177,-1.2172258,-0.38223282,0.39143744
7.348041,-6.5010304,-1.2415305,-0.36864358,0.36327362
7.336899,-6.468423,-1.2633626,-0.35505435,0.33510977
7.326752,-6.436465,-1.2828239,-0.34427884,0.3516581
7.3175726,-6.4054747,-1.3025886,-0.3335033,0.36820644
7.309327,-6.375472,-1.3225956,-0.3227278,0.38475478
7.3019786,-6.3464756,-1.3427839,-0.3118266,0.35324252
7.295365,-6.3179755,-1.360763,-0.30092537,0.32173023
7.289413,-6.2900543,-1.3766222,-0.29002413,0.29021794
7.284051,-6.262787,-1.3904544,-0.28115073,0.2766799
7.2791996,-6.23618,-1.4032544,-0.27227736,0.26314187
7.2748156,-6.2102575,-1.4150584,-0.26340395,0.24960385
7.2708564,-6.1850424,-1.4259027,-0.25768912,0.24247852
7.267245,-6.1602893,-1.4362149,-0.2519743,0.23535319
7.263957,-6.136008,-1.4460078,-0.2462595,0.22822785
7.2609715,-6.112207,-1.4552939,-0.2371335,0.23053595
7.258311,-6.089275,-1.4643247,-0.22800751,0.23284405
7.2559533,-6.067215,-1.4730934,-0.21888152,0.23515214
7.2538767,-6.046031,-1.4815929,-0.21711692,0.21957901
7.251989,-6.0249248,-1.4894749,-0.21535233,0.20400588
7.250276,-6.003906,-1.4967464,-0.21358773,0.18843275
7.2487235,-5.9829826,-1.5034146,-0.19745803,0.19581658
7.24742,-5.9636583,-1.5098178,-0.18132833,0.20320041
7.2463374,-5.9459314,-1.5159166,-0.16519862,0.21058425
7.245451,-5.929801,-1.5216719,-0.15103681,0.15475906
7.2447186,-5.9148955,-1.525552,-0.136875,0.09893387
7.2441025,-5.901289,-1.5278053,-0.12271319,0.04310868
7.2435756,-5.8890405,-1.5286868,-0.09939898,0.0062984587
7.243157,-5.8791094,-1.5287911,-0.07608477,-0.030511761
7.242838,-5.8715115,-1.5284042,-0.05277056,-0.06732198
7.2426147,-5.866251,-1.5278126,-0.028047575,-0.10028596
7.2424946,-5.863463,-1.5273446,-0.003324588,-0.13324994
7.2424803,-5.8631334,-1.5272709,0.021398397,-0.16621391
7.2425723,-5.865242,-1.527861,0.05072608,-0.15125151
7.2427874,-5.870252,-1.5291349,0.08005376,-0.13628909
7.243118,-5.878176,-1.5309477,0.109381445,-0.121326685
7.2435503,-5.889025,-1.533154,0.13914432,-0.06990163
7.2440724,-5.902896,-1.5347738,0.1689072,-0.018476581
7.244681,-5.919773,-1.5352939,0.19867007,0.03294847
7.2453856,-5.9396167,-1.5342032,0.22857368,0.10920191
7.246217,-5.9623227,-1.5300512,0.2584773,0.18545535
7.2472515,-5.987706,-1.5221076,0.2883809,0.2617088
7.2486076,-6.015529,-1.5096722,0.31837904,0.3102578
7.2504597,-6.04579,-1.4934717,0.34837723,0.35880682
7.2529793,-6.078312,-1.4730825,0.37837538,0.40735584
7.2563686,-6.112888,-1.4480982,0.4083742,0.321573
7.2611103,-6.1513405,-1.4265865,0.43837303,0.23579015
7.2672358,-6.1935225,-1.4095182,0.46837184,0.1500073
