-3.6266239,9.1084,2.5175867,0.6136248,0.0
-3.676422,9.144254,2.5175867,0.523,-0.09533355
-3.7186732,9.174674,2.5092893,0.49304527,-0.1906671
-3.757725,9.203285,2.4937162,0.46309057,-0.28600064
-3.7931504,9.230097,2.471942,0.4331695,-0.3
-3.8255956,9.255783,2.4506068,0.4032485,-0.3
-3.8552828,9.280334,2.4307454,0.37332743,-0.3
-3.8823102,9.303605,2.4123578,0.34338647,-0.3
-3.9067724,9.325463,2.3954449,0.31344554,-0.3
-3.928761,9.34579,2.3800066,0.28350458,-0.3
-3.948363,9.36448,2.366043,0.25355303,-0.3
-3.965659,9.381438,2.3535547,0.22360148,-0.3
-3.9807239,9.396584,2.3425417,0.19364992,-0.3
-3.9936256,9.4098425,2.3330038,0.16366883,-0.23140748
-4.0046263,9.421365,2.3267474,0.13368772,-0.16281494
-4.0136757,9.4309635,2.3231359,0.10370662,-0.09422243
-4.020731,9.438501,2.3215096,0.07372185,-0.011966216
-4.0257597,9.443892,2.3213627,0.043737065,0.07028999
-4.028735,9.4470825,2.3218746,0.013752289,0.1525462
-4.0296626,9.448076,2.322223,-0.016237728,0.24077493
-4.0285864,9.446923,2.3215775,-0.046227746,0.32900366
-4.025602,9.443725,2.3190882,-0.07621776,0.4172324
-4.0208607,9.438619,2.3139405,-0.106206484,0.50627977
-4.0145764,9.431779,2.3053567,-0.13619521,0.5953272
-4.007018,9.42341,2.2926276,-0.16618393,0.68437463
-3.9985101,9.413746,2.2751176,-0.19615677,0.75648767
-3.9892728,9.402875,2.2526782,-0.22612962,0.8286007
-3.9796398,9.391008,2.2249024,-0.25610247,0.90071374
-3.9699624,9.378386,2.1914482,-0.28586024,0.916893
-3.9598496,9.364241,2.1536329,-0.315618,0.9330723
-3.9495072,9.348552,2.111369,-0.34537578,0.9492516
-3.9391577,9.331308,2.0645716,-0.37381598,0.9229109
-3.9284654,9.311443,2.0148938,-0.40225622,0.89657027
-3.917676,9.288767,1.9625207,-0.43069646,0.8702296
-3.9070756,9.263104,1.9076445,-0.4504002,0.8856145
-3.8976555,9.236205,1.8495201,-0.47010392,0.9009994
-3.8896258,9.208146,1.7880973,-0.48980767,0.9163843
-3.883198,9.179032,1.7233279,-0.5042481,0.940267
-3.878681,9.149649,1.6554464,-0.51868844,0.96414983
-3.8761806,9.120183,1.5844237,-0.523,0.9880326
-3.8757885,9.091404,1.5116444,-0.523,0.9500235
-3.8775868,9.061036,1.4407405,-0.523,0.91201437
-3.881739,9.02929,1.3718144,-0.523,0.87400526
-3.8883736,8.996388,1.3049657,-0.523,0.8434252
-3.8975093,8.962835,1.2398589,-0.523,0.81284523
-3.9091914,8.928833,1.1765544,-0.523,0.78226525
-3.923441,8.894582,1.1151116,-0.523,0.7457835
-3.9403474,8.860085,1.055965,-0.523,0.7093018
-3.9598885,8.825542,0.9991929,-0.523,0.67282015
-3.9820156,8.791142,0.9448712,-0.523,0.63720256
-4.006643,8.757075,0.8930114,-0.523,0.60158503
-4.033681,8.723488,0.8436794,-0.523,0.5659675
-4.063025,8.690507,0.7969378,-0.523,0.5233678
-4.0946846,8.658109,0.75337195,-0.523,0.48076814
-4.128507,8.626386,0.7130608,-0.523,0.4381685
-4.1643276,8.595406,0.6760776,-0.523,0.42927733
-4.201422,8.565649,0.6397976,-0.523,0.4203862
-4.2397246,8.537143,0.6042237,-0.523,0.41149506
-4.279172,8.509911,0.5693588,-0.523,0.39019737
-4.3199105,8.483835,0.53620315,-0.523,0.36889967
-4.3618455,8.458914,0.50477177,-0.523,0.347602
-4.4048853,8.435134,0.47507897,-0.523,0.32989836
-4.4488854,8.412501,0.4468416,-0.523,0.31219468
-4.4937706,8.390994,0.42006853,-0.523,0.29449102
-4.539468,8.370583,0.39476815,-0.523,0.26835945
-4.586017,8.351189,0.3716559,-0.523,0.24222785
-4.633324,8.33275,0.35074762,-0.523,0.21609627
-4.6812973,8.315198,0.33205748,-0.523,0.17308375
-4.730002,8.298403,0.31704554,-0.523,0.13007124
-4.7792754,8.282236,0.3057396,-0.523,0.08705873
-4.828961,8.266553,0.29816058,-0.523,0.044368666
-4.8789043,8.2512045,0.2942944,-0.523,0.0016786039
-4.9289556,8.236034,0.29414806,-0.523,-0.04101146
-4.978967,8.220884,0.2977219,-0.523,-0.043737836
-5.0289187,8.205557,0.30153316,-0.523,-0.046464212
-5.078805,8.190042,0.30558184,-0.523,-0.04919059
-5.128622,8.174326,0.3098679,-0.523,-0.051080894
-5.178366,8.158399,0.3143185,-0.523,-0.052971203
-5.228034,8.142252,0.31893367,-0.523,-0.05486151
-5.2776217,8.125877,0.32371336,-0.523,-0.05856458
-5.3271203,8.10927,0.3288153,-0.523,-0.06226765
-5.3765225,8.092414,0.33423948,-0.523,-0.06597072
-5.425821,8.0752945,0.33998576,-0.523,-0.0707999
-5.4750032,8.057898,0.346152,-0.523,-0.07562908
-5.5240607,8.040204,0.35273805,-0.523,-0.08045826
-5.572982,8.022194,0.35974374,-0.523,-0.09300008
-5.621722,8.003862,0.3678386,-0.523,-0.1055419
-5.6702523,7.98516,0.37702125,-0.523,-0.118083715
-5.7185407,7.9660397,0.3872903,-0.523,-0.13407718
-5.7665324,7.946464,0.39894238,-0.523,-0.15007064
-5.8141837,7.926377,0.4119745,-0.523,-0.16606411
-5.8614483,7.905723,0.42638332,-0.523,-0.18258576
-5.908274,7.8844523,0.44221044,-0.523,-0.19910741
-5.95461,7.862513,0.4594515,-0.523,-0.21562906
-6.0004005,7.8398576,0.47810185,-0.523,-0.22587708
-6.045656,7.816406,0.4976238,-0.523,-0.2361251
-6.090338,7.792134,0.5180153,-0.523,-0.24637312
-6.1344047,7.7670193,0.5392742,-0.523,-0.25256374
-6.1778584,7.7410145,0.5610561,-0.523,-0.25875437
-6.2206664,7.7141128,0.58335996,-0.523,-0.264945
-6.2627935,7.68631,0.60618514,-0.523,-0.27234665
-6.304191,7.657611,0.6296323,-0.523,-0.27974826
-6.344819,7.628011,0.6537002,-0.523,-0.2871499
-6.384637,7.5975084,0.6783875,-0.523,-0.2882584
-6.423677,7.5660424,0.70316756,-0.523,-0.2893669
-6.4619126,7.533629,0.72804016,-0.523,-0.2904754
-6.4993176,7.500286,0.7530053,-0.523,-0.28576317
-6.53593,7.465972,0.77757674,-0.523,-0.28105095
-6.571738,7.4307203,0.80175376,-0.523,-0.27633876
-6.60673,7.3945646,0.8255359,-0.523,-0.273084
-6.6408834,7.357553,0.849045,-0.523,-0.26982924
-6.6741877,7.3197145,0.8722807,-0.523,-0.2665745
-6.706633,7.281078,0.89524287,-0.523,-0.2624046
-6.7382183,7.241662,0.91785425,-0.523,-0.25823465
-6.768938,7.2014976,0.9401143,-0.523,-0.2540647
-6.7987895,7.160615,0.96202284,-0.523,-0.25011215
-6.827767,7.1190457,0.9835977,-0.523,-0.2461596
-6.8558693,7.0768185,1.0048386,-0.523,-0.24220704
-6.8830953,7.033962,1.0257452,-0.523,-0.22859693
-6.9095054,6.9904037,1.045498,-0.523,-0.21498683
-6.9351287,6.9461966,1.0640937,-0.523,-0.20137674
-6.9599967,6.901392,1.0815287,-0.523,-0.18767542
-6.984145,6.8560386,1.0977918,-0.523,-0.1739741
-7.0076113,6.810184,1.1128802,-0.523,-0.16027278
-7.030436,6.763873,1.1267909,-0.523,-0.1518746
-7.0526433,6.717188,1.1399785,-0.523,-0.14347643
-7.07426,6.670155,1.152442,-0.523,-0.13507825
-7.095314,6.622801,1.1641805,-0.523,-0.12253099
-7.1158433,6.575125,1.1748345,-0.523,-0.109983735
-7.1358933,6.5271635,1.184402,-0.523,-0.09743648
-7.1555095,6.4789495,1.1928818,-0.523,-0.071453676
-7.174758,6.430464,1.1991049,-0.523,-0.045470864
-7.193733,6.3817854,1.2030671,-0.523,-0.019488055
-7.2125316,6.332991,1.2047657,-0.523,-0.015903633
-7.231248,6.284162,1.2061518,-0.523,-0.012319213
-7.2498975,6.2353044,1.2072257,-0.523,-0.0087347925
-7.2684956,6.186425,1.2079871,-0.5125659,0.015947646
-7.286684,6.138511,1.2066247,-0.50213176,0.040630084
-7.304554,6.0916295,1.2032254,-0.49169767,0.06531252
-7.3221855,6.045842,1.1978769,-0.4728957,0.058170266
-7.3393855,6.0018773,1.1932948,-0.45409375,0.051028006
-7.3561015,5.95972,1.1894345,-0.4352918,0.04388575
-7.372287,5.9193573,1.1862516,-0.4174352,0.044088013
-7.3879313,5.8807,1.1831853,-0.39957863,0.044290274
-7.40302,5.8437424,1.1802367,-0.38172206,0.044492535
-7.4175377,5.80848,1.177407,-0.361927,0.084134296
-7.431362,5.77517,1.1723379,-0.34213194,0.12377606
-7.4445353,5.7438784,1.165298,-0.32233685,0.16341782
-7.4570813,5.714653,1.1565577,-0.3117794,0.14762245
-7.4694934,5.6864223,1.1489146,-0.30122197,0.13182707
-7.481721,5.6591797,1.1423156,-0.29066452,0.1160317
-7.4937167,5.632919,1.1367071,-0.28028688,0.13666059
-7.505395,5.607727,1.130343,-0.2699092,0.15728949
-7.516761,5.5836134,1.1232965,-0.25953156,0.17791837
-7.5278134,5.560585,1.1156411,-0.24163699,0.20281471
-7.5382185,5.539326,1.107529,-0.22374244,0.22771105
-7.547959,5.519827,1.0991108,-0.20584789,0.25260738
-7.5570154,5.502072,1.0905362,-0.19142942,0.24596642
-7.5655932,5.4856057,1.0827676,-0.17701097,0.23932546
-7.5736566,5.4704165,1.0757742,-0.1625925,0.2326845
-7.5811725,5.456495,1.0695255,-0.17123325,0.23321883
-7.589178,5.4418845,1.0629299,-0.179874,0.23375317
-7.5976877,5.4265947,1.0559858,-0.18851477,0.23428753
-7.606716,5.410635,1.0486919,-0.17795298,0.24577457
-7.615324,5.395674,1.0414757,-0.16739118,0.2572616
-7.623498,5.3817015,1.0343773,-0.15682939,0.26874864
-7.631225,5.368705,1.027437,-0.1598242,0.28357112
-7.6391582,5.355571,1.0199842,-0.16281903,0.29839358
-7.6473036,5.34231,1.0120065,-0.16581386,0.31321603
-7.655667,5.3289347,1.0034914,-0.15864605,0.33942088
-7.6637053,5.3163185,0.99468815,-0.15147823,0.36562574
-7.671412,5.3044553,0.9856617,-0.14431041,0.39183056
-7.678778,5.293337,0.9764768,-0.14396332,0.4388013
-7.6860757,5.2825394,0.9662829,-0.14361621,0.485772
-7.693294,5.27209,0.9551074,-0.1432691,0.53274274
-7.7004213,5.2620144,0.9429797,-0.1307716,0.5845873
-7.706827,5.2531886,0.93095183,-0.1182741,0.6364319
-7.7125063,5.2455583,0.91923624,-0.1057766,0.6882764
-7.7174606,5.2390623,0.9080379,-0.09673902,0.7621361
-7.7217665,5.233546,0.89690536,-0.08770143,0.83599573
-7.7254353,5.2289515,0.8860601,-0.07866384,0.90985537
-7.7284894,5.225211,0.87571037,-0.063292325,1.0
-7.7306795,5.2225847,0.8668339,-0.04792081,1.0
-7.7323556,5.220611,0.86011326,-0.03254929,1.0
-7.733503,5.2192783,0.8555484,-0.011492964,1.0
-7.73391,5.218809,0.85393655,0.009563363,1.0
-7.7335706,5.2191987,0.8552778,0.03061969,1.0
-7.7324853,5.2204475,0.85957205,0.050866507,1.0
-7.7306914,5.2225294,0.86670583,0.071113326,1.0
-7.728204,5.225458,0.8766791,0.09136014,1.0
-7.725046,5.2292523,0.8894919,0.11444753,1.0
-7.721152,5.2340555,0.9055427,0.1375349,1.0
-7.7165647,5.239902,0.9248313,0.1606223,1.0
-7.711341,5.246832,0.9473578,0.18496381,1.0
-7.7055063,5.2549453,0.973298,0.20930533,1.0
-7.699144,5.2642946,1.002652,0.23364685,1.0
-7.6923513,5.2749357,1.03542,0.25970474,1.0
-7.685193,5.287004,1.0718423,0.2857626,1.0
-7.677805,5.3005614,1.111919,0.31182048,1.0
-7.6703424,5.315666,1.1556504,0.33895934,1.0
-7.6629558,5.3324246,1.2031878,0.36609817,1.0
-7.655847,5.3508835,1.2545313,0.393237,1.0
-7.649239,5.3710766,1.3096809,0.42075565,1.0
-7.64337,5.3930397,1.3686899,0.44827428,1.0
-7.6385083,5.416767,1.4315581,0.47579294,1.0
-7.63494,5.4422255,1.4982858,0.48550534,0.9328803
-7.632846,5.471062,1.56329,0.4952177,0.86576056
-7.6326046,5.5031543,1.6261487,0.5049301,0.7986408
-7.634554,5.5383286,1.6864381,0.48555404,0.77421695
-7.6385593,5.572812,1.7430178,0.466178,0.74979305
-7.644406,5.606424,1.7959669,0.44680193,0.7253692
-7.6518703,5.639012,1.8453691,0.43731472,0.67049986
-7.6611605,5.671993,1.8906587,0.4278275,0.6156305
-7.6721435,5.705149,1.9318352,0.4183403,0.56076115
-7.684658,5.7382927,1.9689163,0.39599884,0.5136978
-7.6980286,5.770084,2.0013487,0.37365738,0.4666345
-7.711957,5.8004093,2.0293655,0.35131595,0.41957122
-7.7261596,5.829179,2.0532181,0.32375348,0.4054499
-7.7399616,5.855534,2.0745013,0.29619104,0.39132857
-7.753177,5.8795137,2.09333,0.26862857,0.37720728
-7.765641,5.9011555,2.1098204,0.2396245,0.31647497
-7.7773304,5.9206986,2.1222498,0.21062043,0.25574267
-7.7880063,5.938055,2.1311297,0.18161637,0.19501036
-7.797476,5.953148,2.136995,0.152551,0.12488571
-7.8055954,5.9659224,2.1401622,0.12348561,0.054761045
-7.8122425,5.976307,2.1412885,0.09442023,-0.015363616
-7.817341,5.984253,2.1410468,0.065315716,-0.08470446
-7.820854,5.9897313,2.1401258,0.036211196,-0.1540453
-7.822783,5.992745,2.1391997,0.007106682,-0.22338614
-7.8231564,5.993329,2.1389375,-0.022660492,-0.24761131
-7.8219743,5.9914775,2.139863,-0.052427664,-0.2718365
-7.819253,5.987223,2.1422093,-0.082194835,-0.29606166
-7.815001,5.98061,2.1462061,-0.11200257,-0.29529136
-7.80917,5.97162,2.1516385,-0.14181028,-0.29452106
-7.8017235,5.960275,2.1584992,-0.17161801,-0.29375076
-7.7926154,5.9466047,2.1667812,-0.20138961,-0.2724265
-7.781728,5.9305525,2.1758125,-0.23116119,-0.2511022
-7.7689924,5.9121356,2.1853852,-0.26093277,-0.22977796
-7.754342,5.8913774,2.1952903,-0.2900579,-0.15984216
-7.737599,5.8681464,2.2029848,-0.31918302,-0.08990636
-7.718814,5.8425007,2.207761,-0.34830812,-0.01997056
-7.6981025,5.8145056,2.2089202,-0.37396824,0.056345057
-7.675861,5.784516,2.2054102,-0.39962837,0.13266067
-7.652376,5.7526164,2.1966004,-0.42528847,0.2089763
-7.628007,5.718897,2.1818955,-0.43188483,0.2865589
-7.6042376,5.684967,2.1615498,-0.43848118,0.36414152
-7.581416,5.650938,2.1355224,-0.44507754,0.44172412
-7.559882,5.6169496,2.1038108,-0.42128253,0.38104254
-7.540011,5.5832677,2.0776992,-0.3974875,0.32036096
-7.521696,5.5502853,2.056837,-0.37369248,0.25967938
-7.504825,5.518352,2.040845,-0.37185812,0.29831684
-7.488726,5.4866633,2.0226293,-0.37002376,0.3369543
-7.473479,5.455246,2.0022402,-0.3681894,0.37559175
-7.459155,5.4241323,1.97973,-0.34662542,0.33520907
-7.4461393,5.3940983,1.9607253,-0.32506144,0.2948264
-7.434316,5.3653293,1.9449829,-0.30349746,0.2544437
-7.42358,5.3379893,1.9322509,-0.29334247,0.25646642
-7.4135456,5.311448,1.919849,-0.28318745,0.25848913
-7.4041824,5.285721,1.9077843,-0.27303243,0.26051182
-7.395459,5.260823,1.8960633,-0.26280665,0.25180426
-7.387326,5.236706,1.8851502,-0.25258088,0.24309668
-7.3797455,5.2133913,1.875017,-0.24235512,0.2343891
-7.3726845,5.1909013,1.865636,-0.23644747,0.22026995
-7.3659797,5.1688232,1.8570256,-0.23053981,0.20615079
-7.359608,5.1471753,1.8491606,-0.22463214,0.19203164
-7.3535495,5.125974,1.8420153,-0.21050651,0.18674062
-7.3480077,5.1060452,1.8355017,-0.19638087,0.18144962
-7.342954,5.0874023,1.8295953,-0.18225524,0.1761586
-7.338362,5.0700564,1.8242719,-0.1673024,0.13111302
-7.334203,5.054,1.8206265,-0.15234956,0.08606742
-7.33045,5.039293,1.8184438,-0.13739672,0.041021835
-7.327085,5.0259833,1.8175046,-0.11811317,-0.0050875247
-7.3242006,5.0145297,1.8176048,-0.098829605,-0.051196884
-7.3217893,5.004959,1.8184477,-0.07954605,-0.097306244
-7.3198485,4.9972835,1.8197358,-0.06239174,-0.15548174
-7.31833,4.9913096,1.821346,-0.045237433,-0.21365725
-7.3172336,4.9870267,1.8229448,-0.028083123,-0.27183273
-7.316559,4.984407,1.8242015,-0.0034137676,-0.3
-7.316477,4.9840913,1.8243695,0.02125559,-0.3
-7.3169866,4.9860573,1.8233227,0.045924947,-0.3
-7.318083,4.9903054,1.8210607,0.0750719,-0.3
-7.319859,4.997254,1.8173631,0.10421886,-0.3
-7.322289,5.006909,1.81223,0.13336582,-0.3
-7.325335,5.0192804,1.8056613,0.16314776,-0.3
-7.3289623,5.0344386,1.7976258,0.19292971,-0.3
-7.3331075,5.0523977,1.7881233,0.22271165,-0.3
-7.337695,5.0731735,1.777154,0.25269726,-0.24599871
-7.3427167,5.0971627,1.7668977,0.28268287,-0.19199741
-7.3481236,5.1243796,1.7579074,0.31266847,-0.1379961
-7.3538847,5.154809,1.750739,0.34266713,-0.082096174
-7.359997,5.188409,1.7460557,0.3726658,-0.02619623
-7.3664923,5.225092,1.7444288,0.40266445,0.029703712
-7.373446,5.264735,1.7464219,0.4326627,0.03722168
-7.381,5.3073063,1.7491053,0.46266094,0.044739652
-7.389198,5.3527937,1.752554,0.49265918,0.05225762
