8.791593,-6.0055223,-2.5259852,0.7716522,0.0
8.728594,-6.0500813,-2.5259852,0.523,0.09998985
8.686108,-6.0801315,-2.5172842,0.49301445,0.1999797
8.646904,-6.1083755,-2.5009613,0.46302894,0.29996952
8.61144,-6.134815,-2.4781578,0.43529645,0.3996243
8.579845,-6.1595097,-2.4499307,0.40756395,0.49927902
8.552287,-6.1823316,-2.4174078,0.37983146,0.59893376
8.528789,-6.203116,-2.3817186,0.373026,0.69774824
8.508067,-6.222806,-2.341774,0.3662206,0.7965627
8.490225,-6.241171,-2.2981355,0.35941514,0.89537716
8.475284,-6.2579556,-2.2513847,0.37363183,0.99083716
8.4623995,-6.2738686,-2.1992953,0.38784853,1.0
8.450079,-6.2908196,-2.1449013,0.40206522,1.0
8.438282,-6.3090606,-2.0885136,0.40165737,1.0
8.427542,-6.3279185,-2.0321832,0.40124953,1.0
8.41789,-6.347331,-1.9759098,0.40084168,1.0
8.409354,-6.3672357,-1.9196937,0.39917615,1.0
8.401981,-6.3875036,-1.8637112,0.3975106,1.0
8.39578,-6.4080667,-1.8079623,0.39584503,1.0
8.390755,-6.4288554,-1.7524469,0.39376894,1.0
8.386911,-6.449781,-1.6972227,0.39169288,1.0
8.384243,-6.470775,-1.6422896,0.3896168,1.0
8.382739,-6.4917727,-1.5876478,0.38792744,1.0
8.382385,-6.512729,-1.5332428,0.3862381,1.0
8.383169,-6.533583,-1.4790748,0.38454872,1.0
8.385072,-6.554273,-1.4251437,0.38578832,1.0
8.388098,-6.574897,-1.3710388,0.3870279,1.0
8.392247,-6.595392,-1.31676,0.3882675,1.0
8.397519,-6.615697,-1.2623074,0.3871611,1.0
8.403871,-6.6356277,-1.2080098,0.38605472,1.0
8.411273,-6.655129,-1.1538676,0.38494834,1.0
8.419695,-6.674146,-1.0998805,0.38386986,1.0
8.429105,-6.692629,-1.0460446,0.38279137,1.0
8.439467,-6.7105284,-0.99235994,0.3817129,1.0
8.450743,-6.7277975,-0.9388265,0.38511157,1.0
8.463035,-6.7445865,-0.88481647,0.38851023,1.0
8.476331,-6.7608294,-0.8303298,0.39190888,1.0
8.490616,-6.7764597,-0.7753665,0.39978722,1.0
8.5060425,-6.7915797,-0.71929824,0.40766555,1.0
8.522613,-6.806092,-0.6621251,0.41554385,1.0
8.540319,-6.8198953,-0.6038471,0.4234707,1.0
8.559154,-6.8328867,-0.5444574,0.4313976,1.0
8.579092,-6.8449597,-0.48395598,0.43932444,1.0
8.600103,-6.8560038,-0.42234284,0.44815874,1.0
8.6221895,-6.865929,-0.35949075,0.45699304,1.0
8.645303,-6.8746157,-0.2953997,0.46582732,1.0
8.669381,-6.8819427,-0.23006965,0.47676897,1.0
8.694462,-6.8878174,-0.16320512,0.4877106,1.0
8.720463,-6.892099,-0.09480606,0.49865222,1.0
8.747285,-6.8946495,-0.024872495,0.5041917,1.0
8.774518,-6.8953266,0.045837954,0.5097312,1.0
8.80203,-6.894065,0.11732528,0.51527065,1.0
8.829679,-6.890806,0.1895895,0.51790357,1.0
8.85716,-6.8855324,0.26222298,0.5205364,1.0
8.884323,-6.878242,0.3352257,0.523,1.0
8.911008,-6.8689456,0.40857393,0.5218556,1.0
8.936883,-6.8577433,0.48176163,0.5207112,1.0
8.961815,-6.8447075,0.5547889,0.51956683,1.0
8.985677,-6.82992,0.6276556,0.5151241,1.0
9.008204,-6.8135757,0.69989926,0.5106814,1.0
9.029309,-6.795802,0.77151984,0.5062387,1.0
9.048917,-6.7767315,0.8425174,0.5034007,1.0
9.06702,-6.7564325,0.91311693,0.5005627,1.0
9.083552,-6.7350283,0.9833184,0.49772474,1.0
9.098458,-6.712645,1.0531219,0.49619582,1.0
9.111725,-6.689348,1.122711,0.4946669,1.0
9.123304,-6.66526,1.1920856,0.49313802,1.0
9.133155,-6.6405034,1.2612458,0.49161068,1.0
9.141247,-6.615204,1.3301919,0.49008334,1.0
9.147556,-6.5894876,1.3989236,0.488556,1.0
9.152071,-6.5634794,1.4674413,0.49455416,1.0
9.154828,-6.536901,1.5368001,0.5005523,1.0
9.155747,-6.509872,1.6070001,0.5065505,1.0
9.154757,-6.4825206,1.6780415,0.5110227,1.0
9.151801,-6.4550686,1.7497098,0.5154949,1.0
9.146845,-6.427661,1.8220055,0.5199671,1.0
9.139861,-6.400449,1.8949285,0.51289517,1.0
9.131035,-6.37418,1.9668595,0.50582325,1.0
9.120492,-6.348966,2.0377986,0.49875134,1.0
9.108359,-6.324904,2.1077461,0.48217043,0.99676013
9.094967,-6.3024054,2.1752272,0.46558952,0.9935203
9.080526,-6.281498,2.2402508,0.4490086,0.99028045
9.065245,-6.262187,2.3028262,0.4253184,0.9783932
9.049372,-6.244523,2.3616335,0.40162814,0.96650594
9.033149,-6.228475,2.4167173,0.3779379,0.9546187
9.016798,-6.213993,2.4681227,0.3547039,0.92227876
9.0000515,-6.2006307,2.515238,0.3314699,0.8899389
8.983148,-6.1884,2.5581653,0.30823588,0.85759896
8.966317,-6.1772904,2.597017,0.30372736,0.8882638
8.94993,-6.1673656,2.636298,0.29921883,0.9189287
8.934046,-6.1585784,2.6759422,0.29471028,0.94959354
8.91872,-6.150877,2.7158842,0.28491524,0.9509555
8.903646,-6.144042,2.7545362,0.27512017,0.9523174
8.888875,-6.138021,2.7918959,0.2653251,0.9536794
