4.8495483,7.890764,-2.9423594,0.98092103,0.0
4.7533965,7.87135,-2.9423594,0.523,0.022547018
4.702144,7.8610015,-2.9403944,0.4932915,0.045094036
4.653859,7.8511534,-2.9366882,0.463583,0.06764106
4.608575,7.8417425,-2.9314659,0.48456147,0.119987115
4.561525,7.831708,-2.921799,0.50553995,0.17233318
4.512918,7.820849,-2.9073505,0.523,0.22467925
4.463325,7.809015,-2.8879304,0.523,0.21943499
4.413913,7.796205,-2.868956,0.523,0.21419075
4.364695,7.782444,-2.850428,0.523,0.2089465
4.315686,7.7677565,-2.8323474,0.523,0.22915426
4.2671695,7.752256,-2.812547,0.523,0.24936202
4.2192063,7.7358785,-2.7910357,0.523,0.26956978
4.1718607,7.718566,-2.7678216,0.523,0.2796781
4.125064,7.700212,-2.7437596,0.523,0.28978643
4.0788584,7.6807947,-2.7188518,0.523,0.29989472
4.0332913,7.6602955,-2.6931012,0.523,0.31397322
3.9884677,7.638726,-2.6661806,0.523,0.32805172
3.9444473,7.616065,-2.6380956,0.523,0.34213018
3.9012926,7.5922933,-2.6088517,0.523,0.35521004
3.859053,7.5673885,-2.5785363,0.523,0.36828986
3.8177922,7.541344,-2.5471544,0.523,0.38136968
3.7775764,7.5141582,-2.5147116,0.523,0.3971193
3.738517,7.4858656,-2.4809988,0.523,0.41286895
3.7006896,7.4564714,-2.4460242,0.523,0.42861855
3.6641712,7.425988,-2.4097962,0.523,0.44078708
3.6289806,7.394381,-2.3726065,0.523,0.4529556
3.595187,7.361679,-2.3344603,0.523,0.46512413
3.56286,7.3279157,-2.295363,0.523,0.46677643
3.5319035,7.2929435,-2.2561371,0.523,0.46842873
3.5023668,7.2568145,-2.2167828,0.523,0.47008103
3.4742978,7.219582,-2.1773,0.523,0.4612527
3.4476023,7.181101,-2.1385045,0.523,0.45242432
3.4223099,7.1414413,-2.1004,0.523,0.44359598
3.3984456,7.1006746,-2.0629888,0.523,0.43782023
3.376062,7.0589304,-2.0260332,0.523,0.43204448
3.3551798,7.016273,-1.989534,0.523,0.4262687
3.335817,6.9727674,-1.9534926,0.523,0.42258537
3.3180053,6.9285183,-1.9177438,0.523,0.41890204
3.3017592,6.8835874,-1.8822881,0.523,0.4152187
3.2870924,6.838034,-1.847126,0.523,0.41060093
3.2740097,6.7919006,-1.8123325,0.523,0.40598315
3.2625167,6.745247,-1.7779084,0.523,0.40136537
3.2526166,6.698132,-1.7438545,0.523,0.38952675
3.2442856,6.6504726,-1.710753,0.523,0.3776881
3.2375038,6.602334,-1.6786083,0.523,0.3658495
3.2322485,6.5537786,-1.647425,0.523,0.3596266
3.228501,6.504968,-1.6167489,0.523,0.3534037
3.226247,6.455952,-1.5865811,0.523,0.34718078
3.2254708,6.406779,-1.5569229,0.523,0.33606407
3.2261558,6.357409,-1.5281776,0.523,0.32494733
3.2282674,6.307891,-1.5003488,0.523,0.3138306
3.2317688,6.258269,-1.47344,0.523,0.30488908
3.236618,6.208617,-1.4472737,0.523,0.29594755
3.2427819,6.158972,-1.4218519,0.523,0.28700602
3.2502253,6.1093664,-1.3971766,0.523,0.2772772
3.258915,6.0598207,-1.3733158,0.523,0.26754835
3.2688112,6.0103617,-1.3502717,0.523,0.25781953
3.2798734,5.9610147,-1.3280466,0.523,0.25080407
3.2920516,5.9118366,-1.3064133,0.523,0.24378863
3.305314,5.8628464,-1.285373,0.523,0.23677318
3.319629,5.8140626,-1.2649266,0.523,0.23039904
3.3349617,5.765508,-1.2450206,0.523,0.22402492
3.3512816,5.717197,-1.225656,0.523,0.21765079
3.3685586,5.6691422,-1.2068336,0.523,0.20691217
3.3867793,5.6213107,-1.1889261,0.523,0.19617358
3.4058955,5.573709,-1.1719358,0.523,0.18543497
3.425859,5.5263405,-1.1558646,0.5182266,0.16922824
3.4464517,5.479593,-1.1413178,0.5134532,0.15302151
3.4675817,5.433456,-1.128274,0.5086798,0.1368148
3.489161,5.3879175,-1.1167109,0.5026323,0.12696867
3.511031,5.3431115,-1.1061031,0.4965849,0.11712253
3.5331328,5.2990227,-1.0964316,0.49053743,0.107276395
3.5554106,5.255636,-1.087678,0.48369825,0.09841472
3.5777717,5.21301,-1.079757,0.47685906,0.08955304
3.6001675,5.171127,-1.0726491,0.47001988,0.08069136
3.622552,5.129971,-1.0663348,0.46361214,0.070293054
3.6449046,5.089485,-1.0609078,0.4572044,0.05989475
3.6671798,5.049652,-1.0563465,0.45079666,0.04949645
3.6893344,5.010455,-1.0526292,0.44639882,0.039215457
3.711427,4.9717054,-1.0497124,0.44200101,0.028934468
3.7334216,4.9333873,-1.0475812,0.4376032,0.018653477
3.7552834,4.8954883,-1.0462208,0.43605036,0.0041424157
3.7771225,4.8577466,-1.0459198,0.4344975,-0.010368645
3.7988944,4.820148,-1.0466706,0.43294466,-0.024879705
3.8205545,4.7826767,-1.0484656,0.43335065,-0.04428456
3.8421533,4.745157,-1.051663,0.43375662,-0.06368941
3.8636296,4.7075725,-1.0562643,0.43416262,-0.08309426
3.8849223,4.669908,-1.06227,0.43414712,-0.103144735
3.9059482,4.6321883,-1.0697201,0.43413165,-0.12319521
3.9266443,4.5944004,-1.0786115,0.43411618,-0.14324568
3.9469485,4.556534,-1.0889403,0.4344872,-0.16113272
3.9668229,4.518531,-1.1005582,0.43485823,-0.17901975
3.9862113,4.480385,-1.1134638,0.43522924,-0.19690679
4.005058,4.442089,-1.1276548,0.43608588,-0.20951839
4.0233474,4.403554,-1.1427717,0.43694252,-0.22212999
4.041038,4.3647785,-1.1588153,0.43779916,-0.23474158
4.058088,4.325762,-1.1757867,0.43862587,-0.24435228
4.0744658,4.2864795,-1.1934727,0.43945262,-0.253963
4.090137,4.246936,-1.2118741,0.44027936,-0.26357368
4.1050687,4.2071376,-1.2309921,0.44243678,-0.27469203
4.119262,4.1669874,-1.2509938,0.44459423,-0.28581038
4.1326723,4.1264944,-1.271885,0.44675168,-0.29692873
4.1452527,4.0856686,-1.2936704,0.4502774,-0.3
4.1570215,4.044293,-1.3158481,0.4538031,-0.3
4.1679554,4.002341,-1.3381995,0.4573288,-0.3
4.178026,3.9598272,-1.3607244,0.4619519,-0.3
4.1872287,3.9166656,-1.3834771,0.46657506,-0.3
4.1955295,3.8728716,-1.4064575,0.47119817,-0.3
4.202894,3.8284628,-1.4296657,0.4758519,-0.3
4.2092886,3.783455,-1.453103,0.48050562,-0.3
4.214679,3.737868,-1.4767694,0.48515934,-0.3
4.2190304,3.6917238,-1.5006652,0.48923197,-0.3
4.222306,3.6451006,-1.5247616,0.49330458,-0.3
4.2244744,3.5980232,-1.5490584,0.49737722,-0.3
4.2255073,3.5505183,-1.573556,0.50121206,-0.3
4.225375,3.5026357,-1.5982423,0.5050469,-0.3
4.224051,3.454405,-1.6231176,0.50888175,-0.3
4.2215085,3.4058561,-1.6481817,0.5126668,-0.3
4.217722,3.3570259,-1.6734322,0.51645195,-0.3
4.212667,3.307947,-1.6988692,0.520237,-0.3
4.2063193,3.2586539,-1.7244927,0.523,-0.3
4.1986704,3.2092786,-1.7502522,0.523,-0.3
4.1897516,3.160117,-1.7760117,0.523,-0.3
4.17957,3.1112013,-1.8017713,0.523,-0.3
4.1681323,3.0625641,-1.8275307,0.523,-0.3
4.155445,3.0142376,-1.8532902,0.523,-0.3
4.1415176,2.9662538,-1.8790498,0.523,-0.3
4.1263585,2.918645,-1.9048092,0.523,-0.3
4.1099787,2.871442,-1.9305688,0.523,-0.3
4.092388,2.8246768,-1.9563283,0.523,-0.3
4.073599,2.7783802,-1.9820879,0.523,-0.3
4.0536237,2.7325828,-2.0078473,0.523,-0.3
4.0324755,2.687315,-2.0336068,0.523,-0.3
4.010168,2.6426072,-2.0593665,0.523,-0.3
3.986717,2.5984886,-2.085126,0.523,-0.3
3.962137,2.5549886,-2.1108854,0.523,-0.29114264
3.9363754,2.5120206,-2.1359062,0.523,-0.28228527
3.9094768,2.4696,-2.1601868,0.523,-0.2734279
3.8814857,2.4277391,-2.1837246,0.523,-0.26330325
3.8524363,2.3864338,-2.2064116,0.523,-0.25317863
3.822377,2.3456893,-2.2282453,0.523,-0.24305399
3.7913558,2.305508,-2.2492235,0.523,-0.2316688
3.7594109,2.2658768,-2.2692373,0.523,-0.22028363
3.7265933,2.2267911,-2.2882836,0.523,-0.20889845
3.6929538,2.1882417,-2.3063605,0.523,-0.19644351
3.6585352,2.1502097,-2.3233738,0.523,-0.18398857
3.6233904,2.1126785,-2.3393211,0.523,-0.17153363
3.5875714,2.07563,-2.3542001,0.523,-0.14738998
3.5510638,2.0389764,-2.367001,0.523,-0.123246334
3.5139682,2.002674,-2.3777168,0.523,-0.09910269
3.4763844,1.9666743,-2.386341,0.523,-0.08431461
3.43844,1.9309515,-2.393682,0.523,-0.06952653
3.400191,1.8954678,-2.3997374,0.523,-0.05473845
3.3616924,1.8601838,-2.4045064,0.523,-0.039198816
3.3229976,1.8250582,-2.4079223,0.523,-0.02365918
3.2841642,1.790048,-2.4099844,0.523,-0.008119548
3.245249,1.7551092,-2.4106922,0.523,-0.0032407283
3.2063081,1.720197,-2.4109747,0.523,0.0016380906
3.167357,1.6852957,-2.410832,0.523,0.0065169097
3.1284118,1.6503896,-2.4102638,0.523,0.018011022
3.0894918,1.6154661,-2.408694,0.523,0.029505134
3.0506375,1.5804913,-2.4061224,0.523,0.040999245
3.0118887,1.5454308,-2.4025497,0.523,0.046356916
2.9732747,1.5102404,-2.3985105,0.523,0.051714588
2.934813,1.4749036,-2.3940046,0.523,0.05707226
2.8965223,1.4394041,-2.3890326,0.523,0.070867755
2.8584423,1.4037464,-2.3828604,0.523,0.08466325
2.8206236,1.3678927,-2.3754895,0.523,0.098458745
2.7831178,1.331807,-2.366921,0.523,0.104957774
2.7459474,1.2954254,-2.3577888,0.523,0.1114568
2.7091365,1.2587318,-2.3480937,0.523,0.117955826
2.6727104,1.2217109,-2.3378358,0.523,0.12961052
2.6367183,1.1843723,-2.3265696,0.523,0.14126523
2.6012056,1.1466906,-2.314297,0.523,0.15291992
2.5662186,1.1086416,-2.3010192,0.523,0.1558045
2.5317552,1.0701488,-2.2874932,0.523,0.15868908
2.497831,1.0312111,-2.2737188,0.523,0.16157366
2.464462,0.9918282,-2.259696,0.523,0.16924116
2.4316905,0.95203227,-2.2450142,0.523,0.17690867
2.39955,0.9118134,-2.229674,0.523,0.18457618
2.3680742,0.87116325,-2.2136762,0.523,0.18474187
2.3372538,0.8300161,-2.1976645,0.523,0.18490756
2.307097,0.788382,-2.1816382,0.523,0.18507324
2.2776122,0.74627125,-2.1655982,0.523,0.18923648
2.2488294,0.7037266,-2.1492012,0.523,0.1933997
2.2207706,0.6607504,-2.1324482,0.523,0.19756293
2.193458,0.6173459,-2.115339,0.523,0.19740406
2.1668916,0.5734792,-2.0982435,0.523,0.1972452
2.1410778,0.5291633,-2.0811615,0.523,0.19708632
2.116024,0.48441154,-2.064093,0.523,0.19575384
2.0917313,0.4392267,-2.0471387,0.523,0.19442137
2.068202,0.39362448,-2.0302982,0.523,0.19308889
2.0454378,0.34762052,-2.0135717,0.523,0.18903378
2.0234292,0.3012058,-1.9971923,0.523,0.18497866
2.0021672,0.25440097,-1.98116,0.523,0.18092357
1.9816431,0.20722592,-1.9654754,0.523,0.17561951
1.9618425,0.15968935,-1.9502459,0.523,0.17031544
1.9427503,0.111812405,-1.9354717,0.523,0.16501139
1.9243511,0.063615374,-1.9211534,0.523,0.16077925
1.9066316,0.015126133,-1.9071991,0.523,0.15654711
1.8895788,-0.033638656,-1.893609,0.523,0.15231498
1.8731794,-0.08266297,-1.8803836,0.523,0.14944358
1.8574231,-0.13192138,-1.8674055,0.523,0.14657219
1.8423008,-0.1814013,-1.8546749,0.523,0.1437008
1.8278035,-0.23109056,-1.8421922,0.523,0.14076471
1.8139218,-0.2809779,-1.8299626,0.523,0.13782863
1.8006457,-0.3310519,-1.8179866,0.523,0.13489255
1.7879652,-0.3813015,-1.806264,0.523,0.13534258
1.7758753,-0.4316932,-1.7945026,0.523,0.13579263
1.7643796,-0.48222053,-1.7827024,0.523,0.13624266
1.7534816,-0.53287685,-1.7708633,0.523,0.13442568
1.7431815,-0.5836712,-1.7591811,0.523,0.1326087
1.7334732,-0.6345949,-1.7476559,0.523,0.13079172
1.7243501,-0.6856393,-1.7362877,0.523,0.13380377
1.7158114,-0.7367637,-1.7246592,0.523,0.13681582
1.707871,-0.7879629,-1.7127707,0.523,0.13982786
1.7005429,-0.8392314,-1.700622,0.523,0.14364505
1.6938418,-0.8905571,-1.688144,0.523,0.14746222
1.687785,-0.94193375,-1.6753367,0.523,0.15127939
1.6823899,-0.99335414,-1.6622005,0.523,0.1554883
1.6776737,-1.0448076,-1.6487015,0.523,0.15969719
1.6736552,-1.0962855,-1.6348404,0.523,0.1639061
1.6703528,-1.1477786,-1.6206172,0.523,0.163649
1.667783,-1.1993159,-1.606416,0.523,0.1633919
1.6659453,-1.2508866,-1.5922369,0.523,0.16313481
1.6648389,-1.3024803,-1.57808,0.523,0.16347983
1.664463,-1.3540816,-1.5638934,0.523,0.16382484
1.6648192,-1.4056802,-1.5496771,0.523,0.16416986
1.6659089,-1.4572655,-1.5354311,0.523,0.16314888
1.6677336,-1.5088387,-1.521273,0.523,0.16212791
1.6702886,-1.5603895,-1.5072027,0.523,0.16110694
1.6735693,-1.611908,-1.4932202,0.523,0.16075912
1.6775702,-1.6633784,-1.4792677,0.523,0.1604113
1.682289,-1.7147907,-1.465345,0.523,0.16006349
1.6877236,-1.7661355,-1.4514524,0.523,0.15835562
1.6938726,-1.8174137,-1.4377066,0.523,0.15664776
1.7007276,-1.8686165,-1.4241079,0.523,0.15493989
1.7082803,-1.919735,-1.4106563,0.523,0.15330255
1.7165221,-1.9707603,-1.3973458,0.523,0.15166521
1.7254446,-2.0216842,-1.3841763,0.523,0.15002786
1.7350392,-2.0724988,-1.3711478,0.523,0.14739281
1.7452992,-2.1232042,-1.3583465,0.523,0.14475775
1.7562115,-2.1737936,-1.3457725,0.523,0.14212269
1.7677636,-2.224261,-1.3334258,0.523,0.14029142
1.779941,-2.274595,-1.3212371,0.523,0.13846016
1.7927343,-2.3247898,-1.3092065,0.523,0.13662888
1.8061339,-2.3748398,-1.2973341,0.523,0.12617531
1.8201461,-2.424796,-1.2863649,0.523,0.11572173
1.834724,-2.474659,-1.2763004,0.523,0.10526816
1.8498204,-2.5244305,-1.2671415,0.523,0.1019374
1.8653774,-2.5740786,-1.2582712,0.523,0.09860663
1.8813796,-2.6236033,-1.2496899,0.523,0.09527587
1.8978114,-2.673005,-1.2413976,0.523,0.08150546
1.914673,-2.7223291,-1.234301,0.523,0.06773506
1.9319018,-2.7715828,-1.2284012,0.523,0.053964652
1.9494357,-2.8207753,-1.2236996,0.523,0.048094273
1.967206,-2.8698993,-1.219509,0.523,0.042223893
1.9851867,-2.9189618,-1.2158296,0.523,0.036353517
2.003352,-2.9679687,-1.2126615,0.523,0.027465861
2.0216777,-3.016932,-1.2102677,0.523,0.018578207
2.0401244,-3.0658612,-1.2086483,0.523,0.009690553
2.0586526,-3.1147666,-1.2078037,0.523,0.004086566
2.0772228,-3.1636584,-1.2074474,0.523,-0.001517421
2.0958104,-3.2125437,-1.2075797,0.523,-0.007121408
2.1143913,-3.2614303,-1.2082005,0.523,-0.008028155
2.1329417,-3.310328,-1.2089002,0.523,-0.008934903
2.1514575,-3.3592386,-1.209679,0.523,-0.009841651
2.1699352,-3.408163,-1.210537,0.523,-0.017706174
2.188369,-3.457098,-1.2120802,0.523,-0.025570696
2.2067242,-3.506053,-1.2143089,0.523,-0.033435218
2.2249658,-3.5550373,-1.2172228,0.523,-0.03486237
2.243064,-3.6040723,-1.220261,0.523,-0.03628952
2.2610118,-3.6531596,-1.2234236,0.523,-0.037716668
2.2788036,-3.7023008,-1.2267104,0.523,-0.041002057
2.2964315,-3.7514937,-1.2302834,0.523,-0.04428745
2.313881,-3.8007426,-1.2341425,0.523,-0.04757284
2.331138,-3.850051,-1.2382878,0.523,-0.045253884
2.3481917,-3.8994355,-1.242231,0.523,-0.04293493
2.3650527,-3.9488924,-1.2459724,0.523,-0.040615976
2.38173,-3.9984164,-1.2495117,0.523,-0.041967463
2.398231,-4.0479965,-1.2531688,0.523,-0.04331895
2.4145498,-4.097634,-1.2569436,0.523,-0.04467044
2.43068,-4.1473293,-1.2608361,0.523,-0.044228517
2.4466171,-4.1970882,-1.2646902,0.523,-0.043786597
2.4623625,-4.2469096,-1.2685056,0.523,-0.043344676
2.477918,-4.296791,-1.2722826,0.51855624,-0.04747554
2.4931514,-4.3462977,-1.2763842,0.51411253,-0.051606406
2.50805,-4.395431,-1.2808042,0.50966877,-0.05573727
2.5226011,-4.4441943,-1.2855363,0.49810886,-0.05157361
2.5365996,-4.4919286,-1.289816,0.4865489,-0.04740995
2.5500762,-4.538623,-1.2936591,0.47498897,-0.04324629
2.56306,-4.5842667,-1.2970816,0.45416516,-0.07360747
2.5753033,-4.627874,-1.3026482,0.43334135,-0.10396864
2.5867224,-4.669434,-1.3101437,0.41251752,-0.13432983
2.5972579,-4.7089334,-1.3193516,0.39978293,-0.1752812
2.607052,-4.7470613,-1.3309709,0.38704833,-0.21623257
2.6160316,-4.7837825,-1.3448112,0.37431374,-0.25718394
2.624143,-4.819062,-1.3606795,0.35977635,-0.20588504
2.6314886,-4.8535056,-1.3729378,0.34523892,-0.15458612
2.6381938,-4.8869524,-1.3817973,0.3307015,-0.103287205
2.644374,-4.9192605,-1.3874801,0.32314733,-0.073642746
2.6502485,-4.9509478,-1.3914428,0.31559315,-0.043998294
2.655873,-4.981971,-1.3937563,0.30803895,-0.014353842
2.6612976,-5.01229,-1.3944931,0.298114,0.03457182
2.6665232,-5.0416217,-1.3927758,0.28818902,0.08349748
2.6716087,-5.069886,-1.3887699,0.27826405,0.13242315
2.676602,-5.0970135,-1.3826464,0.27470928,0.13970643
2.68169,-5.123737,-1.3762708,0.2711545,0.14698973
2.6868749,-5.150054,-1.3696518,0.2675997,0.15427303
2.6921577,-5.175963,-1.3627986,0.26168862,0.17844671
2.697476,-5.201161,-1.3550569,0.25577754,0.2026204
2.7028394,-5.2256346,-1.3464782,0.24986647,0.2267941
2.708255,-5.2493715,-1.3371142,0.24478894,0.21781744
2.7137895,-5.2726226,-1.3282979,0.23971142,0.20884079
2.7194204,-5.295387,-1.3200147,0.23463391,0.19986412
