6.4751806,5.632208,-1.8653347,0.4976927,0.0
6.4607325,5.584582,-1.8653347,0.46769282,0.09213283
6.447213,5.540016,-1.8581632,0.43769294,0.18426566
6.4350176,5.4987526,-1.8447973,0.40769306,0.27639848
6.4244046,5.460994,-1.8262545,0.37769488,0.3725898
6.4155154,5.426957,-1.8033392,0.34769666,0.46878108
6.408367,5.3967733,-1.7771577,0.31769848,0.5649724
6.402869,5.3705096,-1.7488089,0.28770703,0.66417396
6.3988576,5.348213,-1.7192513,0.25771555,0.7633756
6.3961034,5.3297977,-1.6895554,0.2277241,0.86257714
6.3943486,5.3150887,-1.6607286,0.19778171,0.9625177
6.3933334,5.3038325,-1.6336775,0.16783932,1.0
6.3927636,5.2947817,-1.6101388,0.13789694,1.0
6.3924704,5.287337,-1.5907995,0.108079046,1.0
6.3923535,5.2814984,-1.5756419,0.07826116,1.0
6.392333,5.2772703,-1.5646662,0.04844327,1.0
6.3923492,5.274653,-1.5578722,0.01865177,1.0
6.392362,5.2736454,-1.5552564,-0.011139727,1.0
6.392353,5.274247,-1.5568187,-0.040931225,1.0
6.392322,5.2764583,-1.5625591,-0.07078296,1.0
6.3922906,5.2802825,-1.572486,-0.10063469,1.0
6.3922997,5.28572,-1.5865996,-0.13048641,1.0
6.392411,5.2927694,-1.6048996,-0.1603576,1.0
6.3927064,5.3014283,-1.6273891,-0.19022878,1.0
6.393288,5.31169,-1.6540678,-0.22009994,1.0
6.394277,5.3235407,-1.6849357,-0.24990316,0.95331275
6.395925,5.337916,-1.718895,-0.27970636,0.9066255
6.398469,5.354968,-1.7556031,-0.30950958,0.8599382
6.40218,5.3748193,-1.7946942,-0.33903018,0.76853645
6.407592,5.398585,-1.83397,-0.36855075,0.67713463
6.4150643,5.4263196,-1.8724567,-0.39807135,0.5857329
6.4249196,5.4579935,-1.909133,-0.4269057,0.49420354
6.437394,5.4934454,-1.9428821,-0.45574006,0.40267426
6.4526377,5.532505,-1.9726479,-0.4845744,0.31114495
6.47068,5.5749607,-1.9973732,-0.51166475,0.24093927
6.491239,5.6201963,-2.0177217,-0.523,0.1707336
6.5135145,5.666674,-2.0325317,-0.523,0.10052793
6.5366964,5.7132607,-2.0412798,-0.523,0.052509665
6.5603724,5.7598143,-2.0458548,-0.523,0.004491401
6.584294,5.806322,-2.0462463,-0.523,-0.043526866
6.6082106,5.8527775,-2.0424533,-0.523,-0.059534587
6.631932,5.8992844,-2.037267,-0.523,-0.07554231
6.655386,5.9458637,-2.0306885,-0.523,-0.09155003
6.678502,5.992533,-2.0227194,-0.523,-0.10689591
6.701211,6.0393143,-2.0134194,-0.523,-0.122241795
6.7234445,6.0862217,-2.0027905,-0.523,-0.13758768
6.745135,6.1332684,-1.9908353,-0.523,-0.14701971
6.7662325,6.1805067,-1.9780662,-0.523,-0.15645176
6.7866955,6.2279425,-1.9644843,-0.523,-0.16588381
6.8064823,6.2755785,-1.950091,-0.523,-0.17477836
6.825552,6.323421,-1.9349337,-0.523,-0.1836729
6.8438654,6.37147,-1.9190134,-0.523,-0.19256745
6.861381,6.419722,-1.9023315,-0.523,-0.20132092
6.878061,6.4681754,-1.8849013,-0.523,-0.2100744
6.8938646,6.516823,-1.8667241,-0.523,-0.21882786
6.908753,6.5656567,-1.8478016,-0.523,-0.23043399
6.9226775,6.614633,-1.8278927,-0.523,-0.24204013
6.9355884,6.6637397,-1.8070003,-0.523,-0.25364625
6.947436,6.7129607,-1.785127,-0.52115834,-0.26272583
6.95814,6.7621365,-1.7625684,-0.51931673,-0.2718054
6.9676747,6.8112445,-1.7393315,-0.51747507,-0.28088498
6.9760146,6.86026,-1.7154236,-0.50745034,-0.2838191
6.9830356,6.908466,-1.6917405,-0.49742562,-0.28675324
6.988792,6.955829,-1.6682919,-0.4874009,-0.28968734
6.9933386,7.0023165,-1.6450874,-0.4740503,-0.28194115
6.9967184,7.0477242,-1.6231056,-0.4606997,-0.27419496
6.9990373,7.0920124,-1.6023148,-0.44734913,-0.26644877
7.000397,7.1351476,-1.5826832,-0.43228602,-0.25179422
7.000895,7.17701,-1.564733,-0.4172229,-0.2371397
7.000649,7.2175636,-1.5483972,-0.40215978,-0.22248517
6.9997706,7.2567787,-1.5336075,-0.3843991,-0.21193944
6.998373,7.2943325,-1.5201306,-0.36663842,-0.20139371
6.996554,7.3302093,-1.5079073,-0.34887776,-0.19084798
6.994401,7.3643956,-1.4968774,-0.33107582,-0.17449863
6.9919934,7.3969116,-1.4872974,-0.3132739,-0.15814927
6.9894133,7.42774,-1.4790745,-0.295472,-0.14179993
6.986734,7.456868,-1.4721149,-0.2759699,-0.116050266
6.984033,7.484146,-1.4667891,-0.2564678,-0.090300605
6.9813814,7.50955,-1.4629345,-0.23696567,-0.06455095
6.9788356,7.53306,-1.4603869,-0.21444643,-0.0012426376
6.976473,7.554374,-1.4603425,-0.19192716,0.062065672
6.9743614,7.573413,-1.4623265,-0.1694079,0.12537399
6.972542,7.590122,-1.4658571,-0.14387788,0.22140497
6.9710717,7.6040816,-1.4711231,-0.11834786,0.31743595
6.9699526,7.615269,-1.4772798,-0.092817836,0.41346693
6.969159,7.6237316,-1.4834952,-0.06449589,0.5071838
6.9686675,7.629348,-1.4887164,-0.036173947,0.6009007
6.968423,7.6323214,-1.4921252,-0.007852001,0.69461757
6.968375,7.632923,-1.4929628,0.020896701,0.78936034
6.9684896,7.631456,-1.4904903,0.049645405,0.8841032
6.9687424,7.6283183,-1.4840915,0.07839411,0.978846
6.969121,7.6239605,-1.4732488,0.1077079,1.0
6.969688,7.618169,-1.4581434,0.1370217,1.0
6.97052,7.610812,-1.4389267,0.1663355,1.0
6.9717016,7.6019034,-1.415599,0.19568695,1.0
6.973336,7.5914574,-1.3881549,0.22503841,1.0
6.9755445,7.5795007,-1.3565943,0.25438985,1.0
6.978466,7.56607,-1.3209174,0.28350833,1.0
6.982254,7.5512276,-1.2811567,0.3126268,1.0
6.9870787,7.53504,-1.2373123,0.34174526,1.0
6.9931226,7.517593,-1.1893841,0.37089023,1.0
7.0005817,7.4989934,-1.1373686,0.4000352,1.0
7.0096593,7.479378,-1.0812656,0.42918015,1.0
7.020563,7.458913,-1.0210751,0.45653155,1.0
7.03345,7.4378805,-0.95704883,0.483883,1.0
7.048507,7.4165077,-0.88918656,0.5112344,1.0
7.0659103,7.395057,-0.81748843,0.523,1.0
7.0852404,7.3744454,-0.7441402,0.523,1.0
7.106029,7.355305,-0.670792,0.523,1.0
7.1281643,7.33774,-0.59744376,0.523,0.9650005
7.152786,7.320987,-0.5257885,0.523,0.93000096
7.179829,7.305295,-0.45591387,0.523,0.8950015
7.2092023,7.290891,-0.38790557,0.523,0.8598251
7.240796,7.2779818,-0.32185692,0.523,0.82464874
7.274475,7.2667513,-0.2578496,0.523,0.7894724
7.310088,7.2573595,-0.19596286,0.523,0.760832
7.3472424,7.2499843,-0.13585933,0.523,0.7321917
7.38578,7.2447157,-0.0775883,0.523,0.70355135
7.4255414,7.241625,-0.021197582,0.523,0.6531495
7.4670672,7.240744,0.03177279,0.523,0.6027476
7.510129,7.242113,0.08118828,0.523,0.55234575
7.5545053,7.2457237,0.12692337,0.523,0.50478715
7.599914,7.2515182,0.169079,0.523,0.45722857
7.6461725,7.259415,0.20755987,0.523,0.40966997
7.693115,7.269301,0.24227893,0.523,0.35929918
7.7406454,7.2810473,0.27292833,0.523,0.30892837
7.7886257,7.2944775,0.2994303,0.523,0.2585576
7.8369374,7.309392,0.32171762,0.523,0.19339874
7.885629,7.3256207,0.33847067,0.523,0.12823988
7.9345565,7.342844,0.3496183,0.523,0.06308104
7.983595,7.360723,0.3551132,0.523,0.035602152
8.0326,7.378896,0.35821587,0.523,0.0081232665
8.081579,7.397232,0.35892394,0.523,-0.01935562
8.130537,7.4156,0.3572369,0.523,-0.025013398
8.17952,7.4338827,0.35505676,0.523,-0.03067118
8.228535,7.452056,0.35238367,0.523,-0.03632896
8.277589,7.4700947,0.3492177,0.523,-0.046300154
8.326679,7.487971,0.3451833,0.523,-0.056271352
8.375816,7.5056396,0.34028092,0.523,-0.066242546
8.42501,7.5230565,0.334511,0.511542,-0.078125745
8.473181,7.539799,0.32785702,0.5000841,-0.090008944
8.520334,7.5558376,0.32036513,0.48862612,-0.10189214
8.56647,7.5711455,0.3120816,0.4780899,-0.11313455
8.611679,7.5857306,0.3030861,0.4675537,-0.12437696
8.655958,7.599578,0.2934189,0.45701748,-0.13561937
8.699305,7.6126747,0.28312048,0.45347685,-0.16437353
8.74226,7.625172,0.2707531,0.44993618,-0.19312769
8.784809,7.636982,0.2563604,0.44639552,-0.22188185
8.826931,7.6480236,0.23998769,0.4406284,-0.24724065
8.868429,7.6581783,0.22201523,0.43486127,-0.27259946
8.909282,7.6674004,0.20250186,0.42909417,-0.29795825
8.949463,7.67565,0.18150707,0.42064434,-0.3
8.988988,7.682904,0.16078892,0.41219455,-0.3
9.027859,7.6892085,0.14048694,0.40374476,-0.3
9.06605,7.694609,0.12060116,0.40698504,-0.28471506
9.104826,7.6993084,0.10154856,0.41022533,-0.2694301
9.144165,7.703317,0.08334945,0.4134656,-0.25414515
9.184045,7.706649,0.066024,0.41993797,-0.24949548
9.224649,7.7093334,0.048742495,0.42641032,-0.24484581
9.265969,7.7113495,0.03151504,0.43288267,-0.24019614
9.307994,7.712674,0.014351738,0.44640774,-0.29628325
9.350685,7.713287,-0.0073710154,0.4599328,-0.3
9.394624,7.712963,-0.030024255,0.47345784,-0.3
9.439834,7.711605,-0.05334365,0.49075758,-0.3
9.486651,7.7091055,-0.07751511,0.5080573,-0.3
9.535042,7.7053466,-0.102538645,0.523,-0.3
9.5847435,7.7002325,-0.12829816,0.523,-0.3
9.634297,7.69384,-0.15405767,0.523,-0.3
9.683669,7.686173,-0.17981718,0.523,-0.3
