5.2924094,2.5393205,-0.8778479,0.09885252,0.0
5.298724,2.531715,-0.8778479,0.12830925,-0.08851236
5.3068886,2.521882,-0.8797383,0.15776597,-0.17702472
5.316787,2.5099149,-0.8843688,0.18722269,-0.26553708
5.3282366,2.4959407,-0.8925575,0.21610872,-0.3
5.3411903,2.4798641,-0.9032016,0.24499476,-0.3
5.3556805,2.4614837,-0.9152684,0.2738808,-0.3
5.37163,2.4407423,-0.92875797,0.30213627,-0.3
5.3889146,2.4176257,-0.94363916,0.33039173,-0.3
5.407438,2.3920686,-0.95991206,0.3586472,-0.3
5.4270906,2.3640025,-0.9775767,0.38533977,-0.3
5.44767,2.3334792,-0.9965559,0.41203234,-0.3
5.469052,2.3004298,-1.0168499,0.4387249,-0.3
5.4911003,2.2647848,-1.0384586,0.46187088,-0.3
5.5134954,2.2267663,-1.0612073,0.48501685,-0.3
5.536099,2.1863182,-1.085096,0.50816286,-0.3
5.5587616,2.143386,-1.1101247,0.523,-0.3
5.580973,2.0986304,-1.1358843,0.523,-0.3
5.6020246,2.0533175,-1.1616437,0.523,-0.3
5.621902,2.0074775,-1.1874033,0.523,-0.3
5.640592,1.9611409,-1.2131628,0.523,-0.3
5.6580825,1.9143381,-1.2389224,0.523,-0.3
5.674361,1.8671004,-1.2646818,0.523,-0.3
5.6894183,1.8194591,-1.2904413,0.523,-0.3
5.7032433,1.7714456,-1.3162009,0.523,-0.3
5.715827,1.7230922,-1.3419603,0.523,-0.3
5.727161,1.6744306,-1.3677199,0.523,-0.3
5.737238,1.6254932,-1.3934793,0.523,-0.3
5.746051,1.5763125,-1.4192389,0.523,-0.3
5.7535944,1.5269212,-1.4449984,0.523,-0.3
5.7598634,1.4773519,-1.470758,0.523,-0.3
5.7648535,1.4276376,-1.4965174,0.523,-0.3
5.7685614,1.3778112,-1.5222769,0.523,-0.3
5.7709846,1.3279059,-1.5480365,0.523,-0.3
5.7721214,1.2779548,-1.5737959,0.523,-0.3
5.7719717,1.2279909,-1.5995555,0.523,-0.3
5.770535,1.1780474,-1.625315,0.523,-0.3
5.7678123,1.1281576,-1.6510745,0.523,-0.3
5.763806,1.0783545,-1.676834,0.523,-0.3
5.7585173,1.0286709,-1.7025936,0.523,-0.3
5.751951,0.97914016,-1.728353,0.523,-0.3
5.7441115,0.92979497,-1.7541125,0.523,-0.3
5.735004,0.88066804,-1.7798721,0.523,-0.3
5.724633,0.831792,-1.8056315,0.523,-0.3
5.7130075,0.78319925,-1.8313911,0.523,-0.3
5.7001343,0.7349221,-1.8571506,0.523,-0.3
5.6860213,0.6869925,-1.8829101,0.523,-0.3
5.670679,0.6394424,-1.9086696,0.523,-0.3
5.6541166,0.59230316,-1.9344292,0.523,-0.3
5.636346,0.5456062,-1.9601886,0.523,-0.3
5.617378,0.4993824,-1.9859481,0.523,-0.3
5.597226,0.45366248,-2.0117075,0.523,-0.3
5.5759034,0.4084768,-2.0374672,0.523,-0.3
5.553424,0.3638553,-2.0632267,0.523,-0.3
5.5298023,0.31982762,-2.0889862,0.523,-0.3
5.5050545,0.27642295,-2.1147456,0.523,-0.28654748
5.479092,0.23349607,-2.1393826,0.523,-0.27309495
5.4519753,0.19105804,-2.1628926,0.523,-0.25964242
5.4237647,0.14911553,-2.1852713,0.523,-0.23853567
5.394466,0.107592426,-2.205867,0.523,-0.21742895
5.3641706,0.06648068,-2.2246706,0.523,-0.19632222
5.332969,0.02576586,-2.2416737,0.523,-0.18215595
5.3009934,-0.014521746,-2.257464,0.523,-0.1679897
5.268304,-0.05439925,-2.2720382,0.523,-0.15382344
5.23496,-0.0938868,-2.2853937,0.523,-0.12848978
5.2009697,-0.13306631,-2.296563,0.523,-0.10315613
5.1664424,-0.17197828,-2.305539,0.523,-0.07782247
5.131487,-0.2106676,-2.3123155,0.523,-0.05990832
5.096226,-0.2491667,-2.3175344,0.523,-0.041994166
5.060733,-0.28751627,-2.321194,0.523,-0.024080014
5.0250783,-0.32575834,-2.3232925,0.523,-0.005514407
4.9893336,-0.36393598,-2.3237734,0.523,0.0130512
4.953573,-0.40209374,-2.3226357,0.523,0.031616807
4.917871,-0.44027635,-2.3198802,0.523,0.04349208
4.88229,-0.4785401,-2.3160903,0.523,0.05536735
4.846875,-0.51691586,-2.3112667,0.523,0.06724262
4.8116717,-0.5554339,-2.3054097,0.523,0.079805754
4.7767262,-0.5941217,-2.2984607,0.523,0.092368886
4.7420883,-0.6330092,-2.2904208,0.523,0.104932025
4.707807,-0.6721253,-2.2812908,0.523,0.11774359
4.6739326,-0.71149623,-2.2710512,0.523,0.13055515
4.6405168,-0.7511485,-2.2597034,0.523,0.14336672
4.607611,-0.7911069,-2.2472494,0.523,0.15336762
4.575254,-0.8314116,-2.2339332,0.523,0.16336854
4.543487,-0.8720786,-2.2197561,0.523,0.17336944
4.512353,-0.91312206,-2.2047198,0.523,0.18211351
4.4818873,-0.95456386,-2.1889331,0.523,0.19085759
4.452129,-0.9964123,-2.1723976,0.523,0.19960167
4.423117,-1.0386739,-2.1551142,0.523,0.20409223
4.3948655,-1.0813913,-2.1374474,0.523,0.20858279
4.3673987,-1.1245606,-2.1193976,0.523,0.21307336
4.3407416,-1.1681767,-2.1009648,0.523,0.21616785
4.31491,-1.2122469,-2.0822687,0.523,0.21926235
4.289924,-1.2567619,-2.063309,0.523,0.22235684
4.2658033,-1.3017114,-2.0440862,0.523,0.2219573
4.242549,-1.3471203,-2.0248973,0.523,0.22155775
4.220168,-1.3929712,-2.0057425,0.523,0.2211582
4.1986675,-1.4392464,-1.9866217,0.523,0.23222122
4.178108,-1.4858053,-1.9665612,0.523,0.24328423
4.15854,-1.5326415,-1.9455636,0.523,0.25434723
4.140011,-1.5797458,-1.9236312,0.523,0.26078168
4.122549,-1.6271645,-1.9011565,0.523,0.26721612
4.106186,-1.6748806,-1.8781403,0.523,0.27365056
4.0909524,-1.722875,-1.8545837,0.523,0.2844078
4.076897,-1.7710662,-1.8301257,0.523,0.295165
4.0640655,-1.8194312,-1.8047692,0.523,0.30592224
4.052503,-1.8679441,-1.7785169,0.523,0.31080362
4.042234,-1.9166678,-1.7518593,0.523,0.315685
4.0332813,-1.9655707,-1.7247969,0.523,0.3205664
4.0256677,-2.0146189,-1.6973302,0.523,0.3257597
4.019415,-2.0637722,-1.6694344,0.523,0.33095303
4.014544,-2.1129937,-1.6411102,0.523,0.33614635
4.011075,-2.1622446,-1.6123581,0.523,0.33712727
4.0090246,-2.2115579,-1.5835253,0.523,0.33810815
4.0083966,-2.2608929,-1.5546118,0.523,0.33908907
4.009195,-2.3102083,-1.5256177,0.523,0.33747673
4.0114236,-2.359508,-1.4967562,0.523,0.33586437
4.015076,-2.4087505,-1.4680274,0.523,0.33425203
4.0201445,-2.4578953,-1.4394313,0.523,0.33437216
4.0266156,-2.5068731,-1.4108253,0.523,0.33449233
4.034485,-2.5556438,-1.3822093,0.523,0.3346125
4.043746,-2.6041672,-1.3535836,0.523,0.33035412
4.0544076,-2.6524768,-1.3253086,0.523,0.3260958
4.066448,-2.700535,-1.297385,0.523,0.32183743
4.079845,-2.748307,-1.2698133,0.523,0.3174734
4.094575,-2.7957597,-1.2426027,0.523,0.3131094
4.1106133,-2.8428612,-1.2157538,0.523,0.30874538
4.1279345,-2.8895805,-1.189267,0.523,0.3001081
4.146538,-2.9359505,-1.1634985,0.523,0.2914708
4.1663814,-2.9819467,-1.1384501,0.523,0.2828335
4.1874247,-3.0275476,-1.1141238,0.523,0.2714896
4.2096424,-3.0727687,-1.0907487,0.523,0.26014566
4.2329826,-3.1175966,-1.0683275,0.523,0.24880177
4.2573943,-3.1620207,-1.0468634,0.523,0.23888294
4.2828164,-3.2060192,-1.0262382,0.523,0.22896412
4.309203,-3.2495868,-1.0064541,0.523,0.2190453
4.336508,-3.2927213,-0.987513,0.523,0.20450136
4.3647127,-3.3354642,-0.96981126,0.523,0.18995744
4.393754,-3.3778243,-0.95335275,0.523,0.1754135
4.4235687,-3.4198134,-0.9381408,0.523,0.16509522
4.4540725,-3.4614177,-0.9238153,0.523,0.15477695
4.485221,-3.5026493,-0.9103777,0.523,0.14445867
4.51697,-3.5435224,-0.8978295,0.523,0.1321783
4.549285,-3.584063,-0.88634145,0.523,0.11989794
4.582114,-3.6242921,-0.87591535,0.523,0.10761757
4.615408,-3.664233,-0.86655277,0.523,0.096401185
4.6491127,-3.7039058,-0.8581628,0.523,0.0851848
4.683184,-3.7433348,-0.8507465,0.523,0.0739684
4.7175775,-3.782545,-0.84430486,0.523,0.06162139
4.7522516,-3.8215656,-0.8389369,0.523,0.049274378
4.787159,-3.860426,-0.83464354,0.523,0.036927365
4.8222513,-3.8991568,-0.8314254,0.523,0.030234868
4.857476,-3.9377832,-0.82879037,0.523,0.023542369
4.8928094,-3.9763236,-0.8267385,0.523,0.01684987
4.928226,-4.0147967,-0.8252698,0.523,0.011245799
4.9637017,-4.0532207,-0.82428956,0.523,0.0056417286
4.999217,-4.091612,-0.82379776,0.523,3.7658214e-05
5.034752,-4.129986,-0.8237945,0.523,-0.0033138872
5.0702863,-4.1683598,-0.8240834,0.523,-0.0066654324
5.105809,-4.2067432,-0.82466435,0.523,-0.010016978
5.141309,-4.2451463,-0.8255375,0.523,-0.012812746
5.176774,-4.283579,-0.8266543,0.523,-0.015608514
5.2121944,-4.3220496,-0.8280148,0.523,-0.01840428
5.247561,-4.360567,-0.82961893,0.523,-0.020231426
5.2828646,-4.3991394,-0.83138233,0.523,-0.02205857
5.3180985,-4.4377728,-0.83330494,0.523,-0.023885716
5.3532567,-4.476472,-0.8353868,0.523,-0.025525283
5.388333,-4.5152426,-0.8376115,0.523,-0.027164852
5.4233212,-4.5540895,-0.83997905,0.523,-0.028804421
5.458216,-4.5930176,-0.84248954,0.523,-0.029931445
5.4930115,-4.6320314,-0.84509814,0.523,-0.031058466
5.5277042,-4.671135,-0.84780496,0.523,-0.032185487
5.5622897,-4.710331,-0.85061,0.523,-0.032153122
5.596765,-4.7496233,-0.8534122,0.523,-0.032120757
5.6311297,-4.789013,-0.85621154,0.523,-0.03208839
5.665385,-4.828498,-0.85900813,0.523,-0.019879097
5.6995397,-4.8680916,-0.8607408,0.523,-0.0076698004
5.7336316,-4.9077506,-0.86140937,0.523,0.004539496
5.7676983,-4.9474335,-0.86101365,0.523,0.010243112
5.801779,-4.987101,-0.86012083,0.523,0.015946727
5.8358917,-5.0267353,-0.85873085,0.523,0.021650344
5.8700566,-5.066318,-0.8568438,0.523,0.028068656
5.9042907,-5.1058297,-0.8543975,0.523,0.034486968
5.9386144,-5.1452494,-0.851392,0.523,0.04090528
5.9730477,-5.1845565,-0.8478274,0.523,0.04458943
6.0076156,-5.2237344,-0.843942,0.523,0.048273582
6.04233,-5.262771,-0.83973575,0.523,0.051957734
6.0772014,-5.3016543,-0.8352088,0.523,0.051901132
6.1122484,-5.340379,-0.8306868,0.523,0.05184453
6.1474705,-5.3789454,-0.82616967,0.523,0.05178793
6.1828666,-5.417352,-0.82165754,0.523,0.055458553
6.2184286,-5.455591,-0.81682587,0.523,0.05912917
6.2541676,-5.49365,-0.8116748,0.523,0.0627998
6.290094,-5.5315156,-0.8062043,0.523,0.06742001
6.3262157,-5.5691733,-0.800332,0.523,0.07204023
6.3625464,-5.6066055,-0.7940579,0.523,0.07666045
6.399099,-5.6437964,-0.78738225,0.523,0.079686254
6.43589,-5.680734,-0.7804436,0.523,0.08271206
6.4729276,-5.7174063,-0.77324206,0.523,0.08573787
6.5102186,-5.7538013,-0.76577777,0.523,0.08907792
6.547769,-5.789907,-0.7580234,0.523,0.09241797
6.585587,-5.825709,-0.7499791,0.523,0.09575803
6.62368,-5.8611946,-0.7416449,0.5203722,0.09791531
6.661866,-5.8961773,-0.7331664,0.5177444,0.10007259
6.7001452,-5.9306526,-0.7245455,0.51511663,0.10222988
6.738516,-5.9646163,-0.7157841,0.5108373,0.09926187
6.7768726,-5.997973,-0.7073468,0.50655794,0.096293874
6.8151975,-6.0307374,-0.6992296,0.50227857,0.09332587
6.8534713,-6.062925,-0.69142836,0.498393,0.08978779
6.89171,-6.0945764,-0.6839801,0.4945074,0.0862497
6.9298944,-6.125707,-0.6768804,0.49062183,0.08271162
6.9680095,-6.156333,-0.67012477,0.48831174,0.08242092
7.0061507,-6.1865582,-0.6634245,0.48600164,0.08213022
7.044313,-6.2163863,-0.6567794,0.48369154,0.081839524
7.0824914,-6.24582,-0.6501893,0.47927877,0.07239534
7.1205406,-6.2747564,-0.6444114,0.474866,0.06295115
7.1584287,-6.3032265,-0.63943243,0.47045323,0.05350696
7.1961255,-6.33126,-0.635239,0.46643856,0.03868816
7.2336426,-6.3589168,-0.6322322,0.4624239,0.02386936
7.270936,-6.3862357,-0.63039273,0.45840922,0.00905056
7.307965,-6.413256,-0.62970126,0.45376042,0.0016186058
7.3446374,-6.439978,-0.6295788,0.4491116,-0.005813348
7.3809376,-6.4664216,-0.630014,0.4444628,-0.013245302
7.4168477,-6.492605,-0.6309951,0.44126192,-0.019258529
7.452471,-6.5186324,-0.63241136,0.43806103,-0.025271755
7.4877934,-6.5445175,-0.6342563,0.43486017,-0.03128498
7.5228047,-6.570274,-0.63652337,0.42867696,-0.03400429
7.5572577,-6.59574,-0.6389524,0.42249376,-0.036723595
7.5911493,-6.6209183,-0.64153767,0.41631058,-0.039442904
7.6244774,-6.645812,-0.6442737,0.406524,-0.046131562
7.6569457,-6.6702027,-0.64739823,0.39673746,-0.052820224
7.6885476,-6.694097,-0.6508892,0.38695088,-0.059508882
7.719277,-6.7175007,-0.6547248,0.37352818,-0.08267877
7.7488046,-6.740169,-0.65986603,0.3601055,-0.105848655
7.7770963,-6.7621202,-0.666207,0.34668282,-0.12901855
7.804125,-6.783367,-0.6736411,0.33630005,-0.14676932
7.830126,-6.8041215,-0.681838,0.32591727,-0.16452007
7.855089,-6.824384,-0.6907344,0.31553453,-0.18227084
7.879007,-6.844154,-0.70026684,0.30368677,-0.17718224
7.9018655,-6.8634176,-0.709188,0.29183903,-0.17209366
7.9236856,-6.882142,-0.7175173,0.27999127,-0.16700506
7.9444876,-6.9002957,-0.7252745,0.27446088,-0.16136494
7.9647593,-6.9182653,-0.7326239,0.2689305,-0.15572481
7.9845104,-6.936034,-0.73957556,0.26340008,-0.15008469
8.003751,-6.9535875,-0.7461396,0.25624466,-0.14218296
8.022377,-6.970806,-0.7521914,0.24908926,-0.13428123
8.040401,-6.9876714,-0.7577494,0.24193385,-0.1263795
8.057835,-7.0041666,-0.7628317,0.23847769,-0.11236159
8.0749655,-7.0205407,-0.76728827,0.23502152,-0.09834367
8.091801,-7.036777,-0.7711342,0.23156536,-0.08432575
8.108348,-7.0528584,-0.77438486,0.2239686,-0.04750813
8.12434,-7.0685024,-0.77615756,0.21637183,-0.01069051
8.139779,-7.083659,-0.7765431,0.20877509,0.026127111
8.154667,-7.0982857,-0.77563405,0.19562495,0.07102839
8.168599,-7.111948,-0.7733202,0.18247482,0.11592966
8.181569,-7.124609,-0.7698024,0.16932468,0.16083094
