4.8510323,6.3332896,0.14243132,0.34849155,0.0
4.8855286,6.338237,0.14243132,0.31934664,0.09694946
4.9169917,6.3427486,0.14758332,0.29020172,0.19389892
4.9451585,6.3469357,0.15690297,0.2610568,0.29084837
4.9698606,6.350844,0.16937996,0.23230551,0.381454
4.9911127,6.3544784,0.18379337,0.20355421,0.47205958
5.0089364,6.357792,0.19922012,0.17480291,0.56266516
5.0234294,6.360718,0.21476133,0.14789742,0.6174141
5.0352116,6.363288,0.22903167,0.12099192,0.672163
5.0444317,6.365437,0.24158822,0.09408643,0.72691196
5.051258,6.3671193,0.2520093,0.07046827,0.7333783
5.056328,6.3684244,0.25987104,0.0468501,0.7398446
5.059672,6.3693137,0.2651352,0.023231935,0.74631095
5.061318,6.3697605,0.26776403,0.0029062354,0.7186203
5.061529,6.3698187,0.26808292,-0.017419465,0.6909297
5.0602345,6.369463,0.26623282,-0.037745163,0.66323906
5.057365,6.3686805,0.2623597,-0.055344004,0.619614
5.053014,6.3675117,0.25700313,-0.072942846,0.5759889
5.047097,6.365957,0.25038156,-0.09054169,0.5323638
5.0395393,6.364024,0.24272218,-0.107986934,0.4736687
5.030211,6.3617144,0.23451239,-0.12543218,0.4149736
5.019047,6.359047,0.22608407,-0.14287743,0.35627848
5.005997,6.3560452,0.2177784,-0.16488169,0.29521993
4.990595,6.3526373,0.209783,-0.18688595,0.23416136
4.9728146,6.3488517,0.2025559,-0.20889023,0.17310281
4.9526587,6.344712,0.19655935,-0.2272216,0.12700033
4.9305534,6.34031,0.19176275,-0.24555296,0.08089786
4.906527,6.3356457,0.18845557,-0.26388434,0.034795385
4.8806214,6.3307047,0.18692555,-0.2747524,0.0016064465
4.853625,6.3255987,0.186852,-0.2856205,-0.031582493
4.825574,6.320296,0.18835518,-0.29648858,-0.06477143
4.7965107,6.314756,0.19155361,-0.30333054,-0.09230307
4.766859,6.3090053,0.19621336,-0.31017247,-0.119834706
4.736655,6.303002,0.20239346,-0.31701443,-0.14736634
4.7059374,6.296698,0.21015151,-0.32013747,-0.16520786
4.6750546,6.290111,0.21892634,-0.32326052,-0.18304938
4.644027,6.2832074,0.22873347,-0.32638356,-0.20089091
4.612878,6.2759557,0.23958802,-0.32672644,-0.1914482
4.5817184,6.2683444,0.24994965,-0.32706928,-0.1820055
4.5505514,6.2603874,0.25981638,-0.32741216,-0.17256278
4.519379,6.2521014,0.26918623,-0.3276656,-0.16460358
4.4882193,6.243505,0.27813485,-0.32791904,-0.15664437
4.4570737,6.2346115,0.286661,-0.32817248,-0.14868519
4.425943,6.225435,0.29476345,-0.32838452,-0.14098848
4.3948326,6.2159896,0.30245432,-0.32859656,-0.13329178
4.363743,6.206289,0.3097326,-0.32880864,-0.12559508
4.332673,6.1963453,0.3165973,-0.32938668,-0.1189218
4.301593,6.186163,0.32311046,-0.32996473,-0.112248525
4.2705007,6.1757517,0.32927054,-0.3305428,-0.10557525
4.239396,6.165123,0.3350759,-0.33226198,-0.09958742
4.2081733,6.154251,0.34058166,-0.3339812,-0.09359958
4.1768312,6.1431437,0.34578413,-0.3357004,-0.08761175
4.1453695,6.131809,0.35067976,-0.33977678,-0.08813145
4.1135836,6.120182,0.35566413,-0.3438532,-0.08865116
4.0814767,6.108256,0.36073798,-0.3479296,-0.08917086
4.0490527,6.096024,0.365902,-0.35349777,-0.08908327
4.016174,6.083426,0.37114352,-0.35906592,-0.08899567
3.9828444,6.070455,0.37646237,-0.36463407,-0.08890808
3.9490685,6.0571027,0.3818584,-0.37130007,-0.092384905
3.9147596,6.0433254,0.38756737,-0.37796608,-0.09586173
3.8799272,6.029106,0.39359686,-0.38463208,-0.09933856
3.8445802,6.014428,0.39995453,-0.39184257,-0.105008975
3.8086872,5.9992547,0.40679976,-0.39905304,-0.11067938
3.7722626,5.9835615,0.4141459,-0.40626353,-0.116349794
3.7353222,5.967324,0.42200625,-0.4134305,-0.12510964
3.697901,5.9505224,0.43060446,-0.4205975,-0.13386948
3.6600227,5.933123,0.43996066,-0.42776448,-0.14262933
3.621713,5.915089,0.45009485,-0.4344166,-0.15440822
3.5830634,5.8964148,0.46123007,-0.44106868,-0.16618711
3.5441096,5.8770556,0.47339055,-0.4477208,-0.177966
3.5048904,5.856966,0.4866004,-0.45370835,-0.19103563
3.4655156,5.8361354,0.50095844,-0.45969594,-0.20410526
3.4260316,5.814516,0.51648784,-0.4656835,-0.21717489
3.3864887,5.7920594,0.5332114,-0.47205672,-0.23148632
3.3469205,5.768705,0.55126166,-0.4784299,-0.24579775
3.3073897,5.7443995,0.5706644,-0.48480314,-0.2601092
3.267964,5.719092,0.59144515,-0.49155033,-0.27477047
3.2286894,5.6927133,0.61367357,-0.49829748,-0.28943178
3.189646,5.665211,0.63737655,-0.50504464,-0.3
3.1508706,5.6364985,0.6622517,-0.5121571,-0.3
3.1122851,5.606413,0.6874772,-0.51926947,-0.3
3.073946,5.5749326,0.7130529,-0.523,-0.3
3.0361547,5.5422487,0.73881245,-0.523,-0.3
2.9992177,5.508602,0.76457196,-0.523,-0.3
2.9631598,5.4740157,0.7903315,-0.523,-0.3
2.9280045,5.438512,0.816091,-0.523,-0.3
2.8937755,5.4021144,0.8418505,-0.523,-0.3
2.860495,5.364847,0.86761,-0.523,-0.3
2.8281858,5.3267355,0.8933695,-0.523,-0.3
2.7968688,5.287804,0.919129,-0.523,-0.3
2.7665648,5.248079,0.94488853,-0.523,-0.3
2.7372942,5.2075863,0.97064805,-0.523,-0.3
2.7090762,5.166353,0.99640757,-0.523,-0.3
2.6819296,5.1244073,1.0221671,-0.523,-0.3
2.6558726,5.081776,1.0479265,-0.523,-0.3
2.630922,5.0384874,1.0736861,-0.523,-0.3
2.6070948,4.9945707,1.0994456,-0.523,-0.3
2.5844066,4.950055,1.1252052,-0.523,-0.3
2.5628724,4.9049697,1.1509646,-0.523,-0.3
2.5425067,4.8593445,1.1767242,-0.523,-0.3
2.523323,4.81321,1.2024837,-0.523,-0.3
2.505334,4.766597,1.2282431,-0.523,-0.3
2.4885511,4.719536,1.2540027,-0.523,-0.3
2.4729862,4.6720576,1.2797621,-0.523,-0.3
2.4586494,4.6241946,1.3055217,-0.523,-0.3
2.4455502,4.5759783,1.3312812,-0.523,-0.3
2.433697,4.5274405,1.3570408,-0.523,-0.3
2.423098,4.478614,1.3828002,-0.523,-0.3
2.4137604,4.4295297,1.4085598,-0.523,-0.3
2.4056897,4.380222,1.4343193,-0.523,-0.3
2.398892,4.3307223,1.4600787,-0.523,-0.3
2.3933713,4.281064,1.4858383,-0.523,-0.3
2.3891315,4.2312803,1.5115978,-0.523,-0.3
2.3861756,4.1814036,1.5373573,-0.523,-0.3
2.384505,4.1314673,1.5631168,-0.523,-0.3
2.3841214,4.081505,1.5888764,-0.523,-0.3
2.3850248,4.031549,1.6146358,-0.523,-0.3
2.3872144,3.981633,1.6403954,-0.523,-0.3
2.3906891,3.9317899,1.6661549,-0.523,-0.3
2.3954463,3.8820527,1.6919143,-0.523,-0.3
2.401483,3.8324547,1.7176739,-0.523,-0.3
2.4087954,3.7830284,1.7434334,-0.523,-0.3
2.4173782,3.733807,1.7691929,-0.523,-0.3
2.427226,3.684823,1.7949524,-0.523,-0.3
2.4383323,3.6361089,1.820712,-0.523,-0.3
2.4506896,3.587697,1.8464714,-0.523,-0.3
2.4642897,3.5396197,1.8722309,-0.523,-0.3
2.4791234,3.4919083,1.8979905,-0.523,-0.3
2.4951813,3.4445949,1.9237499,-0.523,-0.3
2.5124524,3.3977108,1.9495095,-0.523,-0.3
2.5309253,3.3512871,1.975269,-0.523,-0.3
2.550588,3.3053546,2.0010285,-0.523,-0.3
2.571427,3.2599437,2.026788,-0.523,-0.3
2.5934289,3.2150848,2.0525475,-0.523,-0.3
2.6165788,3.1708074,2.0783072,-0.523,-0.3
2.6408615,3.1271408,2.1040666,-0.523,-0.3
2.666261,3.0841143,2.129826,-0.523,-0.3
2.69276,3.0417562,2.1555855,-0.523,-0.3
2.7203414,3.0000947,2.181345,-0.523,-0.3
2.7489867,2.9591575,2.2071047,-0.523,-0.3
2.778677,2.9189715,2.2328641,-0.523,-0.3
2.8093922,2.8795638,2.2586236,-0.523,-0.3
2.8411124,2.8409603,2.284383,-0.523,-0.3
2.8738165,2.8031864,2.3101428,-0.523,-0.3
2.9074826,2.7662675,2.3359022,-0.523,-0.3
2.9420884,2.730228,2.3616617,-0.523,-0.27967143
2.9778268,2.6948779,2.385723,-0.523,-0.25934285
3.0146117,2.660204,2.4080765,-0.523,-0.2390143
3.052357,2.6261852,2.4287128,-0.523,-0.21208325
3.0910344,2.5927465,2.4470613,-0.523,-0.1851522
3.1305325,2.5598454,2.4631083,-0.523,-0.15822116
3.1707408,2.5274312,2.4768424,-0.523,-0.13292292
3.2115417,2.4954538,2.4883947,-0.523,-0.10762467
3.252835,2.4638536,2.497758,-0.523,-0.082326435
3.2945228,2.432566,2.504926,-0.523,-0.063202165
3.3364923,2.4015346,2.5104315,-0.523,-0.044077896
3.3786755,2.3707032,2.5142722,-0.523,-0.024953628
3.4210045,2.340014,2.5164473,-0.523,-0.01075542
3.4634109,2.309409,2.5173848,-0.523,0.003442788
3.5058482,2.2788422,2.5170846,-0.523,0.017640997
3.54827,2.2482672,2.515547,-0.523,0.03690078
3.5906227,2.217643,2.5123312,-0.523,0.05616057
3.6328385,2.1869106,2.5074384,-0.523,0.07542036
3.6748502,2.156011,2.5008705,-0.523,0.09278264
3.7165968,2.124882,2.4927945,-0.523,0.11014493
3.7580175,2.0934722,2.483213,-0.523,0.12750721
3.7990503,2.061733,2.4721286,-0.523,0.1357639
3.8396842,2.029576,2.460331,-0.523,0.14402059
3.879889,1.99698,2.4478204,-0.523,0.15227726
3.919634,1.9639242,2.4345982,-0.523,0.15814172
3.9589024,1.9303765,2.420871,-0.523,0.16400617
3.9976697,1.8963255,2.406639,-0.523,0.16987063
4.0359106,1.8617604,2.3919032,-0.523,0.18570706
4.0735307,1.8267353,2.3758085,-0.523,0.20154351
4.110468,1.7912197,2.3583593,-0.523,0.21737996
4.146657,1.7551867,2.33956,-0.523,0.2368063
4.182004,1.718644,2.3191106,-0.523,0.25623265
4.2164273,1.681568,2.2970195,-0.523,0.275659
4.249846,1.6439402,2.2732942,-0.523,0.29101723
4.2822175,1.6057017,2.2482839,-0.523,0.30637544
4.313474,1.5668497,2.221994,-0.523,0.32173368
4.343549,1.5273869,2.1944308,-0.523,0.33836502
4.3723598,1.487339,2.165496,-0.523,0.35499632
4.399834,1.4467193,2.135198,-0.523,0.37162763
4.4259005,1.4055469,2.1035452,-0.523,0.37963605
4.4505725,1.3637028,2.0712428,-0.523,0.38764447
4.473805,1.321221,2.038293,-0.523,0.39565286
4.495553,1.2781397,2.004698,-0.523,0.39858064
4.515817,1.234406,1.9708678,-0.523,0.4015084
4.5345674,1.1900668,1.9368024,-0.523,0.40443617
4.551775,1.1451708,1.9025022,-0.523,0.3980367
4.5674753,1.0995876,1.8687156,-0.523,0.3916372
4.5816646,1.0533768,1.8354439,-0.523,0.3852377
4.5943418,1.0065973,1.8026885,-0.523,0.37732413
4.605516,0.9592778,1.7705733,-0.523,0.36941057
4.615195,0.911476,1.7391003,-0.523,0.361497
4.6233892,0.86324745,1.7082717,-0.523,0.35763192
4.630103,0.8147188,1.6777585,-0.523,0.35376686
4.6353407,0.76593786,1.647561,-0.523,0.3499018
4.6391087,0.7169516,1.6176797,-0.523,0.33883324
4.6414204,0.6676794,1.5887066,-0.523,0.3277647
4.6423073,0.6181716,1.5606453,-0.523,0.31669617
4.641803,0.56847507,1.5334991,-0.523,0.30585918
4.639943,0.51863706,1.5072521,-0.523,0.29502222
4.6367655,0.46869764,1.4819075,-0.523,0.28418526
4.632309,0.41869357,1.457468,-0.523,0.2755382
4.6266174,0.3686892,1.433753,-0.523,0.26689118
4.6197257,0.31871387,1.4107642,-0.523,0.25824416
4.611668,0.26879427,1.3885033,-0.523,0.25504753
4.6024933,0.21902464,1.366512,-0.523,0.25185093
4.5922184,0.16942775,1.3447902,-0.523,0.2486543
4.580859,0.1200254,1.3233386,-0.523,0.24174652
4.568421,0.07079303,1.302471,-0.523,0.23483872
4.554936,0.021748696,1.2821885,-0.523,0.22793092
4.5404353,-0.02709149,1.2624921,-0.523,0.21833187
4.5249424,-0.07574247,1.2436117,-0.523,0.20873283
4.508499,-0.12419301,1.225549,-0.523,0.19913378
4.491149,-0.17243433,1.2083056,-0.523,0.1886603
4.4729323,-0.22046801,1.1919582,-0.523,0.1781868
4.4538956,-0.2682903,1.1765082,-0.523,0.16771333
4.4340863,-0.31589982,1.1619576,-0.523,0.15829761
4.413555,-0.36328942,1.148217,-0.523,0.1488819
4.392343,-0.41046113,1.1352873,-0.523,0.13946618
4.3704934,-0.4574188,1.1231699,-0.50508696,0.13957778
4.3488445,-0.5025084,1.1114582,-0.4871739,0.13968939
4.327456,-0.5457507,1.1001529,-0.4692608,0.139801
4.3063846,-0.5871668,1.0892546,-0.44358566,0.1522327
4.2860775,-0.6260263,1.0780433,-0.41791052,0.16466442
4.2665753,-0.6623476,1.0666258,-0.39223537,0.17709614
4.247924,-0.69615364,1.055109,-0.3641328,0.2060486
4.230347,-0.7271614,1.0426925,-0.3360302,0.23500106
4.21388,-0.75538874,1.0296521,-0.3079276,0.2639535
4.1985674,-0.7808677,1.0162624,-0.28211352,0.27518755
4.184272,-0.80394906,1.003486,-0.25629947,0.28642157
4.17106,-0.8246835,0.99141777,-0.2304854,0.2976556
4.158996,-0.8431225,0.98015165,-0.2144574,0.3243995
4.147676,-0.86000586,0.96875894,-0.19842938,0.3511434
4.137124,-0.87536216,0.9573833,-0.18240136,0.37788728
4.1273646,-0.8892246,0.9461669,-0.17146783,0.3731791
4.1180277,-0.9021764,0.935748,-0.16053429,0.36847094
4.1091437,-0.9142326,0.92611086,-0.14960076,0.36376277
4.1007414,-0.9254076,0.9172397,-0.14317569,0.3421893
4.092541,-0.9361157,0.9092326,-0.13675061,0.32061586
4.084568,-0.9463559,0.9020497,-0.13032554,0.2990424
4.076846,-0.9561274,0.8956506,-0.12817304,0.2839052
4.069156,-0.9657323,0.889667,-0.12602054,0.26876804
4.061506,-0.97517085,0.88408965,-0.12386804,0.25363085
4.0539036,-0.9844436,0.87890947,-0.12368014,0.23472363
4.0462294,-0.99370635,0.87411535,-0.12349223,0.21581642
4.038489,-1.0029582,0.86970776,-0.12330433,0.1969092
4.0306892,-1.0121983,0.86568725,-0.1237003,0.17653196
4.0227966,-1.0214722,0.8620666,-0.12409627,0.1561547
4.0148177,-1.0307788,0.85885,-0.124492235,0.13577746
4.006759,-1.0401173,0.8560415,-0.12436608,0.115014
3.9986618,-1.049448,0.8536627,-0.12423992,0.094250545
3.9905326,-1.0587703,0.851714,-0.12411377,0.07348709
3.9823794,-1.0680835,0.8501953,-0.12346639,0.051879205
3.9742436,-1.0773485,0.8491282,-0.12281901,0.030271316
3.9661334,-1.0865643,0.84850866,-0.12217162,0.008663428
3.958057,-1.0957304,0.8483322,-0.12604558,0.013826644
3.9497232,-1.1051852,0.8480418,-0.12991956,0.018989861
3.941131,-1.1149273,0.8476306,-0.13379352,0.024153078
3.9322798,-1.124955,0.8470921,-0.14293933,0.060513485
3.9228323,-1.1356467,0.8456513,-0.15208514,0.096873894
3.9127924,-1.1469754,0.8431997,-0.16123095,0.13323429
3.9021645,-1.1589091,0.83963,-0.17276435,0.17027722
3.8907952,-1.1715835,0.83475065,-0.18429773,0.20732015
3.8786871,-1.1849499,0.8284281,-0.1958311,0.24436308
3.8658414,-1.1989514,0.8205316,-0.20400445,0.24704134
3.852354,-1.2134215,0.8122172,-0.2121778,0.2497196
3.8382113,-1.228344,0.8034778,-0.22035114,0.25239787
3.823399,-1.2437017,0.7943066,-0.2215436,0.22899662
3.808279,-1.2590935,0.78592485,-0.22273603,0.20559536
3.792869,-1.2745198,0.77834624,-0.22392848,0.18219411
3.7771876,-1.2899817,0.77158403,-0.22028354,0.15712014
3.761592,-1.3051522,0.7658393,-0.21663858,0.13204616
3.7461126,-1.3200376,0.7610854,-0.21299364,0.10697218
3.730778,-1.334644,0.75729525,-0.20615749,0.114972875
3.7158957,-1.3487127,0.7533535,-0.19932134,0.122973576
3.7014668,-1.3622451,0.7492786,-0.1924852,0.13097426
