1.022499,9.587579,0.035742246,0.87200844,0.0
1.109644,9.590695,0.035742246,0.523,-0.08870799
1.1617051,9.592557,0.028020004,0.49429205,-0.17741598
1.2103394,9.59392,0.0134806745,0.46558407,-0.26612398
1.2552547,9.594525,-0.006926949,0.47691166,-0.3
1.3008147,9.59421,-0.030416455,0.48823923,-0.3
1.3474364,9.592792,-0.054463882,0.49956682,-0.3
1.3950912,9.590193,-0.07906923,0.5046066,-0.3
1.4431474,9.586386,-0.10392281,0.5096464,-0.3
1.4915731,9.581335,-0.12902461,0.5146862,-0.3
1.5403343,9.575008,-0.15437464,0.51775455,-0.3
1.5892091,9.567403,-0.17987579,0.52082294,-0.3
1.6381624,9.558501,-0.20552808,0.523,-0.3
1.6870749,9.548305,-0.23128758,0.523,-0.3
1.7357086,9.536851,-0.2570471,0.523,-0.3
1.7840312,9.524149,-0.2828066,0.523,-0.3
1.8320104,9.510206,-0.30856612,0.523,-0.3
1.8796147,9.495032,-0.33432564,0.523,-0.3
1.9268124,9.478638,-0.36008516,0.523,-0.3
1.9735721,9.461033,-0.38584465,0.523,-0.3
2.019863,9.442229,-0.41160417,0.523,-0.3
2.065654,9.422239,-0.43736368,0.523,-0.3
2.1109152,9.401076,-0.4631232,0.523,-0.29767892
2.155648,9.378739,-0.48868936,0.523,-0.29535782
2.1998267,9.355249,-0.514062,0.523,-0.29303673
2.2434258,9.330629,-0.5392411,0.523,-0.27631623
2.286602,9.304792,-0.5630213,0.523,-0.2595957
2.3293474,9.277813,-0.5853961,0.523,-0.24287517
2.3716598,9.2497635,-0.6063592,0.523,-0.23308837
2.4134738,9.220765,-0.6264932,0.523,-0.22330157
2.4547896,9.190863,-0.64579636,0.523,-0.21351478
2.495609,9.160101,-0.66426665,0.523,-0.20277463
2.5359447,9.12852,-0.6818209,0.523,-0.19203448
2.5758054,9.096166,-0.69845724,0.523,-0.18129434
2.6152022,9.0630865,-0.7141736,0.523,-0.17225075
2.654137,9.029337,-0.72911406,0.523,-0.16320716
2.6926222,8.994957,-0.7432772,0.523,-0.15416357
2.7306716,8.959986,-0.75666195,0.523,-0.14577368
2.7682972,8.924462,-0.7693236,0.523,-0.13738379
2.8055146,8.888423,-0.78126127,0.523,-0.1289939
2.8423405,8.8519,-0.79247403,0.523,-0.12153207
2.8787887,8.814933,-0.8030415,0.523,-0.11407024
2.914876,8.777549,-0.8129631,0.523,-0.106608406
2.9506204,8.739778,-0.8222382,0.523,-0.09988115
2.9860375,8.70165,-0.83093005,0.523,-0.093153894
3.0211446,8.663191,-0.83903825,0.523,-0.08642664
3.05596,8.624425,-0.8465624,0.523,-0.0809409
3.0904984,8.58538,-0.85361004,0.523,-0.07545517
3.1247756,8.546076,-0.860181,0.523,-0.06996943
3.1588075,8.506532,-0.866275,0.523,-0.065064885
3.192609,8.466767,-0.87194246,0.523,-0.06016034
3.2261949,8.4268,-0.8771833,0.523,-0.055255793
3.2595801,8.386645,-0.8819973,0.523,-0.050338853
3.2927806,8.34632,-0.8863833,0.523,-0.04542191
3.3258114,8.3058405,-0.8903412,0.523,-0.04050497
3.3586888,8.265222,-0.89387095,0.523,-0.03608389
3.3914282,8.224481,-0.8970156,0.523,-0.03166281
3.4240441,8.18363,-0.8997751,0.523,-0.027241731
3.4565516,8.142685,-0.9021493,0.523,-0.023311352
3.4889648,8.101658,-0.9041811,0.523,-0.019380976
3.5212975,8.060562,-0.9058704,0.523,-0.015450597
3.5535626,8.019409,-0.90721714,0.523,-0.011892771
3.585774,7.9782104,-0.9082537,0.523,-0.008334947
3.617944,7.936977,-0.90898025,0.523,-0.0047771214
3.6500845,7.895719,-0.9093967,0.523,-0.0016687631
3.6822083,7.8544474,-0.90954214,0.523,0.0014395952
3.7143261,7.8131714,-0.9094167,0.523,0.0045479536
3.7464488,7.771899,-0.90902025,0.523,0.008093608
3.778587,7.730641,-0.90831476,0.523,0.011639262
3.8107533,7.689407,-0.90730023,0.523,0.015184915
3.84296,7.6482077,-0.90597665,0.523,0.017962217
3.8752193,7.607053,-0.904411,0.523,0.02073952
3.9075415,7.5659504,-0.9026033,0.523,0.023516823
3.9399362,7.5249095,-0.90055364,0.523,0.026030947
3.9724126,7.4839373,-0.8982849,0.523,0.02854507
4.0049796,7.443042,-0.8957971,0.523,0.031059194
4.0376463,7.4022303,-0.8930901,0.523,0.033346057
4.0704203,7.3615108,-0.89018404,0.523,0.03563292
4.10331,7.3208895,-0.8870787,0.523,0.037919782
4.1363235,7.280374,-0.88377416,0.523,0.044144522
4.1694617,7.2399783,-0.87992746,0.523,0.050369263
4.2027454,7.1997223,-0.87553877,0.523,0.056594003
4.236194,7.159626,-0.8706083,0.523,0.062463272
4.2698283,7.119709,-0.86516714,0.523,0.06833254
4.3036666,7.079991,-0.85921544,0.523,0.07420181
4.337726,7.0404916,-0.85275346,0.523,0.079193845
4.372027,7.0012283,-0.8458576,0.523,0.084185876
4.406584,6.9622183,-0.8385281,0.523,0.08917791
4.4414105,6.9234796,-0.830765,0.523,0.093932495
4.4765215,6.885029,-0.8225893,0.523,0.09868709
4.5119295,6.8468843,-0.814001,0.523,0.10344168
4.5476465,6.8090634,-0.8050004,0.523,0.10433178
4.583699,6.771569,-0.79592264,0.523,0.10522188
4.620087,6.7344065,-0.7867677,0.523,0.10611198
4.6568103,6.6975827,-0.7775357,0.523,0.102939315
4.6938844,6.661087,-0.7685786,0.523,0.09976665
4.731296,6.624913,-0.7598967,0.523,0.09659398
4.769032,6.5890546,-0.75149,0.523,0.09184086
4.807085,6.5534983,-0.7434958,0.523,0.08708774
4.8454375,6.5182323,-0.73591423,0.523,0.08233462
4.884072,6.4832444,-0.7287455,0.523,0.08019687
4.9229627,6.448528,-0.72176254,0.523,0.07805912
4.962102,6.414078,-0.7149653,0.523,0.07592137
5.0014806,6.3798895,-0.7083538,0.523,0.07243129
5.041095,6.345953,-0.70204574,0.523,0.068941206
5.080932,6.3122587,-0.6960411,0.523,0.06545112
5.1209807,6.2787967,-0.69034004,0.5228466,0.06262204
5.1612144,6.2455673,-0.68488663,0.5226932,0.05979296
5.2016244,6.2125616,-0.6796809,0.5225398,0.05696388
5.2422,6.179771,-0.67472255,0.52235264,0.04692612
5.2829447,6.1471763,-0.67063874,0.5221654,0.036888354
5.3238244,6.1147466,-0.66742915,0.52197826,0.026850592
5.3648067,6.0824494,-0.66509354,0.5211893,0.021287208
5.405808,6.0502925,-0.66324455,0.5204002,0.015723825
5.4468102,6.0182567,-0.66188085,0.51961124,0.010160441
5.487797,5.986323,-0.6610009,0.51818806,0.0050011156
5.5287013,5.954511,-0.660569,0.51676494,-0.00015820861
5.569507,5.9228044,-0.66058266,0.51534176,-0.005317533
5.6102,5.8911843,-0.66103935,0.51351666,-0.008802002
5.650733,5.859659,-0.6617927,0.5116916,-0.012286472
5.691097,5.828216,-0.6628405,0.5098665,-0.015770942
5.7312818,5.796845,-0.6641806,0.5083625,-0.01888653
5.771304,5.7655144,-0.6657807,0.5068584,-0.02200212
5.811156,5.734215,-0.6676392,0.5053544,-0.025117707
5.8508277,5.7029366,-0.66975456,0.50366604,-0.029202158
5.8902974,5.6716824,-0.67220557,0.5019776,-0.03328661
5.9295526,5.640441,-0.6749899,0.50028926,-0.037371058
5.9685836,5.6092005,-0.67810524,0.49827868,-0.044489574
6.0073495,5.5779734,-0.6817987,0.49626812,-0.051608093
6.0458302,5.5467405,-0.6860654,0.49425757,-0.05872661
6.0840073,5.5154834,-0.69090027,0.49165657,-0.06841864
6.1218095,5.4842267,-0.6965023,0.48905557,-0.07811066
6.1592097,5.4529476,-0.7028626,0.4864546,-0.087802686
6.196183,5.421624,-0.70997214,0.48270994,-0.09331017
6.2326317,5.3902974,-0.7174682,0.47896528,-0.09881766
6.268544,5.35896,-0.7253437,0.47522062,-0.104325145
6.3039103,5.3276057,-0.7335917,0.47223008,-0.11077194
6.3387713,5.2961817,-0.74229217,0.4692395,-0.117218725
6.3731136,5.26468,-0.75143844,0.46624893,-0.12366552
6.4069223,5.2330923,-0.76102376,0.4641105,-0.12893578
6.440251,5.20135,-0.77096957,0.46197206,-0.13420606
6.4730873,5.169448,-0.7812718,0.45983362,-0.13947631
6.5054193,5.137382,-0.7919265,0.45857775,-0.14453627
6.5372972,5.105085,-0.80293494,0.45732188,-0.14959623
6.568708,5.0725527,-0.81429476,0.456066,-0.15465619
6.599638,5.0397816,-0.8260035,0.45522988,-0.1597185
6.6301017,5.0067377,-0.83807015,0.45439377,-0.1647808
6.6600842,4.9734178,-0.850493,0.45355764,-0.16984311
6.689571,4.9398184,-0.8632703,0.45300174,-0.1744435
6.7185674,4.9059143,-0.8763741,0.45244586,-0.17904389
6.7470584,4.8717027,-0.8898034,0.45188996,-0.1836443
6.775029,4.837184,-0.90355694,0.4495051,-0.1841481
6.8023753,4.8024707,-0.917275,0.4471202,-0.18465191
6.8290977,4.7675753,-0.93095726,0.44473532,-0.18515573
6.8551974,4.7325087,-0.94460315,0.44009343,-0.18361107
6.880556,4.6974487,-0.9579953,0.4354515,-0.1820664
6.9051876,4.662416,-0.9711359,0.43080962,-0.18052173
6.9291058,4.6274295,-0.9840274,0.42515966,-0.1802856
6.9522643,4.5925984,-0.9967333,0.4195097,-0.18004948
6.9746776,4.557942,-1.0092542,0.41385975,-0.17981334
6.99636,4.523476,-1.0215904,0.4078705,-0.1788364
7.0173116,4.489242,-1.0336827,0.40188122,-0.17785946
7.0375495,4.4552574,-1.0455331,0.39589196,-0.1768825
7.0570917,4.42154,-1.0571433,0.39054126,-0.17625424
7.075984,4.3880525,-1.0685564,0.38519058,-0.17562598
7.0942416,4.3548093,-1.0797734,0.37983987,-0.1749977
7.1118784,4.3218246,-1.0907955,0.3763,-0.17747776
7.128982,4.2889714,-1.101868,0.37276015,-0.1799578
7.1455564,4.256256,-1.112988,0.3692203,-0.18243787
7.1616044,4.2236857,-1.1241524,0.3677659,-0.19097835
7.177201,4.19112,-1.1357872,0.36631155,-0.19951883
7.192332,4.15856,-1.1478876,0.36485717,-0.20805931
7.206983,4.1260056,-1.1604486,0.36393917,-0.2149156
7.2211676,4.093401,-1.1733844,0.36302117,-0.2217719
7.234874,4.060748,-1.1866927,0.3621032,-0.22862819
7.24809,4.0280495,-1.2003707,0.36171055,-0.23460436
7.260825,3.9952555,-1.2143844,0.3613179,-0.24058051
7.273069,3.9623697,-1.2287327,0.3609253,-0.24655668
7.2848096,3.9293964,-1.2434143,0.36054605,-0.25049675
7.2960415,3.8963223,-1.25831,0.36016685,-0.25443682
7.3067575,3.8631532,-1.273419,0.35978764,-0.25837687
7.31695,3.8298955,-1.2887406,0.35970625,-0.26157454
7.326621,3.7965214,-1.3042442,0.35962486,-0.26477218
7.3357635,3.763038,-1.3199291,0.35954347,-0.26796985
7.3443704,3.7294521,-1.3357954,0.35976934,-0.27084988
7.3524423,3.6957395,-1.3518382,0.35999525,-0.2737299
7.3599706,3.661908,-1.3680575,0.36022112,-0.27660993
7.366948,3.6279647,-1.3844533,0.36060026,-0.27900767
7.3733706,3.5938993,-1.4010049,0.3609794,-0.28140542
7.37923,3.55972,-1.4177126,0.36135855,-0.28380316
7.38452,3.5254352,-1.4345765,0.3619854,-0.28572738
7.3892365,3.4910262,-1.4515811,0.36261222,-0.28765163
7.393372,3.4565015,-1.4687268,0.36323905,-0.28957587
7.396919,3.4218712,-1.4860137,0.36430526,-0.29064378
7.3998747,3.387094,-1.5034134,0.36537144,-0.2917117
7.4022307,3.3521798,-1.5209264,0.36643764,-0.2927796
7.40398,3.317139,-1.5385529,0.36829096,-0.29203445
7.4051166,3.2818875,-1.5562248,0.3701443,-0.29128933
7.4056334,3.246436,-1.5739416,0.37199762,-0.29054418
7.4055214,3.2107956,-1.5917028,0.37454772,-0.29586393
7.4047723,3.174976,-1.6099038,0.37709782,-0.3
7.4033637,3.1389782,-1.6284771,0.3796479,-0.3
7.401273,3.1027694,-1.647176,0.3824745,-0.3
7.3984847,3.0663366,-1.6660142,0.38530114,-0.3
7.394985,3.029694,-1.6849916,0.38812777,-0.3
7.39076,2.9928565,-1.7041082,0.3916784,-0.3
7.3857865,2.95577,-1.7233996,0.39522898,-0.3
7.380047,2.918451,-1.742866,0.3987796,-0.3
7.3735237,2.8809168,-1.7625073,0.4031686,-0.3
7.366185,2.8431063,-1.7823647,0.4075576,-0.3
7.358009,2.805039,-1.8024383,0.4119466,-0.3
7.3489738,2.7667353,-1.822728,0.41652578,-0.3
7.3390546,2.7281992,-1.8432434,0.421105,-0.3
7.3282294,2.6894534,-1.8639841,0.42568418,-0.3
7.3164763,2.6505215,-1.8849505,0.42940733,-0.3
7.3037996,2.6115065,-1.9061003,0.4331305,-0.3
7.290184,2.5724323,-1.9274335,0.43685365,-0.3
7.2756133,2.5333242,-1.9489499,0.44022134,-0.3
7.260086,2.4942396,-1.9706323,0.44358903,-0.3
7.24359,2.4552045,-1.9924806,0.44695672,-0.3
7.2261133,2.4162455,-2.0144947,0.44973984,-0.2886369
7.2076054,2.3773067,-2.0358307,0.452523,-0.2772738
7.188087,2.3384047,-2.056476,0.45530614,-0.26591069
7.1675797,2.2995546,-2.0764174,0.4581604,-0.25811952
7.146124,2.2607992,-2.0959094,0.46101466,-0.25032836
7.123733,2.2221525,-2.1149433,0.46386895,-0.24253722
7.100422,2.1836267,-2.1335108,0.46599242,-0.2338354
7.0762386,2.1452854,-2.151507,0.46811593,-0.22513358
7.0512047,2.107135,-2.1689236,0.4702394,-0.21643177
7.0253434,2.0691814,-2.1857538,0.47212023,-0.20619905
6.998683,2.0314357,-2.2018642,0.47400105,-0.19596633
6.971252,1.9938974,-2.2172468,0.47588187,-0.1857336
6.9430795,1.9565647,-2.2318935,0.4778366,-0.17524284
6.914191,1.9194257,-2.2457783,0.47979134,-0.16475208
6.8846154,1.8824748,-2.2588933,0.48174605,-0.15426132
6.8543844,1.8457038,-2.27123,0.48358405,-0.1426758
6.8235316,1.8091066,-2.2826903,0.48542202,-0.1310903
6.792093,1.7726693,-2.2932656,0.48725998,-0.11950479
6.7601027,1.736377,-2.3029475,0.48901814,-0.10935938
6.7276087,1.7002242,-2.311843,0.4907763,-0.09921398
6.6946416,1.6641946,-2.3199449,0.49253446,-0.08906858
6.661232,1.6282707,-2.327247,0.49405187,-0.07949021
6.62743,1.592453,-2.3337853,0.4955693,-0.06991184
6.5932655,1.556722,-2.339555,0.4970867,-0.060333468
6.5587687,1.5210577,-2.3445504,0.49864015,-0.0544237
6.5239744,1.4854431,-2.3490713,0.50019366,-0.048513938
6.488899,1.449865,-2.353114,0.5017471,-0.04260417
6.4535623,1.4143093,-2.3566756,0.50297093,-0.03613342
6.4180026,1.3787842,-2.359704,0.5041948,-0.029662669
6.3822417,1.3432732,-2.3621962,0.5054186,-0.023191918
6.346299,1.3077594,-2.3641498,0.50695854,-0.01757685
6.310173,1.2722038,-2.3656347,0.50849843,-0.011961782
6.273882,1.2365911,-2.3666484,0.5100384,-0.0063467147
6.237442,1.2009057,-2.367188,0.5115327,-0.0015406966
6.2008758,1.1651347,-2.3673193,0.5130271,0.0032653213
6.1641984,1.1292642,-2.3670402,0.5145214,0.008071339
6.127425,1.09328,-2.366348,0.5159139,0.013780487
6.0905795,1.057175,-2.365163,0.5173063,0.019489635
6.0536804,1.0209324,-2.363483,0.51869875,0.025198782
6.0167484,0.9845347,-2.3613048,0.52167374,0.028743947
5.9796877,0.94785094,-2.358806,0.523,0.03228911
5.942629,0.9109852,-2.3559918,0.523,0.035834275
5.9056787,0.87401974,-2.352869,0.523,0.039278485
5.868849,0.83694386,-2.349446,0.523,0.04272269
5.832151,0.79974747,-2.3457232,0.523,0.046166897
5.7955976,0.76242036,-2.3417003,0.523,0.057323672
5.7592154,0.7249682,-2.3367064,0.523,0.06848045
5.7230463,0.68736124,-2.330742,0.523,0.079637215
5.687132,0.64957047,-2.3238075,0.523,0.08047058
5.651483,0.6115342,-2.3168006,0.523,0.08130393
5.6161036,0.5732516,-2.3097215,0.523,0.08213729
5.580999,0.53472215,-2.3025699,0.523,0.08789001
5.5461874,0.4959616,-2.2949188,0.523,0.09364273
5.5116916,0.45695633,-2.2867682,0.523,0.09939544
5.477534,0.41769305,-2.2781184,0.523,0.10555383
5.4437385,0.3781608,-2.2689347,0.523,0.11171222
5.41033,0.33834663,-2.2592173,0.523,0.11787061
5.377333,0.29823822,-2.2489667,0.523,0.12480356
5.344777,0.25782782,-2.2381163,0.523,0.1317365
5.31269,0.217103,-2.2266665,0.523,0.13866946
5.2811007,0.17605221,-2.2146177,0.523,0.1461451
5.2500424,0.13466819,-2.201924,0.523,0.15362075
5.219546,0.092940375,-2.188586,0.523,0.16109641
5.189644,0.05085948,-2.1746044,0.523,0.16649365
5.16036,0.008402531,-2.1601586,0.523,0.1718909
5.131718,-0.0344335,-2.1452494,0.523,0.17728814
5.103745,-0.07765062,-2.1298764,0.523,0.1771684
5.076439,-0.121293575,-2.1145139,0.523,0.17704865
5.049806,-0.1653518,-2.0991616,0.523,0.1769289
5.023852,-0.20981465,-2.0838196,0.523,0.17513405
4.998575,-0.25468475,-2.068632,0.523,0.1733392
4.9739747,-0.29994786,-2.053598,0.523,0.17154436
4.9500504,-0.34558997,-2.0387182,0.5218137,0.16774404
4.926845,-0.39150852,-2.024198,0.5206274,0.16394371
4.904346,-0.4376834,-2.010036,0.519441,0.16014338
4.8825393,-0.48409516,-1.9962311,0.51653063,0.1548406
4.8614764,-0.53058094,-1.9829543,0.51362026,0.14953782
4.841131,-0.57711667,-1.970201,0.5107098,0.14423504
4.8214774,-0.6236794,-1.9579664,0.5063277,0.14070278
4.802549,-0.67010105,-1.9461321,0.5019455,0.13717054
4.7843213,-0.71636266,-1.9346926,0.4975633,0.1336383
4.76677,-0.76244617,-1.9236434,0.49508995,0.1296703
4.7498045,-0.808515,-1.9129735,0.49261656,0.12570232
4.7334056,-0.85455465,-1.9026802,0.49014318,0.12173433
4.717554,-0.9005513,-1.8927602,0.4883043,0.11612618
4.7022066,-0.9465607,-1.8833306,0.48646542,0.11051803
4.6873403,-0.99256825,-1.8743883,0.48462653,0.10490988
4.672932,-1.0385604,-1.8659302,0.48274028,0.09852278
4.658959,-1.0845232,-1.8580161,0.480854,0.09213568
4.645395,-1.1304432,-1.8506426,0.47896773,0.085748576
4.6322136,-1.1763076,-1.8438059,0.47773957,0.084664896
4.6193786,-1.2221473,-1.8370726,0.47651142,0.083581224
4.6068835,-1.2679586,-1.8304424,0.4752833,0.082497545
4.5947227,-1.3137376,-1.8239149,0.47156784,0.07250084
4.5829444,-1.3592719,-1.8182217,0.4678524,0.06250413
4.571509,-1.4045438,-1.8133512,0.464137,0.052507423
4.560376,-1.4495368,-1.8092912,0.4513616,0.037956543
4.549721,-1.4933637,-1.8064365,0.4385862,0.02340566
4.5394845,-1.5359986,-1.8047258,0.42581078,0.008854777
4.5296144,-1.5774183,-1.8040974,0.40887943,-0.012896192
4.520162,-1.6171952,-1.8049762,0.39194807,-0.03464716
4.5110726,-1.6552973,-1.807239,0.37501672,-0.05639813
4.502302,-1.6916976,-1.8107623,0.3589307,-0.062881134
4.4937882,-1.7264934,-1.8145214,0.34284472,-0.069364145
4.4855347,-1.7596846,-1.8184818,0.3267587,-0.07584715
4.4775467,-1.7912722,-1.8226085,0.30974457,-0.0767001
4.469852,-1.8211815,-1.8265641,0.29273045,-0.07755305
4.4624686,-1.8494172,-1.830344,0.2757163,-0.07840599
4.4554143,-1.8759835,-1.8339432,0.26020736,-0.068892665
4.448662,-1.9010489,-1.8369286,0.2446984,-0.05937933
4.4422374,-1.9246156,-1.8393489,0.22918946,-0.049866002
4.4361634,-1.9466857,-1.8412529,0.21840397,-0.03699555
4.4303327,-1.9677178,-1.8425993,0.20761849,-0.024125094
4.4247603,-1.9877115,-1.843434,0.196833,-0.011254638
4.4194603,-2.0066667,-1.8438032,0.18740621,0.0058299005
4.4144073,-2.0247128,-1.8436211,0.17797942,0.02291444
4.409613,-2.041848,-1.8429414,0.16855265,0.03999898
4.405086,-2.05807,-1.8418181,0.15736876,0.051202517
4.4008784,-2.0732126,-1.8404757,0.14618489,0.062406056
4.3969913,-2.0872753,-1.8389562,0.13500102,0.0736096
4.393424,-2.1002576,-1.8373015,0.12330127,0.09900571
4.390193,-2.1120942,-1.8352703,0.11160151,0.124401815
4.387298,-2.1227832,-1.8329623,0.09990176,0.14979792
4.384738,-2.1323237,-1.8304775,0.0993963,0.14748809
4.382213,-2.141826,-1.828043,0.098890856,0.14517824
4.379724,-2.151289,-1.8256586,0.0983854,0.1428684
4.377269,-2.1607127,-1.8233238,0.09572652,0.15025778
4.3749037,-2.1698773,-1.8209356,0.09306763,0.15764716
4.3726287,-2.1787827,-1.8185004,0.09040875,0.16503653
4.370442,-2.1874285,-1.8160249,0.088297516,0.16973728
4.368329,-2.1958709,-1.8135389,0.08618628,0.17443803
4.366289,-2.20411,-1.811046,0.08407505,0.17913876
4.3643208,-2.2121453,-1.8085492,0.082174346,0.1885842
4.3624196,-2.21999,-1.8059816,0.08027365,0.19802962
4.3605857,-2.2276437,-1.8033495,0.078372955,0.20747505
4.358818,-2.2351065,-1.8006588,0.075576276,0.20857158
4.3571334,-2.242306,-1.7980506,0.072779596,0.2096681
4.35553,-2.2492414,-1.795526,0.069982916,0.21076462
