2.995089,5.9176636,2.9541013,0.13817172,0.0
2.981514,5.920239,2.9541013,0.109183416,0.09603176
2.9708364,5.9222646,2.955846,0.08019511,0.19206353
2.9631,5.9237185,2.9583974,0.051206797,0.2880953
2.9582725,5.924613,2.9608223,0.022375192,0.3729679
2.9562225,5.924988,2.9621813,-0.0064564114,0.45784053
2.9567926,5.9248843,2.9617057,-0.035288014,0.54271317
2.9597654,5.9243436,2.958668,-0.06497472,0.6275086
2.9649374,5.923387,2.95231,-0.09466142,0.712304
2.971974,5.922039,2.9419985,-0.12434813,0.7970995
2.9804907,5.920316,2.9271736,-0.15426248,0.8847101
2.9900396,5.9182367,2.9072804,-0.18417685,0.9723207
3.0001323,5.9158273,2.8819196,-0.2140912,1.0
3.011312,5.9128575,2.8518944,-0.24400778,1.0
3.0239463,5.909091,2.8176734,-0.27392435,1.0
3.0379767,5.9043803,2.7792568,-0.30384094,1.0
3.0533276,5.8985615,2.7366445,-0.33351335,1.0
3.06989,5.8914623,2.6898708,-0.36318573,1.0
3.0875447,5.8828964,2.6389358,-0.39285812,1.0
3.1061454,5.8726707,2.5838394,-0.41940033,1.0
3.1253715,5.860677,2.5250206,-0.44594252,1.0
3.1450293,5.8467445,2.4624794,-0.4724847,1.0
3.1648936,5.83071,2.3962157,-0.4864893,1.0
3.1842089,5.8128824,2.327988,-0.5004939,1.0
3.2027833,5.793229,2.257796,-0.5144984,1.0
3.2204137,5.7717366,2.18564,-0.5192486,1.0
3.2365968,5.7488194,2.112818,-0.523,1.0
3.2511742,5.7246118,2.0394697,-0.523,1.0
3.2639382,5.6994014,1.9661216,-0.51721257,1.0
3.2747002,5.6736116,1.893585,-0.51142514,1.0
3.2834654,5.647406,1.8218601,-0.50563776,1.0
3.2902527,5.620943,1.7509468,-0.49147207,1.0
3.2950106,5.594818,1.6820202,-0.4773064,1.0
3.297873,5.5691886,1.6150804,-0.46314073,1.0
3.2989807,5.5441895,1.550127,-0.44502833,1.0
3.2984838,5.5201497,1.487714,-0.42691597,1.0
3.2965696,5.497163,1.4278411,-0.40880358,1.0
3.293423,5.4753003,1.3705084,-0.3972568,1.0
3.2891526,5.4542656,1.314795,-0.38571,1.0
3.2838757,5.434105,1.2607011,-0.3741632,1.0
3.2777066,5.414853,1.2082264,-0.3637402,1.0
3.2707362,5.3964777,1.1572137,-0.35331723,1.0
3.2630641,5.3789973,1.1076627,-0.34289426,1.0
3.2547872,5.3624225,1.0595734,-0.34139717,1.0
3.2457628,5.346335,1.0116941,-0.33990008,1.0
3.2360215,5.3307667,0.9640247,-0.338403,1.0
3.2255957,5.3157463,0.91656536,-0.32288426,1.0
3.2149792,5.3019032,0.8712824,-0.30736554,1.0
3.2042868,5.289196,0.8281759,-0.29184678,1.0
3.1936238,5.2775793,0.7872458,-0.28198266,0.9908488
3.1827178,5.266633,0.7479331,-0.27211854,0.9816976
3.171634,5.25635,0.7102246,-0.2622544,0.9725464
3.160435,5.24672,0.67410684,-0.24620254,0.9230682
3.1488292,5.2374473,0.64138424,-0.23015068,0.8735901
3.1369884,5.2286057,0.61197716,-0.21409883,0.82411194
3.1250858,5.2202516,0.58578765,-0.19726443,0.7885446
3.1134992,5.2125645,0.5624668,-0.18043005,0.7529773
3.1023622,5.2055435,0.5419034,-0.16359566,0.71740997
3.0918012,5.199186,0.52397776,-0.15956573,0.6953383
3.081193,5.1930556,0.5069403,-0.1555358,0.6732666
3.0705626,5.1871524,0.4907764,-0.15150587,0.65119493
3.0599349,5.181473,0.47547084,-0.16086936,0.6876571
3.0488827,5.175782,0.4584528,-0.17023283,0.7241193
3.0374477,5.170139,0.4396569,-0.17959632,0.7605815
3.0256743,5.1646013,0.419023,-0.15242468,0.68927616
3.0149293,5.1598153,0.40286654,-0.12525305,0.61797076
3.0055377,5.1558127,0.39077163,-0.09808142,0.5466654
2.9977908,5.1526213,0.38227382,-0.1197723,0.61603934
2.988721,5.148975,0.3707396,-0.14146318,0.6854133
2.9785135,5.145007,0.3558154,-0.16315407,0.7547872
2.9673734,5.140867,0.33718503,-0.13527562,0.6823942
2.9574664,5.137394,0.32296637,-0.10739717,0.61000115
2.9491186,5.1346,0.31271228,-0.07951872,0.53760815
