8.544247,-1.47679,-2.30915,0.39713648,0.0
8.517516,-1.5061612,-2.30915,0.42712492,0.08454571
8.488871,-1.5376376,-2.3031385,0.45711336,0.16909142
8.458743,-1.5711442,-2.2903175,0.48710182,0.25363714
8.427669,-1.606608,-2.2699463,0.5165959,0.2649497
8.395582,-1.6447681,-2.2474003,0.523,0.2762623
8.364077,-1.6840004,-2.2236247,0.523,0.2875749
8.333612,-1.7238398,-2.1989017,0.523,0.21608989
8.303595,-1.7651737,-2.1802123,0.523,0.14460489
8.273972,-1.8076112,-2.1676514,0.523,0.07311988
8.244656,-1.8507533,-2.1612835,0.523,0.030618697
8.21555,-1.894177,-2.1586149,0.523,-0.011882484
8.186549,-1.9376955,-2.1596506,0.523,-0.054383665
8.157544,-1.9811226,-2.1643887,0.50956035,-0.04581389
8.129072,-2.0233176,-2.1682782,0.49612066,-0.03724411
8.101182,-2.0643063,-2.1713572,0.48268098,-0.028674334
8.073916,-2.104112,-2.1736636,0.45282605,0.03192659
8.048254,-2.141393,-2.1712544,0.4229711,0.092527516
8.024458,-2.176142,-2.164741,0.39311615,0.15312845
8.002715,-2.2083397,-2.1547472,0.36317065,0.1603927
7.9829493,-2.23825,-2.1450806,0.33322516,0.16765696
7.9651012,-2.2658346,-2.1358128,0.3032797,0.17492121
7.9491105,-2.291058,-2.127016,0.27342057,0.15233833
7.9348416,-2.3140097,-2.120101,0.24356148,0.12975544
7.922232,-2.334608,-2.1148484,0.21370237,0.10717256
7.9112344,-2.352788,-2.1110384,0.18379599,0.04262712
7.9017897,-2.3685358,-2.109733,0.1538896,-0.021918321
7.8938937,-2.38174,-2.1102953,0.12398321,-0.086463764
7.887548,-2.3923378,-2.1120796,0.09400757,-0.110580705
7.8827343,-2.4003453,-2.1138089,0.064031914,-0.13469765
7.8794556,-2.405778,-2.115242,0.034056265,-0.1588146
7.8777137,-2.4086545,-2.1161397,0.0040628295,-0.1724656
7.8775063,-2.4089966,-2.1162558,-0.025930606,-0.1861166
7.878828,-2.4068182,-2.115456,-0.055924043,-0.1997676
7.881668,-2.4021301,-2.1136065,-0.08592158,-0.19205101
7.886025,-2.3949082,-2.1108732,-0.11591911,-0.18433441
7.8918843,-2.3851347,-2.107332,-0.14591666,-0.17661782
7.899227,-2.3727884,-2.103059,-0.17591271,-0.14877254
7.908056,-2.357798,-2.0987132,-0.20590878,-0.12092726
7.918352,-2.3401403,-2.0945733,-0.23590484,-0.09308199
7.9301,-2.319801,-2.0909188,-0.26587436,-0.019356692
7.943311,-2.2967339,-2.0900612,-0.29584387,0.054368604
7.9579706,-2.2710872,-2.0927405,-0.32581338,0.1280939
7.9740815,-2.2430754,-2.0996773,-0.35555238,0.18403319
7.991719,-2.2128963,-2.1105216,-0.38529134,0.23997249
8.010951,-2.1807911,-2.125784,-0.41503033,0.2959118
8.03187,-2.1470506,-2.1459553,-0.43676713,0.2606243
8.054827,-2.1116388,-2.1647131,-0.4585039,0.22533678
8.079836,-2.0746007,-2.1817875,-0.4802407,0.19004928
8.106891,-2.0359735,-2.1969078,-0.4569765,0.25068334
8.132833,-2.0001016,-2.215801,-0.43371233,0.3113174
8.157654,-1.9671097,-2.237943,-0.41044816,0.37195146
8.1813135,-1.9370701,-2.2628047,-0.4086668,0.29944193
8.206229,-1.9070044,-2.2828968,-0.40688545,0.2269324
8.232135,-1.8769932,-2.298154,-0.40510407,0.15442288
8.25875,-1.8470947,-2.3085392,-0.39341527,0.14122307
8.284948,-1.8182722,-2.317768,-0.38172644,0.12802328
8.310671,-1.7904923,-2.325891,-0.37003765,0.11482349
8.335865,-1.7637234,-2.3329568,-0.35879377,0.11506149
8.360476,-1.7379417,-2.3398223,-0.34754992,0.11529949
8.384484,-1.7131331,-2.346486,-0.33630604,0.115537494
8.407876,-1.689283,-2.3529477,-0.31828883,0.12632608
8.430131,-1.6668835,-2.3596313,-0.30027166,0.13711469
8.451236,-1.6459228,-2.3664718,-0.28225446,0.14790328
8.471178,-1.6263862,-2.3734043,-0.263801,0.13219203
8.4899845,-1.6082163,-2.3791993,-0.24534753,0.11648078
8.507607,-1.5913861,-2.3839517,-0.22689407,0.100769535
8.524007,-1.5758729,-2.3877559,-0.20436445,0.124635175
8.538791,-1.5619938,-2.39199,-0.18183483,0.14850082
8.551954,-1.5497409,-2.396474,-0.15930521,0.17236646
8.563489,-1.5390991,-2.401028,-0.13477556,0.20571433
8.573227,-1.5301975,-2.405616,-0.11024593,0.23906219
8.581166,-1.523007,-2.409967,-0.085716285,0.27241006
8.587309,-1.5174917,-2.4138107,-0.057237208,0.33286232
8.591348,-1.5138931,-2.4169278,-0.028758137,0.39331457
8.593337,-1.5121324,-2.4187648,-0.00027906397,0.4537668
8.593355,-1.5121157,-2.418785,0.02933405,0.52811325
8.591455,-1.5137918,-2.4163215,0.058947165,0.6024597
8.587821,-1.5170137,-2.4107542,0.088560276,0.6768062
8.58268,-1.521622,-2.40151,0.11850962,0.7589519
8.576331,-1.5274204,-2.3879178,0.14845897,0.8410976
8.569114,-1.534193,-2.3694746,0.17840831,0.9232433
8.561403,-1.5417014,-2.3457594,0.20839018,0.9053224
8.552401,-1.550894,-2.3184385,0.23837204,0.88740146
8.542168,-1.5619311,-2.2876318,0.2683539,0.86948055
8.530791,-1.5749846,-2.2534616,0.29834807,0.8058225
8.517757,-1.5910155,-2.21759,0.32834223,0.74216443
8.503174,-1.6103268,-2.1806033,0.3583364,0.67850643
8.487197,-1.6331955,-2.1431193,0.3883347,0.58107394
8.469617,-1.6604828,-2.1075919,0.418333,0.4836415
8.450678,-1.6923091,-2.0751705,0.4483313,0.38620907
8.430608,-1.7286685,-2.0470245,0.4783108,0.28708163
8.409578,-1.7694377,-2.0244517,0.5082903,0.1879542
8.387694,-1.8143208,-2.008623,0.523,0.08882677
8.365608,-1.8615009,-2.0008903,0.523,0.0009613276
8.3438015,-1.9090377,-2.0008063,0.523,-0.086904116
8.322081,-1.956397,-2.008372,0.523,-0.17476955
8.300257,-2.0030477,-2.0235286,0.523,-0.23047675
8.277984,-2.0488353,-2.0434413,0.523,-0.28618395
8.255143,-2.0935075,-2.0680478,0.523,-0.3
8.23131,-2.1374207,-2.0938072,0.4934031,-0.3
8.207766,-2.178256,-2.118109,0.46380618,-0.3
8.184708,-2.2160928,-2.140953,0.4342093,-0.3
8.162317,-2.2510126,-2.1623394,0.40423033,-0.25188455
8.140487,-2.2835083,-2.1791303,0.3742514,-0.20376912
8.11954,-2.3135839,-2.1917527,0.34427246,-0.15565367
8.099752,-2.341246,-2.2006478,0.31431022,-0.10070417
8.081332,-2.366517,-2.2059145,0.28434798,-0.04575467
8.064481,-2.389383,-2.208082,0.25438574,0.009194827
8.049345,-2.4098277,-2.2076921,0.22447556,-0.00075477955
8.0359955,-2.4278743,-2.2077205,0.1945654,-0.010704386
8.024425,-2.443515,-2.2080674,0.16465522,-0.020653993
8.014629,-2.4567459,-2.2086344,0.13471317,-0.06838341
8.006627,-2.4675434,-2.2101684,0.10477114,-0.116112836
8.000418,-2.4758942,-2.2121913,0.074829094,-0.16384226
7.9960003,-2.4818099,-2.2142258,0.044845127,-0.18152447
7.993354,-2.4853387,-2.215575,0.014861155,-0.1992067
7.9924784,-2.486503,-2.2160652,-0.015122815,-0.2168889
7.9933667,-2.485323,-2.2155228,-0.045118384,-0.22238934
7.9960113,-2.4818056,-2.213864,-0.07511395,-0.22788978
8.0004,-2.47595,-2.211036,-0.10510952,-0.2333902
8.006508,-2.467749,-2.2069843,-0.13510647,-0.2197541
8.014342,-2.457143,-2.2020757,-0.1651034,-0.206118
8.02388,-2.4440968,-2.196444,-0.19510035,-0.1924819
8.035094,-2.4285743,-2.1902237,-0.22508575,-0.14196098
8.048031,-2.4104319,-2.184916,-0.25507113,-0.09144006
8.062668,-2.3896725,-2.181034,-0.28505653,-0.040919136
8.078989,-2.3663313,-2.1790905,-0.31482187,0.03204746
8.0969715,-2.3405097,-2.1807718,-0.3445872,0.10501406
8.116602,-2.3124208,-2.186792,-0.37435254,0.17798066
8.13789,-2.2823489,-2.1978378,-0.3998527,0.18843779
8.160935,-2.250543,-2.2103217,-0.42535284,0.1988949
8.185821,-2.2170866,-2.224329,-0.45085302,0.20935203
8.212634,-2.182073,-2.2399454,-0.43203336,0.21349135
8.238825,-2.1489558,-2.2552013,-0.4132137,0.21763065
8.264333,-2.1176956,-2.2700715,-0.39439404,0.22176997
8.289097,-2.0882514,-2.2845297,-0.38674885,0.17396647
8.3140335,-2.0594573,-2.2956867,-0.3791037,0.12616296
8.33897,-2.0313044,-2.303637,-0.3714585,0.07835945
8.363744,-2.0037794,-2.3084834,-0.35971695,0.108258404
8.387796,-1.9773152,-2.314961,-0.34797543,0.13815735
8.411142,-1.9519602,-2.3229482,-0.33623388,0.16805631
8.43379,-1.9277536,-2.3323216,-0.32383436,0.16212818
8.455843,-1.9046223,-2.3410337,-0.31143486,0.15620004
8.477264,-1.8825414,-2.3491085,-0.29903534,0.1502719
8.498022,-1.861487,-2.3565698,-0.2869376,0.15892304
8.518064,-1.8414607,-2.3641381,-0.27483982,0.16757418
8.537377,-1.8224517,-2.3717782,-0.26274204,0.17622532
8.555951,-1.804448,-2.3794553,-0.25004688,0.17409831
8.573765,-1.787444,-2.3866742,-0.23735172,0.17197132
8.590796,-1.7714199,-2.3934436,-0.22465655,0.16984433
8.607026,-1.7563568,-2.3997724,-0.21216346,0.1843249
8.622402,-1.7422652,-2.4062533,-0.19967037,0.19880548
8.636919,-1.7291343,-2.4128258,-0.18717729,0.21328606
8.650565,-1.7169517,-2.4194293,-0.16522643,0.23747313
8.662616,-1.7063366,-2.4259074,-0.14327556,0.26166022
8.67306,-1.6972558,-2.4320846,-0.12132468,0.28584728
8.681891,-1.6896727,-2.4377863,-0.09541867,0.32634506
8.688782,-1.6838238,-2.4428847,-0.06951266,0.36684284
8.69375,-1.6796501,-2.4470398,-0.043606643,0.40734062
8.696826,-1.6770874,-2.4499192,-0.014590468,0.48962066
8.697818,-1.6762661,-2.451063,0.014425705,0.5719007
8.696883,-1.6770388,-2.4497616,0.043441877,0.65418077
8.694228,-1.679238,-2.4453557,0.07331816,0.745405
8.690095,-1.6826931,-2.4370675,0.10319445,0.8366293
8.684827,-1.687171,-2.424299,0.13307074,0.9278535
8.678815,-1.6924155,-2.406549,0.16301297,0.9906707
8.672187,-1.6984076,-2.383825,0.19295521,1.0
8.664614,-1.7055731,-2.356764,0.22289746,1.0
8.656093,-1.714084,-2.3255038,0.25288796,0.9785415
8.646421,-1.7243679,-2.2905343,0.28287846,0.95708305
8.635683,-1.7366185,-2.2519913,0.31286895,0.93562454
8.623993,-1.7510387,-2.2100163,0.34286612,0.8393825
8.610332,-1.7694179,-2.1674876,0.37286332,0.7431405
8.594904,-1.7921293,-2.1254408,0.4028605,0.6468985
8.577974,-1.8194566,-2.0849726,0.43285742,0.547432
8.559796,-1.8516377,-2.0474224,0.46285433,0.44796553
8.540657,-1.8887066,-2.0140097,0.49285123,0.34849903
8.520792,-1.9305532,-1.9859592,0.5227466,0.25047737
8.500365,-1.9768945,-1.9643639,0.523,0.1524557
8.480541,-2.0246358,-1.9511263,0.523,0.054434042
8.461155,-2.0731266,-1.9463838,0.523,0.017520506
8.441974,-2.1217735,-1.9448568,0.523,-0.019393032
8.422867,-2.1704478,-1.946547,0.523,-0.05630657
8.403705,-2.2190218,-1.9514525,0.4941757,-0.0015384853
8.3853445,-2.264902,-1.9515792,0.46535143,0.0532296
8.368074,-2.308043,-1.9474528,0.43652713,0.107997686
8.352112,-2.3483992,-1.9396107,0.4067796,0.1646943
8.337646,-2.3858283,-1.9284954,0.37703207,0.2213909
8.324767,-2.420283,-1.9146968,0.34728453,0.2780875
8.313508,-2.451722,-1.8988076,0.31791097,0.23793273
8.303555,-2.4809701,-1.8863193,0.28853738,0.19777794
8.294775,-2.507865,-1.8768702,0.25916383,0.15762317
8.287063,-2.5322704,-1.8700899,0.23000267,0.0976022
8.2803135,-2.5541437,-1.8663545,0.2008415,0.037581246
8.274467,-2.5733433,-1.8650967,0.17168035,-0.022439713
8.269489,-2.5897691,-1.8657387,0.14235632,-0.08842794
8.2653675,-2.6033368,-1.8678341,0.11303229,-0.15441616
8.262098,-2.6140163,-1.8707315,0.08370826,-0.22040439
8.259685,-2.62182,-1.8737817,0.05386278,-0.240869
8.258124,-2.6268127,-1.875923,0.024017308,-0.2613336
8.257427,-2.6290257,-1.8769573,-0.005828165,-0.2817982
8.257596,-2.6284919,-1.8766872,-0.035771538,-0.2757393
8.258633,-2.6252096,-1.875064,-0.0657149,-0.26968044
8.26053,-2.6191666,-1.872146,-0.09565828,-0.26362154
8.263271,-2.6103473,-1.8679916,-0.1256227,-0.21108265
8.266869,-2.5986023,-1.8636049,-0.15558712,-0.15854377
8.271303,-2.5838928,-1.8595109,-0.18555154,-0.10600488
8.276556,-2.5662055,-1.8562387,-0.21548894,-0.035435937
8.28262,-2.5455415,-1.8549664,-0.24542634,0.035133004
8.289496,-2.5219977,-1.8564031,-0.27536374,0.105701946
8.297212,-2.4957242,-1.8612452,-0.3049064,0.18975213
8.305787,-2.467035,-1.8708302,-0.33444905,0.2738023
8.315303,-2.4362743,-1.8859024,-0.36399174,0.3578525
8.32587,-2.4038596,-1.9071512,-0.3898259,0.39132097
8.337763,-2.3698432,-1.9319319,-0.4156601,0.4247895
8.351145,-2.3344142,-1.9604827,-0.4414943,0.45825797
8.366186,-2.2977884,-1.9930346,-0.42726317,0.40812922
8.382257,-2.2620156,-2.0212975,-0.41303205,0.35800046
8.399101,-2.2271907,-2.0454187,-0.39880094,0.30787167
8.41647,-2.1933866,-2.0655603,-0.3885138,0.30770513
8.434051,-2.1608002,-2.085172,-0.37822667,0.3075386
8.451786,-2.1294167,-2.1042542,-0.36793953,0.30737203
8.46962,-2.09922,-2.122808,-0.3536817,0.3060891
8.487305,-2.070505,-2.1405706,-0.33942387,0.30480617
8.50477,-2.043242,-2.157548,-0.32516605,0.30352324
8.521951,-2.0174017,-2.1737456,-0.31280142,0.28011993
8.538998,-1.9926416,-2.1881592,-0.3004368,0.25671664
8.5558195,-1.9689466,-2.200873,-0.28807217,0.23331332
8.572333,-1.9463015,-2.2119734,-0.27859914,0.22949581
8.58856,-1.9245601,-2.2225363,-0.26912612,0.22567831
8.60447,-1.9037063,-2.2325733,-0.2596531,0.2218608
8.620036,-1.8837243,-2.242096,-0.24721253,0.22337598
8.635031,-1.8648483,-2.251223,-0.23477197,0.22489116
8.649428,-1.8470588,-2.2599487,-0.22233139,0.22640632
8.663205,-1.8303375,-2.268267,-0.2164662,0.23893093
8.676714,-1.8142173,-2.2768052,-0.21060102,0.25145555
8.689948,-1.7986956,-2.2855387,-0.20473583,0.26398015
8.702902,-1.7837683,-2.294442,-0.19147767,0.2757103
8.715101,-1.7699609,-2.3031297,-0.17821951,0.2874405
8.726528,-1.757252,-2.3115506,-0.16496135,0.29917067
8.737165,-1.7456192,-2.3196535,-0.14547992,0.31127426
8.746594,-1.7354753,-2.3270798,-0.12599847,0.32337785
8.754792,-1.7267854,-2.3337529,-0.10651703,0.33548144
8.761743,-1.7195156,-2.3395975,-0.082708634,0.36657122
8.767112,-1.7139659,-2.3445382,-0.05890024,0.397661
8.770906,-1.7100815,-2.3483398,-0.035091843,0.42875078
8.773146,-1.7078071,-2.3507712,-0.0063185142,0.5014633
8.773535,-1.7074132,-2.3512776,0.022454815,0.57417583
8.772208,-1.7087529,-2.3492448,0.051228143,0.6468883
8.769338,-1.7116635,-2.3440988,0.08110766,0.7345115
8.765134,-1.715971,-2.335039,0.11098718,0.8221347
8.759906,-1.7214246,-2.3214872,0.1408667,0.90975785
8.754006,-1.7277484,-2.302955,0.17081241,0.9683702
8.747537,-1.734947,-2.2794979,0.20075814,1.0
8.740477,-1.7431822,-2.2513425,0.23070386,1.0
8.732634,-1.7528703,-2.2189872,0.2606963,0.95195913
8.723503,-1.7649257,-2.1835954,0.29068875,0.90391827
8.713161,-1.7796342,-2.1455271,0.32068118,0.85587746
8.701734,-1.7972792,-2.105167,0.35067973,0.7589334
8.688775,-1.8191763,-2.064947,0.38067827,0.6619894
8.674534,-1.845611,-2.0259473,0.4106768,0.56504536
