5.1614757,-2.4455044,0.6803139,0.28371993,0.0
5.1835313,-2.4276574,0.6803139,0.25721154,0.085507825
5.203453,-2.411537,0.68397504,0.2307031,0.17101565
5.221073,-2.397172,0.6905187,0.20419468,0.25652346
5.2363,-2.3845916,0.69915336,0.17689598,0.32776266
5.2491183,-2.3738132,0.70864457,0.14959726,0.39900187
5.2595844,-2.3648422,0.718331,0.12229854,0.47024107
5.2677927,-2.357667,0.7275666,0.09362905,0.52584684
5.2738404,-2.3522813,0.73539937,0.06495955,0.58145267
5.277866,-2.3486395,0.74134576,0.036290057,0.6370585
5.2800174,-2.3466697,0.7449435,0.007859181,0.666533
5.280472,-2.3462508,0.74575335,-0.020571696,0.6960075
5.279312,-2.347322,0.74355507,-0.049002573,0.72548205
5.276613,-2.3498037,0.73813623,-0.07705017,0.73599833
5.272389,-2.3536465,0.72951525,-0.10509776,0.7465146
5.266638,-2.3587885,0.7176202,-0.13314536,0.7570309
5.2593465,-2.3651526,0.70238024,-0.16051167,0.736636
5.250271,-2.3728337,0.6844083,-0.18787798,0.716241
5.239291,-2.381793,0.6638496,-0.2152443,0.6958461
5.2262793,-2.391972,0.6408531,-0.24216877,0.6689574
5.2110515,-2.4033303,0.6158222,-0.26909325,0.6420688
5.19346,-2.4157784,0.5889643,-0.29601774,0.61518013
5.173358,-2.4292076,0.56049204,-0.32307863,0.57716244
5.150426,-2.4436004,0.5311108,-0.3501395,0.53914475
5.124518,-2.4588192,0.5011504,-0.3772004,0.50112706
5.0955043,-2.4747128,0.47094834,-0.40331277,0.45811245
5.063269,-2.4911256,0.44122043,-0.42942512,0.41509783
5.0277367,-2.5079064,0.41235736,-0.4555375,0.37208325
4.9888573,-2.5249138,0.38475507,-0.47824293,0.3661827
4.9474683,-2.541674,0.35621563,-0.50094837,0.36028215
4.9035325,-2.5580218,0.32678172,-0.523,0.35438162
4.857078,-2.5737667,0.29653397,-0.523,0.36222312
4.8103065,-2.5880575,0.2656461,-0.523,0.37006465
4.763257,-2.6008584,0.23412004,-0.523,0.37790614
4.715974,-2.6121352,0.2019577,-0.523,0.37690905
4.668333,-2.6218896,0.16987617,-0.523,0.37591192
4.620385,-2.630114,0.13787547,-0.523,0.37491482
4.57218,-2.636803,0.105955616,-0.523,0.37473
4.5237823,-2.6419501,0.07405076,-0.523,0.37454516
4.475241,-2.6455512,0.0421609,-0.523,0.37436032
4.4266067,-2.6476028,0.010286032,-0.523,0.37502787
4.3779445,-2.6481035,-0.021642983,-0.523,0.3756954
4.3293037,-2.6470506,-0.053626135,-0.523,0.37636295
4.280734,-2.6444435,-0.08566341,-0.523,0.3748448
4.232244,-2.6402795,-0.117577575,-0.523,0.37332663
4.1838827,-2.634567,-0.14936855,-0.523,0.37180847
4.135699,-2.6273158,-0.1810363,-0.523,0.37022534
4.087739,-2.6185372,-0.2125754,-0.523,0.3686422
4.040051,-2.6082444,-0.24398585,-0.523,0.36705908
3.9926805,-2.5964518,-0.2752675,-0.523,0.36648825
3.945692,-2.5831804,-0.30650276,-0.523,0.36591744
3.8991306,-2.5684447,-0.33769152,-0.523,0.3653466
3.8530412,-2.5522609,-0.3688338,-0.523,0.36459336
3.807465,-2.5346446,-0.39991477,-0.523,0.36384007
3.7624454,-2.5156152,-0.4309344,-0.523,0.3630868
3.7180247,-2.4951928,-0.46189263,-0.523,0.36089727
3.6742213,-2.473387,-0.49267238,-0.523,0.35870776
3.6310742,-2.4502246,-0.5232735,-0.523,0.35651827
3.5886214,-2.4257329,-0.55369586,-0.523,0.35367033
3.5468888,-2.3999338,-0.58388543,-0.523,0.3508224
3.5059114,-2.3728583,-0.61384207,-0.523,0.34797445
3.4657216,-2.3445385,-0.6435654,-0.523,0.34045365
3.426285,-2.3149571,-0.6726716,-0.523,0.3329329
3.3876243,-2.2841594,-0.7011591,-0.523,0.32541212
3.3497593,-2.2521913,-0.72902626,-0.523,0.31844178
3.3127139,-2.2191036,-0.75631696,-0.523,0.31147146
3.2765028,-2.1849396,-0.78303003,-0.523,0.30450112
3.2411392,-2.1497428,-0.8091641,-0.523,0.29804078
3.2066379,-2.1135616,-0.8347604,-0.523,0.29158047
3.173008,-2.0764363,-0.8598179,-0.523,0.28512013
3.1402562,-2.0384073,-0.8843355,-0.523,0.2775836
3.1083772,-1.9995021,-0.908222,-0.523,0.2700471
3.077371,-1.9597625,-0.93147606,-0.523,0.26251057
3.047235,-1.9192295,-0.9540963,-0.523,0.25038567
3.0179307,-1.877894,-0.9756943,-0.523,0.23826078
2.98944,-1.8358084,-0.9962667,-0.523,0.22613588
2.9617417,-1.793023,-1.0158107,-0.52226263,0.21405485
2.9348502,-1.7496486,-1.0343009,-0.5215253,0.20197383
2.9087355,-1.7057344,-1.0517375,-0.52078795,0.1898928
2.8833654,-1.6613278,-1.068121,-0.5199513,0.18137205
2.8587265,-1.6165121,-1.0837524,-0.5191146,0.17285128
2.8347933,-1.5713205,-1.0986329,-0.5182779,0.16433053
2.811539,-1.5257852,-1.1127639,-0.51802486,0.15849991
2.7889197,-1.4799047,-1.1263912,-0.5177718,0.15266931
2.7669187,-1.4337006,-1.1395147,-0.51751876,0.1468387
2.7455173,-1.3871934,-1.1521345,-0.5175582,0.14314185
2.7246916,-1.3403913,-1.1644398,-0.51759773,0.139445
2.7044315,-1.2933079,-1.1764302,-0.51763725,0.13574815
2.6847255,-1.2459573,-1.1881057,-0.5179686,0.13492635
2.6655595,-1.1983439,-1.1997184,-0.51829994,0.13410453
2.6469338,-1.1504753,-1.2112681,-0.5186313,0.13328272
2.6288483,-1.1023587,-1.2227547,-0.51958585,0.13281362
2.6112835,-1.0539455,-1.2342223,-0.5205405,0.13234451
2.5942428,-1.0052419,-1.2456706,-0.5214951,0.1318754
2.5777295,-0.9562535,-1.2570994,-0.523,0.13663411
2.5617414,-0.9069694,-1.2689724,-0.523,0.14139283
2.5463495,-0.85753196,-1.2812561,-0.523,0.14615154
2.5315764,-0.8079433,-1.2939503,-0.523,0.14909506
2.5174403,-0.7581929,-1.3068984,-0.523,0.15203857
2.5039554,-0.7082859,-1.3201001,-0.523,0.15498209
2.4911366,-0.65822804,-1.3335553,-0.523,0.15635219
2.4789948,-0.6080131,-1.3471285,-0.523,0.1577223
2.467538,-0.55764884,-1.3608197,-0.523,0.15909238
2.4567747,-0.50714356,-1.3746289,-0.523,0.16508363
2.4467194,-0.456544,-1.3889533,-0.523,0.17107487
2.4373994,-0.4058572,-1.4037927,-0.523,0.17706612
2.4288416,-0.35509118,-1.4191465,-0.523,0.18560365
2.4210763,-0.30427936,-1.4352323,-0.523,0.19414118
2.4141407,-0.2534327,-1.4520488,-0.523,0.20267871
2.4080718,-0.202564,-1.4695948,-0.523,0.20922592
2.402903,-0.15166633,-1.4876996,-0.523,0.21577314
2.3986628,-0.10075538,-1.5063622,-0.523,0.22232035
2.395378,-0.04984842,-1.525582,-0.523,0.22636677
2.3930745,0.0010652292,-1.5451455,-0.523,0.2304132
2.3917685,0.051966302,-1.5650526,-0.523,0.23445964
2.3914764,0.10283454,-1.585303,-0.523,0.23475909
2.3922143,0.15369461,-1.6055787,-0.523,0.23505855
2.393983,0.20452563,-1.6258798,-0.523,0.235358
2.396783,0.25530663,-1.6462063,-0.523,0.23379937
2.400616,0.30603912,-1.6664007,-0.523,0.23224074
2.4054744,0.35670263,-1.6864628,-0.523,0.2306821
2.4113505,0.40727702,-1.7063928,-0.523,0.22834122
2.418237,0.45775187,-1.7261239,-0.523,0.22600035
2.4261222,0.50810826,-1.7456564,-0.523,0.22365949
2.4349942,0.5583279,-1.7649899,-0.523,0.21947527
2.4448447,0.6084139,-1.7839676,-0.523,0.21529107
2.455654,0.65835,-1.8025892,-0.523,0.21110685
2.4674017,0.7081213,-1.8208543,-0.523,0.20377089
2.480076,0.7577462,-1.8384936,-0.523,0.19643493
2.493644,0.8072135,-1.8555063,-0.523,0.18909897
2.5080721,0.85651326,-1.8718914,-0.523,0.1820473
2.5233262,0.90563506,-1.8876723,-0.523,0.1749956
2.5393739,0.9545722,-1.9028484,-0.523,0.16794392
2.556183,1.0033197,-1.9174187,-0.523,0.15994148
2.5737238,1.0518813,-1.931301,-0.523,0.15193903
2.59196,1.1002557,-1.9444941,-0.523,0.14393657
2.610855,1.1484426,-1.9569973,-0.523,0.13635251
2.6303723,1.1964409,-1.9688458,-0.523,0.12876844
2.650477,1.2442528,-1.9800392,-0.523,0.12118439
2.6711352,1.2918822,-1.9905766,-0.523,0.116956286
2.692305,1.3393152,-2.0007482,-0.523,0.11272819
2.7139666,1.3865533,-2.0105534,-0.523,0.10850009
2.736101,1.433599,-2.0199924,-0.523,0.103950545
2.7586892,1.4804564,-2.0290372,-0.523,0.09940099
2.7817109,1.527129,-2.0376873,-0.523,0.09485144
2.805146,1.5736216,-2.0459428,-0.523,0.099190764
2.828954,1.6198995,-2.0545747,-0.523,0.103530094
2.85315,1.6659498,-2.0635831,-0.523,0.10786942
2.8777483,1.7117593,-2.0729675,-0.523,0.10527332
2.9027824,1.7573485,-2.0821269,-0.523,0.10267722
2.92824,1.8027189,-2.091061,-0.523,0.10008112
2.954109,1.8478718,-2.0997703,-0.523,0.097142294
2.9803774,1.8928108,-2.1082246,-0.523,0.09420346
3.0070326,1.9375389,-2.1164238,-0.523,0.09126463
3.034061,1.9820589,-2.124368,-0.523,0.08194206
3.0614643,2.0263987,-2.1315026,-0.523,0.07261948
3.0892034,2.0705738,-2.1378272,-0.523,0.063296914
3.117239,2.1146004,-2.1433408,-0.523,0.057035886
3.1455276,2.1584885,-2.1483097,-0.523,0.05077486
3.1740437,2.2022502,-2.1527338,-0.523,0.044513833
3.2027617,2.2458982,-2.1566126,-0.523,0.044444937
3.2316487,2.2894347,-2.1604855,-0.523,0.044376038
3.260704,2.3328593,-2.1643522,-0.523,0.044307142
3.2899275,2.376171,-2.1682131,-0.523,0.04426036
3.3193178,2.41937,-2.1720698,-0.523,0.044213574
3.3488748,2.4624553,-2.1759226,-0.523,0.044166792
3.3785973,2.5054264,-2.1797712,-0.5038436,0.055351876
3.4073744,2.54669,-2.184417,-0.4846872,0.06653696
3.4352224,2.5862288,-2.1897879,-0.4655308,0.07772205
3.4621518,2.6240304,-2.1958122,-0.44088227,0.09828581
3.4878237,2.6596112,-2.2030227,-0.41623372,0.11884956
3.512247,2.6929524,-2.2112482,-0.39158514,0.13941333
3.5354197,2.7240462,-2.2203174,-0.36388063,0.15982515
3.5571468,2.7526553,-2.229969,-0.33617613,0.18023697
3.5774028,2.7787995,-2.240013,-0.30847162,0.2006488
3.5961556,2.8025079,-2.2502596,-0.28124186,0.21109933
3.6134357,2.8239002,-2.2600813,-0.2540121,0.22154985
3.6291957,2.8430233,-2.2693841,-0.22678234,0.23200038
3.6433902,2.8599238,-2.2780747,-0.21556172,0.2523235
3.6569533,2.8757906,-2.287044,-0.2043411,0.27264664
3.669874,2.8906343,-2.2962148,-0.19312048,0.29296976
3.6821404,2.9044683,-2.3055103,-0.1797141,0.3033155
3.693638,2.9171946,-2.3144567,-0.1663077,0.31366125
3.7043476,2.9288378,-2.3230088,-0.15290132,0.32400697
3.714251,2.9394212,-2.331122,-0.14433947,0.30913872
3.7237267,2.9493845,-2.338441,-0.13577762,0.29427046
3.7327504,2.9587343,-2.3450043,-0.12721577,0.27940217
3.7412999,2.9674773,-2.3508518,-0.13166282,0.266243
3.7502337,2.976507,-2.3566253,-0.13610986,0.25308385
3.7595556,2.9858208,-2.3623054,-0.14055689,0.2399247
3.7692685,2.995416,-2.3678722,-0.1391521,0.22476076
3.778972,3.0048952,-2.373041,-0.13774732,0.20959681
3.7886581,3.0142605,-2.3778179,-0.13634253,0.19443287
3.7983196,3.0235128,-2.382208,-0.13791057,0.17514506
3.8081686,3.0328624,-2.3862133,-0.13947862,0.15585724
3.8181999,3.0423088,-2.3898218,-0.14104666,0.13656943
3.828407,3.0518515,-2.3930223,-0.13858782,0.11372381
3.8384953,3.0612228,-2.3956435,-0.13612898,0.09087819
3.8484519,3.0704234,-2.3977025,-0.13367012,0.06803257
3.8582652,3.079454,-2.399217,-0.12658954,0.069810756
3.8675704,3.087991,-2.4006886,-0.11950895,0.07158894
3.876366,3.0960367,-2.4021134,-0.11242836,0.07336713
3.88465,3.1035929,-2.403487,-0.10757815,0.09911459
3.8925688,3.1107962,-2.405261,-0.10272794,0.12486206
3.9001212,3.1176414,-2.4073932,-0.09787773,0.15060952
3.907305,3.124125,-2.4098408,-0.0974874,0.1494576
3.9144773,3.1305661,-2.4122603,-0.09709706,0.14830568
3.9216375,3.1369655,-2.4146514,-0.096706726,0.14715376
3.9287856,3.143323,-2.4170148,-0.09565337,0.15521963
3.9358618,3.149587,-2.4194794,-0.09460001,0.1632855
3.942866,3.1557565,-2.4220424,-0.09354665,0.17135137
3.9497988,3.1618314,-2.424701,-0.094739586,0.18219054
3.9568226,3.1679533,-2.4275618,-0.09593251,0.19302972
3.9639378,3.174119,-2.430629,-0.09712544,0.2038689
3.971145,3.1803257,-2.4339063,-0.10052013,0.2203752
3.9785984,3.1867023,-2.4375684,-0.10391481,0.2368815
3.986298,3.193241,-2.4416327,-0.1073095,0.2533878
3.9942436,3.1999328,-2.4461162,-0.11470655,0.28399086
4.0026975,3.2069883,-2.451473,-0.12210361,0.3145939
4.0116515,3.2143803,-2.45777,-0.12950066,0.34519696
4.021098,3.222079,-2.4650733,-0.14065273,0.3751811
4.0313025,3.2302723,-2.4736636,-0.15180482,0.40516528
4.042256,3.2389133,-2.4836364,-0.1629569,0.43514946
4.053948,3.2479496,-2.4950855,-0.1708485,0.41765603
4.066413,3.257357,-2.5066352,-0.17874013,0.40016264
4.079666,3.267121,-2.5182405,-0.18663175,0.38266924
4.0937233,3.2772279,-2.5298553,-0.1915035,0.35913435
4.108401,3.2875242,-2.541073,-0.19637524,0.33559948
4.1236987,3.2980018,-2.5518517,-0.20124698,0.3120646
4.139616,3.3086534,-2.5621498,-0.19953316,0.2821104
4.1556525,3.319147,-2.5714076,-0.19781934,0.2521562
4.171778,3.3294876,-2.5796332,-0.19610552,0.222202
