-2.7652059,5.7875166,2.5593646,0.79636854,0.0
-2.8317218,5.831308,2.5593646,0.523,0.047103025
-2.8753562,5.860035,2.563469,0.49413154,0.09420605
-2.916556,5.886917,2.5712159,0.4652631,0.14130907
-2.9553266,5.9117885,2.5821369,0.436791,0.16049625
-2.9918706,5.9346724,2.5937707,0.4083189,0.17968342
-3.0261662,5.9555964,2.6059332,0.3798468,0.1988706
-3.0581865,5.9746017,2.6184404,0.3511406,0.22587368
-3.0878315,5.9916997,2.6315472,0.32243437,0.25287676
-3.115076,6.006941,2.644992,0.29372814,0.27987987
-3.139896,6.0203905,2.6585155,0.26490623,0.29913113
-3.1623135,6.0321493,2.6715262,0.23608428,0.3183824
-3.1823034,6.0423055,2.6838431,0.20726235,0.33763367
-3.1998463,6.0509477,2.695286,0.17854902,0.35448107
-3.2149508,6.0581756,2.705615,0.14983568,0.37132847
-3.2276073,6.0640717,2.7146766,0.12112235,0.38817587
-3.237812,6.0687137,2.7223175,0.09258582,0.40487456
-3.245585,6.0721784,2.7283957,0.06404928,0.42157328
-3.2509372,6.074525,2.7327638,0.035512745,0.438272
-3.253888,6.0758033,2.7352755,0.006738753,0.4385741
-3.2544484,6.076044,2.7357526,-0.02203524,0.43887624
-3.2526157,6.075257,2.734192,-0.050809234,0.43917835
-3.2483933,6.073435,2.7305913,-0.07915891,0.43675387
-3.241818,6.070569,2.7250106,-0.107508585,0.43432936
-3.2328992,6.0666227,2.7174706,-0.13585827,0.43190485
-3.2216542,6.0615454,2.7079923,-0.16342814,0.41638693
-3.208091,6.0552654,2.6969755,-0.190998,0.400869
-3.192215,6.047702,2.6845539,-0.21856788,0.38535112
-3.1740398,6.038764,2.670861,-0.2449532,0.3666484
-3.1536598,6.028393,2.6562254,-0.27133852,0.3479457
-3.131098,6.0164924,2.640806,-0.29772383,0.32924297
-3.1063843,6.002966,2.6247623,-0.3215318,0.29655242
-3.0796509,5.987772,2.6091022,-0.34533978,0.26386186
-3.0509279,5.970846,2.594091,-0.36914775,0.2311713
-3.0202475,5.9521413,2.5799947,-0.38747215,0.2293288
-2.9883103,5.9320474,2.5653143,-0.40579656,0.2274863
-2.955161,5.910505,2.5500612,-0.42412096,0.2256438
-2.920848,5.887454,2.534246,-0.43766546,0.2491714
-2.886018,5.863248,2.516258,-0.45120993,0.27269903
-2.8507874,5.8378115,2.4960039,-0.46475443,0.29622662
-2.815282,5.8110666,2.4733925,-0.4772644,0.32027844
-2.7797248,5.7830005,2.4483495,-0.48977435,0.34433022
-2.744264,5.753539,2.4207942,-0.50228435,0.36838204
-2.70906,5.7226133,2.3906484,-0.51328987,0.38052723
-2.6742203,5.6900954,2.3588748,-0.523,0.39267242
-2.6399617,5.6560197,2.3255198,-0.523,0.4048176
-2.6070278,5.621001,2.291189,-0.523,0.40004084
-2.5752504,5.5847983,2.2572415,-0.523,0.3952641
-2.5446591,5.5474634,2.2236779,-0.523,0.3904873
-2.5152795,5.5090466,2.1904988,-0.523,0.37907776
-2.4870605,5.4694943,2.1582415,-0.523,0.36766824
-2.4600112,5.428871,2.1269102,-0.523,0.3562587
-2.4341362,5.3872414,2.0965092,-0.523,0.3434536
-2.4094234,5.3446455,2.0671566,-0.523,0.3306485
-2.3858657,5.3011484,2.0388572,-0.523,0.3178434
-2.3634522,5.256811,2.011616,-0.5224697,0.30931413
-2.3422172,5.2118015,1.985109,-0.52193934,0.3007849
-2.3221493,5.1661687,1.9593365,-0.52140903,0.2922556
-2.303234,5.1199603,1.9342991,-0.51982546,0.2791852
-2.2854671,5.0732555,1.9104241,-0.5182419,0.26611483
-2.2688105,5.0261116,1.8877091,-0.51665825,0.25304446
-2.2532222,4.978582,1.8661513,-0.5171101,0.24190128
-2.2386086,4.9305506,1.8455058,-0.517562,0.23075812
-2.224941,4.8820553,1.8257767,-0.51801383,0.21961495
-2.212189,4.8331327,1.8069682,-0.52001894,0.20781748
-2.2002833,4.7836623,1.7890861,-0.52202404,0.19602002
-2.189195,4.7336745,1.7721405,-0.523,0.18422255
-2.1789126,4.6832986,1.7561731,-0.523,0.1719565
-2.169415,4.6326528,1.741258,-0.523,0.15969042
-2.1606557,4.581766,1.7273974,-0.523,0.14742437
-2.1525874,4.530667,1.7145934,-0.523,0.139115
-2.1451652,4.4794064,1.7025063,-0.523,0.13080564
-2.1383553,4.4280024,1.691137,-0.523,0.12249629
-2.1321237,4.3764696,1.680486,-0.523,0.114576444
-2.126436,4.324825,1.6705205,-0.523,0.1066566
-2.1212587,4.2730803,1.6612413,-0.523,0.09873676
-2.1165578,4.221248,1.6526487,-0.523,0.09242895
-2.1123,4.1693454,1.6446035,-0.523,0.08612114
-2.1084576,4.117381,1.6371058,-0.523,0.07981333
-2.105003,4.0653625,1.6301562,-0.523,0.07324875
-2.101909,4.013294,1.623777,-0.523,0.06668417
-2.0991454,3.9611838,1.6179687,-0.523,0.060119588
-2.0966837,3.9090364,1.6127315,-0.523,0.054719962
-2.0944943,3.8568606,1.607964,-0.523,0.049320333
-2.0925534,3.8046603,1.6036667,-0.523,0.043920707
-2.0908363,3.752439,1.5998396,-0.523,0.037537336
-2.0893185,3.700198,1.5965683,-0.523,0.031153966
-2.0879714,3.6479406,1.5938531,-0.523,0.024770593
-2.086766,3.5956705,1.5916942,-0.523,0.021582495
-2.0856733,3.543394,1.5898131,-0.523,0.0183944
-2.0846791,3.4911125,1.5882097,-0.523,0.015206302
-2.0837684,3.4388263,1.5868844,-0.523,0.010776472
-2.0829272,3.3865361,1.585945,-0.523,0.006346643
-2.082135,3.3342433,1.5853918,-0.523,0.0019168139
-2.0813715,3.2819488,1.5852247,-0.523,0.00084783434
-2.080617,3.2296543,1.5851508,-0.523,-0.00022114515
-2.0798664,3.1773598,1.5851701,-0.523,-0.0012901246
-2.0791147,3.125065,1.5852826,-0.523,-0.0035965324
-2.078357,3.072771,1.5855961,-0.523,-0.00590294
-2.077583,3.0204778,1.5861106,-0.523,-0.008209348
-2.0767822,2.9681857,1.5868262,-0.523,-0.0016818047
-2.0759437,2.9158924,1.5869727,-0.523,0.0048457384
-2.0750978,2.8635998,1.5865504,-0.523,0.0113732815
-2.074274,2.8113096,1.585559,-0.5042688,0.021003056
-2.0735297,2.7608993,1.583794,-0.48553765,0.03063283
-2.0728989,2.7123725,1.5813154,-0.46680644,0.040262602
-2.0724084,2.6657324,1.5781838,-0.4395466,0.07288436
-2.0720844,2.6218956,1.5728492,-0.4122868,0.10550611
-2.0720003,2.5808961,1.5656128,-0.38502696,0.13812786
-2.072198,2.5427606,1.5567771,-0.356897,0.17158295
-2.072691,2.5075986,1.546621,-0.32876703,0.20503804
-2.0734692,2.47542,1.5354645,-0.30063707,0.23849311
-2.074501,2.4462254,1.5236275,-0.27247986,0.2506623
-2.0757456,2.4198582,1.512363,-0.24432266,0.26283145
-2.0771234,2.3963053,1.5017831,-0.21616545,0.27500063
-2.0785582,2.3755505,1.492,-0.19056936,0.2858336
-2.0799973,2.3573236,1.4830445,-0.16497327,0.29666653
-2.08138,2.3416076,1.4750067,-0.13937718,0.3074995
-2.0826504,2.3283846,1.4679756,-0.12369506,0.31246012
-2.0838585,2.3166761,1.4616383,-0.108012944,0.31742075
-2.0849764,2.3064756,1.4560195,-0.09233082,0.32238138
-2.0859795,2.2977757,1.4511441,-0.09150722,0.31036493
-2.0870197,2.2891245,1.4464862,-0.09068361,0.29834846
-2.0880942,2.2805235,1.4420437,-0.08986001,0.28633198
-2.0892012,2.2719748,1.4378136,-0.08943019,0.2747672
-2.0903423,2.2634432,1.4337696,-0.089000374,0.2632024
-2.0915163,2.2549303,1.4299103,-0.08857056,0.25163758
-2.0927207,2.246437,1.4262348,-0.08830495,0.24074595
-2.0939562,2.2379508,1.4227258,-0.08803934,0.22985432
-2.0952208,2.2294722,1.4193827,-0.087773725,0.21896267
-2.0965133,2.2210023,1.416205,-0.08745592,0.2061914
-2.0978312,2.2125442,1.4132208,-0.08713811,0.19342014
-2.0991733,2.204099,1.4104292,-0.0868203,0.1806489
-2.100537,2.1956677,1.4078294,-0.08669976,0.16764839
-2.101924,2.1872325,1.4054183,-0.086579226,0.15464789
-2.1033323,2.1787946,1.4031956,-0.08645868,0.14164738
-2.1047602,2.1703553,1.4011613,-0.08610891,0.13234457
-2.1062012,2.1619422,1.3992676,-0.08575913,0.12304175
-2.1076539,2.153556,1.3975133,-0.08540936,0.11373893
-2.109117,2.1451974,1.3958977,-0.08424603,0.10337951
-2.110575,2.1369455,1.3944488,-0.0830827,0.0930201
-2.1120262,2.1288016,1.3931625,-0.081919365,0.082660675
-2.113469,2.120766,1.3920352,-0.08105986,0.07142105
-2.1149065,2.1128097,1.3910712,-0.080200344,0.060181428
-2.1163375,2.104933,1.3902673,-0.07934083,0.048941802
-2.1177604,2.0971372,1.3896203,-0.078052565,0.04044109
-2.1191657,2.0894659,1.3890944,-0.0767643,0.03194038
-2.120552,2.0819197,1.3886858,-0.075476035,0.023439664
-2.1219187,2.074499,1.3883909,-0.07483296,0.020349968
-2.1232758,2.0671413,1.3881371,-0.07418988,0.017260272
-2.1246233,2.0598469,1.3879237,-0.0735468,0.014170575
-2.1259606,2.0526156,1.38775,-0.07251839,0.01094014
-2.1272805,2.0454853,1.3876178,-0.07148999,0.0077097057
-2.1285827,2.0384562,1.3875259,-0.070461586,0.0044792714
-2.1298668,2.031528,1.3874733,-0.06929788,0.003930676
-2.1311302,2.0247145,1.3874279,-0.06813418,0.0033820807
-2.1323726,2.0180151,1.3873895,-0.06697048,0.0028334856
-2.133594,2.0114305,1.387358,-0.06626608,0.004848206
-2.1348028,2.0049152,1.3873044,-0.06556169,0.0068629263
-2.135999,1.9984692,1.3872294,-0.06485729,0.008877647
-2.1371827,1.9920927,1.3871335,-0.06704293,0.014459359
-2.138407,1.9855019,1.3869718,-0.069228575,0.020041073
-2.1396723,1.9786971,1.3867407,-0.071414225,0.025622785
-2.1409788,1.9716785,1.3864357,-0.07693023,0.043871105
-2.1423879,1.9641231,1.3858734,-0.08244624,0.062119424
-2.1439009,1.9560348,1.3850204,-0.08796225,0.080367744
-2.1455202,1.9474177,1.3838434,-0.09710924,0.11530588
-2.147313,1.9379394,1.3819814,-0.10625623,0.15024401
-2.149285,1.9276202,1.3793306,-0.11540323,0.18518214
-2.1514437,1.9164845,1.3757892,-0.122205995,0.20600209
-2.1537616,1.904749,1.371623,-0.12900876,0.22682205
-2.1562488,1.8924271,1.3667877,-0.13581152,0.247642
-2.1589165,1.8795333,1.3612393,-0.13864212,0.25202996
-2.1617093,1.8664008,1.3554772,-0.14147271,0.25641793
-2.1646333,1.8530321,1.3494972,-0.1443033,0.26080588
-2.1676936,1.8394297,1.3432956,-0.14494455,0.254896
-2.170857,1.825765,1.3372043,-0.14558579,0.2489861
-2.174123,1.8120387,1.3312252,-0.14622702,0.24307619
-2.1774907,1.7982512,1.3253592,-0.14494233,0.23937893
-2.1809123,1.7845922,1.3196316,-0.14365764,0.23568167
-2.1843839,1.7710619,1.3140408,-0.14237294,0.2319844
-2.1879025,1.7576602,1.3085853,-0.14068013,0.22816452
-2.1914546,1.7444252,1.3032819,-0.13898732,0.22434464
-2.1950364,1.7313566,1.2981285,-0.1372945,0.22052477
