3.1257432,-1.483603,-1.2127105,0.5858346,0.0
3.1462755,-1.5384704,-1.2127105,0.523,0.06997508
3.164561,-1.5873332,-1.206616,0.49628526,0.13995016
3.182065,-1.6332535,-1.1950779,0.4695705,0.20992523
3.1989172,-1.675976,-1.1787692,0.44129014,0.26869953
3.2151723,-1.7152939,-1.1592437,0.4130098,0.32747382
3.230816,-1.7511348,-1.1371028,0.38472944,0.3862481
3.2457922,-1.7834738,-1.1129472,0.35634208,0.44172356
3.2600315,-1.81237,-1.0875579,0.3279547,0.497199
3.2734249,-1.837894,-1.0614874,0.29956734,0.5526745
3.2858565,-1.8601549,-1.035277,0.27158916,0.59592134
3.2973263,-1.8794857,-1.0098711,0.24361098,0.6391682
3.3077276,-1.8960416,-0.985651,0.2156328,0.68241507
3.31697,-1.9099917,-0.9629855,0.18792634,0.699629
3.325181,-1.9217947,-0.9428168,0.16021988,0.7168429
3.3322773,-1.9315689,-0.9252725,0.13251342,0.7340568
3.3381965,-1.9394279,-0.9104777,0.10541236,0.7222607
3.3430476,-1.9456745,-0.8988633,0.0783113,0.71046466
3.346743,-1.9503205,-0.89035106,0.05121025,0.6986686
3.34921,-1.9533684,-0.88486135,0.024489127,0.66323805
3.3504324,-1.9548618,-0.8823485,-0.0022319963,0.62780756
3.3503177,-1.9547222,-0.8825669,-0.028953118,0.59237707
3.348792,-1.952867,-0.8852612,-0.05456217,0.55217475
3.345851,-1.9492711,-0.8900312,-0.08017122,0.5119725
3.3414521,-1.9438399,-0.8965772,-0.10578027,0.47177023
3.3355699,-1.9364791,-0.90458935,-0.12870057,0.4345051
3.328355,-1.9273012,-0.91361904,-0.15162085,0.39723995
3.319814,-1.9162318,-0.92339545,-0.17454113,0.35997483
3.3099618,-1.9032018,-0.93364245,-0.19279675,0.32747903
3.2991018,-1.8885285,-0.9439782,-0.21105237,0.29498327
3.2872567,-1.8721737,-0.95420456,-0.229308,0.26248747
3.274451,-1.8541063,-0.96412146,-0.24248365,0.24145213
3.261027,-1.8347629,-0.973785,-0.2556593,0.22041678
3.2470024,-1.814131,-0.983101,-0.26883498,0.19938144
3.2323923,-1.7922012,-0.9919754,-0.27860153,0.19122188
3.2174294,-1.7693044,-1.0008005,-0.28836808,0.18306231
3.2021284,-1.7454323,-1.0095497,-0.29813465,0.17490275
3.1865025,-1.7205775,-1.0181962,-0.30397585,0.18127988
3.170808,-1.6951281,-1.0273302,-0.30981705,0.187657
3.1550686,-1.6690757,-1.0369632,-0.3156582,0.19403413
3.1393082,-1.6424118,-1.0471073,-0.318933,0.20232855
3.1236844,-1.6153562,-1.057789,-0.3222078,0.21062297
3.1082199,-1.5879036,-1.0690163,-0.3254826,0.21891737
3.0929382,-1.5600487,-1.0807973,-0.3273065,0.22607942
3.0779264,-1.5319042,-1.0930254,-0.32913038,0.23324147
3.0632026,-1.5034682,-1.1057042,-0.33095428,0.24040352
3.0487862,-1.4747387,-1.1188372,-0.33208135,0.24643868
3.0347214,-1.4457675,-1.1323392,-0.3332084,0.25247386
3.0210238,-1.416555,-1.1462117,-0.33433548,0.25850904
3.0077085,-1.3871024,-1.1604567,-0.33546317,0.26298594
2.9947865,-1.3573985,-1.1749915,-0.33659086,0.26746285
2.9822705,-1.3274459,-1.1898174,-0.33771855,0.27193975
2.9701746,-1.2972475,-1.204936,-0.33918008,0.27621102
2.9585004,-1.2667749,-1.2203524,-0.34064162,0.28048232
2.9472625,-1.2360314,-1.2360685,-0.34210315,0.2847536
2.9364767,-1.2050209,-1.2520858,-0.3438486,0.28873295
2.9261484,-1.1737194,-1.2684035,-0.34559405,0.2927123
2.916294,-1.1421313,-1.2850238,-0.34733948,0.29669163
2.9069304,-1.110262,-1.3019483,-0.3497209,0.2985312
2.898052,-1.0780375,-1.3190914,-0.35210228,0.30037078
2.8896754,-1.0454636,-1.3364545,-0.3544837,0.30221036
2.8818173,-1.0125467,-1.3540387,-0.3574747,0.30069113
2.8744743,-0.9792021,-1.3716849,-0.36046574,0.2991719
2.867661,-0.94543725,-1.3893915,-0.3634568,0.29765266
2.861392,-0.9112599,-1.4071571,-0.36657223,0.29426447
2.855677,-0.87664706,-1.4248769,-0.36968768,0.29087627
2.8505275,-0.8416076,-1.4425476,-0.37280312,0.28748807
2.8459551,-0.8061509,-1.4601653,-0.37626183,0.2841936
2.8419676,-0.7702548,-1.4777482,-0.3797205,0.2808991
2.8385777,-0.7339288,-1.4952925,-0.3831792,0.2776046
2.835798,-0.6971829,-1.5127944,-0.387056,0.27394217
2.833638,-0.6599832,-1.530246,-0.39093283,0.27027974
2.8321106,-0.62234014,-1.5476426,-0.39480963,0.26661727
2.8312287,-0.58426434,-1.5649793,-0.3990186,0.2620879
2.8310046,-0.5457257,-1.5822101,-0.4032275,0.25755855
2.8314497,-0.50673556,-1.5993285,-0.40743646,0.2530292
2.832575,-0.46730533,-1.616328,-0.4127542,0.24579763
2.8343973,-0.427312,-1.6330673,-0.41807196,0.23856607
2.8369253,-0.3867676,-1.6495329,-0.42338967,0.23133452
2.8401668,-0.34568417,-1.6657119,-0.4304101,0.22195111
2.8441458,-0.30388793,-1.681503,-0.43743047,0.2125677
2.8488698,-0.2613912,-1.6968839,-0.44445086,0.20318429
2.854344,-0.21820596,-1.7118315,-0.4508718,0.19065778
2.8605669,-0.17437533,-1.7260718,-0.45729277,0.17813127
2.8675272,-0.12991111,-1.7395766,-0.4637137,0.16560476
2.87521,-0.084824055,-1.752317,-0.46607387,0.1420987
2.883539,-0.039444454,-1.763318,-0.46843404,0.11859263
2.892439,0.006210567,-1.7725551,-0.4707942,0.09508656
2.9018307,0.052126653,-1.7800049,-0.4725314,0.07700161
2.9116154,0.0982125,-1.7860632,-0.47426865,0.05891665
2.9217286,0.14446434,-1.7907175,-0.47600585,0.040831696
2.932104,0.19087973,-1.7939559,-0.47587386,0.029906023
2.942631,0.23726633,-1.7963276,-0.47574183,0.018980348
2.9532678,0.28362736,-1.7978324,-0.4756098,0.008054674
2.963973,0.32996634,-1.7984709,-0.47423586,0.0034548163
2.974677,0.37616584,-1.798744,-0.47286192,-0.001145041
2.9853628,0.4222288,-1.7986537,-0.47148797,-0.005744898
2.996013,0.46815816,-1.7982023,-0.46947277,-0.009400177
3.0065968,0.51389474,-1.7974668,-0.46745756,-0.013055456
3.0171013,0.55944085,-1.7964497,-0.46544236,-0.016710734
3.027514,0.6047988,-1.7951534,-0.4640056,-0.018444717
3.0378354,0.6500287,-1.793727,-0.46256882,-0.0201787
3.0480602,0.6951317,-1.7921715,-0.46113205,-0.021912683
3.0581827,0.7401088,-1.7904875,-0.45986587,-0.0245651
3.0682015,0.78497654,-1.788605,-0.4585997,-0.027217519
3.0781078,0.8297364,-1.7865249,-0.45733353,-0.029869938
3.087893,0.87438977,-1.7842485,-0.45610657,-0.03181207
3.0975502,0.91894275,-1.7818305,-0.45487958,-0.033754207
3.107073,0.96339625,-1.7792721,-0.45365262,-0.03569634
3.1164563,1.007751,-1.7765737,-0.45248643,-0.037121914
3.1256955,1.0520145,-1.7737747,-0.45132023,-0.038547494
3.1347868,1.0961871,-1.7708759,-0.45015404,-0.03997307
3.1437263,1.1402693,-1.7678777,-0.4490948,-0.04092396
3.1525126,1.1842725,-1.7648154,-0.4480356,-0.04187485
3.1611433,1.2281969,-1.7616894,-0.4469764,-0.04282574
3.1696162,1.2720424,-1.7585001,-0.44688016,-0.04281935
3.1779475,1.3159052,-1.7553118,-0.44678393,-0.042812962
3.1861372,1.359785,-1.7521248,-0.4466877,-0.042806573
3.1941853,1.4036812,-1.7489389,-0.44731206,-0.041429035
3.202105,1.4476666,-1.7458513,-0.44793642,-0.0400515
3.2099001,1.4917403,-1.742862,-0.44856074,-0.038673967
3.2175746,1.535901,-1.7399714,-0.45045254,-0.037202317
3.2251534,1.5802724,-1.737179,-0.45234436,-0.035730667
3.2326403,1.6248537,-1.7344859,-0.45423615,-0.034259014
3.2400382,1.6696439,-1.7318927,-0.45703512,-0.033367567
3.247365,1.7147305,-1.7293515,-0.4598341,-0.03247612
3.2546215,1.7601131,-1.726863,-0.46263304,-0.031584673
3.2618089,1.8057914,-1.724428,-0.46584496,-0.030035025
3.2689342,1.8518065,-1.7220964,-0.46905684,-0.028485376
3.2760012,1.8981575,-1.71987,-0.47226873,-0.026935726
3.2830129,1.9448436,-1.7177501,-0.47567272,-0.025680393
3.2899756,1.9918827,-1.7157143,-0.47907668,-0.02442506
3.296892,2.039274,-1.7137643,-0.48248067,-0.023169726
3.3037646,2.087017,-1.7119013,-0.48453385,-0.024265796
3.310577,2.1349747,-1.7099419,-0.48658702,-0.025361866
3.3173237,2.1831477,-1.7078853,-0.4886402,-0.026457936
3.323999,2.2315364,-1.7057308,-0.48929033,-0.027445275
3.3305788,2.2800024,-1.703493,-0.48994046,-0.028432613
3.3370583,2.328546,-1.7011716,-0.49059063,-0.029419953
3.3434336,2.3771677,-1.6987664,-0.49073422,-0.030160272
3.3496935,2.4258177,-1.6963,-0.4908778,-0.030900592
3.3558352,2.4744961,-1.6937723,-0.4910214,-0.03164091
3.3618553,2.5232031,-1.6911833,-0.49093112,-0.034588955
3.3677478,2.5719116,-1.6883538,-0.49084085,-0.037537
3.3735006,2.6206226,-1.6852838,-0.49075058,-0.040485047
3.3791022,2.6693366,-1.6819733,-0.4902121,-0.042884428
3.384536,2.7180102,-1.6784706,-0.48967364,-0.045283806
3.389793,2.7666442,-1.6747762,-0.48913515,-0.047683187
3.394864,2.8152382,-1.6708905,-0.4885795,-0.049939405
3.3997402,2.863791,-1.6668255,-0.48802385,-0.052195627
3.404413,2.9123023,-1.662582,-0.4874682,-0.054451846
3.4088745,2.960772,-1.6581603,-0.48782796,-0.054404248
3.4131246,3.009297,-1.6537391,-0.4881877,-0.054356646
3.4171631,3.0578759,-1.6493186,-0.48854744,-0.054309048
3.4209898,3.1065083,-1.6448987,-0.49003723,-0.05474759
3.4246123,3.1553044,-1.6404295,-0.49152705,-0.05518613
3.428027,3.2042632,-1.6359109,-0.49301684,-0.05562467
3.43123,3.2533844,-1.6313426,-0.4956496,-0.0556431
3.4342244,3.302782,-1.6267484,-0.4982824,-0.05566153
3.4370067,3.3524551,-1.6221282,-0.50091517,-0.05567996
3.4395728,3.402403,-1.6174822,-0.50400096,-0.057336766
3.4419212,3.4526656,-1.6126685,-0.50708675,-0.05899357
3.44404,3.5032418,-1.6076856,-0.51017255,-0.06065038
3.4459183,3.5541306,-1.6025318,-0.5139077,-0.06143073
3.4475458,3.6053987,-1.5972735,-0.51764274,-0.062211078
3.4489136,3.6570446,-1.5919096,-0.52137786,-0.062991425
3.450012,3.7090673,-1.5864396,-0.523,-0.06270651
3.4508286,3.7612581,-1.5809772,-0.523,-0.062421583
3.45136,3.8134537,-1.5755397,-0.523,-0.06213666
3.4516075,3.865652,-1.5701269,-0.523,-0.057120405
3.4515727,3.917867,-1.5651506,-0.523,-0.052104153
3.4512777,3.970095,-1.560611,-0.523,-0.047087897
3.4507456,4.0223346,-1.556508,-0.523,-0.043323718
3.449999,4.0745797,-1.5527328,-0.523,-0.039559543
3.4490552,4.1268306,-1.5492854,-0.523,-0.03579537
3.447931,4.179085,-1.546166,-0.523,-0.02891332
3.4466434,4.231347,-1.543646,-0.523,-0.022031272
3.445224,4.283615,-1.5417258,-0.523,-0.015149224
3.4437041,4.335887,-1.5404053,-0.523,-0.008624399
3.4421148,4.388161,-1.5396535,-0.523,-0.0020995736
3.4404864,4.4404354,-1.5394706,-0.523,0.0044252514
3.4388483,4.492709,-1.5398563,-0.523,0.008785534
3.4372306,4.5449824,-1.5406221,-0.523,0.0131458165
3.4356527,4.597254,-1.541768,-0.523,0.017506098
3.434135,4.6495237,-1.5432938,-0.523,0.027266562
3.4326973,4.7017846,-1.5456703,-0.523,0.037027024
3.4313843,4.7540326,-1.548897,-0.523,0.04678749
3.4302404,4.8062625,-1.5529739,-0.5064618,0.06473593
3.4293396,4.856795,-1.5584344,-0.48992366,0.08268436
3.428736,4.905616,-1.5651782,-0.47338548,0.1006328
3.4284713,4.9527144,-1.5731045,-0.4481115,0.12856694
3.428574,4.9971557,-1.5826801,-0.42283753,0.15650107
3.4290702,5.0389194,-1.5936643,-0.39756352,0.1844352
3.429964,5.0779915,-1.6058159,-0.37094775,0.20931652
3.4312344,5.1142545,-1.6186625,-0.34433198,0.23419785
3.432837,5.147709,-1.6319803,-0.3177162,0.2590792
3.4347148,5.178363,-1.6455462,-0.29022124,0.27674186
3.4367998,5.206203,-1.6587621,-0.26272625,0.29440457
3.4390085,5.231248,-1.671468,-0.23523128,0.31206727
3.4412584,5.2535214,-1.683505,-0.20976993,0.33122942
3.4434896,5.2732325,-1.6948748,-0.18430857,0.3503916
3.445632,5.29041,-1.7054192,-0.15884723,0.36955374
3.44762,5.3050885,-1.7149818,-0.143543,0.36764637
3.4495447,5.3183446,-1.7235805,-0.1282388,0.365739
3.4513674,5.3301806,-1.7312244,-0.11293459,0.3638316
3.4530532,5.3405995,-1.7379225,-0.111654446,0.34700388
3.4548,5.350953,-1.7442511,-0.11037431,0.33017612
3.4566019,5.3612375,-1.7502152,-0.109094165,0.31334838
3.458454,5.3714495,-1.7558198,-0.10849219,0.29835257
3.4603617,5.3816423,-1.761135,-0.1078902,0.28335676
3.4623215,5.3918138,-1.7661623,-0.10728823,0.26836094
3.4643297,5.401962,-1.7709036,-0.108388364,0.25463623
3.4664147,5.412242,-1.7754539,-0.10948851,0.24091153
3.4685757,5.4226527,-1.7798077,-0.11058865,0.22718683
3.4708114,5.4331927,-1.7839592,-0.11019604,0.21370268
3.4730895,5.443718,-1.7878542,-0.10980343,0.20021854
3.475407,5.4542265,-1.7914939,-0.10941082,0.18673441
3.4777603,5.464717,-1.7948793,-0.10949893,0.17354867
3.4801571,5.4752326,-1.7980306,-0.10958704,0.16036294
3.4825943,5.4857726,-1.8009471,-0.109675154,0.1471772
3.485069,5.4963355,-1.8036276,-0.10979446,0.13782455
3.4875784,5.5069175,-1.8061417,-0.10991376,0.1284719
3.4901202,5.5175176,-1.8084887,-0.11003306,0.11911924
3.4926927,5.528136,-1.8106681,-0.10857591,0.10943061
3.495257,5.5386195,-1.8126444,-0.10711876,0.09974198
3.4978096,5.548968,-1.8144221,-0.105661616,0.09005334
3.500348,5.5591803,-1.8160058,-0.104468495,0.08152801
3.5028756,5.569281,-1.8174238,-0.103275366,0.07300267
3.5053902,5.5792694,-1.8186792,-0.10208224,0.06447734
3.5078897,5.589145,-1.8197755,-0.10100067,0.0754704
3.5103714,5.598906,-1.8210447,-0.099919096,0.08646347
3.5128367,5.6085505,-1.8224828,-0.09883752,0.09745653
3.5152864,5.6180773,-1.8240856,-0.102269284,0.118321106
3.517831,5.6279087,-1.8260977,-0.10570106,0.1391857
3.5204747,5.638037,-1.8285418,-0.10913283,0.16005027
3.523221,5.648455,-1.8314406,-0.115806065,0.19646695
3.5261478,5.6594296,-1.8352082,-0.122479305,0.23288365
3.5292623,5.6709323,-1.8399192,-0.12915255,0.26930034
3.5325725,5.6829343,-1.8456463,-0.1395302,0.30974072
3.5361793,5.6957245,-1.8527347,-0.14990784,0.3501811
3.5400968,5.7092495,-1.8613061,-0.16028549,0.3906215
3.5443423,5.7234497,-1.8714778,-0.1675296,0.40437046
3.548904,5.7381606,-1.8824633,-0.1747737,0.4181194
3.5538015,5.7533627,-1.8942909,-0.18201779,0.43186834
3.5590563,5.769036,-1.9069887,-0.18300042,0.40584102
3.564603,5.7849083,-1.91903,-0.18398304,0.37981373
3.5704339,5.8009696,-1.9303985,-0.18496566,0.35378644
3.5765395,5.8172107,-1.9410788,-0.18471134,0.33281776
3.5828571,5.833485,-1.9511365,-0.18445702,0.3118491
3.5893745,5.8497868,-1.960569,-0.18420269,0.29088044
3.5960798,5.8661094,-1.9693737,-0.18091583,0.27317545
3.602841,5.8821645,-1.9775087,-0.17762898,0.25547045
3.6096396,5.897949,-1.9849898,-0.17434213,0.23776548
3.616459,5.9134603,-1.9918337,-0.17080465,0.22692902
3.6232607,5.9286494,-1.9982384,-0.16726716,0.21609259
3.6300335,5.943517,-2.004216,-0.16372968,0.20525613
