-4.192563,-6.4875565,2.4340093,0.8688297,0.0
-4.2585883,-6.4310822,2.4340093,0.523,-0.018862825
-4.298326,-6.3970933,2.4323652,0.49320498,-0.03772565
-4.3357267,-6.3649964,2.429265,0.46340993,-0.05658848
-4.3707438,-6.3347564,2.4248967,0.4334702,-0.027351135
-4.4034142,-6.3062925,2.422921,0.40353042,0.0018862069
-4.4337873,-6.279725,2.4230478,0.37359065,0.031123549
-4.461896,-6.2551436,2.4249854,0.3436146,0.09698334
-4.4876842,-6.2326803,2.4305308,0.31363857,0.16284314
-4.511133,-6.2124815,2.4390056,0.2836625,0.22870293
-4.532218,-6.1946287,2.449724,0.25366387,0.32405737
-4.5507345,-6.179288,2.4631858,0.22366524,0.4194118
-4.5666394,-6.166468,2.478366,0.1936666,0.5147662
-4.5799227,-6.1560903,2.4942575,0.16366662,0.6136945
-4.590596,-6.148021,2.5099664,0.13366665,0.71262276
-4.5987587,-6.1420493,2.524532,0.10366667,0.81155103
-4.604579,-6.13792,2.5370646,0.07366714,0.89236087
-4.6083827,-6.1352925,2.5466235,0.04366761,0.9731707
-4.6104174,-6.133915,2.55264,0.013668085,1.0
-4.6110315,-6.133505,2.5545568,-0.016298827,0.918491
-4.610208,-6.1340528,2.5523982,-0.04626574,0.8369821
-4.6076317,-6.1357746,2.5466719,-0.07623265,0.7554731
-4.603036,-6.138885,2.5379605,-0.106226705,0.7588893
-4.59669,-6.14326,2.5257778,-0.13622077,0.7623055
-4.588648,-6.148951,2.5100992,-0.16621482,0.7657217
-4.5789766,-6.1560245,2.4908996,-0.1958932,0.7127135
-4.567184,-6.1650023,2.4695508,-0.22557156,0.6597052
-4.5532355,-6.1760993,2.4465094,-0.25524992,0.606697
-4.537131,-6.1895294,2.4222538,-0.28414336,0.59465027
-4.5194254,-6.2050376,2.3957236,-0.31303677,0.5826035
-4.500226,-6.222776,2.367018,-0.3419302,0.5705568
-4.4796586,-6.2429028,2.3362386,-0.36593765,0.55877346
-4.458161,-6.2652764,2.3039052,-0.3899451,0.54699004
-4.4358735,-6.290025,2.2701023,-0.41395253,0.5352067
-4.412954,-6.3172746,2.234915,-0.42180896,0.5326255
-4.390557,-6.3458896,2.1992161,-0.42966542,0.5300443
-4.368764,-6.3758783,2.1630116,-0.43752187,0.52746314
-4.3476605,-6.4072456,2.1263077,-0.43453422,0.52488387
-4.3278294,-6.439195,2.090016,-0.43154657,0.5223046
-4.309271,-6.471667,2.0541344,-0.42855895,0.5197254
-4.291984,-6.504603,2.018661,-0.41967654,0.5254339
-4.276262,-6.5373287,1.9835769,-0.41079414,0.5311425
-4.262053,-6.5697737,1.9488977,-0.40191177,0.53685105
-4.2493033,-6.601871,1.9146392,-0.3907647,0.54997325
-4.238073,-6.6332355,1.8805995,-0.3796177,0.56309545
-4.2282863,-6.663808,1.8468257,-0.36847064,0.5762177
-4.2198653,-6.693536,1.8133651,-0.35745522,0.5918113
-4.21274,-6.7223334,1.7801298,-0.34643984,0.60740495
-4.206828,-6.7501597,1.7471755,-0.33542442,0.62299854
-4.2020483,-6.776978,1.7145569,-0.3244247,0.6164849
-4.198256,-6.8031754,1.6832948,-0.313425,0.60997117
-4.195372,-6.8287034,1.6533709,-0.3024253,0.6034575
-4.193318,-6.8535194,1.6247668,-0.29366016,0.5702508
-4.1919847,-6.878203,1.598345,-0.284895,0.53704417
-4.1913104,-6.9026723,1.574053,-0.27612984,0.5038375
-4.1912317,-6.926854,1.5518343,-0.2851115,0.5008701
-4.1917057,-6.9518585,1.5290164,-0.2940931,0.49790266
-4.1927853,-6.9776745,1.5056074,-0.30307475,0.49493524
-4.1945224,-7.004288,1.4816152,-0.28870595,0.4592044
-4.1968274,-7.030065,1.4602878,-0.27433714,0.42347357
-4.1995854,-7.054923,1.4414989,-0.25996834,0.38774273
-4.2026887,-7.078789,1.4251167,-0.2386619,0.30732524
-4.205991,-7.1012964,1.4130837,-0.21735547,0.22690779
-4.209317,-7.122212,1.404934,-0.19604903,0.14649034
-4.212519,-7.1413407,1.4001646,-0.16709474,0.05173881
-4.215353,-7.1577854,1.3987244,-0.13814044,-0.043012716
-4.217716,-7.171383,1.3997144,-0.10918613,-0.13776425
-4.2195573,-7.18204,1.4022135,-0.080034636,-0.2270349
-4.2208657,-7.189728,1.405216,-0.050883137,-0.3
-4.221667,-7.194522,1.4077221,-0.021731641,-0.3
-4.222004,-7.196571,1.4087925,0.0066857915,-0.3
-4.221901,-7.1959405,1.4084631,0.035103224,-0.3
-4.221359,-7.192631,1.4067342,0.063520655,-0.3
-4.220368,-7.186644,1.4036056,0.08991142,-0.3
-4.2189384,-7.178174,1.3991772,0.1163022,-0.3
-4.217041,-7.167227,1.393449,0.14269297,-0.3
-4.214636,-7.1538086,1.3864208,0.15774448,-0.3
-4.211873,-7.138994,1.3786514,0.172796,-0.3
-4.2087207,-7.12279,1.3701406,0.18784751,-0.3
-4.205144,-7.105204,1.3608885,0.19231498,-0.3
-4.201316,-7.087235,1.3514162,0.19678247,-0.3
-4.1972246,-7.0688863,1.341724,0.20124996,-0.3
-4.1928587,-7.0501623,1.3318118,0.20298296,-0.3
-4.188268,-7.0313215,1.3218143,0.20471595,-0.3
-4.1834493,-7.0123677,1.3117313,0.20644896,-0.3
-4.1783967,-6.993303,1.301563,0.20846361,-0.3
-4.1730995,-6.974105,1.2912954,0.21047826,-0.3
-4.167552,-6.9547777,1.2809287,0.21249291,-0.3
-4.16175,-6.935324,1.2704628,0.2147831,-0.3
-4.155679,-6.915724,1.2598839,0.21707329,-0.3
-4.149335,-6.8959804,1.2491924,0.21936348,-0.3
-4.142711,-6.876098,1.238388,0.22184776,-0.3
-4.135795,-6.8560643,1.2274612,0.22433203,-0.3
-4.1285806,-6.8358836,1.2164121,0.22681631,-0.3
-4.1210613,-6.815562,1.2052406,0.23016933,-0.3
-4.113201,-6.795026,1.193904,0.23352233,-0.3
-4.1049905,-6.7742825,1.1824023,0.23687534,-0.3
-4.096421,-6.7533383,1.1707354,0.24122539,-0.3
-4.0874453,-6.732113,1.1588541,0.24557544,-0.3
-4.0780516,-6.7106147,1.1467587,0.2499255,-0.3
-4.068228,-6.688853,1.134449,0.25476664,-0.3
-4.0579414,-6.666795,1.1219009,0.2596078,-0.3
-4.0471783,-6.6444507,1.1091144,0.26444894,-0.3
-4.0359244,-6.621832,1.0960894,0.270105,-0.2806321
-4.0240617,-6.5987477,1.0836211,0.2757611,-0.2612642
-4.0115905,-6.5752068,1.0717496,0.28141716,-0.2418963
-3.9985144,-6.5512166,1.0605143,0.2841018,-0.23872338
-3.9850316,-6.5271287,1.0493177,0.2867865,-0.23555046
-3.9711397,-6.5029488,1.0381627,0.28947115,-0.23237754
-3.9568353,-6.478682,1.0270523,0.2934291,-0.22242084
-3.9420288,-6.4541893,1.0162643,0.29738703,-0.21246412
-3.926722,-6.429476,1.0058126,0.301345,-0.20250742
-3.9109178,-6.4045444,0.99571127,0.30466676,-0.19156125
-3.8946497,-6.379446,0.9860436,0.30798855,-0.1806151
-3.8779256,-6.3541822,0.9768227,0.31131032,-0.16966893
-3.860753,-6.3287535,0.96806157,0.31440017,-0.15567753
-3.8431454,-6.303167,0.959937,0.31749004,-0.14168611
-3.8251176,-6.27742,0.95246476,0.3205799,-0.12769471
-3.8066854,-6.25151,0.94566053,0.3231098,-0.11428676
-3.7879002,-6.225481,0.9395194,0.3256397,-0.1008788
-3.7687795,-6.1993265,0.93405366,0.32816958,-0.087470844
-3.7493417,-6.1730413,0.9292755,0.3338686,-0.07988409
-3.7294264,-6.1463776,0.92483515,0.33956757,-0.072297335
-3.709039,-6.1193333,0.92074704,0.34526655,-0.06471058
-3.6881862,-6.0919056,0.9170259,0.3553783,-0.0704983
-3.6666265,-6.063766,0.9128538,0.36549005,-0.07628603
-3.644342,-6.03493,0.90821135,0.3756018,-0.082073756
-3.6213143,-6.0054173,0.9030793,0.38833165,-0.07884398
-3.5973437,-5.975019,0.8979816,0.4010615,-0.07561421
-3.5724216,-5.9437428,0.8929321,0.41379136,-0.07238443
-3.5465393,-5.9115963,0.88794446,0.4302959,-0.083736815
-3.5194824,-5.878332,0.8819462,0.4468005,-0.09508919
-3.4912097,-5.843996,0.87487584,0.46330506,-0.10644157
-3.461676,-5.80864,0.8666722,0.48671135,-0.106509
-3.4303463,-5.7717543,0.8580487,0.51011765,-0.10657643
-3.3971782,-5.7333794,0.84900475,0.523,-0.10664386
-3.3628182,-5.6943445,0.83972657,0.523,-0.08744608
-3.3280327,-5.655558,0.8321139,0.523,-0.06824829
-3.2929003,-5.61698,0.82616955,0.523,-0.049050502
-3.2574995,-5.578568,0.8218957,0.523,-0.013331419
-3.221895,-5.5402646,0.82073367,0.523,0.022387665
-3.1862519,-5.5020094,0.82268494,0.523,0.05810675
-3.1507344,-5.4637394,0.8277471,0.523,0.08028136
-3.1154656,-5.425349,0.8347374,0.523,0.102455966
-3.080537,-5.3867917,0.84365255,0.523,0.12463058
-3.0460408,-5.348023,0.8544881,0.523,0.14580134
-3.0120647,-5.308995,0.86715215,0.523,0.1669721
-2.9786973,-5.2696714,0.881639,0.523,0.18814285
-2.9460273,-5.2300196,0.8979422,0.523,0.20316237
-2.914103,-5.1899595,0.9155296,0.523,0.21818188
-2.8829887,-5.1494746,0.9343973,0.523,0.23320138
-2.852748,-5.1085515,0.9545409,0.523,0.24541622
-2.823425,-5.067151,0.9757189,0.523,0.25763106
-2.7950747,-5.0252705,0.9979282,0.523,0.2698459
-2.7677517,-4.9829106,1.0211654,0.523,0.28621492
-2.741543,-4.940128,1.0457745,0.523,0.3025839
-2.7165196,-4.896928,1.0717491,0.523,0.3189529
-2.6927516,-4.8533225,1.0990821,0.523,0.339389
-2.6703415,-4.8093915,1.1281009,0.523,0.3598251
-2.649372,-4.76516,1.1587932,0.523,0.38026118
-2.629925,-4.7206597,1.1911463,0.523,0.40312862
-2.6120965,-4.6759777,1.2253416,0.523,0.42599604
-2.5959692,-4.6311655,1.2613612,0.523,0.44886348
-2.5816205,-4.586284,1.2991865,0.523,0.45857772
-2.5690389,-4.5411067,1.3377728,0.523,0.468292
-2.558262,-4.495699,1.3771167,0.523,0.47800624
-2.549324,-4.450129,1.4172142,0.523,0.46692806
-2.5421796,-4.4039774,1.4564519,0.523,0.4558499
-2.5368218,-4.3573246,1.4948249,0.523,0.4447717
-2.5332386,-4.310249,1.5323285,0.523,0.4422053
-2.5314207,-4.263015,1.56963,0.523,0.4396389
-2.5313654,-4.215688,1.6067293,0.523,0.43707252
-2.5330677,-4.168335,1.643626,0.523,0.42415792
-2.536536,-4.120796,1.6794997,0.523,0.41124332
-2.541737,-4.0731397,1.7143445,0.523,0.39832872
-2.548633,-4.0254297,1.7481545,0.523,0.3936982
-2.5571544,-3.9778886,1.7815922,0.523,0.38906765
-2.5672798,-3.9305685,1.8146569,0.523,0.38443714
-2.578986,-3.8835204,1.8473476,0.523,0.3662261
-2.592319,-3.836544,1.8785615,0.523,0.3480151
-2.6072123,-3.7896895,1.9082881,0.523,0.32980406
-2.6235967,-3.7429996,1.9365177,0.523,0.33010548
-2.6412904,-3.6967955,1.9647722,0.523,0.33040687
-2.6602807,-3.6511142,1.9930515,0.523,0.3307083
-2.6805527,-3.605993,2.0213556,0.523,0.32118165
-2.7021632,-3.5613198,2.0488732,0.523,0.31165504
-2.7250657,-3.5171206,2.0756013,0.523,0.30212843
-2.7492144,-3.4734175,2.1015382,0.523,0.29748642
-2.7745245,-3.4302936,2.1270883,0.523,0.2928444
-2.800965,-3.3877702,2.1522512,0.523,0.28820243
-2.8285058,-3.3458676,2.1770265,0.523,0.28273946
-2.8571217,-3.3045938,2.201345,0.523,0.27727652
-2.8867793,-3.2639644,2.2252057,0.523,0.27181354
-2.9174452,-3.2239926,2.248608,0.523,0.25129765
-2.9492118,-3.1845334,2.270283,0.523,0.23078178
-2.981991,-3.1455758,2.2902215,0.523,0.21026589
-3.0156953,-3.1071029,2.308415,0.523,0.18368673
-3.0502768,-3.0690484,2.3243363,0.523,0.15710759
-3.0856209,-3.031377,2.3379745,0.523,0.13052844
-3.121614,-2.994048,2.3493202,0.523,0.09826145
-3.1581633,-2.9569926,2.3578713,0.523,0.06599447
-3.1951263,-2.9201534,2.3636198,0.523,0.03372749
-3.2323604,-2.8834682,2.366559,0.523,0.038657486
-3.2696955,-2.8468993,2.369928,0.523,0.043587483
-3.307146,-2.8104634,2.3737261,0.523,0.048517477
-3.344726,-2.7741785,2.3779535,0.5042693,0.07014918
-3.381061,-2.7393913,2.3838444,0.48553857,0.091780886
-3.4161813,-2.7061613,2.391261,0.46680787,0.1134126
-3.4501073,-2.674535,2.400066,0.44078135,0.06592657
-3.4825416,-2.6448288,2.4049056,0.41475484,0.018440533
-3.5132573,-2.6169686,2.4061801,0.38872832,-0.029045498
-3.5420713,-2.5909002,2.4042988,0.36779976,-0.0039476394
-3.569299,-2.5661736,2.4040568,0.34687117,0.02115022
-3.5949662,-2.5428529,2.4052794,0.3259426,0.04624808
-3.619091,-2.5209873,2.407791,0.31726322,0.035727866
-3.642637,-2.499754,2.4096797,0.30858383,0.02520765
-3.6655853,-2.479138,2.410976,0.2999044,0.014687437
