7.005315,-8.219477,0.78479975,0.46615234,0.0
7.0382967,-8.186534,0.78479975,0.45583203,0.0998708
7.0703874,-8.154482,0.79237455,0.44551176,0.1997416
7.1010475,-8.123391,0.8071073,0.43519145,0.2996124
7.129804,-8.093358,0.8285151,0.4335941,0.39059386
7.156906,-8.063812,0.85602933,0.4319968,0.4815753
7.1820006,-8.034896,0.8893778,0.43039945,0.57255673
7.2047877,-8.006799,0.9282416,0.43982407,0.5383054
7.2274165,-7.9765677,0.96582323,0.44924873,0.50405407
7.249789,-7.944212,1.0019863,0.45867336,0.4698027
7.271818,-7.909754,1.0365939,0.46347132,0.47057214
7.2928514,-7.8741994,1.0716166,0.4682693,0.47134158
7.3128233,-7.8375697,1.1070554,0.47306725,0.47211102
7.331669,-7.7998877,1.1429113,0.47950986,0.44980425
7.349587,-7.760599,1.1776589,0.48595244,0.4274975
7.3665276,-7.719751,1.2112378,0.492395,0.40519074
7.38245,-7.677392,1.2435877,0.49741852,0.39939964
7.397179,-7.6339965,1.2758259,0.50244206,0.39360857
7.410669,-7.5895987,1.3079423,0.5074656,0.38781747
7.4228754,-7.5442343,1.3399268,0.51211554,0.37461847
7.433781,-7.497839,1.3711588,0.51676553,0.36141947
7.443367,-7.450461,1.4016138,0.52141553,0.3482205
7.4516196,-7.4021487,1.4312671,0.523,0.3454215
7.4584637,-7.353416,1.4607812,0.523,0.3426225
7.4638724,-7.304454,1.4900656,0.523,0.33982348
7.467849,-7.2553053,1.51912,0.523,0.31234592
7.4704194,-7.205602,1.5459056,0.523,0.2848684
7.4716687,-7.1554255,1.5704021,0.523,0.25739086
7.4716887,-7.1048484,1.5925912,0.52284217,0.25768453
7.470587,-7.054302,1.6147982,0.52268434,0.25797823
7.468364,-7.0038123,1.6370233,0.52252656,0.2582719
7.46502,-6.9534035,1.6592664,0.523,0.22810549
7.4605193,-6.9026575,1.6789776,0.523,0.19793905
7.4549823,-6.851679,1.6961188,0.523,0.16777262
7.448537,-6.8005176,1.7106745,0.52139384,0.171702
7.441375,-6.7496467,1.725522,0.51978767,0.17563137
7.4334874,-6.6990786,1.7406591,0.51818156,0.17956075
7.4248686,-6.6488276,1.7560835,0.5200502,0.1531813
7.4154,-6.598311,1.7693086,0.5219189,0.12680185
7.4051895,-6.547555,1.7803091,0.523,0.10042239
7.3943667,-6.4966564,1.7890478,0.52185065,0.100839086
7.3831253,-6.445968,1.7978035,0.5207012,0.10125578
7.371466,-6.395494,1.8065758,0.5195519,0.10167248
7.359392,-6.345237,1.8153647,0.5197588,0.07300387
7.3468404,-6.294942,1.8216832,0.5199658,0.044335276
7.333944,-6.2446227,1.825524,0.52017283,0.015666675
7.3208385,-6.19429,1.8268822,0.5170321,0.018408978
7.307744,-6.1442814,1.8284684,0.5138914,0.02115128
7.2946515,-6.0946,1.8302798,0.5107507,0.023893584
7.2815504,-6.045249,1.8323137,0.51100165,0.006185633
7.268339,-5.9958873,1.8328404,0.5112526,-0.011522317
7.2550955,-5.946511,1.8318586,0.5115035,-0.029230267
7.241899,-5.8971148,1.8293672,0.51192915,-0.035519123
7.2288175,-5.847655,1.8263372,0.5123548,-0.04180798
7.215878,-5.798126,1.8227682,0.5127804,-0.048096836
7.2031083,-5.7485247,1.8186592,0.5127493,-0.05849408
7.1905503,-5.698902,1.8136632,0.51271814,-0.068891324
7.1782494,-5.649253,1.807781,0.512687,-0.079288565
7.1662507,-5.5995736,1.801013,0.51237226,-0.0837364
7.1546,-5.549863,1.7938707,0.5120574,-0.08818422
7.143316,-5.50012,1.7863545,0.5117426,-0.092632055
7.1324167,-5.4503446,1.7784652,0.5119241,-0.09808621
7.121913,-5.4004927,1.7701098,0.5121056,-0.10354036
7.111828,-5.350565,1.7612883,0.5122871,-0.108994514
7.1021852,-5.3005614,1.7520007,0.51262766,-0.110832766
7.0930037,-5.2504473,1.7425507,0.51296824,-0.11267101
7.0842924,-5.200226,1.7329383,0.5133088,-0.11450926
7.0760603,-5.1499,1.7231632,0.51390266,-0.1177593
7.068314,-5.099457,1.7131004,0.5144965,-0.121009335
7.061071,-5.0488997,1.7027493,0.51509035,-0.124259375
7.054346,-4.998232,1.6921092,0.51559335,-0.1271127
7.0481567,-4.9474645,1.6812155,0.5160963,-0.12996604
7.0425177,-4.8966017,1.6700678,0.51659924,-0.13281935
7.0374427,-4.845649,1.6586657,0.51724297,-0.13432598
7.0329447,-4.7945886,1.6471206,0.5178867,-0.13583261
7.029032,-4.7434263,1.6354324,0.5185304,-0.13733922
7.0257144,-4.6921687,1.6236005,0.5193993,-0.13919948
7.0229993,-4.640803,1.6115893,0.52026814,-0.14105974
7.020899,-4.5893354,1.5993984,0.52113706,-0.14292
7.0194235,-4.537774,1.5870271,0.52226543,-0.14393657
7.0185847,-4.4860945,1.5745414,0.523,-0.14495315
7.018391,-4.4343433,1.5619506,0.523,-0.14596972
7.0188484,-4.3826017,1.5492721,0.523,-0.14584386
7.0199623,-4.3308687,1.5366044,0.523,-0.14571801
7.0217314,-4.2791533,1.5239475,0.523,-0.14559217
7.0241547,-4.2274637,1.5113015,0.523,-0.14475559
7.0272317,-4.175802,1.4987277,0.523,-0.14391902
7.0309587,-4.124177,1.486226,0.523,-0.14308244
7.0353312,-4.0725965,1.4737965,0.523,-0.14130245
7.040346,-4.0210614,1.4615206,0.523,-0.13952246
7.0459943,-3.9695785,1.4493983,0.523,-0.13774249
7.052268,-3.918155,1.4374297,0.523,-0.13540202
7.059159,-3.8667939,1.4256631,0.523,-0.13306156
7.0666556,-3.8155012,1.4140987,0.523,-0.1307211
7.074748,-3.7642827,1.4027367,0.523,-0.11285187
7.0834403,-3.7130475,1.3929206,0.523,-0.09498264
7.092653,-3.661805,1.3846538,0.523,-0.077113405
7.102303,-3.610561,1.3779387,0.523,-0.061567985
7.112308,-3.5593278,1.3725754,0.523,-0.04602257
7.1225963,-3.5081062,1.3685652,0.523,-0.030477155
7.133096,-3.4568958,1.365909,0.523,-0.020648848
7.143735,-3.4057007,1.3641093,0.523,-0.010820543
7.154467,-3.354517,1.3631661,0.523,-0.0009922385
7.1652484,-3.3033402,1.3630795,0.523,0.0065710424
7.1760335,-3.2521656,1.3636523,0.523,0.014134323
7.186789,-3.2009888,1.3648844,0.523,0.021697605
7.1974797,-3.1498055,1.3667755,0.523,0.028271174
7.2080717,-3.0986106,1.3692394,0.523,0.034844745
7.218536,-3.0474007,1.3722762,0.523,0.041418314
7.2288413,-2.9961717,1.3758855,0.523,0.04381436
7.238961,-2.9449112,1.3797034,0.523,0.04621041
7.2488837,-2.893618,1.3837299,0.523,0.048606455
7.258599,-2.8422914,1.3879652,0.523,0.05403801
7.268094,-2.7909381,1.3926731,0.523,0.05946957
7.277344,-2.7395566,1.3978539,0.523,0.06490113
7.2863255,-2.6881452,1.4035071,0.523,0.07324703
7.2950106,-2.6367135,1.4098861,0.523,0.08159293
7.303362,-2.5852609,1.4169904,0.523,0.089938834
7.311342,-2.5337873,1.4248195,0.523,0.096142635
7.318914,-2.4822824,1.433187,0.523,0.10234644
7.3260508,-2.430748,1.4420927,0.523,0.10855025
7.332724,-2.3791857,1.451536,0.52116346,0.10966402
7.3388877,-2.3277504,1.4610425,0.5193269,0.110777795
7.344541,-2.2764466,1.4706112,0.5174904,0.11189157
7.3496842,-2.225279,1.4802415,0.5135567,0.11212281
7.3542995,-2.174455,1.4898183,0.5096231,0.112354055
7.3583956,-2.1239798,1.4993412,0.50568944,0.11258529
7.3619833,-2.0738595,1.5088102,0.50253975,0.109469965
7.3650775,-2.024002,1.5179607,0.49939,0.10635463
7.3677,-1.9744146,1.5267961,0.4962403,0.1032393
7.369871,-1.9251026,1.5353194,0.49410596,0.10431863
7.3716145,-1.8759915,1.5438946,0.49197164,0.10539796
7.37293,-1.827085,1.5525208,0.48983732,0.1064773
7.3738203,-1.7783868,1.5611972,0.487195,0.10524682
7.374285,-1.7299391,1.5697273,0.48455268,0.10401634
7.3743367,-1.6817458,1.5781125,0.48191035,0.10278586
7.3739862,-1.6338104,1.5863535,0.47744477,0.09138702
7.3732467,-1.5862709,1.5936154,0.4729792,0.07998817
7.372171,-1.5391365,1.5999142,0.4685136,0.06858932
7.37081,-1.4924151,1.6052657,0.46347573,0.05480837
7.369215,-1.4461646,1.6094974,0.45843786,0.04102742
7.367443,-1.4003937,1.6126313,0.45339996,0.02724647
7.365547,-1.3551102,1.61469,0.44916585,0.019505674
7.363577,-1.3102454,1.61615,0.44493175,0.011764878
7.36156,-1.2658011,1.6170225,0.44069764,0.0040240823
7.3595233,-1.2217788,1.617318,0.4360968,-0.0053153993
7.3574953,-1.1782168,1.6169317,0.4314959,-0.01465488
7.3555055,-1.1351178,1.6158779,0.42689505,-0.023994362
7.353582,-1.092484,1.6141708,0.4216125,-0.026421536
7.3517547,-1.050377,1.6123145,0.41632995,-0.028848708
7.350027,-1.0087973,1.6103129,0.4110474,-0.03127588
7.3484044,-0.9677447,1.6081706,0.3965493,-0.03632964
7.3469234,-0.9281436,1.6057701,0.38205123,-0.041383397
7.3455887,-0.8899945,1.6031357,0.36755314,-0.046437155
7.3444014,-0.853298,1.6002921,0.3572058,-0.07835737
7.3433514,-0.81770253,1.5956318,0.34685844,-0.11027758
7.342495,-0.78323805,1.5892696,0.33651108,-0.14219779
7.34188,-0.7499322,1.5813214,0.32438308,-0.14930046
7.3415422,-0.7178566,1.5732795,0.31225508,-0.15640312
7.3414655,-0.6870123,1.565173,0.3001271,-0.1635058
7.3416324,-0.65740037,1.5570307,0.2911072,-0.15860927
7.3420277,-0.62865776,1.5493675,0.28208733,-0.15371273
7.342625,-0.600788,1.5421692,0.27306747,-0.1488162
7.343398,-0.5737942,1.5354214,0.26787618,-0.14539203
7.3443356,-0.54730576,1.5289531,0.26268485,-0.14196786
7.345423,-0.5213243,1.5227585,0.25749356,-0.1385437
7.3466477,-0.4958511,1.5168318,0.25169757,-0.12666157
7.347995,-0.4709193,1.5115325,0.24590157,-0.11477944
7.3494415,-0.44653386,1.5068388,0.24010558,-0.102897316
7.350968,-0.42269912,1.5027283,0.2348072,-0.07449302
7.3525605,-0.39933774,1.4998158,0.2295088,-0.046088725
7.3541865,-0.37646896,1.4980534,0.22421043,-0.01768443
7.355816,-0.35411072,1.4973927,0.21267425,0.024212975
7.357375,-0.33290678,1.4982508,0.20113806,0.06611038
7.35883,-0.3128897,1.5004654,0.18960188,0.10800778
7.3601546,-0.29408658,1.5038719,0.17766194,0.14566806
7.36133,-0.2765479,1.5081699,0.165722,0.18332833
7.36235,-0.26028535,1.5132052,0.15378205,0.22098862
