9.858766,9.031001,2.9681306,0.3278695,0.0
9.82647,9.036659,2.9681306,0.356107,0.09994571
9.79157,9.042775,2.9740527,0.38434446,0.19989142
9.754428,9.049057,2.986772,0.41258195,0.29983714
9.715482,9.055135,3.0070825,0.43681377,0.3995961
9.675605,9.060532,3.0354059,0.4610456,0.49935505
9.635358,9.064821,3.072202,0.4852774,0.599114
9.595379,9.0676,3.1178107,0.49050897,0.6980883
9.557813,9.068494,-3.1128283,0.49574053,0.79706264
9.523184,9.067497,-3.0537274,0.5009721,0.8960369
9.492009,9.064751,-2.9885294,0.52255946,0.7960433
9.455881,9.059177,-2.9262931,0.523,0.69604963
9.416674,9.050603,-2.8704026,0.523,0.596056
9.374974,9.039009,-2.8214686,0.523,0.49610737
9.331316,9.024535,-2.7799768,0.523,0.39615875
9.286187,9.007465,-2.7463412,0.523,0.2962101
9.240022,8.988205,-2.7208974,0.523,0.1973349
9.193209,8.96726,-2.7038078,0.523,0.09845968
9.1460705,8.945196,-2.6952393,0.523,-0.00041552781
9.098894,8.922619,-2.6952755,0.523,-0.040403675
9.051756,8.900063,-2.6987965,0.523,-0.080391824
9.004652,8.877726,-2.7057965,0.523,-0.12037997
8.957583,8.855808,-2.7162642,0.5223054,-0.077143885
8.910149,8.834321,-2.7229729,0.52161086,-0.033907793
8.862518,8.813129,-2.7259202,0.5209162,0.009328294
8.814865,8.792095,-2.7251103,0.523,0.003811419
8.767036,8.770938,-2.7247782,0.523,-0.0017054558
8.7192135,8.749764,-2.7249267,0.523,-0.0072223307
8.67139,8.728599,-2.7255564,0.523,0.014705038
8.623556,8.707464,-2.7242746,0.523,0.036632407
8.575777,8.68628,-2.7210822,0.523,0.058559775
8.528115,8.664967,-2.7159805,0.523,0.05201087
8.480545,8.643403,-2.711449,0.523,0.045461964
8.433059,8.621616,-2.7074876,0.523,0.03891306
8.385645,8.599635,-2.7040966,0.523,0.059779037
8.338356,8.577517,-2.6988888,0.523,0.08064501
8.291251,8.555185,-2.6918669,0.523,0.10151099
8.244394,8.532566,-2.6830337,0.523,0.09014553
8.197688,8.509509,-2.6751866,0.523,0.07878007
8.151118,8.486064,-2.6683269,0.523,0.067414604
8.104673,8.46228,-2.662455,0.523,0.09048338
8.058453,8.438268,-2.6545787,0.523,0.11355215
8.01253,8.41395,-2.644702,0.523,0.13662092
7.966984,8.389251,-2.6328301,0.523,0.119905695
7.9216356,8.363958,-2.6224034,0.523,0.10319047
7.876469,8.338146,-2.6134245,0.523,0.08647524
7.831465,8.311889,-2.6058962,0.523,0.108053245
7.7867537,8.285348,-2.5964959,0.523,0.12963125
7.7424083,8.258458,-2.585228,0.523,0.15120925
7.698503,8.2311535,-2.5720978,0.523,0.12964769
7.6548266,8.20319,-2.5608284,0.523,0.10808613
7.6113567,8.174662,-2.5514252,0.523,0.086524576
7.568066,8.145666,-2.5438926,0.523,0.111078516
7.5250998,8.116416,-2.53423,0.523,0.13563246
7.4825478,8.086843,-2.5224438,0.523,0.16018641
7.440501,8.056879,-2.5085404,0.523,0.12945183
7.3986883,8.0261965,-2.497288,0.523,0.09871726
7.357077,7.994936,-2.488697,0.523,0.06798268
7.31563,7.963238,-2.482776,0.523,0.09757945
7.274472,7.9313726,-2.4742837,0.523,0.12717623
7.2337227,7.899267,-2.463228,0.523,0.15677299
7.1935015,7.8668504,-2.4496186,0.523,0.11928715
7.1535172,7.833717,-2.4392452,0.523,0.0818013
7.1137285,7.8000436,-2.432123,0.523,0.044315457
7.074087,7.766007,-2.4282613,0.523,0.07922006
7.0346627,7.7318916,-2.4213634,0.523,0.114124656
6.995607,7.6976213,-2.411437,0.523,0.14902925
6.957072,7.6631246,-2.3984947,0.52055734,0.10816857
6.918963,7.628111,-2.3891282,0.5181146,0.06730789
6.881226,7.592781,-2.3833203,0.51567197,0.026447207
6.8438,7.5573325,-2.3810477,0.5168262,0.07028213
6.8064504,7.5217943,-2.3749988,0.51798046,0.114117056
6.769384,7.486097,-2.3651683,0.5191347,0.15795198
6.7328086,7.450172,-2.3515587,0.5153338,0.10806527
6.69675,7.4137774,-2.3422952,0.51153284,0.058178563
6.6611457,7.3771696,-2.337338,0.50773185,0.008291853
6.6259284,7.340598,-2.3366363,0.50807375,0.06610046
6.5907884,7.304056,-2.331043,0.5084157,0.12390908
6.556022,7.267495,-2.3205702,0.5087576,0.1817177
6.5219226,7.2308755,-2.3052466,0.5052793,0.13176583
6.4883533,7.193699,-2.2941823,0.501801,0.08181397
6.455249,7.156211,-2.2873476,0.49832273,0.031862102
6.4225364,7.118653,-2.2847016,0.49505785,0.08282188
6.3902316,7.081364,-2.277876,0.49179298,0.13378166
6.358569,7.044309,-2.266943,0.4885281,0.18474144
6.3277745,7.007461,-2.2519865,0.48665908,0.14538507
6.297452,6.970055,-2.2402358,0.48479006,0.10602871
6.2675376,6.932253,-2.231685,0.48292103,0.06667235
6.237961,6.8942137,-2.2263227,0.47942305,0.103545405
6.208893,6.856412,-2.2180638,0.47592506,0.14041846
6.1804767,6.8188195,-2.2069623,0.47242707,0.17729151
6.152849,6.781414,-2.1930757,0.4742283,0.14840458
6.1255107,6.7433043,-2.181389,0.47602952,0.11951765
6.098412,6.704581,-2.1719294,0.47783074,0.09063072
6.071498,6.665336,-2.1647215,0.4766317,0.10778058
6.0449796,6.6260643,-2.1561763,0.4754327,0.12493045
6.0189157,6.5867457,-2.1463027,0.47423366,0.1420803
5.9933653,6.5473623,-2.1351104,0.4761227,0.1245333
5.9680977,6.507444,-2.125254,0.47801173,0.10698629
5.943075,6.4670362,-2.1167467,0.47990078,0.08943928
5.9182568,6.426186,-2.1096025,0.47998586,0.098236635
5.893747,6.3851867,-2.1017563,0.48007095,0.107034
5.869577,6.344026,-2.0932088,0.480156,0.11583136
5.845779,6.302694,-2.08396,0.4822752,0.10801898
5.8222404,6.260923,-2.0752943,0.48439434,0.1002066
5.798944,6.218731,-2.067218,0.4865135,0.09239422
5.775871,6.1761346,-2.0597367,0.48789492,0.09829039
5.7530656,6.13327,-2.051757,0.48927635,0.104186565
5.730553,6.090128,-2.0432765,0.49065778,0.11008274
5.7083583,6.0467024,-2.0342925,0.49433652,0.10738246
5.686385,6.002739,-2.0254624,0.49801525,0.10468218
5.6646338,5.9582415,-2.0167892,0.501694,0.10198189
5.6431055,5.9132147,-2.0082767,0.50511175,0.10181238
5.6218166,5.8676977,-1.9997205,0.5085295,0.10164286
5.6007767,5.82169,-1.9911206,0.5119472,0.10147335
5.5799937,5.775192,-1.9824772,0.5157611,0.09501962
5.5594487,5.728138,-1.9743216,0.51957494,0.08856589
5.539127,5.680541,-1.9666622,0.523,0.08211216
5.5190277,5.632448,-1.9595128,0.523,0.07695483
5.4992642,5.584193,-1.9528115,0.523,0.0717975
5.479818,5.5357885,-1.9465585,0.523,0.06664016
5.460667,5.4872456,-1.940754,0.523,0.063173495
5.4417944,5.438581,-1.9352511,0.523,0.05970683
5.423186,5.3898034,-1.9300497,0.523,0.056240164
5.4048276,5.3409195,-1.92515,0.523,0.037441462
5.386693,5.2919035,-1.9218872,0.523,0.018642759
5.368709,5.242802,-1.9202622,0.523,-0.00015594364
5.3508015,5.1936636,-1.9202758,0.523,-0.020582031
5.3328977,5.1445355,-1.9220698,0.523,-0.041008122
5.3149166,5.0954704,-1.9256433,0.523,-0.06143421
5.296779,5.046521,-1.930995,0.523,-0.0802259
5.2784047,4.997735,-1.9379804,0.523,-0.0990176
5.2597218,4.94916,-1.9465975,0.523,-0.11780929
5.2406597,4.9008474,-1.9568427,0.523,-0.12793094
5.2211285,4.8527923,-1.9679636,0.523,-0.13805258
5.201091,4.8050222,-1.979959,0.523,-0.14817423
5.1805115,4.757565,-1.9928277,0.523,-0.14675313
5.159319,4.7103667,-2.0055737,0.523,-0.14533204
5.137522,4.6634326,-2.0181973,0.523,-0.14391094
5.11513,4.616768,-2.0306983,0.523,-0.12986928
5.092111,4.5702963,-2.0419867,0.523,-0.115827635
5.068529,4.524008,-2.0520606,0.523,-0.10178599
5.0444446,4.4778886,-2.0609176,0.523,-0.08936699
5.0199237,4.4319296,-2.068697,0.523,-0.076947995
4.99502,4.3861156,-2.0753977,0.523,-0.064528994
4.9697876,4.3404293,-2.0810187,0.523,-0.04750686
4.9442744,4.294842,-2.085158,0.523,-0.03048473
4.918556,4.24933,-2.0878148,0.523,-0.0134625975
4.892707,4.2038703,-2.0889883,0.523,0.035607178
4.8668184,4.158465,-2.0858853,0.523,0.08467695
4.8411474,4.1131144,-2.0785131,0.523,0.13374673
4.815947,4.0678196,-2.0668895,0.523,0.16841856
4.7914047,4.0224752,-2.0522783,0.523,0.20309038
4.767683,3.977074,-2.034697,0.523,0.23776221
4.7449403,3.931617,-2.0141668,0.523,0.21709782
4.7230306,3.8854828,-1.9953915,0.523,0.19643342
4.7019,3.8387432,-1.9783789,0.523,0.17576903
4.681488,3.7914674,-1.9631364,0.523,0.15440434
4.661729,3.7437162,-1.949731,0.523,0.13303965
4.6425524,3.695556,-1.9381685,0.523,0.11167497
4.623885,3.6470497,-1.9284544,0.523,0.077345744
4.605631,3.5982058,-1.9217192,0.523,0.043016523
4.5876684,3.5491385,-1.9179708,0.523,0.0086873
4.569875,3.4999607,-1.9172134,0.523,0.00991444
4.552118,3.45077,-1.9163493,0.523,0.0111415805
4.5344043,3.4015646,-1.9153781,0.523,0.012368721
4.5167384,3.3523426,-1.9143001,0.523,0.024612624
4.49913,3.303113,-1.9121548,0.523,0.036856525
4.481633,3.253864,-1.9089429,0.523,0.04910043
4.4643044,3.2045853,-1.9046648,0.523,0.105844274
4.4472613,3.1554496,-1.8954558,0.523,0.16258812
4.4307985,3.1065357,-1.8813459,0.523,0.21933198
4.4151993,3.0579302,-1.8623804,0.49663463,0.27337223
4.401453,3.0121295,-1.8400335,0.4702693,0.32741252
4.3896084,2.969205,-1.8148276,0.44390392,0.38145277
4.379654,2.929226,-1.7872856,0.4224502,0.34365618
4.37111,2.8903794,-1.7635628,0.4009965,0.3058596
4.3637843,2.852849,-1.7434386,0.37954283,0.26806304
4.357497,2.8167944,-1.726684,0.351474,0.26533827
4.3522315,2.7832882,-1.7113225,0.32340515,0.2626135
4.347857,2.7523644,-1.6973295,0.2953363,0.25988874
4.344255,2.7240508,-1.6846806,0.26630804,0.23357199
4.341311,2.6983109,-1.6744076,0.23727977,0.20725523
4.3389096,2.6752152,-1.6662699,0.2082515,0.18093848
4.3369565,2.6548233,-1.660024,0.1792462,0.1156735
4.33537,2.6370893,-1.656576,0.1502409,0.050408524
4.3340845,2.6221395,-1.6553143,0.121235594,-0.014856452
4.333061,2.6100605,-1.6556145,0.09199857,-0.08137733
4.3322845,2.600924,-1.656861,0.062761545,-0.1478982
4.331751,2.5947394,-1.6584023,0.03352452,-0.21441908
4.3314643,2.5914762,-1.6595912,0.0037544037,-0.24624844
4.331432,2.5911136,-1.6597438,-0.026015714,-0.27807778
4.331654,2.5936053,-1.6585535,-0.05578583,-0.3
4.3321214,2.5989144,-1.6558058,-0.08563373,-0.3
4.3328156,2.6070657,-1.6515881,-0.11548164,-0.3
4.3337064,2.618062,-1.6459002,-0.14532954,-0.3
4.334748,2.6319067,-1.6387423,-0.17510563,-0.28551555
4.335889,2.6486697,-1.6305225,-0.20488174,-0.27103108
4.337067,2.6683748,-1.6213804,-0.23465784,-0.25654662
4.338215,2.6910436,-1.6114568,-0.26422158,-0.19617297
4.339268,2.7169375,-1.6028732,-0.2937853,-0.13579932
4.340202,2.7460306,-1.5962443,-0.32334903,-0.075425684
4.341022,2.778263,-1.5921834,-0.35131067,-0.011126625
4.3417735,2.8133838,-1.5915319,-0.3792723,0.053172432
4.3425584,2.8512495,-1.5948914,-0.40723395,0.117471494
4.343533,2.8916805,-1.6028461,-0.42768195,0.19222912
4.344878,2.9336393,-1.6164641,-0.44812992,0.26698673
4.3468513,2.9768195,-1.6361688,-0.46857792,0.34174436
4.3497357,3.0208733,-1.6623414,-0.4472857,0.3531114
4.3535724,3.0626664,-1.6881213,-0.4259935,0.36447838
4.358231,3.1021938,-1.7134297,-0.4047013,0.3758454
4.3635826,3.1394567,-1.7381879,-0.39267057,0.3303323
4.369771,3.1760817,-1.7594155,-0.38063985,0.28481922
4.376621,3.2119641,-1.7772411,-0.3686091,0.23930612
4.383961,3.2470143,-1.791803,-0.35834995,0.26145032
4.3915496,3.2807894,-1.8072407,-0.3480908,0.28359452
4.399378,3.3132784,-1.8234739,-0.33783165,0.30573872
4.407432,3.3444717,-1.8404217,-0.32412085,0.29453352
4.4156938,3.3743675,-1.8561033,-0.31041002,0.28332832
4.424082,3.4029663,-1.870566,-0.29669923,0.27212313
4.432521,3.43027,-1.883857,-0.28571257,0.2642761
4.441015,3.4565086,-1.8962955,-0.2747259,0.25642905
4.4495125,3.4816875,-1.9079086,-0.26373926,0.24858202
4.457968,3.505812,-1.9187232,-0.25342226,0.22956698
4.466382,3.5290108,-1.9283345,-0.24310525,0.21055193
4.474702,3.551281,-1.9368026,-0.23278823,0.19153689
4.4828806,3.5726204,-1.9441885,-0.21983317,0.17608745
4.4907756,3.5927725,-1.9506068,-0.2068781,0.16063802
4.498347,3.6117384,-1.9561218,-0.19392303,0.14518858
4.505559,3.62952,-1.9607979,-0.17831516,0.10736946
4.5122995,3.6459174,-1.9639827,-0.16270728,0.069550335
4.518518,3.6609101,-1.9658673,-0.1470994,0.03173121
4.5241766,3.6744802,-1.9666451,-0.13705316,-0.019689852
4.5294604,3.6871233,-1.9661953,-0.12700693,-0.07111092
4.53434,3.6988144,-1.9646914,-0.11696069,-0.12253198
4.538795,3.7095337,-1.9623088,-0.10384803,-0.15450405
4.542711,3.7190185,-1.9596453,-0.090735376,-0.18647611
4.546091,3.7272692,-1.9568416,-0.07762273,-0.21844816
4.5489445,3.7342892,-1.9540379,-0.064823814,-0.26733467
4.551282,3.7400877,-1.9511839,-0.0520249,-0.3
4.5531273,3.7447026,-1.9486215,-0.03922599,-0.3
4.5545096,3.7481856,-1.9466895,-0.018751768,-0.3
4.5551677,3.749852,-1.9457659,0.0017224516,-0.3
4.555107,3.7496989,-1.9458507,0.022196673,-0.3
4.5543303,3.7477257,-1.946944,0.045492202,-0.3
4.552734,3.7436836,-1.9491847,0.06878773,-0.3
4.5503063,3.737577,-1.9525727,0.09208326,-0.3
4.5470285,3.7294133,-1.957108,0.120592415,-0.3
4.542688,3.7187417,-1.9630476,0.14910157,-0.3
4.537243,3.7055793,-1.9703914,0.17761071,-0.3
4.5306416,3.689948,-1.9791393,0.20711932,-0.3
4.5227847,3.6717882,-1.9893407,0.2366279,-0.3
4.513597,3.6511335,-2.0009954,0.2661365,-0.3
4.502993,3.6280253,-2.0141034,0.29612166,-0.27676326
4.490775,3.6022935,-2.027589,0.32610685,-0.2535265
4.476851,3.5739617,-2.0412214,0.356092,-0.23028979
4.461137,3.5430586,-2.0547683,0.3860903,-0.16482893
4.4434156,3.509347,-2.0653267,0.41608864,-0.09936808
4.4237647,3.4729037,-2.0722065,0.44608694,-0.033907235
4.402335,3.4338086,-2.0747268,0.4760647,0.025848305
4.3793554,3.392134,-2.0726762,0.5060425,0.08560385
4.3551,3.3479326,-2.0654652,0.523,0.14535938
4.330533,3.3023875,-2.0528393,0.523,0.17585728
4.306661,3.2567618,-2.0375893,0.523,0.20635515
4.283624,3.211048,-2.0197294,0.523,0.23685303
4.2615595,3.1652458,-1.9992762,0.5175846,0.26917544
4.2408285,3.1198616,-1.9763353,0.5121693,0.30149782
4.2215343,3.0749218,-1.9509872,0.5067539,0.33382022
4.203767,3.0304627,-1.9233137,0.48017305,0.35418493
4.1882176,2.9881952,-1.8955576,0.45359218,0.37454963
4.1747475,2.9481874,-1.8678997,0.4270113,0.39491433
4.163209,2.9104998,-1.8405191,0.4014843,0.38660505
4.1533003,2.874659,-1.8152894,0.3759573,0.37829578
4.144843,2.8407605,-1.7921468,0.3504303,0.3699865
4.13767,2.8088858,-1.7710274,0.3217251,0.36214587
4.131686,2.7794013,-1.7520305,0.2930199,0.35430524
4.126733,2.7523694,-1.7350872,0.26431468,0.34646463
4.122667,2.7278433,-1.720128,0.23558325,0.29072866
4.119309,2.7055247,-1.708873,0.2068518,0.23499268
4.11654,2.6855996,-1.700846,0.17812034,0.1792567
4.1142673,2.6682208,-1.695553,0.14906958,0.11546869
4.1124244,2.6535282,-1.6926905,0.120018825,0.05168066
4.110967,2.6416314,-1.6916572,0.090968065,-0.012107367
4.1098704,2.6326015,-1.6918408,0.06148661,-0.07619771
4.1091304,2.6265156,-1.6926209,0.03200515,-0.14028805
4.108745,2.62337,-1.6933666,0.0025236907,-0.20437841
4.108715,2.6231248,-1.693452,-0.02733166,-0.20232248
4.1090426,2.625782,-1.6925367,-0.05718701,-0.20026654
4.109723,2.631345,-1.6906407,-0.08704236,-0.19821061
4.1107435,2.6398175,-1.687784,-0.11690895,-0.18703324
4.112084,2.651226,-1.684161,-0.14677556,-0.17585585
4.113719,2.6655846,-1.6798811,-0.17664215,-0.16467845
4.115616,2.6829062,-1.6750548,-0.2064731,-0.1291331
4.117747,2.7032704,-1.6706234,-0.23630403,-0.09358776
4.1200914,2.7266803,-1.666943,-0.26613498,-0.058042414
4.122642,2.7531261,-1.6643698,-0.29533198,0.021283025
4.125401,2.7825236,-1.6654174,-0.32452902,0.10060846
4.128452,2.814668,-1.6708499,-0.35372603,0.1799339
4.131928,2.8492954,-1.6814007,-0.37878996,0.25757214
4.135971,2.885701,-1.6974825,-0.4038539,0.33521035
4.1407895,2.923533,-1.7196249,-0.42891783,0.4128486
4.146615,2.9623866,-1.7483066,-0.418414,0.41393238
4.1533794,3.0000925,-1.7763553,-0.40791017,0.41501617
4.160999,3.036635,-1.8037671,-0.39740634,0.41609997
4.1693907,3.0720024,-1.8305387,-0.38171676,0.3910238
4.1784544,3.1061091,-1.8547864,-0.3660272,0.36594766
4.188031,3.138919,-1.8766159,-0.35033762,0.3408715
4.197972,3.1704051,-1.896136,-0.34559315,0.35598207
4.2083254,3.2010987,-1.9162099,-0.34084868,0.37109262
4.219081,3.2309873,-1.9368105,-0.3361042,0.38620317
4.2302237,3.2600598,-1.9579108,-0.32178017,0.3721647
4.24154,3.2878168,-1.9774123,-0.30745614,0.35812625
4.2529283,3.314264,-1.995374,-0.29313213,0.34408778
4.2642956,3.3394089,-2.0118546,-0.28307918,0.32504323
4.275748,3.3636672,-2.0269215,-0.27302626,0.3059987
4.287215,3.3870401,-2.0406296,-0.26297334,0.28695416
4.298634,3.4095292,-2.0530345,-0.25158817,0.2810349
4.309844,3.4309444,-2.0646644,-0.24020298,0.27511564
4.320802,3.451299,-2.0755398,-0.2288178,0.26919636
4.331469,3.470606,-2.0856824,-0.22725789,0.2459877
4.3423233,3.48979,-2.0949059,-0.22569798,0.22277904
4.3533387,3.5088475,-2.103217,-0.22413807,0.19957037
4.3644905,3.5277753,-2.1106226,-0.21098733,0.21046169
4.375096,3.5454745,-2.117969,-0.19783658,0.22135301
4.3851376,3.5619576,-2.1252081,-0.18468584,0.23224433
4.3945994,3.577238,-2.1322927,-0.1724738,0.1765931
4.40364,3.5916102,-2.1373427,-0.16026178,0.12094186
4.4121785,3.6050336,-2.1405652,-0.14804976,0.06529064
4.420148,3.6174734,-2.142175,-0.12987418,0.05526634
4.4271607,3.628381,-2.1433706,-0.11169862,0.04524204
4.4332066,3.63776,-2.1442127,-0.09352305,0.035217743
4.438277,3.6456115,-2.1447616,-0.08102528,0.005397588
4.442676,3.6524155,-2.1448345,-0.06852751,-0.024422567
4.4463964,3.658168,-2.1445556,-0.056029744,-0.054242723
4.4494333,3.6628668,-2.1440492,-0.036019992,-0.057557724
4.4513836,3.665888,-2.143704,-0.016010242,-0.060872726
4.45225,3.667231,-2.1435416,0.0039995103,-0.06418773
4.4520335,3.6668956,-2.1435843,0.02429624,-0.08108766
4.4507213,3.6648605,-2.1439123,0.04459297,-0.09798758
4.4483147,3.6611316,-2.1446395,0.0648897,-0.114887506
4.444815,3.655718,-2.1458793,0.0927049,-0.114985034
4.439806,3.64799,-2.147652,0.1205201,-0.115082555
4.4332767,3.6379552,-2.1499584,0.1483353,-0.11518008
4.425212,3.6256227,-2.1527996,0.17794798,-0.07057256
4.4154544,3.6107948,-2.154891,0.20756067,-0.02596504
4.404012,3.5934856,-2.1557891,0.23717336,0.01864248
4.3909183,3.5737154,-2.1550522,0.26707307,0.106594756
4.3762703,3.5515647,-2.1503165,0.29697278,0.19454704
4.3603144,3.5271852,-2.1407478,0.3268725,0.2824993
4.3433757,3.5007558,-2.1255615,0.35686925,0.3688904
4.3258424,3.4724617,-2.1041148,0.386866,0.4552815
4.308178,3.4425411,-2.075763,0.41686276,0.5416726
4.290898,3.4112804,-2.0399427,0.4468562,0.45059237
4.272711,3.375401,-2.0075085,0.47684965,0.35951218
4.2538314,3.3349538,-1.9795477,0.5068431,0.26843196
