-7.845299,5.6424947,-0.1517755,0.52790356,0.0
-7.7931156,5.6345134,-0.1517755,0.523,-0.07760632
-7.7415724,5.62663,-0.1585334,0.523,-0.15521264
-7.690549,5.6184726,-0.1720085,0.523,-0.23281896
-7.640411,5.609762,-0.1921197,0.523,-0.27242196
-7.590966,5.6001444,-0.21557319,0.523,-0.3
-7.5421586,5.5894566,-0.24133271,0.523,-0.3
-7.493643,5.577515,-0.26709223,0.523,-0.3
-7.4454503,5.564328,-0.29285175,0.523,-0.3
-7.3976135,5.5499043,-0.31861123,0.523,-0.3
-7.350164,5.5342536,-0.34437075,0.523,-0.3
-7.303133,5.5173855,-0.37013027,0.523,-0.3
-7.2565527,5.4993114,-0.3958898,0.523,-0.3
-7.210453,5.480044,-0.42164928,0.523,-0.3
-7.164865,5.459595,-0.4474088,0.523,-0.3
-7.119819,5.437979,-0.4731683,0.523,-0.3
-7.0753446,5.4152102,-0.49892783,0.523,-0.3
-7.0314713,5.391303,-0.52468735,0.523,-0.3
-6.9882283,5.366274,-0.55044687,0.523,-0.3
-6.9456444,5.3401394,-0.5762064,0.523,-0.3
-6.9037476,5.3129168,-0.60196584,0.523,-0.3
-6.862566,5.2846236,-0.62772536,0.523,-0.3
-6.822127,5.2552795,-0.6534849,0.523,-0.29576665
-6.7824054,5.224864,-0.67889166,0.523,-0.29153332
-6.743419,5.193409,-0.7039452,0.523,-0.2873
-6.7051854,5.1609464,-0.7286451,0.523,-0.27956086
-6.6676803,5.127474,-0.7526973,0.523,-0.27182177
-6.630911,5.093034,-0.7761004,0.523,-0.26408264
-6.594881,5.0576677,-0.798853,0.523,-0.2511424
-6.5595446,5.021367,-0.8205148,0.523,-0.23820217
-6.524891,4.9841905,-0.84108233,0.523,-0.22526193
-6.490906,4.9461927,-0.860552,0.523,-0.2129043
-6.457575,4.907434,-0.87897027,0.523,-0.2005467
-6.424879,4.8679657,-0.89633435,0.523,-0.18818907
-6.3927956,4.8278384,-0.91264147,0.523,-0.17677656
-6.3613043,4.7871075,-0.92797035,0.523,-0.16536403
-6.3303804,4.745817,-0.942319,0.523,-0.1539515
-6.2999964,4.704011,-0.9556855,0.523,-0.14390498
-6.2701287,4.661739,-0.96818596,0.523,-0.13385847
-6.2407503,4.619036,-0.9798191,0.523,-0.123811945
-6.211833,4.575939,-0.9905839,0.523,-0.11562003
-6.183354,4.5324903,-1.0006397,0.523,-0.10742811
-6.155287,4.488717,-1.0099858,0.523,-0.09923619
-6.127607,4.444646,-1.0186217,0.523,-0.093613505
-6.100293,4.4003134,-1.0267698,0.523,-0.08799082
-6.0733285,4.355737,-1.0344297,0.523,-0.082368135
-6.046693,4.310934,-1.0416014,0.523,-0.07741089
-6.020369,4.265923,-1.0483422,0.523,-0.07245364
-5.994339,4.220719,-1.0546523,0.523,-0.0674964
-5.9685864,4.1753354,-1.0605313,0.523,-0.065000154
-5.9430966,4.129794,-1.0661931,0.523,-0.06250391
-5.917861,4.084102,-1.0716379,0.523,-0.06000767
-5.892871,4.038266,-1.0768653,0.523,-0.060402595
-5.868121,3.992301,-1.0821272,0.523,-0.060797524
-5.843614,3.9462075,-1.0874236,0.523,-0.061192453
-5.819352,3.8999863,-1.0927541,0.523,-0.060741223
-5.7953362,3.8536348,-1.0980455,0.523,-0.06028999
-5.7715654,3.8071556,-1.1032976,0.523,-0.05983876
-5.7480383,3.7605512,-1.1085104,0.523,-0.05959903
-5.7247543,3.713824,-1.1137024,0.523,-0.0593593
-5.7017126,3.6669757,-1.1188735,0.523,-0.05911957
-5.6789136,3.6200085,-1.1240238,0.523,-0.06343078
-5.656362,3.5729368,-1.1295491,0.523,-0.06774199
-5.634078,3.5257545,-1.1354494,0.523,-0.0720532
-5.6120787,3.4784558,-1.1417246,0.523,-0.07955906
-5.5903893,3.4310472,-1.1486522,0.523,-0.087064914
-5.569042,3.3835192,-1.1562318,0.523,-0.09457077
-5.5480704,3.3358634,-1.1644629,0.523,-0.101571046
-5.527506,3.2880695,-1.1733013,0.523,-0.10857132
-5.507379,3.240131,-1.1827465,0.523,-0.115571596
-5.487722,3.1920426,-1.1927981,0.523,-0.12153827
-5.468562,3.143793,-1.2033662,0.523,-0.12750494
-5.449928,3.0953803,-1.2144502,0.523,-0.13347162
-5.431845,3.0468018,-1.22605,0.523,-0.13593294
-5.414333,2.998033,-1.2378623,0.523,-0.13839425
-5.3974037,2.9490776,-1.2498872,0.523,-0.14085557
-5.38107,2.899939,-1.2621247,0.523,-0.14159432
-5.3653407,2.8506095,-1.2744257,0.523,-0.14233309
-5.3502207,2.8010955,-1.2867906,0.523,-0.14307186
-5.3357162,2.7514036,-1.2992191,0.523,-0.14553511
-5.3218346,2.701553,-1.3118602,0.523,-0.14799838
-5.3085895,2.6515493,-1.3247137,0.523,-0.15046164
-5.295993,2.601398,-1.3377795,0.523,-0.1511824
-5.284054,2.5510917,-1.3509074,0.523,-0.15190315
-5.2727776,2.5006387,-1.3640975,0.523,-0.15262389
-5.262169,2.450047,-1.3773496,0.523,-0.1498436
-5.2522273,2.3992977,-1.3903621,0.523,-0.14706331
-5.242943,2.3484023,-1.4031351,0.523,-0.14428301
-5.234306,2.2973714,-1.4156681,0.523,-0.14220065
-5.226307,2.2462208,-1.4280216,0.523,-0.14011827
-5.218938,2.1949604,-1.4401952,0.523,-0.1380359
-5.2121916,2.143599,-1.4521892,0.523,-0.13888058
-5.206063,2.0921667,-1.464256,0.523,-0.13972527
-5.2005553,2.04067,-1.4763958,0.523,-0.14056996
-5.195674,1.9891163,-1.4886086,0.523,-0.13098091
-5.191417,1.9374393,-1.4999931,0.523,-0.121391855
-5.1877446,1.8856543,-1.5105485,0.523,-0.1118028
-5.184615,1.8337752,-1.5202737,0.523,-0.10869415
-5.1819897,1.7818501,-1.5297295,0.523,-0.10558549
-5.1798544,1.7298852,-1.538916,0.523,-0.102476835
-5.178196,1.677886,-1.5478328,0.523,-0.0895787
-5.177,1.6258094,-1.5556307,0.523,-0.07668056
-5.1762094,1.5736692,-1.5623082,0.523,-0.06378243
-5.175766,1.5214773,-1.5678641,0.523,-0.072636805
-5.1756134,1.4693155,-1.57419,0.523,-0.08149119
-5.1757903,1.4171894,-1.5812855,0.523,-0.09034556
-5.1763363,1.3651055,-1.58915,0.523,-0.0714465
-5.177294,1.3129478,-1.5953723,0.523,-0.052547444
-5.1785774,1.2607358,-1.5999507,0.523,-0.033648383
-5.180101,1.2084875,-1.6028831,0.523,-0.05304148
-5.1817765,1.1562879,-1.6075044,0.523,-0.07243458
-5.183691,1.1041602,-1.6138128,0.523,-0.091827676
-5.1859303,1.0521288,-1.6218058,0.523,-0.06860014
-5.188591,1.0000197,-1.6277808,0.523,-0.045372605
-5.1915665,0.9478583,-1.6317344,0.523,-0.022145068
-5.194751,0.89566815,-1.6336646,0.523,-0.045634173
-5.1980333,0.8435258,-1.637641,0.523,-0.06912328
-5.201518,0.79146725,-1.6436614,0.523,-0.092612386
-5.2053094,0.73952955,-1.6517226,0.523,-0.06368251
-5.2095284,0.6875064,-1.6572698,0.523,-0.03475263
-5.2140427,0.63543326,-1.6602985,0.523,-0.005822754
-5.2187176,0.58334345,-1.6608061,0.523,-0.035601746
-5.2234154,0.5312882,-1.6639087,0.523,-0.06538074
-5.228268,0.479326,-1.6696036,0.523,-0.09515973
-5.2334037,0.42751658,-1.6778859,0.523,-0.07068721
-5.23898,0.37564602,-1.6840423,0.523,-0.04621469
-5.2448835,0.32373652,-1.6880692,0.523,-0.021742165
-5.251002,0.27180803,-1.6899643,0.523,-0.051242746
-5.257211,0.21994711,-1.694429,0.523,-0.08074333
-5.26364,0.1682154,-1.7014595,0.523,-0.1102439
-5.2704124,0.11667601,-1.7110497,0.523,-0.09859822
-5.2776885,0.06514108,-1.7196301,0.523,-0.08695253
-5.285414,0.01361468,-1.7272,0.523,-0.07530685
-5.2935376,-0.03790052,-1.7337581,0.523,-0.09552232
-5.3019843,-0.089272335,-1.7420717,0.523,-0.115737796
-5.3108387,-0.14046231,-1.7521377,0.523,-0.13595328
-5.3201838,-0.19143005,-1.7639518,0.523,-0.13716999
-5.330129,-0.24227533,-1.775871,0.523,-0.1383867
-5.3406777,-0.2929899,-1.7878953,0.523,-0.1396034
-5.3518333,-0.34356537,-1.8000245,0.523,-0.14974798
-5.363584,-0.3939273,-1.8130288,0.523,-0.15989257
-5.3759694,-0.44405276,-1.8269068,0.523,-0.17003715
-5.389027,-0.49391723,-1.841657,0.5198633,-0.1738119
-5.4027267,-0.5432535,-1.8566412,0.51672655,-0.17758664
-5.4170675,-0.5920497,-1.8718548,0.51358986,-0.18136139
-5.4320474,-0.6402943,-1.887294,0.5106484,-0.18648621
-5.447665,-0.6879814,-1.9030737,0.507707,-0.19161105
-5.4639235,-0.7350967,-1.9191884,0.50476557,-0.19673589
-5.480823,-0.78162557,-1.9356327,0.5017171,-0.19779614
-5.4983754,-0.8275812,-1.9520648,0.4986686,-0.19885638
-5.516565,-0.8729552,-1.9684832,0.49562013,-0.19991665
-5.5353775,-0.9177393,-1.9848872,0.49192047,-0.20251006
-5.5547657,-0.96185344,-2.001377,0.48822084,-0.20510346
-5.574717,-1.0052893,-2.0179496,0.4845212,-0.20769687
-5.595217,-1.0480387,-2.0346017,0.48108897,-0.20947324
-5.6162686,-1.0901247,-2.051275,0.47765675,-0.2112496
-5.637855,-1.1315404,-2.0679677,0.4742245,-0.21302597
-5.6599617,-1.1722795,-2.0846775,0.47215167,-0.2127387
-5.6826477,-1.2124696,-2.1012924,0.47007883,-0.21245141
-5.705897,-1.2521049,-2.1178124,0.46800599,-0.21216413
-5.729694,-1.2911801,-2.1342375,0.4666922,-0.2107824
-5.7540684,-1.3297621,-2.1505113,0.46537846,-0.20940067
-5.779004,-1.367846,-2.1666348,0.46406472,-0.20801893
-5.8044863,-1.4054276,-2.182608,0.46205842,-0.19706985
-5.830511,-1.44252,-2.1976862,0.46005213,-0.18612078
-5.857033,-1.4791342,-2.2118747,0.4580458,-0.1751717
-5.8840075,-1.5152825,-2.2251794,0.45662156,-0.16535892
-5.911422,-1.5510178,-2.2377064,0.4551973,-0.15554611
-5.9392385,-1.5863525,-2.2494597,0.45377302,-0.14573333
-5.967422,-1.6213003,-2.2604423,0.45225245,-0.14135958
-5.9959106,-1.6558423,-2.271062,0.45073187,-0.13698584
-6.0246844,-1.6899855,-2.2813203,0.4492113,-0.1326121
-6.053726,-1.7237377,-2.2912197,0.44819996,-0.13073868
-6.0830417,-1.7571336,-2.3009582,0.44718862,-0.12886526
-6.1126213,-1.7901759,-2.3105361,0.44617727,-0.12699184
-6.142456,-1.8228672,-2.3199542,0.44387975,-0.14406936
-6.172372,-1.8550341,-2.3305757,0.4415822,-0.16114688
-6.202392,-1.8866335,-2.3423843,0.43928468,-0.1782244
-6.2325373,-1.9176228,-2.3553638,0.4363228,-0.19888504
-6.262757,-1.9478924,-2.3697317,0.43336093,-0.21954566
-6.2930665,-1.9773926,-2.3854618,0.43039906,-0.2402063
-6.3234787,-2.006075,-2.4025273,0.42890447,-0.25226903
-6.3541756,-2.0340514,-2.4203699,0.42740992,-0.26433176
-6.3851595,-2.0612931,-2.438981,0.42591536,-0.2763945
-6.4164295,-2.0877717,-2.4583523,0.42654362,-0.28714192
-6.448155,-2.1135974,-2.478486,0.42717192,-0.29788935
-6.480337,-2.1387346,-2.499382,0.42780018,-0.3
-6.5130644,-2.163214,-2.5204527,0.4310096,-0.3
-6.5465493,-2.1871767,-2.5416813,0.43421897,-0.3
-6.580788,-2.2105966,-2.5630682,0.43742839,-0.3
-6.615777,-2.2334464,-2.5846128,0.44257015,-0.3
-6.651667,-2.255797,-2.606411,0.44771194,-0.3
-6.688458,-2.27761,-2.6284623,0.45285374,-0.3
-6.726149,-2.2988482,-2.6507668,0.46056202,-0.3
-6.7649536,-2.3195875,-2.6734512,0.4682703,-0.3
-6.8048763,-2.3397734,-2.6965148,0.47597858,-0.3
-6.845918,-2.3593502,-2.7199585,0.4867605,-0.299482
-6.8883543,-2.3783844,-2.743893,0.4975424,-0.298964
-6.932191,-2.3967993,-2.7683165,0.5083243,-0.298446
-6.9774303,-2.414517,-2.7932274,0.5207242,-0.28206974
-7.024441,-2.4315898,-2.8173842,0.523,-0.2656935
-7.0722766,-2.447666,-2.8402722,0.523,-0.24931723
-7.120676,-2.4627078,-2.86178,0.523,-0.19911608
-7.1699486,-2.4768662,-2.879022,0.523,-0.14891492
-7.2198973,-2.4902914,-2.8919542,0.523,-0.09871377
-7.2703295,-2.5031493,-2.900545,0.523,-0.0494303
-7.321055,-2.515619,-2.9048517,0.523,-0.00014683008
-7.3718963,-2.5278852,-2.9048645,0.523,0.04913664
-7.4226766,-2.540136,-2.9005833,0.523,0.072682634
-7.4733305,-2.5525863,-2.8942533,0.523,0.09622862
-7.5238047,-2.5653315,-2.8858783,0.523,0.11977462
-7.5740414,-2.5784652,-2.875463,0.523,0.1250327
-7.6241064,-2.5921125,-2.8645926,0.523,0.13029078
-7.673986,-2.606294,-2.8532677,0.523,0.13554886
-7.7236676,-2.621029,-2.8414884,0.523,0.14065132
-7.7731366,-2.636337,-2.8292687,0.523,0.14575376
-7.8223786,-2.652237,-2.816609,0.523,0.1508562
-7.871378,-2.6687465,-2.803509,0.523,0.15971266
-7.9200897,-2.6858726,-2.7896464,0.523,0.16856912
-7.9684877,-2.7036462,-2.7750223,0.523,0.1774256
-8.016546,-2.722097,-2.7596378,0.523,0.1959665
-8.064149,-2.7412179,-2.7426653,0.523,0.2145074
-8.111238,-2.7610672,-2.7241104,0.523,0.2330483
-8.157753,-2.7816994,-2.7039797,0.523,0.23038289
-8.203874,-2.8032775,-2.684075,0.523,0.22771747
-8.249583,-2.8257833,-2.6643968,0.523,0.22505206
-8.294869,-2.8491983,-2.644945,0.523,0.22905082
-8.339649,-2.8734674,-2.6251535,0.523,0.23304959
-8.383899,-2.8985944,-2.6050227,0.523,0.23704836
-8.427592,-2.924582,-2.584553,0.523,0.2129685
-8.470983,-2.951607,-2.5661292,0.523,0.18888862
-8.514079,-2.9795637,-2.5497622,0.523,0.16480877
-8.556895,-3.0083456,-2.5354614,0.523,0.104274735
-8.599646,-3.0379786,-2.5263884,0.523,0.0437407
-8.642316,-3.0681334,-2.522577,0.523,-0.01679333
-8.684905,-3.0984752,-2.5240407,0.523,-0.050381057
-8.727491,-3.1287208,-2.5284305,0.523,-0.08396879
-8.770113,-3.158711,-2.535741,0.523,-0.11755652
