-1.8991086,0.29274175,0.69198143,0.11624073,0.0
-1.8901584,0.30015865,0.69198143,0.08634442,-0.047264934
-1.8835174,0.30566183,0.69130147,0.05644811,-0.09452987
-1.879188,0.30924457,0.6904135,0.0265518,-0.1417948
-1.8771614,0.31091857,0.6897881,-0.0033820246,-0.18983445
-1.8774176,0.3107072,0.68989444,-0.03331585,-0.23787408
-1.879915,0.3086465,0.6912029,-0.06324968,-0.2859137
-1.8845904,0.30477825,0.69417596,-0.09310843,-0.3
-1.8914269,0.29908764,0.6987619,-0.12296718,-0.3
-1.9004213,0.29153085,0.7048184,-0.15282594,-0.3
-1.9115425,0.28207156,0.7123456,-0.18253043,-0.3
-1.92474,0.27067402,0.7213358,-0.21223491,-0.3
-1.9399654,0.25728425,0.7317891,-0.2419394,-0.3
-1.9571613,0.24183987,0.74370545,-0.2714058,-0.28099617
-1.9763523,0.22418584,0.7562495,-0.3008722,-0.26199234
-1.9974915,0.20424455,0.7692374,-0.3303386,-0.2429885
-2.0205271,0.18194163,0.78248423,-0.35875535,-0.23233208
-2.0452852,0.15732741,0.79625136,-0.38717207,-0.22167565
-2.071701,0.13033184,0.81043893,-0.41558883,-0.21101922
-2.0997074,0.10088668,0.8249469,-0.44189763,-0.16783741
-2.129273,0.068884864,0.8372501,-0.46820647,-0.12465562
-2.1603765,0.034376126,0.8469523,-0.4945153,-0.08147381
-2.1930182,-0.00255329,0.8536599,-0.51512504,-0.0150720235
-2.2268698,-0.041373383,0.8549539,-0.523,0.05132977
-2.2611465,-0.08078388,0.85048157,-0.523,0.11773156
-2.295406,-0.11982036,0.84024304,-0.523,0.1649151
-2.3298314,-0.15824518,0.825933,-0.523,0.21209863
-2.3644896,-0.1958335,0.80758333,-0.523,0.25928217
-2.3994334,-0.23236321,0.785235,-0.523,0.26096457
-2.4351687,-0.2680869,0.7627449,-0.523,0.262647
-2.471682,-0.30298224,0.74011314,-0.523,0.2643294
-2.5089586,-0.33702686,0.7173398,-0.523,0.23897882
-2.5472496,-0.37043086,0.69670653,-0.523,0.21362822
-2.5864499,-0.40322864,0.6782266,-0.523,0.18827763
-2.6264553,-0.43546245,0.66191185,-0.523,0.1542973
-2.6672204,-0.4672255,0.6485155,-0.523,0.120317
-2.7086012,-0.49858654,0.6380532,-0.523,0.08633668
-2.7504551,-0.5296221,0.63053685,-0.523,0.05069061
-2.7926443,-0.5604175,0.6261202,-0.523,0.01504454
-2.8350184,-0.59106207,0.6248089,-0.523,-0.02060153
-2.8774285,-0.6216481,0.62660456,-0.523,-0.05390504
-2.9197314,-0.6522721,0.631301,-0.523,-0.087208554
-2.9617906,-0.683022,0.638893,-0.523,-0.12051206
-3.0034702,-0.7139827,0.6493723,-0.523,-0.14769253
-3.0446718,-0.7452635,0.6621994,-0.523,-0.174873
-3.0852888,-0.7769299,0.6773649,-0.523,-0.20205347
-3.1252131,-0.8090417,0.6948576,-0.523,-0.21323074
-3.1644773,-0.8417697,0.7133037,-0.523,-0.22440803
-3.203035,-0.8751334,0.7327008,-0.523,-0.2355853
-3.2408395,-0.9091495,0.75304663,-0.523,-0.22185943
-3.2780628,-0.944039,0.7722271,-0.523,-0.20813355
-3.3147197,-0.9797429,0.7902387,-0.523,-0.19440767
-3.3508286,-1.0162032,0.807078,-0.523,-0.18115383
-3.386408,-1.0533596,0.8227824,-0.523,-0.16789998
-3.4214816,-1.0911586,0.837349,-0.523,-0.15464614
-3.4560752,-1.1295471,0.8507753,-0.523,-0.14496279
-3.4902,-1.1684535,0.863367,-0.523,-0.13527945
-3.5238783,-1.2078401,0.87512296,-0.523,-0.1255961
-3.5571337,-1.2476705,0.886042,-0.523,-0.120438114
-3.5899727,-1.2878873,0.89651483,-0.523,-0.11528014
-3.6224089,-1.3284706,0.90654117,-0.523,-0.11012215
-3.6544552,-1.3694009,0.91612077,-0.523,-0.10620281
-3.6861212,-1.410654,0.9253607,-0.523,-0.10228347
-3.7174177,-1.4522147,0.9342609,-0.523,-0.09836413
-3.7483552,-1.494069,0.94282115,-0.523,-0.09659534
-3.7789385,-1.5361938,0.95122796,-0.523,-0.09482655
-3.809172,-1.5785816,0.9594813,-0.523,-0.09305776
-3.8390594,-1.6212244,0.9675811,-0.523,-0.09560725
-3.8685932,-1.6640975,0.9759022,-0.523,-0.09815674
-3.8977623,-1.7072043,0.98444444,-0.523,-0.100706235
-3.9265547,-1.7505476,0.9932078,-0.523,-0.10515858
-3.954953,-1.7941216,1.0023572,-0.523,-0.10961093
-3.9829378,-1.8379326,1.0118926,-0.523,-0.11406328
-4.01049,-1.8819863,1.0218135,-0.523,-0.11682998
-4.0375953,-1.926297,1.0319741,-0.523,-0.119596675
-4.06424,-1.9708661,1.0423741,-0.523,-0.12236337
-4.090411,-2.0156949,1.0530134,-0.523,-0.123765126
-4.1160994,-2.0607917,1.0637742,-0.523,-0.12516686
-4.1412964,-2.1061544,1.0746561,-0.523,-0.12656862
-4.1659937,-2.1517804,1.0856593,-0.523,-0.12408537
-4.190195,-2.19769,1.0964476,-0.523,-0.12160212
-4.2139072,-2.243872,1.1070211,-0.523,-0.11911887
-4.237137,-2.290316,1.1173798,-0.523,-0.10733489
-4.2599144,-2.337061,1.1267178,-0.523,-0.09555091
-4.2822814,-2.3840728,1.1350341,-0.523,-0.08376692
-4.30428,-2.431319,1.1423272,-0.523,-0.06828576
-4.3259587,-2.4787803,1.1482748,-0.523,-0.0528046
-4.347375,-2.5264144,1.1528754,-0.523,-0.037323438
-4.3685865,-2.57418,1.156128,-0.523,-0.026266467
-4.3896503,-2.622031,1.1584173,-0.523,-0.015209496
-4.4106092,-2.6699412,1.1597431,-0.523,-0.0041525243
-4.431507,-2.717884,1.160105,-0.523,-0.0024323345
-4.4523873,-2.765835,1.1603171,-0.523,-0.00071214436
-4.4732575,-2.8137903,1.1603792,-0.523,0.0010080456
-4.494125,-2.861747,1.1602913,-0.523,-0.0013127029
-4.514996,-2.909702,1.1604058,-0.523,-0.0036334514
-4.535862,-2.957659,1.1607224,-0.523,-0.0059542
-4.5567126,-3.005622,1.1612414,-0.523,-0.011867737
-4.577537,-3.0535932,1.1622759,-0.523,-0.017781276
-4.59831,-3.1015818,1.1638258,-0.523,-0.023694813
-4.619006,-3.1495967,1.1658909,-0.523,-0.036430918
-4.639595,-3.197636,1.1690658,-0.523,-0.049167026
-4.6600204,-3.245714,1.1733497,-0.523,-0.06190313
-4.680225,-3.293845,1.1787422,-0.523,-0.06936236
-4.70016,-3.3420603,1.1847835,-0.523,-0.07682158
-4.719793,-3.3903692,1.1914731,-0.523,-0.084280804
-4.7390904,-3.4387789,1.1988109,-0.523,-0.08775106
-4.7580266,-3.4873147,1.2064501,-0.523,-0.09122132
-4.7765856,-3.5359783,1.2143905,-0.523,-0.09469158
-4.7947516,-3.584772,1.2226322,-0.523,-0.100177854
-4.8125057,-3.6336875,1.2313497,-0.523,-0.10566413
-4.8298225,-3.6827283,1.240543,-0.523,-0.1111504
-4.846678,-3.7318966,1.2502116,-0.523,-0.12765373
-4.8630247,-3.7811282,1.2613086,-0.523,-0.14415707
-4.8787885,-3.8304267,1.2738308,-0.523,-0.1606604
-4.893895,-3.8797934,1.2877749,-0.523,-0.17610101
-4.9082747,-3.929236,1.3030459,-0.523,-0.19154163
-4.9218583,-3.97875,1.3196399,-0.523,-0.20698224
-4.9345784,-4.028328,1.3375534,-0.523,-0.21694943
-4.9463835,-4.078019,1.3563161,-0.523,-0.22691663
-4.9572296,-4.1278105,1.3759264,-0.523,-0.23688382
-4.9670744,-4.1776876,1.3963822,-0.523,-0.23737948
-4.9758954,-4.22775,1.41688,-0.523,-0.23787513
-4.983688,-4.2779765,1.4374198,-0.523,-0.23837079
-4.990446,-4.3283463,1.4580015,-0.523,-0.23365411
-4.9961724,-4.378902,1.4781836,-0.523,-0.22893743
-5.000883,-4.429619,1.4979655,-0.523,-0.22422075
-5.004594,-4.4804745,1.5173466,-0.523,-0.22235781
-5.007319,-4.531414,1.5365695,-0.523,-0.22049487
-5.009065,-4.582418,1.5556339,-0.523,-0.21863192
-5.0098395,-4.633467,1.5745399,-0.523,-0.20997044
-5.009648,-4.684618,1.5927081,-0.523,-0.20130897
-5.0085254,-4.7358494,1.6101373,-0.523,-0.1926475
-5.006506,-4.7871423,1.626826,-0.523,-0.18873478
-5.003629,-4.838433,1.6431799,-0.523,-0.18482208
-4.9999113,-4.8897076,1.6591988,-0.523,-0.18090937
-4.9953694,-4.9409533,1.674882,-0.523,-0.17008336
-4.990014,-4.9922194,1.6896363,-0.523,-0.15925735
-4.9838915,-5.0434937,1.7034596,-0.523,-0.14843136
-4.97705,-5.0947638,1.7163504,-0.523,-0.13702089
-4.9695354,-5.146026,1.7282568,-0.523,-0.12561041
-4.9613986,-5.197272,1.739177,-0.523,-0.11419993
-4.952691,-5.2484965,1.7491099,-0.523,-0.114268504
-4.9434752,-5.2996316,1.7590486,-0.523,-0.11433708
-4.9337516,-5.3506722,1.7689933,-0.523,-0.114405654
-4.9235206,-5.401613,1.7789439,-0.523,-0.093932524
-4.9127607,-5.4525585,1.7871196,-0.523,-0.07345939
-4.9015656,-5.503502,1.7935171,-0.523,-0.052986253
-4.8900294,-5.5544386,1.7981336,-0.523,-0.040804602
-4.8782516,-5.6053505,1.8016894,-0.523,-0.02862295
-4.8662877,-5.6562414,1.804184,-0.523,-0.016441297
-4.8541937,-5.7071166,1.8056171,-0.51740205,0.0037602782
-4.8421555,-5.7574368,1.8052928,-0.51180416,0.023961853
-4.830267,-5.807202,1.803249,-0.5062062,0.04416343
-4.818617,-5.8564134,1.7995243,-0.4898952,0.0484614
-4.8075223,-5.904071,1.7955691,-0.47358415,0.05275937
-4.7969813,-5.950174,1.7914066,-0.4572731,0.057057343
-4.7869916,-5.99472,1.7870605,-0.4402668,0.048466314
-4.7775555,-6.0376706,1.7835056,-0.42326045,0.03987528
-4.768627,-6.07901,1.7806933,-0.40625414,0.03128425
-4.7601666,-6.1187243,1.7785754,-0.38899773,0.058125295
-4.7521553,-6.156723,1.7748091,-0.37174132,0.08496634
-4.7446513,-6.192995,1.7695513,-0.35448492,0.11180738
-4.7376957,-6.2275286,1.7629594,-0.33491015,0.1212576
-4.731346,-6.260162,1.7562075,-0.3153354,0.13070783
-4.7255826,-6.2908907,1.7493576,-0.29576063,0.14015804
-4.7203813,-6.3197107,1.7424713,-0.29201788,0.1305118
-4.715435,-6.348239,1.7361374,-0.28827512,0.12086556
-4.710725,-6.376466,1.7303444,-0.28453234,0.11121932
-4.7062325,-6.404384,1.725081,-0.27423975,0.1349415
-4.7020564,-6.431236,1.718932,-0.26394713,0.15866369
-4.6982093,-6.4570136,1.7119814,-0.2536545,0.18238586
-4.6946993,-6.48171,1.7043136,-0.2337846,0.18717521
-4.6916413,-6.5044756,1.697063,-0.21391469,0.19196455
-4.6889973,-6.525307,1.690261,-0.19404478,0.19675389
-4.686729,-6.5442014,1.6839387,-0.18887237,0.19130148
-4.6846356,-6.562626,1.6779535,-0.18369997,0.18584907
-4.682705,-6.580576,1.6722962,-0.17852755,0.18039668
-4.6809254,-6.5980487,1.6669575,-0.17870282,0.17626104
-4.679236,-6.6155605,1.6617349,-0.17887808,0.1721254
-4.6776357,-6.6331115,1.6566287,-0.17905334,0.16798978
-4.676122,-6.6506996,1.651639,-0.17575935,0.17172778
-4.6747236,-6.6679606,1.6466333,-0.17246535,0.17546579
-4.673437,-6.684893,1.6416155,-0.16917138,0.17920381
-4.6722593,-6.701498,1.6365898,-0.16707413,0.19035237
-4.6711807,-6.717868,1.6313213,-0.16497688,0.20150092
-4.6702027,-6.734002,1.6258181,-0.16287965,0.21264948
-4.6693273,-6.7498994,1.6200888,-0.15944938,0.23155123
-4.668563,-6.7654,1.6139903,-0.15601912,0.250453
-4.66791,-6.780501,1.6075455,-0.15258887,0.26935473
-4.6673694,-6.7951994,1.600778,-0.15095374,0.2990024
-4.6669374,-6.809619,1.593367,-0.14931862,0.3286501
-4.6666183,-6.8237476,1.5853345,-0.14768349,0.35829777
-4.666417,-6.837577,1.5767028,-0.15002652,0.39102575
-4.666335,-6.8514466,1.5671728,-0.15236954,0.42375374
-4.6663857,-6.865336,1.5567307,-0.15471256,0.45648172
-4.6665807,-6.879222,1.5453647,-0.14996813,0.48129973
-4.6669188,-6.8925104,1.5337939,-0.1452237,0.50611776
-4.667389,-6.905204,1.5220602,-0.14047927,0.53093576
-4.667979,-6.917303,1.5102051,-0.13727936,0.57406193
-4.668677,-6.9288096,1.4977802,-0.13407946,0.6171881
-4.6694746,-6.9397144,1.4848473,-0.13087954,0.66031426
-4.670362,-6.950013,1.4714679,-0.12130466,0.71992683
-4.6712666,-6.959089,1.4581379,-0.11172978,0.77953947
-4.6721597,-6.9669847,1.4450477,-0.102154896,0.83915204
-4.6730156,-6.973756,1.4323792,-0.08897575,0.9190689
-4.6737604,-6.979101,1.4205894,-0.075796604,0.9989857
-4.674374,-6.9831567,1.4099662,-0.06261746,1.0
-4.674916,-6.9864964,1.4011844,-0.04277726,1.0
-4.6753063,-6.988775,1.3951851,-0.022937054,1.0
-4.675523,-6.989995,1.3919683,-0.0030968513,1.0
-4.6755524,-6.9901595,1.391534,0.01791984,1.0
-4.6753798,-6.989207,1.3940471,0.038936533,1.0
-4.6750097,-6.987136,1.3995078,0.059953224,1.0
-4.6744576,-6.983944,1.407916,0.081404105,1.0
-4.6737447,-6.979604,1.4193325,0.10285498,1.0
-4.672906,-6.97411,1.4337574,0.12430587,1.0
-4.6719885,-6.967457,1.4511907,0.14711232,1.0
-4.67104,-6.959565,1.4718225,0.16991878,1.0
-4.6701326,-6.9504294,1.4956528,0.19272524,1.0
-4.669351,-6.940046,1.5226816,0.21501337,1.0
-4.6687922,-6.928442,1.5528362,0.2373015,1.0
-4.668562,-6.9156227,1.5861166,0.2595896,1.0
-4.668777,-6.9015985,1.6225227,0.2824651,1.0
-4.669566,-6.8863573,1.6621372,0.3053406,1.0
-4.671071,-6.8699284,1.7049596,0.3282161,1.0
-4.673443,-6.852354,1.7509904,0.35592628,1.0
-4.6768894,-6.8334346,1.8009073,0.38363647,1.0
-4.6816173,-6.8132534,1.8547105,0.41134667,1.0
-4.687843,-6.791918,1.9123999,0.43939924,1.0
-4.695796,-6.769549,1.9740235,0.46745184,1.0
-4.705706,-6.746318,2.0395813,0.49550444,1.0
-4.717802,-6.7224336,2.1090734,0.5076477,0.9345445
-4.733266,-6.6965356,2.177126,0.51979095,0.869089
-4.7523866,-6.668963,2.2432902,0.523,0.8036336
-4.775,-6.6405654,2.30604,0.5039083,0.79304093
-4.798717,-6.6143413,2.3658783,0.48481655,0.7824483
-4.8232636,-6.5902658,2.4228458,0.4657248,0.7718557
-4.8483825,-6.5682907,2.4769835,0.44731483,0.7636149
-4.8738165,-6.5483623,2.5285394,0.42890483,0.7553741
-4.8993554,-6.5303965,2.5775461,0.41049486,0.74713326
-4.924806,-6.5142965,2.6240373,0.38509932,0.72046846
-4.949956,-6.499978,2.6663814,0.35970378,0.6938037
-4.9745464,-6.4873257,2.7047179,0.33430827,0.66713893
-4.9983425,-6.4762135,2.7391927,0.30650434,0.6160568
-5.0213604,-6.4664164,2.7687104,0.27870044,0.5649746
-5.043282,-6.457841,2.7935793,0.2508965,0.5138925
-5.063821,-6.45039,2.814135,0.22184679,0.4498337
-5.082737,-6.4439645,2.830212,0.19279705,0.38577488
-5.099741,-6.438492,2.8423028,0.16374733,0.32171607
-5.114585,-6.4339113,2.8509324,0.13472745,0.23493889
-5.127138,-6.430156,2.8561592,0.105707586,0.14816168
-5.13717,-6.4272127,2.85876,0.076687716,0.061384488
-5.1445203,-6.4250765,2.859544,0.047555517,-0.021463161
-5.149087,-6.4237533,2.859374,0.018423323,-0.10431081
-5.1508465,-6.423243,2.8590543,-0.010708873,-0.18715847
-5.149836,-6.4235363,2.8593864,-0.04033046,-0.23756795
-5.1460714,-6.424628,2.8609684,-0.06995204,-0.28797743
-5.1396265,-6.4264855,2.8642795,-0.09957362,-0.3
-5.1304774,-6.4290895,2.8691838,-0.12924233,-0.3
-5.1185856,-6.4324117,2.8755496,-0.15891103,-0.3
-5.1039386,-6.436403,2.8833764,-0.18857974,-0.3
-5.08652,-6.4410033,2.8926647,-0.21829782,-0.24766271
-5.0660086,-6.4462175,2.9015834,-0.24801591,-0.19532542
-5.042376,-6.452001,2.9096062,-0.277734,-0.14298813
-5.0156226,-6.458321,2.9162025,-0.30681768,-0.07871896
-4.9858093,-6.465157,2.9202237,-0.33590135,-0.014449787
-4.9530425,-6.4725313,2.9210327,-0.36498502,0.049819387
-4.9174724,-6.4805064,2.9180033,-0.39082217,0.12392534
-4.8796554,-6.4891057,2.909952,-0.41665933,0.19803129
-4.839895,-6.498484,2.8962896,-0.4424965,0.27213725
-4.798549,-6.508835,2.8764665,-0.4326616,0.3092038
-4.758775,-6.5196342,2.8545232,-0.42282668,0.34627035
-4.7206297,-6.5308957,2.830606,-0.4129918,0.3833369
-4.684165,-6.542616,2.8048615,-0.3983675,0.3405222
-4.6487246,-6.5550222,2.7826872,-0.38374323,0.29770747
-4.614376,-6.5679083,2.7639267,-0.36911893,0.25489274
-4.581174,-6.58108,2.748415,-0.37003598,0.284174
-4.5483646,-6.5946884,2.7311242,-0.37095305,0.31345525
-4.516008,-6.60877,2.7120605,-0.3718701,0.3427365
-4.4841657,-6.6233554,2.6912315,-0.35010603,0.304556
-4.4540963,-6.6378937,2.673734,-0.328342,0.2663755
-4.425824,-6.652179,2.6593287,-0.30657792,0.228195
-4.3993673,-6.666029,2.6477697,-0.29347262,0.2290075
-4.374201,-6.6795764,2.636666,-0.2803673,0.22982001
-4.350308,-6.6927824,2.6260214,-0.267262,0.23063251
-4.3276715,-6.7056103,2.615839,-0.25334156,0.22324294
-4.3063025,-6.718009,2.6064909,-0.23942108,0.21585335
-4.2861853,-6.7299347,2.5979443,-0.22550063,0.20846377
-4.267304,-6.7413464,2.590166,-0.20859918,0.17922178
-4.2498207,-6.7521,2.5839686,-0.19169773,0.14997979
-4.2337375,-6.7621303,2.5791948,-0.17479628,0.1207378
-4.2190576,-6.771383,2.5756857,-0.15806252,0.07278451
-4.205751,-6.779835,2.57377,-0.14132874,0.02483123
-4.1938396,-6.7874336,2.5731852,-0.124594964,-0.023122054
-4.183342,-6.7941384,2.5736654,-0.10104636,-0.07708233
-4.1748486,-6.7995577,2.5749621,-0.07749775,-0.1310426
-4.168366,-6.803682,2.57665,-0.053949144,-0.18500288
-4.1638875,-6.806521,2.578304,-0.029077576,-0.25164184
-4.161506,-6.8080244,2.5795107,-0.0042060097,-0.3
-4.161166,-6.808239,2.5797179,0.020665558,-0.3
-4.162837,-6.807187,2.5787,0.04984978,-0.3
-4.1668644,-6.8046455,2.5762446,0.079034,-0.3
-4.17324,-6.800601,2.572352,0.10821822,-0.3
-4.181948,-6.795028,2.5670218,0.1380308,-0.3
-4.1930175,-6.787862,2.5602233,0.16784337,-0.3
-4.206418,-6.779056,2.5519567,0.19765595,-0.3
-4.222112,-6.768556,2.5422213,0.2276495,-0.29284775
-4.2401085,-6.756261,2.5312684,0.25764304,-0.28569552
-4.260366,-6.7420926,2.5191667,0.2876366,-0.2785433
-4.2828345,-6.72597,2.5059855,0.31763652,-0.23287448
-4.307705,-6.7076216,2.4937685,0.34763646,-0.18720566
-4.3349414,-6.68701,2.482985,0.3776364,-0.14153685
-4.3645077,-6.6641293,2.4741066,0.40763637,-0.19730382
-4.3959017,-6.6393857,2.4607885,0.43763635,-0.2530708
-4.428826,-6.612717,2.442526,0.4676363,-0.3
