-3.4534,-2.3317158,-0.4882625,0.3642519,0.0
-3.421231,-2.3488026,-0.4882625,0.33566406,0.032782745
-3.3916028,-2.3645399,-0.48642883,0.30707622,0.06556549
-3.3645153,-2.3788638,-0.48307565,0.27848837,0.09834824
-3.3399725,-2.3917372,-0.4785182,0.24966769,0.12512997
-3.3179834,-2.4031436,-0.47332495,0.22084701,0.15191169
-3.298553,-2.413095,-0.4677549,0.19202632,0.17869341
-3.281686,-2.4216154,-0.4620663,0.16309682,0.20718174
-3.2673988,-2.4287307,-0.45647472,0.1341673,0.23567006
-3.2556887,-2.4344811,-0.4512535,0.10523778,0.2641584
-3.246547,-2.4389114,-0.44667396,0.076193675,0.2849996
-3.2399523,-2.4420698,-0.44310355,0.047149565,0.30584082
-3.2358904,-2.4439976,-0.4407375,0.018105455,0.32668203
-3.2343395,-2.444729,-0.43976912,-0.010925608,0.35098383
-3.2352676,-2.4442923,-0.4403952,-0.03995667,0.37528563
-3.2386305,-2.4427075,-0.44283617,-0.068987735,0.39958742
-3.2443728,-2.4399843,-0.4473093,-0.097787224,0.4101684
-3.252458,-2.4361055,-0.4538083,-0.1265867,0.4207494
-3.2628434,-2.43104,-0.46242556,-0.1553862,0.43133038
-3.2754762,-2.4247427,-0.47325286,-0.18312214,0.4143922
-3.2903962,-2.4171028,-0.4855414,-0.21085808,0.397454
-3.3075912,-2.4080293,-0.4991443,-0.23859403,0.3805158
-3.3270411,-2.3974254,-0.5139132,-0.26379493,0.34796658
-3.3486364,-2.3852348,-0.528905,-0.28899586,0.31541735
-3.3723564,-2.3713717,-0.5438467,-0.3141968,0.28286812
-3.3981745,-2.3557603,-0.5584627,-0.33333507,0.2459924
-3.4255927,-2.3386292,-0.57199156,-0.35247335,0.20911671
-3.454584,-2.3199651,-0.5841869,-0.37161165,0.17224102
-3.4851234,-2.2997732,-0.594802,-0.3860839,0.16857567
-3.516648,-2.278446,-0.60559815,-0.40055618,0.16491032
-3.5491333,-2.2559536,-0.6165576,-0.41502842,0.16124496
-3.5825553,-2.2322667,-0.6276629,-0.42595357,0.16499476
-3.6165638,-2.207592,-0.6393232,-0.4368787,0.16874456
-3.6511252,-2.1818957,-0.6515517,-0.44780388,0.17249437
-3.6862037,-2.155143,-0.66436195,-0.45542738,0.17617866
-3.721505,-2.127498,-0.67766565,-0.4630509,0.17986298
-3.7569964,-2.0989342,-0.6914719,-0.47067443,0.18354729
-3.7926438,-2.0694246,-0.7057897,-0.4760614,0.1859849
-3.828252,-2.0390782,-0.7204614,-0.4814484,0.18842252
-3.8637927,-2.0078776,-0.7354914,-0.48683542,0.19086012
-3.899236,-1.9758065,-0.7508838,-0.4906968,0.1917473
-3.9344528,-1.9429406,-0.76646954,-0.49455813,0.19263446
-3.96942,-1.9092727,-0.7822497,-0.4984195,0.19352163
-4.004114,-1.874796,-0.79822534,-0.50082135,0.19540803
-4.0384054,-1.8396139,-0.8144325,-0.5032231,0.19729444
-4.0722704,-1.8037226,-0.83087254,-0.50562495,0.19918084
-4.1056876,-1.7671195,-0.8475469,-0.5072793,0.2018449
-4.138579,-1.7298629,-0.8644965,-0.5089336,0.20450895
-4.1709213,-1.6919518,-0.8817228,-0.5105879,0.207173
-4.2026916,-1.6533854,-0.89922696,-0.5124127,0.21061918
-4.23387,-1.6141578,-0.9170816,-0.5142375,0.21406534
-4.264429,-1.5742679,-0.93528855,-0.5160624,0.21751152
-4.29434,-1.5337152,-0.9538496,-0.51789325,0.22552241
-4.323544,-1.4925431,-0.9731511,-0.51972413,0.2335333
-4.351995,-1.4507456,-0.99319655,-0.52155507,0.24154419
-4.379646,-1.4083195,-1.0139894,-0.523,0.2458305
-4.406454,-1.3652544,-1.0352025,-0.523,0.25011683
-4.432315,-1.3216777,-1.0567777,-0.523,0.2544031
-4.4572024,-1.277602,-1.0787147,-0.523,0.25470644
-4.481115,-1.2329944,-1.1006774,-0.523,0.25500977
-4.5040402,-1.1878761,-1.1226656,-0.523,0.25531307
-4.525966,-1.1422682,-1.1446794,-0.523,0.2541132
-4.54689,-1.0961744,-1.166592,-0.523,0.25291333
-4.5668044,-1.0496186,-1.1884032,-0.523,0.25171345
-4.5857043,-1.0026251,-1.2101134,-0.523,0.24687245
-4.6036024,-0.9551739,-1.2314144,-0.523,0.24203146
-4.620506,-0.9072945,-1.2523062,-0.523,0.23719046
-4.636424,-0.8590154,-1.2727879,-0.5221401,0.23416367
-4.6513367,-0.810465,-1.29298,-0.5212801,0.23113689
-4.6652527,-0.76166886,-1.3128828,-0.5204202,0.22811009
-4.678183,-0.71265167,-1.3324972,-0.5192246,0.22196719
-4.690139,-0.6634344,-1.3515483,-0.518029,0.2158243
-4.701144,-0.6140446,-1.3700379,-0.5168334,0.2096814
-4.7112246,-0.56450856,-1.3879676,-0.5156287,0.20434639
-4.720404,-0.51486003,-1.4054067,-0.514424,0.19901136
-4.7287064,-0.46512106,-1.422357,-0.5132193,0.19367634
-4.736155,-0.41531253,-1.43882,-0.5117338,0.18612863
-4.7427726,-0.36546034,-1.4546033,-0.51024824,0.17858091
-4.748594,-0.31558555,-1.4697094,-0.5087627,0.1710332
-4.753653,-0.26570752,-1.4841413,-0.508365,0.16361931
-4.757994,-0.21573819,-1.4979427,-0.50796723,0.15620543
-4.7616467,-0.16569304,-1.5111135,-0.50756943,0.14879154
-4.764641,-0.11558629,-1.5236541,-0.50819254,0.13934752
-4.767012,-0.06531555,-1.5354185,-0.5088156,0.12990351
-4.768797,-0.01489427,-1.5464038,-0.50943863,0.12045949
-4.7700305,0.035665385,-1.5566068,-0.50974804,0.111190006
-4.770749,0.08632031,-1.5660338,-0.51005745,0.101920515
-4.770991,0.13706079,-1.5746831,-0.51036686,0.092651024
-4.7707934,0.18787819,-1.5825528,-0.51116973,0.0882677
-4.7701945,0.23879264,-1.590063,-0.5119726,0.083884366
-4.769212,0.28980044,-1.5972123,-0.5127755,0.07950103
-4.767862,0.3408982,-1.6039995,-0.51488113,0.074529074
-4.766157,0.39221507,-1.6103892,-0.51698685,0.069557115
-4.764116,0.4437483,-1.6163777,-0.5190925,0.064585164
-4.7617555,0.49549553,-1.6219615,-0.5219968,0.05912314
-4.7590904,0.54753584,-1.6271021,-0.523,0.05366112
-4.7561517,0.59967774,-1.6317774,-0.523,0.0481991
-4.752968,0.65181994,-1.6359771,-0.523,0.04184392
-4.749564,0.70396316,-1.6396234,-0.523,0.035488743
-4.74597,0.7561065,-1.6427162,-0.523,0.029133564
-4.7422132,0.8082492,-1.6452553,-0.523,0.02690624
-4.738324,0.86038536,-1.6476004,-0.523,0.024678916
-4.7343125,0.91251534,-1.6497513,-0.523,0.02245159
-4.7301884,0.96463925,-1.6517082,-0.523,0.020513093
-4.725962,1.0167571,-1.6534961,-0.523,0.018574595
-4.7216425,1.0688695,-1.6551151,-0.523,0.016636098
-4.7172384,1.1209764,-1.6565652,-0.523,0.022056067
-4.7127595,1.1730715,-1.6584876,-0.523,0.027476037
-4.708181,1.2251508,-1.6608822,-0.523,0.032896005
-4.7034783,1.2772106,-1.6637492,-0.523,0.030506337
-4.698626,1.3292606,-1.666408,-0.523,0.028116668
-4.693635,1.3813012,-1.6688584,-0.523,0.025726998
-4.688516,1.4333327,-1.6711007,-0.523,0.022242088
-4.6832805,1.4853569,-1.6730393,-0.523,0.018757176
-4.6779437,1.5373746,-1.6746743,-0.523,0.015272265
-4.672521,1.5893867,-1.6760054,-0.523,0.014661491
-4.6670294,1.6413919,-1.6772834,-0.523,0.0140507165
-4.6614714,1.6933905,-1.678508,-0.523,0.013439941
-4.6558495,1.7453827,-1.6796795,-0.523,0.014967764
-4.6501665,1.7973672,-1.6809841,-0.523,0.016495585
-4.6444163,1.849343,-1.682422,-0.523,0.018023407
-4.6385913,1.901309,-1.683993,-0.523,0.020794857
-4.6326847,1.953263,-1.6858054,-0.523,0.023566306
-4.6266847,2.005203,-1.6878594,-0.523,0.026337754
-4.620579,2.0571272,-1.6901549,-0.51961046,0.037118495
-4.6143956,2.1086829,-1.6933687,-0.5162209,0.047899235
-4.6080914,2.159859,-1.6974883,-0.5128314,0.058679976
-4.6016226,2.2106435,-1.7025008,-0.4914769,0.07318833
-4.5951853,2.2592351,-1.7084906,-0.4701224,0.08769669
-4.5887575,2.3056235,-1.7153531,-0.4487679,0.10220504
-4.5823264,2.3498006,-1.7229842,-0.42113164,0.12919316
-4.5759954,2.39108,-1.7320269,-0.39349538,0.15618129
-4.569755,2.4294465,-1.742228,-0.36585912,0.18316941
-4.563618,2.464893,-1.7533348,-0.3377386,0.20070007
-4.5576105,2.4974391,-1.7645564,-0.3096181,0.21823072
-4.55179,2.5271008,-1.7757286,-0.28149757,0.23576137
-4.5462203,2.5538993,-1.7866875,-0.25508553,0.24795648
-4.540923,2.5780535,-1.7971215,-0.22867349,0.26015157
-4.5359645,2.599588,-1.8069249,-0.20226145,0.27234668
-4.531407,2.618528,-1.8159928,-0.18486698,0.29925716
-4.5271187,2.6356647,-1.8250762,-0.16747251,0.32616764
-4.523128,2.6510189,-1.8340197,-0.15007804,0.35307813
-4.519464,2.6646159,-1.8426689,-0.1388746,0.34289038
-4.515952,2.6772144,-1.8504508,-0.12767117,0.33270264
-4.512621,2.6888127,-1.8574003,-0.11646773,0.32251486
-4.5094986,2.6994083,-1.8635527,-0.118864775,0.3048989
-4.506226,2.7102642,-1.8694998,-0.12126183,0.2872829
-4.502804,2.7213783,-1.8752264,-0.12365887,0.26966694
-4.4992313,2.7327495,-1.880717,-0.12220198,0.25470167
-4.4956245,2.7440119,-1.8858486,-0.12074508,0.23973641
-4.49199,2.7551637,-1.8906271,-0.119288184,0.22477116
-4.488334,2.7662027,-1.8950583,-0.12004182,0.2111492
-4.4845943,2.7773287,-1.8992515,-0.12079544,0.19752726
-4.4807734,2.7885401,-1.9032024,-0.12154908,0.1839053
-4.476874,2.799836,-1.906907,-0.120743886,0.16587955
-4.472946,2.8110783,-1.9102298,-0.11993869,0.1478538
-4.4689965,2.8222644,-1.9131746,-0.119133495,0.12982805
-4.46503,2.833392,-1.9157453,-0.11995386,0.11450853
-4.461001,2.8446066,-1.9180295,-0.12077423,0.09918901
-4.456911,2.8559074,-1.9200228,-0.1215946,0.083869494
-4.452765,2.867293,-1.9217205,-0.11771122,0.07586458
-4.44873,2.8783147,-1.9232074,-0.11382784,0.06785967
-4.4448104,2.8889735,-1.9244939,-0.10994446,0.059854764
-4.441009,2.8992689,-1.92559,-0.10769925,0.07491325
-4.4372783,2.9093397,-1.9269334,-0.10545405,0.08997173
-4.433616,2.9191833,-1.9285126,-0.10320884,0.10503021
-4.4300222,2.9287977,-1.930316,-0.10523896,0.12290375
-4.4263477,2.9385743,-1.9324663,-0.10726908,0.14077729
-4.42259,2.948508,-1.9349748,-0.1092992,0.15865082
-4.4187455,2.958593,-1.9378527,-0.11445909,0.17843193
-4.4147034,2.9691067,-1.9412385,-0.119618975,0.19821304
-4.4104576,2.980039,-1.9451644,-0.12477886,0.21799415
-4.4060025,2.9913778,-1.9496621,-0.13405119,0.251826
-4.401201,3.0034394,-1.955229,-0.14332353,0.28565782
-4.3960433,3.0161872,-1.9619602,-0.15259586,0.31948966
-4.39052,3.0295804,-1.9699482,-0.16352443,0.35934943
-4.3845706,3.043685,-1.9795325,-0.17445299,0.39920917
-4.3781824,3.0584345,-1.9908339,-0.18538156,0.43906894
-4.37134,3.0737555,-2.003968,-0.19195718,0.42341024
-4.3639936,3.08964,-2.017113,-0.19853279,0.40775153
-4.356127,3.10608,-2.0302343,-0.2051084,0.39209282
-4.3477216,3.1230688,-2.043297,-0.20774908,0.35372353
-4.338852,3.1404223,-2.055291,-0.21038976,0.31535426
-4.329536,3.1581218,-2.0661664,-0.21303043,0.27698496
-4.3197956,3.1761496,-2.0758755,-0.20776622,0.24800356
-4.3100495,3.1937757,-2.0843754,-0.202502,0.21902215
-4.3003383,3.210992,-2.0917087,-0.19723779,0.19004075
-4.2906995,3.2277918,-2.0979183,-0.19242167,0.17988017
-4.2811756,3.2441537,-2.103656,-0.18760557,0.16971958
-4.2717824,3.260081,-2.1089373,-0.18278947,0.159559
