7.1108947,-4.010623,-2.7140954,-0.09174651,0.0
7.1192436,-4.0068192,-2.7140954,-0.12169846,-0.025866818
7.130315,-4.0017757,-2.7135708,-0.15165041,-0.051733635
7.144093,-3.9954894,-2.7122638,-0.18160237,-0.07760046
7.160556,-3.9879527,-2.7099173,-0.21135037,-0.13633472
7.179574,-3.979192,-2.7051299,-0.24109834,-0.19506897
7.201009,-3.9691932,-2.697341,-0.27084634,-0.25380322
7.2246814,-3.9579256,-2.6860065,-0.2994537,-0.3
7.250371,-3.9453385,-2.6712575,-0.32806107,-0.3
7.278309,-3.9311352,-2.6550994,-0.35666844,-0.3
7.3084292,-3.9152048,-2.6375322,-0.36753857,-0.3
7.3391747,-3.898246,-2.6194298,-0.3784087,-0.3
7.370508,-3.8802156,-2.600792,-0.3892788,-0.3
7.4023905,-3.8610697,-2.5816185,-0.37886554,-0.299359
7.433063,-3.8418407,-2.5629969,-0.3684523,-0.298718
7.462545,-3.8225844,-2.5449245,-0.35803905,-0.298077
7.490856,-3.8033535,-2.5273995,-0.35006046,-0.28669155
7.5182967,-3.784003,-2.5109012,-0.3420819,-0.27530608
7.5448837,-3.76459,-2.4954026,-0.33410335,-0.2639206
7.5706344,-3.7451687,-2.4808764,-0.32837957,-0.2544051
7.595727,-3.725665,-2.4671025,-0.32265583,-0.24488963
7.6201754,-3.7061164,-2.4540646,-0.31693205,-0.23537414
7.643993,-3.6865578,-2.4417462,-0.31256485,-0.22276905
7.6673117,-3.6669228,-2.430237,-0.30819768,-0.21016398
7.690143,-3.6472445,-2.4195209,-0.30383047,-0.1975589
7.7125006,-3.6275537,-2.409582,-0.29873177,-0.18511139
7.734341,-3.6079288,-2.4004178,-0.29363307,-0.1726639
7.75568,-3.5883987,-2.3920097,-0.2885344,-0.16021639
7.7765293,-3.5689917,-2.3843381,-0.28088543,-0.1376979
7.7967486,-3.5498793,-2.3779123,-0.27323645,-0.115179405
7.816354,-3.531108,-2.3726785,-0.2655875,-0.09266092
7.8353586,-3.5127194,-2.368583,-0.2535918,-0.05759847
7.8534813,-3.4950407,-2.36615,-0.2415961,-0.022536028
7.8707294,-3.4781325,-2.3652425,-0.22960041,0.012526417
7.8871093,-3.4620461,-2.3657217,-0.21451923,0.05668186
7.9023976,-3.4470468,-2.3677473,-0.19943805,0.100837305
7.9165893,-3.433179,-2.3710935,-0.18435688,0.14499274
7.9296794,-3.4204733,-2.3755329,-0.16345978,0.20179997
7.94122,-3.4093707,-2.3809934,-0.14256267,0.2586072
7.9512043,-3.3998697,-2.3870697,-0.12166557,0.31541443
7.9596314,-3.3919475,-2.39336,-0.0942349,0.4107679
7.9659634,-3.3860695,-2.3996315,-0.06680423,0.50612134
7.97027,-3.3821213,-2.4050293,-0.039373565,0.6014748
7.9726753,-3.3799405,-2.4087424,-0.009568068,0.701277
7.9732184,-3.3794515,-2.4097714,0.02023743,0.8010792
7.972171,-3.3803926,-2.4073493,0.05004293,0.90088135
7.9698644,-3.3824747,-2.4008114,0.079994425,1.0
7.966675,-3.3853915,-2.3895926,0.109945916,1.0
7.962336,-3.3894494,-2.3741732,0.1398974,1.0
7.9568963,-3.3946972,-2.3545532,0.16985336,1.0
7.9504175,-3.4011972,-2.330732,0.1998093,1.0
7.942981,-3.4090228,-2.3027098,0.22976525,1.0
7.9346843,-3.4182577,-2.2704864,0.25936347,1.0
7.92566,-3.4289784,-2.234112,0.28896168,1.0
7.9160466,-3.4412806,-2.1935863,0.3185599,1.0
7.906007,-3.455261,-2.14891,0.34043974,1.0
7.8959556,-3.470666,-2.1011648,0.36231956,1.0
7.886053,-3.487553,-2.0503514,0.3841994,1.0
7.8764753,-3.5059698,-1.9964693,0.39044452,1.0
7.867764,-3.525183,-1.9417113,0.39668962,1.0
7.8599954,-3.5451586,-1.8860775,0.40293473,1.0
7.853245,-3.5658562,-1.8295678,0.40525115,1.0
7.8476415,-3.587023,-1.7727333,0.4075676,1.0
7.843225,-3.6085963,-1.7155739,0.409884,1.0
7.8400297,-3.6305108,-1.6580896,0.41588232,1.0
7.838071,-3.6528955,-1.5997642,0.42188063,1.0
7.8374104,-3.6756802,-1.5405974,0.42787895,1.0
7.8381085,-3.6987882,-1.4805895,0.43654448,1.0
7.8402333,-3.7222788,-1.4193662,0.44520998,1.0
7.843862,-3.7460585,-1.3569278,0.4538755,1.0
7.8490667,-3.7700226,-1.2932739,0.4721957,1.0
7.8560567,-3.7945592,-1.2270508,0.49051595,1.0
7.864989,-3.8195117,-1.1582582,0.50883615,1.0
7.8760114,-3.8446977,-1.0868964,0.523,1.0
7.889158,-3.8697112,-1.0135483,0.523,1.0
7.9041023,-3.893694,-0.9402,0.523,1.0
7.9207635,-3.916517,-0.86685175,0.523,0.9400854
7.940726,-3.940028,-0.7964552,0.523,0.88017076
7.9640217,-3.963845,-0.729263,0.523,0.8202562
7.99062,-3.987613,-0.66551626,0.523,0.73024136
8.021269,-4.011672,-0.60737175,0.523,0.64022654
8.055711,-4.0356092,-0.55530035,0.523,0.5502117
8.093593,-4.059112,-0.5097237,0.523,0.45368809
8.134626,-4.08205,-0.47152004,0.523,0.35716438
8.178279,-4.104307,-0.4410449,0.523,0.2606407
8.223977,-4.1258793,-0.41858208,0.5227314,0.18523419
8.27092,-4.146763,-0.40253624,0.52246284,0.10982766
8.318701,-4.1671076,-0.392992,0.52219427,0.034421135
8.366911,-4.1870933,-0.38999683,0.4944815,-0.00078830717
8.412645,-4.2058926,-0.3900618,0.46676877,-0.03599775
8.455789,-4.22363,-0.39286163,0.439056,-0.07120719
8.496246,-4.2403955,-0.3980679,0.40918753,-0.14489819
8.53357,-4.256091,-0.4079151,0.379319,-0.21858919
8.567561,-4.2707806,-0.42162448,0.3494505,-0.2922802
8.598094,-4.284475,-0.43840605,0.31945565,-0.3
8.625727,-4.29743,-0.45414034,0.2894608,-0.3
8.650577,-4.3095613,-0.46839723,0.25946596,-0.3
8.672695,-4.320752,-0.48117682,0.22946753,-0.3
8.692127,-4.330898,-0.49247888,0.19946909,-0.3
8.708919,-4.3399076,-0.50230336,0.16947065,-0.3
8.723109,-4.3477025,-0.5106504,0.13947198,-0.2650255
8.734852,-4.354281,-0.51673913,0.10947331,-0.230051
8.74412,-4.359547,-0.5208996,0.079474635,-0.1950765
8.750882,-4.363427,-0.5234672,0.049475387,-0.15503095
8.7551155,-4.365871,-0.52474046,0.019476138,-0.11498542
8.75679,-4.36684,-0.52511287,-0.0105231125,-0.074939884
8.755882,-4.366314,-0.52498156,-0.040522464,-0.0964718
8.752392,-4.3642926,-0.52433103,-0.07052182,-0.11800371
8.746329,-4.3607864,-0.52294725,-0.10052117,-0.13953564
8.737705,-4.355815,-0.5206171,-0.1305207,-0.11616218
8.7264595,-4.349366,-0.5180959,-0.16052024,-0.09278873
8.712574,-4.341451,-0.515617,-0.19051977,-0.069415286
8.696038,-4.33208,-0.5134146,-0.22051771,-0.064943455
8.67687,-4.321272,-0.5110295,-0.25051564,-0.06047163
8.655059,-4.309042,-0.5085061,-0.28051358,-0.055999804
8.630595,-4.295406,-0.5058894,-0.31048968,-0.016247725
8.603439,-4.280362,-0.50504863,-0.3404658,0.023504352
8.573651,-4.263893,-0.5063822,-0.37044194,0.06325643
8.541321,-4.245962,-0.51028514,-0.399891,0.09447555
8.506582,-4.2265177,-0.5165724,-0.42934006,0.12569468
8.469544,-4.2054796,-0.52554303,-0.4587891,0.1569138
8.430345,-4.182746,-0.5374923,-0.475122,0.22249202
8.390538,-4.15902,-0.55496573,-0.4914549,0.28807026
8.35049,-4.1341915,-0.57823634,-0.50778776,0.35364848
8.310597,-4.1081557,-0.6075461,-0.4941754,0.3571102
8.272583,-4.0817256,-0.6363374,-0.48056298,0.36057192
8.236418,-4.055004,-0.66459525,-0.4669506,0.36403367
8.202069,-4.028093,-0.6923046,-0.45404047,0.34614533
8.169191,-4.0008297,-0.71797866,-0.44113034,0.328257
8.137742,-3.9733589,-0.7416816,-0.42822024,0.31036866
8.1076765,-3.9458134,-0.7634787,-0.40909767,0.2907704
8.079363,-3.9187143,-0.7830261,-0.3899751,0.2711722
8.052732,-3.8922095,-0.80043596,-0.37085253,0.25157398
8.0277195,-3.866433,-0.81582195,-0.34542513,0.22575378
8.004649,-3.8419142,-0.82870865,-0.31999773,0.19993359
7.9834533,-3.8187983,-0.8393008,-0.2945703,0.1741134
7.964074,-3.7972085,-0.8478058,-0.2678415,0.17540044
7.9466248,-3.7774332,-0.8555956,-0.24111266,0.17668746
7.9310594,-3.7595134,-0.862659,-0.21438386,0.17797449
7.917336,-3.7434866,-0.8689846,-0.18702953,0.21266675
7.9055333,-3.7295253,-0.8755639,-0.15967521,0.24735902
7.895616,-3.717637,-0.88207984,-0.1323209,0.2820513
7.887539,-3.7078247,-0.8882179,-0.10388695,0.35648957
7.8813977,-3.7002704,-0.8942604,-0.075453,0.43092784
7.8771057,-3.6949248,-0.8995134,-0.04701905,0.50536615
7.8745465,-3.6917033,-0.90330726,-0.017403318,0.59683824
7.8736553,-3.690573,-0.90493745,0.012212416,0.6883103
7.874238,-3.6913147,-0.9036445,0.041828148,0.7797824
7.8760786,-3.6936512,-0.8987428,0.07171595,0.8668026
7.8789687,-3.6972837,-0.8896317,0.10160376,0.95382273
7.8826704,-3.7018504,-0.8758198,0.13149156,1.0
7.88722,-3.707307,-0.8573787,0.16141672,1.0
7.892927,-3.7139015,-0.8347408,0.19134188,1.0
7.899868,-3.7215636,-0.80790603,0.22126703,1.0
7.908129,-3.730205,-0.7768744,0.25122532,0.9682635
7.918282,-3.7401865,-0.74237686,0.28118363,0.93652695
7.93056,-3.7514513,-0.70462775,0.31114194,0.90479046
7.945206,-3.7639034,-0.6638528,0.34113595,0.8452605
7.9630346,-3.7778506,-0.6213164,0.37112993,0.78573054
7.984366,-3.7931216,-0.57756376,0.4011239,0.7262006
8.009493,-3.8094969,-0.53317046,0.43111876,0.64102036
8.03925,-3.8270593,-0.4902013,0.4611136,0.5558402
8.073808,-3.8455005,-0.44964966,0.49110842,0.47066
8.113228,-3.8645256,-0.41253212,0.52101314,0.3736399
8.157665,-3.8839734,-0.38083658,0.523,0.27661985
8.204372,-3.902674,-0.35703087,0.523,0.17959976
8.252585,-3.9206586,-0.34145978,0.523,0.10172643
8.301612,-3.9380813,-0.33260792,0.523,0.023853093
8.351031,-3.955153,-0.33052891,0.523,-0.054020237
8.400428,-3.9721017,-0.3352354,0.5137359,-0.08876745
8.4487505,-3.9889367,-0.34282592,0.5044718,-0.12351465
8.4959,-4.0057654,-0.3531845,0.49520767,-0.15826187
8.541784,-4.02268,-0.3661921,0.465696,-0.2042384
8.584362,-4.039008,-0.3819343,0.43618435,-0.25021493
8.623577,-4.054759,-0.39993507,0.4066727,-0.29619148
8.659404,-4.069904,-0.4197183,0.3766913,-0.3
8.692267,-4.0845685,-0.4382716,0.34670997,-0.3
8.7222595,-4.0986247,-0.45534825,0.31672862,-0.3
8.749434,-4.111932,-0.4709482,0.286733,-0.3
8.773845,-4.1243606,-0.48507077,0.2567374,-0.3
8.795543,-4.135797,-0.49771595,0.2267418,-0.3
8.814576,-4.1461387,-0.5088838,0.19674571,-0.3
8.83099,-4.155296,-0.5185741,0.16674961,-0.3
8.844826,-4.1631913,-0.5267871,0.13675351,-0.3
8.856119,-4.1697598,-0.53352267,0.10675597,-0.27185053
8.864974,-4.1749897,-0.5383003,0.07675843,-0.24370107
8.871369,-4.1788087,-0.5413872,0.04676089,-0.21555161
8.875284,-4.181163,-0.5430541,0.016762042,-0.19570397
8.876692,-4.182012,-0.54359734,-0.0132368095,-0.17585632
8.875576,-4.1813383,-0.5432114,-0.04323566,-0.15600869
8.87192,-4.1791306,-0.5420918,-0.073234335,-0.16659653
8.865733,-4.1754045,-0.54006773,-0.10323302,-0.17718437
8.8570175,-4.1701794,-0.5370351,-0.1332317,-0.18777223
8.845772,-4.163483,-0.53289,-0.16323008,-0.16583978
8.831904,-4.1553044,-0.528399,-0.19322847,-0.14390734
8.81539,-4.1456637,-0.52378047,-0.22322686,-0.121974885
8.796204,-4.1345816,-0.51925373,-0.25321543,-0.08953677
8.774307,-4.1220665,-0.5154801,-0.283204,-0.057098664
8.749707,-4.1081285,-0.51278645,-0.31319255,-0.024660552
8.7224245,-4.092768,-0.51149935,-0.3428733,0.027487528
8.692537,-4.075991,-0.5130699,-0.3725541,0.079635605
8.660181,-4.057762,-0.5180095,-0.40223485,0.1317837
8.625538,-4.038018,-0.5268186,-0.42605552,0.14111575
8.589075,-4.0168095,-0.53680587,-0.44987616,0.15044783
8.550852,-3.9940631,-0.54804385,-0.4736968,0.1597799
8.510935,-3.969697,-0.5606048,-0.45392737,0.2090977
8.473328,-3.9460874,-0.57630897,-0.43415794,0.2584155
8.438133,-3.9232142,-0.5948004,-0.41438854,0.30773327
8.405423,-3.9010851,-0.61572003,-0.4075753,0.26747763
8.373334,-3.8783827,-0.6336737,-0.40076208,0.227222
8.341868,-3.8552632,-0.64872044,-0.39394885,0.18696634
8.311023,-3.831877,-0.6609249,-0.38103008,0.18137062
8.281437,-3.808871,-0.6723798,-0.3681113,0.17577487
8.253082,-3.7862966,-0.6831085,-0.35519254,0.17017913
8.225931,-3.7642004,-0.6931343,-0.3388432,0.18914086
8.20033,-3.7429361,-0.7037523,-0.32249388,0.20810257
8.176273,-3.7225184,-0.714857,-0.30614457,0.22706428
8.153747,-3.7029655,-0.72634345,-0.2830246,0.2249336
8.133121,-3.684642,-0.7368645,-0.25990465,0.2228029
8.114348,-3.667609,-0.7464361,-0.2367847,0.22067222
8.097387,-3.6519206,-0.7550742,-0.21953712,0.23128171
8.081826,-3.6372755,-0.7634615,-0.20228955,0.2418912
8.067637,-3.6236959,-0.77153754,-0.18504198,0.2525007
8.054793,-3.611203,-0.7792422,-0.16344318,0.28914994
8.043648,-3.600194,-0.78700954,-0.14184436,0.3257992
8.034161,-3.5906765,-0.7945761,-0.12024556,0.36244842
8.026284,-3.5826535,-0.80168194,-0.098763466,0.43058926
8.020041,-3.576205,-0.8085527,-0.07728136,0.4987301
8.015355,-3.5712962,-0.8147134,-0.05579927,0.5668709
8.012126,-3.5678716,-0.81970745,-0.02837501,0.6443027
8.010577,-3.5662134,-0.822548,-0.0009507519,0.7217345
8.010529,-3.566161,-0.82265264,0.026473505,0.7991663
8.011785,-3.567514,-0.8194901,0.05611363,0.8889772
8.014198,-3.5700984,-0.8122287,0.08575376,0.9787881
8.01749,-3.5735717,-0.80036867,0.115393884,1.0
8.021832,-3.5780458,-0.78418523,0.14527838,1.0
8.02739,-3.5835896,-0.76381063,0.17516287,1.0
8.0342245,-3.5901356,-0.7392449,0.20504735,1.0
8.042412,-3.5975997,-0.71048796,0.23501289,1.0
8.052037,-3.6058812,-0.67752856,0.2649784,1.0
8.063191,-3.614856,-0.6403666,0.29494393,1.0
8.075971,-3.6243775,-0.5990021,0.3249396,0.93710387
8.091861,-3.6352255,-0.55536026,0.35493526,0.87420774
8.111212,-3.6472325,-0.50998557,0.3849309,0.8113116
8.134343,-3.660171,-0.46346086,0.41492775,0.7203051
8.162239,-3.6741128,-0.4178455,0.44492456,0.6292985
8.195114,-3.6887088,-0.37420005,0.47492138,0.538292
8.233068,-3.7036138,-0.33362037,0.50490636,0.43877384
8.276257,-3.7185814,-0.2978705,0.523,0.3392557
8.323403,-3.7330558,-0.2688627,0.523,0.23973753
8.372382,-3.7465513,-0.24816519,0.523,0.14689669
8.422534,-3.7592592,-0.2354067,0.523,0.054055862
8.473317,-3.7714396,-0.23069711,0.523,-0.03878497
8.524194,-3.7833893,-0.23407702,0.508055,-0.03850081
8.573577,-3.7951648,-0.23733631,0.49311,-0.03821665
8.62147,-3.80675,-0.24047638,0.478165,-0.037932493
8.667878,-3.81813,-0.24349865,0.44862306,-0.004826081
8.711416,-3.828946,-0.2438595,0.4190811,0.028280329
8.7520685,-3.8390608,-0.24188447,0.38953915,0.06138674
8.789817,-3.8483741,-0.23790155,0.35971335,0.104377665
8.824585,-3.856805,-0.23165523,0.32988754,0.14736858
8.856344,-3.8642967,-0.22358201,0.30006173,0.1903595
8.885075,-3.8708296,-0.21411948,0.27063903,0.13915561
8.911265,-3.876525,-0.20786288,0.24121636,0.087951705
8.934776,-3.8814836,-0.20433155,0.21179369,0.036747806
8.955502,-3.8857782,-0.20303468,0.18216252,-0.01305216
8.973342,-3.889451,-0.20343094,0.15253137,-0.06285213
8.988251,-3.8925266,-0.20502771,0.12290022,-0.11265209
9.000207,-3.8950129,-0.20733033,0.092979886,-0.15412308
9.009198,-3.8969042,-0.20970927,0.063059546,-0.19559407
9.015248,-3.898192,-0.21175186,0.03313921,-0.23706508
9.018397,-3.898869,-0.213049,0.0031606804,-0.25418058
9.018697,-3.8989336,-0.21318145,-0.026817849,-0.27129608
9.016171,-3.898387,-0.21198368,-0.056796376,-0.2884116
9.010848,-3.8972414,-0.20929125,-0.086782046,-0.24693431
9.002617,-3.895493,-0.20575586,-0.11676771,-0.20545703
8.991426,-3.8931575,-0.20178548,-0.14675339,-0.16397975
8.977242,-3.8902557,-0.19779266,-0.17672145,-0.111116074
8.960022,-3.8868046,-0.19452663,-0.20668954,-0.058252394
8.939776,-3.8828158,-0.19252107,-0.2366576,-0.005388713
8.916549,-3.878288,-0.19230852,-0.26646456,0.061708547
8.890443,-3.8732047,-0.1950473,-0.29627153,0.1288058
8.861619,-3.8675103,-0.20138998,-0.32607847,0.19590306
8.830281,-3.8611124,-0.21196865,-0.3551935,0.26705772
8.796787,-3.8539045,-0.22759092,-0.38430852,0.3382124
8.761469,-3.8457246,-0.24884325,-0.41342354,0.40936705
8.72471,-3.836384,-0.276269,-0.4246811,0.37890694
8.68675,-3.8256216,-0.30245095,-0.4359387,0.34844682
8.647636,-3.8134172,-0.32725865,-0.44719625,0.3179867
8.607413,-3.7997627,-0.35056168,-0.42980948,0.3459242
8.569438,-3.7858765,-0.37485066,-0.41242272,0.37386167
8.5337105,-3.7718194,-0.39995435,-0.39503595,0.40179914
8.500222,-3.7576625,-0.42570245,-0.3798995,0.36435375
8.467894,-3.743004,-0.44826502,-0.36476305,0.32690835
8.436763,-3.7280324,-0.46778694,-0.34962663,0.28946295
8.406855,-3.712923,-0.4844197,-0.34328765,0.2956959
8.377793,-3.6976302,-0.5010924,-0.33694866,0.30192885
8.349578,-3.6821759,-0.5177917,-0.3306097,0.3081618
8.322205,-3.6665828,-0.5345044,-0.31793663,0.3138865
8.296182,-3.6511781,-0.5508653,-0.30526358,0.31961116
8.271488,-3.636009,-0.5668508,-0.2925905,0.32533586
8.2481,-3.6211216,-0.58243746,-0.2810364,0.31658205
8.225797,-3.6064312,-0.5970195,-0.26948228,0.30782825
8.204557,-3.5919936,-0.6106279,-0.2579282,0.29907444
8.184364,-3.5778608,-0.6232937,-0.24692744,0.29039603
8.1651535,-3.564051,-0.6350776,-0.23592669,0.2817176
8.14691,-3.5506065,-0.6460091,-0.22492594,0.27303916
8.129615,-3.5375676,-0.656118,-0.21522842,0.28037497
8.113227,-3.5249503,-0.6660442,-0.20553093,0.2877108
8.097731,-3.512773,-0.6757643,-0.19583341,0.2950466
8.083112,-3.501053,-0.6852552,-0.18429103,0.3141535
8.069541,-3.4899607,-0.69474655,-0.17274864,0.33326042
8.057,-3.4795098,-0.704165,-0.16120626,0.35236734
8.045469,-3.4697146,-0.71343756,-0.14490727,0.36570153
8.035236,-3.4608586,-0.72207415,-0.12860827,0.3790357
8.026271,-3.4529614,-0.7300055,-0.11230928,0.3923699
8.0185375,-3.446041,-0.737163,-0.08955927,0.45076454
8.012569,-3.4406223,-0.7436658,-0.06680927,0.50915915
8.008276,-3.4366732,-0.7490934,-0.044059265,0.56755376
8.005555,-3.4341433,-0.7530409,-0.015590675,0.6480083
8.004648,-3.433293,-0.75460935,0.012877912,0.72846276
8.005348,-3.4339514,-0.7531805,0.0413465,0.8089172
8.00743,-3.4359035,-0.7481945,0.070915535,0.89204013
8.010694,-3.4389324,-0.73899496,0.10048457,0.975163
8.01486,-3.4427295,-0.7251315,0.13005361,1.0
8.02012,-3.44739,-0.70689213,0.15993255,1.0
8.0266905,-3.4530022,-0.68446237,0.18981151,1.0
8.034636,-3.4594862,-0.6578422,0.21969047,1.0
8.044028,-3.4667437,-0.6270317,0.24964829,1.0
8.054952,-3.474658,-0.59201974,0.27960613,1.0
8.067488,-3.4830885,-0.5528063,0.30956396,1.0
8.081722,-3.4918709,-0.5093915,0.3395588,0.92803
8.099491,-3.5017962,-0.46409202,0.3695537,0.85605997
8.121151,-3.5126379,-0.41757345,0.39954856,0.78409
8.147009,-3.5241103,-0.37054786,0.4295448,0.68687236
8.177969,-3.536138,-0.32515055,0.45954105,0.5896548
8.214162,-3.5483391,-0.28256074,0.48953727,0.4924372
