5.830955,-8.082812,-3.0319638,-0.1903664,0.0
5.8498774,-8.0807295,-3.0319638,-0.17070045,0.08234529
5.8667874,-8.078869,-3.034304,-0.15103449,0.16469058
5.881601,-8.077273,-3.038431,-0.13136853,0.24703589
5.8942714,-8.075961,-3.0437849,-0.103416435,0.32718125
5.9040174,-8.075006,-3.049324,-0.07546434,0.40732664
5.910917,-8.074367,-3.0543067,-0.047512233,0.487472
5.9150987,-8.074,-3.0580158,-0.017890902,0.54373664
5.9166245,-8.073873,-3.0595584,0.011730427,0.6000013
5.9156594,-8.073953,-3.0584545,0.041351758,0.6562659
5.9123945,-8.074224,-3.0542493,0.07124227,0.7229529
5.907073,-8.07469,-3.0463936,0.10113279,0.7896399
5.8999844,-8.075367,-3.0344245,0.1310233,0.8563269
5.891449,-8.076285,-3.017928,0.16083351,0.904323
5.881582,-8.077512,-2.9968584,0.19064371,0.9523191
5.8706436,-8.079106,-2.9709702,0.22045392,1.0
5.858906,-8.081128,-2.9400525,0.24955395,1.0
5.845695,-8.083828,-2.9050539,0.27865398,1.0
5.8310585,-8.087356,-2.865974,0.307754,1.0
5.815058,-8.091881,-2.822813,0.32957694,1.0
5.798148,-8.097462,-2.7765915,0.35139987,1.0
5.7804127,-8.104239,-2.7273092,0.37322277,1.0
5.7619534,-8.112356,-2.6749666,0.35209244,1.0
5.7449636,-8.120914,-2.6255875,0.3309621,1.0
5.7294097,-8.129738,-2.5791714,0.30983174,1.0
5.715248,-8.138664,-2.5357192,0.32581094,1.0
5.7007775,-8.148689,-2.4900258,0.34179014,1.0
5.686094,-8.159888,-2.4420912,0.35776934,1.0
5.6713033,-8.172334,-2.3919158,0.33635637,1.0
5.658002,-8.184717,-2.3447435,0.31494337,1.0
5.646108,-8.196887,-2.3005743,0.2935304,1.0
5.6355343,-8.208707,-2.259408,0.3081031,1.0
5.6249557,-8.2215605,-2.216198,0.32267582,1.0
5.6144686,-8.235488,-2.1709442,0.33724853,1.0
5.604178,-8.250525,-2.1236467,0.32156953,1.0
5.595054,-8.265311,-2.0785482,0.30589053,1.0
5.5870185,-8.279754,-2.0356486,0.29021153,1.0
5.579989,-8.29377,-1.9949478,0.30197975,1.0
5.573274,-8.3086405,-1.9525967,0.31374797,1.0
5.566958,-8.324371,-1.908595,0.32551616,1.0
5.5611296,-8.340965,-1.8629429,0.3143284,1.0
5.556238,-8.357229,-1.8188599,0.30314067,1.0
5.5522165,-8.373107,-1.7763458,0.2919529,1.0
5.548997,-8.388549,-1.7354009,0.30084777,1.0
5.5463333,-8.404584,-1.6932085,0.3097426,1.0
5.54429,-8.421194,-1.6497686,0.31863746,1.0
5.542932,-8.438356,-1.6050812,0.30505502,1.0
5.542367,-8.454829,-1.5622987,0.29147255,1.0
5.5425005,-8.470577,-1.5214211,0.27789012,1.0
5.5432415,-8.485573,-1.4824483,0.2878421,1.0
5.544614,-8.501064,-1.4420799,0.29779407,1.0
5.546679,-8.517021,-1.4003156,0.30774605,1.0
5.5495,-8.533408,-1.3571558,0.30243978,1.0
5.5529647,-8.549377,-1.3147401,0.29713348,1.0
5.5570307,-8.564908,-1.2730685,0.2918272,1.0
5.561656,-8.579982,-1.2321411,0.29816326,1.0
5.567008,-8.595177,-1.1903253,0.30449936,1.0
5.5731177,-8.610453,-1.1476207,0.31083542,1.0
5.5800147,-8.625766,-1.1040275,0.31134048,1.0
5.5875845,-8.640788,-1.0603635,0.31184554,1.0
5.595816,-8.655489,-1.0166286,0.31235057,1.0
5.604697,-8.66984,-0.972823,0.31810057,1.0
5.6143727,-8.684045,-0.928211,0.32385054,1.0
5.624859,-8.698052,-0.8827925,0.3296005,1.0
5.636167,-8.711809,-0.8365676,0.33274844,1.0
5.648213,-8.725156,-0.78990126,0.33589637,1.0
5.660988,-8.738047,-0.7427934,0.33904433,1.0
5.674481,-8.750436,-0.6952441,0.33518985,1.0
5.688388,-8.762037,-0.6482353,0.3313354,1.0
5.7026587,-8.772846,-0.6017671,0.32748094,1.0
5.717244,-8.782863,-0.55583954,0.3301837,1.0
5.7323985,-8.792276,-0.50953287,0.3328865,1.0
5.7481,-8.801049,-0.4628471,0.33558926,1.0
5.764324,-8.809145,-0.41578236,0.32698396,1.0
5.7804856,-8.81628,-0.36992443,0.3183787,1.0
5.796524,-8.8225,-0.32527336,0.3097734,1.0
5.8123837,-8.827848,-0.28182915,0.30689573,1.0
5.8283114,-8.83246,-0.2387885,0.3040181,1.0
5.844271,-8.836346,-0.19615144,0.3011405,1.0
5.86023,-8.839517,-0.15391794,0.2882597,1.0
5.8756204,-8.841905,-0.1134909,0.27537894,1.0
5.8904037,-8.843589,-0.07487034,0.26249817,1.0
5.9045467,-8.84465,-0.03805624,0.2423113,1.0
5.9176292,-8.845148,-0.0040732524,0.22212441,1.0
5.9296308,-8.845197,0.027078623,0.20193753,1.0
5.9405375,-8.844902,0.055399384,0.17687333,1.0
5.9500794,-8.844373,0.08020501,0.15180913,1.0
5.9582553,-8.843716,0.101495504,0.12674491,1.0
5.965068,-8.843021,0.11927087,0.099020265,0.945627
5.970822,-8.842332,0.13265286,0.07129561,0.89125395
5.975263,-8.84174,0.14189588,0.043570966,0.836881
5.978152,-8.841327,0.14728819,0.013654494,0.73798853
5.9791512,-8.841179,0.14881933,-0.016261978,0.63909614
5.9778605,-8.841372,0.14720269,-0.04617845,0.5402037
5.9739428,-8.841953,0.14324434,-0.07617714,0.4402319
5.967122,-8.8429365,0.13783388,-0.10617584,0.34026006
5.957208,-8.844312,0.13192816,-0.13617453,0.24028823
5.944097,-8.846051,0.12652697,-0.16617273,0.14029133
5.9277744,-8.848128,0.12265426,-0.19617091,0.040294446
5.9083204,-8.850526,0.12133718,-0.22616911,-0.059702445
5.88591,-8.853259,0.12358633,-0.25616708,-0.15969777
5.860812,-8.856377,0.1303756,-0.2861651,-0.2596931
5.8333898,-8.859972,0.1426227,-0.31616306,-0.3
5.803492,-8.864265,0.1581948,-0.34614655,-0.3
5.7708364,-8.869474,0.17524368,-0.37613,-0.3
5.735454,-8.87574,0.19376935,-0.4061135,-0.3
5.6973825,-8.88321,0.2137718,-0.4356038,-0.3
5.656715,-8.892039,0.23522675,-0.4650941,-0.3
5.6135063,-8.902394,0.25813422,-0.49458438,-0.3
5.5678225,-8.914456,0.28249416,-0.4988119,-0.3
5.522058,-8.927739,0.30706233,-0.5030394,-0.3
5.4762483,-8.9422655,0.3318387,-0.50726694,-0.3
5.4304314,-8.958053,0.35682333,-0.49075183,-0.3
5.386501,-8.974429,0.3809945,-0.47423673,-0.3
5.3444443,-8.991276,0.40435225,-0.4577216,-0.3
5.3042426,-9.008479,0.42689657,-0.43875325,-0.3
5.2660885,-9.025835,0.44850665,-0.41978493,-0.3
5.2299514,-9.043224,0.46918246,-0.40081662,-0.3
5.195798,-9.060538,0.48892406,-0.38473818,-0.3
5.1633487,-9.077802,0.5078737,-0.36865973,-0.3
5.1325746,-9.094929,0.52603143,-0.35258132,-0.3
5.103445,-9.111842,0.54339725,-0.34022886,-0.3
5.0756235,-9.128648,0.5601547,-0.32787642,-0.3
5.0490875,-9.14529,0.57630366,-0.31552398,-0.3
5.023813,-9.1617155,0.5918443,-0.3118914,-0.3
4.999085,-9.178339,0.607206,-0.3082588,-0.3
4.9749,-9.195142,0.6223888,-0.30462623,-0.3
4.951255,-9.212108,0.63739264,-0.30253863,-0.3
4.928027,-9.229308,0.6522937,-0.30045107,-0.3
4.9052167,-9.246731,0.6670919,-0.29836348,-0.3
4.8828235,-9.264366,0.6817873,-0.28884596,-0.3
4.8613977,-9.281755,0.696014,-0.27932847,-0.3
4.8409195,-9.298865,0.7097718,-0.26981094,-0.3
4.821368,-9.315662,0.7230609,-0.265133,-0.3
4.8023767,-9.332422,0.7361196,-0.26045504,-0.3
4.783937,-9.349129,0.7489479,-0.2557771,-0.3
4.7660403,-9.365767,0.7615458,-0.24844205,-0.3
4.7488623,-9.382144,0.77378243,-0.24110702,-0.3
4.7323866,-9.398241,0.78565776,-0.23377198,-0.3
4.716599,-9.414037,0.7971718,-0.22764435,-0.3
4.701403,-9.429595,0.80838406,-0.22151673,-0.3
4.686787,-9.444899,0.8192945,-0.2153891,-0.3
4.6727386,-9.459934,0.8299031,-0.20642179,-0.3
4.659428,-9.474484,0.8400701,-0.1974545,-0.3
4.6468387,-9.488532,0.8497954,-0.18848719,-0.3
4.6349516,-9.502058,0.859079,-0.17861336,-0.3
4.6238065,-9.514979,0.86787635,-0.16873954,-0.3
4.6133857,-9.527278,0.8761873,-0.15886573,-0.3
4.603671,-9.5389385,0.884012,-0.14850387,-0.3
4.5946755,-9.54991,0.8913263,-0.138142,-0.3
4.586383,-9.560176,0.8981303,-0.12778015,-0.3
4.578777,-9.569724,0.9044239,-0.11604673,-0.3
4.5719237,-9.578439,0.91013956,-0.1043133,-0.3
4.565809,-9.586308,0.91527736,-0.09257987,-0.3
4.5604177,-9.593318,0.91983724,-0.08145565,-0.3
4.555702,-9.599509,0.92384917,-0.07033143,-0.3
4.5516524,-9.60487,0.92731327,-0.059207212,-0.3
4.5482583,-9.609395,0.9302294,-0.049700208,-0.260765
4.5453887,-9.613245,0.932365,-0.040193204,-0.22152999
4.5430517,-9.616394,0.93383694,-0.0306862,-0.18229498
4.541257,-9.61882,0.9347641,-0.014623101,-0.10566045
4.5403934,-9.619989,0.9350211,0.0014399975,-0.029025923
4.5404787,-9.619874,0.9350141,0.017503096,0.047608603
4.541517,-9.618467,0.93515295,0.043997575,0.14303952
4.544102,-9.614963,0.9361983,0.07049205,0.23847045
4.5481634,-9.609447,0.93897355,0.09698653,0.33390138
4.553575,-9.602053,0.94427115,0.12630893,0.43348825
4.560296,-9.592768,0.95311356,0.15563135,0.53307515
4.5680585,-9.5818405,0.9662951,0.18495375,0.63266206
4.576536,-9.569568,0.9845221,0.21149996,0.7326333
4.585235,-9.55647,1.0080984,0.23804615,0.8326046
4.593781,-9.542921,1.037445,0.26459235,0.9325758
4.6017957,-9.529346,1.0728632,0.25208667,1.0
4.6083007,-9.517381,1.1082171,0.23958099,1.0
4.6140776,-9.505796,1.1418172,0.22707531,1.0
4.6191807,-9.494638,1.1736634,0.2169685,1.0
4.6237144,-9.483829,1.2040921,0.20686172,1.0
4.627722,-9.473394,1.2331035,0.19675492,1.0
4.631244,-9.463365,1.2606975,0.1826792,1.0
4.634256,-9.453965,1.2863173,0.1686035,1.0
4.6368127,-9.445221,1.3099631,0.15452778,1.0
4.6389656,-9.437155,1.331635,0.14531815,1.0
4.6408257,-9.429526,1.3520151,0.13610852,1.0
4.6424217,-9.422348,1.3711036,0.12689887,1.0
4.643782,-9.4156275,1.3889006,0.12119882,1.0
4.6449666,-9.409187,1.4058982,0.11549876,1.0
4.645991,-9.403031,1.4220963,0.1097987,1.0
4.6468697,-9.397164,1.437495,0.10686207,1.0
4.6476374,-9.391442,1.452482,0.10392544,1.0
4.6483,-9.385866,1.467057,0.1009888,1.0
4.6488647,-9.380439,1.4812201,0.09706236,1.0
4.649334,-9.375216,1.4948326,0.093135916,1.0
4.649716,-9.370198,1.5078945,0.089209475,1.0
4.650019,-9.365388,1.5204058,0.086595386,1.0
4.6502547,-9.360715,1.5325503,0.08398129,1.0
4.6504283,-9.35618,1.5443283,0.0813672,1.0
4.6505446,-9.351786,1.5557396,0.07930647,1.0
4.650609,-9.347502,1.566862,0.07724573,1.0
4.650625,-9.3433275,1.5776954,0.075184986,1.0
4.6505976,-9.339266,1.5882397,0.07349127,1.0
4.650528,-9.335296,1.5985465,0.07179754,1.0
4.6504207,-9.331418,1.6086158,0.070103824,1.0
4.650277,-9.327633,1.6184474,0.06816748,1.0
4.6501017,-9.323954,1.6280077,0.06623114,1.0
4.649897,-9.320381,1.6372962,0.0642948,1.0
4.6496663,-9.316915,1.6463132,0.06295239,0.99812216
4.649409,-9.313514,1.6551313,0.061609987,0.99624425
4.649127,-9.310177,1.663751,0.060267583,0.9943664
4.6488223,-9.306907,1.6721725,0.05724882,0.9842888
4.6485014,-9.303754,1.6801194,0.054230053,0.9742112
4.648169,-9.300726,1.6875964,0.051211286,0.9641336
