6.54429,-6.8647184,-0.64703417,0.34450728,0.0
6.5717773,-6.885486,-0.64703417,0.36987042,0.09997232
6.6011415,-6.9076715,-0.64088166,0.3952336,0.19994465
6.6321907,-6.930832,-0.62779844,0.42059675,0.29991695
6.664711,-6.9544334,-0.60708815,0.4405901,0.39981836
6.6980433,-6.977586,-0.5785048,0.46058348,0.49971974
6.7318916,-6.9996896,-0.5417211,0.4805768,0.5996211
6.765885,-7.020146,-0.4965205,0.4951642,0.6987886
6.799218,-7.0382056,-0.4434314,0.5097515,0.797956
6.8313656,-7.053475,-0.38260695,0.523,0.89712346
6.8616343,-7.065656,-0.3144831,0.523,0.9699376
6.889752,-7.0748024,-0.24258363,0.523,1.0
6.9171824,-7.08159,-0.16923542,0.523,1.0
6.9450364,-7.0863495,-0.0958872,0.523,0.98910475
6.97364,-7.089101,-0.023056444,0.523,0.97820956
7.0028424,-7.089774,0.049248192,0.523,0.9673143
7.0324874,-7.088313,0.121018134,0.523,0.9281593
7.063602,-7.084529,0.19079663,0.523,0.88900435
7.0959625,-7.0782785,0.25847673,0.523,0.84984934
7.1293387,-7.069454,0.32395467,0.523,0.82903296
7.162834,-7.058207,0.38822076,0.523,0.8082166
7.196274,-7.044531,0.4512472,0.523,0.7874001
7.229487,-7.028436,0.51300657,0.523,0.75432134
7.262694,-7.0097303,0.5726978,0.523,0.7212424
7.2957034,-6.988446,0.6302556,0.523,0.68816364
7.3283396,-6.964638,0.68561685,0.523,0.6669812
7.3601456,-6.938621,0.7395396,0.523,0.6457988
7.3910027,-6.9104714,0.7919997,0.523,0.6246164
7.420803,-6.8802752,0.84297353,0.523,0.5977682
7.449562,-6.8479977,0.8920309,0.523,0.57092
7.4771905,-6.8137465,0.9391363,0.523,0.54407185
7.5036135,-6.777632,0.98425585,0.523,0.52721727
7.52863,-6.7399883,1.028112,0.523,0.51036274
7.552198,-6.7009096,1.0706924,0.523,0.49350822
7.574284,-6.660491,1.1119848,0.523,0.47767347
7.594854,-6.618849,1.1520567,0.523,0.46183872
7.6138916,-6.576073,1.1908977,0.523,0.446004
7.6313887,-6.5322533,1.2284982,0.523,0.43423674
7.647314,-6.48756,1.2651708,0.523,0.42246947
7.6616673,-6.4420686,1.3009104,0.523,0.4107022
7.674452,-6.3958535,1.335712,0.523,0.3975138
7.685684,-6.348958,1.3694565,0.523,0.3843254
7.69538,-6.3014526,1.4021384,0.523,0.37113702
7.7035613,-6.253405,1.4337515,0.523,0.35563752
7.7102594,-6.2048373,1.4641019,0.523,0.34013802
7.71551,-6.155814,1.4931822,0.523,0.32463852
7.719353,-6.1063952,1.5209854,0.523,0.31303856
7.721831,-6.0566983,1.5478284,0.523,0.3014386
7.7229776,-6.0067697,1.5737077,0.523,0.28983864
7.7228317,-5.9566517,1.5986198,0.523,0.27302295
7.721431,-5.906308,1.6221237,0.523,0.25620726
7.718835,-5.855782,1.644213,0.523,0.23939158
7.715108,-5.8051105,1.6648811,0.523,0.22930768
7.7103233,-5.7544045,1.6846944,0.523,0.21922378
7.7045217,-5.703687,1.7036507,0.523,0.20913988
7.697745,-5.6529775,1.7217481,0.523,0.18972279
7.690021,-5.6022,1.7381866,0.523,0.17030568
7.681433,-5.5513773,1.75296,0.523,0.15088859
7.6720667,-5.500527,1.7660625,0.523,0.14400244
7.662024,-5.449752,1.7785714,0.523,0.13711628
7.6513367,-5.399057,1.790486,0.523,0.13023014
7.6400356,-5.3484464,1.8018056,0.523,0.109947756
7.6281333,-5.297843,1.8113701,0.523,0.089665376
7.615722,-5.247253,1.8191755,0.523,0.069382995
7.602896,-5.19668,1.8252186,0.523,0.06540869
7.589761,-5.146172,1.8309159,0.523,0.061434396
7.576335,-5.0957265,1.8362676,0.523,0.057460092
7.562636,-5.045342,1.8412734,0.523,0.03924665
7.5486727,-4.9949822,1.8446935,0.523,0.021033203
7.534529,-4.944643,1.8465269,0.523,0.0028197586
7.520291,-4.8943186,1.8467726,0.523,-0.0058478774
7.50604,-4.8439984,1.8462628,0.523,-0.014515514
7.491816,-4.793676,1.8449976,0.523,-0.023183148
7.4776583,-4.743343,1.842977,0.523,-0.037140153
7.463608,-4.693003,1.8397404,0.523,-0.051097162
7.4497294,-4.642649,1.8352884,0.523,-0.06505416
7.436086,-4.5922747,1.8296218,0.523,-0.07143977
7.4227343,-4.541846,1.8233999,0.523,-0.07782538
7.409703,-4.4913588,1.816623,0.523,-0.084210984
7.3970203,-4.4408107,1.8092912,0.523,-0.09307686
7.3847184,-4.390211,1.8011898,0.523,-0.10194273
7.372837,-4.339557,1.7923192,0.523,-0.11080861
7.3614163,-4.2888484,1.78268,0.523,-0.11534578
7.3504906,-4.2380576,1.7726481,0.523,-0.119882956
7.3400807,-4.187187,1.7622232,0.523,-0.12442012
7.330207,-4.1362395,1.751406,0.523,-0.12886694
7.3208904,-4.0852165,1.7402041,0.523,-0.13331378
7.312151,-4.034123,1.728618,0.523,-0.1377606
7.304009,-3.9829621,1.7166477,0.523,-0.13985682
7.296482,-3.9317226,1.7044966,0.523,-0.14195305
7.2895803,-3.880411,1.6921645,0.523,-0.14404929
7.2833138,-3.8290331,1.6796516,0.523,-0.14566563
7.2776923,-3.7775934,1.6669993,0.523,-0.14728197
7.272723,-3.7260988,1.6542076,0.523,-0.14889832
7.268414,-3.6745574,1.6412766,0.523,-0.15136464
7.264773,-3.6229837,1.6281329,0.523,-0.15383096
7.2618113,-3.571386,1.6147768,0.523,-0.15629728
7.2595396,-3.5197737,1.6012083,0.523,-0.15505755
7.2579684,-3.468125,1.5877465,0.523,-0.1538178
7.2570925,-3.41645,1.5743916,0.523,-0.15257806
7.2569065,-3.3647578,1.5611434,0.523,-0.13036929
7.257407,-3.3129041,1.5498117,0.523,-0.10816051
7.258498,-3.2609212,1.540402,0.523,-0.08595174
7.260082,-3.2088382,1.5329192,0.523,-0.07271839
7.2620573,-3.156714,1.5265862,0.523,-0.059485037
7.2643642,-3.1045575,1.5214041,0.523,-0.046251684
7.266944,-3.052377,1.5173739,0.523,-0.03691879
7.2697344,-3.0001874,1.5141566,0.523,-0.027585894
7.272694,-2.9479911,1.5117524,0.523,-0.018252999
7.2757797,-2.8957908,1.5101614,0.523,-0.014562684
7.278949,-2.8435924,1.508892,0.523,-0.01087237
7.282184,-2.791396,1.5079443,0.523,-0.0071820556
7.285469,-2.7392004,1.5073183,0.523,-0.0012177527
7.288787,-2.6870058,1.5072122,0.523,0.00474655
7.29211,-2.634812,1.5076259,0.523,0.010710853
7.295411,-2.5826194,1.5085595,0.523,0.019535393
7.2986636,-2.5304306,1.5102623,0.523,0.028359931
7.3018265,-2.4782474,1.5127339,0.523,0.03718447
7.304859,-2.4260716,1.5159744,0.52123636,0.04107812
7.307713,-2.3740702,1.519542,0.5194727,0.04497177
7.3103714,-2.3222435,1.5234343,0.5177091,0.04886542
7.3128195,-2.2705925,1.5276489,0.5143806,0.05137419
7.3150353,-2.21927,1.5320513,0.51105213,0.053882964
7.3170123,-2.1682773,1.5366386,0.5077237,0.056391735
7.318743,-2.1176152,1.541408,0.505679,0.056265436
7.3202267,-2.0671492,1.5461475,0.50363433,0.05613914
7.321466,-2.0168803,1.5508573,0.5015897,0.056012847
7.3224645,-1.96681,1.5555375,0.4997647,0.05828465
7.323226,-1.9169242,1.5603895,0.49793968,0.06055646
7.3237433,-1.8672242,1.5654119,0.49611467,0.062828265
7.32401,-1.8177114,1.5706036,0.49384707,0.0625925
7.3240194,-1.7684233,1.575752,0.49157944,0.062356733
7.3237762,-1.7193615,1.5808576,0.4893118,0.062120967
7.3232846,-1.6705272,1.5859205,0.48476312,0.05343554
7.3225527,-1.6221256,1.5902357,0.48021445,0.044750113
7.32162,-1.5741613,1.593816,0.47566575,0.036064684
7.320526,-1.5266383,1.5966746,0.46966076,0.02652002
7.319311,-1.4797044,1.5987502,0.4636558,0.016975354
7.3180156,-1.4333637,1.600062,0.4576508,0.0074306903
7.316676,-1.3876194,1.6006287,0.45221207,0.0027941526
7.3153276,-1.3424184,1.6008393,0.44677335,-0.0018423855
7.3139853,-1.2977614,1.6007022,0.44133464,-0.0064789234
7.312666,-1.2536486,1.6002256,0.4376761,-0.014353961
7.311378,-1.2099044,1.5991786,0.4340176,-0.022228997
7.310147,-1.1665308,1.5975707,0.43035907,-0.030104036
7.3089952,-1.1235299,1.5954118,0.42413428,-0.032313842
7.307952,-1.0811515,1.593128,0.4179095,-0.034523647
7.307019,-1.0393958,1.5907238,0.41168472,-0.036733456
7.306199,-0.9982633,1.5882039,0.40231144,-0.040202837
7.3054996,-0.95807076,1.585509,0.39293817,-0.043672223
7.304922,-0.91881865,1.5826498,0.3835649,-0.047141604
7.3044677,-0.88050747,1.5796373,0.37215498,-0.07081656
7.3041396,-0.84338665,1.5752485,0.36074507,-0.09449151
7.30398,-0.8074735,1.5695757,0.34933516,-0.11816646
7.3040223,-0.7727836,1.5627117,0.33727944,-0.12806506
7.3042927,-0.7393329,1.5555325,0.3252237,-0.13796367
7.3047843,-0.70712334,1.548078,0.313168,-0.14786227
7.305488,-0.6761562,1.5403885,0.3023538,-0.14639346
7.3063974,-0.6462581,1.5330377,0.2915396,-0.14492464
7.3074865,-0.6174303,1.5260204,0.28072542,-0.14345583
7.30873,-0.589674,1.5193315,0.27470216,-0.14208162
7.3101287,-0.56251657,1.5128484,0.2686789,-0.14070739
7.3116693,-0.5359589,1.5065682,0.26265565,-0.13933317
7.313339,-0.5100015,1.5004885,0.254953,-0.1349696
7.315114,-0.4848005,1.4947708,0.24725032,-0.13060606
7.3169756,-0.46035683,1.489404,0.23954765,-0.12624249
7.3189077,-0.43667138,1.4843771,0.23343016,-0.10440229
7.3209114,-0.41354212,1.4803228,0.22731268,-0.08256208
7.3229585,-0.39098093,1.4771985,0.2211952,-0.06072188
7.3250217,-0.3689988,1.4749613,0.20812456,-0.022757202
7.327013,-0.34828722,1.4741719,0.19505394,0.015207475
7.3288946,-0.32887506,1.4746662,0.18198329,0.053172152
7.330639,-0.31078634,1.4762783,0.16944414,0.089514524
7.3322315,-0.2939851,1.4788028,0.15690498,0.12585689
7.3336616,-0.27848452,1.4820855,0.14436582,0.16219926
