3.9390516,-7.616492,0.7960372,0.23661678,0.0
3.955604,-7.599583,0.7960372,0.26603723,-0.089754105
3.9741395,-7.580649,0.7920629,0.2954577,-0.17950821
3.9945583,-7.559956,0.7832708,0.32487816,-0.2692623
4.01675,-7.537859,0.7688667,0.35385594,-0.2338995
4.041489,-7.5139246,0.7551977,0.38283375,-0.19853668
4.068817,-7.488199,0.742613,0.41181156,-0.16317387
4.0987525,-7.460722,0.73146313,0.44062397,-0.17340152
4.131052,-7.431731,0.71879274,0.4694364,-0.18362918
4.1657877,-7.4013395,0.7045063,0.49824885,-0.19385684
4.2030396,-7.3696747,0.6885088,0.523,-0.20811452
4.242554,-7.337161,0.6704988,0.523,-0.2223722
4.2825227,-7.3054633,0.65127474,0.523,-0.2366299
4.3229585,-7.2746425,0.6308404,0.523,-0.24954656
4.363884,-7.24475,0.60931337,0.523,-0.2624632
4.4053035,-7.2158437,0.58669704,0.523,-0.27537987
4.4472165,-7.1879807,0.5629954,0.523,-0.27391526
4.4897957,-7.1611075,0.53941655,0.523,-0.2724507
4.5330143,-7.1352353,0.51596063,0.523,-0.27098608
4.5768456,-7.1103735,0.4926277,0.523,-0.27430204
4.6212044,-7.0865636,0.46901643,0.523,-0.277618
4.6660705,-7.0638285,0.44512704,0.523,-0.28093392
4.7114234,-7.0421925,0.42095983,0.523,-0.2780372
4.757324,-7.0216417,0.3970353,0.523,-0.27514043
4.803742,-7.0021787,0.3733537,0.523,-0.27224368
4.8506455,-6.983805,0.34991515,0.523,-0.26678854
4.898038,-6.9665103,0.32693496,0.523,-0.2613334
4.945886,-6.9502845,0.30441383,0.523,-0.25587827
4.994157,-6.935119,0.28235236,0.523,-0.2545042
5.042768,-6.9210167,0.2604068,0.523,-0.25313014
5.0916944,-6.90798,0.23857716,0.523,-0.25175607
5.1409106,-6.89601,0.2168635,0.523,-0.2548692
5.1903358,-6.8851204,0.19488715,0.523,-0.25798228
5.239948,-6.875327,0.1726483,0.523,-0.2610954
5.289724,-6.8666472,0.15014718,0.523,-0.26610455
5.3396153,-6.8590994,0.12722452,0.523,-0.27111366
5.389598,-6.8527055,0.10388089,0.523,-0.2761228
5.4396453,-6.847488,0.08011687,0.523,-0.2825352
5.489711,-6.843468,0.055815563,0.523,-0.2889476
5.5397644,-6.8406715,0.030977977,0.523,-0.29536
5.589776,-6.839122,0.0056051323,0.523,-0.3
5.639739,-6.838842,-0.02015438,0.523,-0.3
5.689693,-6.8398485,-0.04591389,0.523,-0.3
5.7396045,-6.842142,-0.0716734,0.523,-0.3
5.7894406,-6.84572,-0.09743291,0.523,-0.3
5.8391676,-6.85058,-0.12319242,0.523,-0.3
5.888753,-6.85672,-0.14895193,0.523,-0.3
5.9381638,-6.864135,-0.17471145,0.523,-0.3
5.987367,-6.87282,-0.20047095,0.523,-0.3
6.0363307,-6.882769,-0.22623047,0.523,-0.3
6.0850215,-6.893976,-0.25199,0.523,-0.3
6.133408,-6.906434,-0.27774948,0.523,-0.3
6.181457,-6.9201336,-0.303509,0.5013842,-0.3
6.2271667,-6.934449,-0.32820386,0.47976843,-0.3
6.2705545,-6.9492235,-0.3518341,0.45815262,-0.3
6.311642,-6.9643073,-0.37439963,0.45204228,-0.3
6.3518357,-6.9801006,-0.39666423,0.44593197,-0.3
6.3911295,-6.9965596,-0.4186279,0.43982163,-0.3
6.429519,-7.01364,-0.4402906,0.44193,-0.3
6.4677114,-7.031634,-0.4620571,0.44403836,-0.3
6.505684,-7.0505447,-0.48392752,0.44614673,-0.3
6.5434117,-7.070375,-0.50590175,0.43805876,-0.3
6.580019,-7.0906553,-0.5274776,0.42997083,-0.3
6.6155124,-7.1113315,-0.5486551,0.4218829,-0.3
6.649901,-7.1323514,-0.5694343,0.41840035,-0.3
6.683565,-7.153902,-0.5900419,0.41491783,-0.3
6.7165017,-7.1759567,-0.610478,0.41143528,-0.3
6.748708,-7.198489,-0.63074255,0.4040463,-0.3
6.779881,-7.2212534,-0.6506432,0.39665735,-0.3
6.810033,-7.244206,-0.6701799,0.38926837,-0.3
6.8391776,-7.2673044,-0.6893527,0.38013005,-0.3
6.867201,-7.2904024,-0.7080754,0.37099174,-0.3
6.894123,-7.313453,-0.726348,0.36185342,-0.3
6.919967,-7.336412,-0.7441705,0.36127096,-0.3
6.945357,-7.3597903,-0.7619643,0.3606885,-0.3
6.970287,-7.383578,-0.7797294,0.36010602,-0.3
6.99475,-7.407766,-0.79746586,0.35705173,-0.3
7.018577,-7.4321747,-0.81505185,0.3539974,-0.3
7.041771,-7.4567866,-0.8324874,0.35094312,-0.3
7.064336,-7.4815836,-0.8497726,0.35088214,-0.29723454
7.086484,-7.5067835,-0.8669001,0.3508212,-0.29446906
7.1082115,-7.5323763,-0.88387,0.35076022,-0.29170358
7.1295156,-7.5583515,-0.9006822,0.34541026,-0.21606722
7.1504693,-7.5847936,-0.9130243,0.3400603,-0.14043087
7.1710544,-7.6114397,-0.9209573,0.3347103,-0.06479452
