-4.6313725,-7.2978625,0.47916788,0.6922059,0.0
-4.5699477,-7.265949,0.47916788,0.523,0.054342173
-4.5236063,-7.2418723,0.48390236,0.523,0.108684346
-4.477584,-7.217684,0.4933574,0.523,0.16302653
-4.432132,-7.1932435,0.507505,0.523,0.19304357
-4.387273,-7.1682982,0.5242276,0.523,0.22306064
-4.3431177,-7.1427684,0.54351026,0.523,0.2530777
-4.29978,-7.116583,0.56533545,0.523,0.28509268
-4.2574,-7.089697,0.5898508,0.523,0.31710768
-4.2161045,-7.062056,0.61703104,0.523,0.34912264
-4.176022,-7.0336204,0.6468485,0.523,0.38232648
-4.1373005,-7.004376,0.6793686,0.523,0.4155303
-4.1000752,-6.9743123,0.7145556,0.523,0.4487341
-4.06448,-6.943434,0.7523707,0.523,0.48057333
-4.030622,-6.9117417,0.7926668,0.523,0.51241255
-3.9986253,-6.8792763,0.835403,0.523,0.5442518
-3.968608,-6.846096,0.880536,0.523,0.5696023
-3.9405642,-6.8121357,0.9275447,0.523,0.5949529
-3.9145846,-6.7774787,0.976399,0.523,0.62030345
-3.8907526,-6.742221,1.0270674,0.523,0.6413311
-3.8690724,-6.7063565,1.079216,0.523,0.66235876
-3.8496058,-6.669999,1.1328217,0.523,0.68338645
-3.832406,-6.6332717,1.1878606,0.523,0.7016072
-3.81748,-6.596218,1.244122,0.523,0.71982795
-3.8048606,-6.5589724,1.3015871,0.523,0.73804873
-3.7945702,-6.521675,1.3602368,0.523,0.75740945
-3.7866275,-6.4845123,1.4201239,0.523,0.77677023
-3.7810287,-6.4476357,1.481226,0.523,0.79613096
-3.7777565,-6.4111996,1.5435201,0.523,0.81074905
-3.7767737,-6.3751807,1.6066988,0.523,0.82536715
-3.778047,-6.3397293,1.6707486,0.523,0.8399852
-3.7815304,-6.3049946,1.7356558,0.523,0.8478739
-3.7872088,-6.270863,1.8010199,0.523,0.85576266
-3.7950337,-6.237478,1.866837,0.523,0.8636514
-3.8049462,-6.204978,1.9331028,0.523,0.8668094
-3.8169444,-6.173324,1.9995471,0.523,0.86996746
-3.8309653,-6.142651,2.0661693,0.523,0.8731255
-3.846937,-6.1130905,2.1329687,0.523,0.8599271
-3.8651268,-6.084217,2.1990232,0.523,0.8467287
-3.8854883,-6.056186,2.264321,0.523,0.8335303
-3.907964,-6.029149,2.3288515,0.523,0.79702246
-3.933092,-6.002608,2.3911998,0.523,0.7605147
-3.960806,-5.9767694,2.4512835,0.523,0.72400683
-3.9910164,-5.95182,2.509022,0.523,0.6666431
-4.024166,-5.927519,2.5629215,0.523,0.6092794
-4.0600724,-5.9040623,2.612805,0.523,0.55191565
-4.0985246,-5.881595,2.658508,0.523,0.48491457
-4.1395,-5.860102,2.6991394,0.523,0.41791353
-4.1826963,-5.8396363,2.7345164,0.523,0.35091245
-4.2277956,-5.8201914,2.7644804,0.523,0.2825681
-4.2744923,-5.8016963,2.7887843,0.523,0.21422373
-4.322449,-5.784038,2.807315,0.523,0.14587936
-4.3713293,-5.767061,2.8199859,0.523,0.07994982
-4.4207892,-5.7505827,2.8269475,0.523,0.014020282
-4.4705167,-5.7343984,2.8281693,0.523,-0.051909257
-4.520202,-5.718295,2.8236468,0.523,-0.11698915
-4.569541,-5.702057,2.8134723,0.523,-0.18206903
-4.6182327,-5.685481,2.7976897,0.523,-0.24714893
-4.665974,-5.6683836,2.776365,0.523,-0.29434448
-4.7127237,-5.650507,2.751077,0.523,-0.3
-4.758926,-5.6314874,2.7253175,0.523,-0.3
-4.804623,-5.6112843,2.699558,0.523,-0.3
-4.849785,-5.5899105,2.6737983,0.523,-0.3
-4.894381,-5.567381,2.6480389,0.523,-0.3
-4.938382,-5.54371,2.6222794,0.523,-0.3
-4.981759,-5.5189137,2.59652,0.523,-0.3
-5.0244827,-5.493008,2.5707603,0.523,-0.3
-5.0665255,-5.466011,2.5450008,0.523,-0.3
-5.107858,-5.4379396,2.5192413,0.523,-0.3
-5.1484547,-5.4088135,2.4934819,0.523,-0.3
-5.1882873,-5.378651,2.4677224,0.523,-0.3
-5.2273297,-5.3474727,2.4419627,0.523,-0.3
-5.2655563,-5.315299,2.4162033,0.523,-0.3
-5.302942,-5.2821517,2.3904438,0.523,-0.3
-5.339461,-5.248052,2.3646843,0.523,-0.3
-5.375089,-5.213023,2.3389246,0.523,-0.3
-5.409804,-5.1770887,2.3131652,0.523,-0.3
-5.4435816,-5.1402717,2.2874057,0.523,-0.3
-5.4763994,-5.1025968,2.2616463,0.523,-0.3
-5.508236,-5.0640893,2.2358868,0.523,-0.3
-5.5390706,-5.0247746,2.210127,0.523,-0.3
-5.568882,-4.9846783,2.1843677,0.523,-0.3
-5.597651,-4.943828,2.1586082,0.523,-0.3
-5.625358,-4.90225,2.1328487,0.523,-0.3
-5.651985,-4.8599725,2.107089,0.523,-0.3
-5.6775146,-4.817023,2.0813296,0.523,-0.3
-5.701929,-4.77343,2.0555701,0.523,-0.3
-5.7252126,-4.729223,2.0298107,0.523,-0.3
-5.74735,-4.68443,2.0040512,0.523,-0.3
-5.7683263,-4.6390824,1.9782916,0.523,-0.3
-5.7881274,-4.5932097,1.952532,0.523,-0.3
-5.8067408,-4.546842,1.9267726,0.523,-0.3
-5.8241534,-4.5000105,1.901013,0.523,-0.3
-5.8403544,-4.452746,1.8752536,0.523,-0.3
-5.8553324,-4.4050794,1.849494,0.523,-0.3
-5.8690777,-4.3570433,1.8237345,0.523,-0.3
-5.8815813,-4.308669,1.797975,0.523,-0.3
-5.8928347,-4.259989,1.7722155,0.523,-0.3
-5.90283,-4.211035,1.746456,0.523,-0.3
-5.911562,-4.1618395,1.7206964,0.523,-0.3
-5.9190235,-4.112436,1.694937,0.523,-0.3
-5.92521,-4.062856,1.6691774,0.523,-0.3
-5.9301176,-4.0131335,1.643418,0.523,-0.3
-5.933743,-3.9633012,1.6176584,0.523,-0.3
-5.936084,-3.9133918,1.5918989,0.523,-0.3
-5.937138,-3.863439,1.5661395,0.523,-0.3
-5.9369054,-3.8134754,1.5403799,0.523,-0.3
-5.9353857,-3.7635343,1.5146204,0.523,-0.3
-5.9325805,-3.713649,1.4888608,0.523,-0.3
-5.928491,-3.6638527,1.4631014,0.523,-0.3
-5.923121,-3.614178,1.4373418,0.523,-0.3
-5.9164724,-3.5646582,1.4115824,0.523,-0.3
-5.908551,-3.515326,1.3858228,0.523,-0.29179955
-5.8993387,-3.4660914,1.3607471,0.523,-0.28359908
-5.8888693,-3.416984,1.3363568,0.523,-0.2753986
-5.877178,-3.3680317,1.3126534,0.523,-0.2653851
-5.864294,-3.3192348,1.2897912,0.523,-0.25537157
-5.8502603,-3.2706158,1.2677726,0.523,-0.24535803
-5.835121,-3.2221937,1.2465994,0.5228104,-0.23589298
-5.8189282,-3.1740086,1.226235,0.52262086,-0.22642794
-5.801726,-3.1260738,1.2066804,0.52243125,-0.21696289
-5.783557,-3.0784004,1.1879369,0.5191051,-0.207928
-5.764582,-3.0312853,1.1700768,0.5157789,-0.19889311
-5.744859,-2.9847298,1.1530919,0.5124528,-0.18985823
-5.7244444,-2.938732,1.1369736,0.5056888,-0.17483005
-5.703512,-2.893547,1.1223136,0.49892485,-0.15980186
-5.6821547,-2.8491614,1.1090819,0.4921609,-0.14477366
-5.660459,-2.8055596,1.097248,0.48278153,-0.12168378
-5.6386046,-2.762912,1.087481,0.4734022,-0.09859389
-5.6167116,-2.7211976,1.0797145,0.46402287,-0.075504005
-5.5948915,-2.6803956,1.0738808,0.4538172,-0.052518427
-5.573287,-2.6405575,1.0699103,0.4436115,-0.02953285
-5.5519943,-2.6016629,1.0677271,0.4334058,-0.006547272
-5.5310993,-2.5636926,1.0672542,0.42409298,0.010294366
-5.510637,-2.526549,1.0679818,0.41478017,0.027136004
-5.490656,-2.4902184,1.0698575,0.40546736,0.04397764
-5.4712024,-2.4546878,1.0728284,0.3953143,0.061539806
-5.4523563,-2.420023,1.0768805,0.38516128,0.079101965
-5.4341536,-2.3862164,1.081953,0.37500823,0.09666413
-5.4166255,-2.3532622,1.0879853,0.36253014,0.11993215
-5.399915,-2.321384,1.0952144,0.35005203,0.14320017
-5.384052,-2.290582,1.1035404,0.33757392,0.16646819
-5.369056,-2.2608595,1.1128632,0.322784,0.18299147
-5.3550243,-2.2323904,1.1226528,0.30799413,0.19951478
-5.341944,-2.2051828,1.1328266,0.29320422,0.21603806
-5.329798,-2.1792471,1.1433018,0.27685067,0.2334347
-5.3186316,-2.1547368,1.1539754,0.2604971,0.25083134
-5.3084154,-2.1316628,1.1647516,0.24414353,0.268228
-5.299117,-2.1100357,1.1755356,0.2268138,0.30651933
-5.2907906,-2.0900788,1.1869421,0.20948406,0.34481066
-5.283407,-2.071798,1.1987437,0.19215432,0.38310203
-5.276928,-2.055195,1.2107149,0.17329925,0.43422496
-5.2713885,-2.0404816,1.2228663,0.15444419,0.48534793
-5.266731,-2.0276394,1.2348747,0.13558912,0.5364709
-5.2628894,-2.0166366,1.2464248,0.11358732,0.5997995
-5.259901,-2.0077496,1.2571111,0.09158551,0.66312814
-5.2576737,-2.000884,1.2665075,0.0695837,0.72645676
-5.2561154,-1.9959215,1.2742107,0.04696561,0.78976554
-5.2551494,-1.9927595,1.2797698,0.024347525,0.85307425
-5.2546897,-1.9912255,1.2828267,0.0017294409,0.916383
-5.2546597,-1.9911245,1.2830553,-0.020552829,0.96880275
-5.25499,-1.9922405,1.2802321,-0.042835098,1.0
-5.255653,-1.994458,1.2742246,-0.06511737,1.0
-5.2566814,-1.9978226,1.2650923,-0.0860272,1.0
-5.25808,-2.0022552,1.2530273,-0.10693703,1.0
-5.2598853,-2.0077438,1.23803,-0.12784685,1.0
-5.2621417,-2.0142725,1.2201,-0.14515296,1.0
-5.2648363,-2.0216377,1.199743,-0.16245906,1.0
-5.268019,-2.029818,1.1769589,-0.17976516,1.0
-5.271746,-2.0387874,1.1517477,-0.19534634,1.0
-5.2760406,-2.0484288,1.1243514,-0.21092752,1.0
-5.2809615,-2.0587082,1.0947697,-0.22650869,1.0
-5.2865696,-2.0695858,1.0630031,-0.24007386,1.0
-5.2928767,-2.0809205,1.0293338,-0.25363904,1.0
-5.2999396,-2.0926642,0.9937622,-0.26720423,1.0
-5.307816,-2.1047637,0.9562881,-0.2750469,1.0
-5.316384,-2.116906,0.91771406,-0.2828896,1.0
-5.3256717,-2.1290452,0.8780402,-0.2907323,1.0
-5.335704,-2.1411326,0.8372664,-0.29517204,1.0
-5.346381,-2.1529791,0.79586995,-0.2996118,1.0
-5.357707,-2.164545,0.7538508,-0.30405155,1.0
-5.369684,-2.175789,0.71120906,-0.30751088,1.0
-5.3822713,-2.1866345,0.6680821,-0.31097022,1.0
-5.3954606,-2.197043,0.62447006,-0.31442955,1.0
-5.409243,-2.2069757,0.58037287,-0.31860486,1.0
-5.423639,-2.216415,0.53569007,-0.32278016,1.0
-5.438636,-2.2253168,0.4904217,-0.32695547,1.0
-5.454219,-2.2336373,0.44456777,-0.3322445,1.0
-5.470425,-2.2413576,0.3979721,-0.3375335,1.0
-5.487237,-2.2484252,0.35063466,-0.34282252,1.0
-5.504633,-2.2547877,0.30255544,-0.3478061,1.0
-5.5225716,-2.260387,0.25377733,-0.35278967,1.0
-5.5410223,-2.2651725,0.20430028,-0.3577732,1.0
-5.559951,-2.2690945,0.15412432,-0.36204618,1.0
-5.5792804,-2.2720973,0.10334909,-0.36631915,1.0
-5.598967,-2.2741392,0.051974602,-0.37059212,1.0
-5.6189632,-2.2751794,8.499977e-07,-0.37503183,1.0
-5.639226,-2.2751794,-0.052595552,-0.37947154,1.0
-5.659701,-2.2741017,-0.1058146,-0.38391125,1.0
-5.6803274,-2.271911,-0.1596563,-0.3885039,1.0
-5.7010517,-2.2685738,-0.2141421,-0.3930966,1.0
-5.7218056,-2.2640603,-0.269272,-0.39768925,1.0
-5.7425184,-2.258344,-0.32504597,-0.4024925,1.0
-5.7631264,-2.251399,-0.3814936,-0.4072957,1.0
-5.7835507,-2.243206,-0.43861488,-0.4120989,1.0
-5.803709,-2.23375,-0.49640974,-0.41728187,1.0
-5.8235335,-2.223012,-0.5549315,-0.42246482,1.0
-5.8429337,-2.2109854,-0.61418015,-0.42764774,1.0
-5.861817,-2.1976697,-0.67415565,-0.43368345,1.0
-5.880123,-2.1830425,-0.73497766,-0.4397192,1.0
-5.897748,-2.1671112,-0.7966462,-0.44575492,1.0
-5.9145856,-2.1498904,-0.85916114,-0.45257297,0.9844686
-5.930939,-2.130927,-0.9219917,-0.459391,0.96893716
-5.946655,-2.1102023,-0.9851032,-0.46620905,0.9534058
-5.961574,-2.0877113,-1.0484604,-0.47196156,0.9353453
-5.9755497,-2.063434,-1.1117665,-0.47771406,0.9172848
-5.9884186,-2.0373964,-1.1749803,-0.48346657,0.8992243
-6.000017,-2.0096402,-1.2380601,-0.48808828,0.8822654
-6.010147,-1.980328,-1.3008755,-0.49271,0.86530644
-6.018666,-1.949537,-1.3633916,-0.4973317,0.84834754
-6.0254374,-1.9173571,-1.4255738,-0.49927187,0.82807213
-6.030324,-1.8839469,-1.4868702,-0.50121206,0.8077967
-6.0332274,-1.8494304,-1.5472467,-0.5031522,0.7875213
-6.0340633,-1.8139377,-1.6066695,-0.50683767,0.76222086
-6.0327487,-1.7773014,-1.6650006,-0.51052314,0.7369204
-6.0291924,-1.7396628,-1.72218,-0.5142086,0.71162003
-6.0233197,-1.7011669,-1.7781484,-0.521166,0.67300916
-6.0149302,-1.6612872,-1.8322924,-0.523,0.63439834
-6.0040402,-1.6205953,-1.8839555,-0.523,0.59578747
-5.990704,-1.5794116,-1.93287,-0.523,0.55394846
-5.9749494,-1.5378166,-1.978724,-0.523,0.51210946
-5.956863,-1.495967,-2.0214372,-0.523,0.47027045
-5.936557,-1.4539988,-2.0609348,-0.523,0.42898527
-5.914168,-1.4120374,-2.0971916,-0.523,0.3877001
-5.889841,-1.3701737,-2.1301458,-0.523,0.34641492
-5.8637376,-1.3284775,-2.1597414,-0.523,0.29882073
-5.8359733,-1.2869159,-2.1854026,-0.523,0.25122654
-5.8067617,-1.2455281,-2.2070715,-0.523,0.20363237
-5.776327,-1.2043316,-2.2246993,-0.523,0.15105371
-5.744876,-1.1632929,-2.237816,-0.523,0.098475054
-5.7126775,-1.1224015,-2.2463858,-0.523,0.045896392
-5.6800056,-1.0816329,-2.250385,-0.5183882,0.008410722
-5.6474276,-1.0413123,-2.2511117,-0.5137765,-0.029074948
-5.615123,-1.0013896,-2.2486224,-0.5091647,-0.06656062
-5.5832634,-0.96181667,-2.242978,-0.5056303,-0.07197026
-5.55186,-0.9223553,-2.2369184,-0.502096,-0.0773799
-5.520926,-0.8829974,-2.2304494,-0.49856165,-0.08278954
-5.4904766,-0.84373575,-2.223578,-0.49746427,-0.08940182
-5.4603815,-0.8043752,-2.2161756,-0.49636686,-0.0960141
-5.4306626,-0.76490444,-2.2082448,-0.49526948,-0.10262637
-5.401342,-0.7253132,-2.1997883,-0.493528,-0.10910237
-5.3724785,-0.6856427,-2.190832,-0.4917865,-0.11557837
-5.3440933,-0.64588535,-2.1813798,-0.49004504,-0.12205436
-5.316206,-0.606034,-2.1714358,-0.48863098,-0.1235239
-5.2888002,-0.5660303,-2.1614017,-0.48721692,-0.12499343
-5.2618804,-0.5258776,-2.1512783,-0.48580286,-0.12646297
-5.2354507,-0.48557925,-2.1410663,-0.487143,-0.12540282
-5.209358,-0.44489574,-2.1309114,-0.48848316,-0.12434269
-5.183606,-0.40383124,-2.120814,-0.4898233,-0.123282544
-5.1581974,-0.36238998,-2.1107752,-0.49191895,-0.12478497
-5.133104,-0.32052523,-2.1005712,-0.49401462,-0.1262874
-5.108338,-0.27823514,-2.0902007,-0.49611026,-0.12778983
-5.083914,-0.23551825,-2.079663,-0.49837613,-0.13008322
-5.059839,-0.19236293,-2.0688884,-0.500642,-0.13237663
-5.0361295,-0.14876655,-2.0578752,-0.5029079,-0.13467002
-5.0128045,-0.10472678,-2.0466216,-0.50383604,-0.13962413
-4.9899497,-0.060375877,-2.034935,-0.50476426,-0.14457825
-4.9675894,-0.0157104,-2.0228143,-0.5056924,-0.14953236
-4.9457483,0.029272415,-2.0102584,-0.5059535,-0.151689
-4.9244695,0.07453446,-1.997516,-0.50621456,-0.15384562
-4.903765,0.120072335,-1.9845874,-0.5064756,-0.15600225
-4.883648,0.16588226,-1.9714721,-0.50698185,-0.15523526
-4.8641114,0.21200366,-1.9584079,-0.5074881,-0.15446827
-4.845158,0.25842825,-1.9453946,-0.5079943,-0.15370128
-4.82679,0.30514762,-1.9324327,-0.50952786,-0.15269329
-4.808972,0.35225025,-1.919516,-0.51106143,-0.15168528
-4.79171,0.39972886,-1.9066454,-0.512595,-0.1506773
-4.7750077,0.4475762,-1.8938214,-0.51477766,-0.14901064
-4.7588477,0.49585056,-1.8810841,-0.5169604,-0.14734401
-4.743234,0.5445445,-1.8684348,-0.51914304,-0.14567736
-4.728171,0.5936505,-1.8558748,-0.52217984,-0.14343555
-4.7136364,0.64324635,-1.8434343,-0.523,-0.14119373
-4.6996937,0.6931134,-1.8311678,-0.523,-0.13895193
-4.6863594,0.74316347,-1.8190948,-0.523,-0.13700745
-4.673627,0.7933845,-1.8071896,-0.523,-0.13506296
-4.6614895,0.8437669,-1.7954524,-0.523,-0.13311848
-4.649942,0.8943016,-1.7838831,-0.523,-0.132967
-4.6389794,0.94496745,-1.772327,-0.523,-0.13281551
-4.6286025,0.9957577,-1.7607838,-0.523,-0.13266404
-4.6188126,1.0466653,-1.7492539,-0.523,-0.1290335
-4.609606,1.0977069,-1.7380376,-0.523,-0.12540297
-4.6009684,1.1488723,-1.7271353,-0.523,-0.121772446
-4.5928855,1.2001518,-1.716547,-0.523,-0.11694403
-4.5853415,1.2515439,-1.7063766,-0.523,-0.11211561
-4.5783167,1.3030386,-1.6966243,-0.523,-0.10728719
-4.571791,1.3546268,-1.6872904,-0.523,-0.1009241
-4.565743,1.4063079,-1.678508,-0.523,-0.094561
-4.560146,1.4580725,-1.6702778,-0.523,-0.08819791
-4.5549717,1.5099117,-1.6625998,-0.523,-0.079147264
-4.550192,1.5618284,-1.6557081,-0.523,-0.07009663
-4.5457673,1.613812,-1.649603,-0.523,-0.061045982
-4.541658,1.6658525,-1.6442851,-0.523,-0.051627982
-4.5378227,1.7179419,-1.6397868,-0.523,-0.042209983
-4.5342207,1.770071,-1.6361086,-0.523,-0.032791983
-4.530809,1.8222314,-1.6332508,-0.523,-0.023994803
-4.527546,1.8744144,-1.6311594,-0.523,-0.015197623
-4.524391,1.9266132,-1.6298348,-0.523,-0.006400442
-4.521305,1.978821,-1.6292769,-0.523,0.009352565
-4.5182486,2.0310292,-1.630092,-0.523,0.025105571
-4.51515,2.083221,-1.6322802,-0.523,0.040858578
-4.5119395,2.1353786,-1.6358408,-0.506342,0.0566447
-4.5086536,2.1858246,-1.6406184,-0.489684,0.07243083
-4.505246,2.2345457,-1.6465247,-0.47302595,0.088216946
-4.5016813,2.2815292,-1.6534704,-0.44828543,0.11805878
-4.4980054,2.3258936,-1.6622707,-0.4235449,0.14790061
-4.4941783,2.3676107,-1.672673,-0.3988044,0.17774244
-4.4901867,2.4066594,-1.684425,-0.37191597,0.19735578
-4.4860516,2.4428937,-1.6965791,-0.34502754,0.21696913
-4.4818244,2.4763215,-1.7089581,-0.3181391,0.23658249
-4.477565,2.5069544,-1.7213857,-0.29085693,0.24970575
-4.4733367,2.534819,-1.7333652,-0.26357478,0.262829
-4.4692173,2.5599358,-1.7447785,-0.23629262,0.27595228
-4.4652815,2.5823278,-1.7555087,-0.21217918,0.29875407
-4.4615574,2.6022608,-1.7659172,-0.18806575,0.32155588
-4.458098,2.619765,-1.7758232,-0.16395234,0.34435767
-4.454956,2.6348743,-1.7850481,-0.15111908,0.35266337
-4.4519405,2.648732,-1.7937475,-0.13828585,0.36096907
-4.44908,2.6613493,-1.8018875,-0.12545261,0.36927477
-4.4464006,2.6727378,-1.8094343,-0.12318397,0.35221836
-4.4436674,2.6839724,-1.816517,-0.12091533,0.33516195
-4.44089,2.695048,-1.8231456,-0.118646696,0.31810555
-4.438076,2.7059605,-1.8293304,-0.11829729,0.30305642
-4.4351892,2.716876,-1.8352145,-0.11794787,0.28800726
-4.432234,2.7277918,-1.8407981,-0.11759846,0.27295813
-4.429213,2.738706,-1.8460819,-0.11864319,0.25999796
-4.4260964,2.74974,-1.8511653,-0.119687915,0.2470378
-4.4228854,2.7608922,-1.8560432,-0.12073264,0.23407763
-4.4195805,2.7721617,-1.8607105,-0.12091823,0.21961942
-4.416207,2.7834706,-1.865101,-0.121103816,0.20516121
-4.4127674,2.7948172,-1.869213,-0.12128941,0.190703
-4.4092665,2.8061998,-1.8730447,-0.12159287,0.17699766
-4.4057035,2.8176267,-1.876613,-0.121896334,0.16329232
-4.4020824,2.829096,-1.8799157,-0.122199796,0.14958696
-4.398406,2.840607,-1.8829509,-0.12138931,0.13774195
-4.3947134,2.8520498,-1.8857288,-0.12057882,0.12589695
-4.3910084,2.8634238,-1.8882523,-0.11976833,0.11405193
-4.387294,2.8747282,-1.8905239,-0.11525245,0.10557256
-4.3836913,2.8856084,-1.8925481,-0.110736564,0.09709318
-4.380206,2.8960645,-1.8943373,-0.10622068,0.08861381
-4.3768425,2.9060957,-1.895904,-0.10294918,0.09476113
-4.373569,2.9158077,-1.8975275,-0.09967769,0.10090846
-4.370386,2.9252002,-1.899201,-0.09640619,0.10705578
-4.3672943,2.9342732,-1.9009179,-0.094597176,0.11559801
-4.3642483,2.9431624,-1.9027363,-0.09278816,0.12414024
-4.361248,2.9518673,-1.9046513,-0.090979144,0.13268247
-4.358293,2.9603872,-1.9066572,-0.09150191,0.14170672
-4.3553076,2.9689398,-1.9088111,-0.09202468,0.15073097
-4.35229,2.977523,-1.9111141,-0.09254745,0.15975522
-4.3492403,2.986136,-1.9135678,-0.09588387,0.17844443
-4.346069,2.995023,-1.9164044,-0.09922029,0.19713365
-4.342773,3.0041776,-1.9196433,-0.102556705,0.21582286
-4.339349,3.013592,-1.9233037,-0.10929842,0.24973583
-4.3356924,3.0235314,-1.9278059,-0.11604014,0.2836488
-4.331799,3.0339694,-1.9332184,-0.12278185,0.31756178
-4.3276634,3.0448759,-1.9396081,-0.13464265,0.35805523
-4.3231173,3.0566382,-1.9474725,-0.14650343,0.3985487
-4.318151,3.0691938,-1.9569484,-0.15836422,0.43904215
-4.3127522,3.0824728,-1.9681678,-0.16541977,0.43746567
-4.3069534,3.0962894,-1.9798477,-0.17247534,0.43588915
-4.3007345,3.1106343,-1.9919846,-0.17953089,0.43431264
-4.294076,3.1254973,-2.0045753,-0.18184943,0.40866154
-4.287062,3.1406393,-2.0166192,-0.18416798,0.38301045
-4.2796965,3.1560519,-2.0280902,-0.18648653,0.35735935
-4.2719827,3.1717274,-2.0389626,-0.18569586,0.33941182
-4.2640815,3.1873534,-2.0492666,-0.1849052,0.3214643
-4.256004,3.2029266,-2.0590036,-0.18411453,0.30351675
-4.2477627,3.2184439,-2.0681748,-0.18156902,0.28703058
-4.2394543,3.2337482,-2.076742,-0.17902352,0.2705444
-4.231094,3.248838,-2.0847163,-0.17647801,0.2540582
