-9.702416,9.792653,-0.84440625,-0.016016893,0.0
-9.703481,9.793851,-0.84440625,-0.0073123807,0.011938524
-9.703966,9.794397,-0.8444208,0.0013921311,0.023877049
-9.703874,9.794293,-0.84441525,0.010096643,0.035815574
-9.703203,9.793539,-0.844355,0.016928043,0.044319652
-9.70208,9.792274,-0.84423,0.023759443,0.052823734
-9.700504,9.790502,-0.8440209,0.030590843,0.061327815
-9.698475,9.788219,-0.8437084,0.035917003,0.06741134
-9.696094,9.7855425,-0.8433052,0.041243162,0.07349487
-9.693357,9.782471,-0.84280044,0.04656932,0.079578385
-9.690269,9.779005,-0.8421835,0.0507286,0.08394096
-9.686903,9.775233,-0.8414746,0.05488788,0.08830353
-9.68326,9.771156,-0.84066784,0.05904716,0.092666104
-9.679338,9.766776,-0.8397572,0.06232319,0.09579487
-9.675197,9.762157,-0.83876365,0.065599225,0.09892364
-9.670834,9.757302,-0.8376839,0.06887525,0.102052405
-9.666248,9.752211,-0.8365144,0.07149346,0.10429038
-9.661484,9.746932,-0.83527404,0.07411167,0.10652836
-9.65654,9.741468,-0.83396065,0.07672988,0.10876633
-9.651414,9.735819,-0.83257246,0.0788577,0.11042371
-9.64614,9.730021,-0.8311241,0.08098552,0.11208109
-9.640715,9.724077,-0.82961446,0.083113335,0.11373846
-9.635139,9.717986,-0.8280423,0.08488583,0.11498668
-9.6294365,9.711774,-0.8264191,0.08665833,0.1162349
-9.623605,9.705443,-0.8247441,0.08843082,0.11748312
-9.617644,9.698994,-0.8230166,0.08995237,0.11840949
-9.61157,9.692445,-0.8212455,0.091473915,0.11933587
-9.605383,9.685797,-0.8194305,0.09299546,0.12026224
-9.59908,9.67905,-0.817571,0.09433811,0.120943025
-9.592674,9.672218,-0.815674,0.095680766,0.1216238
-9.586165,9.665302,-0.8137393,0.09702342,0.12230458
-9.579552,9.658303,-0.8117665,0.09822626,0.12282673
-9.572843,9.651231,-0.80976075,0.09942909,0.12334888
-9.566037,9.644085,-0.80772185,0.10063194,0.12387103
-9.559135,9.6368685,-0.8056496,0.10174161,0.12426339
-9.552142,9.629586,-0.80354786,0.102851294,0.12465576
-9.545058,9.62224,-0.8014166,0.103960976,0.12504813
-9.537883,9.614831,-0.79925555,0.10501038,0.12533554
-9.530619,9.607362,-0.7970677,0.10605979,0.12562297
-9.523265,9.599835,-0.7948529,0.107109204,0.1259104
-9.515822,9.592251,-0.7926112,0.108121835,0.12611333
-9.508293,9.584612,-0.7903446,0.10913447,0.12631626
-9.500675,9.576919,-0.7880531,0.1101471,0.12651919
-9.4929695,9.569172,-0.7857367,0.11113997,0.12665364
-9.485176,9.561373,-0.7833969,0.11213284,0.12678811
-9.477295,9.553523,-0.78103375,0.113125704,0.12692256
-9.469326,9.545624,-0.7786471,0.11411126,0.12700123
-9.461268,9.537674,-0.7762382,0.115096815,0.12707989
-9.453121,9.5296755,-0.77380705,0.11608237,0.12715855
-9.444886,9.521628,-0.77135354,0.117069826,0.12719098
-9.43656,9.513533,-0.7688785,0.11805729,0.1272234
-9.4281435,9.50539,-0.766382,0.11904474,0.12725583
-9.419637,9.497201,-0.7638639,0.12004105,0.12724927
-9.411038,9.488965,-0.76132494,0.121037364,0.1272427
-9.402347,9.480682,-0.758765,0.12203368,0.12723613
-9.393562,9.472354,-0.7561841,0.123044156,0.12719578
-9.384684,9.463979,-0.7535827,0.12405464,0.12715541
-9.3757105,9.455559,-0.75096077,0.12506512,0.12711506
-9.366641,9.447094,-0.74831825,0.12609515,0.12703502
-9.357475,9.438583,-0.7456557,0.12712516,0.126955
-9.348211,9.430028,-0.742973,0.12815519,0.12687498
-9.338849,9.421429,-0.7402704,0.12922175,0.1266452
-9.329385,9.412783,-0.7375501,0.13028832,0.12641543
-9.319819,9.404091,-0.7348123,0.13135488,0.12618567
-9.310151,9.395354,-0.73205715,0.13244961,0.12585132
-9.300377,9.386571,-0.7292863,0.13354434,0.12551697
-9.290498,9.377743,-0.7265,0.13463905,0.12518261
-9.280512,9.368869,-0.7236982,0.13575901,0.12477121
-9.270418,9.35995,-0.7208824,0.13687895,0.1243598
-9.260215,9.350985,-0.7180527,0.1379989,0.1239484
-9.249902,9.341975,-0.7152092,0.1391438,0.12347661
-9.239477,9.33292,-0.71235293,0.14028868,0.123004824
-9.22894,9.32382,-0.70948416,0.14143358,0.12253304
-9.218289,9.314675,-0.706603,0.14260447,0.12201109
-9.207524,9.305486,-0.7037103,0.14377536,0.121489145
-9.196643,9.296251,-0.70080626,0.14494625,0.120967194
-9.185645,9.286973,-0.6978911,0.14614478,0.120401114
-9.174529,9.27765,-0.6949655,0.14734331,0.119835034
-9.163293,9.268282,-0.6920297,0.14854184,0.11926895
-9.1519375,9.258871,-0.689084,0.14976972,0.11866234
-9.140459,9.249414,-0.6861289,0.15099761,0.11805573
-9.128858,9.239915,-0.6831648,0.1522255,0.11744912
-9.117132,9.230372,-0.6801919,0.15348446,0.1168039
-9.105281,9.220784,-0.6772107,0.15474345,0.11615867
-9.093303,9.211153,-0.67422163,0.15600243,0.115513444
-9.081197,9.201479,-0.67122495,0.15729417,0.114830405
-9.068961,9.191761,-0.6682212,0.15858592,0.114147365
-9.056595,9.181999,-0.6652107,0.15987767,0.113464326
-9.044096,9.1721945,-0.6621938,0.16120368,0.11274379
-9.031464,9.162346,-0.6591711,0.16252969,0.11202325
-9.018697,9.152453,-0.6561429,0.16385572,0.11130272
-9.005794,9.142519,-0.65310955,0.16521744,0.11054438
-8.992752,9.132541,-0.6500718,0.16657917,0.10978605
-8.979571,9.1225195,-0.6470299,0.1679409,0.10902772
-8.966251,9.112455,-0.64398426,0.16933969,0.10823103
-8.952788,9.102348,-0.64093554,0.17073849,0.10743435
-8.939182,9.092198,-0.63788426,0.17213729,0.10663766
-8.925432,9.0820055,-0.63483065,0.17357442,0.10580188
-8.911534,9.07177,-0.6317756,0.17501153,0.104966104
-8.897489,9.06149,-0.6287195,0.17644866,0.10413033
-8.883295,9.051169,-0.6256628,0.17792535,0.10325451
-8.86895,9.040805,-0.6226063,0.17940202,0.10237869
-8.854452,9.030398,-0.61955047,0.18087871,0.10150287
-8.839802,9.019949,-0.6164958,0.18248631,0.100542374
-8.824988,9.009451,-0.61344296,0.1840939,0.099581875
-8.81001,8.998906,-0.61039263,0.18570149,0.098621376
-8.794867,8.988314,-0.6073452,0.18748233,0.09752468
-8.779545,8.977665,-0.6043027,0.18926318,0.096427985
-8.764043,8.966961,-0.60126567,0.19104402,0.09533129
-8.748361,8.9562025,-0.5982349,0.19293058,0.093663946
-8.732488,8.945385,-0.5952275,0.19481713,0.09199661
-8.716425,8.934507,-0.5922446,0.19670369,0.090329275
-8.7001705,8.923573,-0.5892873,0.19865392,0.0882449
-8.683721,8.912575,-0.5863694,0.20060417,0.08616053
-8.667073,8.901515,-0.5834923,0.20255442,0.084076166
-8.6502285,8.890395,-0.58065724,0.20461646,0.08152805
-8.633178,8.879208,-0.57788,0.2066785,0.07897993
-8.615919,8.867953,-0.5751623,0.20874053,0.07643182
-8.598455,8.856631,-0.5725058,0.21093231,0.07344721
-8.580773,8.845235,-0.569926,0.21312408,0.070462614
-8.562874,8.833764,-0.56742525,0.21531586,0.067478016
-8.544758,8.822218,-0.56500554,0.21754842,0.06470622
-8.5264225,8.810595,-0.56266105,0.21978095,0.061934423
-8.507868,8.798893,-0.56039387,0.2220135,0.059162628
-8.489096,8.787113,-0.55820596,0.22432157,0.056564294
-8.4700985,8.77525,-0.5560923,0.22662966,0.053965963
-8.450879,8.763305,-0.554055,0.22893773,0.05136763
-8.431436,8.751276,-0.55209583,0.23133652,0.0486907
-8.411762,8.739157,-0.55021924,0.23373531,0.046013772
-8.391859,8.726949,-0.54842734,0.23613408,0.043336846
-8.371728,8.714649,-0.54672235,0.23862042,0.04018727
-8.35136,8.702253,-0.54512453,0.24110675,0.037037693
-8.330759,8.68976,-0.5436365,0.24359308,0.03388812
-8.309923,8.677168,-0.54226094,0.2461384,0.030433338
-8.28885,8.664471,-0.5410127,0.24868369,0.026978558
-8.267541,8.651669,-0.53989464,0.251229,0.023523778
-8.245997,8.638758,-0.53890973,0.2538191,0.019874996
-8.224217,8.625734,-0.538069,0.25640923,0.016226213
-8.202202,8.612596,-0.5373756,0.25899932,0.012577432
-8.179955,8.599339,-0.53683275,0.261742,0.007836771
-8.157463,8.585953,-0.53649086,0.2644847,0.0030961097
-8.13473,8.572434,-0.53635436,0.26722738,-0.0016445518
-8.11176,8.55878,-0.5364276,0.27032775,-0.0076340856
-8.088525,8.544964,-0.5367716,0.27342814,-0.013623619
-8.06503,8.530983,-0.5373924,0.27652854,-0.019613152
-8.04128,8.51683,-0.5382963,0.28003046,-0.02662469
-8.017245,8.50248,-0.53953874,0.28353235,-0.03363623
-7.9929333,8.487922,-0.5411279,0.28703427,-0.040647767
-7.968351,8.473148,-0.543072,0.29079366,-0.048267007
-7.9434843,8.458138,-0.54541034,0.294553,-0.055886246
-7.918342,8.442882,-0.5481525,0.2983124,-0.063505486
-7.8929324,8.427368,-0.5513078,0.3017325,-0.07111327
-7.867295,8.411603,-0.554881,0.3051526,-0.07872106
-7.8414383,8.3955765,-0.5588805,0.3085727,-0.08632885
-7.8153734,8.379275,-0.56331474,0.31173027,-0.094108656
-7.7891335,8.362702,-0.56819695,0.31488782,-0.10188847
-7.76273,8.345846,-0.57353497,0.3180454,-0.109668285
-7.736175,8.328692,-0.5793366,0.3210075,-0.11729614
-7.709497,8.311239,-0.5855977,0.32396957,-0.12492399
-7.6827083,8.293473,-0.5923254,0.3269317,-0.13255183
-7.6558228,8.275381,-0.5995268,0.32970968,-0.13969225
-7.6288667,8.256958,-0.6071782,0.33248767,-0.14683267
-7.601855,8.238192,-0.6152857,0.33526567,-0.15397309
-7.5748005,8.2190695,-0.62385535,0.337888,-0.16043146
-7.5477285,8.199585,-0.6328513,0.34051034,-0.16688983
-7.5206532,8.179726,-0.6422787,0.34313267,-0.1733482
-7.4935894,8.159479,-0.6521427,0.34563354,-0.17902991
-7.466558,8.138838,-0.6624008,0.3481344,-0.18471164
-7.439574,8.117791,-0.6730574,0.35063526,-0.19039336
-7.4126525,8.096329,-0.6841167,0.3533073,-0.19500284
-7.385791,8.074423,-0.6955267,0.35597935,-0.19961233
-7.3590045,8.052065,-0.70729125,0.3586514,-0.20422181
-7.332309,8.029245,-0.71941394,0.36163896,-0.2071038
-7.305688,8.005924,-0.7318077,0.3646265,-0.2099858
-7.2791567,7.982095,-0.7444752,0.36761406,-0.21286778
-7.2527313,7.957748,-0.7574191,0.37090647,-0.21493982
-7.226401,7.9328513,-0.77060413,0.37419888,-0.21701187
-7.200182,7.9073973,-0.78403246,0.37749133,-0.2190839
-7.174092,7.881378,-0.7977061,0.38050947,-0.22132868
-7.148167,7.8548074,-0.8116281,0.3835276,-0.22357343
-7.1224256,7.827678,-0.8258004,0.38654572,-0.2258182
-7.0968843,7.799985,-0.8402253,0.38879722,-0.22761331
-7.071609,7.771775,-0.8548475,0.39104873,-0.22940844
-7.0466156,7.743044,-0.86966836,0.39330024,-0.23120356
-7.0219197,7.713791,-0.8846891,0.39504567,-0.23257147
-6.997566,7.6840487,-0.89986414,0.39679107,-0.23393938
-6.973569,7.6538167,-0.9151943,0.3985365,-0.2353073
-6.949942,7.623096,-0.93068016,0.39976284,-0.23693573
-6.926732,7.59193,-0.9463192,0.40098915,-0.23856418
-6.903951,7.5603204,-0.96211207,0.40221545,-0.24019262
-6.8816133,7.52827,-0.9780592,0.40270287,-0.23774177
-6.85975,7.4958086,-0.99386585,0.40319028,-0.2352909
-6.8383636,7.4629464,-1.0095315,0.40367767,-0.23284005
-6.817457,7.429694,-1.0250558,0.40557373,-0.22325025
-6.7969284,7.3958883,-1.0400214,0.4074698,-0.21366046
-6.776771,7.3615465,-1.0544213,0.40936586,-0.20407067
-6.756979,7.326686,-1.0682482,0.41380307,-0.1913462
-6.7374115,7.291084,-1.0813644,0.41824028,-0.17862172
-6.718062,7.2547574,-1.0937494,0.4226775,-0.16589725
-6.6989207,7.2177243,-1.1053827,0.429425,-0.15347813
-6.679875,7.1798005,-1.1163242,0.4361725,-0.141059
-6.6609178,7.141,-1.1265446,0.44292,-0.12863988
-6.642039,7.1013374,-1.1360146,0.4515564,-0.11872024
-6.6231527,7.0606713,-1.1449285,0.4601928,-0.108800605
-6.6042542,7.01901,-1.1532569,0.4688292,-0.09888098
-6.5853353,6.9763646,-1.1609707,0.47955555,-0.0907063
-6.566306,6.932561,-1.1682105,0.49028188,-0.08253164
-6.547162,6.887606,-1.1749468,0.5010082,-0.074356966
-6.5278974,6.8415074,-1.18115,0.5145857,-0.062057942
-6.5083876,6.7939973,-1.186469,0.523,-0.04975892
-6.488803,6.7455726,-1.1908045,0.523,-0.03745989
-6.4694176,6.6970377,-1.194069,0.523,-0.028412908
-6.4501853,6.6484246,-1.1965452,0.523,-0.019365925
-6.4310694,6.599754,-1.1982332,0.523,-0.0103189405
-6.412033,6.5510445,-1.1991327,0.523,-0.0052901567
-6.3930397,6.502316,-1.1995938,0.523,-0.00026137233
-6.3740687,6.453578,-1.1996166,0.523,0.004767412
-6.3550987,6.40484,-1.1992011,0.523,0.007830149
-6.336109,6.356111,-1.1985185,0.523,0.010892886
-6.3170867,6.3073964,-1.197569,0.523,0.013955623
-6.298019,6.258702,-1.1963526,0.523,0.016260773
-6.2788925,6.210032,-1.1949353,0.523,0.018565923
-6.259698,6.1613913,-1.193317,0.523,0.020871073
-6.240425,6.1127844,-1.1914979,0.523,0.02301677
-6.2210655,6.064214,-1.1894917,0.523,0.025162464
-6.201609,6.015686,-1.1872987,0.523,0.02730816
-6.1820474,5.9672027,-1.1849186,0.523,0.026954602
-6.16237,5.918766,-1.1825694,0.523,0.026601046
-6.142579,5.870375,-1.1802509,0.523,0.02624749
-6.122676,5.82203,-1.1779633,0.523,0.02293538
-6.10266,5.7737265,-1.1759642,0.523,0.019623268
-6.0825467,5.72546,-1.174254,0.523,0.016311157
-6.06235,5.6772246,-1.1728321,0.523,0.012881368
-6.042083,5.629016,-1.1717094,0.523,0.00945158
-6.021761,5.5808277,-1.1708856,0.523,0.0060217916
-6.001399,5.5326552,-1.1703606,0.523,0.0021537305
-5.981012,5.484493,-1.1701729,0.523,-0.0017143309
-5.960615,5.436334,-1.1703223,0.523,-0.005582392
-5.940226,5.388173,-1.1708089,0.523,-0.010285199
-5.9198613,5.340004,-1.1717054,0.523,-0.014988005
-5.8995404,5.2918196,-1.1730118,0.523,-0.019690812
-5.879285,5.2436123,-1.1747282,0.523,-0.02373619
-5.859113,5.1953745,-1.1767969,0.523,-0.02778157
-5.839044,5.1471004,-1.1792182,0.523,-0.03182695
-5.8190937,5.0987835,-1.181992,0.523,-0.035127454
-5.79928,5.050417,-1.1850533,0.523,-0.03842796
-5.779617,5.001996,-1.1884022,0.523,-0.041728467
-5.7601185,4.9535155,-1.1920384,0.523,-0.040812988
-5.740796,4.9049625,-1.1955949,0.523,-0.03989751
-5.7216454,4.85634,-1.1990718,0.523,-0.038982026
-5.702663,4.8076487,-1.2024689,0.523,-0.035634488
-5.683844,4.7588873,-1.2055743,0.523,-0.03228695
-5.6651745,4.7100625,-1.2083882,0.523,-0.028939407
-5.646641,4.66118,-1.2109103,0.523,-0.028157229
-5.6282296,4.61225,-1.2133644,0.523,-0.027375048
-5.609938,4.5632734,-1.2157503,0.523,-0.02659287
-5.5917635,4.514253,-1.218068,0.523,-0.02783904
-5.573703,4.465192,-1.2204944,0.523,-0.029085213
-5.5557623,4.416089,-1.2230293,0.523,-0.030331384
-5.5379467,4.3669424,-1.2256727,0.523,-0.030807633
-5.5202613,4.3177495,-1.2283578,0.523,-0.031283878
-5.502708,4.2685103,-1.2310842,0.523,-0.031760126
-5.4852896,4.219224,-1.2338521,0.523,-0.03865338
-5.468012,4.169902,-1.2372206,0.523,-0.045546632
-5.450906,4.120536,-1.2411894,0.523,-0.052439887
-5.434001,4.0711193,-1.2457583,0.523,-0.057524018
-5.417327,4.02164,-1.2507697,0.523,-0.06260815
-5.4009056,3.9720926,-1.2562234,0.523,-0.06769229
-5.384761,3.922473,-1.2621195,0.523,-0.07237656
-5.3689137,3.8727753,-1.2684228,0.523,-0.077060826
-5.3533854,3.8229961,-1.2751333,0.523,-0.081745096
-5.3381977,3.7731326,-1.2822508,0.523,-0.08693521
-5.3233714,3.723184,-1.2898191,0.523,-0.09212533
-5.3089304,3.6731482,-1.297838,0.523,-0.097315446
-5.294898,3.6230226,-1.3063073,0.523,-0.100101516
-5.2812943,3.572794,-1.3150183,0.523,-0.10288759
-5.2681327,3.522463,-1.3239708,0.523,-0.10567367
-5.2554255,3.472031,-1.3331649,0.523,-0.10742311
-5.243185,3.4214938,-1.3425106,0.523,-0.109172545
-5.2314196,3.370854,-1.352008,0.523,-0.11092199
-5.2201376,3.3201144,-1.3616568,0.523,-0.11463775
-5.2093506,3.2692897,-1.3716276,0.523,-0.1183535
-5.199075,3.2183824,-1.38192,0.523,-0.12206926
-5.1893287,3.1673946,-1.3925339,0.523,-0.124884784
-5.180127,3.1163244,-1.4033915,0.523,-0.1277003
-5.1714835,3.0651755,-1.4144924,0.523,-0.13051583
-5.1634116,3.0139525,-1.4258368,0.523,-0.13318159
-5.1559234,2.9626591,-1.4374114,0.523,-0.13584734
-5.149032,2.9113014,-1.4492165,0.523,-0.1385131
-5.14275,2.8598845,-1.4612516,0.523,-0.13873482
-5.1370873,2.8083975,-1.473306,0.523,-0.13895652
-5.1320457,2.7568476,-1.4853793,0.523,-0.13917823
-5.127627,2.7052422,-1.4974719,0.523,-0.13945968
-5.1238327,2.6535892,-1.5095887,0.523,-0.13974112
-5.1206646,2.601896,-1.52173,0.523,-0.14002258
-5.1181245,2.5501702,-1.5338954,0.523,-0.13896751
-5.116214,2.4984095,-1.5459697,0.523,-0.13791245
-5.114928,2.4466221,-1.5579531,0.523,-0.13685739
-5.114262,2.3948154,-1.5698453,0.523,-0.1322757
-5.114213,2.3429723,-1.5813417,0.523,-0.12769401
-5.11476,2.291101,-1.5924422,0.523,-0.12311232
-5.1158834,2.239209,-1.6031463,0.523,-0.10879324
-5.117565,2.1872454,-1.6126108,0.523,-0.09447415
-5.1197414,2.135224,-1.6208335,0.523,-0.08015506
-5.1223493,2.0831573,-1.627813,0.523,-0.076729536
-5.1253204,2.031096,-1.6344947,0.523,-0.07330401
-5.1286407,1.9790422,-1.6408786,0.523,-0.06987848
-5.132294,1.9269979,-1.6469647,0.523,-0.0542984
-5.136268,1.8749264,-1.6516954,0.523,-0.03871832
-5.1404915,1.8228365,-1.6550695,0.523,-0.023138236
-5.144892,1.7707361,-1.6570861,0.523,-0.03382089
-5.1493974,1.7186605,-1.6600337,0.523,-0.044503547
-5.1540537,1.6666201,-1.6639116,0.523,-0.0551862
-5.158909,1.614626,-1.6687195,0.523,-0.034022402
-5.164019,1.5626067,-1.6716846,0.523,-0.012858605
-5.1692863,1.510577,-1.6728054,0.523,0.008305192
-5.174612,1.4585506,-1.6720815,0.523,-0.014609289
-5.1798997,1.4065242,-1.6733549,0.523,-0.03752377
-5.1852503,1.3545356,-1.6766249,0.523,-0.060438253
-5.1907644,1.3026232,-1.6818899,0.523,-0.035847533
-5.196559,1.250679,-1.685014,0.523,-0.011256814
-5.2025194,1.1987231,-1.6859952,0.523,0.013333905
-5.2085304,1.1467743,-1.6848329,0.523,-0.012653637
-5.2144814,1.0948181,-1.6859359,0.523,-0.038641177
-5.220485,1.0429032,-1.6893033,0.523,-0.06462872
-5.2266555,0.99107844,-1.6949328,0.523,-0.041120864
-5.2331257,0.9392248,-1.6985161,0.523,-0.017613005
-5.2397866,0.88735884,-1.7000514,0.523,0.005894852
-5.2465277,0.835496,-1.6995375,0.523,-0.018772596
-5.253241,0.78363794,-1.7011738,0.523,-0.043440044
-5.260034,0.7318308,-1.7049592,0.523,-0.06810749
-5.2670135,0.6801209,-1.7108912,0.523,-0.04161685
-5.27431,0.62837815,-1.7145178,0.523,-0.015126211
-5.2818003,0.57662326,-1.7158363,0.523,0.01136443
-5.2893586,0.52487576,-1.7148457,0.523,-0.014104682
-5.2968655,0.4731226,-1.7160751,0.523,-0.039573796
-5.304431,0.42141405,-1.7195237,0.523,-0.065042906
-5.3121643,0.3698008,-1.7251893,0.523,-0.047727637
-5.320198,0.31818175,-1.729348,0.523,-0.03041237
-5.3284516,0.26656163,-1.7319984,0.523,-0.013097102
-5.3368454,0.21494412,-1.7331401,0.523,-0.036003985
-5.3452935,0.16336526,-1.7362777,0.523,-0.058910865
-5.3538938,0.11186921,-1.7414099,0.523,-0.081817746
-5.362744,0.060500976,-1.7485337,0.523,-0.07841339
-5.371962,0.00918307,-1.7553617,0.523,-0.07500903
-5.381533,-0.04208411,-1.7618939,0.523,-0.071604684
-5.3914413,-0.09330048,-1.7681301,0.523,-0.08649455
-5.4016566,-0.14439376,-1.7756602,0.523,-0.101384416
-5.412242,-0.19533716,-1.7844824,0.523,-0.11627428
-5.423258,-0.24610253,-1.7945948,0.523,-0.12077405
-5.4347806,-0.29672676,-1.8050966,0.523,-0.12527382
-5.4468274,-0.34719914,-1.8159878,0.523,-0.1297736
-5.459416,-0.39750826,-1.827268,0.52136594,-0.13849822
-5.4725146,-0.4474566,-1.8392643,0.5197319,-0.14722282
-5.4861517,-0.49702594,-1.851971,0.5180978,-0.15594742
-5.500354,-0.5461971,-1.8653824,0.5145034,-0.16179797
-5.515097,-0.5947881,-1.8791963,0.510909,-0.16764852
-5.5303874,-0.642786,-1.8934051,0.5073146,-0.17349906
-5.54623,-0.690178,-1.9080013,0.50387543,-0.17813906
-5.562637,-0.7369754,-1.9228823,0.5004362,-0.18277906
-5.5796075,-0.78316665,-1.9380424,0.496997,-0.18741906
-5.5971394,-0.82874006,-1.9534762,0.49365085,-0.18902403
-5.6152444,-0.87371874,-1.9689357,0.49030474,-0.190629
-5.633909,-0.9180955,-1.9844192,0.4869586,-0.19223398
-5.653121,-0.9618636,-1.999925,0.4832714,-0.19400072
-5.6728516,-1.0049844,-2.015453,0.47958422,-0.19576746
-5.6930866,-1.0474523,-2.031001,0.475897,-0.19753422
-5.713812,-1.0892617,-2.046567,0.47361198,-0.19856757
-5.7350783,-1.1305357,-2.0621383,0.47132695,-0.1996009
-5.7568746,-1.1712675,-2.077714,0.4690419,-0.20063426
-5.7791886,-1.2114507,-2.0932932,0.4678994,-0.1984781
-5.8020806,-1.2512017,-2.1086698,0.4667569,-0.19632193
-5.825534,-1.2905169,-2.1238441,0.4656144,-0.19416577
-5.849532,-1.3293927,-2.1388175,0.46492067,-0.19255352
-5.874081,-1.3678597,-2.1536458,0.4642269,-0.19094126
-5.899168,-1.4059135,-2.1683295,0.46353313,-0.189329
-5.9247804,-1.4435502,-2.182869,0.46408948,-0.17575406
-5.9510345,-1.4809489,-2.1963935,0.4646458,-0.16217911
-5.9778867,-1.5181195,-2.2088978,0.46520212,-0.14860415
-6.005292,-1.555074,-2.2203772,0.46494225,-0.14761502
-6.033108,-1.5916964,-2.2317743,0.46468234,-0.14662586
-6.0613284,-1.6279844,-2.2430894,0.46442246,-0.14563671
-6.089946,-1.663936,-2.2543225,0.46333018,-0.13813022
-6.1189275,-1.6995182,-2.2649553,0.4622379,-0.13062373
-6.148247,-1.7347428,-2.2749898,0.4611456,-0.12311724
-6.1778765,-1.7696222,-2.2844286,0.46050203,-0.1224991
-6.207794,-1.8041748,-2.2938068,0.45985845,-0.12188096
-6.2379947,-1.8383999,-2.3031251,0.45921484,-0.12126283
-6.2684727,-1.8722973,-2.3123834,0.45705414,-0.13992271
-6.299043,-1.905671,-2.3230073,0.4548934,-0.15858257
-6.329734,-1.9384695,-2.33498,0.4527327,-0.17724244
-6.36057,-1.9706424,-2.348284,0.44961223,-0.19625065
-6.3915043,-2.0020702,-2.362896,0.44649175,-0.21525887
-6.4225535,-2.032706,-2.378791,0.44337127,-0.23426707
-6.453729,-2.0625038,-2.3959444,0.44332537,-0.24773987
-6.485304,-2.091663,-2.4140625,0.4432795,-0.26121268
-6.517286,-2.1201422,-2.4331422,0.4432336,-0.27468547
-6.5496817,-2.1479003,-2.4531796,0.44517553,-0.2892425
-6.5826325,-2.175008,-2.4743423,0.44711745,-0.3
-6.616186,-2.2014413,-2.4963644,0.44905934,-0.3
-6.650462,-2.2272406,-2.518482,0.45247322,-0.3
-6.6855645,-2.252466,-2.540768,0.45588708,-0.3
-6.72149,-2.2770872,-2.5632217,0.45930094,-0.3
-6.7582316,-2.301074,-2.5858438,0.46509728,-0.3
-6.7959776,-2.3245156,-2.6087515,0.47089362,-0.3
-6.8347273,-2.3473678,-2.6319447,0.47668996,-0.3
-6.87448,-2.3695855,-2.6554232,0.48628896,-0.3
-6.9155536,-2.391292,-2.6793745,0.495888,-0.3
-6.9579563,-2.412418,-2.7037988,0.505487,-0.3
-7.0016932,-2.4328904,-2.7286956,0.5174873,-0.3
-7.046976,-2.4527278,-2.7541835,0.523,-0.3
-7.0932374,-2.4716039,-2.7799432,0.523,-0.3
-7.1399693,-2.4892821,-2.8057027,0.523,-0.2679467
-7.187585,-2.5059054,-2.8287802,0.523,-0.2358934
-7.2359686,-2.5215542,-2.849152,0.523,-0.20384009
-7.2850113,-2.5363197,-2.8667974,0.523,-0.14587834
-7.3348145,-2.5503607,-2.879468,0.523,-0.08791661
-7.385133,-2.563861,-2.8871217,0.523,-0.029954875
-7.4357257,-2.5770206,-2.8897321,0.523,0.0074632764
-7.4863744,-2.5900538,-2.8890817,0.523,0.044881426
-7.536965,-2.603107,-2.885171,0.523,0.082299575
-7.5873837,-2.6163266,-2.8780053,0.523,0.09273197
-7.6376605,-2.6298945,-2.8699336,0.523,0.10316435
-7.6877747,-2.6438537,-2.8609571,0.523,0.11359674
-7.7377048,-2.6582456,-2.8510766,0.523,0.1196302
-7.787455,-2.6731198,-2.8406737,0.523,0.12566367
-7.837011,-2.688499,-2.8297486,0.523,0.13169715
-7.8863573,-2.7044065,-2.8183022,0.523,0.14365679
-7.935437,-2.7208505,-2.805823,0.523,0.15561643
-7.98422,-2.7378747,-2.7923133,0.523,0.16757609
-8.032674,-2.7555223,-2.7777746,0.523,0.19040312
-8.080667,-2.7737966,-2.761278,0.523,0.21323015
-8.12813,-2.7927713,-2.7428317,0.523,0.23605718
-8.174991,-2.812515,-2.722446,0.523,0.24181612
-8.221373,-2.833181,-2.7015727,0.523,0.24757506
-8.267248,-2.8547792,-2.680212,0.523,0.253334
-8.312585,-2.8773193,-2.6583652,0.523,0.2520248
-8.357433,-2.9008522,-2.6366289,0.523,0.25071558
-8.401775,-2.9253626,-2.615003,0.523,0.24940638
-8.445591,-2.9508348,-2.5934877,0.523,0.22016616
-8.489152,-2.977429,-2.5744514,0.523,0.19092594
-8.532462,-3.0050151,-2.55791,0.523,0.16168572
-8.575535,-3.0334618,-2.5438776,0.523,0.10029305
-8.618549,-3.0627458,-2.53515,0.523,0.038900368
-8.661491,-3.0925317,-2.53176,0.523,-0.022492308
-8.704352,-3.1224778,-2.5337205,0.523,-0.048617046
-8.747233,-3.1523123,-2.5379567,0.523,-0.07474179
-8.790171,-3.181917,-2.5444655,0.523,-0.10086653
