8.205844,-0.44713154,-0.61967605,0.41372132,0.0
8.239523,-0.4711593,-0.61967605,0.38870594,-0.08039392
8.271065,-0.4936613,-0.6248787,0.36369056,-0.16078784
8.30018,-0.51466274,-0.63458294,0.33867517,-0.24118175
8.326665,-0.5341597,-0.6480651,0.32275254,-0.2928421
8.351301,-0.55281305,-0.6635935,0.30682987,-0.3
8.374393,-0.5708682,-0.6787059,0.29090723,-0.3
8.396026,-0.58831525,-0.69303405,0.2877637,-0.3
8.417175,-0.60587865,-0.7072074,0.2846202,-0.3
8.437845,-0.6235449,-0.72122586,0.28147668,-0.3
8.458039,-0.6413008,-0.73508954,0.28048345,-0.3
8.477916,-0.65927136,-0.7489043,0.27949026,-0.3
8.497473,-0.67745024,-0.76267016,0.27849704,-0.3
8.516708,-0.695831,-0.77638704,0.27968302,-0.3
8.535771,-0.71455324,-0.7901624,0.28086898,-0.3
8.554654,-0.7336168,-0.80399615,0.28205496,-0.3
8.57335,-0.75302136,-0.8178883,0.28524405,-0.3
8.591983,-0.7729061,-0.83193755,0.28843313,-0.3
8.610539,-0.79327583,-0.84614384,0.29162222,-0.3
8.629006,-0.81413525,-0.8605072,0.29702732,-0.3
8.64751,-0.83564925,-0.8751368,0.30243242,-0.3
8.666026,-0.857828,-0.8900326,0.30783752,-0.3
8.684536,-0.8806814,-0.90519464,0.31445917,-0.3
8.703088,-0.90431035,-0.92068285,0.32108083,-0.3
8.721654,-0.9287273,-0.93649715,0.32770246,-0.3
8.740207,-0.95394444,-0.9526376,0.3345462,-0.3
8.758729,-0.9799905,-0.96911514,0.34138995,-0.3
8.777189,-1.0068772,-0.9859297,0.34823367,-0.3
8.795556,-1.0346155,-1.0030814,0.3554546,-0.3
8.813816,-1.0632465,-1.0205888,0.36267555,-0.3
8.831932,-1.0927808,-1.0384517,0.36989647,-0.3
8.849868,-1.1232283,-1.0566704,0.37727642,-0.3
8.867592,-1.1546115,-1.0752525,0.38465637,-0.3
8.885066,-1.1869386,-1.0941981,0.39203632,-0.3
8.902247,-1.2202177,-1.1135073,0.39560384,-0.3
8.918934,-1.254128,-1.132992,0.39917135,-0.3
8.9351015,-1.2886657,-1.1526526,0.40273887,-0.3
8.950725,-1.3238258,-1.1724888,0.40144366,-0.3
8.9656,-1.3591751,-1.1922613,0.40014842,-0.3
8.979727,-1.3946965,-1.21197,0.3988532,-0.3
8.993109,-1.4303735,-1.2316148,0.3941208,-0.3
9.005635,-1.4658802,-1.2510266,0.3893884,-0.3
9.017329,-1.5011941,-1.2702053,0.38465604,-0.3
9.02821,-1.536294,-1.2891508,0.37921166,-0.3
9.038279,-1.5710942,-1.3078283,0.37376726,-0.3
9.047561,-1.6055739,-1.3262377,0.36832288,-0.3
9.056081,-1.6397141,-1.3443788,0.3642791,-0.3
9.063893,-1.6736268,-1.3623208,0.3602353,-0.3
9.071015,-1.7072963,-1.3800635,0.35619155,-0.3
9.077467,-1.7407075,-1.3976072,0.35281974,-0.3
9.083275,-1.7739093,-1.4149847,0.34944797,-0.3
9.088455,-1.806889,-1.4321963,0.34607616,-0.3
9.093023,-1.8396338,-1.4492416,0.34233513,-0.3
9.096989,-1.8720971,-1.4661028,0.33859414,-0.3
9.100369,-1.9042671,-1.4827797,0.3348531,-0.3
9.103181,-1.936133,-1.4992723,0.33175397,-0.3
9.105446,-1.9677457,-1.5156124,0.3286548,-0.3
9.107178,-1.9990954,-1.5317997,0.32555565,-0.3
9.108391,-2.0301733,-1.5478344,0.322817,-0.3
9.109098,-2.061005,-1.5637343,0.32007834,-0.3
9.109315,-2.0915825,-1.5794991,0.3173397,-0.3
9.109051,-2.121898,-1.5951293,0.31423154,-0.3
9.10832,-2.1519089,-1.6106062,0.31112337,-0.3
9.107138,-2.181608,-1.6259301,0.30801523,-0.3
9.1055155,-2.2109892,-1.6411009,0.3049977,-0.3
9.103469,-2.2400546,-1.656123,0.30198017,-0.3
9.10101,-2.268799,-1.6709965,0.29896265,-0.3
9.098153,-2.2972167,-1.6857215,0.29605693,-0.3
9.09491,-2.3253136,-1.7003033,0.29315123,-0.3
9.091293,-2.3530848,-1.714742,0.2902455,-0.3
9.087316,-2.3805263,-1.7290375,0.2876667,-0.3
9.082985,-2.4076648,-1.743206,0.28508788,-0.3
9.078313,-2.4344964,-1.7572476,0.2825091,-0.3
9.07331,-2.4610178,-1.7711622,0.2803788,-0.3
9.067979,-2.4872675,-1.7849717,0.27824852,-0.3
9.062328,-2.5132422,-1.7986764,0.27611825,-0.3
9.05637,-2.538939,-1.8122761,0.27531922,-0.3
9.050079,-2.5644782,-1.8258365,0.27452022,-0.3
9.043463,-2.5898557,-1.8393576,0.2737212,-0.3
9.036525,-2.615068,-1.8528394,0.27173164,-0.3
9.0293,-2.6400018,-1.866223,0.26974213,-0.3
9.021797,-2.6646547,-1.8795087,0.26775262,-0.3
9.014025,-2.689025,-1.8926964,0.2662507,-0.3
9.005978,-2.7131543,-1.9058102,0.26474878,-0.3
8.997662,-2.7370405,-1.91885,0.26324686,-0.3
8.989084,-2.7606816,-1.9318157,0.26144993,-0.3
8.980262,-2.7840488,-1.9446931,0.25965303,-0.3
8.971202,-2.8071406,-1.9574819,0.25785613,-0.3
8.961912,-2.8299556,-1.9701821,0.25590017,-0.3
8.952405,-2.8524787,-1.982786,0.25394425,-0.3
8.942691,-2.874709,-1.9952936,0.2519883,-0.3
8.9327755,-2.8966458,-2.007705,0.24985176,-0.3
8.922676,-2.9182727,-2.020011,0.24771522,-0.3
8.912399,-2.93959,-2.0322118,0.24557868,-0.3
8.901954,-2.9605975,-2.0443075,0.24343663,-0.3
8.891349,-2.981295,-2.0562975,0.2412946,-0.3
8.880591,-3.001683,-2.068182,0.23915257,-0.3
8.869691,-3.021762,-2.079961,0.23701863,-0.3
8.858653,-3.041533,-2.091635,0.2348847,-0.3
8.847487,-3.0609968,-2.103204,0.23275077,-0.3
8.8362,-3.0801547,-2.1146677,0.23066059,-0.3
8.824798,-3.099011,-2.1260285,0.2285704,-0.3
8.813287,-3.117567,-2.1372864,0.22648022,-0.3
8.801675,-3.1358235,-2.1484413,0.22597289,-0.3
8.789886,-3.153909,-2.1595712,0.22546555,-0.3
8.7779255,-3.1718218,-2.170676,0.22495821,-0.3
8.765793,-3.1895607,-2.181756,0.22478028,-0.3
8.753473,-3.20715,-2.1928272,0.22460234,-0.3
8.740971,-3.224588,-2.2038896,0.2244244,-0.3
8.728286,-3.241873,-2.2149434,0.22422352,-0.3
8.715423,-3.2590015,-2.2259872,0.22402263,-0.3
8.702382,-3.2759714,-2.237021,0.22382174,-0.3
8.689167,-3.2927816,-2.248045,0.22364572,-0.3
8.675778,-3.3094318,-2.2590601,0.22346969,-0.3
8.662218,-3.3259206,-2.270067,0.22329366,-0.3
8.648487,-3.3422463,-2.2810647,0.223425,-0.3
8.63457,-3.3584297,-2.2920692,0.22355632,-0.3
8.620467,-3.374468,-2.30308,0.22368766,-0.3
8.606179,-3.3903596,-2.3140976,0.22387132,-0.3
8.591706,-3.4061058,-2.325124,0.22405496,-0.3
8.577048,-3.421704,-2.3361595,0.22423862,-0.3
8.562207,-3.4371524,-2.347204,0.22454427,-0.3
8.547175,-3.4524567,-2.3582635,0.22484992,-0.3
8.531955,-3.4676144,-2.369338,0.22515558,-0.3
8.516546,-3.482623,-2.3804278,0.22538833,-0.3
8.500957,-3.4974751,-2.3915288,0.22562107,-0.3
8.485187,-3.5121684,-2.4026415,0.22585382,-0.3
8.469237,-3.5267005,-2.4137657,0.22577636,-0.3
8.453134,-3.5410495,-2.4248857,0.2256989,-0.3
8.436876,-3.5552137,-2.4360023,0.22562146,-0.3
8.420468,-3.5691912,-2.447115,0.22524746,-0.3
8.403934,-3.582963,-2.458209,0.22487345,-0.3
8.387275,-3.5965278,-2.4692848,0.22449946,-0.3
8.370495,-3.609885,-2.4803421,0.22468744,-0.3
8.353554,-3.623067,-2.4914088,0.22487544,-0.3
8.336454,-3.6360712,-2.5024846,0.22506343,-0.3
8.319197,-3.6488962,-2.5135698,0.22554497,-0.3
8.301761,-3.6615562,-2.5246787,0.22602652,-0.3
8.284148,-3.6740482,-2.5358112,0.22650807,-0.3
8.266359,-3.6863697,-2.5469675,0.2269349,-0.3
8.248401,-3.6985147,-2.5581448,0.22736171,-0.3
8.230273,-3.7104807,-2.569343,0.22778854,-0.3
8.211979,-3.7222652,-2.5805626,0.22818282,-0.3
8.1935215,-3.7338636,-2.5918012,0.22857712,-0.3
8.174903,-3.7452736,-2.6030595,0.2289714,-0.3
8.156124,-3.7564924,-2.614337,0.22940926,-0.3
8.137184,-3.76752,-2.6256363,0.2298471,-0.3
8.118085,-3.7783535,-2.636957,0.23028496,-0.3
8.098826,-3.78899,-2.6482992,0.23075013,-0.3
8.079411,-3.7994287,-2.6596646,0.23121531,-0.3
8.059837,-3.8096666,-2.6710527,0.2316805,-0.3
8.04011,-3.8197012,-2.6824636,0.23206584,-0.3
8.020236,-3.8295262,-2.6938937,0.23245119,-0.3
8.000217,-3.8391395,-2.7053428,0.23283654,-0.3
7.980057,-3.8485384,-2.7168107,0.23328526,-0.3
7.9597507,-3.8577232,-2.7283008,0.23373398,-0.3
7.9393015,-3.8666914,-2.739813,0.23418272,-0.3
7.9187107,-3.8754401,-2.7513473,0.23472315,-0.3
7.8979726,-3.8839705,-2.7629082,0.2352636,-0.3
7.8770895,-3.8922799,-2.7744956,0.23580404,-0.3
7.8560634,-3.9003649,-2.78611,0.23642336,-0.3
7.834889,-3.908226,-2.7977545,0.23704267,-0.3
7.813569,-3.91586,-2.8094296,0.23766197,-0.3
7.792105,-3.9232635,-2.8211353,0.2383588,-0.3
7.770493,-3.9304366,-2.8328753,0.23905562,-0.3
7.748735,-3.9373755,-2.8446496,0.23975243,-0.3
7.726833,-3.9440773,-2.8564582,0.24061705,-0.3
7.704774,-3.9505434,-2.8683095,0.24148168,-0.3
7.6825604,-3.9567697,-2.8802032,0.24234629,-0.3
7.660195,-3.9627528,-2.8921394,0.2435027,-0.3
7.637652,-3.9684956,-2.9041328,0.24465913,-0.3
7.614935,-3.9739938,-2.9161832,0.24581553,-0.3
7.5920453,-3.9792426,-2.9282904,0.24721098,-0.3
7.5689635,-3.984242,-2.9404664,0.24860643,-0.3
7.545692,-3.9889867,-2.952711,0.25000188,-0.3
7.522233,-3.9934711,-2.9650245,0.2525821,-0.3
7.4984784,-3.9977095,-2.977465,0.25516233,-0.3
7.474429,-4.0016923,-2.9900327,0.25774255,-0.3
7.4500885,-4.00541,-3.0027273,0.26071116,-0.3
7.425421,-4.0088577,-3.0155683,0.26367977,-0.3
7.400431,-4.012024,-3.0285554,0.26664838,-0.3
7.3751197,-4.0148973,-3.0416887,0.27000898,-0.3
7.3494534,-4.01747,-3.0549874,0.2733696,-0.3
7.3234353,-4.019729,-3.068452,0.27673024,-0.3
7.2970686,-4.021661,-3.0820818,0.28112167,-0.3
7.27026,-4.023258,-3.095928,0.28551307,-0.3
7.243012,-4.024503,-3.1099904,0.2899045,-0.3
7.21533,-4.025378,-3.1242692,0.29517683,-0.3
7.187135,-4.025867,-3.1388078,0.30044916,-0.3
7.1584325,-4.0259466,3.1295795,0.3057215,-0.3
7.1292276,-4.025596,3.1145217,0.3309637,-0.20020755
7.096804,-4.024718,3.1035516,0.3562059,-0.10041509
7.061389,-4.0233703,3.0976005,0.38144812,-0.0006226301
7.023281,-4.0216928,3.0975606,0.4101536,0.099210836
6.9825068,-4.019896,3.1043315,0.43885905,0.1990443
6.939517,-4.0182934,3.1187944,0.46756452,0.29887778
6.894845,-4.017275,-3.1414454,0.49677014,0.39867765
6.8490644,-4.0172815,-3.1093044,0.523,0.49847755
6.8031526,-4.0187645,-3.067631,0.523,0.59827745
6.7600546,-4.021958,-3.0185368,0.50021666,0.49846193
6.716452,-4.027351,-2.9786801,0.4774333,0.3986464
6.6730347,-4.0344872,-2.9477923,0.45464996,0.29883093
6.6303983,-4.0428553,-2.925484,0.42723444,0.20566636
6.589548,-4.051823,-2.9109423,0.39981893,0.112501815
6.550871,-4.060906,-2.9034615,0.3724034,0.019337261
6.5146885,-4.069689,-2.9022613,0.34336358,-0.040985636
6.4813585,-4.0778213,-2.904606,0.31432375,-0.10130854
6.4509616,-4.085163,-2.9099045,0.28528392,-0.16163144
6.4235573,-4.0916286,-2.917556,0.25731158,-0.19091873
6.398925,-4.0972414,-2.925694,0.22933924,-0.22020602
6.3770647,-4.1020355,-2.9340432,0.2013669,-0.2494933
6.35797,-4.1060567,-2.94233,0.1803541,-0.27302524
6.340946,-4.109494,-2.9504352,0.1593413,-0.29655716
6.3259854,-4.1123896,-2.958196,0.13832851,-0.3
6.312992,-4.1147995,-2.965009,0.13206354,-0.3
6.3005714,-4.117016,-2.9715135,0.12579855,-0.3
6.288727,-4.11905,-2.9777095,0.119533576,-0.3
6.2774606,-4.120913,-2.983597,0.11854924,-0.3
6.2662764,-4.122695,-2.989436,0.11756491,-0.3
6.2551746,-4.1243973,-2.9952264,0.116580576,-0.3
6.2441564,-4.126022,-3.0009685,0.117365055,-0.3
6.2330546,-4.1275935,-3.0067492,0.118149534,-0.3
6.22187,-4.129111,-3.0125682,0.11893401,-0.3
6.210602,-4.130573,-3.0184262,0.12037216,-0.3
6.1991897,-4.1319857,-3.024355,0.12181031,-0.3
6.1876326,-4.1333466,-3.0303545,0.123248465,-0.3
6.175931,-4.1346536,-3.0364249,0.12503432,-0.3
6.164052,-4.1359076,-3.0425832,0.12682016,-0.3
6.1519957,-4.137105,-3.0488296,0.12860602,-0.3
6.1397624,-4.138243,-3.0551639,0.13073069,-0.3
6.12732,-4.1393213,-3.0616028,0.13285536,-0.3
6.114668,-4.1403356,-3.0681465,0.13498002,-0.3
6.1018076,-4.1412816,-3.0747945,0.13775009,-0.2942464
6.088654,-4.142162,-3.0814528,0.14052014,-0.2884928
6.075207,-4.1429715,-3.0881162,0.1432902,-0.2827392
6.0614667,-4.143707,-3.0947788,0.146207,-0.2694339
6.047389,-4.1443663,-3.1012652,0.1491238,-0.25612858
6.0329747,-4.144948,-3.1075616,0.1520406,-0.24282327
6.018225,-4.14545,-3.1136544,0.15831125,-0.23120667
6.0028214,-4.1458807,-3.1197007,0.1645819,-0.21959005
5.9867625,-4.146232,-3.125676,0.17085254,-0.20797345
5.9700475,-4.146498,-3.1315553,0.17864737,-0.18876632
5.952501,-4.146674,-3.1371424,0.1864422,-0.16955918
5.9341245,-4.146756,3.1407993,0.19423702,-0.15035205
5.91492,-4.146741,3.13595,0.19539613,-0.051590227
5.8954062,-4.146631,3.134271,0.19655523,0.047171593
5.8757734,-4.146487,3.1358156,0.19771433,0.14593342
5.856212,-4.146374,3.1406074,0.21337114,0.24443837
5.8355093,-4.1463537,-3.1339715,0.22902794,0.3429433
5.813941,-4.146518,-3.121136,0.24468474,0.44144827
5.791823,-4.1469707,-3.1037126,0.25067458,0.34535134
5.7682524,-4.147864,-3.089569,0.2566644,0.24925442
5.7434125,-4.149157,-3.0790167,0.26265424,0.1531575
5.7175055,-4.1507807,-3.0723383,0.2550099,0.08314999
5.6921535,-4.1525393,-3.0688083,0.24736553,0.013142491
5.6674848,-4.154338,-3.0682666,0.23972118,-0.056865014
5.6436157,-4.156091,-3.0705373,0.24132378,-0.08172038
5.6196246,-4.157799,-3.0738206,0.24292639,-0.10657575
5.5955253,-4.1594343,-3.0781274,0.24452898,-0.13143112
5.571332,-4.160972,-3.0834684,0.25100973,-0.12009691
5.546454,-4.16242,-3.0884805,0.2574905,-0.10876269
5.520893,-4.1637783,-3.093139,0.2639712,-0.09742847
5.494652,-4.165051,-3.0974185,0.2716159,-0.09803293
5.467647,-4.1662445,-3.1018493,0.27926058,-0.09863739
5.439879,-4.167349,-3.106433,0.28690526,-0.09924184
5.411347,-4.1683526,-3.1111705,0.2958863,-0.09585376
5.381908,-4.169248,-3.1158903,0.30486733,-0.09246568
5.3515615,-4.1700287,-3.1205819,0.31384838,-0.08907759
5.3203077,-4.1706853,-3.125235,0.32384238,-0.08581128
5.2880473,-4.171213,-3.129861,0.33383638,-0.08254497
5.2547793,-4.171603,-3.1344485,0.34383038,-0.07927866
5.220505,-4.1718483,-3.1389868,0.355304,-0.080514625
5.18509,-4.1719403,3.1394358,0.36677763,-0.08175059
5.148535,-4.1718616,3.134444,0.37825125,-0.08298655
5.110841,-4.171592,3.1292183,0.4018256,0.016486669
5.070667,-4.171095,3.1303225,0.42539996,0.11595988
5.028415,-4.1706185,3.1385255,0.4489743,0.21543309
4.9845557,-4.170484,-3.1286635,0.4741061,0.31463438
4.9394765,-4.171067,-3.1042101,0.4992379,0.4138357
4.893799,-4.1727753,-3.0707507,0.523,0.51303697
4.848346,-4.1760006,-3.0279672,0.523,0.41445416
4.800783,-4.1814284,-2.992866,0.523,0.31587133
4.7516193,-4.188795,-2.9657881,0.523,0.2172885
4.7013364,-4.197727,-2.9469965,0.523,0.12598199
4.65043,-4.2077603,-2.936044,0.523,0.034675498
4.5992618,-4.2184286,-2.9330223,0.523,-0.056631
4.5481772,-4.2292404,-2.9379559,0.523,-0.09183082
4.497174,-4.239773,-2.945949,0.523,-0.12703064
4.446285,-4.249858,-2.9569924,0.523,-0.16223046
4.3955483,-4.2593317,-2.9710715,0.523,-0.13734174
4.3444924,-4.268123,-2.9830055,0.523,-0.112453
4.2931747,-4.2763305,-2.992787,0.523,-0.087564275
4.241651,-4.2840543,-3.0004098,0.523,-0.059042923
4.1899614,-4.291401,-3.0055535,0.523,-0.030521577
4.138169,-4.2984905,-3.0082135,0.523,-0.0020002306
4.0863338,-4.3054457,-3.0083878,0.5193205,0.034153443
4.0348916,-4.312339,-3.0054324,0.5156409,0.07030712
3.983931,-4.3193207,-2.9993951,0.5119614,0.106460795
3.9335384,-4.326535,-2.9903283,0.5084671,0.13622878
3.883738,-4.334126,-2.9788194,0.50497276,0.16599678
3.8345933,-4.342197,-2.9649127,0.5014785,0.19576477
3.786169,-4.350843,-2.9486551,0.5001976,0.22459887
3.7383103,-4.360193,-2.930088,0.49891672,0.25343296
3.6910887,-4.3703322,-2.9092393,0.49763584,0.28226706
3.6445787,-4.3813376,-2.886138,0.49712995,0.29690272
3.5985835,-4.3933496,-2.861898,0.49662408,0.31153837
3.5531487,-4.4063997,-2.8365269,0.4961182,0.32617402
3.5083225,-4.420515,-2.8100324,0.50046474,0.33875978
3.4636912,-4.43588,-2.7823133,0.5048113,0.35134554
3.4193203,-4.452545,-2.7533574,0.50915784,0.3639313
3.3752801,-4.470557,-2.7231514,0.5178755,0.36424133
3.3310652,-4.49022,-2.6924036,0.523,0.36455134
3.2870493,-4.511438,-2.661326,0.523,0.36486137
3.2437193,-4.534011,-2.630223,0.523,0.35875037
3.2010133,-4.557976,-2.5996184,0.523,0.35263938
3.1589656,-4.5832934,-2.5695133,0.523,0.34652838
3.1176066,-4.6099243,-2.5399084,0.523,0.35009152
3.0771067,-4.637732,-2.5100117,0.523,0.35365465
3.037508,-4.6667004,-2.4798234,0.523,0.3572178
2.9988527,-4.6968102,-2.449344,0.50248325,0.35260195
2.9625509,-4.726909,-2.4204226,0.48196644,0.3479861
2.928523,-4.7568245,-2.3930304,0.46144965,0.34337026
2.8966877,-4.786397,-2.3671381,0.43774387,0.33790177
2.867167,-4.815278,-2.3429523,0.4140381,0.3324333
2.8398619,-4.843316,-2.3204324,0.39033228,0.32696483
2.8146749,-4.870373,-2.2995386,0.36580136,0.28880742
2.791324,-4.8965316,-2.2821746,0.34127048,0.25065
2.7697392,-4.9215736,-2.268067,0.31673956,0.21249256
2.749858,-4.9453087,-2.2569337,0.30616137,0.24910769
2.7310598,-4.9682655,-2.2443535,0.29558322,0.28572282
2.7133696,-4.990432,-2.2304685,0.28500506,0.32233796
2.6968024,-5.0117927,-2.215421,0.2785168,0.2882326
2.6807568,-5.033137,-2.202226,0.27202854,0.25412726
2.6652148,-5.0543895,-2.1908278,0.26554027,0.2200219
