-6.9929333,6.9253063,1.4363623,0.22018468,0.0
-6.989982,6.9471264,1.4363623,0.2482152,-0.054453254
-6.9866605,6.9716873,1.4341108,0.2762457,-0.10890651
-6.9829187,6.998892,1.4291065,0.30427626,-0.16335976
-6.9786787,7.0286136,1.4208589,0.3288624,-0.1401245
-6.9738145,7.0608125,1.4132037,0.35344857,-0.11688924
-6.9683056,7.095481,1.4063337,0.37803474,-0.09365398
-6.9621434,7.132611,1.4004415,0.39765733,-0.12399094
-6.9554534,7.1715,1.3922449,0.41727996,-0.1543279
-6.9481306,7.2120767,1.3815545,0.43690255,-0.18466488
-6.9400516,7.254257,1.368184,0.45049468,-0.18370585
-6.9311385,7.2976427,1.3544683,0.4640868,-0.18274684
-6.9213433,7.342215,1.3404119,0.47767892,-0.18178782
-6.910615,7.3879547,1.3260187,0.48477715,-0.19470014
-6.899089,7.4340987,1.3103869,0.4918754,-0.20761244
-6.8866963,7.480607,1.293489,0.49897367,-0.22052476
-6.873367,7.527436,1.275298,0.5004435,-0.2275242
-6.8591685,7.574077,1.2564842,0.50191337,-0.23452367
-6.844076,7.620503,1.237045,0.5033832,-0.24152312
-6.8280644,7.666683,1.2169783,0.50275385,-0.24410932
-6.8111615,7.712446,1.1967264,0.5021245,-0.2466955
-6.793369,7.7577715,1.1762898,0.50149506,-0.2492817
-6.7746897,7.8026376,1.1556693,0.50049657,-0.2505567
-6.7551346,7.8470063,1.1349869,0.49949807,-0.2518317
-6.7347136,7.890859,1.1142429,0.49849954,-0.2531067
-6.713437,7.9341774,1.0934378,0.49679318,-0.24701323
-6.6913056,7.976964,1.0731927,0.49508682,-0.24091972
-6.6683564,8.019212,1.0535051,0.49338046,-0.23482622
-6.644627,8.060918,1.0343723,0.49166724,-0.22422491
-6.6201286,8.102121,1.0161519,0.48995405,-0.21362361
-6.5949125,8.142824,0.99884,0.48824084,-0.2030223
-6.569028,8.183035,0.9824326,0.48722968,-0.19627321
-6.5425057,8.222787,0.96659636,0.48621854,-0.18952411
-6.515378,8.262084,0.95132977,0.48520738,-0.18277502
-6.487676,8.300931,0.9366313,0.4845037,-0.17650469
-6.459415,8.3393545,0.92245233,0.4838,-0.17023435
-6.430622,8.37736,0.90879196,0.4830963,-0.163964
-6.4013243,8.414954,0.8956493,0.4825564,-0.16268161
-6.3715625,8.452126,0.88262314,0.4820165,-0.1613992
-6.3413463,8.4888735,0.8697132,0.48147663,-0.16011679
-6.310686,8.525194,0.8569192,0.48074397,-0.1572584
-6.279597,8.561082,0.84437096,0.48001134,-0.15440002
-6.2480936,8.596539,0.83206767,0.4792787,-0.15154162
-6.2161913,8.631567,0.8200088,0.4804742,-0.14690322
-6.1837654,8.666318,0.8082872,0.48166972,-0.14226481
-6.1508307,8.700796,0.7969049,0.4828652,-0.1376264
-6.1174016,8.735003,0.78586406,0.4852895,-0.13815756
-6.0834293,8.769008,0.77472514,0.48771384,-0.13868873
-6.048911,8.802796,0.7634879,0.49013817,-0.1392199
-6.013845,8.836359,0.7521517,0.49126056,-0.13760139
-5.978311,8.869605,0.7409209,0.4923829,-0.13598289
-5.942316,8.902533,0.729796,0.4935053,-0.13436438
-5.905866,8.93514,0.7187776,0.4937305,-0.1356486
-5.8690486,8.967351,0.7076495,0.4939557,-0.13693279
-5.831865,8.99916,0.69641155,0.4941809,-0.138217
-5.7943153,9.030558,0.6850638,0.49403208,-0.13825302
-5.7564235,9.061518,0.6737164,0.49388328,-0.13828903
-5.7181945,9.092037,0.66236955,0.4937345,-0.13832504
-5.6796336,9.122111,0.65102315,0.49424797,-0.13952465
-5.6407,9.151772,0.63956714,0.49476144,-0.14072427
-5.601395,9.181009,0.6280012,0.4952749,-0.14192389
-5.5617204,9.209816,0.6163253,0.4958993,-0.14294998
-5.521667,9.238188,0.6045507,0.49652365,-0.14397609
-5.481238,9.266118,0.59267724,0.49714804,-0.14500219
-5.440435,9.293596,0.5807047,0.49815097,-0.14988056
-5.3992524,9.32062,0.5683074,0.4991539,-0.15475895
-5.357686,9.347163,0.55548394,0.5001568,-0.15963732
-5.3157306,9.373204,0.5422331,0.5007402,-0.16245148
-5.273404,9.398705,0.528735,0.5013236,-0.16526563
-5.2307076,9.423649,0.5149892,0.50190693,-0.1680798
-5.187642,9.44802,0.5009952,0.5020232,-0.17354903
-5.144271,9.47177,0.48654708,0.50213945,-0.17901826
-5.1005936,9.494874,0.47164494,0.5022557,-0.1844875
-5.0566106,9.517307,0.45628908,0.5022446,-0.19927782
-5.012417,9.538999,0.43971825,0.5022335,-0.21406813
-4.9680085,9.55989,0.42193606,0.5022224,-0.22885844
-4.923385,9.579921,0.40294656,0.50067645,-0.23907883
-4.878638,9.598996,0.38318586,0.4991305,-0.24929923
-4.8337755,9.617081,0.3626612,0.4975845,-0.2595196
-4.7888117,9.634142,0.34137985,0.4971999,-0.26411384
-4.743585,9.65021,0.31974718,0.49681532,-0.26870808
-4.6981144,9.665266,0.29776424,0.49643072,-0.2733023
-4.652417,9.67929,0.2754321,0.49725148,-0.28345016
-4.606476,9.692273,0.2522544,0.49807227,-0.293598
-4.5603085,9.704173,0.22823086,0.49889302,-0.3
-4.5138836,9.714956,0.2036587,0.49926394,-0.3
-4.4671726,9.724604,0.17906827,0.4996349,-0.3
-4.420204,9.733105,0.15445957,0.50000584,-0.3
-4.3730054,9.740454,0.1298326,0.50105584,-0.3
-4.3255405,9.746651,0.10515392,0.5021058,-0.3
-4.2778373,9.751686,0.08042351,0.50315577,-0.3
-4.2299247,9.755548,0.055641398,0.50442064,-0.3
-4.18181,9.758227,0.030796984,0.50568545,-0.3
-4.133523,9.759715,0.0058902726,0.50695026,-0.3
-4.085093,9.76,-0.019078735,0.508565,-0.3
-4.0365167,9.759073,-0.044127274,0.51017976,-0.3
-3.987825,9.756924,-0.069255345,0.51179445,-0.3
-3.9390485,9.75354,-0.094462946,0.51430345,-0.3
-3.890134,9.748905,-0.11979412,0.51681244,-0.3
-3.841115,9.743005,-0.14524888,0.51932144,-0.3
-3.7920249,9.735825,-0.17082721,0.5224052,-0.3
-3.7428439,9.72734,-0.19655743,0.523,-0.3
-3.693842,9.717583,-0.22231694,0.523,-0.3
-3.6451075,9.706566,-0.24807645,0.523,-0.3
-3.596673,9.694298,-0.27383596,0.523,-0.3
-3.5485704,9.680786,-0.29959548,0.523,-0.3
-3.500832,9.666039,-0.325355,0.523,-0.3
-3.453489,9.650069,-0.35111448,0.523,-0.3
-3.4065733,9.632884,-0.376874,0.523,-0.3
-3.3601158,9.614496,-0.40263352,0.523,-0.3
-3.3141472,9.594918,-0.42839304,0.523,-0.3
-3.2686982,9.574163,-0.45415252,0.523,-0.3
-3.2237988,9.552244,-0.47991204,0.523,-0.3
-3.179479,9.529175,-0.50567156,0.523,-0.3
-3.1357677,9.504972,-0.5314311,0.523,-0.3
-3.0926945,9.479652,-0.5571906,0.52186793,-0.3
-3.0503795,9.453289,-0.5828943,0.52073586,-0.3
-3.0088465,9.425905,-0.6085423,0.51960385,-0.3
-2.9681182,9.397528,-0.6341346,0.5174895,-0.29304966
-2.9282072,9.368175,-0.6590494,0.5153752,-0.2860993
-2.8891191,9.337897,-0.68329024,0.5132609,-0.27914897
-2.8508565,9.306747,-0.7068607,0.5108082,-0.26184213
-2.8133383,9.274704,-0.7288987,0.5083556,-0.24453531
-2.7765477,9.241852,-0.7494113,0.50590295,-0.22722849
-2.7404633,9.208276,-0.76840615,0.5044119,-0.19928002
-2.7049127,9.173913,-0.78504866,0.50292087,-0.17133155
-2.6698594,9.138885,-0.79933953,0.5014298,-0.1433831
-2.6352594,9.103306,-0.81128126,0.501028,-0.12132038
-2.6010137,9.06724,-0.8213873,0.50062615,-0.09925766
-2.5670786,9.030769,-0.8296555,0.50022435,-0.077194944
-2.5334074,8.9939785,-0.8360849,0.49713817,-0.061048925
-2.5001428,8.957158,-0.8411401,0.49405202,-0.04490291
-2.4672418,8.920368,-0.84483624,0.49096587,-0.028756892
-2.4346623,8.883666,-0.847189,0.48623568,-0.028299619
-2.4024818,8.847241,-0.84948206,0.48150548,-0.027842343
-2.370697,8.811097,-0.85171616,0.4767753,-0.027385067
-2.339304,8.775237,-0.85389197,0.47159302,-0.024659395
-2.308327,8.739697,-0.85582995,0.46641076,-0.021933723
-2.277757,8.704487,-0.8575349,0.4612285,-0.01920805
-2.247584,8.669613,-0.85901135,0.45504937,-0.018951964
-2.2178662,8.635163,-0.8604486,0.44887027,-0.01869588
-2.1886008,8.601139,-0.86184716,0.44269115,-0.018439794
-2.1597848,8.567542,-0.86320764,0.43517578,-0.017527591
-2.1315026,8.534477,-0.8644788,0.4276604,-0.01661539
-2.1037495,8.501946,-0.86566305,0.42014503,-0.01570319
-2.0765219,8.469955,-0.86676264,0.40855682,-0.015710926
-2.0500793,8.438818,-0.86783236,0.3969686,-0.015718663
-2.0244193,8.408536,-0.8688723,0.3853804,-0.015726399
-1.9995388,8.379111,-0.86988235,0.3668858,-0.018636722
-1.9758818,8.351077,-0.87102187,0.34839126,-0.021547044
-1.953449,8.324431,-0.8722729,0.32989672,-0.024457365
-1.9322401,8.299176,-0.87361753,0.31624582,-0.02110669
-1.9119399,8.274937,-0.87472993,0.30259493,-0.017756015
-1.8925405,8.251719,-0.8756254,0.28894404,-0.01440534
-1.874035,8.229532,-0.87631905,0.2742745,-0.002947718
-1.8564819,8.208458,-0.8764538,0.25960493,0.008509904
-1.8398709,8.188509,-0.8760856,0.24493538,0.019967526
-1.8241942,8.169696,-0.87527055,0.22955953,0.040017564
-1.809496,8.152086,-0.8737399,0.21418367,0.0600676
-1.795771,8.135694,-0.87159693,0.19880782,0.080117635
-1.7830167,8.120526,-0.86894506,0.18612948,0.09446004
-1.7710532,8.106376,-0.8660191,0.17345116,0.108802445
-1.7598823,8.093241,-0.86288005,0.16077282,0.12314485
-1.7495072,8.08112,-0.8595886,0.15539385,0.13040836
-1.73945,8.0694475,-0.8562208,0.15001488,0.13767189
-1.7297126,8.058223,-0.85278946,0.1446359,0.1449354
-1.720297,8.047444,-0.8493079,0.13707748,0.16269904
-1.7113626,8.037288,-0.8456072,0.12951905,0.18046267
-1.7029114,8.027753,-0.84173274,0.12196061,0.19822632
-1.6949458,8.018835,-0.8377298,0.113470286,0.21484241
-1.6875274,8.010596,-0.8336979,0.10497996,0.2314585
-1.6806595,8.003031,-0.82968426,0.096489646,0.24807459
-1.6743448,7.9961305,-0.8257356,0.0890025,0.24685901
-1.6684933,7.9897866,-0.82211083,0.08151535,0.24564344
-1.6631112,7.983994,-0.818807,0.0740282,0.24442784
-1.6582047,7.9787483,-0.8158212,0.0686606,0.23746116
-1.6536317,7.9738884,-0.8131293,0.063292995,0.23049448
-1.649397,7.969412,-0.8107193,0.057925396,0.2235278
-1.6455054,7.965318,-0.80857927,0.048983984,0.22492383
-1.6422081,7.9618645,-0.8067584,0.040042575,0.22631985
-1.6395084,7.959047,-0.8052609,0.031101163,0.22771588
