-4.537377,0.5031458,0.5209052,0.6126979,0.0
-4.4842334,0.53363764,0.5209052,0.523,-0.09856112
-4.4390903,0.55953926,0.51232785,0.523,-0.19712225
-4.3943877,0.5846806,0.49525642,0.523,-0.29568335
-4.350369,0.6084579,0.46985662,0.523,-0.3
-4.305819,0.63107955,0.4440971,0.523,-0.3
-4.2607017,0.6525463,0.4183376,0.523,-0.3
-4.2150464,0.6728438,0.3925781,0.523,-0.3
-4.168883,0.6919586,0.36681858,0.523,-0.3
-4.122243,0.70987815,0.34105906,0.523,-0.3
-4.0751567,0.7265904,0.31529954,0.5219382,-0.3
-4.027752,0.74205285,0.28959236,0.52087635,-0.3
-3.980063,0.7562628,0.2639374,0.51981455,-0.3
-3.932123,0.7692182,0.2383348,0.5177415,-0.3
-3.8840592,0.78089535,0.2128343,0.5156684,-0.3
-3.8359072,0.79130137,0.1874359,0.51359534,-0.3
-3.787701,0.80044425,0.1621396,0.513578,-0.3
-3.7392805,0.8083647,0.13684414,0.5135606,-0.3
-3.6906767,0.81505764,0.111549556,0.51354325,-0.3
-3.641921,0.820519,0.086255826,0.51409286,-0.3
-3.5929904,0.82475,0.06093502,0.5146424,-0.3
-3.543916,0.82774407,0.035587147,0.51519203,-0.3
-3.494729,0.82949525,0.010212204,0.5160677,-0.3
-3.4454298,0.82999873,-0.015205867,0.51694334,-0.3
-3.39605,0.82924783,-0.04066707,0.51781905,-0.3
-3.3466218,0.8272366,-0.0661714,0.5183199,-0.3
-3.297213,0.8239624,-0.0917004,0.51882076,-0.3
-3.2478566,0.8194236,-0.11725407,0.5193216,-0.3
-3.1985846,0.8136197,-0.14283241,0.5203882,-0.3
-3.1493762,0.80654293,-0.16846327,0.5214548,-0.3
-3.100265,0.7981903,-0.19414668,0.5225214,-0.3
-3.0512843,0.7885596,-0.21988262,0.523,-0.3
-3.0025232,0.7776617,-0.24564214,0.523,-0.3
-2.9540591,0.76551145,-0.27140164,0.523,-0.3
-2.9059238,0.752117,-0.29716116,0.523,-0.3
-2.8581495,0.73748714,-0.32292068,0.523,-0.3
-2.810768,0.72163165,-0.34868017,0.523,-0.3
-2.7638104,0.704561,-0.3744397,0.523,-0.3
-2.7173083,0.6862866,-0.4001992,0.523,-0.3
-2.671292,0.6668205,-0.42595872,0.523,-0.3
-2.6257927,0.6461756,-0.4517182,0.523,-0.3
-2.58084,0.6243657,-0.47747773,0.523,-0.3
-2.5364642,0.60140514,-0.50323725,0.523,-0.3
-2.4926944,0.5773093,-0.52899677,0.523,-0.3
-2.4495597,0.55209404,-0.5547563,0.523,-0.3
-2.4070888,0.52577615,-0.5805158,0.523,-0.3
-2.3653097,0.49837306,-0.6062753,0.523,-0.3
-2.3242505,0.469903,-0.6320348,0.523,-0.3
-2.283938,0.4403848,-0.6577943,0.523,-0.3
-2.2443993,0.4098381,-0.6835538,0.523,-0.3
-2.2056603,0.37828317,-0.70931333,0.523,-0.3
-2.1677473,0.3457409,-0.73507285,0.523,-0.3
-2.1306849,0.31223294,-0.76083237,0.523,-0.3
-2.0944977,0.27778146,-0.7865919,0.523,-0.3
-2.0592098,0.24240936,-0.8123514,0.523,-0.3
-2.024845,0.2061401,-0.8381109,0.523,-0.3
-1.9914255,0.16899773,-0.8638704,0.523,-0.3
-1.9589739,0.13100694,-0.8896299,0.523,-0.3
-1.9275115,0.09219289,-0.9153894,0.523,-0.3
-1.8970593,0.05258135,-0.94114894,0.523,-0.3
-1.8676374,0.012198608,-0.96690845,0.523,-0.3
-1.8392655,-0.028928546,-0.992668,0.523,-0.3
-1.8119622,-0.07077283,-1.0184275,0.523,-0.3
-1.7857457,-0.113306455,-1.044187,0.523,-0.3
-1.7606336,-0.15650123,-1.0699465,0.523,-0.3
-1.7366422,-0.20032848,-1.095706,0.523,-0.3
-1.7137878,-0.24475913,-1.1214656,0.523,-0.3
-1.6920853,-0.2897637,-1.147225,0.523,-0.3
-1.6715491,-0.3353123,-1.1729846,0.523,-0.3
-1.6521928,-0.38137475,-1.198744,0.523,-0.3
-1.6340295,-0.42792046,-1.2245035,0.523,-0.3
-1.617071,-0.47491857,-1.2502631,0.523,-0.3
-1.6013287,-0.52233785,-1.2760226,0.523,-0.3
-1.586813,-0.5701469,-1.3017821,0.523,-0.3
-1.5735334,-0.61831397,-1.3275416,0.523,-0.3
-1.561499,-0.6668071,-1.3533012,0.523,-0.3
-1.5507175,-0.71559405,-1.3790606,0.523,-0.3
-1.5411961,-0.7646426,-1.4048202,0.523,-0.3
-1.5329413,-0.8139201,-1.4305797,0.523,-0.3
-1.5259584,-0.8633938,-1.4563391,0.523,-0.3
-1.5202522,-0.913031,-1.4820987,0.523,-0.3
-1.5158263,-0.96279866,-1.5078582,0.523,-0.3
-1.5126837,-1.0126638,-1.5336177,0.523,-0.3
-1.5108266,-1.0625935,-1.5593772,0.523,-0.3
-1.510256,-1.1125542,-1.5851368,0.523,-0.3
-1.5109725,-1.1625133,-1.6108962,0.523,-0.3
-1.5129756,-1.2124372,-1.6366557,0.523,-0.3
-1.5162637,-1.2622929,-1.6624153,0.523,-0.3
-1.520835,-1.3120475,-1.6881747,0.523,-0.3
-1.5266863,-1.3616678,-1.7139343,0.523,-0.3
-1.5338136,-1.4111209,-1.7396938,0.523,-0.3
-1.5422124,-1.460374,-1.7654533,0.523,-0.3
-1.5518769,-1.5093945,-1.7912128,0.523,-0.3
-1.5628009,-1.5581498,-1.8169724,0.523,-0.3
-1.574977,-1.6066076,-1.8427318,0.523,-0.3
-1.5883971,-1.6547356,-1.8684913,0.523,-0.3
-1.6030525,-1.702502,-1.8942509,0.523,-0.3
-1.6189333,-1.7498752,-1.9200103,0.523,-0.3
-1.636029,-1.7968235,-1.9457699,0.523,-0.3
-1.6543282,-1.843316,-1.9715294,0.523,-0.3
-1.6738188,-1.8893217,-1.997289,0.523,-0.3
-1.694488,-1.9348102,-2.0230484,0.523,-0.3
-1.716322,-1.9797511,-2.0488079,0.523,-0.3
-1.7393062,-2.0241148,-2.0745676,0.523,-0.3
-1.7634255,-2.0678718,-2.100327,0.523,-0.3
-1.7886637,-2.110993,-2.1260865,0.523,-0.3
-1.8150042,-2.1534498,-2.151846,0.523,-0.3
-1.8424296,-2.1952143,-2.1776054,0.523,-0.3
-1.8709216,-2.2362583,-2.203365,0.523,-0.3
-1.9004613,-2.2765548,-2.2291245,0.523,-0.3
-1.9310291,-2.3160772,-2.254884,0.523,-0.3
-1.9626048,-2.3547993,-2.2806435,0.523,-0.3
-1.9951673,-2.3926952,-2.3064032,0.523,-0.3
-2.028695,-2.4297397,-2.3321626,0.523,-0.3
-2.063166,-2.4659085,-2.357922,0.523,-0.3
-2.0985568,-2.5011773,-2.3836815,0.523,-0.3
-2.1348443,-2.535523,-2.409441,0.523,-0.3
-2.1720045,-2.5689225,-2.4352007,0.523,-0.3
-2.2100127,-2.601354,-2.4609601,0.523,-0.3
-2.2488434,-2.6327956,-2.4867196,0.523,-0.3
-2.2884712,-2.6632266,-2.512479,0.523,-0.3
-2.3288698,-2.6926267,-2.5382385,0.523,-0.3
-2.370012,-2.7209768,-2.5639982,0.523,-0.3
-2.411871,-2.7482576,-2.5897577,0.523,-0.3
-2.4544184,-2.7744515,-2.6155171,0.523,-0.3
-2.4976265,-2.7995405,-2.6412766,0.523,-0.3
-2.5414667,-2.8235085,-2.6670363,0.523,-0.3
-2.5859096,-2.8463392,-2.6927958,0.523,-0.3
-2.6309257,-2.868018,-2.7185552,0.523,-0.3
-2.6764853,-2.8885298,-2.7443147,0.523,-0.3
-2.722558,-2.9078612,-2.7700741,0.523,-0.2795894
-2.7693977,-2.9261105,-2.794129,0.523,-0.25917882
-2.8169298,-2.9433246,-2.8164685,0.523,-0.23876825
-2.865084,-2.9595566,-2.837084,0.523,-0.19482633
-2.914034,-2.9749408,-2.853959,0.523,-0.15088442
-2.9636154,-2.989609,-2.8670614,0.523,-0.1069425
-3.0136693,-3.0037062,-2.8763654,0.523,-0.06555806
-3.064032,-3.0173862,-2.8820758,0.523,-0.024173629
-3.114566,-3.030803,-2.8841827,0.523,0.017210806
-3.1651354,-3.0441155,-2.8826826,0.523,0.03557105
-3.2156603,-3.0574973,-2.8795826,0.523,0.053931296
-3.2661018,-3.0710244,-2.874884,0.523,0.07229154
-3.316421,-3.0847726,-2.868588,0.523,0.08506538
-3.366602,-3.0988228,-2.861182,0.523,0.097839214
-3.4166188,-3.1132278,-2.8526673,0.523,0.11061305
-3.4664447,-3.1280382,-2.8430452,0.523,0.119855225
-3.5160725,-3.1433108,-2.8326228,0.523,0.1290974
-3.5654814,-3.1590817,-2.8214011,0.523,0.13833958
-3.614649,-3.175386,-2.8093808,0.523,0.14683527
-3.6635573,-3.192259,-2.7966278,0.523,0.15533096
-3.7121837,-3.209732,-2.7831423,0.523,0.16382664
-3.7605038,-3.2278345,-2.768926,0.523,0.170372
-3.8085086,-3.2466013,-2.754147,0.523,0.17691734
-3.8561761,-3.2660532,-2.738806,0.523,0.18346271
-3.9034832,-3.2862098,-2.7229037,0.523,0.19563946
-3.9503543,-3.3070674,-2.705959,0.523,0.20781621
-3.9967494,-3.3286624,-2.6879745,0.523,0.21999297
-4.0426273,-3.351029,-2.6689527,0.523,0.23957258
-4.0878634,-3.374158,-2.6482692,0.523,0.2591522
-4.132389,-3.3980978,-2.6259317,0.523,0.27873182
-4.1761327,-3.422892,-2.601949,0.523,0.28922546
-4.2191367,-3.4486494,-2.577088,0.523,0.2997191
-4.2613525,-3.4753823,-2.551352,0.523,0.31021273
-4.30273,-3.503101,-2.5247436,0.523,0.32546905
-4.3431516,-3.5317667,-2.4968717,0.523,0.34072536
-4.3825502,-3.5613906,-2.4677432,0.523,0.35598168
-4.4208565,-3.5919797,-2.4373646,0.523,0.35576597
-4.458219,-3.623721,-2.4070036,0.523,0.35555023
-4.4946036,-3.656584,-2.3766603,0.523,0.35533452
-4.5299773,-3.6905386,-2.3463347,0.523,0.35274136
-4.564338,-3.7255838,-2.3162212,0.523,0.3501482
-4.59766,-3.761682,-2.2863197,0.523,0.34755504
-4.629918,-3.7987952,-2.256631,0.523,0.34697884
-4.6610665,-3.8368576,-2.226989,0.523,0.34640265
-4.6910796,-3.8758345,-2.1973946,0.523,0.34582645
-4.7199326,-3.915691,-2.1678474,0.523,0.3473106
-4.74758,-3.9563603,-2.1381783,0.523,0.34879473
-4.773995,-3.9978096,-2.1083877,0.523,0.35027888
-4.79915,-4.0400047,-2.0784757,0.523,0.34546182
-4.8230734,-4.083008,-2.0489583,0.523,0.34064472
-4.8457565,-4.126774,-2.0198364,0.523,0.33582765
-4.867192,-4.1712575,-1.9911106,0.523,0.3236424
-4.8874245,-4.216526,-1.9633896,0.523,0.3114572
-4.9064713,-4.262522,-1.9366778,0.523,0.29927194
-4.9243507,-4.30919,-1.9109789,0.523,0.29090086
-4.941068,-4.3564215,-1.8859782,0.523,0.28252977
-4.956638,-4.404174,-1.8616774,0.523,0.2741587
-4.971077,-4.4524055,-1.8380781,0.523,0.27612802
-4.984367,-4.5009375,-1.8143137,0.523,0.27809733
-4.996493,-4.549744,-1.790384,0.523,0.28006667
-5.007441,-4.5987997,-1.7662895,0.523,0.27761853
-5.0172114,-4.648139,-1.7424,0.523,0.27517042
-5.0258064,-4.697732,-1.7187159,0.523,0.2727223
-5.0332294,-4.747549,-1.6952372,0.523,0.27682853
-5.039474,-4.797469,-1.671414,0.523,0.28093475
-5.0445213,-4.8474646,-1.6472467,0.523,0.285041
-5.0483546,-4.8975077,-1.6227357,0.523,0.28693935
-5.0509586,-4.947602,-1.598066,0.523,0.28883773
-5.0523257,-4.9977164,-1.5732375,0.523,0.29073608
-5.0524483,-5.0478215,-1.5482506,0.523,0.28996593
-5.051318,-5.097925,-1.523328,0.523,0.28919578
-5.0489397,-5.147997,-1.4984696,0.523,0.28842562
-5.045316,-5.1980057,-1.4736756,0.523,0.28555414
-5.0404506,-5.2479515,-1.4491217,0.523,0.28268266
-5.034354,-5.2978044,-1.4248081,0.523,0.27981114
-5.0270424,-5.3475356,-1.4007349,0.523,0.27575383
-5.018525,-5.397134,-1.3770019,0.523,0.27169648
-5.0088224,-5.446572,-1.3536093,0.523,0.26763913
-4.997954,-5.4958253,-1.3305576,0.523,0.2592233
-4.9859257,-5.5449257,-1.3082142,0.523,0.25080752
-4.972775,-5.593853,-1.2865806,0.523,0.2423917
-4.9585385,-5.642587,-1.2656584,0.523,0.23295426
-4.9432507,-5.691124,-1.2455357,0.523,0.22351682
-4.9269533,-5.739449,-1.2262143,0.523,0.21407938
-4.90969,-5.787551,-1.207696,0.52136135,0.20268086
-4.8915515,-5.83529,-1.1902046,0.5197227,0.19128233
-4.872597,-5.8826632,-1.1737366,0.51808405,0.1798838
-4.8528857,-5.9296703,-1.1582876,0.516096,0.17229402
-4.8325014,-5.9762506,-1.1435409,0.5141079,0.16470423
-4.8114862,-6.0224066,-1.1294919,0.51211977,0.15711445
-4.789882,-6.068142,-1.1161368,0.5096365,0.1474969
-4.767744,-6.113431,-1.1036539,0.50715333,0.13787934
-4.745122,-6.158283,-1.0920365,0.5046701,0.12826179
-4.722064,-6.202708,-1.0812777,0.50147,0.12074185
-4.6986566,-6.2466435,-1.0712107,0.49826995,0.11322191
-4.674939,-6.2901006,-1.0618284,0.4950699,0.105701976
-4.65095,-6.3330913,-1.0531229,0.4935236,0.100978084
-4.626652,-6.3757586,-1.0448312,0.49197727,0.096254185
-4.6020665,-6.41811,-1.036951,0.49043095,0.09153029
-4.5772157,-6.460152,-1.0294797,0.4897586,0.08204203
-4.552065,-6.5019846,-1.0227906,0.48908624,0.07255377
-4.5266514,-6.5436215,-1.0168815,0.4884139,0.063065514
-4.501011,-6.5850773,-1.0117513,0.4842062,0.053447433
-4.475366,-6.6260676,-1.00744,0.4799985,0.04382935
-4.4497576,-6.666611,-1.0039349,0.4757908,0.03421127
-4.4242234,-6.706725,-1.0012225,0.47004747,0.02281909
-4.3988814,-6.746299,-0.99943495,0.46430415,0.011426908
-4.3737745,-6.7853518,-0.99855065,0.45856082,3.4725665e-05
-4.3489428,-6.8239026,-0.99854803,0.44083303,0.0008104801
-4.3250704,-6.860963,-0.9984885,0.42310524,0.0015862345
-4.3021564,-6.896531,-0.9983766,0.40537745,0.002361989
-4.280198,-6.930607,-0.99821705,0.38432932,-0.0034905851
-4.2593756,-6.9629097,-0.9984406,0.36328122,-0.009343159
-4.2397003,-6.993447,-0.99900633,0.3422331,-0.015195733
-4.221183,-7.022223,-0.99987304,0.3214365,-0.018281728
-4.203815,-7.0492644,-1.0008523,0.3006399,-0.021367723
-4.187597,-7.07457,-1.001923,0.2798433,-0.024453718
-4.172527,-7.0981402,-1.0030634,0.26195487,-0.03030933
-4.1584473,-7.120216,-1.0043864,0.24406646,-0.036164947
-4.145359,-7.1407976,-1.0058572,0.22617805,-0.04202056
-4.133261,-7.1598845,-1.0074408,0.21044391,-0.0419135
-4.1220326,-7.177661,-1.0089104,0.19470978,-0.041806437
-4.1116676,-7.194124,-1.0102668,0.17897566,-0.041699372
-4.102161,-7.2092695,-1.0115103,0.16595462,-0.044150896
-4.0933647,-7.223323,-1.0127311,0.1529336,-0.046602417
-4.0852747,-7.236282,-1.0139184,0.13991256,-0.049053937
-4.0778885,-7.2481446,-1.0150619,0.1291243,-0.06341155
-4.07109,-7.259092,-1.0164256,0.118336044,-0.07776917
-4.06488,-7.269123,-1.0179579,0.10754779,-0.09212678
-4.059256,-7.278237,-1.0196068,0.102719896,-0.097782224
-4.0539026,-7.286946,-1.0212783,0.097892,-0.10343767
-4.048817,-7.295249,-1.0229628,0.09306411,-0.109093115
-4.0439987,-7.3031464,-1.0246516,0.09036742,-0.10886771
-4.039333,-7.310823,-1.026288,0.08767073,-0.10864231
-4.0348186,-7.318278,-1.0278724,0.084974036,-0.10841691
-4.030454,-7.3255105,-1.0294049,0.08591663,-0.09604936
-4.026047,-7.3328395,-1.030778,0.08685922,-0.083681814
-4.021597,-7.3402634,-1.0319881,0.087801814,-0.07131427
-4.017103,-7.3477807,-1.0330307,0.087727316,-0.0547357
-4.012616,-7.355304,-1.0338306,0.087652825,-0.038157135
-4.008136,-7.36283,-1.034388,0.08757833,-0.021578569
-4.003661,-7.370356,-1.0347029,0.08644058,0.005794185
-3.999246,-7.377787,-1.0346195,0.08530282,0.033166938
-3.9948905,-7.3851166,-1.034148,0.084165074,0.060539693
-3.9905953,-7.392337,-1.0332993,0.08272596,0.09406818
-3.9863787,-7.399411,-1.0320042,0.08128683,0.12759666
-3.9822419,-7.4063315,-1.0302802,0.079847716,0.16112514
-3.9781861,-7.4130893,-1.0281453,0.07667864,0.16921003
-3.974283,-7.419562,-1.0259931,0.07350956,0.17729492
-3.9705331,-7.4257503,-1.0238323,0.070340484,0.18537982
-3.9669373,-7.431655,-1.0216715,0.07099272,0.19706807
-3.9633038,-7.4375935,-1.0193548,0.07164496,0.20875631
-3.9596317,-7.4435635,-1.0168802,0.0722972,0.22044456
-3.9559207,-7.4495635,-1.0142454,0.07614014,0.22703217
-3.9520018,-7.4558625,-1.011389,0.07998309,0.23361978
-3.9478724,-7.462457,-1.008303,0.08382604,0.24020739
-3.9435303,-7.4693446,-1.0049793,0.08661101,0.24196781
-3.9390223,-7.4764433,-1.0015204,0.089395985,0.24372824
-3.9343462,-7.4837503,-0.9979248,0.09218096,0.24548866
-3.9294994,-7.4912643,-0.99419105,0.09368482,0.24615395
-3.9245458,-7.4988813,-0.99038625,0.095188685,0.24681923
-3.9194841,-7.5066004,-0.98651016,0.09669254,0.2474845
