-5.787868,-0.14136808,0.21747732,-0.16048239,0.0
-5.8035383,-0.14483075,0.21747732,-0.13084045,0.09948988
-5.816251,-0.1476399,0.21531135,-0.101198524,0.19897977
-5.825942,-0.14975935,0.21197738,-0.0715566,0.29846963
-5.8326283,-0.1511983,0.20847042,-0.041748136,0.39826846
-5.836393,-0.1519947,0.20577194,-0.011939674,0.4980673
-5.83742,-0.15220903,0.20482129,0.017868787,0.5978661
-5.8359737,-0.15190864,0.20649761,0.047736883,0.69714195
-5.8323917,-0.15115823,0.2116057,0.07760498,0.7964178
-5.827086,-0.15001847,0.22085175,0.107473075,0.8956936
-5.8205323,-0.14854707,0.23483476,0.13732775,0.9925748
-5.813233,-0.14680068,0.25400198,0.16718242,1.0
-5.8044896,-0.1445309,0.2774485,0.1970371,1.0
-5.794251,-0.14161494,0.305082,0.22681282,1.0
-5.7825623,-0.13793397,0.33689138,0.25658855,1.0
-5.769478,-0.13335131,0.3728767,0.28636426,1.0
-5.755069,-0.1277148,0.4130379,0.3157877,1.0
-5.7394414,-0.120866194,0.4573256,0.34521115,1.0
-5.7227063,-0.11263047,0.5057398,0.37463456,1.0
-5.7049985,-0.10282434,0.55828047,0.40274516,1.0
-5.686542,-0.091297224,0.61476356,0.43085578,1.0
-5.6675253,-0.07787056,0.67518896,0.45896637,1.0
-5.648168,-0.062370665,0.7395568,0.48210105,1.0
-5.628925,-0.04481532,0.80716914,0.50523573,1.0
-5.610047,-0.025097089,0.878026,0.523,1.0
-5.5919995,-0.0033532795,0.95137423,0.523,1.0
-5.575594,0.019654628,1.0247225,0.523,1.0
-5.560919,0.043802906,1.0980706,0.523,1.0
-5.5480523,0.0689617,1.1714189,0.523,0.991238
-5.536915,0.09534997,1.2443516,0.523,0.98247594
-5.5276074,0.12284178,1.3168633,0.523,0.97371393
-5.5202208,0.15130356,1.3889483,0.523,0.9288951
-5.514558,0.18210027,1.4587653,0.523,0.88407624
-5.510851,0.21505082,1.5261738,0.523,0.8392574
-5.509292,0.24995326,1.5910387,0.523,0.8169748
-5.510017,0.2857416,1.65459,0.523,0.7946922
-5.513083,0.32224944,1.7167964,0.523,0.7724096
-5.5185328,0.35930982,1.7776268,0.523,0.735785
-5.5264945,0.3972537,1.8361304,0.523,0.69916034
-5.5369916,0.4358824,1.8922286,0.523,0.6625357
-5.550019,0.47500563,1.9458464,0.523,0.661498
-5.565136,0.51340556,1.9993929,0.523,0.66046035
-5.582301,0.5509716,2.052868,0.523,0.65942264
-5.6014647,0.587596,2.1062715,0.523,0.6019819
-5.62346,0.62466866,2.155632,0.523,0.5445412
-5.6481566,0.66196936,2.2007866,0.523,0.48710042
-5.6753845,0.69931436,2.2415862,0.523,0.51153237
-5.7037334,0.73503846,2.2842555,0.523,0.53596425
-5.7331614,0.7690376,2.328769,0.523,0.5603962
-5.763616,0.8012099,2.3751001,0.523,0.49133903
-5.7968335,0.83319455,2.416226,0.523,0.42228186
-5.8325295,0.864843,2.4519506,0.523,0.3532247
-5.8703866,0.89606506,2.4821036,0.523,0.3759919
-5.908832,0.92587143,2.5141108,0.523,0.3987591
-5.947848,0.9541681,2.5479555,0.523,0.4215263
-5.9874053,0.9808628,2.58362,0.523,0.36740282
-6.028812,1.0067059,2.6149297,0.523,0.31327933
-6.071824,1.031715,2.6417928,0.523,0.25915584
-6.116194,1.0559429,2.6641304,0.523,0.2771603
-6.160872,1.0790589,2.6879814,0.523,0.29516473
-6.20585,1.1009864,2.7133381,0.523,0.31316918
-6.251113,1.1216493,2.740192,0.523,0.28046647
-6.2973747,1.141285,2.76432,0.523,0.24776374
-6.3445115,1.1599631,2.7856965,0.523,0.21506102
-6.392405,1.1777663,2.8042984,0.523,0.21791905
-6.440591,1.1946648,2.8231437,0.523,0.2207771
-6.4890556,1.2106422,2.8422322,0.523,0.22363512
-6.537785,1.2256819,2.8615637,0.523,0.20519023
-6.5869937,1.2398335,2.8793242,0.523,0.18674533
-6.6366267,1.2531577,2.8955076,0.523,0.16830043
-6.6866345,1.2657185,2.9101086,0.523,0.16490197
-6.736849,1.2775544,2.9244175,0.523,0.16150352
-6.787256,1.288677,2.9384341,0.523,0.15810508
-6.8378415,1.2990975,2.9521582,0.523,0.13649869
-6.888728,1.3088542,2.9640195,0.523,0.11489232
-6.939866,1.3180317,2.9740124,0.523,0.09328595
-6.9912095,1.3267173,2.982132,0.523,0.08894653
-7.0426416,1.334989,2.9898748,0.523,0.08460711
-7.0941563,1.3428651,2.997241,0.523,0.08026768
-7.1457453,1.3503642,3.0042303,0.523,0.055556647
-7.197473,1.3575147,3.0090704,0.523,0.030845612
-7.2492895,1.3644221,3.0117586,0.523,0.0061345757
-7.3011484,1.3711932,3.0122933,0.523,0.0076660095
-7.35301,1.3779365,3.0129616,0.523,0.009197444
-7.404876,1.3846451,3.0137632,0.523,0.010728878
-7.4567466,1.391312,3.0146985,0.523,-0.010694737
-7.508623,1.3979304,3.0137663,0.523,-0.03211835
-7.5604696,1.4045941,3.010967,0.523,-0.053541966
-7.6122494,1.4113966,3.0063024,0.523,-0.054264255
-7.6639953,1.4184403,3.0015745,0.523,-0.054986544
-7.7157054,1.4257283,2.996784,0.523,-0.055708833
-7.767378,1.4332637,2.9919305,0.523,-0.06802983
-7.8189735,1.4410439,2.986005,0.523,-0.08035082
-7.870475,1.4491221,2.9790087,0.523,-0.09267182
-7.9218636,1.4575515,2.9709425,0.523,-0.0715202
-7.9732723,1.4664105,2.9647136,0.523,-0.05036859
-8.024691,1.4756014,2.960325,0.523,-0.029216975
-8.076112,1.4850259,2.9577787,0.523,-0.074634194
-8.127388,1.4945588,2.951279,0.523,-0.120051414
-8.178374,1.504381,2.9408398,0.523,-0.16546863
-8.228924,1.5146675,2.926482,0.523,-0.13234499
-8.279572,1.5257336,2.9149797,0.523,-0.099221334
-8.330284,1.5374265,2.906345,0.523,-0.06609769
-8.381032,1.5495902,2.9005876,0.523,-0.11658709
-8.431476,1.5619884,2.890448,0.523,-0.16707648
-8.48143,1.5748045,2.8759522,0.523,-0.21756588
-8.530705,1.588211,2.8571372,0.523,-0.24252203
-8.579434,1.6024587,2.8362038,0.523,-0.2674782
-8.627542,1.6176243,2.8131657,0.523,-0.29243433
