-4.537377,0.5031458,0.5209052,0.6126979,0.0
-4.4842334,0.53363764,0.5209052,0.523,-0.09781397
-4.439087,0.55954117,0.5123927,0.49343604,-0.19562794
-4.3969007,0.58327115,0.4964068,0.46387208,-0.29344192
-4.357856,0.6044195,0.47404438,0.43477204,-0.3
-4.3209004,0.62337995,0.4526304,0.40567198,-0.3
-4.286048,0.6403289,0.43264967,0.37657192,-0.3
-4.2533875,0.65541255,0.41410226,0.35065407,-0.3
-4.2227197,0.6688916,0.39683136,0.32473618,-0.3
-4.194107,0.680882,0.380837,0.29881832,-0.3
-4.1676054,0.6914929,0.3661192,0.27426988,-0.3
-4.14314,0.7008731,0.35261047,0.24972142,-0.3
-4.120751,0.70911205,0.34031087,0.22517298,-0.3
-4.100473,0.71629214,0.32922032,0.2020715,-0.3
-4.082205,0.72253346,0.31926763,0.17897004,-0.3
-4.0659714,0.7278999,0.31045276,0.15586856,-0.3
-4.0517926,0.7324489,0.3027757,0.14238232,-0.3
-4.038809,0.7365047,0.2957629,0.12889609,-0.3
-4.0270295,0.7400938,0.28941432,0.11540985,-0.3
-4.016463,0.7432404,0.28373,0.10847934,-0.3
-4.0065136,0.7461415,0.27838704,0.10154884,-0.3
-3.9971857,0.7488075,0.2733854,0.094618335,-0.3
-3.9884822,0.751248,0.26872513,0.08947914,-0.3
-3.9802408,0.7535176,0.264318,0.084339954,-0.3
-3.9724634,0.75562257,0.26016396,0.07920077,-0.3
-3.9651515,0.75756896,0.25626305,0.07547545,-0.290109
-3.9581556,0.75940204,0.2526647,0.07175013,-0.28021803
-3.9514794,0.76112574,0.24935742,0.068024814,-0.27032703
-3.9451268,0.76274353,0.24632978,0.066677645,-0.24089095
-3.9388468,0.76432246,0.24367858,0.06533048,-0.21145487
-3.9326482,0.7658636,0.2413933,0.06398332,-0.18201879
-3.926538,0.7673679,0.23946297,0.05981675,-0.14190122
-3.9207854,0.76877236,0.23805304,0.05565018,-0.10178368
-3.9154053,0.7700779,0.23711061,0.051483605,-0.06166613
-3.9104104,0.77128494,0.23658182,0.023390986,0.029205967
-3.9081376,0.77183294,0.23669566,-0.004701633,0.120078065
-3.9085913,0.77172345,0.2366018,-0.032794252,0.21095017
-3.9117086,0.77097183,0.23545733,-0.062702894,0.31035236
-3.9175146,0.76957893,0.23226582,-0.09261153,0.40975454
-3.925781,0.7676236,0.22611666,-0.12252017,0.5091567
-3.9362066,0.7652252,0.2161631,-0.1516843,0.60761243
-3.9483702,0.7625541,0.20173012,-0.18084842,0.7060681
-3.9618523,0.7597969,0.18217295,-0.21001256,0.8045238
-3.9761748,0.75715846,0.15695393,-0.19332619,0.8762485
-3.9883962,0.75522435,0.13219713,-0.17663984,0.94797313
-3.9986103,0.7538662,0.10828495,-0.15995349,1.0
-4.007202,0.7529322,0.08585224,-0.16643456,0.99423367
-4.0162416,0.7521542,0.06259742,-0.17291562,0.98846734
-4.025733,0.75155926,0.038528018,-0.1793967,0.98270106
-4.035678,0.75117594,0.013651709,-0.1598524,0.9516194
-4.0449543,0.7510493,-0.008044428,-0.14030808,0.92053777
-4.053448,0.7511176,-0.026656935,-0.12076378,0.8894561
-4.061052,0.7513203,-0.042290397,-0.10941827,0.8818095
-4.0680017,0.75161445,-0.056366883,-0.09807277,0.87416285
-4.0742846,0.7519689,-0.06890396,-0.08672726,0.8665162
-4.079887,0.7523556,-0.07991945,-0.098696604,0.88138515
-4.0861444,0.75285673,-0.09261217,-0.110665955,0.8962541
-4.0930266,0.75349593,-0.10701706,-0.122635305,0.9111231
-4.100499,0.75429875,-0.12316798,-0.10249102,0.8603579
-4.107133,0.7551199,-0.13611731,-0.08234674,0.80959266
-4.1127605,0.7558907,-0.1460539,-0.062202454,0.7588274
-4.117226,0.75654763,-0.15318719,-0.08273243,0.77644
-4.1230593,0.7574482,-0.16284956,-0.10326241,0.7940526
-4.130202,0.75862175,-0.17512402,-0.12379239,0.81166524
-4.138592,0.7601063,-0.19009122,-0.10672915,0.76905936
-4.146123,0.7615554,-0.2024622,-0.08966591,0.7264535
-4.152689,0.7629032,-0.21238855,-0.072602674,0.68384767
-4.1581903,0.7640895,-0.22003338,-0.0769093,0.6827348
-4.1640134,0.7653919,-0.22812061,-0.08121594,0.6816219
-4.170157,0.76681817,-0.236649,-0.08552257,0.6805091
-4.176619,0.7683766,-0.24561732,-0.07436231,0.65353394
-4.1823454,0.76981217,-0.25315264,-0.06320204,0.6265588
-4.187302,0.77109444,-0.25932917,-0.052041776,0.5995836
-4.191455,0.7721962,-0.2642237,-0.04828311,0.57511115
-4.195366,0.7732543,-0.2686008,-0.044524446,0.5506386
-4.199024,0.77426124,-0.27248356,-0.04076578,0.52616614
-4.2024193,0.7752099,-0.27589577,-0.032135133,0.5006104
-4.205132,0.7759779,-0.2784664,-0.023504486,0.4750547
-4.2071414,0.77655244,-0.28025818,-0.014873838,0.449499
-4.208429,0.776923,-0.28133532,-0.008831311,0.3888907
-4.2092137,0.77714986,-0.2818934,-0.0027887837,0.32828245
-4.2094674,0.7772233,-0.28204325,0.0032537433,0.26767418
-4.209166,0.77713597,-0.28189984,0.0017943532,0.2238048
-4.208998,0.77708733,-0.28183344,0.00033496335,0.17993546
-4.2089663,0.77707815,-0.28182346,-0.0011244266,0.1360661
-4.2090735,0.77710915,-0.28184888,0.001773729,0.076000296
-4.2089033,0.7770599,-0.28182644,0.0046718847,0.015934503
-4.2084546,0.77693003,-0.28181404,0.00757004,-0.04413129
-4.2077284,0.7767197,-0.28186968,0.017311547,-0.123346016
-4.206078,0.77624184,-0.28222468,0.027053054,-0.20256075
-4.203533,0.7755038,-0.28313175,0.036794562,-0.28177547
-4.2001395,0.77451646,-0.28483695,0.05532457,-0.3
-4.195067,0.7730313,-0.28756186,0.07385457,-0.3
-4.188301,0.7710302,-0.29119945,0.09238458,-0.3
-4.179847,0.7684963,-0.2957497,0.087469235,-0.3
-4.1718535,0.76606077,-0.30005786,0.0825539,-0.3
-4.164319,0.7637297,-0.3041239,0.07763856,-0.3
-4.1572423,0.7615086,-0.30794787,0.07417011,-0.3
-4.15049,0.75936085,-0.311601,0.07070166,-0.3
-4.1440606,0.75729007,-0.3150833,0.06723321,-0.3
-4.1379538,0.7552996,-0.31839478,0.06652531,-0.3
-4.131918,0.7533101,-0.32167137,0.065817416,-0.3
-4.1259527,0.7513222,-0.32491308,0.06510951,-0.3
-4.120058,0.7493366,-0.32811996,0.06429038,-0.3
-4.114244,0.74735725,-0.33128646,0.06347124,-0.3
-4.10851,0.745385,-0.33441263,0.0626521,-0.3
-4.102856,0.74342054,-0.33749846,0.06179112,-0.3
-4.0972857,0.7414658,-0.3405419,0.060930133,-0.3
-4.0917993,0.7395217,-0.3435429,0.060069147,-0.3
-4.086396,0.73758876,-0.3465015,0.05924595,-0.3
-4.0810723,0.7356666,-0.34941956,0.05842275,-0.3
-4.0758286,0.73375577,-0.3522971,0.057599556,-0.3
-4.0706635,0.73185706,-0.35513407,0.056786705,-0.3
-4.065577,0.7299707,-0.357931,0.055973854,-0.3
-4.060569,0.7280973,-0.3606879,0.055161003,-0.3
-4.055638,0.72623754,-0.36340478,0.054358486,-0.3
-4.050784,0.7243916,-0.3660821,0.05355597,-0.3
-4.0460067,0.7225601,-0.3687199,0.052753452,-0.3
-4.0413055,0.7207437,-0.3713182,0.05199567,-0.3
-4.036677,0.71894133,-0.37387916,0.05123788,-0.3
-4.03212,0.71715355,-0.3764028,0.050480094,-0.3
-4.027635,0.7153809,-0.3788891,0.049736857,-0.3
-4.0232205,0.71362334,-0.38133883,0.04899362,-0.3
-4.018876,0.7118814,-0.38375193,0.048250385,-0.3
-4.014602,0.7101556,-0.38612843,0.047532447,-0.3
-4.0103955,0.7084455,-0.38846955,0.04681451,-0.3
-4.006256,0.70675147,-0.39077532,0.04609657,-0.3
-4.0021844,0.705074,-0.39304572,0.04541725,-0.3
-3.9981766,0.70341223,-0.3952827,0.044737928,-0.3
-3.9942322,0.70176643,-0.39748618,0.044058606,-0.3
-3.9903512,0.70013714,-0.3996562,0.043403737,-0.3
-3.9865315,0.6985237,-0.401794,0.04274887,-0.3
-3.9827726,0.6969266,-0.40389952,0.042094,-0.3
-3.979075,0.6953461,-0.4059728,0.04147425,-0.3
-3.9754348,0.69378144,-0.40801555,0.040854495,-0.3
-3.971852,0.6922328,-0.41002777,0.04023474,-0.3
-3.968327,0.69070053,-0.41200945,0.039453425,-0.3
-3.9648733,0.68919116,-0.41395268,0.03867211,-0.3
-3.9614909,0.6877051,-0.4158574,0.037890792,-0.3
-3.9581795,0.6862428,-0.41772366,0.037112337,-0.3
-3.954939,0.68480444,-0.41955155,0.036333885,-0.3
-3.9517689,0.6833905,-0.42134112,0.03555543,-0.3
-3.9486692,0.6820013,-0.42309237,0.034822084,-0.3
-3.9456358,0.6806354,-0.42480746,0.03408874,-0.3
-3.9426687,0.6792932,-0.42648643,0.033355393,-0.3
-3.9397676,0.677975,-0.42812932,0.032671925,-0.3
-3.936928,0.67667913,-0.42973852,0.031988453,-0.3
-3.9341497,0.6754059,-0.43131405,0.031304985,-0.3
-3.931433,0.67415565,-0.43285593,0.030631382,-0.3
-3.9287765,0.67292815,-0.43436462,0.029957777,-0.3
-3.9261804,0.6717237,-0.43584016,0.029284174,-0.3
-3.9236443,0.67054266,-0.4372825,0.028627833,-0.3
-3.9211667,0.6693845,-0.4386925,0.027971493,-0.3
-3.9187477,0.6682494,-0.4400702,0.027315153,-0.3
-3.9163866,0.66713774,-0.44141555,0.026755068,-0.3
-3.9140756,0.6660458,-0.44273335,0.026194984,-0.3
-3.9118145,0.6649737,-0.44402352,0.0256349,-0.3
-3.9096029,0.66392165,-0.44528612,0.02517078,-0.3
-3.9074328,0.6628859,-0.44652587,0.024706662,-0.3
-3.905304,0.66186666,-0.44774276,0.024242543,-0.3
-3.9032161,0.660864,-0.4489368,0.023788936,-0.3
-3.9011688,0.65987766,-0.45010847,0.02333533,-0.3
-3.8991613,0.6589078,-0.45125782,0.022881724,-0.3
-3.8971944,0.65795445,-0.45238483,0.022459468,-0.3
-3.8952644,0.6570166,-0.45349103,0.02203721,-0.3
-3.893372,0.65609425,-0.45457643,0.021614954,-0.3
-3.8915167,0.65518755,-0.45564103,0.02133053,-0.3
-3.8896868,0.65429085,-0.45669165,0.021046104,-0.3
-3.8878822,0.65340424,-0.45772824,0.02076168,-0.3
-3.8861032,0.6525277,-0.4587508,0.020511175,-0.3
-3.8843462,0.65165997,-0.45976105,0.020260671,-0.3
-3.8826115,0.6508011,-0.46075898,0.020010168,-0.3
-3.8808992,0.64995116,-0.46174455,0.01976487,-0.3
-3.8792088,0.6491099,-0.462718,0.019519573,-0.3
-3.87754,0.6482775,-0.46367943,0.019274276,-0.3
-3.875893,0.64745396,-0.46462876,0.019036958,-0.3
-3.8742673,0.64663905,-0.4655664,0.01879964,-0.3
-3.8726625,0.6458328,-0.46649233,0.01856232,-0.3
-3.8710787,0.6450352,-0.4674066,0.01825709,-0.3
-3.8695216,0.6442493,-0.46830583,0.017951861,-0.3
-3.8679912,0.64347523,-0.46919,0.017646631,-0.3
