-1.6806998,-3.1999514,-1.1435769,0.87370634,0.0
-1.6444985,-3.2794695,-1.1435769,0.523,-0.09424428
-1.6229246,-3.3268576,-1.1517797,0.5037261,-0.18848856
-1.6027929,-3.3720574,-1.1675106,0.48445228,-0.28273284
-1.5845357,-3.414847,-1.190036,0.4645203,-0.3
-1.568044,-3.456046,-1.2129153,0.44458833,-0.3
-1.553166,-3.4958282,-1.2348127,0.42465636,-0.3
-1.5397905,-3.534129,-1.2557285,0.40965044,-0.3
-1.5276632,-3.571338,-1.2759051,0.39464453,-0.3
-1.5167058,-3.607412,-1.2953427,0.3796386,-0.3
-1.5068413,-3.6423132,-1.3140413,0.36965272,-0.3
-1.4978735,-3.6764698,-1.3322479,0.3596668,-0.3
-1.4897544,-3.7098572,-1.3499627,0.34968087,-0.3
-1.482437,-3.7424521,-1.3671856,0.3440686,-0.3
-1.4757905,-3.7746432,-1.3841321,0.3384563,-0.3
-1.4697899,-3.8064156,-1.4008023,0.33284405,-0.3
-1.4644104,-3.837755,-1.4171959,0.3300449,-0.3
-1.4595864,-3.8689141,-1.4334518,0.32724574,-0.3
-1.455306,-3.8998828,-1.4495697,0.3244466,-0.3
-1.4515578,-3.930651,-1.4655498,0.32297647,-0.3
-1.4483163,-3.9613352,-1.4814575,0.32150635,-0.3
-1.445576,-3.9919274,-1.4972928,0.32003626,-0.3
-1.4433308,-4.022419,-1.5130557,0.3191149,-0.3
-1.4415714,-4.0528545,-1.5287731,0.31819353,-0.3
-1.4402944,-4.0832257,-1.5444453,0.31727216,-0.3
-1.4394957,-4.1135254,-1.560072,0.3166642,-0.3
-1.4391713,-4.143776,-1.5756687,0.3160562,-0.3
-1.4393184,-4.1739697,-1.5912355,0.31544822,-0.3
-1.4399344,-4.204099,-1.6067724,0.31444022,-0.3
-1.4410148,-4.2341194,-1.6222597,0.31343225,-0.3
-1.4425551,-4.264023,-1.6376972,0.31242427,-0.3
-1.4445504,-4.293803,-1.6530852,0.31169972,-0.3
-1.446998,-4.32348,-1.6684375,0.31097516,-0.3
-1.4498942,-4.3530474,-1.6837541,0.3102506,-0.3
-1.453235,-4.382498,-1.6990349,0.30971727,-0.3
-1.4570191,-4.4118433,-1.7142895,0.30918393,-0.3
-1.4612429,-4.441077,-1.7295179,0.30865058,-0.3
-1.4659035,-4.470193,-1.74472,0.3083212,-0.3
-1.4710007,-4.4992037,-1.7599058,0.30799183,-0.3
-1.4765317,-4.528103,-1.7750754,0.30766246,-0.3
-1.4824944,-4.556884,-1.7902288,0.31474468,-0.3
-1.4890395,-4.5862317,-1.8057312,0.3218269,-0.3
-1.4961964,-4.6161323,-1.8215822,0.3289091,-0.3
-1.5039942,-4.646571,-1.837782,0.3418308,-0.3
-1.5126098,-4.6780705,-1.8546184,0.35475245,-0.3
-1.5221002,-4.710605,-1.8720912,0.3676741,-0.3
-1.5325239,-4.7441483,-1.8902004,0.3841298,-0.3
-1.5440468,-4.77899,-1.90912,0.40058547,-0.3
-1.5567486,-4.8150897,-1.9288502,0.41704115,-0.3
-1.5707111,-4.852404,-1.9493909,0.43729034,-0.3
-1.5861522,-4.891222,-1.9709289,0.4575395,-0.3
-1.6031792,-4.9314795,-1.9934642,0.4777887,-0.3
-1.6219025,-4.973108,-2.0169969,0.5015593,-0.3
-1.6425802,-5.016332,-2.0417004,0.523,-0.3
-1.6652484,-5.0608582,-2.06746,0.523,-0.3
-1.689056,-5.1047854,-2.0932195,0.523,-0.3
-1.7139872,-5.148085,-2.118979,0.523,-0.3
-1.7400254,-5.1907277,-2.1447384,0.523,-0.3
-1.7671533,-5.232686,-2.170498,0.523,-0.3
-1.7953528,-5.2739315,-2.1962576,0.523,-0.3
-1.8246053,-5.3144374,-2.222017,0.523,-0.3
-1.8548914,-5.354176,-2.2477765,0.523,-0.3
-1.886191,-5.3931212,-2.273536,0.523,-0.3
-1.9184834,-5.4312477,-2.2992957,0.523,-0.3
-1.9517471,-5.4685297,-2.3250551,0.523,-0.3
-1.9859599,-5.5049424,-2.3508146,0.523,-0.3
-2.0210993,-5.540462,-2.376574,0.523,-0.3
-2.0571418,-5.5750647,-2.4023335,0.523,-0.3
-2.0940638,-5.6087275,-2.4280932,0.523,-0.3
-2.1318405,-5.641428,-2.4538527,0.523,-0.3
-2.1704466,-5.673145,-2.479612,0.523,-0.3
-2.2098572,-5.703857,-2.5053716,0.523,-0.3
-2.2500458,-5.7335434,-2.5311313,0.523,-0.3
-2.2909856,-5.762185,-2.5568907,0.523,-0.3
-2.3326495,-5.789763,-2.5826502,0.523,-0.3
-2.3750098,-5.8162584,-2.6084096,0.523,-0.3
-2.4180386,-5.841654,-2.634169,0.523,-0.3
-2.461707,-5.865933,-2.6599288,0.523,-0.3
-2.5059865,-5.889079,-2.6856883,0.523,-0.3
-2.5508475,-5.911077,-2.7114477,0.523,-0.29263642
-2.5963624,-5.931959,-2.7365935,0.523,-0.28527287
-2.6424887,-5.951733,-2.7611237,0.523,-0.27790928
-2.6891856,-5.97041,-2.7850375,0.523,-0.19566622
-2.7372608,-5.988317,-2.8019845,0.523,-0.11342317
-2.786257,-6.005627,-2.81185,0.523,-0.031180108
-2.8357153,-6.0225534,-2.8145676,0.523,0.011388767
-2.8852403,-6.0393524,-2.8135748,0.523,0.05395764
-2.9346797,-6.0561776,-2.8088737,0.523,0.09652652
-2.9838815,-6.0731797,-2.800473,0.523,0.11186081
-3.0328598,-6.090567,-2.7907426,0.523,0.1271951
-3.081577,-6.108397,-2.7796855,0.523,0.1425294
-3.1299932,-6.1267266,-2.7673037,0.523,0.15976995
-3.1780524,-6.1456046,-2.753436,0.523,0.1770105
-3.2257054,-6.16509,-2.7380872,0.523,0.19425105
-3.2729003,-6.185239,-2.7212613,0.523,0.20050661
-3.3196914,-6.206153,-2.7039006,0.523,0.20676218
-3.3660522,-6.2278485,-2.686006,0.523,0.21301775
-3.4119563,-6.2503395,-2.667578,0.523,0.22098532
-3.4573581,-6.273632,-2.6484718,0.523,0.22895288
-3.502225,-6.297744,-2.6286888,0.523,0.23692045
-3.5465221,-6.322691,-2.6082299,0.523,0.24324259
-3.5902321,-6.348499,-2.5872357,0.523,0.24956474
-3.633322,-6.3751764,-2.565707,0.523,0.25588688
-3.6757584,-6.4027305,-2.543645,0.523,0.26266226
-3.7175012,-6.431163,-2.5210118,0.523,0.26943764
-3.7585144,-6.460479,-2.497809,0.523,0.27621302
-3.79876,-6.4906807,-2.4740374,0.523,0.2808076
-3.8382242,-6.5217896,-2.4498808,0.523,0.28540218
-3.876874,-6.5538,-2.4253395,0.523,0.28999674
-3.9146752,-6.5867047,-2.4004142,0.523,0.29745346
-3.9515615,-6.620465,-2.374867,0.523,0.30491018
-3.9874897,-6.6550756,-2.3486989,0.523,0.31236687
-4.022417,-6.690531,-2.3219116,0.523,0.3164978
-4.0563364,-6.7268596,-2.2947817,0.523,0.32062873
-4.0892134,-6.7640443,-2.26731,0.523,0.32475966
-4.121012,-6.802066,-2.2394967,0.523,0.32001978
-4.1517906,-6.841018,-2.2120755,0.523,0.31527993
-4.1815352,-6.880862,-2.1850467,0.523,0.31054008
-4.2102365,-6.921558,-2.1584108,0.523,0.31140038
-4.237836,-6.9629917,-2.1317036,0.523,0.3122607
-4.264312,-7.0051365,-2.1049252,0.523,0.31312102
-4.289643,-7.0479627,-2.0780752,0.523,0.32346198
-4.313732,-7.091306,-2.0503693,0.523,0.33380297
-4.3365316,-7.135145,-2.02181,0.523,0.34414393
-4.357991,-7.1794553,-1.9924008,0.523,0.3622576
-4.378005,-7.2240787,-1.9615101,0.523,0.38037127
-4.3964996,-7.268981,-1.9291482,0.523,0.39848492
-4.4134054,-7.3141212,-1.8953255,0.523,0.39764068
-4.428781,-7.359823,-1.8615707,0.523,0.39679644
-4.4426103,-7.406035,-1.8278838,0.523,0.3959522
-4.4548793,-7.4527025,-1.7942648,0.523,0.39418492
-4.465581,-7.499791,-1.760788,0.523,0.39241767
-4.474707,-7.547246,-1.7274534,0.523,0.39065042
-4.4822516,-7.5950136,-1.6942612,0.523,0.390003
-4.488209,-7.6430182,-1.6611211,0.523,0.38935557
-4.4925733,-7.6912065,-1.6280334,0.523,0.3887081
-4.4953423,-7.739526,-1.5949978,0.523,0.3979701
-4.496509,-7.787724,-1.5612166,0.523,0.40723208
-4.496049,-7.835745,-1.5266925,0.523,0.41649407
-4.49394,-7.8835273,-1.4914286,0.523,0.40666866
-4.490132,-7.931411,-1.4569497,0.523,0.39684325
-4.484652,-7.9793344,-1.423259,0.523,0.38701785
-4.4775324,-8.02724,-1.3903599,0.523,0.3879453
-4.4688444,-8.074867,-1.3573858,0.523,0.38887274
-4.4585943,-8.122165,-1.324337,0.523,0.3898002
-4.4467916,-8.16908,-1.2912133,0.523,0.38598457
-4.433421,-8.215651,-1.2583976,0.523,0.38216898
-4.4185066,-8.261828,-1.2258902,0.523,0.3783534
-4.4020743,-8.307568,-1.1936916,0.523,0.37640792
-4.3841643,-8.352788,-1.1616507,0.523,0.37446243
-4.3648,-8.397447,-1.1297675,0.523,0.37251696
-4.3440056,-8.441498,-1.0980422,0.523,0.36957568
-4.3217993,-8.484918,-1.066556,0.523,0.36663443
-4.29821,-8.527665,-1.0353088,0.523,0.36369318
-4.273269,-8.569702,-1.0043012,0.523,0.35515776
-4.2469525,-8.611078,-0.97398996,0.523,0.34662238
-4.219308,-8.651765,-0.9443774,0.523,0.33808696
-4.190383,-8.691736,-0.9154658,0.523,0.32740733
-4.1602035,-8.730999,-0.8874339,0.523,0.3167277
-4.1288233,-8.769538,-0.8602851,0.523,0.30604807
-4.0962973,-8.807341,-0.8340224,0.52158874,0.29482463
-4.0627637,-8.844305,-0.80876255,0.52017754,0.28360122
-4.0282855,-8.880433,-0.78450364,0.5187663,0.2723778
-3.992924,-8.915731,-0.7612437,0.51464355,0.26403776
-3.9569561,-8.950003,-0.7388584,0.5105209,0.25569773
-3.9204435,-8.983265,-0.7173382,0.50639814,0.2473577
-3.883445,-9.015542,-0.6966735,0.5035172,0.23833397
-3.845918,-9.046938,-0.67686146,0.50063634,0.22931026
-3.8079128,-9.077475,-0.6578952,0.49775544,0.22028653
-3.769478,-9.107174,-0.6397678,0.49527952,0.21399513
-3.7306514,-9.136068,-0.62223774,0.4928036,0.20770372
-3.691468,-9.164174,-0.60530066,0.4903277,0.20141232
-3.6519618,-9.19151,-0.588952,0.4885115,0.1890385
-3.6120646,-9.2181635,-0.57365227,0.48669535,0.1766647
-3.5718222,-9.244165,-0.5593964,0.48487917,0.16429088
-3.5312784,-9.26955,-0.5461792,0.4803669,0.14855368
-3.4906824,-9.294227,-0.5343295,0.47585458,0.1328165
-3.4500906,-9.318247,-0.5238269,0.4713423,0.1170793
-3.409556,-9.341661,-0.51465046,0.46667537,0.10675085
-3.3691647,-9.364502,-0.5063632,0.46200845,0.096422404
-3.328949,-9.386806,-0.49895006,0.45734152,0.086093955
-3.2889392,-9.408608,-0.4923958,0.45180598,0.0769958
-3.249244,-9.429904,-0.48660365,0.44627044,0.06789763
-3.209888,-9.450725,-0.48155743,0.4407349,0.058799475
-3.1708941,-9.471103,-0.47724074,0.41881955,0.05990141
-3.1337585,-9.490306,-0.47306192,0.39690417,0.061003346
-3.0984929,-9.508355,-0.469029,0.37498882,0.06210528
-3.065108,-9.525273,-0.46515006,0.3536475,0.04288891
-3.0335298,-9.5411215,-0.46262288,0.33230615,0.02367254
-3.0038004,-9.555948,-0.46131194,0.31096482,0.0044561685
-2.9759548,-9.56979,-0.46108097,0.29189172,0.002167207
-2.9498138,-9.582776,-0.46097556,0.27281862,-0.000121754405
-2.9253798,-9.594912,-0.46098107,0.25374556,-0.002410716
-2.902654,-9.606199,-0.46108302,0.23733059,-0.0066506206
-2.8813996,-9.616758,-0.4613461,0.22091563,-0.010890526
-2.861619,-9.626592,-0.46174708,0.20450066,-0.01513043
-2.8433125,-9.635701,-0.46226275,0.18976688,-0.021004265
-2.8263314,-9.644163,-0.462927,0.17503312,-0.0268781
-2.8106759,-9.651977,-0.46371102,0.16029935,-0.032751936
-2.7963464,-9.6591425,-0.46458587,0.1469216,-0.04114309
-2.7832227,-9.66572,-0.46559307,0.13354386,-0.049534243
-2.7713044,-9.671708,-0.4666951,0.12016612,-0.057925396
-2.7605908,-9.677105,-0.46785456,0.11271818,-0.07775316
-2.7505608,-9.682174,-0.4693138,0.10527023,-0.09758092
-2.7412164,-9.686912,-0.47102314,0.09782228,-0.11740868
-2.7325594,-9.69132,-0.47293293,0.09312955,-0.12271087
-2.7243311,-9.695531,-0.47483283,0.08843683,-0.12801306
-2.7165303,-9.699541,-0.47671452,0.083744094,-0.13331525
-2.7091556,-9.703349,-0.47856975,0.08255495,-0.13082515
-2.7018902,-9.707118,-0.48036468,0.08136581,-0.12833504
-2.6947336,-9.710848,-0.48210025,0.08017666,-0.12584494
-2.687686,-9.714536,-0.48377743,0.08028803,-0.11089568
-2.6806223,-9.718246,-0.48525834,0.0803994,-0.095946416
-2.6735432,-9.72198,-0.48654205,0.080510765,-0.080997154
-2.6664498,-9.725732,-0.4876277,0.08122352,-0.066357955
-2.6592898,-9.729529,-0.48852536,0.08193626,-0.051718753
-2.6520643,-9.73337,-0.48923132,0.082649015,-0.037079554
-2.644774,-9.737251,-0.48974195,0.08199461,-0.015882855
-2.6375391,-9.741107,-0.489959,0.0813402,0.0053138435
-2.6303623,-9.744935,-0.48988697,0.080685794,0.026510542
-2.6232452,-9.748731,-0.4895305,0.08206209,0.050417345
-2.6160119,-9.7525835,-0.48884124,0.083438374,0.074324146
-2.6086657,-9.756492,-0.48780861,0.08481467,0.09823095
-2.6012096,-9.7604475,-0.48642227,0.082415655,0.110871345
-2.5939686,-9.7642765,-0.48490247,0.080016635,0.12351174
-2.5869434,-9.767978,-0.48325947,0.07761762,0.13615213
-2.5801342,-9.771551,-0.4815036,0.077179976,0.14833212
-2.5733688,-9.775086,-0.47960258,0.07674233,0.16051212
-2.5666478,-9.778582,-0.47755834,0.07630468,0.17269212
-2.5599718,-9.782037,-0.47537306,0.07442748,0.17880075
-2.55346,-9.785389,-0.4731669,0.07255028,0.18490937
-2.547112,-9.788638,-0.47094375,0.070673086,0.191018
-2.5409286,-9.791787,-0.46870744,0.075596236,0.20009655
-2.534319,-9.795134,-0.46620312,0.08051938,0.20917508
-2.527283,-9.798674,-0.46341646,0.08544253,0.21825361
-2.5198212,-9.8024025,-0.46033305,0.08626045,0.22095591
-2.512281,-9.806142,-0.4571822,0.08707838,0.22365819
-2.504662,-9.80989,-0.45396325,0.0878963,0.22636047
-2.4969642,-9.813646,-0.45067543,0.090703815,0.23412034
-2.4890223,-9.817489,-0.4471684,0.09351133,0.24188021
-2.480836,-9.821415,-0.4434353,0.09631884,0.24964008
