-4.3760943,-9.375934,1.723007,0.8461126,0.0
-4.3889236,-9.2923,1.723007,0.523,-0.099851884
-4.396814,-9.240863,1.7143177,0.51288664,-0.19970377
-4.4040036,-9.191111,1.69736,0.5027732,-0.29955566
-4.4100676,-9.143456,1.6726323,0.5210864,-0.3
-4.415128,-9.093933,1.646967,0.523,-0.3
-4.4189305,-9.044113,1.6212075,0.523,-0.3
-4.421448,-8.994213,1.595448,0.523,-0.3
-4.4226794,-8.944263,1.5696886,0.523,-0.3
-4.422624,-8.8942995,1.543929,0.523,-0.3
-4.4212823,-8.844354,1.5181695,0.523,-0.3
-4.418654,-8.794458,1.49241,0.523,-0.3
-4.4147415,-8.744648,1.4666505,0.523,-0.3
-4.4095473,-8.694955,1.4408909,0.523,-0.3
-4.4030747,-8.6454115,1.4151314,0.523,-0.3
-4.3953285,-8.596052,1.389372,0.523,-0.3
-4.3863134,-8.546907,1.3636124,0.523,-0.3
-4.3760357,-8.498013,1.337853,0.523,-0.3
-4.364502,-8.449397,1.3120934,0.523,-0.3
-4.3517194,-8.401096,1.2863339,0.523,-0.3
-4.3376975,-8.35314,1.2605743,0.523,-0.3
-4.322445,-8.305561,1.2348149,0.523,-0.3
-4.305972,-8.25839,1.2090553,0.523,-0.3
-4.2882895,-8.211659,1.1832958,0.523,-0.3
-4.2694097,-8.1654005,1.1575364,0.523,-0.3
-4.249344,-8.119642,1.1317768,0.523,-0.3
-4.2281065,-8.074416,1.1060174,0.523,-0.3
-4.2057114,-8.029753,1.0802578,0.523,-0.3
-4.1821733,-7.98568,1.0544983,0.523,-0.3
-4.157508,-7.942229,1.0287387,0.523,-0.3
-4.1317315,-7.899427,1.0029793,0.523,-0.3
-4.1048613,-7.857303,0.97721976,0.523,-0.3
-4.076915,-7.815886,0.95146024,0.523,-0.3
-4.0479107,-7.775202,0.9257007,0.523,-0.3
-4.0178685,-7.7352786,0.8999412,0.523,-0.3
-3.986808,-7.696142,0.8741817,0.523,-0.3
-3.95475,-7.657819,0.84842217,0.523,-0.3
-3.9217153,-7.6203337,0.8226627,0.523,-0.3
-3.887726,-7.583712,0.7969032,0.523,-0.3
-3.852805,-7.547978,0.7711437,0.523,-0.3
-3.816975,-7.513155,0.74538416,0.523,-0.3
-3.78026,-7.4792666,0.71962464,0.523,-0.3
-3.7426844,-7.4463353,0.6938651,0.523,-0.3
-3.704273,-7.4143825,0.6681056,0.523,-0.3
-3.6650512,-7.38343,0.6423461,0.523,-0.3
-3.6250455,-7.3534975,0.61658657,0.523,-0.3
-3.584282,-7.3246055,0.5908271,0.523,-0.3
-3.5427878,-7.2967734,0.5650676,0.523,-0.3
-3.5005903,-7.270019,0.5393081,0.523,-0.3
-3.457718,-7.24436,0.51354855,0.523,-0.3
-3.4141989,-7.2198143,0.48778903,0.523,-0.3
-3.370062,-7.1963973,0.46202952,0.523,-0.3
-3.3253367,-7.174125,0.43627,0.523,-0.3
-3.2800527,-7.1530123,0.4105105,0.523,-0.3
-3.2342396,-7.133073,0.384751,0.523,-0.3
-3.1879282,-7.11432,0.35899147,0.523,-0.3
-3.1411493,-7.096766,0.33323196,0.523,-0.3
-3.0939338,-7.0804224,0.30747247,0.523,-0.3
-3.0463128,-7.065301,0.28171295,0.523,-0.3
-2.9983184,-7.0514107,0.25595343,0.523,-0.3
-2.949982,-7.0387616,0.23019393,0.523,-0.3
-2.9013357,-7.0273614,0.20443441,0.523,-0.3
-2.8524122,-7.017218,0.1786749,0.523,-0.3
-2.8032434,-7.008338,0.15291539,0.523,-0.3
-2.7538624,-7.0007277,0.12715587,0.523,-0.3
-2.7043016,-6.9943914,0.10139637,0.523,-0.3
-2.6545942,-6.989334,0.075636856,0.523,-0.3
-2.604773,-6.9855585,0.04987734,0.523,-0.3
-2.554871,-6.9830675,0.024117831,0.523,-0.3
-2.5049214,-6.9818625,-0.00164168,0.523,-0.3
-2.4549575,-6.9819446,-0.027401192,0.523,-0.3
-2.4050121,-6.9833136,-0.0531607,0.523,-0.3
-2.3551185,-6.985968,-0.078920215,0.523,-0.3
-2.30531,-6.9899073,-0.104679726,0.523,-0.3
-2.2556193,-6.995128,-0.13043924,0.523,-0.3
-2.2060797,-7.001627,-0.15619875,0.523,-0.3
-2.156724,-7.0093994,-0.18195826,0.523,-0.3
-2.1075847,-7.0184407,-0.20771778,0.523,-0.3
-2.0586946,-7.0287447,-0.23347728,0.523,-0.3
-2.010086,-7.0403047,-0.25923678,0.523,-0.28352144
-1.9615519,-7.053176,-0.28362066,0.523,-0.26704288
-1.9131211,-7.0672927,-0.3066222,0.523,-0.2505643
-1.8648175,-7.082586,-0.32823524,0.523,-0.22966853
-1.8166096,-7.0990033,-0.34807914,0.523,-0.20877275
-1.7685136,-7.116455,-0.36614525,0.523,-0.18787697
-1.7205397,-7.13485,-0.3824257,0.523,-0.16868928
-1.6727064,-7.15409,-0.39706016,0.523,-0.14950159
-1.6250132,-7.174089,-0.4100432,0.523,-0.1303139
-1.5774554,-7.1947618,-0.42137012,0.523,-0.10887792
-1.5300127,-7.2160263,-0.4308419,0.523,-0.087441936
-1.4826738,-7.2377853,-0.4384542,0.523,-0.066005945
-1.435424,-7.25994,-0.44420356,0.523,-0.052586842
-1.3882648,-7.2823844,-0.44878528,0.523,-0.03916774
-1.34118,-7.3050585,-0.4521985,0.523,-0.025748635
-1.2941523,-7.3279033,-0.45444268,0.523,-0.009252692
-1.2471625,-7.35086,-0.45524922,0.523,0.007243252
-1.2001903,-7.373855,-0.45461783,0.523,0.023739194
-1.1532158,-7.3968143,-0.45254877,0.523,0.035759963
-1.1062106,-7.419668,-0.44943234,0.523,0.04778073
-1.0591581,-7.442364,-0.44526905,0.523,0.059801497
-1.0120419,-7.46485,-0.44005945,0.523,0.06701531
-0.964831,-7.487079,-0.43422234,0.523,0.074229136
-0.9175152,-7.5090218,-0.42775798,0.523,0.08144295
-0.8700853,-7.5306454,-0.4206667,0.523,0.08908999
-0.82253426,-7.5519185,-0.4129113,0.523,0.09673703
-0.7748537,-7.572807,-0.4044922,0.523,0.104384065
-0.72703594,-7.593278,-0.3954099,0.523,0.110420145
-0.6790654,-7.6133003,-0.3858045,0.523,0.116456226
-0.6309379,-7.632848,-0.3756763,0.523,0.1224923
-0.5826498,-7.651893,-0.36502576,0.523,0.13437739
-0.5342361,-7.6703944,-0.35334775,0.523,0.1462625
-0.4856911,-7.688299,-0.34064394,0.523,0.15814759
-0.43701142,-7.705554,-0.32691613,0.523,0.16422
-0.38814774,-7.722123,-0.31266588,0.523,0.17029244
-0.33910325,-7.7379775,-0.2978937,0.523,0.17636487
-0.28988224,-7.75309,-0.28260013,0.523,0.18303818
-0.24049582,-7.7674303,-0.26673424,0.523,0.18971148
-0.19095045,-7.780968,-0.25029674,0.523,0.1963848
-0.14125414,-7.7936735,-0.23328835,0.523,0.2015366
-0.091400735,-7.8055196,-0.21583976,0.523,0.20668839
-0.04140159,-7.816482,-0.19795142,0.523,0.21184018
0.008730769,-7.8265376,-0.17962381,0.523,0.21623743
0.05899093,-7.835664,-0.16092166,0.523,0.22063467
0.10936378,-7.8438406,-0.14184533,0.523,0.2250319
0.15983312,-7.851048,-0.12239518,0.523,0.2290282
0.2103864,-7.8572664,-0.102605626,0.523,0.23302451
0.26100522,-7.8624783,-0.08247699,0.523,0.2370208
0.3116702,-7.866667,-0.062009577,0.523,0.24016976
0.36237144,-7.8698144,-0.041275457,0.523,0.24331872
0.41308764,-7.871909,-0.020274837,0.523,0.24646768
0.46379673,-7.872937,0.0009920807,0.523,0.2488983
0.51448506,-7.872887,0.0224644,0.523,0.25132892
0.56512916,-7.8717494,0.044141997,0.523,0.25375953
0.61570495,-7.8695154,0.06602474,0.523,0.25985858
0.6661389,-7.8661804,0.08842168,0.523,0.2659576
0.71640295,-7.8617244,0.111331984,0.523,0.27205664
0.7664675,-7.8561277,0.1347548,0.523,0.27777705
0.81630677,-7.8493705,0.15865752,0.523,0.28349745
0.8658885,-7.8414373,0.18303937,0.523,0.2892179
0.9151789,-7.832313,0.20789953,0.523,0.29469866
0.9641466,-7.8219833,0.23321722,0.523,0.30017942
1.0127554,-7.810437,0.25899166,0.523,0.3056602
1.0609678,-7.7976637,0.2852221,0.523,0.3100455
1.1087619,-7.7836494,0.31181684,0.523,0.31443083
1.1560993,-7.768391,0.33877534,0.523,0.31881616
1.202941,-7.751886,0.36609706,0.523,0.32206684
1.2492642,-7.7341266,0.39368775,0.523,0.3253175
1.29503,-7.715117,0.42154706,0.523,0.32856816
1.3401986,-7.694862,0.4496747,0.523,0.32991484
1.3847593,-7.6733546,0.47791344,0.523,0.3312615
1.4286746,-7.650608,0.5062632,0.523,0.33260816
1.4719074,-7.626637,0.53472394,0.523,0.3342242
1.5144168,-7.6014595,0.5633178,0.523,0.33584026
1.5561655,-7.575092,0.59204465,0.523,0.3374563
1.5971164,-7.5475516,0.62090445,0.523,0.33549085
1.6372832,-7.5188212,0.6496026,0.523,0.3335254
1.6766359,-7.4889297,0.67813885,0.523,0.33155993
1.7151458,-7.4579067,0.7065132,0.523,0.32860464
1.7527983,-7.4257708,0.7346439,0.523,0.32564935
1.7895688,-7.3925557,0.76253057,0.523,0.32269403
1.8254344,-7.358294,0.7901731,0.523,0.31687334
1.8604068,-7.3229856,0.817334,0.523,0.31105265
1.8944716,-7.2866726,0.8440123,0.523,0.30523196
1.9276171,-7.249395,0.87020713,0.523,0.29887992
1.9598385,-7.211186,0.89587337,0.523,0.29252788
1.9911292,-7.172087,0.92100996,0.523,0.28617582
2.0214846,-7.1321387,0.9456158,0.523,0.27852783
2.0509133,-7.091365,0.9695815,0.523,0.2708798
2.0794177,-7.0498085,0.9929055,0.523,0.26323178
2.107003,-7.00751,1.0155865,0.523,0.2540184
2.1336868,-6.9644923,1.0374911,0.523,0.24480502
2.1594825,-6.920798,1.0586174,0.523,0.23559164
2.1844056,-6.8764687,1.0789636,0.52095735,0.22333865
2.2083962,-6.8316884,1.0981945,0.5189147,0.21108566
2.2314932,-6.7865105,1.1163151,0.5168721,0.19883268
2.2537367,-6.740985,1.1333311,0.5149095,0.18964636
2.2751594,-6.6951795,1.1495087,0.5129469,0.18046004
2.295795,-6.64913,1.1648529,0.5109843,0.17127372
2.315678,-6.602871,1.179368,0.5098283,0.16024914
2.3348792,-6.556348,1.1929264,0.50867236,0.14922458
2.3534374,-6.509595,1.2055306,0.5075163,0.1382
2.371393,-6.462643,1.2171832,0.50658303,0.12767026
2.3887928,-6.415506,1.2279333,0.5056497,0.11714052
2.4056754,-6.3682103,1.2377827,0.5047164,0.10661078
2.4220805,-6.3207827,1.2467338,0.5034482,0.09537317
2.4380386,-6.273275,1.2547241,0.50218,0.08413556
2.4535928,-6.2257137,1.2617577,0.5009118,0.072897956
2.4687872,-6.178122,1.2678382,0.49947858,0.06426398
2.483658,-6.1305475,1.2731843,0.49804538,0.05563
2.4982402,-6.083006,1.2777996,0.49661216,0.04699602
2.5125675,-6.0355134,1.281688,0.4958585,0.03855703
2.5266938,-5.988021,1.2848737,0.49510482,0.030118037
2.5406516,-5.940542,1.2873586,0.49435115,0.021679044
2.5544734,-5.8930907,1.2891446,0.49415523,0.016425926
2.568206,-5.8456287,1.2904974,0.4939593,0.011172807
2.5818703,-5.7981634,1.2914172,0.49376336,0.005919689
2.595486,-5.7507024,1.2919043,0.49410108,-1.4036894e-05
2.6090882,-5.7032013,1.2919033,0.4944388,-0.0059477626
2.6226995,-5.6556687,1.2914131,0.49477652,-0.011881488
2.6363425,-5.608113,1.2904333,0.49550924,-0.014360428
2.650052,-5.5605016,1.2892474,0.49624196,-0.016839366
2.663838,-5.512838,1.2878547,0.4969747,-0.019318307
2.67771,-5.4651256,1.2862548,0.49791908,-0.024993647
2.691683,-5.417351,1.2841808,0.49886346,-0.030668985
2.7057796,-5.369522,1.2816312,0.49980786,-0.036344327
2.7200224,-5.3216476,1.2786044,0.5005996,-0.038505483
2.7344315,-5.273745,1.2753925,0.5013914,-0.04066664
2.7490163,-5.2258177,1.2719952,0.5021832,-0.042827796
2.7637858,-5.1778684,1.2684116,0.5035838,-0.045304436
2.7787669,-5.129844,1.2646105,0.5049844,-0.047781073
2.793971,-5.0817494,1.2605907,0.50638497,-0.050257713
2.8094091,-5.033589,1.2563508,0.5083268,-0.050862826
2.825111,-4.985311,1.2520435,0.5102686,-0.051467936
2.8410807,-4.9369187,1.2476684,0.5122104,-0.05207305
2.857323,-4.8884144,1.243225,0.5142453,-0.052266955
2.8738458,-4.839791,1.2387474,0.5162801,-0.05246086
2.8906524,-4.79105,1.2342353,0.51831496,-0.052654766
2.9077458,-4.742194,1.2296888,0.5200545,-0.05324923
2.9251184,-4.6932545,1.2250756,0.5217941,-0.05384369
2.9427752,-4.6442337,1.2203953,0.523,-0.05443815
2.960702,-4.5951843,1.2156525,0.523,-0.056326807
2.978859,-4.546226,1.2107452,0.523,-0.05821546
2.9972544,-4.497362,1.2056736,0.523,-0.06010412
3.015895,-4.448598,1.2004377,0.523,-0.058197044
3.034793,-4.3999267,1.1953677,0.523,-0.05628997
3.0539393,-4.3513465,1.1904637,0.523,-0.054382898
3.073326,-4.3028555,1.1857257,0.523,-0.054258883
3.0929422,-4.2544565,1.1809984,0.523,-0.054134868
3.1127872,-4.206151,1.1762819,0.523,-0.054010857
3.13286,-4.157939,1.1715763,0.523,-0.052240003
3.1531613,-4.109817,1.1670249,0.523,-0.05046915
3.1736832,-4.0617843,1.1626275,0.523,-0.048698295
3.194418,-4.0138373,1.1583842,0.523,-0.04730495
3.2153575,-3.965976,1.1542624,0.523,-0.04591161
3.2364953,-3.9181983,1.1502618,0.523,-0.04451827
3.2578256,-3.8705025,1.1463826,0.523,-0.042117525
3.279343,-3.8228848,1.1427125,0.523,-0.03971678
3.301037,-3.7753417,1.1392514,0.523,-0.037316035
3.3228977,-3.7278695,1.1359994,0.523,-0.0351786
3.3449142,-3.6804652,1.1329336,0.523,-0.033041168
3.3670774,-3.633125,1.1300541,0.523,-0.030903732
3.3893785,-3.5858455,1.1273607,0.523,-0.028383065
3.4118085,-3.5386229,1.124887,0.523,-0.025862396
3.434357,-3.4914527,1.1226329,0.523,-0.023341727
3.457013,-3.4443305,1.1205984,0.523,-0.019918084
3.4797664,-3.397251,1.1188624,0.523,-0.016494442
3.502603,-3.350208,1.1174247,0.523,-0.013070798
3.5255084,-3.3031955,1.1162853,0.523,-0.004482186
3.548469,-3.2562058,1.1158947,0.523,0.004106426
3.571448,-3.209225,1.1162527,0.523,0.012695039
3.5944088,-3.162239,1.1173592,0.523,0.026895475
3.6173108,-3.115241,1.1197033,0.523,0.041095912
3.6400917,-3.0682125,1.1232845,0.523,0.05529635
3.6626887,-3.0211346,1.1281021,0.523,0.06386034
3.685047,-2.9739726,1.1336647,0.523,0.07242434
3.7071297,-2.9267147,1.1399722,0.523,0.08098833
3.7288997,-2.8793495,1.1470239,0.523,0.08805461
3.7503223,-2.8318605,1.1546894,0.523,0.095120884
3.7713664,-2.7842395,1.1629684,0.523,0.10218716
3.7920012,-2.7364793,1.1718602,0.523,0.10535546
3.812204,-2.6885533,1.1810267,0.523,0.10852375
3.8319597,-2.6404607,1.1904677,0.523,0.11169205
3.851254,-2.5922005,1.2001834,0.523,0.112489745
3.8700767,-2.5437596,1.2099681,0.523,0.11328745
3.8884227,-2.495141,1.2198218,0.523,0.11408515
3.9062872,-2.4463487,1.2297447,0.52069205,0.113861054
3.9235904,-2.3975961,1.2396045,0.5183841,0.113636956
3.9403381,-2.348891,1.2494012,0.5160762,0.113412865
3.9565356,-2.3002405,1.2591354,0.512878,0.11393991
3.9721606,-2.25174,1.2688538,0.5096798,0.11446696
3.9872181,-2.2033963,1.2785561,0.5064816,0.114994004
4.0017133,-2.155216,1.2882419,0.50318074,0.117812485
4.015645,-2.107228,1.2980992,0.4998799,0.120630965
4.029011,-2.059437,1.308125,0.49657905,0.12344944
4.0418067,-2.0118475,1.3183161,0.49503583,0.1249991
4.0540767,-1.9642873,1.3286024,0.4934926,0.12654877
4.0658174,-1.9167614,1.3389832,0.49194938,0.12809843
4.077027,-1.8692746,1.3494575,0.48754793,0.12007849
4.0876536,-1.8220518,1.3591914,0.48314652,0.112058565
4.0977373,-1.7751111,1.3681959,0.4787451,0.10403863
4.1073184,-1.7284693,1.3764822,0.47407869,0.09035006
4.116435,-1.6821433,1.3836114,0.46941227,0.07666149
4.125145,-1.6361576,1.3896033,0.46474585,0.06297292
4.1335034,-1.5905344,1.3944777,0.45931983,0.052953385
4.1415486,-1.545378,1.3985295,0.45389384,0.04293385
4.149322,-1.5007015,1.4017764,0.44846785,0.03291432
4.156862,-1.4565178,1.4042362,0.42739096,0.037324525
4.163943,-1.4143995,1.4068943,0.40631407,0.041734733
4.1705666,-1.3743476,1.4097197,0.38523716,0.04614494
4.1767387,-1.3363631,1.4126815,0.3641934,0.03761928
4.182469,-1.3004234,1.4149643,0.34314966,0.029093623
4.187793,-1.2665386,1.416628,0.3221059,0.020567965
4.1927376,-1.2347168,1.4177321,0.30053332,0.009148443
4.1973195,-1.205016,1.4181904,0.27896073,-0.00227108
4.2015605,-1.1774442,1.4180847,0.25738814,-0.013690603
4.2054753,-1.1520073,1.4174975,0.23856287,-0.01670521
4.2091174,-1.1284342,1.4168333,0.21973762,-0.019719815
4.2124867,-1.1067245,1.4161111,0.20091236,-0.022734422
4.2155814,-1.0868783,1.41535,0.18683656,-0.023400217
4.2184734,-1.0684249,1.4146214,0.17276075,-0.024066012
4.2211595,-1.0513641,1.4139285,0.15868494,-0.02473181
4.223638,-1.0356952,1.4132744,0.14603786,-0.025985187
4.225928,-1.0212772,1.412642,0.13339077,-0.027238566
4.2280283,-1.0081095,1.4120365,0.120743684,-0.028491944
4.229936,-0.99619174,1.4114633,0.11295916,-0.03988704
4.231727,-0.98504776,1.4107125,0.105174646,-0.051282138
4.2334013,-0.97467846,1.409814,0.09739012,-0.062677234
4.234959,-0.96508425,1.4087973,0.09628132,-0.06612955
4.236509,-0.95560294,1.4077369,0.095172524,-0.06958186
4.23805,-0.94623464,1.4066341,0.09406372,-0.073034175
4.239583,-0.9369795,1.4054902,0.0924908,-0.06757465
4.2411017,-0.9278773,1.4044492,0.09091787,-0.062115125
4.2426043,-0.9189283,1.4035087,0.08934495,-0.056655604
4.2440896,-0.91013265,1.4026654,0.08948269,-0.03789877
4.245586,-0.90131694,1.4021003,0.08962042,-0.019141942
4.2470903,-0.8924837,1.4018145,0.08975816,-0.00038511158
4.2486,-0.88363576,1.4018086,0.0881203,0.029639225
4.250081,-0.87495303,1.4022439,0.086482435,0.059663564
4.251529,-0.86644256,1.4031034,0.084844574,0.0896879
4.2529397,-0.8581107,1.40437,0.082070984,0.12527084
4.2542887,-0.85008043,1.4060789,0.07929739,0.1608538
4.2555723,-0.842359,1.4081957,0.0765238,0.19643675
4.2567873,-0.8349528,1.410685,0.0737039,0.21217144
4.257936,-0.82783985,1.4132718,0.070884004,0.22790611
4.2590194,-0.82102025,1.415941,0.0680641,0.2436408
4.260038,-0.8144939,1.4186776,0.069553815,0.25533274
4.261058,-0.8078417,1.4216055,0.07104353,0.26702467
4.2620764,-0.80106527,1.4247297,0.07253324,0.27871662
4.263091,-0.7941661,1.4280556,0.07691504,0.28172952
4.2641425,-0.78685296,1.4316196,0.081296846,0.28474241
4.2652245,-0.77912605,1.4354258,0.085678644,0.2877553
4.2663336,-0.77098566,1.4394784,0.087223694,0.2837994
4.26743,-0.7626843,1.4435489,0.08876875,0.27984354
4.2685127,-0.7542217,1.4476353,0.0903138,0.27588767
4.26958,-0.74559766,1.4517356,0.091567166,0.28105235
4.270625,-0.73686254,1.4559685,0.09282053,0.28621706
4.271645,-0.72801673,1.4603361,0.09407389,0.29138178
