-3.601347,-4.7958837,-1.5889659,0.330353,0.0
-3.601947,-4.8289137,-1.5889659,0.3540702,-0.0961153
-3.6025875,-4.8641515,-1.594629,0.3777874,-0.1922306
-3.603471,-4.9012237,-1.6066583,0.40150464,-0.2883459
-3.6048512,-4.939692,-1.6256875,0.4241924,-0.3
-3.6070745,-4.9801555,-1.6465803,0.44688016,-0.3
-3.610307,-5.022725,-1.6685907,0.46956792,-0.3
-3.614687,-5.0673704,-1.6917185,0.48781246,-0.3
-3.6203084,-5.113632,-1.7157449,0.506057,-0.3
-3.6272914,-5.161471,-1.74067,0.523,-0.3
-3.6357384,-5.210716,-1.7664294,0.523,-0.2940035
-3.6454687,-5.259817,-1.7916892,0.523,-0.28800696
-3.6564555,-5.3087444,-1.8164481,0.523,-0.28201047
-3.6686718,-5.3574705,-1.8407055,0.523,-0.22071692
-3.682279,-5.406654,-1.8597888,0.523,-0.1594234
-3.696995,-5.4561496,-1.8736265,0.523,-0.09812987
-3.712517,-5.5058293,-1.8821664,0.523,-0.036608495
-3.728529,-5.555581,-1.8853567,0.523,0.024912883
-3.7447054,-5.6052995,-1.8831854,0.523,0.08643426
-3.760719,-5.6548824,-1.8756605,0.523,0.111026034
-3.776321,-5.7044635,-1.8660027,0.523,0.13561782
-3.7913973,-5.7540417,-1.8542175,0.523,0.1602096
-3.8058352,-5.803612,-1.8403122,0.523,0.17000696
-3.81956,-5.8532977,-1.8255645,0.523,0.17980434
-3.8325284,-5.9030933,-1.8099759,0.523,0.1896017
-3.8446965,-5.952994,-1.7935479,0.5209355,0.2005812
-3.855974,-6.002782,-1.7762494,0.51887095,0.21156068
-3.8663235,-6.0524454,-1.7580901,0.5168064,0.22254017
-3.875709,-6.1019697,-1.7390796,0.509993,0.23081487
-3.8840244,-6.150915,-1.7196343,0.5031796,0.23908958
-3.8912737,-6.1992617,-1.6997739,0.49636617,0.2473643
-3.8974638,-6.2469873,-1.6795181,0.4895373,0.2515463
-3.9026084,-6.294121,-1.6592103,0.4827084,0.25572827
-3.906732,-6.340639,-1.6388601,0.47587952,0.2599103
-3.90986,-6.3865223,-1.6184771,0.4710937,0.26176107
-3.9120288,-6.4319754,-1.5981587,0.4663079,0.26361185
-3.9132605,-6.4769783,-1.5779078,0.46152213,0.26546264
-3.913577,-6.521513,-1.5577273,0.45389673,0.2694815
-3.9130054,-6.5652604,-1.537587,0.44627133,0.27350038
-3.9115787,-6.6082053,-1.5174971,0.43864593,0.27751926
-3.9093313,-6.6503315,-1.4974678,0.43070874,0.28462836
-3.9063027,-6.6915584,-1.4773105,0.4227715,0.29173744
-3.902523,-6.7318726,-1.4570445,0.41483432,0.29884654
-3.898023,-6.771261,-1.4366888,0.3973612,0.30063513
-3.8929484,-6.808874,-1.4170772,0.37988803,0.30242372
-3.8873956,-6.8447113,-1.3982198,0.3624149,0.30421227
-3.881458,-6.878775,-1.3801268,0.34249353,0.2989039
-3.8752549,-6.9109125,-1.3633176,0.32257217,0.29359555
-3.8688946,-6.9411273,-1.3477591,0.3026508,0.2882872
-3.8624763,-6.9694247,-1.333418,0.28267232,0.28282955
-3.8560934,-6.9958076,-1.3202702,0.26269382,0.2773719
-3.8498297,-7.020284,-1.3082814,0.24271534,0.27191424
-3.8437624,-7.042863,-1.2974168,0.22233282,0.27491263
-3.837985,-7.063467,-1.2873576,0.20195028,0.27791098
-3.832554,-7.0821123,-1.2781235,0.18156776,0.28090933
-3.8275208,-7.0988154,-1.2697341,0.16091117,0.2868414
-3.8229444,-7.113555,-1.2621466,0.14025459,0.29277343
-3.818865,-7.126349,-1.2554002,0.119598,0.2987055
-3.8153195,-7.137215,-1.2495341,0.10730729,0.27939236
-3.8120625,-7.147002,-1.2446021,0.09501659,0.26007926
-3.8091202,-7.1557,-1.2405298,0.08272588,0.24076617
-3.8065147,-7.1633,-1.2372421,0.08861837,0.23462474
-3.8036928,-7.171444,-1.2338085,0.094510846,0.22848332
-3.8006492,-7.1801314,-1.2302407,0.100403324,0.2223419
-3.797378,-7.1893625,-1.2265507,0.08966931,0.2380226
-3.7944372,-7.197565,-1.2230269,0.078935295,0.2537033
-3.7918332,-7.2047486,-1.2197249,0.06820128,0.26938403
-3.7895725,-7.210922,-1.2166997,0.076713145,0.25617793
-3.7869992,-7.2178826,-1.2134601,0.08522501,0.24297187
-3.7841058,-7.225632,-1.2100427,0.093736865,0.2297658
-3.780884,-7.234172,-1.2064847,0.0835462,0.25512275
-3.7780035,-7.2417254,-1.2029706,0.07335553,0.28047973
-3.7754688,-7.248303,-1.1995863,0.06316486,0.30583668
-3.773284,-7.253916,-1.1964166,0.069455236,0.30124465
-3.7708583,-7.2600894,-1.192982,0.07574561,0.29665262
-3.7681863,-7.2668223,-1.1892916,0.08203598,0.29206058
-3.7652612,-7.2741137,-1.1853548,0.07613236,0.3127282
-3.7625377,-7.280826,-1.1814511,0.07022873,0.33339584
-3.7600188,-7.2869654,-1.1776206,0.06432511,0.35406348
-3.757707,-7.2925386,-1.1739036,0.06754056,0.36766115
-3.7552707,-7.2983513,-1.1698576,0.070756026,0.3812588
-3.7527077,-7.304398,-1.1654696,0.07397148,0.39485645
-3.7500153,-7.3106728,-1.1607271,0.07257595,0.40587014
-3.747357,-7.316788,-1.1559514,0.07118041,0.41688386
-3.7447336,-7.3227444,-1.1511477,0.06978487,0.42789754
-3.7421467,-7.3285427,-1.1463214,0.07213161,0.4353017
-3.739453,-7.3345027,-1.141252,0.07447834,0.4427058
-3.7366505,-7.3406215,-1.1359345,0.076825075,0.45010996
