-6.0735464,-7.9201803,0.030402295,0.11602554,0.0
-6.0619493,-7.919828,0.030402295,0.14009066,0.09991206
-6.048016,-7.919404,0.032731205,0.16415578,0.19982412
-6.031936,-7.9188776,0.038161945,0.18822092,0.29973617
-6.013966,-7.9181914,0.04742455,0.2118974,0.3996764
-5.994468,-7.917266,0.06116681,0.23557389,0.49961662
-5.9738293,-7.9160023,0.07997696,0.25925037,0.59955686
-5.952494,-7.9142923,0.10435845,0.28093523,0.6993665
-5.931113,-7.9120526,0.13449967,0.30262008,0.7991762
-5.9102015,-7.909223,0.17065176,0.3243049,0.89898586
-5.89031,-7.905795,0.21295713,0.34171194,0.99741346
-5.8721914,-7.9018774,0.26080084,0.35911897,1.0
-5.8534446,-7.896874,0.3111655,0.37652597,1.0
-5.834078,-7.8906455,0.36397147,0.38443813,1.0
-5.814667,-7.883251,0.41788706,0.3923503,1.0
-5.7952924,-7.874648,0.47291228,0.40026245,1.0
-5.7760396,-7.8647976,0.5290472,0.4026066,1.0
-5.757261,-7.853819,0.5855108,0.40495074,1.0
-5.7390256,-7.8417273,0.64230317,0.4072949,1.0
-5.721405,-7.8285446,0.6994243,0.40943646,1.0
-5.704477,-7.8143034,0.7568458,0.41157803,1.0
-5.68831,-7.799034,0.8145676,0.4137196,1.0
-5.6729712,-7.7827735,0.8725898,0.41436672,1.0
-5.6585793,-7.7656245,0.93070275,0.41501385,1.0
-5.6451864,-7.74764,0.98890644,0.415661,1.0
-5.6328435,-7.7288775,1.0472009,0.41394803,1.0
-5.6216607,-7.7095084,1.1052551,0.41223508,1.0
-5.611662,-7.6896057,1.163069,0.41052213,1.0
-5.6028666,-7.6692433,1.2206428,0.40916073,1.0
-5.595283,-7.6484776,1.2780256,0.40779936,1.0
-5.5889244,-7.627382,1.3352175,0.40643796,1.0
-5.5837984,-7.6060286,1.3922185,0.40694007,1.0
-5.579893,-7.584391,1.4492898,0.40744218,1.0
-5.5772247,-7.562539,1.5064316,0.4079443,1.0
-5.575807,-7.5405436,1.5636438,0.40993,1.0
-5.575649,-7.5183954,1.6211345,0.41191566,1.0
-5.5767684,-7.4961677,1.6789037,0.41390136,1.0
-5.579181,-7.473935,1.7369514,0.4156845,1.0
-5.582896,-7.4517846,1.7952491,0.41746762,1.0
-5.5879164,-7.429795,1.853797,0.41925076,1.0
-5.5942416,-7.4080434,1.9125948,0.42066932,0.97314847
-5.6021757,-7.3857417,1.9705533,0.42208785,0.9462969
-5.6117806,-7.3630085,2.0276237,0.4235064,0.91944534
-5.6231065,-7.339966,2.083757,0.4258524,0.8766911
-5.6364756,-7.3162303,2.1383104,0.42819837,0.83393687
-5.6519423,-7.2919674,2.191163,0.43054435,0.79118264
-5.6695375,-7.2673397,2.2421958,0.432896,0.7561785
-5.689128,-7.2426834,2.291701,0.43524763,0.72117436
-5.710705,-7.2181273,2.3395975,0.43759927,0.6861702
-5.734244,-7.193794,2.3858066,0.4388368,0.64855814
-5.759695,-7.169807,2.4299855,0.44007435,0.61094606
-5.786994,-7.1462665,2.4720597,0.4413119,0.573334
-5.8160644,-7.123257,2.511957,0.44388446,0.5264132
-5.8470836,-7.100658,2.5491276,0.44645703,0.47949243
-5.879944,-7.078539,2.5834548,0.4490296,0.43257165
-5.914524,-7.056948,2.6148276,0.45277864,0.3838494
-5.9508157,-7.0358415,2.6430879,0.45652768,0.33512717
-5.988682,-7.0152287,2.6681125,0.46027672,0.28640494
-6.027977,-6.9950957,2.6897843,0.46277055,0.2465375
-6.0683517,-6.9755025,2.7086072,0.46526435,0.20667008
-6.109686,-6.956396,2.7245195,0.46775818,0.16680263
-6.151859,-6.937711,2.737463,0.4729743,0.14651756
-6.19488,-6.919312,2.7489717,0.47819042,0.12623249
-6.238709,-6.901161,2.7590055,0.48340654,0.10594742
-6.2833033,-6.883216,2.7675254,0.48755455,0.086542115
-6.3285174,-6.865467,2.774549,0.49170256,0.06713681
-6.374309,-6.847862,2.7800467,0.49585056,0.047731508
-6.4206357,-6.8303423,2.78399,0.49821258,0.016490132
-6.467299,-6.812906,2.7853591,0.5005746,-0.014751243
-6.5142083,-6.7954507,2.7841284,0.5029366,-0.04599262
-6.561273,-6.777871,2.7802746,0.50552684,-0.07769566
-6.608419,-6.7600546,2.773735,0.50811714,-0.10939871
-6.655548,-6.741891,2.764489,0.51070744,-0.14110175
-6.7025585,-6.7232723,2.7525184,0.5102832,-0.15287147
-6.7492223,-6.704141,2.7395678,0.5098589,-0.1646412
-6.7955084,-6.684461,2.72564,0.5094347,-0.17641091
-6.841385,-6.664196,2.7107394,0.50975543,-0.18365549
-6.886923,-6.643265,2.6952238,0.5100762,-0.19090004
-6.932097,-6.621645,2.6790931,0.51039696,-0.19814461
-6.9768806,-6.599317,2.6623478,0.51202303,-0.20234464
-7.0213876,-6.576189,2.6451979,0.5136491,-0.20654467
-7.0655932,-6.552246,2.6276414,0.5152752,-0.2107447
-7.109471,-6.5274744,2.6096766,0.51683843,-0.21387635
-7.1529994,-6.5018587,2.5913935,0.5184017,-0.21700801
-7.196152,-6.475389,2.5727909,0.51996493,-0.22013967
-7.2389045,-6.4480586,2.5538669,0.523,-0.2231786
-7.2813497,-6.419779,2.5345743,0.523,-0.22621752
-7.3232117,-6.390706,2.5150235,0.523,-0.22925645
-7.3644686,-6.3608413,2.4952145,0.523,-0.22935575
-7.4051247,-6.330166,2.475397,0.523,-0.22945505
-7.445164,-6.2986917,2.4555714,0.523,-0.22955437
-7.484571,-6.266431,2.4357371,0.523,-0.23644382
-7.523267,-6.2334485,2.4153187,0.523,-0.24333328
-7.5612173,-6.19974,2.3943167,0.523,-0.25022274
-7.598387,-6.1653013,2.3727326,0.523,-0.2456526
-7.6348467,-6.1300282,2.3515346,0.523,-0.24108246
-7.670591,-6.093949,2.3307233,0.523,-0.23651232
-7.705616,-6.0570927,2.310299,0.523,-0.24240626
-7.7398314,-6.019583,2.2893755,0.523,-0.2483002
-7.7732053,-5.981422,2.2679536,0.523,-0.25419414
-7.805705,-5.9426136,2.2460344,0.523,-0.24862175
-7.837392,-5.9030457,2.2245853,0.523,-0.24304935
-7.8682656,-5.862751,2.2036076,0.523,-0.23747697
-7.8983283,-5.8217616,2.1831014,0.523,-0.24652982
-7.9274793,-5.780257,2.1618292,0.523,-0.2555827
-7.955675,-5.73824,2.1397927,0.523,-0.26463553
-7.982873,-5.6957135,2.1169937,0.51425,-0.24382198
-8.008795,-5.6530704,2.0963025,0.5054999,-0.22300841
-8.033525,-5.610424,2.0776694,0.49674988,-0.20219485
-8.057149,-5.5678797,2.0610433,0.4710464,-0.22803302
-8.078753,-5.527399,2.0432956,0.4453429,-0.2538712
-8.098372,-5.489015,2.024654,0.41963944,-0.27970937
-8.1160555,-5.4527655,2.0053453,0.3977635,-0.26089954
-8.132235,-5.4179068,1.9882448,0.37588754,-0.2420897
-8.14703,-5.3845477,1.9732261,0.3540116,-0.22327988
-8.160551,-5.352783,1.9601613,0.3322022,-0.23915857
-8.172802,-5.3229246,1.9470457,0.3103928,-0.25503728
-8.183838,-5.29499,1.9339947,0.2885834,-0.27091596
-8.193717,-5.268998,1.9211231,0.26757833,-0.3
-8.20249,-5.2449884,1.907944,0.2465733,-0.3
-8.210282,-5.2227583,1.8957994,0.22556823,-0.3
-8.217163,-5.2023373,1.8846895,0.2037943,-0.3
-8.223174,-5.1838193,1.8746519,0.18202037,-0.3
-8.228377,-5.167227,1.8656868,0.16024643,-0.3
-8.232826,-5.1525784,1.857794,0.15386012,-0.3
-8.236987,-5.138481,1.8502159,0.14747383,-0.3
-8.240873,-5.1249385,1.8429524,0.14108753,-0.3
-8.244496,-5.111956,1.8360033,0.13202548,-0.3
-8.247803,-5.0997844,1.8295007,0.122963436,-0.3
-8.250808,-5.088428,1.8234442,0.11390139,-0.3
-8.253528,-5.077892,1.8178343,0.106363595,-0.3
-8.256012,-5.0680394,1.8125955,0.0988258,-0.3
-8.258273,-5.0588727,1.8077279,0.091288,-0.3
-8.26032,-5.0503955,1.8032317,0.08489037,-0.3
-8.262188,-5.0425034,1.7990506,0.07849274,-0.3
-8.263885,-5.035199,1.7951846,0.07209511,-0.3
-8.265417,-5.0284843,1.7916336,0.068792164,-0.3
-8.266857,-5.022072,1.7882454,0.065489225,-0.3
-8.268207,-5.015963,1.7850199,0.06218628,-0.3
-8.26947,-5.010158,1.7819569,0.059961554,-0.3
-8.27067,-5.0045567,1.7790036,0.05773683,-0.3
-8.271811,-4.9991603,1.7761599,0.055512104,-0.3
-8.272892,-4.9939685,1.7734257,0.053516272,-0.3
-8.273921,-4.9889603,1.7707899,0.05152044,-0.3
-8.274899,-4.9841366,1.7682524,0.04952461,-0.3
-8.275826,-4.979497,1.7658131,0.048001193,-0.3
-8.276715,-4.9749985,1.7634488,0.046477776,-0.3
-8.277566,-4.97064,1.7611597,0.044954356,-0.3
-8.2783785,-4.966423,1.7589455,0.04319779,-0.3
-8.27915,-4.962369,1.7568179,0.041441217,-0.3
-8.279882,-4.9584785,1.7547767,0.03968465,-0.3
-8.280576,-4.954751,1.7528222,0.03862612,-0.3
-8.281244,-4.9511223,1.7509197,0.037567593,-0.3
-8.281887,-4.9475913,1.7490693,0.036509067,-0.3
-8.282505,-4.9441586,1.7472712,0.035500083,-0.3
-8.283101,-4.9408197,1.7455226,0.0344911,-0.3
-8.283673,-4.937575,1.7438239,0.033482116,-0.3
-8.2842245,-4.934424,1.7421747,0.03297229,-0.3
-8.284761,-4.93132,1.7405508,0.032462463,-0.3
-8.285285,-4.9282637,1.7389519,0.03195264,-0.3
-8.285796,-4.925254,1.7373781,0.03127858,-0.3
-8.286292,-4.922307,1.7358376,0.03060452,-0.3
-8.286772,-4.919423,1.7343302,0.029930463,-0.3
-8.287238,-4.916602,1.732856,0.029471545,-0.3
-8.287692,-4.913823,1.7314044,0.029012628,-0.3
-8.288136,-4.9110875,1.7299755,0.028553711,-0.3
-8.288568,-4.908394,1.728569,0.027951239,-0.3
-8.288987,-4.905757,1.7271924,0.027348766,-0.3
-8.289394,-4.903176,1.7258453,0.026746294,-0.3
-8.289788,-4.9006515,1.724528,0.026290346,-0.3
-8.290174,-4.8981695,1.7232331,0.025834396,-0.3
-8.290548,-4.89573,1.7219607,0.025378447,-0.3
-8.290914,-4.8933334,1.7207108,0.024846936,-0.3
-8.291267,-4.890986,1.719487,0.024315424,-0.3
-8.291612,-4.888689,1.7182893,0.023783913,-0.3
-8.291945,-4.886441,1.7171179,0.023374688,-0.3
-8.292272,-4.884232,1.7159666,0.022965463,-0.3
-8.292588,-4.882061,1.7148354,0.022556238,-0.3
-8.292898,-4.8799286,1.7137245,0.022086928,-0.3
-8.293199,-4.87784,1.7126366,0.021617616,-0.3
-8.29349,-4.875796,1.7115719,0.021148304,-0.3
-8.293774,-4.8737955,1.7105303,0.020781456,-0.3
-8.29405,-4.8718295,1.7095068,0.02041461,-0.3
-8.29432,-4.869898,1.7085012,0.020047761,-0.3
-8.294583,-4.8680005,1.7075138,0.01963325,-0.3
-8.294839,-4.8661423,1.7065468,0.019218741,-0.3
-8.295087,-4.864323,1.7056003,0.01880423,-0.3
-8.295328,-4.862543,1.704674,0.018475482,-0.3
-8.295565,-4.860794,1.7037641,0.018146735,-0.3
-8.2957945,-4.8590755,1.7028702,0.017817987,-0.3
-8.296019,-4.8573885,1.7019926,0.017452104,-0.3
-8.296236,-4.8557353,1.7011331,0.017086219,-0.3
-8.296449,-4.854117,1.7002915,0.016720336,-0.3
-8.296655,-4.852533,1.699468,0.016434524,-0.3
-8.296856,-4.850976,1.6986586,0.01614871,-0.3
-8.297053,-4.849446,1.6978632,0.015862899,-0.3
-8.297245,-4.8479424,1.6970819,0.015538952,-0.3
-8.297432,-4.84647,1.6963165,0.015215006,-0.3
-8.297614,-4.8450274,1.6955671,0.014891059,-0.3
-8.297791,-4.843616,1.6948338,0.014634786,-0.3
-8.297964,-4.842229,1.6941129,0.014378514,-0.3
-8.298133,-4.8408656,1.6934047,0.014122241,-0.3
-8.298298,-4.8395267,1.6927091,0.013835379,-0.3
-8.298459,-4.8382144,1.6920277,0.013548517,-0.3
-8.298615,-4.83693,1.6913604,0.013261654,-0.3
-8.298767,-4.835672,1.6907072,0.01333367,-0.3
-8.29892,-4.8344073,1.6900505,0.013405685,-0.3
-8.299072,-4.8331356,1.6893902,0.013477701,-0.3
-8.299225,-4.831857,1.6887264,0.012741449,-0.3
-8.299368,-4.8306484,1.6880988,0.012005197,-0.3
-8.299502,-4.8295093,1.6875075,0.0112689445,-0.3
-8.299627,-4.82844,1.6869525,0.012698859,-0.3
-8.299768,-4.827235,1.686327,0.0141287735,-0.3
-8.299924,-4.8258944,1.6856312,0.015558688,-0.3
-8.300094,-4.824418,1.6848649,0.012310121,-0.3
-8.300228,-4.8232493,1.6842585,0.009061554,-0.3
-8.300325,-4.822389,1.6838121,0.005812988,-0.3
