6.0848427,-4.2893662,-2.4412653,-0.12762569,0.0
6.0946016,-4.2811413,-2.4412653,-0.1512215,0.06993429
6.1061363,-4.2714195,-2.4430265,-0.17481732,0.13986859
6.1193924,-4.2602863,-2.4470885,-0.19841313,0.2098029
6.1343036,-4.247866,-2.4539757,-0.21908003,0.21297893
6.150851,-4.234276,-2.4616935,-0.23974694,0.21615496
6.16906,-4.219553,-2.4702637,-0.26041386,0.219331
6.188962,-4.2037425,-2.479707,-0.28246823,0.17713569
6.2108955,-4.1866536,-2.4880025,-0.3045226,0.1349404
6.234852,-4.168306,-2.4948306,-0.32657698,0.0927451
6.2608023,-4.1487107,-2.4998715,-0.3511768,0.035720028
6.2889156,-4.1277037,-2.5019617,-0.37577662,-0.021305049
6.319058,-4.1052785,-2.5006275,-0.40037644,-0.07833012
6.3510504,-4.081411,-2.495406,-0.42390078,-0.12835817
6.384616,-4.0560956,-2.4863622,-0.44742513,-0.17838621
6.4195294,-4.029265,-2.4731302,-0.47094944,-0.22841425
6.4555287,-4.0008345,-2.455357,-0.4920329,-0.27699333
6.492143,-3.9708462,-2.4329314,-0.5131163,-0.3
6.529361,-3.9389431,-2.4076588,-0.523,-0.3
6.566461,-3.9054773,-2.3818994,-0.523,-0.3
6.6026874,-3.871067,-2.3561397,-0.523,-0.3
6.6380157,-3.8357353,-2.3303802,-0.523,-0.3
6.672422,-3.7995052,-2.3046207,-0.523,-0.3
6.7058835,-3.7624009,-2.2788613,-0.523,-0.3
6.7383785,-3.724447,-2.2531018,-0.523,-0.3
6.769885,-3.685669,-2.2273421,-0.523,-0.3
6.800382,-3.646092,-2.2015827,-0.523,-0.3
6.82985,-3.605743,-2.1758232,-0.523,-0.3
6.8582687,-3.5646482,-2.1500638,-0.523,-0.3
6.8856196,-3.5228348,-2.124304,-0.523,-0.3
6.911885,-3.4803312,-2.0985446,-0.523,-0.3
6.937046,-3.437165,-2.0727851,-0.523,-0.3
6.961087,-3.3933651,-2.0470257,-0.523,-0.3
6.9839926,-3.3489604,-2.0212662,-0.523,-0.3
7.0057464,-3.3039806,-1.9955066,-0.523,-0.3
7.0263343,-3.2584555,-1.9697471,-0.523,-0.3
7.045743,-3.2124152,-1.9439876,-0.523,-0.3
7.063959,-3.1658902,-1.918228,-0.523,-0.3
7.0809712,-3.1189113,-1.8924686,-0.523,-0.3
7.0967674,-3.07151,-1.8667091,-0.523,-0.3
7.1113377,-3.0237176,-1.8409495,-0.523,-0.3
7.124672,-2.9755657,-1.8151901,-0.523,-0.3
7.1367617,-2.9270864,-1.7894305,-0.523,-0.3
7.1475987,-2.8783116,-1.763671,-0.523,-0.3
7.157176,-2.829274,-1.7379115,-0.523,-0.3
7.165487,-2.780006,-1.712152,-0.523,-0.3
7.1725264,-2.7305403,-1.6863924,-0.523,-0.29858866
7.1782913,-2.680888,-1.6607505,-0.523,-0.2971773
7.1827836,-2.6310825,-1.6352261,-0.523,-0.29576597
7.186005,-2.5811572,-1.6098194,-0.523,-0.290627
7.1879597,-2.5310886,-1.5848416,-0.523,-0.285488
7.1886644,-2.4809105,-1.5602932,-0.523,-0.28034902
7.1881366,-2.4306552,-1.536175,-0.523,-0.2723941
7.1863933,-2.3803136,-1.5127238,-0.523,-0.26443914
7.183463,-2.3299167,-1.4899412,-0.523,-0.2564842
7.179377,-2.2794929,-1.4678288,-0.523,-0.2462382
7.174164,-2.229039,-1.4465812,-0.523,-0.23599222
7.1678634,-2.1785805,-1.426201,-0.523,-0.22574623
7.1605186,-2.1281395,-1.4066901,-0.523,-0.21428223
7.1521697,-2.077722,-1.3881545,-0.523,-0.20281823
7.142865,-2.0273461,-1.3705964,-0.523,-0.19135423
7.1326547,-1.9770263,-1.3540183,-0.523,-0.17939205
7.1215863,-1.92677,-1.3384651,-0.523,-0.16742988
7.1097126,-1.8765869,-1.3239388,-0.523,-0.1554677
7.097087,-1.826484,-1.3104417,-0.523,-0.14288828
7.0837607,-1.7764616,-1.298029,-0.523,-0.13030884
7.069791,-1.7265222,-1.2867025,-0.523,-0.11772941
7.055233,-1.6766661,-1.2764641,-0.523,-0.10802188
7.040149,-1.626907,-1.2670665,-0.523,-0.098314345
7.024583,-1.5772419,-1.2585106,-0.523,-0.08860681
7.008578,-1.5276667,-1.2507972,-0.523,-0.080725096
6.9921794,-1.4781833,-1.2437682,-0.523,-0.07284339
6.975424,-1.4287865,-1.2374244,-0.523,-0.06496167
6.9583454,-1.3794701,-1.2317659,-0.523,-0.05834969
6.9409814,-1.3302311,-1.2266825,-0.523,-0.051737715
6.9233613,-1.2810631,-1.2221748,-0.523,-0.045125734
6.9055133,-1.2319592,-1.2182426,-0.523,-0.03926269
6.8874683,-1.1829139,-1.2148211,-0.523,-0.03339964
6.8692517,-1.1339201,-1.2119104,-0.523,-0.027536595
6.850889,-1.0849707,-1.2095103,-0.523,-0.022185385
6.832407,-1.036059,-1.2075768,-0.523,-0.016834175
6.8138285,-0.98717815,-1.2061094,-0.523,-0.011482966
6.7951765,-0.9383209,-1.2051085,-0.523,-0.006512499
6.7764745,-0.8894801,-1.2045408,-0.523,-0.0015420318
6.757745,-0.84064895,-1.2044064,-0.523,0.0034284354
6.739009,-0.7918206,-1.2047052,-0.523,0.0068504335
6.7202873,-0.74298745,-1.2053024,-0.523,0.010272431
6.701596,-0.69414455,-1.2061977,-0.523,0.01369443
6.6829486,-0.645287,-1.2073914,-0.523,0.015352786
6.6643605,-0.59640837,-1.2087296,-0.523,0.017011141
6.6458383,-0.5475062,-1.2102123,-0.523,0.018669497
6.627389,-0.4985781,-1.2118396,-0.523,0.019019973
6.6090193,-0.44962037,-1.2134974,-0.523,0.019370448
6.590731,-0.40063256,-1.2151858,-0.523,0.019720923
6.5725255,-0.3516143,-1.2169046,-0.523,0.019177843
6.5544043,-0.3025643,-1.2185762,-0.523,0.01863476
6.536365,-0.25348356,-1.2202004,-0.523,0.018091679
6.518405,-0.20437309,-1.2217773,-0.523,0.018263817
6.5005226,-0.15523453,-1.2233692,-0.523,0.018435955
6.4827185,-0.10606771,-1.2249762,-0.523,0.018608093
6.4649935,-0.056872506,-1.2265981,-0.523,0.010359389
6.447346,-0.007642737,-1.227501,-0.523,0.0021106838
6.429743,0.04160548,-1.2276851,-0.523,-0.0061380207
6.4121485,0.09085612,-1.2271501,-0.523,-0.028163273
6.394534,0.14007874,-1.2246954,-0.523,-0.050188523
6.376815,0.18921553,-1.2203225,-0.523,-0.07221378
6.358905,0.2382082,-1.2140334,-0.5225559,-0.10195799
6.3407497,0.2869191,-1.205169,-0.5221118,-0.13170221
6.3222437,0.33525681,-1.1937416,-0.52166766,-0.16144644
6.3032866,0.3831283,-1.1797655,-0.5172704,-0.19143757
6.2839317,0.43007717,-1.163362,-0.5128731,-0.2214287
6.264105,0.47601643,-1.1445888,-0.5084758,-0.25141984
6.2437444,0.52085954,-1.1235057,-0.5018129,-0.27611902
6.222862,0.5643903,-1.1007047,-0.49515,-0.3
6.201435,0.6065626,-1.076317,-0.4884871,-0.3
6.179288,0.64763963,-1.0522573,-0.48018736,-0.3
6.1565523,0.68748325,-1.0286064,-0.47188765,-0.3
6.13329,0.7260989,-1.0053644,-0.46358794,-0.3
6.109561,0.763494,-0.98253113,-0.4529109,-0.3
6.085551,0.7994891,-0.96022373,-0.44223386,-0.3
6.0613284,0.8341039,-0.93844223,-0.4315568,-0.3
6.0369606,0.8673601,-0.9171866,-0.41748464,-0.3
6.0127087,0.89902365,-0.8966241,-0.40341252,-0.3
5.988651,0.92913157,-0.87675464,-0.38934037,-0.3
5.9648585,0.95772225,-0.85757834,-0.3715112,-0.2769241
5.941478,0.9847477,-0.8406499,-0.353682,-0.25384822
5.918644,1.0102552,-0.8258465,-0.33585283,-0.23077233
5.896479,1.0342901,-0.81304324,-0.31239796,-0.16334955
5.875294,1.05668,-0.80457604,-0.28894305,-0.095926784
5.8553505,1.0774037,-0.79996353,-0.26548818,-0.028504014
5.8368607,1.0964402,-0.7987025,-0.23725715,0.0663404
5.820345,1.1134012,-0.80132383,-0.20902611,0.16118482
5.80599,1.1282204,-0.80691487,-0.18079507,0.25602922
5.793892,1.140851,-0.81454563,-0.15237534,0.35403612
5.7840843,1.1512476,-0.8233501,-0.12395562,0.45204303
5.7765045,1.1594257,-0.8323741,-0.09553589,0.55004996
5.7710223,1.1654488,-0.84069735,-0.06747675,0.64844674
5.7674356,1.169456,-0.8474895,-0.039417613,0.7468436
5.765521,1.1716244,-0.8519524,-0.0113584725,0.8452404
5.7650247,1.1721916,-0.85336864,0.017184043,0.9434807
5.765688,1.1714315,-0.8510499,0.04572656,1.0
5.7673163,1.1695737,-0.844637,0.07426907,1.0
5.769981,1.1665733,-0.83422107,0.1014709,1.0
5.773664,1.162512,-0.8199903,0.12867273,1.0
5.7784066,1.1574289,-0.80194455,0.15587457,1.0
5.7842627,1.151376,-0.7800839,0.17855848,1.0
5.7911205,1.1445905,-0.75504196,0.20124239,1.0
5.799039,1.1371388,-0.7268187,0.22392629,1.0
5.80808,1.1290992,-0.69541407,0.23826636,1.0
5.8179646,1.1208512,-0.6619984,0.25260645,1.0
5.82873,1.1124616,-0.62657154,0.26694652,1.0
5.840413,1.1040043,-0.5891336,0.2769211,1.0
5.8528533,1.0956906,-0.5502967,0.2868957,1.0
5.8660655,1.0875845,-0.510061,0.2968703,1.0
5.880064,1.0797534,-0.4684264,0.30447093,1.0
5.8947425,1.0723262,-0.42572582,0.31207156,1.0
5.910099,1.0653628,-0.3819593,0.3196722,1.0
5.926126,1.0589248,-0.33712682,0.32623994,1.0
5.942761,1.0530943,-0.29137322,0.33280766,1.0
5.9599843,1.0479287,-0.24469857,0.3393754,1.0
5.9777746,1.0434865,-0.1971028,0.34380144,1.0
5.9959908,1.0398488,-0.14888632,0.34822744,1.0
6.0145974,1.0370579,-0.1000491,0.35265347,1.0
6.033556,1.0351547,-0.050591156,0.3576956,1.0
6.052858,1.0341774,-0.00042607827,0.36273772,1.0
6.0724564,1.0341691,0.050446134,0.36777985,1.0
6.0923023,1.035171,0.10202548,0.37003058,1.0
6.112191,1.0372072,0.15392047,0.3722813,1.0
6.132068,1.0402911,0.20613113,0.37453204,1.0
6.1518755,1.0444329,0.25865743,0.37513393,1.0
6.17147,1.0496173,0.31126815,0.37573582,1.0
6.1907954,1.0558348,0.36396328,0.3763377,1.0
6.2097974,1.0630732,0.41674283,0.37519827,1.0
6.228334,1.0712789,0.4693626,0.37405884,1.0
6.246359,1.0804205,0.5218225,0.3729194,1.0
6.2638264,1.090464,0.57412267,0.37320977,1.0
6.280758,1.1014153,0.62646353,0.37350017,1.0
6.2971063,1.1132467,0.6788451,0.37379053,1.0
6.3128247,1.1259277,0.73126745,0.37784195,1.0
6.32802,1.139561,0.78425795,0.38189337,1.0
6.342627,1.1541346,0.83781666,0.38594478,1.0
6.3565793,1.1696321,0.8919435,0.39045635,1.0
6.369826,1.1860512,0.94670314,0.3949679,1.0
6.382296,1.2033687,1.0020955,0.3994795,1.0
6.39392,1.2215554,1.0581206,0.40329227,1.0
6.4046082,1.240544,1.1146803,0.40710506,1.0
6.4142966,1.2602912,1.1717749,0.41091782,1.0
6.4229226,1.2807491,1.2294041,0.41249567,0.9732044
6.4306927,1.3026189,1.2862387,0.4140735,0.9464087
6.4374886,1.3258522,1.3422297,0.41565132,0.91961306
6.443197,1.3503908,1.397329,0.4191798,0.8858515
6.447774,1.3765113,1.4514349,0.42270827,0.85208994
6.451088,1.4041449,1.5044607,0.42623675,0.81832844
6.453019,1.4332117,1.5563198,0.43047026,0.78919256
6.453458,1.4635316,1.6072433,0.43470377,0.76005673
6.45231,1.4950179,1.6571591,0.4389373,0.73092085
6.449491,1.5275776,1.705995,0.44211057,0.7023459
6.4449425,1.5610172,1.7535963,0.44528383,0.67377096
6.4386168,1.5952352,1.7999011,0.4484571,0.645196
6.430479,1.6301299,1.8448482,0.45033225,0.6133923
6.4205136,1.6655793,1.8880533,0.45220745,0.5815886
6.4087257,1.7014797,1.9294568,0.4540826,0.54978496
6.3951354,1.7377328,1.9690002,0.45584056,0.52394843
6.379831,1.7741137,2.00701,0.4575985,0.49811193
6.362846,1.8105488,2.0434475,0.45935646,0.4722754
6.344223,1.8469712,2.0782754,0.4613575,0.4415796
6.3239527,1.8834249,2.1111372,0.46335855,0.4108838
6.3021,1.9198521,2.1419828,0.46535957,0.38018802
6.278738,1.9562056,2.170765,0.4680982,0.3569162
6.253974,1.9924054,2.1980228,0.47083682,0.33364436
6.2278643,2.028425,2.2237217,0.47357544,0.31037253
6.2004685,2.0642443,2.2478278,0.47449335,0.28908587
6.171976,2.0996933,2.2703722,0.4754113,0.26779923
6.1424556,2.134771,2.2913387,0.4763292,0.24651259
6.111978,2.1694827,2.3107111,0.47594836,0.22718824
6.080713,2.2037296,2.3285782,0.47556755,0.2078639
6.0487304,2.2375293,2.3449354,0.47518674,0.18853953
6.0160985,2.2709043,2.3597791,0.4735748,0.1679094
5.9829645,2.3038015,2.3729699,0.47196284,0.14727925
5.9494042,2.3362546,2.384513,0.47035092,0.12664911
5.9154906,2.3682997,2.3944147,0.46793813,0.11111715
5.881374,2.3999033,2.4030628,0.4655253,0.09558519
5.8471074,2.4310994,2.4104679,0.4631125,0.08005323
5.8127427,2.461923,2.4166403,0.46124774,0.062346227
5.778284,2.4924488,2.4214299,0.459383,0.04463922
5.7437863,2.522715,2.4248464,0.45751825,0.02693221
5.7093043,2.5527604,2.4269,0.45695513,0.003804344
5.6747913,2.5827081,2.4271896,0.45639205,-0.019323522
5.640318,2.612604,2.42572,0.45582896,-0.04245139
5.6059556,2.6424918,2.4224958,0.45612207,-0.056124706
5.571691,2.6724896,2.4182315,0.4564152,-0.06979802
5.5375624,2.7026265,2.4129262,0.4567083,-0.08347134
5.5036073,2.7329319,2.40658,0.4586346,-0.09615128
5.4697423,2.7635455,2.3992414,0.46056086,-0.10883122
5.436005,2.7944963,2.3909042,0.46248716,-0.12151116
5.4024363,2.8258119,2.381561,0.46521243,-0.13035922
5.3690033,2.8575904,2.3714821,0.46793774,-0.13920727
5.335738,2.889854,2.3606603,0.47066304,-0.14805534
5.302675,2.9226234,2.3490887,0.4738398,-0.1607633
5.269837,2.955931,2.3364472,0.47701654,-0.17347124
5.2372756,2.9898045,2.322725,0.4801933,-0.18617919
5.205043,3.0242703,2.3079107,0.4833218,-0.19846183
5.173194,3.0593536,2.2920284,0.48645028,-0.21074447
5.1417837,3.0950775,2.2750685,0.48957875,-0.22302713
5.1108694,3.1314633,2.2570207,0.49219993,-0.24283567
5.080598,3.1684248,2.2372954,0.49482107,-0.2626442
5.051055,3.2059836,2.2158833,0.49744225,-0.28245276
5.0223308,3.2441566,2.1927762,0.49781498,-0.2968219
4.994594,3.282846,2.168509,0.49818775,-0.3
4.9678106,3.3221881,2.1439717,0.49856052,-0.3
4.941981,3.3622055,2.1194158,0.49633753,-0.3
4.9172525,3.402664,2.0949695,0.49411455,-0.3
4.8936267,3.4435306,2.0706327,0.4918916,-0.3
4.8711042,3.4847739,2.0464053,0.490346,-0.2909262
4.849596,3.5265346,2.0229638,0.4888004,-0.2818524
4.829082,3.5687673,2.000305,0.48725483,-0.27277857
4.8095417,3.6114292,1.9784265,0.48686507,-0.26250073
4.790902,3.6545954,1.9573698,0.48647532,-0.25222287
4.7731414,3.6982274,1.9371359,0.48608553,-0.24194501
4.756237,3.7422886,1.9177256,0.4870235,-0.23718686
4.7401414,3.786807,1.898653,0.48796144,-0.2324287
4.7248507,3.8317618,1.87992,0.4888994,-0.22767055
4.710361,3.8771327,1.8615285,0.49011052,-0.22344418
4.696661,3.9229195,1.843428,0.49132162,-0.2192178
4.683748,3.9691045,1.8256204,0.49253273,-0.21499142
4.6716185,4.0156703,1.8081076,0.49351758,-0.21198522
4.660276,4.062565,1.7908015,0.49450243,-0.20897901
4.6497188,4.109773,1.7737032,0.49548727,-0.2059728
4.639945,4.1572795,1.7568136,0.4966581,-0.20706402
4.6309557,4.205046,1.7397959,0.4978289,-0.20815524
4.622763,4.2530603,1.7226495,0.49899969,-0.20924646
4.6153793,4.30131,1.7053738,0.49977356,-0.21295553
4.608825,4.349717,1.6877693,0.50054747,-0.21666463
4.6031203,4.3982673,1.6698352,0.5013213,-0.2203737
4.5982833,4.4469476,1.6515709,0.50204,-0.22429925
4.5943336,4.495734,1.6329601,0.5027587,-0.22822478
4.5912914,4.544612,1.614002,0.5034774,-0.23215032
4.589175,4.593563,1.594696,0.5036325,-0.23913097
4.588006,4.6424794,1.5748144,0.5037875,-0.24611163
4.5878096,4.6913395,1.5543578,0.5039426,-0.2530923
4.5886116,4.740122,1.5333266,0.5036525,-0.25734094
4.590436,4.7887945,1.5119625,0.5033625,-0.2615896
4.593295,4.837334,1.4902662,0.5030724,-0.26583824
4.5972,4.885717,1.4682386,0.5029117,-0.27003646
4.602162,4.933931,1.4458785,0.502751,-0.27423468
4.608192,4.9819503,1.4231869,0.5025903,-0.2784329
4.615299,5.029748,1.4001641,0.5020698,-0.28332508
4.6234846,5.0772533,1.3767718,0.5015492,-0.28821728
4.632756,5.1244373,1.3530115,0.50102866,-0.29310945
4.64312,5.1712704,1.3288845,0.5016868,-0.29936093
4.654604,5.2178116,1.3042257,0.502345,-0.3
4.667246,5.2641077,1.2794836,0.50300324,-0.3
4.6810474,5.310137,1.2547089,0.50600773,-0.3
4.696074,5.3560824,1.2297864,0.5090123,-0.3
4.712337,5.4019103,1.2047157,0.5120168,-0.3
4.7298465,5.4475837,1.1794972,0.5169742,-0.3
4.748683,5.4932394,1.1540345,0.52193165,-0.3
4.768867,5.538833,1.1283276,0.523,-0.3
4.7902603,5.583986,1.1025681,0.523,-0.3
4.8128095,5.628572,1.0768086,0.523,-0.3
4.836499,5.672563,1.0510491,0.523,-0.3
4.8613143,5.715929,1.0252895,0.523,-0.3
4.8872385,5.7586417,0.9995301,0.523,-0.3
4.9142537,5.8006725,0.97377056,0.523,-0.3
4.942343,5.8419933,0.94801104,0.523,-0.3
4.971487,5.882577,0.9222515,0.523,-0.3
5.0016665,5.9223967,0.896492,0.523,-0.3
5.032862,5.9614253,0.8707325,0.523,-0.3
5.065052,5.999638,0.84497297,0.523,-0.3
5.098216,6.037009,0.8192135,0.523,-0.3
5.1323314,6.073513,0.793454,0.523,-0.3
5.1673756,6.1091266,0.7676945,0.523,-0.3
5.2033253,6.1438255,0.74193496,0.523,-0.3
5.240157,6.177587,0.71617544,0.523,-0.3
5.277846,6.2103887,0.6904159,0.523,-0.3
5.316367,6.2422085,0.6646564,0.523,-0.3
5.3556957,6.273026,0.6388969,0.523,-0.3
5.3958044,6.30282,0.61313736,0.523,-0.3
5.4366674,6.331571,0.5873779,0.523,-0.3
5.478257,6.3592606,0.5616184,0.523,-0.3
5.520547,6.385869,0.53585887,0.523,-0.3
5.5635076,6.41138,0.51009935,0.523,-0.3
5.607111,6.4357753,0.48433983,0.523,-0.3
5.651328,6.4590397,0.45858032,0.523,-0.3
5.6961303,6.481158,0.4328208,0.523,-0.3
5.7414865,6.5021143,0.4070613,0.49972323,-0.3
5.785326,6.521015,0.38244826,0.47644648,-0.3
5.8275547,6.538002,0.35898164,0.4531697,-0.3
5.868088,6.5532117,0.33666152,0.42929372,-0.2943146
5.9068646,6.566783,0.31590632,0.4054177,-0.2886292
5.9438066,6.5788574,0.29667342,0.38154173,-0.2829438
5.978843,6.589568,0.27892005,0.35600525,-0.25057548
6.0119987,6.5990634,0.26420745,0.33046877,-0.2182072
6.0431423,6.6074886,0.25228414,0.3049323,-0.1858389
6.072162,6.6149693,0.2428937,0.28018478,-0.1482893
6.0990596,6.621634,0.23599432,0.25543725,-0.110739686
6.123743,6.6275697,0.23128945,0.23068975,-0.07319008
6.1461377,6.632844,0.22847793,0.20783556,-0.051013816
6.1663547,6.637545,0.2267116,0.18498135,-0.02883755
6.184372,6.641701,0.22582266,0.16212715,-0.006661284
6.200173,6.6453314,0.22564267,0.13810402,-0.012254244
6.213632,6.648421,0.22536062,0.11408089,-0.017847205
6.22475,6.65097,0.22502129,0.09005775,-0.023440164
6.233526,6.652979,0.2246695,0.09079982,-0.004169315
6.242378,6.6550016,0.2246064,0.09154189,0.015101534
6.2513013,6.65704,0.2248368,0.09228396,0.034372382
6.260292,6.6590962,0.22536536,0.08849624,0.06728154
6.2688985,6.6610694,0.22635697,0.08470852,0.10019069
6.277112,6.662961,0.2277691,0.0809208,0.13309985
6.284925,6.664772,0.2295589,0.07860252,0.16568159
6.2924743,6.6665363,0.2317195,0.07628425,0.19826332
6.2997537,6.668254,0.23422374,0.07396598,0.23084505
6.3067575,6.6699247,0.2370443,0.073613785,0.24837083
6.313693,6.6716003,0.24006033,0.07326159,0.2658966
6.320559,6.673281,0.24326888,0.07290939,0.28342235
6.327353,6.6749673,0.24666697,0.07160228,0.30147037
6.3339834,6.6766367,0.25021037,0.070295155,0.31951836
6.3404493,6.6782894,0.25389045,0.06898804,0.33756635
6.3467503,6.6799245,0.25769848,0.07058918,0.355653
6.353149,6.6816106,0.26179504,0.072190315,0.37373963
6.3596406,6.68335,0.26618782,0.07379145,0.39182627
6.3662205,6.685144,0.27088436,0.0774005,0.40490347
6.373075,6.687048,0.27596608,0.08100954,0.41798067
6.3801985,6.689065,0.2814466,0.084618576,0.43105787
6.3875837,6.6912003,0.28733933,0.0832636,0.43177754
6.394836,6.6933436,0.29314676,0.08190861,0.43249723
6.4019556,6.6954923,0.29886863,0.08055363,0.4332169
