-2.9452362,-0.5524328,-1.2383451,-0.2243566,0.0
-2.9525585,-0.53122556,-1.2383451,-0.19886293,-0.037871968
-2.959044,-0.5124416,-1.2370902,-0.17336926,-0.075743936
-2.9647062,-0.49610803,-1.2349037,-0.14787559,-0.11361591
-2.969549,-0.48223686,-1.2321095,-0.1228063,-0.108915605
-2.9736052,-0.47072253,-1.2298846,-0.097737014,-0.1042153
-2.976855,-0.46156126,-1.2281901,-0.07266772,-0.099515
-2.9792843,-0.4547507,-1.2269869,-0.047656264,-0.10175806
-2.9808824,-0.45028716,-1.22618,-0.022644809,-0.10400113
-2.9816432,-0.44816732,-1.2257882,0.0023666476,-0.10624419
-2.9815636,-0.44838881,-1.2258301,0.027573382,-0.118352436
-2.9806378,-0.45096555,-1.2263727,0.052780118,-0.13046068
-2.9788706,-0.45589137,-1.227517,0.07798685,-0.14256892
-2.9762726,-0.46316054,-1.2293638,0.10332659,-0.18386145
-2.972871,-0.47273263,-1.2325124,0.12866633,-0.22515397
-2.9687088,-0.4845637,-1.2372999,0.15400606,-0.2664465
-2.9638453,-0.4986023,-1.2440584,0.17922392,-0.2921135
-2.9583366,-0.5148574,-1.2526604,0.2044418,-0.3
-2.9522274,-0.5334084,-1.2627299,0.22965966,-0.3
-2.9455748,-0.55431575,-1.2740414,0.25456682,-0.3
-2.9384632,-0.57757246,-1.2865796,0.27947396,-0.3
-2.9309766,-0.6032005,-1.3003447,0.3043811,-0.3
-2.9232078,-0.6312221,-1.3153365,0.32706115,-0.3
-2.9153125,-0.6614535,-1.3314453,0.34974116,-0.3
-2.9073913,-0.693913,-1.3486713,0.3724212,-0.3
-2.8995533,-0.72861767,-1.3670143,0.39001623,-0.3
-2.8920128,-0.7651063,-1.3862239,0.40761122,-0.3
-2.8848662,-0.8033855,-1.4063001,0.42520624,-0.3
-2.8782144,-0.84345865,-1.427243,0.43856084,-0.3
-2.8722203,-0.884925,-1.4488436,0.45191544,-0.3
-2.8669684,-0.9277775,-1.4711019,0.46527004,-0.3
-2.8625443,-0.9720057,-1.494018,0.4754286,-0.3
-2.8590605,-1.0172914,-1.5174345,0.48558715,-0.3
-2.8565862,-1.0636152,-1.5413513,0.49574572,-0.3
-2.855192,-1.1109551,-1.5657685,0.50431824,-0.3
-2.8549497,-1.1591339,-1.5906078,0.5128907,-0.3
-2.8559203,-1.2081226,-1.6158694,0.5214632,-0.3
-2.858165,-1.2578893,-1.6415532,0.523,-0.3
-2.8616974,-1.3077283,-1.6673127,0.523,-0.3
-2.8665123,-1.3574599,-1.6930722,0.523,-0.3
-2.8726065,-1.407051,-1.7188318,0.523,-0.3
-2.879976,-1.4564686,-1.7445912,0.523,-0.3
-2.8886158,-1.50568,-1.7703508,0.523,-0.3
-2.8985202,-1.5546526,-1.7961103,0.523,-0.3
-2.909683,-1.6033537,-1.8218697,0.523,-0.3
-2.9220963,-1.6517513,-1.8476293,0.523,-0.3
-2.935752,-1.699813,-1.8733888,0.523,-0.3
-2.950641,-1.7475071,-1.8991483,0.523,-0.3
-2.9667535,-1.794802,-1.9249078,0.523,-0.3
-2.984079,-1.841666,-1.9506674,0.523,-0.3
-3.0026057,-1.8880683,-1.9764268,0.523,-0.3
-3.0223215,-1.933978,-2.0021863,0.523,-0.3
-3.0432131,-1.9793646,-2.0279458,0.523,-0.3
-3.0652668,-2.024198,-2.0537055,0.523,-0.3
-3.088468,-2.0684488,-2.079465,0.523,-0.3
-3.1128013,-2.112087,-2.1052244,0.523,-0.3
-3.1382506,-2.1550841,-2.1309838,0.523,-0.3
-3.1647987,-2.1974115,-2.1567435,0.523,-0.3
-3.1924284,-2.239041,-2.182503,0.523,-0.3
-3.2211208,-2.2799451,-2.2082624,0.523,-0.3
-3.2508576,-2.3200965,-2.234022,0.523,-0.3
-3.2816186,-2.3594687,-2.2597814,0.523,-0.3
-3.3133836,-2.3980358,-2.285541,0.523,-0.3
-3.3461313,-2.4357717,-2.3113005,0.523,-0.3
-3.37984,-2.4726515,-2.33706,0.523,-0.2819515
-3.4146752,-2.508846,-2.3613124,0.523,-0.26390296
-3.450559,-2.5443642,-2.38405,0.523,-0.24585447
-3.4874136,-2.579221,-2.405265,0.523,-0.21782562
-3.525249,-2.6135142,-2.4241023,0.523,-0.18979679
-3.5639474,-2.6472838,-2.4405472,0.523,-0.16176796
-3.6033914,-2.6805778,-2.4545865,0.523,-0.14192481
-3.6434207,-2.7134142,-2.466916,0.523,-0.12208166
-3.6839583,-2.7458398,-2.4775312,0.523,-0.10223851
-3.724929,-2.7779052,-2.4864273,0.523,-0.08875191
-3.766237,-2.8096457,-2.4941535,0.523,-0.07526531
-3.807835,-2.841101,-2.5007079,0.523,-0.061778713
-3.849677,-2.8723116,-2.5060894,0.523,-0.047020566
-3.89172,-2.9033217,-2.5101867,0.523,-0.032262422
-3.9339147,-2.9341772,-2.5129983,0.523,-0.017504275
-3.9762113,-2.9649253,-2.514524,0.523,-0.0038009882
-4.018561,-2.9956133,-2.5148554,0.523,0.009902298
-4.060919,-3.0262861,-2.5139923,0.523,0.023605585
-4.103241,-3.0569882,-2.5119348,0.523,0.043777227
-4.1454706,-3.0877566,-2.50812,0.523,0.06394887
-4.187537,-3.118652,-2.5025496,0.523,0.08412051
-4.229368,-3.149735,-2.495226,0.523,0.09544277
-4.270928,-3.1810915,-2.4869192,0.523,0.10676503
-4.3121786,-3.2127557,-2.4776304,0.523,0.11808729
-4.353081,-3.2447608,-2.467361,0.523,0.13775134
-4.39355,-3.277102,-2.4553916,0.523,0.15741539
-4.433512,-3.3098297,-2.441727,0.523,0.17707944
-4.4728923,-3.3429902,-2.426372,0.523,0.18511058
-4.5117016,-3.3767018,-2.4103284,0.523,0.19314173
-4.5499063,-3.4109788,-2.3935974,0.523,0.20117286
-4.587472,-3.4458344,-2.37618,0.523,0.21585909
-4.62431,-3.4812288,-2.3575099,0.523,0.23054531
-4.6603603,-3.5171845,-2.3375916,0.523,0.24523154
-4.6955624,-3.553721,-2.3164291,0.523,0.25109693
-4.729932,-3.5909386,-2.2947712,0.523,0.2569623
-4.7634363,-3.6288342,-2.2726183,0.523,0.2628277
-4.796042,-3.6674025,-2.2499714,0.523,0.26866192
-4.827716,-3.706637,-2.2268338,0.523,0.27449617
-4.8584237,-3.7465286,-2.203206,0.523,0.2803304
-4.8881307,-3.7870672,-2.1790895,0.523,0.2785476
-4.916867,-3.8283317,-2.1551223,0.523,0.2767648
-4.944619,-3.8702943,-2.1313043,0.523,0.27498204
-4.9713783,-3.9129274,-2.107636,0.523,0.27483135
-4.997122,-3.9561834,-2.0839803,0.523,0.27468064
-5.0218363,-4.0000386,-2.0603373,0.523,0.27452996
-5.045508,-4.0444674,-2.036707,0.523,0.27160984
-5.0681415,-4.08948,-2.0133216,0.523,0.26868972
-5.089734,-4.135046,-1.9901816,0.523,0.2657696
-5.110283,-4.1811366,-1.9672871,0.523,0.2572162
-5.1298156,-4.2277923,-1.9451128,0.523,0.24866275
-5.1483502,-4.274974,-1.9236604,0.523,0.24010932
-5.165906,-4.3226433,-1.9029313,0.523,0.2428516
-5.182459,-4.3706346,-1.8819703,0.523,0.24559386
-5.1979914,-4.4189286,-1.8607773,0.523,0.24833614
-5.2124867,-4.467508,-1.8393524,0.523,0.2425118
-5.225958,-4.5164576,-1.81842,0.523,0.23668745
-5.2384195,-4.5657487,-1.7979809,0.523,0.23086311
-5.2498865,-4.6153526,-1.7780356,0.523,0.23724875
-5.2603464,-4.6651,-1.7575489,0.523,0.24363439
-5.26977,-4.714973,-1.7365216,0.523,0.25002003
-5.2781296,-4.7649527,-1.7149545,0.523,0.24120182
-5.2854257,-4.815212,-1.694133,0.523,0.23238361
-5.2916865,-4.8657193,-1.6740587,0.523,0.22356541
-5.2969437,-4.916446,-1.6547332,0.523,0.23145476
-5.3012114,-4.967172,-1.6347377,0.523,0.23934409
-5.304458,-5.0178776,-1.6140735,0.523,0.24723344
-5.306652,-5.0685396,-1.5927418,0.523,0.23474981
-5.307768,-5.119393,-1.572467,0.523,0.22226617
-5.307853,-5.1704063,-1.5532519,0.523,0.20978254
-5.306956,-5.221552,-1.5350996,0.523,0.21489742
-5.3051324,-5.2726164,-1.5165116,0.523,0.22001229
-5.302363,-5.3235803,-1.4974881,0.523,0.22512718
-5.2986293,-5.3744235,-1.47803,0.523,0.20531864
-5.293886,-5.425405,-1.4602585,0.523,0.18551013
-5.2882156,-5.476494,-1.4441807,0.523,0.1657016
-5.281702,-5.5276647,-1.4298031,0.523,0.1738782
-5.274463,-5.578665,-1.414723,0.523,0.18205477
-5.266468,-5.6294756,-1.3989414,0.523,0.19023137
-5.2576857,-5.6800756,-1.3824594,0.523,0.16717918
-5.24803,-5.7307343,-1.3679547,0.523,0.144127
-5.237603,-5.781431,-1.3554351,0.523,0.12107481
-5.2265086,-5.8321486,-1.3449072,0.523,0.12540072
-5.2148867,-5.88272,-1.334005,0.523,0.12972663
-5.202721,-5.933133,-1.3227289,0.523,0.13405254
-5.1899953,-5.9833775,-1.3110789,0.523,0.11418353
-5.1766515,-6.033594,-1.3011476,0.523,0.094314516
-5.1627812,-6.0837803,-1.2929387,0.523,0.0744455
-5.148475,-6.133935,-1.2864555,0.523,0.07671817
-5.1338468,-6.1839876,-1.2797748,0.523,0.07899083
-5.118887,-6.233932,-1.2728965,0.523,0.0812635
-5.103587,-6.2837634,-1.2658209,0.523,0.06878583
-5.08792,-6.3335323,-1.2598298,0.523,0.05630816
-5.071943,-6.383245,-1.2549242,0.523,0.043830495
-5.0557117,-6.4329095,-1.2511048,0.523,0.049540132
-5.039295,-6.4824986,-1.2467884,0.523,0.05524977
-5.02267,-6.532002,-1.241975,0.523,0.060959406
-5.005812,-6.581408,-1.2366645,0.523,0.049193453
-4.9886813,-6.6307554,-1.2323782,0.523,0.037427504
-4.97133,-6.6800547,-1.2291166,0.523,0.025661552
-4.9538116,-6.7293153,-1.22688,0.523,0.026609635
-4.9361835,-6.778535,-1.2245609,0.523,0.02755772
-4.918442,-6.8277125,-1.222159,0.523,0.028505802
-4.9005823,-6.8768463,-1.2196746,0.523,0.02160294
-4.882598,-6.925944,-1.2177917,0.523,0.014700079
-4.8645186,-6.9750137,-1.2165103,0.523,0.0077972175
-4.8463755,-7.024064,-1.2158307,0.523,0.010365439
-4.828199,-7.073101,-1.2149272,0.523,0.012933659
-4.809979,-7.12212,-1.2137998,0.523,0.015501881
-4.7917047,-7.171117,-1.2124486,0.523,0.008534742
-4.773362,-7.220093,-1.2117047,0.523,0.0015676022
-4.7549825,-7.269057,-1.2115681,0.523,-0.0053995373
-4.7365966,-7.3180175,-1.2120388,0.52271175,0.0011685729
-4.7182436,-7.366961,-1.211937,0.5224235,0.007736683
-4.6998963,-7.415874,-1.2112633,0.5221353,0.0143047925
-4.6815276,-7.4647436,-1.2100185,0.50517726,0.016559577
-4.6636972,-7.512003,-1.2086244,0.48821917,0.01881436
-4.6464024,-7.5576496,-1.2070935,0.4712611,0.021069145
-4.6296415,-7.601683,-1.2054387,0.45497882,-0.0033559264
-4.613386,-7.644178,-1.2056932,0.43869653,-0.027780998
-4.5977287,-7.68514,-1.2077242,0.42241424,-0.05220607
-4.582747,-7.724574,-1.211398,0.41422778,-0.0891838
-4.5682364,-7.763196,-1.2175469,0.4060413,-0.12616153
-4.554301,-7.80099,-1.226062,0.39785483,-0.16313927
-4.541034,-7.837938,-1.2368318,0.38910097,-0.20439902
-4.5285454,-7.873933,-1.249995,0.3803471,-0.24565877
-4.516912,-7.9089437,-1.2654114,0.37159324,-0.28691852
-4.506196,-7.942935,-1.2829381,0.3597419,-0.19895425
-4.496185,-7.9767485,-1.2947882,0.34789056,-0.11098998
-4.4867625,-8.010015,-1.3012104,0.33603922,-0.02302571
-4.477815,-8.042397,-1.3024999,0.32723963,0.018204708
-4.4691415,-8.073944,-1.3015071,0.31844008,0.05943512
-4.460685,-8.104587,-1.2983545,0.3096405,0.10066554
-4.452395,-8.134257,-1.2931683,0.30372316,0.11725604
-4.4441276,-8.163266,-1.2872463,0.29780585,0.13384654
-4.4358706,-8.191602,-1.2806227,0.2918885,0.15043704
