-4.7154374,7.5361133,1.4364642,0.67466193,0.0
-4.706402,7.602972,1.4364642,0.523,0.09997445
-4.6994324,7.654542,1.4451641,0.523,0.1999489
-4.69301,7.7053957,1.4624771,0.523,0.29992336
-4.687608,7.7550683,1.4882302,0.5153877,0.39988545
-4.683693,7.802379,1.5216714,0.5077754,0.49984753
-4.6815042,7.846891,1.5622334,0.50016314,0.59980965
-4.681151,7.888175,1.6092893,0.5099962,0.6997378
-4.6826525,7.927161,1.6640303,0.5198293,0.7996659
-4.686025,7.963233,1.7261605,0.523,0.89959407
-4.6910586,7.995368,1.7944186,0.523,0.9994672
-4.69733,8.022945,1.8677417,0.523,1.0
-4.7055984,8.049967,1.9410899,0.523,1.0
-4.7158246,8.076309,2.0144382,0.523,1.0
-4.727954,8.101831,2.0877864,0.523,1.0
-4.7419205,8.126396,2.1611345,0.523,1.0
-4.7576504,8.149871,2.2344828,0.523,1.0
-4.775058,8.172131,2.307831,0.523,1.0
-4.7940497,8.193054,2.3811793,0.523,1.0
-4.8145237,8.21253,2.4545274,0.523,1.0
-4.8363705,8.2304535,2.5278757,0.523,1.0
-4.8594713,8.246728,2.601224,0.523,1.0
-4.8837028,8.261265,2.674572,0.523,1.0
-4.9089346,8.273988,2.7479203,0.523,1.0
-4.935031,8.284826,2.8212686,0.523,1.0
-4.9618516,8.293724,2.8946168,0.523,1.0
-4.9892516,8.300632,2.967965,0.523,1.0
-5.0170846,8.305514,3.0413132,0.523,1.0
-5.045201,8.308343,3.1146615,0.523,1.0
-5.073448,8.309104,-3.0951757,0.523,1.0
-5.1016755,8.307793,-3.0218275,0.523,1.0
-5.129731,8.304417,-2.9484792,0.523,0.9
-5.161637,8.298178,-2.8801992,0.523,0.8
-5.196837,8.288761,-2.8176696,0.523,0.70000005
-5.234758,8.276029,-2.7615154,0.523,0.60000014
-5.2748423,8.2600155,-2.7122974,0.523,0.50000024
-5.316575,8.2409115,-2.6705074,0.523,0.4000003
-5.3594995,8.2190485,-2.636563,0.523,0.30000174
-5.4032264,8.194874,-2.6108034,0.523,0.2000032
-5.447431,8.168927,-2.5934858,0.523,0.10000465
-5.4918466,8.141811,-2.5847833,0.523,2.2387505e-05
-5.536247,8.114171,-2.5847814,0.523,-0.09995987
-5.580425,8.08667,-2.5934799,0.523,-0.19994214
-5.624174,8.05996,-2.6107924,0.523,-0.2997669
-5.6672664,8.034665,-2.6365325,0.523,-0.3
-5.7109923,8.010489,-2.662292,0.523,-0.3
-5.7553263,7.9874487,-2.6880515,0.523,-0.3
-5.800239,7.9655566,-2.713811,0.523,-0.3
-5.8457007,7.944829,-2.7395706,0.523,-0.3
-5.891681,7.925279,-2.76533,0.523,-0.3
-5.93815,7.90692,-2.7910895,0.523,-0.3
-5.9850764,7.8897634,-2.816849,0.523,-0.3
-6.0324287,7.8738217,-2.8426085,0.523,-0.3
-6.0801764,7.8591046,-2.8683681,0.523,-0.3
-6.1282873,7.8456225,-2.8941276,0.523,-0.3
-6.176729,7.833384,-2.919887,0.523,-0.3
-6.2254705,7.822397,-2.9456465,0.523,-0.3
-6.2744784,7.8126698,-2.9714062,0.523,-0.3
-6.3237205,7.8042073,-2.9971657,0.523,-0.3
-6.3731647,7.797016,-3.0229251,0.523,-0.3
-6.422777,7.791101,-3.0486846,0.523,-0.3
-6.4725256,7.7864656,-3.074444,0.523,-0.3
-6.5223775,7.783113,-3.1002038,0.523,-0.3
-6.5722985,7.781046,-3.1259632,0.523,-0.3
-6.6222568,7.780265,3.1314626,0.523,-0.29674053
-6.6722684,7.7807717,3.1059747,0.523,-0.29348105
-6.7223005,7.782554,3.0807586,0.523,-0.29022157
-6.7723203,7.785601,3.0558145,0.5172443,-0.19049463
-6.8229227,7.7899523,3.0394917,0.5114885,-0.09076768
-6.8735957,7.795144,3.0317645,0.5057328,0.008959258
-6.923862,7.800687,3.0325196,0.51288956,0.10869928
-6.9745455,7.806237,3.041793,0.52004635,0.20843929
-7.0251713,7.8113065,3.0597289,0.523,0.30817932
-7.07484,7.8153815,3.0861688,0.523,0.4074047
-7.122786,7.818042,3.1207066,0.523,0.50663006
-7.168506,7.818997,-3.1201825,0.523,0.60585546
-7.211488,7.8180766,-3.0705442,0.523,0.50605655
-7.2571173,7.814829,-3.0282917,0.523,0.4062577
-7.3048525,7.809397,-2.9938457,0.523,0.3064588
-7.354172,7.802057,-2.9675488,0.523,0.21049544
-7.4045453,7.7932005,-2.9493358,0.523,0.11453209
-7.4555454,7.7832727,-2.9393742,0.523,0.018568736
-7.5067706,7.7727704,-2.9377558,0.523,-0.03313746
-7.55796,7.762189,-2.9406438,0.523,-0.08484365
-7.609023,7.7517877,-2.9480305,0.523,-0.13654985
-7.6598687,7.7418213,-2.959896,0.523,-0.075163476
-7.7111626,7.732397,-2.9664416,0.523,-0.013777107
-7.7626576,7.7232842,-2.9676425,0.523,0.047609262
-7.81411,7.714243,-2.963494,0.523,0.056892354
-7.8654995,7.7049923,-2.9585378,0.523,0.066175446
-7.916813,7.6954927,-2.9527736,0.523,0.075458534
-7.968037,7.685704,-2.9462023,0.523,0.09413654
-8.0191145,7.6755953,-2.938009,0.523,0.11281455
-8.070009,7.665088,-2.9281962,0.523,0.13149256
-8.120682,7.654108,-2.9167674,0.523,0.13426666
-8.171206,7.6425533,-2.905099,0.523,0.13704075
-8.221574,7.6304145,-2.8931909,0.523,0.13981485
-8.271774,7.6176815,-2.8810434,0.523,0.15462966
-8.321706,7.6043696,-2.8676183,0.523,0.16944449
-8.371334,7.5904217,-2.852919,0.523,0.1842593
-8.420622,7.575785,-2.8369486,0.523,0.1847367
-8.469665,7.5603642,-2.8209372,0.523,0.1852141
-8.51845,7.544162,-2.8048847,0.523,0.18569149
-8.566964,7.52718,-2.7887914,0.523,0.19871527
-8.615077,7.5094647,-2.771584,0.523,0.21173903
-8.662749,7.490974,-2.753265,0.523,0.2247628
-8.709937,7.471669,-2.7338376,0.523,0.22292638
-8.756762,7.4514427,-2.7145665,0.523,0.22108996
-8.803206,7.4303093,-2.6954515,0.523,0.21925354
-8.849257,7.4082828,-2.6764927,0.523,0.22759727
-8.894796,7.3854303,-2.6568246,0.523,0.235941
-8.939789,7.361734,-2.6364486,0.523,0.2442847
-8.984198,7.3371754,-2.6153662,0.523,0.2647627
-9.027846,7.311822,-2.5925565,0.523,0.28524068
-9.070657,7.285631,-2.5680287,0.523,0.30571866
-9.112551,7.2585673,-2.5417936,0.523,0.31303403
-9.153624,7.23048,-2.5149508,0.523,0.3203494
-9.193831,7.2013702,-2.487502,0.523,0.32766476
-9.233129,7.1712418,-2.459449,0.523,0.33563438
-9.27146,7.1401086,-2.4307392,0.523,0.343604
-9.308776,7.107979,-2.401374,0.523,0.35157365
-9.345028,7.0748625,-2.3713562,0.523,0.35101226
-9.380278,7.0406666,-2.341384,0.523,0.35045087
-9.414494,7.005422,-2.3114579,0.523,0.3498895
-9.447646,6.969162,-2.2815776,0.523,0.3479676
-9.479723,6.931902,-2.251855,0.523,0.34604573
-9.510699,6.893678,-2.2222896,0.523,0.34412384
-9.540554,6.8545284,-2.192882,0.523,0.33662271
-9.56932,6.8144116,-2.1640909,0.523,0.32912162
-9.596992,6.773377,-2.1359174,0.523,0.3216205
-9.623563,6.731473,-2.1083636,0.523,0.32179126
-9.648969,6.6888556,-2.0807958,0.523,0.32196203
-9.673188,6.6455564,-2.0532138,0.523,0.3221328
-9.696203,6.6016083,-2.0256176,0.523,0.31754392
-9.71803,6.556974,-1.9984013,0.523,0.31295502
-9.738665,6.5116944,-1.9715651,0.523,0.30836615
-9.758106,6.4658103,-1.9451098,0.523,0.30580205
-9.776341,6.41939,-1.9188676,0.523,0.30323792
-9.793366,6.3724694,-1.8928386,0.523,0.3006738
-9.809177,6.3250837,-1.867023,0.523,0.29678097
-9.823776,6.2772484,-1.8415316,0.523,0.29288813
-9.837168,6.2289996,-1.816365,0.523,0.2889953
-9.849356,6.1803727,-1.7915235,0.523,0.2896288
-9.860329,6.131467,-1.766629,0.523,0.2902623
-9.87008,6.0823126,-1.7416816,0.523,0.29089582
-9.8786,6.0329394,-1.7166812,0.523,0.28694597
-9.885892,5.9833107,-1.692011,0.523,0.28299612
-9.891965,5.9334598,-1.6676711,0.523,0.27904627
-9.896828,5.8834186,-1.643662,0.523,0.27662376
-9.90049,5.83324,-1.6198559,0.523,0.27420124
-9.902959,5.7829547,-1.5962532,0.523,0.27177873
-9.904242,5.7325907,-1.5728536,0.523,0.25887355
-9.9043455,5.6820335,-1.5505396,0.523,0.24596834
-9.903318,5.631318,-1.529315,0.523,0.23306313
-9.901208,5.580476,-1.509183,0.523,0.22678708
-9.89807,5.5296116,-1.4895838,0.523,0.22051102
-9.89393,5.4787464,-1.470518,0.523,0.21423498
-9.888814,5.4278984,-1.4519863,0.523,0.20991799
-9.8827505,5.377107,-1.4338226,0.523,0.205601
-9.87576,5.3263884,-1.4160271,0.523,0.20128404
-9.867861,5.275757,-1.3986,0.523,0.19667396
-9.859072,5.2252235,-1.3815669,0.523,0.19206387
-9.849415,5.174802,-1.3649281,0.523,0.18745379
-9.838911,5.1245027,-1.3486838,0.523,0.18954931
-9.827597,5.0744014,-1.3322603,0.523,0.19164483
-9.815465,5.024513,-1.3156573,0.523,0.19374035
-9.802513,4.9748526,-1.298875,0.523,0.19498125
-9.788732,4.925429,-1.2819866,0.523,0.19622213
-9.774122,4.876257,-1.2649921,0.523,0.197463
-9.758683,4.8273525,-1.2478917,0.523,0.20007253
-9.742418,4.7787447,-1.230568,0.523,0.20268205
-9.725323,4.730452,-1.2130216,0.523,0.20529155
-9.707392,4.6824923,-1.1952525,0.523,0.20809855
-9.688623,4.6348867,-1.177244,0.523,0.21090552
-9.669012,4.5876555,-1.158996,0.523,0.21371251
-9.648555,4.5408177,-1.1405088,0.523,0.21540955
-9.627243,4.494384,-1.1218772,0.523,0.21710657
-9.605078,4.448372,-1.103101,0.523,0.2188036
-9.582062,4.4028015,-1.0841805,0.523,0.21781117
-9.558183,4.3576646,-1.0653443,0.523,0.21681874
-9.533451,4.312976,-1.0465927,0.523,0.2158263
-9.507881,4.268749,-1.0279256,0.523,0.2103936
-9.481459,4.224956,-1.0097213,0.523,0.20496088
-9.454213,4.181601,-0.9919803,0.523,0.19952817
-9.42617,4.138689,-0.9747033,0.52204436,0.19387878
-9.397411,4.0962973,-0.9579399,0.5210887,0.1882294
-9.367968,4.054425,-0.9416889,0.5201331,0.18258001
-9.337871,4.013068,-0.92594904,0.518005,0.17601591
-9.307216,3.972309,-0.9108312,0.51587695,0.1694518
-9.276041,3.932138,-0.8963314,0.51374894,0.1628877
-9.244383,3.892543,-0.8824458,0.51162064,0.15587273
-9.2122755,3.8535101,-0.8692083,0.50949234,0.14885774
-9.179755,3.8150244,-0.8566146,0.50736403,0.14184275
-9.146856,3.7770715,-0.84466046,0.5051261,0.13549316
-9.113624,3.7396472,-0.83328843,0.50288826,0.12914355
-9.08009,3.702736,-0.8224944,0.5006504,0.12279394
-9.046282,3.6663222,-0.812274,0.49834293,0.11510322
-9.01223,3.6303892,-0.8027349,0.49603543,0.1074125
-8.977967,3.594917,-0.79387194,0.49372795,0.099721774
-8.943524,3.5598855,-0.78567964,0.49198303,0.091144726
-8.90889,3.5252318,-0.77821636,0.4902381,0.08256767
-8.874096,3.490934,-0.7714777,0.48849317,0.07399061
-8.839172,3.4569695,-0.76545924,0.48689887,0.065836504
-8.80414,3.423307,-0.76012045,0.4853046,0.057682402
-8.769026,3.3899245,-0.75545746,0.4837103,0.049528293
-8.733857,3.356801,-0.7514662,0.4834817,0.04612726
-8.698566,3.3238285,-0.7477506,0.48325312,0.042726226
-8.663166,3.2909975,-0.7443104,0.48302454,0.03932519
-8.627665,3.2582996,-0.7411453,0.48321834,0.032534618
-8.592036,3.2256932,-0.73852557,0.48341215,0.025744045
-8.556302,3.1931608,-0.7364516,0.48360595,0.018953472
-8.52048,3.1606846,-0.7349241,0.4787524,0.011185753
-8.484964,3.1285849,-0.73403156,0.4738989,0.0034180344
-8.449779,3.09684,-0.7337616,0.46904534,-0.004349685
-8.414945,3.0654297,-0.7341016,0.45527813,-0.0134895565
-8.381146,3.0349326,-0.7351252,0.4415109,-0.022629429
-8.348406,3.005329,-0.73679024,0.42774367,-0.031769298
-8.316742,2.9766028,-0.7390547,0.40736592,-0.038208436
-8.286655,2.949183,-0.7416482,0.38698813,-0.044647574
-8.258149,2.9230678,-0.7445269,0.36661038,-0.051086713
-8.231223,2.8982577,-0.74764705,0.34727398,-0.0564399
-8.205798,2.8746839,-0.750912,0.3279376,-0.06179309
-8.1818695,2.8523512,-0.75428724,0.3086012,-0.06714628
-8.159431,2.8312666,-0.7577382,0.29232466,-0.06488252
-8.138242,2.811218,-0.7608971,0.2760481,-0.062618755
-8.118289,2.7922199,-0.7637762,0.25977153,-0.060354996
-8.099562,2.7742853,-0.7663877,0.24430785,-0.048561405
-8.081982,2.7573617,-0.76836425,0.22884417,-0.036767818
-8.065537,2.7414687,-0.7697663,0.2133805,-0.024974227
-8.0502205,2.7266226,-0.7706543,0.19994979,-0.016775418
-8.035877,2.712696,-0.77121335,0.18651907,-0.008576607
-8.022503,2.699696,-0.77147996,0.17308836,-0.00037779807
-8.010095,2.6876283,-0.7714909,0.16223316,0.0075613023
-7.9984646,2.6763177,-0.7712864,0.15137796,0.015500402
-7.987612,2.6657672,-0.77089536,0.14052278,0.023439502
-7.9775352,2.6559784,-0.77034646,0.12988256,0.03454156
-7.9682193,2.646939,-0.7695989,0.11924235,0.045643616
-7.9596643,2.6386502,-0.7686921,0.10860214,0.05674567
-7.9518704,2.6311123,-0.7676655,0.10434226,0.06483605
-7.9443784,2.6238816,-0.7665388,0.10008238,0.072926424
-7.9371886,2.616958,-0.7653234,0.095822506,0.0810168
-7.930301,2.6103413,-0.764031,0.09481078,0.09261955
-7.9234843,2.60381,-0.7625695,0.09379905,0.1042223
-7.916739,2.5973656,-0.7609431,0.092787325,0.11582504
-7.9100647,2.5910099,-0.7591559,0.09176369,0.12812343
-7.9034624,2.5847454,-0.7572018,0.090740055,0.14042181
-7.8969326,2.578574,-0.7550851,0.08971642,0.15272018
-7.8904753,2.572497,-0.7528104,0.088520184,0.15665846
-7.8840947,2.566519,-0.7505086,0.08732394,0.16059673
-7.8777905,2.5606399,-0.7481813,0.0861277,0.164535
-7.871563,2.5548599,-0.7458301,0.08484118,0.16828254
-7.8654194,2.5491838,-0.7434618,0.083554655,0.17203009
-7.8593593,2.543612,-0.7410779,0.082268134,0.17577764
-7.8533835,2.5381439,-0.7386802,0.08141107,0.18309161
-7.847465,2.532754,-0.73620975,0.08055401,0.19040559
-7.8416038,2.5274427,-0.73366886,0.079696946,0.19771957
-7.8357997,2.5222101,-0.7310597,0.07921897,0.20431599
-7.8300247,2.517031,-0.72838074,0.07874099,0.21091242
-7.824279,2.5119057,-0.7256333,0.07826301,0.21750884
-7.8185625,2.5068345,-0.7228185,0.07757124,0.22369304
-7.81289,2.501831,-0.71995056,0.07687947,0.22987726
-7.807262,2.4968953,-0.71703094,0.07618771,0.23606147
