-6.532142,2.9143429,0.7484659,0.25580406,0.0
-6.5133986,2.9317505,0.7484659,0.27126145,-0.0060529886
-6.4935226,2.95021,0.74819225,0.28671882,-0.012105977
-6.4725103,2.9697146,0.7476137,0.3021762,-0.018158967
-6.450355,2.9902558,0.7466993,0.31242427,-0.035061926
-6.427439,3.0114634,0.74487394,0.3226723,-0.051964886
-6.403749,3.033307,0.74208057,0.33292037,-0.06886785
-6.3792686,3.0557532,0.73826236,0.33976066,-0.074592
-6.3542085,3.0785556,0.73404235,0.34660095,-0.080316156
-6.3285575,3.1016989,0.7294077,0.35344124,-0.08604031
-6.3023033,3.125166,0.7243456,0.35896006,-0.0884814
-6.275525,3.1488593,0.719059,0.36447892,-0.09092248
-6.248214,3.1727674,0.71354336,0.36999774,-0.09336357
-6.220362,3.196879,0.70779437,0.3752805,-0.09348042
-6.1919727,3.2211716,0.701956,0.3805633,-0.09359728
-6.163041,3.2456377,0.696028,0.38584605,-0.09371413
-6.133561,3.2702684,0.6900103,0.39120442,-0.095757924
-6.1035285,3.2950563,0.6837764,0.39656278,-0.09780172
-6.072934,3.3199885,0.67732257,0.40192118,-0.09984551
-6.04177,3.3450518,0.67064536,0.4074471,-0.102319255
-6.010017,3.3702419,0.66370916,0.41297302,-0.104793
-5.977665,3.395543,0.6565096,0.41849896,-0.10726674
-5.944705,3.4209397,0.64904207,0.4246562,-0.11024988
-5.9110794,3.4464512,0.64125484,0.43081343,-0.113233015
-5.8767776,3.4720573,0.6331418,0.43697068,-0.116216145
-5.841788,3.4977376,0.624697,0.44361812,-0.11929999
-5.80606,3.5234983,0.6158973,0.45026556,-0.12238383
-5.769582,3.5493152,0.606736,0.456913,-0.12546767
-5.732341,3.5751631,0.5972064,0.46298018,-0.13160303
-5.6943874,3.600973,0.5870808,0.46904737,-0.13773838
-5.6557064,3.626709,0.5763472,0.47511455,-0.14387372
-5.6162815,3.6523335,0.5649937,0.48025605,-0.15446393
-5.5762024,3.6777408,0.55267906,0.48539752,-0.16505414
-5.5354505,3.7028763,0.5393868,0.490539,-0.17564435
-5.4940085,3.7276833,0.52510047,0.4947248,-0.1836017
-5.451921,3.752067,0.51004666,0.49891064,-0.19155905
-5.4091763,3.7759793,0.49421543,0.50309646,-0.1995164
-5.365765,3.7993698,0.47759685,0.50688773,-0.20929316
-5.321731,3.8221602,0.4600443,0.510679,-0.21906991
-5.2770658,3.844292,0.44154736,0.51447034,-0.22884667
-5.2317657,3.865704,0.42209572,0.5184247,-0.24177362
-5.1858487,3.8863246,0.4014084,0.5223791,-0.25470057
-5.1393147,3.9060764,0.37947235,0.523,-0.26762754
-5.0924644,3.92476,0.35642162,0.523,-0.27857003
-5.045341,3.9423053,0.33245245,0.523,-0.28951252
-4.997962,3.9586637,0.30756766,0.523,-0.3
-4.9503427,3.97379,0.28180814,0.523,-0.3
-4.9023495,3.9876847,0.25604865,0.523,-0.3
-4.8540144,4.0003386,0.23028912,0.523,-0.3
-4.8053694,4.0117435,0.20452961,0.523,-0.3
-4.7564464,4.021891,0.1787701,0.523,-0.3
-4.7072787,4.030776,0.15301059,0.523,-0.3
-4.6578984,4.038391,0.12725107,0.523,-0.3
-4.6083384,4.044732,0.10149156,0.523,-0.3
-4.5586314,4.049794,0.07573205,0.523,-0.3
-4.5088105,4.0535746,0.049972545,0.523,-0.3
-4.4589086,4.0560703,0.024213033,0.523,-0.3
-4.4089594,4.05728,-0.0015464787,0.523,-0.3
-4.358995,4.057203,-0.02730599,0.523,-0.3
-4.3090496,4.0558386,-0.0530655,0.523,-0.3
-4.2591558,4.0531883,-0.07882501,0.523,-0.3
-4.209347,4.049254,-0.10458452,0.523,-0.3
-4.159656,4.0440383,-0.13034403,0.523,-0.3
-4.1101155,4.0375443,-0.15610355,0.523,-0.3
-4.060759,4.029776,-0.18186305,0.523,-0.3
-4.011619,4.0207396,-0.20762257,0.523,-0.3
-3.962728,4.0104403,-0.23338208,0.523,-0.3
-3.9141183,3.998885,-0.2591416,0.523,-0.3
-3.8658226,3.9860816,-0.2849011,0.523,-0.3
-3.8178725,3.9720387,-0.3106606,0.523,-0.3
-3.7703001,3.9567652,-0.33642012,0.523,-0.3
-3.723137,3.9402716,-0.36217964,0.523,-0.3
-3.676414,3.9225686,-0.38793916,0.523,-0.3
-3.6301627,3.9036682,-0.41369867,0.523,-0.3
-3.5844138,3.8835826,-0.43945816,0.523,-0.3
-3.539197,3.8623254,-0.46521768,0.523,-0.3
-3.4945428,3.8399107,-0.4909772,0.523,-0.3
-3.450481,3.8163533,-0.5167367,0.523,-0.3
-3.4070404,3.7916687,-0.5424962,0.523,-0.3
-3.36425,3.7658734,-0.5682557,0.523,-0.3
-3.3221383,3.7389846,-0.59401524,0.523,-0.3
-3.2807329,3.71102,-0.61977476,0.523,-0.3
-3.2400618,3.6819983,-0.6455343,0.523,-0.3
-3.2001514,3.6519387,-0.6712938,0.523,-0.3
-3.1610286,3.620861,-0.6970533,0.523,-0.3
-3.1227193,3.5887861,-0.7228128,0.523,-0.3
-3.085249,3.5557349,-0.7485723,0.523,-0.3
-3.0486422,3.5217297,-0.7743318,0.523,-0.3
-3.0129235,3.4867928,-0.8000913,0.523,-0.3
-2.9781163,3.4509478,-0.82585084,0.523,-0.3
-2.9442441,3.4142177,-0.85161036,0.523,-0.3
-2.911329,3.3766277,-0.8773699,0.523,-0.3
-2.8793933,3.3382022,-0.9031294,0.523,-0.3
-2.8484578,3.2989671,-0.9288889,0.523,-0.3
-2.818543,3.258948,-0.9546484,0.523,-0.3
-2.789669,3.2181718,-0.9804079,0.523,-0.3
-2.7618546,3.1766655,-1.0061674,0.523,-0.3
-2.7351189,3.1344564,-1.031927,0.523,-0.3
-2.7094789,3.0915728,-1.0576864,0.523,-0.3
-2.684952,3.048043,-1.0834459,0.523,-0.3
-2.6615546,3.0038958,-1.1092055,0.523,-0.3
-2.639302,2.9591606,-1.134965,0.523,-0.3
-2.618209,2.9138672,-1.1607245,0.523,-0.3
-2.5982895,2.8680456,-1.186484,0.523,-0.3
-2.579557,2.821726,-1.2122436,0.523,-0.3
-2.5620234,2.7749393,-1.238003,0.523,-0.3
-2.545701,2.7277167,-1.2637626,0.523,-0.3
-2.5306003,2.6800892,-1.289522,0.523,-0.3
-2.5167313,2.6320884,-1.3152815,0.523,-0.3
-2.5041032,2.5837467,-1.3410411,0.523,-0.3
-2.4927242,2.5350955,-1.3668005,0.523,-0.3
-2.4826024,2.4861674,-1.3925601,0.523,-0.3
-2.473744,2.4369948,-1.4183196,0.523,-0.3
-2.466155,2.3876104,-1.4440792,0.523,-0.3
-2.4598408,2.3380468,-1.4698386,0.523,-0.3
-2.4548051,2.2883372,-1.4955981,0.523,-0.3
-2.4510515,2.2385142,-1.5213577,0.523,-0.3
-2.4485822,2.1886113,-1.5471171,0.523,-0.3
-2.4473991,2.1386611,-1.5728767,0.523,-0.3
-2.447503,2.0886972,-1.5986362,0.523,-0.3
-2.448894,2.0387523,-1.6243957,0.523,-0.3
-2.4515707,1.98886,-1.6501552,0.523,-0.3
-2.4555316,1.9390532,-1.6759148,0.523,-0.3
-2.4607742,1.889365,-1.7016742,0.523,-0.3
-2.4672947,1.8398281,-1.7274337,0.523,-0.3
-2.475089,1.7904757,-1.7531933,0.523,-0.3
-2.4841518,1.7413404,-1.7789527,0.523,-0.3
-2.4944773,1.6924549,-1.8047123,0.523,-0.3
-2.5060585,1.6438515,-1.8304718,0.523,-0.3
-2.5188875,1.5955626,-1.8562313,0.523,-0.3
-2.5329561,1.54762,-1.8819908,0.523,-0.3
-2.548255,1.5000558,-1.9077504,0.523,-0.3
-2.5647738,1.4529014,-1.9335098,0.523,-0.3
-2.5825016,1.406188,-1.9592693,0.523,-0.3
-2.6014268,1.3599468,-1.9850289,0.523,-0.3
-2.6215367,1.3142084,-2.0107884,0.523,-0.3
-2.642818,1.2690032,-2.036548,0.523,-0.3
-2.6652567,1.2243611,-2.0623074,0.523,-0.3
-2.6888378,1.1803117,-2.0880668,0.523,-0.3
-2.7135453,1.1368842,-2.1138265,0.523,-0.3
-2.7393634,1.0941076,-2.139586,0.523,-0.3
-2.7662747,1.0520102,-2.1653454,0.523,-0.3
-2.7942615,1.0106199,-2.191105,0.523,-0.3
-2.823305,0.96996415,-2.2168643,0.523,-0.3
-2.853386,0.9300699,-2.242624,0.523,-0.3
-2.8844843,0.8909638,-2.2683835,0.523,-0.3
-2.9165797,0.85267156,-2.294143,0.523,-0.3
-2.949651,0.81521875,-2.3199024,0.523,-0.3
-2.9836757,0.77863014,-2.345662,0.523,-0.3
-3.0186315,0.74293005,-2.3714216,0.523,-0.3
-3.0544953,0.70814216,-2.397181,0.523,-0.3
-3.0912433,0.6742895,-2.4229405,0.523,-0.2824002
-3.1290498,0.6412206,-2.4472306,0.523,-0.2648004
-3.1678395,0.6089206,-2.4700434,0.523,-0.24720061
-3.2075384,0.57736874,-2.4913723,0.523,-0.21285002
-3.2482274,0.54642284,-2.5097861,0.523,-0.17849943
-3.2897608,0.516025,-2.5252628,0.523,-0.14414886
-3.3319952,0.48610687,-2.5377843,0.523,-0.11705524
-3.374753,0.4566151,-2.5479643,0.523,-0.089961626
-3.41793,0.42747822,-2.5557954,0.523,-0.062868014
-3.4614239,0.39862058,-2.5612717,0.523,-0.049958397
-3.5051072,0.36998066,-2.5656247,0.523,-0.03704878
-3.5489392,0.34151515,-2.5688534,0.523,-0.024139166
-3.5928805,0.31318015,-2.5709572,0.523,-0.0040421607
-3.6368935,0.28492966,-2.5713096,0.523,0.016054844
-3.6809113,0.25669807,-2.5699103,0.523,0.03615185
-3.7248664,0.22841977,-2.5667596,0.523,0.043419518
-3.7687197,0.20001134,-2.5629761,0.523,0.050687183
-3.81245,0.17144698,-2.5585597,0.523,0.057954848
-3.8560364,0.14270112,-2.553511,0.523,0.069129385
-3.8994465,0.11375615,-2.54749,0.523,0.08030392
-3.9426453,0.08457476,-2.5404975,0.523,0.09147845
-3.9855976,0.05512038,-2.5325348,0.523,0.09730222
-4.0282907,0.025341341,-2.5240667,0.523,0.10312599
-4.070705,-0.0047805114,-2.5150936,0.523,0.10894976
-4.112821,-0.035262838,-2.5056155,0.523,0.12010895
-4.154593,-0.066103354,-2.495171,0.523,0.13126814
-4.195982,-0.097334385,-2.4837618,0.523,0.14242734
-4.236949,-0.12898692,-2.4713888,0.523,0.14763278
-4.27749,-0.16111948,-2.458567,0.523,0.15283822
-4.317585,-0.19374347,-2.4452963,0.523,0.15804365
-4.3572106,-0.22686961,-2.4315774,0.523,0.16550013
-4.3963304,-0.2604953,-2.417217,0.523,0.1729566
-4.434914,-0.29463574,-2.402216,0.523,0.18041307
-4.472931,-0.32930496,-2.3865752,0.523,0.18449438
-4.510372,-0.36453795,-2.3705845,0.523,0.18857569
-4.5472174,-0.40033758,-2.3542442,0.523,0.192657
-4.583444,-0.43670577,-2.3375547,0.523,0.1940037
-4.619049,-0.47366375,-2.3207498,0.523,0.19535041
-4.6540194,-0.51120484,-2.30383,0.523,0.19669712
-4.6883397,-0.549322,-2.286795,0.523,0.19950859
-4.721987,-0.5879965,-2.2695196,0.523,0.20232007
-4.7549424,-0.6272239,-2.252004,0.523,0.20513156
-4.7871866,-0.66699946,-2.2342484,0.523,0.20917782
-4.818693,-0.7073069,-2.216148,0.523,0.2132241
-4.849438,-0.7481426,-2.1977024,0.523,0.21727037
-4.8793983,-0.7895017,-2.1789122,0.523,0.22445711
-4.908529,-0.83134896,-2.1595109,0.523,0.23164384
-4.9367948,-0.8736828,-2.1394994,0.523,0.23883058
-4.964161,-0.9164999,-2.1188786,0.523,0.24904115
-4.990571,-0.95976216,-2.0973942,0.523,0.2592517
-5.0159783,-1.0034657,-2.0750484,0.523,0.2694623
-5.0403357,-1.0476038,-2.0518436,0.523,0.27988583
-5.0635934,-1.0921642,-2.027764,0.523,0.29030934
-5.0857043,-1.137134,-2.0028129,0.523,0.30073285
-5.1066194,-1.1824973,-1.9769922,0.523,0.30967334
-5.1263013,-1.2282562,-1.9504284,0.523,0.31861383
-5.144707,-1.2743877,-1.9231235,0.523,0.3275543
-5.161795,-1.3208652,-1.8950795,0.523,0.33336866
-5.177542,-1.36771,-1.866556,0.523,0.33918303
-5.1919174,-1.4148889,-1.8375542,0.523,0.34499738
-5.2048917,-1.4623663,-1.808075,0.523,0.34866226
-5.2164454,-1.5101422,-1.7782953,0.523,0.3523271
-5.226558,-1.5581766,-1.7482156,0.523,0.35599196
-5.23521,-1.606428,-1.7178363,0.523,0.35490727
-5.242395,-1.6549394,-1.6875455,0.523,0.3538226
-5.2481093,-1.7036657,-1.6573435,0.523,0.35273787
-5.2523518,-1.7525619,-1.6272302,0.523,0.34735665
-5.2551255,-1.8016601,-1.5975574,0.523,0.34197542
-5.256444,-1.8509139,-1.5683262,0.523,0.3365942
-5.2563224,-1.9002789,-1.5395373,0.523,0.3336164
-5.254778,-1.9496711,-1.5109935,0.523,0.3306386
-5.251821,-1.9990499,-1.4826951,0.523,0.3276608
-5.247464,-2.0483754,-1.4546423,0.523,0.32008055
-5.241711,-2.0976846,-1.4272159,0.523,0.3125003
-5.23459,-2.1469395,-1.4004174,0.523,0.30492005
-5.226131,-2.1961045,-1.3742486,0.523,0.30018428
-5.2163744,-2.2451038,-1.3484738,0.523,0.29544854
-5.2053423,-2.2939065,-1.3230935,0.523,0.29071277
-5.1930575,-2.3424826,-1.2981085,0.523,0.28106093
-5.179525,-2.390874,-1.2739307,0.523,0.2714091
-5.164786,-2.4390554,-1.2505622,0.523,0.26175725
-5.148883,-2.4870055,-1.2280053,0.523,0.25286412
-5.131863,-2.5346963,-1.2061981,0.523,0.243971
-5.1137667,-2.5821116,-1.1851423,0.523,0.23507789
-5.094634,-2.6292374,-1.1648396,0.523,0.22016032
-5.0744796,-2.676127,-1.1458036,0.523,0.20524277
-5.053368,-2.7227745,-1.1280386,0.523,0.1903252
-5.031366,-2.769178,-1.1115485,0.523,0.17856815
-5.008551,-2.8153136,-1.096066,0.523,0.16681111
-4.984977,-2.8611844,-1.0815929,0.523,0.15505405
-4.960695,-2.906796,-1.0681314,0.523,0.14222054
-4.935753,-2.952164,-1.0557764,0.523,0.12938704
-4.9102077,-2.9972992,-1.0445296,0.523,0.11655353
-4.884115,-3.0422156,-1.034393,0.523,0.10593438
-4.8575373,-3.0869184,-1.0251763,0.523,0.09531523
-4.830519,-3.1314216,-1.0168805,0.523,0.08469608
-4.8031073,-3.175742,-1.0095067,0.523,0.076541975
-4.7753506,-3.2198877,-1.0028412,0.523,0.068387866
-4.7472835,-3.2638738,-0.99688476,0.523,0.06023376
-4.7189403,-3.307715,-0.9916376,0.523,0.05634742
-4.690361,-3.3514163,-0.98672855,0.523,0.052461077
-4.661561,-3.3949864,-0.9821578,0.523,0.048574734
-4.632557,-3.438433,-0.97792536,0.523,0.044174403
-4.603363,-3.481765,-0.9740761,0.523,0.03977407
-4.5739975,-3.5249925,-0.97061,0.523,0.03537374
-4.544477,-3.568125,-0.9675273,0.523,0.031120723
-4.5148196,-3.6111724,-0.964815,0.523,0.026867706
-4.4850416,-3.6541448,-0.96247333,0.523,0.022614688
-4.4551606,-3.6970515,-0.96050227,0.523,0.018200481
-4.425192,-3.7399032,-0.9589159,0.523,0.013786274
-4.395153,-3.7827103,-0.9577142,0.523,0.009372068
-4.3650618,-3.8254833,-0.95689726,0.523,0.0062322556
-4.334934,-3.868233,-0.956354,0.523,0.003092444
-4.3047833,-3.9109669,-0.9560845,0.523,-4.7367812e-05
-4.2746205,-3.953693,-0.9560886,0.523,-0.0032146454
-4.244458,-3.9964187,-0.9563688,0.523,-0.006381923
-4.2143087,-4.039152,-0.9569251,0.523,-0.009549201
-4.184183,-4.0819016,-0.9577575,0.523,-0.012542402
-4.154094,-4.124675,-0.95885074,0.523,-0.015535605
-4.124054,-4.1674786,-0.96020484,0.523,-0.018528808
-4.094073,-4.2103214,-0.9618198,0.523,-0.020078296
-4.064162,-4.253211,-0.9635699,0.523,-0.021627784
-4.0343266,-4.296151,-0.96545494,0.523,-0.023177272
-4.004574,-4.3391466,-0.96747506,0.523,-0.02442183
-3.9749084,-4.3822002,-0.9696036,0.523,-0.025666386
-3.9453359,-4.425316,-0.9718406,0.523,-0.026910942
-3.915861,-4.4684963,-0.97418606,0.523,-0.026056355
-3.8864865,-4.5117464,-0.97645706,0.523,-0.025201768
-3.85721,-4.555064,-0.9786536,0.523,-0.02434718
-3.8280277,-4.598447,-0.98077565,0.523,-0.0126953665
-3.7989316,-4.641901,-0.9818822,0.523,-0.0010435522
-3.769881,-4.685391,-0.9819732,0.523,0.010608261
-3.7408361,-4.728881,-0.9810485,0.523,0.022276705
-3.7117567,-4.7723355,-0.9791069,0.523,0.03394515
-3.6826024,-4.8157196,-0.9761486,0.523,0.045613594
-3.6533337,-4.858997,-0.972174,0.523,0.05349583
-3.6239045,-4.902141,-0.96751314,0.523,0.06137807
-3.5942879,-4.9451275,-0.96216637,0.523,0.06926031
-3.5644574,-4.987933,-0.956134,0.523,0.07389535
-3.5343792,-5.0305443,-0.9496987,0.523,0.0785304
-3.5040383,-5.0729456,-0.9428605,0.523,0.08316545
-3.4734194,-5.115123,-0.9356196,0.52224416,0.082011886
-3.4425378,-5.15702,-0.9284892,0.5214883,0.08085832
-3.4114003,-5.1986403,-0.9214691,0.5207325,0.079704754
-3.3800142,-5.2399845,-0.91455895,0.5188792,0.07986124
-3.3484561,-5.280964,-0.9076599,0.5170259,0.08001773
-3.3167305,-5.3215785,-0.90077204,0.5151726,0.080174215
-3.2848406,-5.3618283,-0.89389545,0.5117957,0.080819935
-3.2528875,-5.4015937,-0.8870091,0.50841874,0.081465654
-3.2208755,-5.4408746,-0.8801136,0.5050418,0.08211137
-3.1888094,-5.479673,-0.8732098,0.5007927,0.081996895
-3.156748,-5.5179243,-0.86637354,0.49654353,0.08188241
-3.1247,-5.5556335,-0.8596047,0.49229437,0.08176793
-3.0926735,-5.5928044,-0.8529032,0.4904534,0.07969633
-3.060514,-5.6296277,-0.84639555,0.48861238,0.07762472
-3.0282319,-5.6661096,-0.8400805,0.48677137,0.07555313
-2.9958372,-5.7022557,-0.83395684,0.4850173,0.07638682
-2.9633415,-5.7380714,-0.827788,0.4832632,0.07722051
-2.9307458,-5.7735543,-0.8215745,0.4815091,0.0780542
-2.8980515,-5.808704,-0.8153169,0.47948128,0.07707996
-2.8652742,-5.843504,-0.8091633,0.47745344,0.07610572
-2.83242,-5.877958,-0.803113,0.47542563,0.07513148
-2.7994964,-5.9120693,-0.79716533,0.4734931,0.0687255
-2.7664897,-5.945862,-0.7917461,0.47156057,0.06231951
-2.733422,-5.979352,-0.78685135,0.46962804,0.055913527
-2.7003145,-6.012556,-0.7824772,0.4647646,0.04645427
-2.6673903,-6.0452886,-0.7788801,0.45990118,0.036995012
-2.6346817,-6.0775733,-0.7760451,0.45503774,0.027535755
-2.6022184,-6.109435,-0.7739571,0.4413717,0.015580082
-2.5706575,-6.140282,-0.772811,0.42770565,0.0036244094
-2.540036,-6.170142,-0.77255267,0.4140396,-0.008331263
-2.5103865,-6.1990395,-0.77312756,0.39836046,-0.026702046
-2.4818847,-6.22685,-0.7749002,0.38268134,-0.04507283
-2.4545703,-6.2535973,-0.777774,0.36700222,-0.063443616
-2.428475,-6.279298,-0.78165203,0.35004568,-0.07080786
-2.4036925,-6.303895,-0.7857796,0.33308914,-0.07817211
-2.3802204,-6.327385,-0.7901149,0.31613263,-0.08553636
-2.3580534,-6.349762,-0.79461616,0.2981013,-0.08522073
-2.3372455,-6.3709574,-0.7988451,0.28006998,-0.0849051
-2.31778,-6.3909535,-0.8028036,0.26203868,-0.08458947
-2.2996416,-6.4097347,-0.80649346,0.24712032,-0.077871904
-2.2825918,-6.4275193,-0.8096975,0.23220195,-0.07115434
-2.266617,-6.44429,-0.8124489,0.21728359,-0.06443678
-2.251705,-6.4600315,-0.8147808,0.20719203,-0.046999037
-2.2375066,-6.4750896,-0.81640315,0.19710048,-0.029561292
-2.224014,-6.4894457,-0.8173741,0.18700892,-0.012123549
-2.211221,-6.503084,-0.81775194,0.17827503,1.1920929e-08
-2.1990294,-6.5160913,-0.81775194,0.16954114,0.012123573
-2.187436,-6.5284605,-0.8174094,0.16080724,0.024247134
-2.1764383,-6.540186,-0.8167596,0.15055275,0.038309824
-2.1661391,-6.551152,-0.8157986,0.14029828,0.052372515
-2.156538,-6.5613556,-0.8145745,0.1300438,0.0664352
-2.1476343,-6.5707946,-0.8131356,0.12166525,0.09625685
-2.1393118,-6.5795918,-0.8111868,0.1132867,0.1260785
-2.1315725,-6.5877414,-0.8088126,0.104908146,0.15590015
-2.1244178,-6.5952387,-0.80609775,0.10118889,0.1634867
-2.1175058,-6.602443,-0.8033529,0.097469635,0.17107327
-2.1108372,-6.6093554,-0.8005873,0.09375038,0.17865983
-2.1044135,-6.615978,-0.79781055,0.09070455,0.1822515
-2.0981846,-6.622363,-0.79507065,0.087658726,0.18584317
-2.092152,-6.6285133,-0.7923711,0.0846129,0.18943484
-2.0863173,-6.63443,-0.7897156,0.08196586,0.19435346
-2.080655,-6.6401415,-0.78707725,0.07931883,0.19927208
-2.0751667,-6.6456485,-0.7844603,0.07667179,0.2041907
