6.517427,8.467449,0.6858758,0.99412155,0.0
6.5943584,8.530413,0.6858758,0.523,0.09997071
6.6346292,8.563372,0.69457537,0.523,0.19994143
6.674012,8.596179,0.7118877,0.523,0.29991212
6.7118425,8.62882,0.7376399,0.523,0.39945555
6.7475004,8.661225,0.7715405,0.523,0.498999
6.7804193,8.693244,0.8132538,0.523,0.5985424
6.8101096,8.724636,0.8623669,0.523,0.6983429
6.836172,8.755054,0.91841066,0.523,0.7981434
6.858335,8.784064,0.9808274,0.523,0.8979439
6.8764687,8.81115,1.0489959,0.523,0.9978063
6.8906016,8.835731,1.1222405,0.523,1.0
6.902856,8.861193,1.1955887,0.523,1.0
6.9132113,8.887485,1.268937,0.523,1.0
6.9216123,8.914465,1.3422852,0.523,1.0
6.928014,8.941988,1.4156334,0.523,1.0
6.9323807,8.969906,1.4889816,0.523,1.0
6.93469,8.99807,1.5623299,0.523,1.0
6.9349294,9.026326,1.635678,0.523,1.0
6.933097,9.054524,1.7090263,0.523,1.0
6.9292035,9.082513,1.7823745,0.523,1.0
6.9232693,9.110141,1.8557228,0.523,1.0
6.915326,9.1372595,1.929071,0.523,1.0
6.9054174,9.163723,2.0024192,0.523,1.0
6.8935957,9.189389,2.0757675,0.523,1.0
6.8799253,9.21412,2.1491156,0.523,1.0
6.864479,9.2377825,2.2224638,0.523,1.0
6.84734,9.260249,2.2958121,0.523,1.0
6.8286014,9.2814,2.3691602,0.523,1.0
6.8083625,9.301121,2.4425085,0.523,1.0
6.786733,9.319305,2.5158567,0.523,1.0
6.763829,9.3358555,2.589205,0.523,1.0
6.739774,9.350683,2.662553,0.523,1.0
6.714697,9.363708,2.7359014,0.523,1.0
6.688733,9.37486,2.8092496,0.523,1.0
6.6620216,9.384079,2.882598,0.523,1.0
6.634706,9.391316,2.955946,0.523,1.0
6.6069336,9.396532,3.0292943,0.523,1.0
6.578854,9.399699,3.1026425,0.523,1.0
6.5506177,9.400799,-3.1071947,0.523,1.0
6.5223765,9.399827,-3.0338464,0.523,0.9000004
6.4900546,9.396331,-2.9655664,0.523,0.80000085
6.4541802,9.389951,-2.9030368,0.523,0.70000124
6.415312,9.380498,-2.8468823,0.523,0.6000089
6.374008,9.36796,-2.7976637,0.523,0.5000166
6.3307986,9.352485,-2.7558725,0.523,0.4000243
6.286167,9.334361,-2.7219262,0.523,0.30017492
6.240541,9.314004,-2.6961522,0.523,0.20032552
6.1942883,9.291921,-2.678807,0.523,0.10047613
6.1477256,9.26869,-2.6700635,0.523,0.0018802285
6.101133,9.244932,-2.6698997,0.523,-0.096715674
6.054762,9.221279,-2.678317,0.523,-0.19531158
6.008864,9.198351,-2.6952336,0.523,-0.2898266
5.9636555,9.176716,-2.7201445,0.523,-0.3
5.9180636,9.156277,-2.7459042,0.523,-0.3
5.87196,9.137018,-2.7716637,0.523,-0.3
5.825376,9.118954,-2.7974231,0.523,-0.3
5.778342,9.102095,-2.8231826,0.523,-0.3
5.7308893,9.086453,-2.8489423,0.523,-0.3
5.6830497,9.072039,-2.8747017,0.523,-0.3
5.6348543,9.058862,-2.9004612,0.523,-0.3
5.5863357,9.04693,-2.9262207,0.523,-0.3
5.537526,9.036253,-2.95198,0.523,-0.3
5.4884577,9.026835,-2.9777398,0.523,-0.3
5.4391627,9.018685,-3.0034993,0.523,-0.3
5.389674,9.011807,-3.0292587,0.523,-0.3
5.340025,9.0062065,-3.0550182,0.523,-0.3
5.290248,9.001886,-3.0807776,0.523,-0.3
5.2403765,8.99885,-3.1065373,0.523,-0.3
5.190443,8.997099,-3.1322968,0.523,-0.3
5.140481,8.9966345,3.125129,0.523,-0.3
5.0905237,8.997457,3.0993695,0.523,-0.3
5.040604,8.999565,3.07361,0.523,-0.3
4.9907556,9.002959,3.0478504,0.523,-0.20001502
4.939723,9.007757,3.030532,0.523,-0.10003004
4.8880053,9.013525,3.021827,0.523,-4.506111e-05
4.8360796,9.0197735,3.0218232,0.523,0.099933945
4.7844133,9.025991,3.0305195,0.523,0.19991295
4.733471,9.031673,3.0478294,0.523,0.29989195
4.683725,9.036351,3.07358,0.523,0.39985895
4.6356616,9.039625,3.107513,0.523,0.49982592
4.5897865,9.041189,-3.1338956,0.523,0.5997929
4.5466166,9.040857,-3.0846927,0.523,0.49979392
4.500788,9.038247,-3.0429184,0.523,0.39979494
4.4528465,9.033501,-3.0089905,0.523,0.299796
4.403318,9.026895,-2.983248,0.523,0.19980839
4.3526998,9.018811,-2.9659472,0.523,0.099820815
4.301461,9.009718,-2.9572606,0.523,-0.00016676188
4.250047,9.000132,-2.9572752,0.523,-0.10009612
4.19889,8.990595,-2.9659855,0.523,-0.20002548
4.1484213,8.98164,-2.983305,0.523,-0.29995486
4.099081,8.973763,-3.0090609,0.523,-0.3
4.0495553,8.967161,-3.0348203,0.523,-0.3
3.9998755,8.961837,-3.0605798,0.523,-0.3
3.9500754,8.957793,-3.0863392,0.523,-0.3
3.9001875,8.955034,-3.112099,0.523,-0.3
3.8502452,8.953561,-3.1378584,0.523,-0.3
3.8002815,8.953374,3.1195674,0.523,-0.3
3.7503295,8.954474,3.093808,0.523,-0.3
3.7004225,8.9568615,3.0680485,0.523,-0.3
3.6505933,8.960532,3.0422888,0.523,-0.20002513
3.5995886,8.965614,3.0249693,0.523,-0.100050256
3.5479038,8.971669,3.016263,0.523,-7.538796e-05
3.4960139,8.978207,3.0162563,0.523,0.09989683
3.444383,8.984713,3.0249496,0.523,0.19986907
3.3934724,8.990678,3.0422556,0.523,0.29984128
3.3437521,8.995633,3.068002,0.523,0.39977986
3.2957065,8.999175,3.1019287,0.523,0.49971846
3.249838,9.000996,-3.1394882,0.523,0.59965706
3.206663,9.000904,-3.090295,0.523,0.49965718
3.1608171,8.99855,-3.0485313,0.523,0.39965734
3.112847,8.994074,-3.0146146,0.523,0.2996575
3.06328,8.987745,-2.9888835,0.523,0.1996604
3.0126157,8.979948,-2.9715953,0.523,0.0996633
2.9613254,8.971144,-2.9629223,0.523,-0.00033379198
2.909858,8.961849,-2.9629514,0.523,-0.10031576
2.858649,8.952602,-2.9716809,0.523,-0.20029771
2.8081326,8.943935,-2.9890237,0.523,-0.3
2.758749,8.936342,-3.0147831,0.523,-0.3
2.709186,8.930023,-3.0405426,0.523,-0.3
2.6594768,8.924983,-3.066302,0.523,-0.3
2.6096542,8.921225,-3.0920618,0.523,-0.3
2.5597515,8.918751,-3.1178212,0.523,-0.3
2.5098014,8.917563,3.1396046,0.523,-0.3
2.4598374,8.917663,3.113845,0.523,-0.20004097
2.4086,8.919085,3.0965242,0.523,-0.10008192
2.3566146,8.921429,3.087815,0.523,-0.00012288094
2.3043902,8.92424,3.0878043,0.523,0.09982176
2.252426,8.927038,3.0964909,0.523,0.1997664
2.2012181,8.929349,3.1137884,0.523,0.29971105
2.1512687,8.930738,3.1395237,0.523,0.39958483
2.103089,8.930838,-3.1097505,0.523,0.4994586
2.0572011,8.929377,-3.068002,0.523,0.5993324
2.0141332,8.926201,-3.018832,0.523,0.49933246
1.9685645,8.920579,-2.9770932,0.523,0.39933255
1.9210299,8.912688,-2.9432025,0.523,0.29933265
1.8720357,8.902839,-2.9174986,0.523,0.19933447
1.8220532,8.891446,-2.900238,0.523,0.09933628
1.7715194,8.879007,-2.8915935,0.523,-0.00066189765
1.7208453,8.866068,-2.8916512,0.523,-0.10064398
1.6704268,8.853197,-2.9004092,0.523,-0.20062605
1.6206594,8.840956,-2.91778,0.523,-0.3
1.5719414,8.829866,-2.9435396,0.523,-0.3
1.522954,8.820036,-2.969299,0.523,-0.3
1.4737297,8.81147,-2.9950585,0.523,-0.3
1.424301,8.804174,-3.020818,0.523,-0.3
1.3747009,8.798155,-3.0465777,0.523,-0.3
1.3249621,8.793414,-3.0723372,0.523,-0.3
1.2751179,8.789957,-3.0980966,0.523,-0.3
1.225201,8.787785,-3.123856,0.523,-0.3
1.1752448,8.786899,3.1335697,0.523,-0.3
1.1252823,8.787299,3.1078103,0.523,-0.200062
1.0740547,8.78903,3.0904875,0.523,-0.100124024
1.0220846,8.791689,3.0817747,0.523,-0.00018603801
0.96987814,8.794815,3.0817585,0.523,0.09968668
0.9179309,8.797927,3.0904334,0.523,0.1995594
0.8667359,8.800549,3.107713,0.523,0.29943213
0.8167917,8.802241,3.1334252,0.523,0.39918467
0.76860523,8.802635,-3.1158812,0.523,0.49893722
0.72269624,8.801455,-3.0741725,0.523,0.59868973
0.6795907,8.798544,-3.025049,0.523,0.49868983
0.63397187,8.793203,-2.9833593,0.523,0.3986899
0.5863759,8.785608,-2.94952,0.523,0.29868996
0.5373107,8.776067,-2.9238698,0.523,0.19869083
0.48725012,8.764992,-2.9066641,0.523,0.09869168
0.43663424,8.752876,-2.8980756,0.523,-0.0013074696
0.38587734,8.740266,-2.8981895,0.523,-0.10129823
0.33537918,8.727726,-2.9070044,0.523,-0.201289
0.2855387,8.715815,-2.9244318,0.523,-0.3
0.2367481,8.7050495,-2.9501913,0.523,-0.3
0.18769641,8.695545,-2.9759507,0.523,-0.3
0.13841619,8.687306,-3.0017102,0.523,-0.3
0.08894012,8.68034,-3.0274699,0.523,-0.3
0.039301038,8.67465,-3.0532293,0.523,-0.3
-0.010468124,8.670241,-3.0789888,0.523,-0.3
-0.060334343,8.667115,-3.1047482,0.523,-0.3
-0.11026453,8.665275,-3.1305077,0.523,-0.3
-0.16022556,8.6647215,3.126918,0.523,-0.3
-0.21018428,8.665454,3.1011584,0.523,-0.20006733
-0.26139918,8.667526,3.0838354,0.523,-0.100134656
-0.3133504,8.67053,3.0751216,0.523,-0.00020198822
-0.3655349,8.674004,3.075104,0.523,0.09966314
-0.41746038,8.677462,3.083777,0.523,0.19952826
-0.4686371,8.680424,3.101054,0.523,0.2993934
-0.5185695,8.682449,3.1267629,0.523,0.39914024
-0.5667532,8.683164,-3.1225471,0.523,0.49888712
-0.6126703,8.682289,-3.0808425,0.523,0.59863394
-0.655796,8.679666,-3.0317228,0.523,0.4986342
-0.7014508,8.674629,-2.9900372,0.523,0.39863437
-0.7490976,8.667353,-2.9562027,0.523,0.2986346
-0.7982262,8.658139,-2.9305568,0.523,0.19863601
-0.8483603,8.647399,-2.913356,0.523,0.09863742
-0.8990564,8.635623,-2.904772,0.523,-0.0013611674
-0.9498966,8.623353,-2.9048908,0.523,-0.101348676
-1.0004774,8.611152,-2.9137099,0.523,-0.20133618
-1.0503962,8.599575,-2.9311414,0.523,-0.3
-1.0992578,8.589137,-2.9569008,0.523,-0.3
-1.1483723,8.579962,-2.9826603,0.523,-0.3
-1.1977066,8.572054,-3.00842,0.523,-0.3
-1.2472284,8.56542,-3.0341794,0.523,-0.3
-1.2969044,8.560063,-3.059939,0.523,-0.3
-1.3467021,8.555988,-3.0856984,0.523,-0.3
-1.3965882,8.553197,-3.1114578,0.523,-0.3
-1.4465296,8.551691,-3.1372175,0.523,-0.3
-1.4964932,8.551473,3.1202083,0.523,-0.3
-1.5464458,8.552541,3.0944488,0.523,-0.20010789
-1.5976453,8.554956,3.0771222,0.523,-0.10021577
-1.6495748,8.55831,3.0684013,0.523,-0.00032365322
-1.7017348,8.562134,3.0683732,0.523,0.09944215
-1.753637,8.565941,3.077027,0.523,0.19920795
-1.8047959,8.569248,3.0942767,0.523,0.29897374
-1.8547198,8.571612,3.1199508,0.523,0.39837557
-1.902913,8.572656,-3.1294208,0.523,0.49777737
-1.9488628,8.572096,-3.087801,0.523,0.5971792
-1.9920484,8.569771,-3.0387862,0.523,0.49718115
-2.0377738,8.565054,-2.997212,0.523,0.39718312
-2.0855007,8.558114,-2.963494,0.523,0.29718506
-2.134717,8.549255,-2.937969,0.523,0.19719726
-2.184944,8.538884,-2.920891,0.523,0.09720944
-2.2357345,8.527489,-2.912431,0.523,-0.002778375
-2.2866669,8.515609,-2.9126732,0.523,-0.1025959
-2.3373346,8.503802,-2.9216006,0.523,-0.20241342
-2.3873322,8.492622,-2.9391239,0.523,-0.3
-2.4362757,8.482575,-2.9648836,0.523,-0.3
-2.4854617,8.473792,-2.990643,0.523,-0.3
-2.5348577,8.466279,-3.0164025,0.523,-0.3
-2.5844307,8.46004,-3.042162,0.523,-0.3
-2.6341481,8.45508,-3.0679216,0.523,-0.3
-2.6839767,8.451403,-3.093681,0.523,-0.3
-2.7338834,8.44901,-3.1194406,0.523,-0.3
-2.7838352,8.447903,3.1379852,0.523,-0.3
-2.8337991,8.448083,3.1122258,0.523,-0.3
-2.8837416,8.449551,3.0864663,0.523,-0.20015295
-2.9349196,8.452374,3.069136,0.523,-0.10030589
-2.9868202,8.456141,3.0604072,0.523,-0.00045883656
-3.0389478,8.460382,3.060367,0.523,0.09911428
-3.0908196,8.464605,3.0689924,0.523,0.19868739
-3.1419556,8.468325,3.0861976,0.523,0.2982605
-3.19187,8.471092,3.1118124,0.523,0.39696932
-3.2400815,8.472528,-3.1376722,0.523,0.49567813
-3.2860866,8.472348,-3.0962133,0.523,0.59438694
-3.3293722,8.470383,-3.0473998,0.523,0.49442258
-3.3752048,8.466053,-3.0060372,0.523,0.39445823
-3.4230454,8.459528,-2.9725385,0.523,0.29449388
-3.4723804,8.451107,-2.9472377,0.523,0.19500339
-3.5227232,8.441197,-2.9303474,0.523,0.095512904
-3.5736275,8.430282,-2.9220345,0.523,-0.0039775907
-3.6246717,8.418891,-2.9223814,0.523,-0.09448962
-3.6754923,8.407568,-2.9306054,0.523,-0.18500164
-3.7257597,8.396802,-2.9466395,0.523,-0.27551368
-3.775134,8.387053,-2.9703524,0.523,-0.2527791
-3.8250313,8.378424,-2.9921525,0.523,-0.23004453
-3.875386,8.370842,-3.0120282,0.523,-0.20730996
-3.9261372,8.364229,-3.0299697,0.523,-0.16080792
-3.977441,8.358479,-3.0439265,0.523,-0.1143059
-4.0291524,8.353413,-3.0538685,0.523,-0.06780387
-4.0811315,8.348841,-3.0597742,0.523,-0.045609158
-4.133202,8.344571,-3.0637484,0.523,-0.023414452
-4.1853294,8.340505,-3.0657892,0.523,-0.0012197435
-4.237479,8.336544,-3.0658956,0.523,0.01678713
-4.2896223,8.332589,-3.0644321,0.523,0.034794003
-4.341735,8.328561,-3.0614,0.523,0.052800875
-4.3937945,8.324377,-3.0567997,0.523,0.063885994
-4.4458003,8.319957,-3.0512347,0.523,0.07497111
-4.4977403,8.31525,-3.0447059,0.523,0.086056225
-4.5496025,8.31021,-3.0372138,0.523,0.09633203
-4.6013765,8.304786,-3.0288298,0.523,0.10660784
-4.6530495,8.298934,-3.0195549,0.523,0.11688364
-4.7046065,8.292611,-3.0093896,0.523,0.14560674
-4.7559013,8.28579,-2.9967425,0.523,0.17432983
-4.8068695,8.278356,-2.9816234,0.523,0.20305294
-4.857441,8.270196,-2.9640455,0.523,0.21362735
-4.907748,8.2611685,-2.9455655,0.523,0.22420178
-4.9577627,8.251237,-2.9261858,0.523,0.2347762
-5.0074525,8.240365,-2.9059088,0.523,0.24723591
-5.0567603,8.228523,-2.884577,0.523,0.25969562
-5.1056466,8.215675,-2.8621938,0.523,0.2721553
-5.154068,8.201782,-2.8387625,0.523,0.2747531
-5.2021155,8.18677,-2.8151135,0.523,0.27735087
-5.24976,8.170638,-2.7912464,0.523,0.27994865
-5.2969704,8.153387,-2.7671618,0.523,0.2803334
-5.3437467,8.135005,-2.7430449,0.523,0.28071818
-5.390061,8.115503,-2.7188957,0.523,0.28110293
-5.435886,8.094891,-2.6947143,0.523,0.27577585
-5.481268,8.073143,-2.6709795,0.523,0.27044877
-5.526188,8.05029,-2.6476915,0.523,0.26512173
-5.5706286,8.026363,-2.6248517,0.523,0.27317783
-5.6144137,8.001482,-2.6013346,0.523,0.28123394
-5.657503,7.9756384,-2.5771422,0.523,0.28929004
-5.6998544,7.948823,-2.5522761,0.523,0.29182371
-5.741494,7.920984,-2.5271983,0.523,0.2943574
-5.7823915,7.892132,-2.501909,0.523,0.2968911
-5.8225155,7.8622775,-2.4764087,0.523,0.2911826
-5.861933,7.8313565,-2.4513843,0.523,0.28547412
-5.90063,7.799405,-2.4268372,0.523,0.27976564
-5.9385943,7.7664585,-2.4027677,0.523,0.28064334
-5.9757447,7.7326164,-2.378625,0.523,0.28152102
-6.0120587,7.6978965,-2.3544085,0.523,0.28239873
-6.047512,7.6623163,-2.3301187,0.523,0.28057632
-6.082109,7.6258664,-2.3059814,0.523,0.2787539
-6.1158338,7.5885725,-2.2819967,0.523,0.27693152
-6.1486716,7.550461,-2.258165,0.523,0.27708423
-6.18059,7.511579,-2.2343202,0.523,0.27723694
-6.2115717,7.4719486,-2.2104628,0.523,0.27738965
-6.2415977,7.431593,-2.1865926,0.523,0.2653486
-6.270749,7.3903937,-2.1637335,0.523,0.2533076
-6.2990417,7.3484054,-2.1418889,0.523,0.24126658
-6.3264937,7.3056793,-2.1210618,0.523,0.23613869
-6.353083,7.2623367,-2.1006691,0.523,0.2310108
-6.3788147,7.218407,-2.0807114,0.523,0.22588289
-6.403694,7.17392,-2.061189,0.523,0.22050971
-6.4277296,7.128901,-2.0421233,0.523,0.21513653
-6.45093,7.0833774,-2.023515,0.523,0.20976333
-6.473305,7.037377,-2.0053642,0.523,0.20810746
-6.494849,6.990962,-1.9873549,0.523,0.20645158
-6.515561,6.94415,-1.9694868,0.523,0.2047957
-6.5354404,6.896959,-1.9517599,0.523,0.20587434
-6.554476,6.849434,-1.9339411,0.523,0.20695296
-6.572657,6.8015876,-1.9160302,0.523,0.2080316
-6.589975,6.7534347,-1.8980273,0.523,0.21050778
-6.606414,6.7050033,-1.8798132,0.523,0.21298395
-6.62196,6.6563063,-1.8613882,0.523,0.21546014
-6.6365986,6.6073575,-1.8427522,0.523,0.21509528
-6.6503234,6.5581408,-1.8241473,0.523,0.21473043
-6.663131,6.5086727,-1.8055735,0.523,0.21436557
-6.6750193,6.458972,-1.7870307,0.523,0.21336044
-6.685986,6.409048,-1.7685735,0.523,0.21235532
-6.6960316,6.3589196,-1.7502021,0.523,0.21135019
-6.705157,6.3086042,-1.7319162,0.523,0.20901409
-6.713364,6.258105,-1.7138295,0.523,0.20667797
-6.7206607,6.207441,-1.695942,0.523,0.20434187
-6.7270527,6.1566296,-1.678254,0.523,0.20119229
-6.732549,6.10568,-1.6608348,0.523,0.19804272
-6.7371597,6.05461,-1.6436847,0.523,0.19489314
-6.740896,6.003436,-1.6268039,0.523,0.19183265
-6.74377,5.952176,-1.6101848,0.523,0.18877217
-6.7457933,5.900845,-1.5938277,0.523,0.18571168
-6.746977,5.849458,-1.5777328,0.523,0.18147393
-6.7473335,5.798018,-1.562001,0.523,0.17723617
-6.746881,5.746539,-1.5466326,0.523,0.17299843
-6.745636,5.695035,-1.531628,0.523,0.16579702
-6.743616,5.6434917,-1.5172422,0.523,0.15859562
-6.740852,5.5919223,-1.5034758,0.523,0.15139422
-6.737374,5.5403376,-1.4903296,0.52198243,0.1468621
-6.7332234,5.488868,-1.4775989,0.52096486,0.14233
-6.728424,5.4375224,-1.4652824,0.51994735,0.13779789
-6.723,5.386307,-1.4533789,0.51877475,0.1302978
-6.7169743,5.335223,-1.4421449,0.51760215,0.1227977
-6.7103834,5.2842774,-1.4315782,0.5164296,0.1152976
-6.7032647,5.233474,-1.4216763,0.5149253,0.10823752
-6.695659,5.182851,-1.4124054,0.51342106,0.10117745
-6.6876025,5.1324105,-1.4037623,0.51191676,0.09411737
-6.679129,5.0821548,-1.3957441,0.5100177,0.08868018
-6.670282,5.03213,-1.3882159,0.50811857,0.08324298
-6.661088,4.9823356,-1.3811746,0.50621945,0.07780579
-6.651575,4.932771,-1.3746167,0.50323427,0.071512565
-6.641791,4.883539,-1.3686239,0.500249,0.06521935
-6.6317673,4.8346376,-1.36319,0.49726385,0.058926128
-6.621536,4.786063,-1.3583093,0.49659896,0.052998938
-6.6110773,4.7375884,-1.3539248,0.49593407,0.047071744
-6.600418,4.6892104,-1.3500354,0.49526918,0.04114455
-6.5895824,4.6409264,-1.3466401,0.4910827,0.03438018
-6.578673,4.593075,-1.3438268,0.48689625,0.02761581
-6.5677204,4.5456524,-1.3415861,0.48270977,0.020851439
-6.556755,4.498654,-1.3399086,0.47712377,0.015449375
-6.545838,4.4522133,-1.3386801,0.47153777,0.010047311
-6.5349913,4.4063263,-1.3378905,0.4659518,0.004645246
-6.524237,4.3609896,-1.3375298,0.45447454,0.0067782225
-6.513732,4.316774,-1.3370163,0.44299725,0.008911198
-6.50347,4.273681,-1.3363584,0.43152,0.011044174
-6.4934464,4.2317123,-1.3355641,0.40913343,0.009727734
-6.4839115,4.1919274,-1.3349009,0.3867469,0.008411294
-6.474873,4.154325,-1.3343587,0.3643604,0.007094854
-6.466338,4.1189036,-1.3339279,0.342628,-9.173155e-05
-6.458298,4.0855975,-1.3339331,0.32089558,-0.007278317
-6.4507685,4.0544047,-1.3343223,0.2991632,-0.014464903
-6.4437604,4.0253243,-1.3350435,0.27950677,-0.029330099
-6.437235,3.9981582,-1.3364097,0.25985032,-0.044195294
-6.4312057,3.9729085,-1.3383231,0.24019389,-0.05906049
-6.4256816,3.949576,-1.3406861,0.22043099,-0.0732465
-6.420667,3.9281714,-1.3433746,0.20066808,-0.08743252
-6.41616,3.908696,-1.346295,0.18090518,-0.10161853
-6.4121537,3.8911505,-1.3493537,0.16467325,-0.119590215
-6.4085627,3.8752,-1.3526281,0.14844133,-0.1375619
-6.4053802,3.8608446,-1.3560207,0.1322094,-0.1555336
-6.4025965,3.8480833,-1.359434,0.121289045,-0.17752802
-6.4000916,3.8364108,-1.3630038,0.110368684,-0.19952245
-6.39786,3.8258255,-1.3666497,0.09944832,-0.22151688
-6.395893,3.8163252,-1.3702914,0.096409775,-0.24083832
-6.3940287,3.80715,-1.3741239,0.09337123,-0.26015976
-6.3922653,3.798301,-1.378127,0.09033268,-0.2794812
-6.3906026,3.789779,-1.3822801,0.08417114,-0.27619988
-6.3890853,3.7818244,-1.3861058,0.07800959,-0.27291858
-6.387706,3.7744398,-1.3896103,0.07184804,-0.26963726
-6.386458,3.767628,-1.3928001,0.07497322,-0.2635169
-6.385176,3.7605038,-1.3960549,0.078098394,-0.25739658
-6.383863,3.7530663,-1.3993684,0.08122358,-0.25127625
-6.382521,3.7453144,-1.4027343,0.07282009,-0.24635755
-6.3813396,3.7383516,-1.4056941,0.0644166,-0.24143885
-6.3803115,3.732182,-1.4082611,0.056013115,-0.23652016
-6.379431,3.7268083,-1.4104487,0.06272405,-0.2345736
-6.3784566,3.7207859,-1.4128784,0.06943498,-0.23262705
-6.377394,3.7141135,-1.4155463,0.07614591,-0.2306805
-6.376248,3.7067897,-1.418448,0.06603805,-0.22520554
-6.375271,3.7004273,-1.4209057,0.055930197,-0.21973059
-6.374456,3.69503,-1.4229375,0.04582234,-0.21425565
-6.373796,3.6906013,-1.4245614,0.056636516,-0.22546174
-6.3729916,3.68514,-1.4266716,0.06745069,-0.23666784
-6.37205,3.6786509,-1.4293075,0.07826486,-0.24787393
-6.37098,3.6711395,-1.4325078,0.062665835,-0.22723302
-6.370138,3.6650922,-1.4348606,0.047066815,-0.20659211
-6.369514,3.6605282,-1.4364697,0.031467788,-0.1859512
-6.3691,3.6574636,-1.4374393,0.049642477,-0.21521297
-6.368455,3.6526568,-1.4392062,0.06781717,-0.24447474
-6.367592,3.6461337,-1.4419421,0.08599185,-0.2737365
-6.366528,3.6379232,-1.4458164,0.065937035,-0.23925453
-6.3657293,3.6315675,-1.4484208,0.045882218,-0.20477255
-6.365181,3.6271086,-1.4499757,0.025827399,-0.17029057
-6.3648744,3.6245818,-1.4507052,0.045104735,-0.19132954
-6.3643436,3.6201856,-1.4521347,0.064382076,-0.2123685
-6.363599,3.6139362,-1.4543965,0.08365941,-0.23340747
-6.3626533,3.6058521,-1.4576215,0.06473193,-0.2096446
-6.3619385,3.5995612,-1.4598666,0.04580445,-0.18588173
-6.36144,3.5950873,-1.4612776,0.02687697,-0.16211887
-6.3611503,3.5924509,-1.4620006,0.04416318,-0.16997999
-6.3606777,3.5881238,-1.4632457,0.061449386,-0.17784111
-6.3600283,3.582111,-1.4650575,0.0787356,-0.18570223
-6.3592114,3.574416,-1.4674804,0.061987575,-0.16204056
-6.3585806,3.5683308,-1.4691472,0.045239557,-0.13837889
-6.358126,3.5638733,-1.4701872,0.02849154,-0.11471722
-6.3578415,3.561057,-1.4707308,0.044015236,-0.10749105
-6.3574047,3.5567029,-1.4715178,0.05953893,-0.100264885
-6.3568172,3.5508082,-1.472511,0.075062625,-0.093038715
-6.356084,3.5433705,-1.4736733,0.062828094,-0.07628808
-6.3554764,3.5371354,-1.4744714,0.050593566,-0.059537448
-6.354991,3.5321083,-1.4749732,0.03835904,-0.042786814
-6.3546243,3.5282936,-1.4752467,0.049043912,-0.027021563
-6.3541565,3.5234134,-1.4754674,0.05972879,-0.011256313
-6.353588,3.517468,-1.4755795,0.070413664,0.0045089363
-6.3529186,3.5104585,-1.4755266,0.06391797,0.0117764
-6.3523107,3.5040963,-1.4754012,0.057422273,0.019043863
-6.3517637,3.4983811,-1.4752189,0.050926574,0.026311327
