-6.7732654,9.786633,-0.45292994,0.8282171,0.0
-6.698795,9.750389,-0.45292994,0.523,-0.084995806
-6.651938,9.727586,-0.46032983,0.50120956,-0.16999161
-6.6076818,9.705641,-0.4744618,0.47941914,-0.25498742
-6.5664144,9.684446,-0.49461603,0.45378393,-0.3
-6.5282583,9.663867,-0.5169664,0.4281487,-0.3
-6.4927006,9.643651,-0.53805417,0.40251347,-0.3
-6.4596806,9.623945,-0.5578793,0.380944,-0.3
-6.4288054,9.604679,-0.5766421,0.35937458,-0.3
-6.4000244,9.58596,-0.5943425,0.33780515,-0.3
-6.3732867,9.567889,-0.6109806,0.32255945,-0.3
-6.3480463,9.550212,-0.6268677,0.30731377,-0.3
-6.32427,9.5329895,-0.6420039,0.29206806,-0.3
-6.301923,9.516282,-0.65638924,0.2866486,-0.3
-6.2802286,9.49957,-0.67050767,0.2812291,-0.3
-6.259178,9.482875,-0.68435913,0.27580965,-0.3
-6.2387624,9.466218,-0.6979437,0.2732228,-0.3
-6.218764,9.449444,-0.71140087,0.27063593,-0.3
-6.19918,9.432563,-0.72473055,0.2680491,-0.3
-6.1800084,9.415587,-0.7379329,0.26678124,-0.3
-6.161152,9.39844,-0.75107276,0.26551336,-0.3
-6.1426105,9.381131,-0.7641502,0.2642455,-0.3
-6.124385,9.363664,-0.7771652,0.26342535,-0.3
-6.1064444,9.346016,-0.7901398,0.2626052,-0.3
-6.088789,9.328192,-0.80307394,0.26178503,-0.3
-6.0714197,9.310198,-0.81596774,0.26109257,-0.3
-6.05433,9.292029,-0.82882744,0.26040012,-0.3
-6.0375195,9.273692,-0.84165305,0.25970766,-0.3
-6.02099,9.255189,-0.8544445,0.25895646,-0.3
-6.004745,9.236531,-0.867199,0.25820526,-0.3
-5.988786,9.217722,-0.8799164,0.25745407,-0.3
-5.9731135,9.198767,-0.89259696,0.2565396,-0.3
-5.9577374,9.179682,-0.90523237,0.25562516,-0.3
-5.9426575,9.160473,-0.9178228,0.2547107,-0.3
-5.9278736,9.141146,-0.9303681,0.25357923,-0.3
-5.9133983,9.12172,-0.94285774,0.25244775,-0.3
-5.8992295,9.102204,-0.9552917,0.25131628,-0.3
-5.8853674,9.082601,-0.96766984,0.25060272,-0.3
-5.8717875,9.062884,-0.9800129,0.2498892,-0.3
-5.8584905,9.043057,-0.9923208,0.24917565,-0.3
-5.845475,9.023126,-1.0045935,0.24984716,-0.3
-5.832671,9.002982,-1.0168993,0.25051865,-0.3
-5.820082,8.982628,-1.0292382,0.25119016,-0.3
-5.8077126,8.962064,-1.0416101,0.2526828,-0.3
-5.795526,8.941226,-1.0540557,0.25417545,-0.3
-5.7835293,8.9201145,-1.0665747,0.2556681,-0.3
-5.771729,8.898729,-1.0791671,0.25743064,-0.3
-5.7601194,8.8770485,-1.0918465,0.2591932,-0.3
-5.7487082,8.855073,-1.1046126,0.26095575,-0.3
-5.7375026,8.832804,-1.1174656,0.26204726,-0.3
-5.726538,8.810298,-1.1303723,0.26313874,-0.3
-5.7158213,8.787558,-1.1433327,0.26423025,-0.3
-5.7053566,8.764586,-1.1563469,0.2650266,-0.3
-5.695161,8.741411,-1.1694005,0.26582298,-0.3
-5.685239,8.718035,-1.1824931,0.26661932,-0.3
-5.6755953,8.69446,-1.195625,0.26725218,-0.3
-5.6662393,8.670704,-1.208788,0.26788503,-0.3
-5.657176,8.6467705,-1.2219824,0.26851785,-0.3
-5.6484084,8.622663,-1.2352077,0.2689285,-0.3
-5.6399474,8.598404,-1.2484534,0.2693391,-0.3
-5.6317964,8.573998,-1.2617192,0.26974976,-0.3
-5.623957,8.54945,-1.2750053,0.26989782,-0.3
-5.6164412,8.524785,-1.2882987,0.27004588,-0.3
-5.60925,8.50001,-1.3015994,0.27019393,-0.3
-5.602385,8.475126,-1.3149073,0.27019352,-0.3
-5.5958514,8.450154,-1.3282152,0.2701931,-0.3
-5.589651,8.425097,-1.3415232,0.27019268,-0.3
-5.5837846,8.3999605,-1.3548311,0.26979992,-0.3
-5.5782614,8.374784,-1.3681196,0.26940712,-0.3
-5.5730805,8.349573,-1.3813888,0.26901436,-0.3
-5.568242,8.324333,-1.3946387,0.26854637,-0.3
-5.563746,8.299075,-1.4078655,0.2680784,-0.3
-5.559592,8.273804,-1.4210693,0.26761037,-0.3
-5.555778,8.248524,-1.43425,0.26704246,-0.3
-5.552305,8.223249,-1.4474027,0.26647452,-0.3
-5.549172,8.197986,-1.4605275,0.26590657,-0.3
-5.5463767,8.172737,-1.4736242,0.26523876,-0.3
-5.543918,8.147518,-1.4866881,0.26457095,-0.3
-5.541795,8.122332,-1.4997191,0.26390314,-0.3
-5.5400043,8.097183,-1.5127174,0.26319575,-0.3
-5.5385447,8.072082,-1.5256805,0.26248837,-0.3
-5.5374136,8.047031,-1.538609,0.26178095,-0.3
-5.536609,8.022035,-1.5515026,0.26104873,-0.3
-5.536128,7.997101,-1.5643601,0.26031652,-0.3
-5.535968,7.9722323,-1.5771816,0.2595843,-0.3
-5.536126,7.947434,-1.589967,0.25892502,-0.3
-5.5366,7.9227023,-1.6027199,0.25826576,-0.3
-5.537388,7.8980417,-1.6154404,0.25760648,-0.3
-5.538486,7.873456,-1.6281284,0.25702155,-0.3
-5.539893,7.8489423,-1.6407876,0.25643662,-0.3
-5.5416064,7.824504,-1.653418,0.25585172,-0.3
-5.5436234,7.800145,-1.6660196,0.25530574,-0.3
-5.545943,7.775865,-1.6785941,0.25475976,-0.3
-5.548561,7.7516685,-1.691142,0.25421378,-0.3
-5.551477,7.727558,-1.7036629,0.2537003,-0.3
-5.5546875,7.7035346,-1.7161584,0.25318676,-0.3
-5.5581913,7.679602,-1.7286288,0.25267327,-0.3
-5.5619855,7.655763,-1.7410737,0.2524313,-0.3
-5.566072,7.631996,-1.7535068,0.2521893,-0.3
-5.5704494,7.6083045,-1.765928,0.25194734,-0.3
-5.575116,7.584692,-1.7783372,0.25180957,-0.3
-5.5800734,7.561152,-1.7907398,0.2516718,-0.3
-5.585319,7.5376883,-1.8031354,0.25153401,-0.3
-5.590852,7.5143037,-1.8155243,0.2520056,-0.3
-5.596685,7.4909463,-1.8279364,0.25247717,-0.3
-5.602819,7.467619,-1.8403717,0.25294876,-0.3
-5.609255,7.444327,-1.8528304,0.25351328,-0.3
-5.6159954,7.4210644,-1.8653167,0.25407782,-0.3
-5.623041,7.3978367,-1.877831,0.25464234,-0.3
-5.6303935,7.3746476,-1.8903729,0.2551859,-0.3
-5.6380525,7.351503,-1.9029417,0.25572947,-0.3
-5.646019,7.3284073,-1.9155372,0.25627303,-0.3
-5.6542926,7.305365,-1.9281595,0.25766516,-0.3
-5.6629033,7.282305,-1.9408504,0.25905728,-0.3
-5.671854,7.259231,-1.9536098,0.2604494,-0.3
-5.6811485,7.2361507,-1.9664378,0.26284158,-0.3
-5.690826,7.2129803,-1.9793837,0.26523378,-0.3
-5.7008934,7.1897273,-1.9924474,0.26762596,-0.3
-5.711357,7.1663995,-2.0056288,0.2702223,-0.3
-5.722232,7.1429863,-2.0189383,0.27281865,-0.3
-5.7335253,7.119497,-2.0323753,0.275415,-0.3
-5.745243,7.0959387,-2.0459406,0.27847826,-0.3
-5.757414,7.072282,-2.0596566,0.28154153,-0.3
-5.770045,7.0485353,-2.0735235,0.2846048,-0.3
-5.783145,7.02471,-2.087541,0.28978783,-0.3
-5.7968225,7.0006404,-2.1018143,0.29497087,-0.3
-5.8110933,6.9763412,-2.1163425,0.30015394,-0.3
-5.825972,6.951829,-2.1311262,0.31195685,-0.3
-5.841811,6.926584,-2.146491,0.32375976,-0.3
-5.8586497,6.9006395,-2.1624372,0.33556268,-0.3
-5.876529,6.8740306,-2.1789649,0.35026088,-0.3
-5.895648,6.846569,-2.1962163,0.36495912,-0.3
-5.91606,6.8183026,-2.214192,0.37965733,-0.3
-5.937819,6.789284,-2.2328913,0.39496553,-0.3
-5.9610157,6.7595243,-2.2523446,0.41027373,-0.3
-5.985708,6.7290854,-2.272552,0.42558193,-0.3
-6.0119553,6.6980352,-2.2935133,0.44490513,-0.3
-6.0400677,6.6661572,-2.3154263,0.46422833,-0.3
-6.0701237,6.6335454,-2.3382912,0.48355153,-0.3
-6.1021986,6.600301,-2.3621078,0.50586826,-0.3
-6.136573,6.5663304,-2.3870234,0.523,-0.3
-6.172975,6.5321064,-2.412783,0.523,-0.3
-6.2102466,6.4988313,-2.4385426,0.523,-0.3
-6.2483625,6.466527,-2.464302,0.523,-0.3
-6.2872987,6.4352155,-2.4900615,0.523,-0.3
-6.327028,6.404917,-2.515821,0.523,-0.3
-6.367524,6.375652,-2.5415804,0.523,-0.3
-6.408761,6.3474393,-2.5673401,0.523,-0.3
-6.450711,6.3202987,-2.5930996,0.523,-0.3
-6.4933457,6.294247,-2.618859,0.523,-0.3
-6.5366373,6.269303,-2.6446185,0.523,-0.3
-6.5805573,6.2454815,-2.6703782,0.523,-0.3
-6.6250763,6.2227993,-2.6961377,0.523,-0.3
-6.6701646,6.201271,-2.7218971,0.523,-0.3
-6.7157927,6.1809115,-2.7476566,0.523,-0.3
-6.7619295,6.161734,-2.773416,0.523,-0.3
-6.8085456,6.1437516,-2.7991757,0.523,-0.3
-6.855609,6.126975,-2.8249352,0.523,-0.3
-6.9030886,6.111417,-2.8506947,0.523,-0.3
-6.950954,6.0970864,-2.876454,0.523,-0.3
-6.9991717,6.083994,-2.9022138,0.523,-0.24082665
-7.0485144,6.0719514,-2.9230034,0.523,-0.1816533
-7.0987296,6.0607967,-2.9387505,0.523,-0.12247996
-7.149574,6.050339,-2.9494002,0.523,-0.05901947
-7.2008214,6.040367,-2.9545417,0.523,0.004441023
-7.2522087,6.030641,-2.9541545,0.523,0.067901514
-7.303474,6.020918,-2.9482403,0.523,0.093298376
-7.3545766,6.0109124,-2.9401197,0.523,0.11869524
-7.405458,6.0005198,-2.9297976,0.523,0.1440921
-7.4560595,5.9896398,-2.917281,0.523,0.15619329
-7.5064282,5.978148,-2.9037216,0.523,0.16829446
-7.5565376,5.965998,-2.889121,0.523,0.18039565
-7.606358,5.953146,-2.8734815,0.523,0.19039641
-7.655878,5.9395413,-2.8569856,0.523,0.20039718
-7.7050695,5.9251504,-2.8396342,0.523,0.21039794
-7.753902,5.90994,-2.8214295,0.523,0.21783954
-7.8023715,5.893869,-2.802591,0.523,0.22528113
-7.8504486,5.8769164,-2.7831197,0.523,0.23272273
-7.8981037,5.8590617,-2.7630167,0.523,0.23976041
-7.94531,5.840285,-2.7423172,0.523,0.2467981
-7.9920363,5.820569,-2.7210224,0.523,0.2538358
-8.038249,5.7999005,-2.6991332,0.523,0.25944915
-8.083931,5.778257,-2.6767707,0.523,0.26506254
-8.129049,5.7556314,-2.6539357,0.523,0.2706759
-8.173571,5.732018,-2.6306288,0.523,0.27893
-8.217427,5.707431,-2.6066294,0.523,0.2871841
-8.260577,5.68186,-2.5819392,0.523,0.29543817
-8.3029785,5.6552973,-2.5565598,0.523,0.29737866
-8.3446665,5.627683,-2.5310187,0.523,0.29931918
-8.385612,5.599031,-2.505316,0.523,0.30125967
-8.425783,5.5693536,-2.4794517,0.523,0.30502868
-8.465127,5.5386834,-2.4532735,0.523,0.3087977
-8.503608,5.507032,-2.4267826,0.523,0.3125667
-8.541192,5.474412,-2.3999786,0.523,0.31597897
-8.577848,5.440833,-2.372892,0.523,0.31939128
-8.613541,5.406313,-2.3455224,0.523,0.32280356
-8.648236,5.370869,-2.3178709,0.523,0.34153628
-8.681721,5.334714,-2.2886758,0.523,0.360269
-8.713915,5.29785,-2.2579472,0.523,0.3790017
-8.744737,5.2602887,-2.225696,0.523,0.38138878
-8.7743025,5.2217894,-2.1932518,0.523,0.38377586
-8.802577,5.1823893,-2.1606145,0.523,0.38616294
-8.829524,5.1421266,-2.1277843,0.523,0.38958997
-8.8551,5.101058,-2.0946777,0.523,0.39301702
-8.879269,5.059225,-2.0612948,0.523,0.39644408
-8.901994,5.0166698,-2.0276363,0.523,0.39521232
-8.923286,4.973351,-1.9940767,0.523,0.3939806
-8.943123,4.92932,-1.9606162,0.523,0.39274883
-8.961485,4.884627,-1.927255,0.523,0.40363583
-8.978269,4.8395534,-1.8930191,0.523,0.41452283
-8.993428,4.794146,-1.8579124,0.523,0.42540982
-9.006919,4.748458,-1.8219392,0.523,0.4177286
-9.018798,4.7021546,-1.786577,0.523,0.41004738
-9.029068,4.6553025,-1.7518277,0.523,0.4023662
-9.037732,4.607966,-1.7176936,0.523,0.3997375
-9.044784,4.560308,-1.6837703,0.523,0.39710882
-9.0502205,4.512385,-1.6500583,0.523,0.39448014
-9.054044,4.4642534,-1.6165577,0.523,0.3925669
-9.056254,4.4159827,-1.5832111,0.523,0.39065367
-9.056854,4.3676267,-1.5500187,0.523,0.38874042
-9.055849,4.319239,-1.5169804,0.523,0.38300595
-9.05324,4.2707987,-1.4844054,0.523,0.37727147
-9.049045,4.222358,-1.4522945,0.523,0.371537
-9.043283,4.1739683,-1.4206488,0.523,0.36708838
-9.035981,4.125702,-1.3893647,0.523,0.36263976
-9.027158,4.077606,-1.3584429,0.523,0.35819113
-9.016835,4.0297256,-1.327884,0.523,0.35275507
-9.00503,3.982087,-1.2977692,0.523,0.347319
-8.991769,3.9347315,-1.2680995,0.523,0.3418829
-8.977081,3.8876984,-1.238876,0.5196526,0.33374733
-8.961082,3.8412805,-1.2105042,0.51630515,0.32561174
-8.943836,3.7955036,-1.1829774,0.51295775,0.31747615
-8.925407,3.7503903,-1.1562891,0.5077758,0.30943084
-8.905929,3.7061203,-1.1305181,0.50259376,0.30138552
-8.885473,3.6627033,-1.1056528,0.49741182,0.2933402
-8.864116,3.6201458,-1.0816816,0.4941788,0.2824608
-8.841817,3.578251,-1.0587254,0.49094582,0.2715814
-8.818643,3.537022,-1.0367756,0.48771283,0.260702
-8.794657,3.49646,-1.0158235,0.48590744,0.25096136
-8.7698555,3.4564557,-0.9957122,0.48410207,0.24122068
-8.7442875,3.4170086,-0.9764378,0.48229668,0.23148002
-8.718,3.3781157,-0.95799655,0.48092166,0.22328126
-8.691027,3.339751,-0.9402481,0.47954664,0.21508251
-8.663404,3.3019102,-0.92318994,0.47817162,0.20688376
-8.635172,3.2645879,-0.90681964,0.4761987,0.19354208
-8.606375,3.227785,-0.89155465,0.4742258,0.1802004
-8.577065,3.1914854,-0.87738895,0.47225288,0.16685872
-8.5473,3.1556702,-0.8643166,0.46684816,0.15079327
-8.517338,3.1205623,-0.85262805,0.46144345,0.1347278
-8.48725,3.08613,-0.84229785,0.45603877,0.11866236
-8.457103,3.0523407,-0.8332999,0.44931674,0.10346563
-8.427051,3.019262,-0.8255656,0.44259474,0.0882689
-8.397154,2.9868612,-0.81906277,0.43587273,0.07307217
-8.367467,2.9551053,-0.81375915,0.4160247,0.07236656
-8.33897,2.9249446,-0.8087458,0.39617673,0.07166095
-8.311688,2.896358,-0.80401814,0.3763287,0.070955336
-8.285644,2.869325,-0.79957145,0.35681525,0.056549083
-8.260813,2.84378,-0.7962103,0.33730176,0.04214283
-8.237242,2.819694,-0.7938419,0.3177883,0.02773658
-8.214971,2.7970428,-0.792373,0.30099952,0.027726531
-8.193843,2.7756193,-0.79098225,0.28421077,0.027716482
-8.173867,2.7554185,-0.7896695,0.267422,0.027706433
-8.1550455,2.7364357,-0.7884348,0.25163108,0.03315433
-8.137317,2.7185984,-0.7870446,0.23584016,0.038602233
-8.12068,2.701907,-0.78552765,0.22004925,0.044050135
-8.105137,2.6863601,-0.78391266,0.20511822,0.04615537
-8.090627,2.6718931,-0.78233534,0.1901872,0.048260607
-8.077153,2.6585019,-0.7808061,0.17525616,0.050365843
-8.06472,2.646182,-0.7793356,0.163749,0.049871672
-8.053085,2.634688,-0.77797514,0.15224183,0.0493775
-8.0422535,2.624016,-0.7767227,0.14073466,0.04888333
-8.032228,2.614163,-0.7755766,0.13158698,0.04991553
-8.022844,2.6049616,-0.77448237,0.12243932,0.050947726
-8.014104,2.59641,-0.7734431,0.11329165,0.05197992
-8.006009,2.5885062,-0.77246207,0.10801708,0.05233152
-7.9982834,2.580978,-0.7715204,0.1027425,0.052683115
-7.9909286,2.5738244,-0.7706187,0.09746792,0.05303471
-7.9839454,2.5670445,-0.76975757,0.09614829,0.05989925
-7.9770536,2.560365,-0.7687983,0.09482866,0.06676378
-7.970253,2.5537865,-0.7677439,0.093509026,0.07362832
-7.9635434,2.5473099,-0.7665974,0.09196014,0.08095417
-7.9569416,2.5409515,-0.76535803,0.09041126,0.08828002
-7.950447,2.5347123,-0.7640295,0.08886238,0.09560587
-7.94406,2.5285926,-0.7626157,0.086824045,0.10269706
-7.937815,2.5226262,-0.7611322,0.0847857,0.109788254
-7.931713,2.5168135,-0.7595839,0.082747355,0.11687944
-7.925754,2.5111542,-0.75797564,0.08131258,0.12542818
-7.919895,2.505608,-0.7562803,0.079877816,0.13397694
-7.914137,2.500176,-0.754502,0.07844304,0.14252569
-7.9084797,2.4948575,-0.75264496,0.0779527,0.15139598
-7.902855,2.48959,-0.7506855,0.07746235,0.16026627
-7.8972635,2.4843736,-0.7486252,0.076972,0.16913655
-7.8917046,2.4792094,-0.74646574,0.077113114,0.17701367
-7.8861322,2.474055,-0.7442026,0.07725423,0.18489076
-7.880546,2.468911,-0.74183553,0.07739534,0.19276786
-7.874946,2.4637787,-0.7393644,0.07779022,0.19783002
-7.8693104,2.4586394,-0.73681617,0.078185104,0.20289218
-7.8636384,2.4534936,-0.73419046,0.078579985,0.20795435
-7.8579307,2.4483423,-0.7314865,0.07853353,0.21334387
-7.8522186,2.4432154,-0.72871524,0.07848707,0.2187334
-7.846503,2.4381132,-0.7258767,0.078440614,0.22412291
