8.91825,-3.2884974,-1.9209856,0.51536876,0.0
8.900569,-3.3369064,-1.9209856,0.4885249,0.09866373
8.88389,-3.382571,-1.9129654,0.46168107,0.19732746
8.8687,-3.4252186,-1.89788,0.43483722,0.2959912
8.855337,-3.4646063,-1.8767406,0.42972857,0.3946863
8.843389,-3.502433,-1.8492007,0.4246199,0.4933814
8.833111,-3.5383909,-1.8156836,0.41951126,0.5920765
8.824672,-3.5721629,-1.7766631,0.43631828,0.690695
8.817797,-3.6050842,-1.7303354,0.4531253,0.7893135
8.812726,-3.636594,-1.6767254,0.46993232,0.887932
8.809591,-3.6660812,-1.6159656,0.4928792,0.9864985
8.808364,-3.6932414,-1.5474472,0.5158261,1.0
8.809014,-3.7211041,-1.475105,0.523,1.0
8.811714,-3.7492325,-1.4017569,0.523,1.0
8.816468,-3.7770877,-1.3284086,0.523,1.0
8.823251,-3.8045194,-1.2550604,0.523,1.0
8.832025,-3.8313804,-1.1817122,0.523,1.0
8.842745,-3.857526,-1.108364,0.523,1.0
8.8553505,-3.882816,-1.0350157,0.523,1.0
8.869777,-3.907114,-0.9616675,0.523,1.0
8.885944,-3.9302895,-0.88831925,0.523,1.0
8.903768,-3.952218,-0.8149711,0.523,1.0
8.923149,-3.9727814,-0.74162287,0.523,1.0
8.943986,-3.9918692,-0.66827464,0.523,1.0
8.966165,-4.0093784,-0.5949264,0.523,1.0
8.989568,-4.0252156,-0.5215782,0.523,1.0
9.014069,-4.039295,-0.44822997,0.523,1.0
9.039535,-4.0515413,-0.37488174,0.523,1.0
9.06583,-4.061888,-0.30153352,0.523,1.0
9.092813,-4.07028,-0.2281853,0.523,1.0
9.120338,-4.0766726,-0.15483707,0.523,1.0
9.148258,-4.0810304,-0.081488855,0.523,1.0
9.176422,-4.0833306,-0.008140633,0.523,1.0
9.204679,-4.0835605,0.065207586,0.523,1.0
9.232877,-4.0817194,0.13855581,0.523,1.0
9.260863,-4.0778165,0.21190403,0.523,1.0
9.288489,-4.071873,0.28525224,0.523,1.0
9.315605,-4.0639215,0.35860047,0.523,1.0
9.342066,-4.054004,0.4319487,0.523,1.0
9.367728,-4.0421743,0.5052969,0.523,1.0
9.392454,-4.0284953,0.5786451,0.523,1.0
9.416112,-4.0130415,0.65199333,0.523,1.0
9.438574,-3.9958954,0.72534156,0.523,1.0
9.459718,-3.9771495,0.7986898,0.523,1.0
9.479432,-3.9569044,0.872038,0.523,1.0
9.497609,-3.935269,0.94538623,0.523,1.0
9.514153,-3.9123597,1.0187345,0.523,1.0
9.528972,-3.8883,1.0920827,0.523,1.0
9.541988,-3.8632185,1.1654309,0.523,1.0
9.553132,-3.8372507,1.2387791,0.523,1.0
9.562343,-3.8105361,1.3121274,0.523,1.0
9.569571,-3.7832186,1.3854755,0.523,1.0
9.574778,-3.7554445,1.4588238,0.523,0.98148197
9.578026,-3.7265587,1.5312873,0.523,0.96296394
9.5792055,-3.6967142,1.6028414,0.523,0.9444459
9.578223,-3.666072,1.6734614,0.523,0.90819305
9.574926,-3.634068,1.7421831,0.523,0.87194014
9.569187,-3.600914,1.808916,0.523,0.8356873
9.560914,-3.5668278,1.8735725,0.523,0.7977723
9.550024,-3.5319679,1.9359666,0.523,0.7598573
9.536485,-3.4965537,1.9960086,0.523,0.72194237
9.520293,-3.4607968,2.0536122,0.523,0.6779673
9.501381,-3.424719,2.108284,0.523,0.6339923
9.479808,-3.388524,2.1599185,0.523,0.5900173
9.455662,-3.352392,2.208416,0.523,0.5438322
9.42902,-3.3164308,2.2535176,0.523,0.49764708
9.400025,-3.280775,2.2951274,0.523,0.45146194
9.368842,-3.24553,2.3331568,0.523,0.42229968
9.335896,-3.211029,2.3688827,0.523,0.39313743
9.301304,-3.1773047,2.4022753,0.523,0.36397517
9.26519,-3.1443744,2.433306,0.523,0.3395661
9.227737,-3.1122942,2.4623392,0.523,0.31515706
9.18905,-3.0810568,2.489358,0.523,0.290748
9.14923,-3.050645,2.514346,0.523,0.2706906
9.108427,-3.021067,2.537654,0.523,0.25063315
9.066724,-2.9922943,2.5592728,0.523,0.23057574
9.0241995,-2.9642925,2.5791938,0.523,0.21753632
8.980998,-2.9370625,2.5980065,0.523,0.20449689
8.937169,-2.910576,2.6157079,0.523,0.19145747
8.892762,-2.8848023,2.6322947,0.523,0.1817337
8.847852,-2.8597226,2.6480489,0.523,0.17200992
8.802473,-2.8353112,2.6629684,0.523,0.16228615
8.7566595,-2.8115404,2.6770525,0.523,0.15241787
8.710444,-2.788381,2.6902869,0.523,0.14254957
8.663858,-2.7658024,2.7026703,0.523,0.13268128
8.616932,-2.743772,2.714202,0.523,0.12371283
8.569699,-2.7222595,2.724958,0.523,0.11474438
8.522188,-2.7012336,2.734938,0.523,0.10577592
8.4744215,-2.6806624,2.7441409,0.523,0.09726525
8.426427,-2.6605144,2.7526057,0.523,0.08875458
8.378224,-2.6407576,2.760332,0.523,0.0802439
8.329836,-2.6213598,2.7673192,0.523,0.072302446
8.281283,-2.6022892,2.773616,0.523,0.06436098
8.232586,-2.5835145,2.7792222,0.523,0.05641952
8.18376,-2.5650039,2.7841375,0.523,0.048088383
8.134822,-2.5467257,2.7883277,0.523,0.039757244
8.085791,-2.5286462,2.7917922,0.523,0.03142611
8.036682,-2.5107312,2.794531,0.523,0.023039907
7.9875135,-2.4929469,2.7965393,0.523,0.014653707
7.9383016,-2.4752586,2.7978165,0.523,0.0062675057
7.8890624,-2.4576313,2.7983627,0.523,-0.0014027118
7.839813,-2.4400308,2.7982407,0.523,-0.00907293
7.790568,-2.422425,2.7974498,0.523,-0.016743148
7.7413416,-2.404782,2.7959905,0.523,-0.017922556
7.6921415,-2.3870676,2.794428,0.523,-0.019101966
7.642971,-2.3692768,2.7927632,0.523,-0.020281374
7.5938306,-2.3514042,2.7909956,0.523,-0.017754186
7.54472,-2.333444,2.789448,0.523,-0.015226996
7.495635,-2.3154075,2.7881207,0.523,-0.012699807
7.4465723,-2.2973049,2.7870138,0.523,-0.01052835
7.3975286,-2.2791476,2.786096,0.523,-0.008356893
7.3485003,-2.2609448,2.7853677,0.523,-0.006185436
7.2994847,-2.2427063,2.7848284,0.523,-0.0030198575
7.2504783,-2.2244408,2.7845652,0.523,0.00014572144
7.201476,-2.2061625,2.784578,0.523,0.0033113002
7.1524744,-2.1878848,2.7848666,0.523,0.0076308968
7.1034684,-2.1696217,2.7855318,0.523,0.011950493
7.0544524,-2.151392,2.7865734,0.523,0.01627009
7.00542,-2.1332145,2.7879915,0.523,0.01649214
6.9563627,-2.1151066,2.7894292,0.523,0.016714191
6.907279,-2.0970693,2.790886,0.523,0.016936243
6.8581696,-2.0791037,2.7923622,0.523,0.018125093
6.809035,-2.0612109,2.793942,0.523,0.019313943
6.759873,-2.043396,2.7956254,0.523,0.020502795
6.710682,-2.0256646,2.7974124,0.523,0.019764567
6.661459,-2.0080206,2.7991352,0.523,0.019026339
6.6122046,-1.9904613,2.8007934,0.523,0.018288111
6.5629206,-1.9729835,2.8023875,0.523,0.0089004515
6.5136027,-1.955582,2.8031633,0.523,-0.00048720837
6.4642696,-1.9382181,2.8031209,0.523,-0.009874868
6.4149394,-1.9208529,2.8022602,0.523,-0.016275335
6.3656282,-1.9034468,2.8008416,0.523,-0.022675801
6.3163476,-1.8859729,2.798865,0.523,-0.029076267
6.2671103,-1.8684045,2.796331,0.523,-0.033066284
6.2179236,-1.8507136,2.7934492,0.523,-0.037056305
6.168795,-1.8328836,2.7902198,0.523,-0.04104632
6.119732,-1.8148978,2.786643,0.523,-0.048939656
6.0707507,-1.796743,2.782379,0.523,-0.05683299
6.0218678,-1.7783872,2.7774274,0.523,-0.06472633
5.9730997,-1.7597985,2.7717896,0.523,-0.075147115
5.924473,-1.740949,2.7652454,0.523,-0.08556791
5.8760114,-1.7217977,2.7577958,0.523,-0.09598869
5.8277392,-1.7023045,2.7494416,0.523,-0.099607304
5.7796493,-1.6824157,2.7407734,0.523,-0.10322591
5.7317505,-1.6621183,2.7317915,0.523,-0.10684452
5.6840544,-1.6413994,2.722496,0.523,-0.1112014
5.6365757,-1.6202481,2.712823,0.523,-0.11555828
5.5893273,-1.5986493,2.7027726,0.523,-0.11991516
5.5423226,-1.576588,2.692345,0.523,-0.12250206
5.4955654,-1.5540451,2.6816936,0.523,-0.12508896
5.4490657,-1.5310127,2.6708183,0.523,-0.12767586
5.4028344,-1.5074837,2.6597195,0.523,-0.12862176
5.3568726,-1.483446,2.6485388,0.523,-0.12956765
5.311188,-1.4588989,2.6372764,0.523,-0.13051355
5.2657886,-1.4338421,2.6259322,0.523,-0.12619078
5.220651,-1.4082575,2.6149619,0.523,-0.121868014
5.1757727,-1.3821653,2.6043653,0.523,-0.11754525
5.1311502,-1.3555851,2.594143,0.523,-0.1167437
5.0867977,-1.3285477,2.5839899,0.523,-0.11594214
5.042718,-1.3010588,2.5739062,0.523,-0.115140595
4.9989133,-1.2731241,2.563892,0.523,-0.11570006
4.9553933,-1.2447541,2.5538292,0.523,-0.11625953
4.9121637,-1.2159494,2.543718,0.523,-0.116818994
4.8692307,-1.1867111,2.5335584,0.523,-0.12487103
4.8266387,-1.1570671,2.522702,0.523,-0.13292307
4.784415,-1.1269938,2.5111496,0.523,-0.14097512
4.7425876,-1.0964687,2.498902,0.523,-0.14559515
4.701165,-1.0654542,2.486256,0.523,-0.1502152
4.6601667,-1.0339402,2.4732113,0.523,-0.15483522
4.6196113,-1.0019168,2.4597685,0.523,-0.16294645
4.579542,-0.9693934,2.445628,0.523,-0.17105766
4.539991,-0.93635184,2.43079,0.523,-0.17916888
4.5009904,-0.90277535,2.4152558,0.523,-0.18683973
4.462571,-0.86864555,2.3990643,0.523,-0.19451058
4.424765,-0.8339496,2.3822162,0.523,-0.20218144
4.387606,-0.7986761,2.3647125,0.5206554,-0.20649847
4.351267,-0.7629506,2.3469205,0.51831084,-0.21081552
4.315762,-0.7267811,2.3288436,0.51596624,-0.21513256
4.281107,-0.69017637,2.3104858,0.51279545,-0.22073317
4.2473803,-0.65321636,2.2917736,0.50962466,-0.22633377
4.2145967,-0.61591166,2.272713,0.5064538,-0.23193438
4.1827717,-0.5782741,2.2533107,0.50463444,-0.23882833
4.1518455,-0.54022646,2.2334144,0.5028151,-0.2457223
4.1218424,-0.50177604,2.213029,0.50099576,-0.25261626
4.092786,-0.46293157,2.1921592,0.49954945,-0.25511724
4.0646462,-0.42362857,2.1711483,0.49810314,-0.25761822
4.037435,-0.38388455,2.1499972,0.49665684,-0.2601192
4.011165,-0.3437176,2.1287076,0.49472085,-0.2603075
3.985856,-0.3031613,2.1074858,0.4927849,-0.2604958
3.9615102,-0.26223984,2.0863323,0.4908489,-0.2606841
3.938129,-0.22097743,2.0652468,0.48819447,-0.26425406
3.915766,-0.17949678,2.0439951,0.48554003,-0.26782402
3.894427,-0.13781892,2.02258,0.48288557,-0.271394
3.8741174,-0.09596529,2.0010052,0.48008314,-0.2720551
3.8548312,-0.05393637,1.9795045,0.4772807,-0.2727162
3.836564,-0.011758032,1.9580787,0.47447827,-0.2733773
3.8193097,0.030544257,1.9367284,0.47162947,-0.27392602
3.8030632,0.07294259,1.9154648,0.4687807,-0.27447474
3.7878165,0.11541209,1.8942882,0.4659319,-0.27502346
3.7735622,0.15792835,1.8731993,0.4617708,-0.27398953
3.7603228,0.20036578,1.8523755,0.45760974,-0.2729556
3.7480779,0.24269716,1.8318152,0.45344868,-0.2719217
3.736806,0.2848964,1.8115171,0.44803077,-0.27001318
3.7265117,0.3268311,1.7915988,0.44261286,-0.2681047
3.7171643,0.36847496,1.7720572,0.43719497,-0.2661962
3.7087324,0.4098032,1.7528888,0.43196627,-0.26461864
3.7011824,0.45080695,1.7340593,0.42673758,-0.26304105
3.6944847,0.49146494,1.715566,0.42150888,-0.26146346
3.6886106,0.5317573,1.6974064,0.41522798,-0.26743293
3.6835537,0.5714835,1.6791186,0.40894708,-0.27340236
3.6792967,0.6106285,1.6607155,0.40266618,-0.27937183
3.675821,0.64917755,1.6422094,0.39578474,-0.28903928
3.6731143,0.68701756,1.6234076,0.38890332,-0.29870674
3.6711597,0.7241343,1.6043329,0.38202187,-0.3
3.669936,0.76060975,1.585517,0.37475842,-0.3
3.669409,0.7964079,1.5670589,0.36749494,-0.3
3.6695402,0.8315158,1.5489585,0.3602315,-0.3
3.6702917,0.8659218,1.5312159,0.35469452,-0.3
3.6716325,0.8997805,1.513746,0.34915754,-0.3
3.6735344,0.9330826,1.4965489,0.3436206,-0.3
3.6759696,0.9658195,1.4796244,0.3399408,-0.3
3.6789265,0.99816036,1.4628811,0.336261,-0.3
3.6823864,1.0300977,1.4463191,0.33258122,-0.3
3.686331,1.0616245,1.4299384,0.33170715,-0.3
3.69078,1.0929999,1.4136007,0.3308331,-0.3
3.6957278,1.124216,1.3973061,0.32995903,-0.3
3.7011693,1.155265,1.3810545,0.331572,-0.3
3.7071435,1.1863728,1.3647234,0.33318493,-0.3
3.7136567,1.2175297,1.348313,0.3347979,-0.3
3.720714,1.2487258,1.331823,0.33681214,-0.3
3.7283306,1.2799882,1.315234,0.33882642,-0.3
3.7365131,1.3113062,1.2985456,0.34084067,-0.3
3.745269,1.3426687,1.281758,0.3428795,-0.3
3.7546055,1.3740664,1.26487,0.34491834,-0.3
3.7645297,1.4054878,1.2478817,0.34695718,-0.3
3.775048,1.4369206,1.2307929,0.34954458,-0.29541928
3.7862,1.4684465,1.2138317,0.352132,-0.29083854
3.797988,1.5000544,1.1970024,0.3547194,-0.2862578
3.8104134,1.5317332,1.180309,0.3589011,-0.27330482
3.8235676,1.5636897,1.1641636,0.36308283,-0.26035184
3.8374443,1.5959135,1.148586,0.36726454,-0.24739884
3.8520358,1.6283948,1.1335967,0.37405592,-0.22813192
3.867463,1.6614041,1.1194973,0.38084733,-0.20886502
3.883712,1.694931,1.1063359,0.38763875,-0.1895981
3.900765,1.7289673,1.0941598,0.39737117,-0.17083775
3.9187305,1.7637615,1.0829005,0.4071036,-0.1520774
3.9375942,1.7993068,1.0726217,0.41683602,-0.13331705
3.9573348,1.8355991,1.0633872,0.42855662,-0.112528324
3.978027,1.8728182,1.0553668,0.44027722,-0.091739595
3.9996376,1.9109648,1.0486443,0.45199782,-0.070950866
4.0221243,1.9500431,1.0433038,0.4622674,-0.051081322
4.045363,1.9899343,1.0393701,0.47253698,-0.031211782
4.069298,2.030651,1.0369123,0.48280653,-0.01134224
4.093865,2.0722103,1.0359997,0.4913831,0.000102961065
4.1189094,2.1144874,1.0360081,0.49995965,0.0115481615
4.144388,2.1575,1.0369704,0.5085362,0.022993362
4.1702576,2.2012665,1.038919,0.51620364,0.030457258
4.1964245,2.2457354,1.041539,0.523,0.037921153
4.2228117,2.2908473,1.0448437,0.523,0.04538505
4.249041,2.3360322,1.0487983,0.523,0.051936425
4.2750835,2.381306,1.0533234,0.523,0.058487795
4.3009114,2.4266808,1.0584188,0.523,0.06503917
4.326497,2.472168,1.0640839,0.523,0.074728094
4.3518076,2.5177686,1.0705917,0.523,0.08441702
4.376802,2.5634975,1.0779413,0.523,0.094105944
4.4014378,2.6093693,1.086132,0.523,0.09961426
4.425684,2.6554165,1.0948008,0.523,0.10512258
4.449517,2.701646,1.1039472,0.523,0.11063089
4.472912,2.748064,1.1135708,0.523,0.125913
4.4958177,2.7946203,1.1245172,0.523,0.1411951
4.518166,2.8413286,1.1367838,0.523,0.15647721
4.5398903,2.8881998,1.1503679,0.523,0.18012121
4.560891,2.9351728,1.1659837,0.523,0.2037652
4.5810633,2.9822512,1.1836226,0.523,0.2274092
4.600302,3.029433,1.2032746,0.523,0.23043808
4.618597,3.0769503,1.2231839,0.523,0.23346695
4.6359296,3.1247883,1.24335,0.523,0.23649584
4.6522827,3.172931,1.263773,0.523,0.23446892
4.6676564,3.2214212,1.2840241,0.523,0.232442
4.682052,3.2702363,1.3041034,0.523,0.23041509
4.695471,3.319354,1.3240106,0.523,0.19658138
4.708001,3.3690927,1.3410357,0.523,0.16274765
4.7197547,3.4193454,1.3551594,0.523,0.12891394
4.7308526,3.47001,1.3663653,0.523,0.06774252
4.7414455,3.5211036,1.3722657,0.523,0.006571102
4.7517605,3.572375,1.3728385,0.523,-0.054600317
4.762031,3.6235774,1.3680815,0.523,-0.07236547
4.772533,3.6746724,1.3617791,0.523,-0.09013062
4.783341,3.7256265,1.3539333,0.523,-0.10789578
