-3.7956924,5.8546367,-2.2190871,0.14609294,0.0
-3.804514,5.8429914,-2.2190871,0.14940035,-0.09621009
-3.8134933,5.831137,-2.221479,0.15270777,-0.19242018
-3.8225725,5.819211,-2.2263463,0.15601519,-0.28863028
-3.8316898,5.807355,-2.2337475,0.1657003,-0.3
-3.8414323,5.7948785,-2.2419088,0.17538543,-0.3
-3.8518517,5.781757,-2.2505472,0.18507056,-0.3
-3.8629656,5.7680063,-2.2596624,0.19025408,-0.3
-3.874519,5.753975,-2.2690332,0.19543761,-0.3
-3.886522,5.7396736,-2.278659,0.20062113,-0.3
-3.898984,5.725112,-2.2885404,0.20397021,-0.3
-3.9117997,5.7104335,-2.2985866,0.20731927,-0.3
-3.9249752,5.6956453,-2.3087978,0.21066834,-0.3
-3.938516,5.680756,-2.3191738,0.21344654,-0.3
-3.9523914,5.6658134,-2.3296869,0.21622474,-0.3
-3.9666054,5.650825,-2.3403366,0.21900295,-0.3
-3.9811633,5.635798,-2.3511233,0.22209738,-0.3
-3.9960902,5.620719,-2.3620622,0.22519182,-0.3
-4.0113916,5.605596,-2.3731537,0.22828624,-0.3
-4.027072,5.5904384,-2.3843977,0.23169544,-0.3
-4.043159,5.5752344,-2.3958094,0.23510464,-0.3
-4.059657,5.559994,-2.4073892,0.23851383,-0.3
-4.076573,5.5447273,-2.4191368,0.24303465,-0.3
-4.093991,5.529375,-2.431107,0.24755545,-0.3
-4.1119184,5.5139503,-2.4433,0.25207627,-0.3
-4.1303635,5.498468,-2.4557157,0.25725088,-0.3
-4.149382,5.482903,-2.468386,0.2624255,-0.3
-4.168983,5.4672713,-2.4813113,0.26760012,-0.3
-4.1891747,5.4515915,-2.4944916,0.27346244,-0.3
-4.2100177,5.4358416,-2.5079606,0.2793248,-0.3
-4.2315226,5.420042,-2.5217183,0.28518713,-0.3
-4.253699,5.4042144,-2.5357647,0.29259706,-0.29964447
-4.2766795,5.388295,-2.5501595,0.300007,-0.29928893
-4.300477,5.3723116,-2.5649018,0.30741692,-0.2989334
-4.325104,5.356293,-2.5799909,0.31603208,-0.29100585
-4.3507285,5.340171,-2.5951033,0.32464725,-0.2830783
-4.377361,5.323971,-2.6102164,0.3332624,-0.27515078
-4.405011,5.3077188,-2.625307,0.3421973,-0.2583505
-4.433783,5.2913866,-2.6398783,0.3511322,-0.24155022
-4.463675,5.27499,-2.6538773,0.36006713,-0.22474995
-4.4946837,5.258541,-2.6672516,0.36911467,-0.20694871
-4.526819,5.2420416,-2.679892,0.3781622,-0.18914747
-4.560072,5.225496,-2.6917427,0.38720974,-0.17134623
-4.5944304,5.2089057,-2.7027464,0.40017805,-0.16038044
-4.6301913,5.1921206,-2.7133973,0.41314632,-0.14941463
-4.667357,5.1751566,-2.7236474,0.42611462,-0.13844883
-4.705928,5.1580267,-2.7334485,0.44231012,-0.12285849
-4.74622,5.1406035,-2.7424827,0.45850563,-0.10726814
-4.788224,5.1228886,-2.7506642,0.47470114,-0.0916778
-4.8319287,5.104876,-2.7579074,0.48834005,-0.070845924
-4.877098,5.0866413,-2.7636685,0.50197893,-0.050014056
-4.9236956,5.068142,-2.767851,0.51561785,-0.029182184
-4.9716773,5.0493245,-2.7703586,0.523,-0.0074449303
-5.0204134,5.0303526,-2.7710075,0.523,0.014292324
-5.069158,5.0114136,-2.7697618,0.523,0.036029577
-5.1178527,4.992424,-2.766622,0.523,0.06091752
-5.1664286,4.9733047,-2.7613153,0.523,0.08580546
-5.214813,4.9539638,-2.753845,0.523,0.11069341
-5.2629347,4.93431,-2.744216,0.523,0.13297486
-5.310734,4.9142485,-2.732659,0.523,0.15525632
-5.358144,4.8937025,-2.7191803,0.523,0.17753777
-5.405097,4.8725986,-2.7037861,0.523,0.19682625
-5.45155,4.850854,-2.68674,0.523,0.21611471
-5.4974394,4.828411,-2.6680481,0.523,0.23540318
-5.5427003,4.805218,-2.647718,0.523,0.24493666
-5.587376,4.7811656,-2.6265805,0.523,0.25447014
-5.6314263,4.756235,-2.6046376,0.523,0.2640036
-5.6748095,4.7304096,-2.5818918,0.523,0.27207068
-5.717499,4.703663,-2.5584679,0.523,0.28013775
-5.7594543,4.6759872,-2.5343673,0.523,0.28820482
-5.8006334,4.6473765,-2.5095918,0.523,0.29780298
-5.840974,4.6178393,-2.4840152,0.523,0.30740112
-5.880428,4.5873723,-2.4576402,0.523,0.31699926
-5.918945,4.555972,-2.4304688,0.523,0.32477495
-5.956497,4.5236216,-2.4026544,0.523,0.33255064
-5.9930387,4.490327,-2.3741984,0.523,0.34032634
-6.028521,4.4560995,-2.3451025,0.523,0.35375154
-6.062826,4.4210253,-2.3149064,0.523,0.36717677
-6.0958886,4.3851132,-2.283615,0.523,0.380602
-6.1276436,4.3483787,-2.2512345,0.523,0.3872879
-6.15811,4.3107367,-2.2183135,0.523,0.39397383
-6.187241,4.2722187,-2.1848536,0.523,0.40065974
-6.214989,4.232858,-2.1508563,0.523,0.40806252
-6.2413,4.1927047,-2.1162658,0.523,0.4154653
-6.2661257,4.1517982,-2.081084,0.523,0.4228681
-6.2894206,4.110181,-2.045313,0.523,0.42106596
-6.3112297,4.067723,-2.0096848,0.523,0.4192638
-6.3315287,4.02448,-1.9742004,0.523,0.41746166
-6.350296,3.980509,-1.9388593,0.523,0.43437564
-6.367367,3.9362433,-1.9021758,0.523,0.45128962
-6.3826785,3.8917398,-1.8641601,0.523,0.4682036
-6.396175,3.8470623,-1.8248231,0.523,0.46114886
-6.407945,3.8017285,-1.786036,0.523,0.45409408
-6.4179835,3.7558131,-1.7478005,0.523,0.4470393
-6.4262877,3.7093894,-1.7101185,0.523,0.45941788
-6.4327974,3.6629667,-1.6714665,0.523,0.47179642
-6.4374795,3.6166162,-1.6318504,0.523,0.484175
-6.440304,3.5704138,-1.5912762,0.523,0.49186134
-6.441248,3.5243235,-1.5501102,0.523,0.49954766
-6.440298,3.4784243,-1.5083549,0.523,0.50723404
-6.4374456,3.4327984,-1.4660127,0.523,0.5050803
-6.4326587,3.3872797,-1.4238347,0.523,0.5029266
-6.425948,3.34195,-1.381821,0.523,0.50077283
-6.41733,3.2968884,-1.339972,0.523,0.4916612
-6.406782,3.252006,-1.2988214,0.523,0.48254952
-6.3943367,3.207381,-1.2583727,0.523,0.47343785
-6.3800297,3.163087,-1.2186291,0.523,0.47138217
-6.363957,3.1193504,-1.1790452,0.523,0.4693265
-6.3461475,3.076239,-1.139621,0.523,0.46727082
-6.3266325,3.0338192,-1.1003566,0.523,0.45383814
-6.305326,2.9919198,-1.0621412,0.523,0.44040546
-6.282286,2.9505997,-1.0249815,0.523,0.42697278
-6.257574,2.9099119,-0.98888427,0.523,0.4290079
-6.2314334,2.8701792,-0.95262563,0.523,0.43104297
-6.2038956,2.8314564,-0.91620576,0.523,0.43307808
-6.1749935,2.7937973,-0.87962484,0.523,0.41233745
-6.1444497,2.7568777,-0.84469265,0.523,0.39159682
-6.112353,2.7207298,-0.8114242,0.523,0.3708562
-6.078794,2.685377,-0.7798338,0.523,0.372536
-6.044158,2.6511242,-0.74810696,0.523,0.3742158
-6.0084763,2.618009,-0.71624386,0.523,0.37589562
-5.9717817,2.5860686,-0.68424445,0.523,0.35705903
-5.9338107,2.5550954,-0.65377796,0.523,0.33822247
-5.8946476,2.5250893,-0.6248551,0.523,0.3193859
-5.854375,2.496042,-0.5974862,0.523,0.32065317
-5.8133397,2.4681194,-0.57001245,0.523,0.32192048
-5.77157,2.441346,-0.54243386,0.523,0.3231878
-5.729097,2.4157455,-0.51475054,0.523,0.29972652
-5.6856036,2.391145,-0.4890138,0.523,0.27626526
-5.641184,2.3675084,-0.46523783,0.523,0.252804
-5.5959287,2.3447907,-0.4434357,0.523,0.23826283
-5.550021,2.3229854,-0.42286307,0.523,0.22372164
-5.5035167,2.3020577,-0.40352428,0.523,0.20918046
-5.4564657,2.2819693,-0.3854234,0.523,0.1748719
-5.4087415,2.2626069,-0.37025797,0.523,0.14056335
-5.3604665,2.2438686,-0.35804585,0.523,0.1062548
-5.3117595,2.2256436,-0.34880137,0.51892704,0.079682276
-5.2631464,2.2079644,-0.34191713,0.5148541,0.053109758
-5.2147098,2.190726,-0.33736196,0.5107811,0.02653724
-5.1665277,2.1738253,-0.3351031,0.4865834,0.031125713
-5.1205983,2.1578307,-0.3325793,0.46238574,0.035714187
-5.0769215,2.1427443,-0.3298276,0.43818808,0.040302657
-5.035498,2.128564,-0.32688504,0.41199198,0.04712095
-4.996524,2.1153498,-0.32365066,0.3857959,0.053939246
-4.9600005,2.1030982,-0.32018408,0.3595998,0.06075754
-4.925931,2.091801,-0.31654492,0.34523243,0.031749405
-4.8931394,2.0810597,-0.31471843,0.33086506,0.0027412653
-4.861678,2.070818,-0.31456724,0.3164977,-0.026266873
-4.831592,2.0610287,-0.31595266,0.30878788,-0.050149817
-4.8022785,2.051446,-0.31853253,0.30107808,-0.07403276
-4.7737637,2.042043,-0.32224408,0.29336828,-0.0979157
-4.74607,2.0327966,-0.32702398,0.28844616,-0.089907415
-4.7188644,2.0235684,-0.3313404,0.28352404,-0.08189912
-4.692144,2.014376,-0.33520615,0.2786019,-0.073890835
