6.82217,1.001589,-1.2349917,0.33797234,0.0
6.8333073,0.9696794,-1.2349917,0.35188845,-0.099706545
6.8448453,0.93662107,-1.2408296,0.36580452,-0.19941309
6.856463,0.9026998,-1.2529068,0.37972063,-0.29911962
6.8678045,0.8682319,-1.2715561,0.38917357,-0.3
6.8787646,0.8327049,-1.2907243,0.3986265,-0.3
6.889292,0.7961065,-1.3103579,0.40807945,-0.3
6.8993306,0.7584359,-1.3304572,0.41493952,-0.3
6.9087663,0.7199346,-1.3508945,0.4217996,-0.3
6.9175563,0.6806089,-1.3716694,0.42865968,-0.3
6.925657,0.6404667,-1.3927823,0.43273672,-0.3
6.932977,0.59977907,-1.4140961,0.43681377,-0.3
6.93949,0.55855995,-1.4356107,0.44089082,-0.3
6.9451666,0.51682436,-1.457326,0.44273674,-0.3
6.9499555,0.4748001,-1.4791323,0.44458267,-0.3
6.9538436,0.43250582,-1.5010295,0.44642857,-0.3
6.956816,0.38996062,-1.5230176,0.44676813,-0.3
6.9588547,0.34732792,-1.5450225,0.44710767,-0.3
6.9599557,0.30462828,-1.567044,0.4474472,-0.3
6.960116,0.26188233,-1.5890822,0.4477691,-0.3
6.959334,0.21911246,-1.6111364,0.448091,-0.3
6.9576077,0.1763395,-1.6332064,0.44841293,-0.3
6.9549356,0.1335844,-1.6552923,0.4487758,-0.3
6.9513173,0.09086416,-1.6773959,0.44913867,-0.3
6.946752,0.048199862,-1.6995176,0.44950154,-0.3
6.94124,0.005612611,-1.721657,0.45009726,-0.3
6.9347773,-0.03689844,-1.7438258,0.450693,-0.3
6.9273643,-0.079311855,-1.766024,0.45128873,-0.3
6.919001,-0.12160612,-1.7882515,0.4526482,-0.3
6.9096713,-0.16383086,-1.8105459,0.45400766,-0.3
6.899372,-0.2059633,-1.8329073,0.45536712,-0.3
6.8880997,-0.24798034,-1.8553357,0.45671412,-0.3
6.8758516,-0.28985754,-1.8778304,0.4580611,-0.3
6.8626256,-0.33157128,-1.9003915,0.4594081,-0.3
6.8484206,-0.37309784,-1.9230188,0.4611437,-0.3
6.8332224,-0.41444796,-1.9457318,0.46287927,-0.3
6.8170285,-0.45559657,-1.96853,0.46461487,-0.3
6.799836,-0.4965182,-1.991414,0.46662408,-0.3
6.781634,-0.5372109,-2.0143967,0.46863326,-0.3
6.7624187,-0.5776479,-2.0374784,0.47064248,-0.3
6.742189,-0.61780214,-2.0606592,0.47227475,-0.3
6.7209606,-0.6576143,-2.0839205,0.47390702,-0.3
6.6987357,-0.6970577,-2.107262,0.4755393,-0.3
6.675516,-0.73610574,-2.130684,0.47629502,-0.3
6.6513505,-0.7746604,-2.1541429,0.47705078,-0.3
6.6262474,-0.8126979,-2.1776392,0.4778065,-0.3
6.600216,-0.85019445,-2.2011728,0.4788771,-0.3
6.5732493,-0.88715065,-2.224759,0.4799477,-0.3
6.5453563,-0.9235417,-2.2483983,0.48101828,-0.3
6.516547,-0.9593431,-2.27209,0.48248246,-0.3
6.4868073,-0.99455875,-2.2958539,0.48394665,-0.3
6.4561462,-1.0291625,-2.31969,0.48541084,-0.3
6.4245744,-1.0631281,-2.343598,0.487138,-0.3
6.392084,-1.0964473,-2.3675911,0.48886517,-0.3
6.358686,-1.1290929,-2.3916695,0.49059233,-0.3
6.3243904,-1.1610374,-2.4158328,0.4923669,-0.3
6.2892065,-1.1922565,-2.4400835,0.4941415,-0.3
6.2531466,-1.2227225,-2.4644215,0.49591607,-0.3
6.2162237,-1.2524084,-2.4888473,0.4980698,-0.3
6.1784234,-1.2813085,-2.5133789,0.5002235,-0.3
6.1397586,-1.3093936,-2.5380166,0.5023773,-0.3
6.100245,-1.3366345,-2.5627604,0.5053337,-0.2717491
6.0594954,-1.3632642,-2.585367,0.5082902,-0.2434982
6.0176024,-1.3893094,-2.6057916,0.5112466,-0.2152473
5.9746566,-1.4148078,-2.623991,0.51639014,-0.18851097
5.930577,-1.439906,-2.6401193,0.52153367,-0.16177462
5.8854423,-1.4646497,-2.65412,0.523,-0.13503829
5.8396544,-1.4889238,-2.665855,0.523,-0.11340997
5.793461,-1.512723,-2.6757195,0.523,-0.09178166
5.746931,-1.5361174,-2.6837084,0.523,-0.070153356
5.7001343,-1.5591798,-2.6898184,0.523,-0.042069696
5.653123,-1.5819918,-2.6934845,0.523,-0.013986039
5.605991,-1.6046492,-2.6947036,0.523,0.014097619
5.5588317,-1.627249,-2.6934748,0.523,0.036028873
5.5117264,-1.6498944,-2.690335,0.523,0.05796013
5.4647408,-1.6726639,-2.6852856,0.523,0.07989138
5.4179416,-1.6956357,-2.678329,0.523,0.082911074
5.3713145,-1.7189267,-2.6711104,0.523,0.085930765
5.324869,-1.7425476,-2.6636293,0.523,0.088950455
5.2786136,-1.766509,-2.655886,0.523,0.10521493
5.2326183,-1.7907895,-2.6467316,0.523,0.12147941
5.1869316,-1.8154442,-2.6361687,0.523,0.13774388
5.141604,-1.8405268,-2.6241999,0.523,0.13710488
5.096576,-1.8661525,-2.6122863,0.523,0.13646588
5.0518527,-1.8923151,-2.6004279,0.523,0.13582689
5.0074387,-1.9190085,-2.5886247,0.523,0.15139486
4.963442,-1.946163,-2.5754786,0.523,0.16696283
4.919915,-1.9738244,-2.5609925,0.523,0.18253079
4.8769116,-2.0020356,-2.54517,0.523,0.17005214
4.8342657,-2.0309882,-2.5304186,0.523,0.15757348
4.7919636,-2.0606277,-2.51674,0.523,0.14509481
4.7499914,-2.0909004,-2.504137,0.523,0.17390457
4.7085967,-2.1215575,-2.4890547,0.523,0.20271434
4.667893,-2.1526642,-2.4715054,0.523,0.2315241
4.6279955,-2.1842785,-2.4515042,0.523,0.20104882
4.5884748,-2.2169025,-2.4340973,0.523,0.17057356
4.549304,-2.2504005,-2.4193008,0.523,0.14009829
4.510448,-2.2846377,-2.4071288,0.523,0.18951595
4.4723263,-2.319061,-2.3907082,0.523,0.23893361
4.435177,-2.3537307,-2.3700786,0.523,0.28835127
4.3992333,-2.38869,-2.345291,0.523,0.24303757
4.363732,-2.424974,-2.324314,0.523,0.19772387
4.328645,-2.4623725,-2.3071911,0.523,0.15241016
4.2939262,-2.500672,-2.2939575,0.523,0.20937483
4.260072,-2.539026,-2.27584,0.523,0.2663395
4.2273736,-2.5774524,-2.2528975,0.523,0.32330418
4.1961102,-2.615947,-2.2252047,0.523,0.27974305
4.1655135,-2.6558292,-2.201137,0.523,0.2361819
4.1355424,-2.6969056,-2.1807408,0.523,0.19262077
4.106138,-2.738982,-2.1640544,0.523,0.24368237
4.0777626,-2.781064,-2.143023,0.523,0.29474398
4.0506635,-2.8231366,-2.1177015,0.523,0.3458056
4.025075,-2.8651636,-2.088156,0.523,0.3080189
4.0004253,-2.9084797,-2.0617294,0.523,0.2702322
3.9766636,-2.9529288,-2.03846,0.523,0.2324455
3.9537206,-2.9983575,-2.0183804,0.523,0.2801878
3.9319685,-3.043667,-1.9942757,0.523,0.32793006
3.9116218,-3.0888064,-1.9662007,0.523,0.37567234
3.8928819,-3.133705,-1.9342194,0.523,0.34744996
3.8754013,-3.179668,-1.904539,0.523,0.31922758
3.8591344,-3.2265856,-1.8771832,0.523,0.29100522
3.8440232,-3.2743535,-1.8521738,0.523,0.32434773
3.8302577,-3.321977,-1.8243946,0.523,0.35769027
3.8179667,-3.3694,-1.7938765,0.523,0.3910328
3.8072696,-3.416554,-1.7606535,0.523,0.3757698
3.7980883,-3.4643307,-1.7286644,0.523,0.36050677
3.7903945,-3.51266,-1.6979164,0.523,0.34524378
3.7841554,-3.561477,-1.668417,0.523,0.36580074
3.779395,-3.610084,-1.6372377,0.523,0.38635772
3.7761788,-3.658422,-1.6043918,0.523,0.40691468
3.7745655,-3.7064245,-1.5698931,0.523,0.40127772
3.7746089,-3.7545698,-1.5358464,0.523,0.39564076
3.7762952,-3.8028002,-1.5022523,0.523,0.3900038
3.7796082,-3.8510592,-1.4691123,0.523,0.388338
3.784522,-3.899215,-1.4361066,0.523,0.38667217
3.7910264,-3.9472148,-1.4032352,0.523,0.38500637
3.7991104,-3.9950075,-1.3704985,0.523,0.37276438
3.8088014,-4.042742,-1.3387531,0.523,0.36052236
3.8200555,-4.0903683,-1.308004,0.523,0.34828037
3.8328261,-4.1378403,-1.2782556,0.523,0.34232715
3.8470335,-4.185013,-1.2489954,0.523,0.3363739
3.8626478,-4.2318473,-1.2202246,0.523,0.33042067
3.879638,-4.2783093,-1.1919442,0.523,0.31606266
3.8980231,-4.324494,-1.1648505,0.523,0.30170462
3.917743,-4.370373,-1.138949,0.523,0.2873466
3.9387355,-4.415924,-1.1142453,0.523,0.2973363
3.9607804,-4.4608073,-1.0887077,0.523,0.30732605
3.9838922,-4.504976,-1.0623388,0.523,0.31731576
4.0080824,-4.548379,-1.0351412,0.523,0.29957998
4.0335875,-4.59135,-1.0094167,0.523,0.2818442
4.0603313,-4.6338763,-0.9851733,0.523,0.26410842
4.088236,-4.6759505,-0.96241856,0.523,0.28458485
4.1169252,-4.71714,-0.9379457,0.523,0.3050613
4.1464295,-4.7573647,-0.9117651,0.523,0.32553777
4.1767735,-4.796541,-0.8838876,0.523,0.29585007
4.2084985,-4.835223,-0.85847384,0.523,0.2661624
4.241478,-4.873412,-0.8355463,0.523,0.23647471
4.275583,-4.911122,-0.8151252,0.523,0.2649293
4.310198,-4.9478583,-0.7923014,0.523,0.2933839
4.345354,-4.9835033,-0.76709336,0.523,0.32183847
4.381073,-5.017938,-0.7395216,0.523,0.27970737
4.4182105,-5.051815,-0.71545714,0.523,0.23757625
4.4565773,-5.0851583,-0.69494265,0.523,0.19544514
4.4959836,-5.1180105,-0.6780146,0.523,0.22710441
4.53567,-5.1499734,-0.6583884,0.523,0.2587637
4.5756607,-5.1809072,-0.6360837,0.523,0.29042298
4.6159706,-5.210675,-0.61112285,0.523,0.24402305
4.6575356,-5.239795,-0.5900627,0.523,0.19762312
4.700146,-5.268329,-0.5729484,0.523,0.1512232
4.7435923,-5.2963576,-0.55981696,0.523,0.18014634
4.787192,-5.3236814,-0.54419905,0.523,0.20906948
4.830962,-5.350169,-0.5261076,0.523,0.23799261
4.874915,-5.3756924,-0.50555784,0.523,0.19458997
4.919809,-5.400543,-0.48870295,0.523,0.15118733
4.96546,-5.4248166,-0.4755746,0.523,0.10778467
5.0116863,-5.448623,-0.46619755,0.523,0.13060345
5.0580072,-5.4719315,-0.4548456,0.523,0.1534222
5.104438,-5.4946384,-0.4415247,0.523,0.17624098
5.15099,-5.516641,-0.4262418,0.523,0.13765588
5.19816,-5.5380597,-0.41428062,0.523,0.0990708
5.245801,-5.559009,-0.40565908,0.523,0.06048571
5.293769,-5.5796103,-0.40038997,0.523,0.07517692
5.3417964,-5.599938,-0.3938432,0.523,0.08986813
5.3898973,-5.6199265,-0.38602024,0.523,0.10455934
5.438084,-5.63951,-0.37692276,0.523,0.07710214
5.4865685,-5.658703,-0.37020868,0.523,0.049644936
5.535265,-5.677602,-0.36588308,0.523,0.022187734
5.584091,-5.696309,-0.3639492,0.523,0.03760054
5.6329308,-5.714913,-0.36067244,0.523,0.053013347
5.681797,-5.733344,-0.35605362,0.523,0.068426155
5.730702,-5.751532,-0.3500938,0.523,0.046524405
5.7797766,-5.7694507,-0.3460399,0.523,0.024622655
5.8289614,-5.7871842,-0.34389383,0.523,0.0027209043
5.878199,-5.804817,-0.34365666,0.523,0.011504972
5.927438,-5.822438,-0.3426538,0.523,0.02028904
5.976687,-5.8400064,-0.34088543,0.523,0.029073108
6.025957,-5.857484,-0.33835158,0.523,0.018671464
6.075283,-5.8748407,-0.33672413,0.523,0.008269822
6.1246443,-5.89212,-0.3360033,0.523,-0.0021318197
6.17402,-5.909364,-0.33618912,0.523,0.0012738943
6.223392,-5.9266176,-0.33607808,0.523,0.004679608
6.272765,-5.9438653,-0.33567017,0.523,0.008085323
6.322145,-5.9610925,-0.3349654,0.523,0.0051695583
6.371537,-5.978285,-0.3345148,0.523,0.0022537946
6.4209385,-5.9954557,-0.33431834,0.523,-0.0006619692
6.4703426,-6.0126166,-0.33437604,0.5153345,0.007690847
6.5190206,-6.029528,-0.3337155,0.5076689,0.016043663
6.5669804,-6.046155,-0.33235806,0.5000034,0.02439648
6.6142306,-6.062464,-0.33032522,0.4844686,0.014769572
6.6600533,-6.078176,-0.3291327,0.46893385,0.005142665
6.704429,-6.093333,-0.32873076,0.45339906,-0.0044842423
6.7473407,-6.10797,-0.3290696,0.4394742,-0.034360833
6.7889056,-6.1221642,-0.3315859,0.42554933,-0.06423742
6.829059,-6.135989,-0.3361388,0.41162443,-0.09411401
6.867746,-6.149506,-0.3425859,0.41028127,-0.12117753
6.9061065,-6.1631875,-0.35085177,0.4089381,-0.14824104
6.944088,-6.1770883,-0.36091837,0.40759495,-0.17530456
6.981637,-6.1912613,-0.37276635,0.39543933,-0.20023145
7.0177293,-6.205375,-0.3858749,0.3832837,-0.22515833
7.0523434,-6.2194366,-0.40013695,0.37112808,-0.2500852
7.085461,-6.233444,-0.41544515,0.35800415,-0.16613942
7.117765,-6.247694,-0.4253127,0.34488022,-0.08219362
7.1490746,-6.261876,-0.43003187,0.3317563,0.0017521798
7.1792297,-6.275707,-0.42993498,0.31954655,0.047286958
7.208244,-6.289011,-0.42741752,0.3073368,0.09282173
7.236092,-6.3016963,-0.42266977,0.29512706,0.1383565
7.2627506,-6.3136864,-0.41588598,0.2937871,0.10827747
7.2894673,-6.3254857,-0.4105946,0.29244712,0.078198425
7.3161993,-6.3371234,-0.406787,0.29110715,0.048119385
7.3429036,-6.348628,-0.40445325,0.27962765,0.11023095
7.3684545,-6.3595653,-0.39932638,0.26814812,0.17234252
7.3927937,-6.3698363,-0.39166224,0.25666863,0.2344541
