-3.3298373,3.4093626,0.46729675,-0.14787658,0.0
-3.3430395,3.402701,0.46729675,-0.17537275,-0.090175584
-3.358633,3.394833,0.46992892,-0.20286892,-0.18035117
-3.3764274,3.3857956,0.47599384,-0.2303651,-0.27052677
-3.3961585,3.3756237,0.48625427,-0.2574384,-0.3
-3.4179018,3.3641305,0.49893397,-0.2845117,-0.3
-3.4417686,3.351125,0.51294714,-0.31158498,-0.3
-3.4677045,3.3365169,0.5282937,-0.33774233,-0.3
-3.4955716,3.3202531,0.54492867,-0.36389965,-0.3
-3.525301,3.3022325,0.56285197,-0.390057,-0.3
-3.556816,3.2823486,0.5820636,-0.41447264,-0.3
-3.589892,3.2605808,0.6024778,-0.43888828,-0.3
-3.6244383,3.2368205,0.6240945,-0.46330392,-0.3
-3.660356,3.2109559,0.64691377,-0.48601788,-0.3
-3.6974056,3.1829705,0.67085177,-0.50873184,-0.3
-3.7354743,3.1527576,0.69590855,-0.523,-0.3
-3.7738204,3.1207266,0.72166806,-0.523,-0.3
-3.8113286,3.0877182,0.7474276,-0.523,-0.3
-3.8479743,3.053755,0.7731871,-0.523,-0.3
-3.883733,3.0188591,0.7989466,-0.523,-0.3
-3.918581,2.9830537,0.82470614,-0.523,-0.3
-3.9524953,2.9463627,0.8504656,-0.523,-0.3
-3.9854534,2.9088104,0.8762251,-0.523,-0.26577568
-4.017753,2.8700376,0.89912015,-0.523,-0.23155136
-4.0494304,2.830191,0.9191238,-0.523,-0.19732705
-4.080536,2.7894156,0.9362128,-0.523,-0.16969895
-4.111096,2.7479024,0.95093393,-0.523,-0.14207086
-4.1411724,2.7057614,0.96327615,-0.523,-0.11444278
-4.1708317,2.6631005,0.97323,-0.523,-0.10062075
-4.2001085,2.6200824,0.981986,-0.523,-0.08679871
-4.229045,2.5767534,0.9895424,-0.523,-0.072976686
-4.257685,2.5331585,0.99589795,-0.523,-0.04954171
-4.2860885,2.4893198,1.0002146,-0.523,-0.02610674
-4.314327,2.44532,1.0024899,-0.523,-0.0026717663
-4.342475,2.4012408,1.0027229,-0.523,0.016278494
-4.3706093,2.357161,1.0013039,-0.523,0.03522875
-4.3987923,2.3131425,0.9982338,-0.523,0.054179013
-4.427086,2.269248,0.9935135,-0.523,0.06691428
-4.455565,2.2255216,0.98768514,-0.523,0.07964955
-4.484271,2.1820023,0.9807497,-0.523,0.09238483
-4.5132465,2.1387308,0.9727083,-0.523,0.11383057
-4.5425043,2.095789,0.9628075,-0.523,0.1352763
-4.5721064,2.0532534,0.95105183,-0.523,0.15672204
-4.6021113,2.0112016,0.9374467,-0.523,0.18387103
-4.632543,1.9697559,0.9215095,-0.523,0.21102002
-4.663463,1.9290222,0.90325177,-0.523,0.238169
-4.694926,1.8891081,0.8826871,-0.523,0.2528166
-4.7270846,1.8499932,0.8608839,-0.523,0.2674642
-4.75996,1.8117383,0.83784693,-0.523,0.28211176
-4.793569,1.7744052,0.81358105,-0.523,0.28682888
-4.8280263,1.737949,0.7889206,-0.523,0.29154596
-4.8633223,1.7024033,0.76386595,-0.523,0.29626304
-4.899446,1.6678026,0.7384178,-0.5121887,0.29278153
-4.9357123,1.6347933,0.71378016,-0.5013773,0.2893
-4.9720364,1.6033324,0.6899412,-0.49056596,0.2858185
-5.0083375,1.573375,0.6668893,-0.47723374,0.28029165
-5.044373,1.545008,0.64488596,-0.46390155,0.27476484
-5.0800557,1.5181686,0.6239083,-0.45056933,0.269238
-5.115307,1.492794,0.6039333,-0.43930158,0.26331368
-5.1502194,1.4687066,0.58487624,-0.42803383,0.2573894
-5.1847324,1.4458536,0.56671643,-0.41676608,0.25146508
-5.218788,1.4241825,0.54943293,-0.40112224,0.24105635
-5.2520075,1.4038415,0.533473,-0.38547838,0.23064762
-5.28432,1.384758,0.5187858,-0.36983454,0.2202389
-5.3156614,1.3668635,0.50531995,-0.3554331,0.20888445
-5.3460865,1.3500315,0.49303567,-0.3410317,0.19753
-5.3755436,1.3342042,0.4818812,-0.32663026,0.18617555
-5.403987,1.3193282,0.47180456,-0.31498873,0.18323533
-5.431575,1.3052518,0.4622388,-0.3033472,0.1802951
-5.4582863,1.2919432,0.45317274,-0.29170564,0.17735487
-5.484101,1.2793721,0.4445953,-0.27458996,0.16711098
-5.5085454,1.2677268,0.43698302,-0.25747427,0.15686709
-5.5315866,1.256964,0.43027905,-0.2403586,0.14662321
-5.5531974,1.2470456,0.42442638,-0.22026764,0.106433086
-5.5731564,1.2380264,0.42052647,-0.20017667,0.06624297
-5.5913897,1.2298722,0.41831803,-0.18008572,0.026052851
-5.60784,1.2225592,0.41753617,-0.15888032,-0.026808124
-5.622358,1.2161188,0.41824597,-0.13767494,-0.0796691
-5.6348987,1.2105447,0.4200721,-0.116469555,-0.13253008
-5.6454396,1.2058365,0.4226372,-0.098258756,-0.19877732
-5.6542244,1.2018856,0.42587107,-0.08004795,-0.26502454
-5.66126,1.1986941,0.4293656,-0.06183715,-0.3
-5.666631,1.196235,0.43241128,-0.03783907,-0.3
-5.6699133,1.19472,0.434275,-0.013840988,-0.3
-5.671113,1.1941637,0.4349567,0.010157093,-0.3
-5.670233,1.1945726,0.43445644,0.029495943,-0.3
-5.667677,1.1957586,0.43300366,0.048834793,-0.3
-5.663442,1.1977162,0.43059838,0.06817364,-0.3
-5.6575236,1.2004348,0.4272406,0.09530067,-0.3
-5.6492376,1.2042073,0.4225467,0.12242769,-0.3
-5.6385703,1.2090037,0.41651675,0.14955471,-0.3
-5.6255045,1.214784,0.40915066,0.1787689,-0.3
-5.6098356,1.2215784,0.4003457,0.20798309,-0.3
-5.5915375,1.2293222,0.39010182,0.23719727,-0.3
-5.5705795,1.2379395,0.37841907,0.2671706,-0.3
-5.5468616,1.2473693,0.36526,0.29714397,-0.3
-5.520347,1.257509,0.35062468,0.3271173,-0.3
-5.490998,1.2682432,0.33451304,0.35711712,-0.3
-5.458772,1.279444,0.31692383,0.3871169,-0.3
-5.423631,1.2909695,0.29785702,0.41711673,-0.3
-5.385537,1.3026639,0.2773126,0.44711658,-0.3
-5.3444543,1.314358,0.25529063,0.47711644,-0.3
-5.3003507,1.3258684,0.23179102,0.5071163,-0.3
-5.2532,1.3369976,0.20681384,0.523,-0.28266644
-5.204046,1.3473108,0.18250155,0.523,-0.2653329
-5.154414,1.3564706,0.15964378,0.523,-0.24799937
-5.1043587,1.3645302,0.13824742,0.523,-0.1814201
-5.053408,1.3716192,0.12252024,0.523,-0.11484083
-5.001842,1.3779689,0.11253194,0.523,-0.04826156
-4.949933,1.3838351,0.10832677,0.51563215,0.044359434
-4.8987226,1.3894043,0.11213771,0.5082643,0.13698043
-4.8486886,1.3950387,0.12370516,0.5008964,0.22960141
-4.8002863,1.401057,0.14270495,0.4738074,0.30667305
-4.755575,1.4074812,0.16654447,0.4467184,0.38374466
-4.7147255,1.4143481,0.19441934,0.41962937,0.46081626
-4.677848,1.4216095,0.22551943,0.39815038,0.46304798
-4.6431274,1.4295751,0.2551602,0.37667143,0.4652797
-4.6105547,1.4380717,0.28332725,0.35519245,0.4675114
-4.580111,1.4469357,0.3100061,0.32965252,0.46866184
-4.552102,1.4559078,0.33482307,0.30411255,0.46981233
-4.5264916,1.4648182,0.3577693,0.27857262,0.4709628
-4.503239,1.4735115,0.37883613,0.2501001,0.4169595
-4.481993,1.4819686,0.39571714,0.2216276,0.36295617
-4.4628754,1.4899552,0.40883157,0.19315508,0.30895287
-4.445991,1.4972702,0.41862005,0.1644596,0.24696495
-4.4314213,1.5037527,0.42532074,0.13576412,0.18497702
-4.4192653,1.509259,0.42948246,0.107068636,0.1229891
-4.409604,1.5136836,0.43167165,0.07766123,0.05485155
-4.402561,1.516928,0.43238124,0.048253823,-0.013286
-4.39818,1.5189499,0.4322744,0.018846419,-0.08142355
-4.3964744,1.5197368,0.43201894,-0.010932907,-0.14048086
-4.3974576,1.5192835,0.43227407,-0.040712234,-0.19953817
-4.401081,1.5176117,0.43361905,-0.07049156,-0.25859547
-4.407265,1.5147485,0.43662342,-0.10037941,-0.23199666
-4.4161177,1.5106174,0.44046998,-0.13026725,-0.20539783
-4.4276533,1.5051799,0.44489813,-0.16015509,-0.178799
-4.4418793,1.4983972,0.44964534,-0.18999471,-0.1567825
-4.4587803,1.4902406,0.45458966,-0.21983433,-0.13476598
-4.478352,1.4806752,0.45951244,-0.24967395,-0.112749465
-4.5005875,1.4696722,0.46419427,-0.27906695,-0.03849228
-4.5255227,1.4571877,0.46598414,-0.30845997,0.035764903
-4.5530624,1.4433373,0.46414587,-0.33785298,0.11002208
-4.583091,1.4283044,0.45796314,-0.36294627,0.1888958
-4.615066,1.4125432,0.44660446,-0.38803956,0.26776952
-4.648817,1.3963808,0.42949313,-0.41313285,0.34664324
-4.684144,1.3802009,0.4061,-0.40884584,0.37819114
-4.719049,1.3651916,0.38093963,-0.4045588,0.40973908
-4.753496,1.3513954,0.35407895,-0.40027177,0.44128698
-4.7874436,1.3388464,0.32558602,-0.3827079,0.39871415
-4.82086,1.3275652,0.30082268,-0.365144,0.3561413
-4.853546,1.3174247,0.27960414,-0.34758016,0.31356844
-4.885325,1.3083,0.26173532,-0.3427348,0.3350633
-4.91659,1.2999247,0.24295181,-0.33788946,0.35655814
-4.9473243,1.2923074,0.22329503,-0.3330441,0.37805298
-4.977508,1.2854531,0.20280664,-0.31947833,0.36381292
-5.006753,1.2794393,0.18385942,-0.30591255,0.3495729
-5.03501,1.2741848,0.1663971,-0.2923468,0.33533284
-5.062235,1.2696123,0.15036267,-0.28171465,0.31909686
-5.088682,1.2656053,0.13563326,-0.27108252,0.3028609
-5.1143193,1.2621067,0.12215811,-0.2604504,0.2866249
-5.1391153,1.2590624,0.10988584,-0.25056648,0.27220297
-5.163104,1.2564158,0.09865821,-0.2406826,0.25778103
-5.186264,1.2541234,0.08843178,-0.2307987,0.24335909
-5.208576,1.2521452,0.07916275,-0.22734134,0.22693747
-5.230658,1.2503935,0.07063765,-0.22388397,0.21051586
-5.2524977,1.2488482,0.06284036,-0.22042659,0.19409424
-5.2740836,1.2474899,0.055754457,-0.20905867,0.19413714
-5.2945647,1.2463468,0.049032524,-0.19769076,0.19418003
-5.313939,1.2453961,0.042674724,-0.18632282,0.19422293
-5.3322043,1.2446162,0.03668121,-0.17325391,0.1469233
-5.3493314,1.2439877,0.03245395,-0.160185,0.099623695
-5.365262,1.2434704,0.029798646,-0.14711608,0.052324086
-5.379947,1.2430327,0.028516278,-0.13331443,0.037569217
-5.393264,1.2426529,0.027681721,-0.1195128,0.022814352
-5.4052076,1.2423222,0.027227325,-0.10571116,0.008059484
-5.4157743,1.2420344,0.027085332,-0.09523159,-0.012727457
-5.425293,1.2417765,0.027287336,-0.08475202,-0.0335144
-5.4337606,1.2415454,0.02776065,-0.074272454,-0.05430134
-5.441174,1.2413396,0.028432501,-0.05993383,-0.0697462
-5.44715,1.2411696,0.02912863,-0.045595206,-0.08519106
-5.451691,1.2410372,0.02977523,-0.031256586,-0.10063593
-5.4547997,1.2409446,0.030298602,-0.014858224,-0.11915575
-5.4562745,1.2409,0.030592978,0.0015401366,-0.13767557
-5.456122,1.2409047,0.03055775,0.017938498,-0.15619539
-5.454351,1.2409588,0.03009266,0.04107085,-0.17789009
-5.45031,1.2410804,0.02888139,0.0642032,-0.1995848
-5.4440203,1.2412621,0.026759876,0.08733555,-0.2212795
-5.4355025,1.2414901,0.02356517,0.11630159,-0.22932068
-5.42418,1.241757,0.019158967,0.14526764,-0.23736185
-5.4100633,1.2420275,0.013465947,0.17423368,-0.245403
-5.393163,1.2422551,0.0064110137,0.20396695,-0.20253031
-5.3731837,1.2423831,-0.00042692936,0.23370023,-0.1596576
-5.350111,1.2423733,-0.006619213,0.26343352,-0.1167849
-5.323948,1.2422001,-0.011735075,0.2933027,-0.026749771
-5.29463,1.2418561,-0.01304255,0.32317188,0.06328536
-5.26238,1.2414354,-0.00963615,0.35304108,0.15332049
-5.227492,1.2410992,-0.0006500478,0.38303363,0.24079774
-5.190294,1.241075,0.0145740975,0.41302615,0.328275
-5.151201,1.2416449,0.0367681,0.4430187,0.41575226
-5.1107,1.2431346,0.066589035,0.47299072,0.35294095
-5.066415,1.2460879,0.09383795,0.5029627,0.29012966
-5.0184326,1.2506037,0.117818914,0.523,0.22731838
