-8.170397,6.9210773,-0.7070716,0.6816228,0.0
-8.118575,6.876798,-0.7070716,0.523,-0.099935
-8.079011,6.8429933,-0.7157681,0.49328792,-0.19987
-8.042529,6.8112683,-0.7320912,0.46357587,-0.29980502
-8.009587,6.781664,-0.75490946,0.43631554,-0.3
-7.9792285,6.753102,-0.77639943,0.4090552,-0.3
-7.9513483,6.725719,-0.7965468,0.38179487,-0.3
-7.925846,6.6996417,-0.8153515,0.355445,-0.26602298
-7.9023337,6.6746764,-0.8309257,0.32909513,-0.23204596
-7.880741,6.6510224,-0.8435393,0.30274525,-0.19806895
-7.861007,6.6288495,-0.8534682,0.2806549,-0.13918509
-7.8427362,6.607905,-0.85995764,0.25856456,-0.080301225
-7.82592,6.5883737,-0.86341447,0.23647419,-0.021417368
-7.8105564,6.570404,-0.86425847,0.23036109,-0.043561082
-7.7956157,6.5528994,-0.86593044,0.22424798,-0.0657048
-7.781117,6.5358553,-0.86838436,0.21813487,-0.087848514
-7.7670784,6.5192695,-0.87157404,0.21335872,-0.030848116
-7.753353,6.502948,-0.8726708,0.20858257,0.026152283
-7.73995,6.486975,-0.8717618,0.20380642,0.08315268
-7.726881,6.4714284,-0.86894053,0.2182794,0.050775237
-7.712806,6.454781,-0.8670941,0.23275238,0.01839779
-7.6977487,6.4370375,-0.86638045,0.24722537,-0.013979656
-7.6817403,6.418201,-0.8669565,0.25355342,0.037254374
-7.665343,6.398885,-0.8653825,0.25988144,0.08848841
-7.6485596,6.379176,-0.86155474,0.26620948,0.13972244
-7.631391,6.3591714,-0.85537565,0.28121936,0.094869904
-7.613028,6.33804,-0.8509358,0.29622924,0.050017375
-7.5935225,6.3157945,-0.8484674,0.31123912,0.005164844
-7.5729456,6.2924438,-0.8481995,0.32417035,0.07200979
-7.551563,6.268191,-0.84431225,0.33710158,0.13885473
-7.5293865,6.2432346,-0.83653593,0.3500328,0.20569967
-7.5064273,6.2177987,-0.8246201,0.36305523,0.15577184
-7.4820805,6.1914625,-0.8152326,0.37607765,0.105844006
-7.456437,6.1642413,-0.8086107,0.3891001,0.05591617
-7.4296117,6.136141,-0.8049864,0.40621564,0.12227815
-7.401666,6.1070786,-0.7967285,0.4233312,0.18864012
-7.372598,6.0773444,-0.78349775,0.44044676,0.2550021
-7.342404,6.0472646,-0.7649808,0.44211376,0.21781735
-7.3112636,6.0173707,-0.7490574,0.44378072,0.18063259
-7.2792926,5.987643,-0.73576975,0.4454477,0.14344785
-7.24661,5.9580536,-0.7251565,0.4559768,0.19908662
-7.213159,5.928408,-0.7101264,0.46650591,0.2547254
-7.1789265,5.8989763,-0.6905347,0.47703502,0.3103642
-7.1439085,5.8700433,-0.6662532,0.47029635,0.2694245
-7.10827,5.8420258,-0.64538956,0.46355772,0.22848481
-7.072201,5.814867,-0.6278901,0.4568191,0.18754512
-7.03588,5.788502,-0.6136946,0.4639098,0.2440029
-6.999078,5.762577,-0.5950154,0.47100055,0.30046067
-6.9618196,5.7373595,-0.57178247,0.4780913,0.35691845
-6.924149,5.713119,-0.5439426,0.46857876,0.3114119
-6.8859825,5.690036,-0.5200136,0.4590662,0.2659053
-6.847544,5.6680264,-0.4999078,0.44955364,0.22039871
-6.8090444,5.646999,-0.48352763,0.45717284,0.27447855
-6.7700834,5.62654,-0.46287525,0.46479204,0.3285584
-6.7307196,5.6068964,-0.43787882,0.47241125,0.38263825
-6.6910295,5.588314,-0.4084815,0.4680503,0.3585087
-6.6508064,5.5709043,-0.38111007,0.46368933,0.33437917
-6.6101484,5.5546126,-0.35574758,0.45932838,0.31024963
-6.569147,5.539378,-0.3323757,0.46584007,0.35919154
-6.527923,5.5251484,-0.3050839,0.4723518,0.40813342
-6.4865694,5.5121255,-0.27383807,0.47886348,0.45707533
-6.4452,5.500505,-0.23861563,0.47373924,0.44049788
-6.4035625,5.490377,-0.20494936,0.468615,0.4239204
-6.361743,5.4816837,-0.17282291,0.46349072,0.40734294
-6.3198204,5.4743657,-0.1422193,0.46624106,0.45692042
-6.2784014,5.468435,-0.1079361,0.46899137,0.5064979
-6.2376294,5.464017,-0.07001675,0.47174168,0.5560754
-6.197661,5.461214,-0.028514728,0.46666282,0.58838975
-6.158858,5.4601073,0.014653316,0.46158394,0.6207041
-6.1213136,5.4606576,0.059396807,0.45650506,0.6530185
-6.0851192,5.4628096,0.105624534,0.45937127,0.6571713
-6.0489526,5.4666443,0.15239464,0.4622375,0.6613241
-6.0128965,5.472182,0.19970945,0.46510372,0.6654769
-5.9770374,5.4794397,0.24757127,0.47250178,0.66578066
-5.9410114,5.488546,0.29621324,0.47989982,0.66608447
-5.904923,5.49956,0.3456359,0.4872979,0.6663882
-5.8688836,5.512537,0.39583984,0.4967696,0.64721763
-5.8323174,5.527818,0.4457626,0.5062413,0.62804705
-5.7953568,5.5454793,0.4953376,0.51571304,0.6088765
-5.7581377,5.5655875,0.5444976,0.523,0.5902749
-5.7209706,5.588094,0.5930137,0.523,0.5716732
-5.6844964,5.612675,0.6401743,0.523,0.5530716
-5.6488056,5.6392584,0.6859633,0.523,0.5395321
-5.6140842,5.6676803,0.7307438,0.523,0.5259927
-5.5804024,5.6978683,0.77450776,0.523,0.51245326
-5.547822,5.7297463,0.81724703,0.523,0.48577234
-5.516176,5.763475,0.85794437,0.523,0.45909145
-5.485514,5.798943,0.89657086,0.523,0.43241057
-5.4558687,5.8360386,0.93309903,0.523,0.41840506
-5.427418,5.8744354,0.96851516,0.523,0.40439954
-5.400179,5.914057,1.0028124,0.523,0.39039403
-5.3741617,5.954828,1.0359838,0.523,0.36774126
-5.3492875,5.996816,1.0673211,0.523,0.34508845
-5.325542,6.0399256,1.0968077,0.523,0.32243568
-5.3029003,6.0840616,1.124429,0.523,0.31375593
-5.281425,6.1289344,1.1513314,0.523,0.30507618
-5.2611084,6.1744947,1.1775134,0.523,0.29639646
-5.24194,6.2206955,1.2029727,0.523,0.2741572
-5.223836,6.267675,1.2265718,0.523,0.25191793
-5.2067432,6.315353,1.2482991,0.523,0.22967865
-5.190603,6.3636537,1.2681439,0.523,0.23306371
-5.175436,6.412227,1.2882758,0.523,0.23644878
-5.161262,6.461056,1.3086947,0.523,0.23983385
-5.1480985,6.510124,1.3294004,0.523,0.24331477
-5.135964,6.559412,1.3504007,0.523,0.2467957
-5.1248765,6.6089005,1.3716954,0.523,0.25027663
-5.1148543,6.65857,1.3932841,0.5202487,0.22885278
-5.1059074,6.708442,1.4129547,0.5174974,0.20742893
-5.0979476,6.758453,1.4307173,0.5147461,0.1860051
-5.0908847,6.808544,1.446583,0.5173569,0.14179417
-5.084539,6.8593664,1.4587685,0.5199676,0.097583264
-5.078754,6.9107914,1.4672118,0.52257836,0.053372346
-5.073358,6.962695,1.4718581,0.523,0.05720105
-5.0682006,7.014654,1.4768414,0.523,0.061029755
-5.063303,7.0666265,1.482158,0.523,0.06485846
-5.058683,7.1186113,1.4878074,0.523,0.060572017
-5.0543556,7.170636,1.4930841,0.523,0.05628557
-5.0503016,7.2226954,1.4979877,0.523,0.05199913
