-7.8929577,0.9377956,1.1484692,-0.24161768,0.0
-7.902861,0.9157567,1.1484692,-0.21194835,0.08732293
-7.9115157,0.8964978,1.1453885,-0.18227902,0.17464586
-7.918924,0.8801471,1.1401097,-0.15260969,0.2619688
-7.9250774,0.86675286,1.1335225,-0.12326268,0.29028693
-7.930079,0.8560536,1.1276423,-0.093915686,0.31860507
-7.933903,0.84799623,1.1227392,-0.06456868,0.3469232
-7.936534,0.8425234,1.1190803,-0.035408266,0.321711
-7.938,0.83950114,1.1172143,-0.006247847,0.2964988
-7.938262,0.83896405,1.1169101,0.022912573,0.2712866
-7.937294,0.840948,1.1179334,0.0524842,0.28565907
-7.935091,0.84547615,1.1203983,0.08205583,0.3000315
-7.9316783,0.8525334,1.1244403,0.11162746,0.31440398
-7.927096,0.8621089,1.1301937,0.14117683,0.3440618
-7.9214277,0.8741299,1.1381305,0.17072621,0.3737196
-7.9147635,0.88855946,1.1485187,0.20027559,0.40337738
-7.907214,0.90536153,1.161621,0.22961427,0.41572922
-7.898857,0.92463315,1.1770761,0.25895295,0.42808104
-7.889819,0.94638926,1.1949925,0.28829163,0.44043288
-7.880248,0.9706473,1.2154771,0.31783715,0.43494886
-7.8702207,0.9976711,1.237798,0.34738266,0.42946485
-7.8598967,1.0275198,1.2619054,0.37692818,0.42398083
-7.8494525,1.0602492,1.2877496,0.4059442,0.41406626
-7.839073,1.0959343,1.3149706,0.43496025,0.40415168
-7.8289533,1.1346246,1.3434777,0.4639763,0.3942371
-7.819299,1.176361,1.3731803,0.47894067,0.36648056
-7.81052,1.2202044,1.4017836,0.49390504,0.33872405
-7.8026843,1.2661247,1.4291364,0.5088694,0.3109675
-7.7958446,1.3140857,1.4550871,0.5062587,0.30867586
-7.790276,1.3619963,1.4807204,0.50364804,0.3063842
-7.7859564,1.409821,1.5060382,0.50103736,0.30409256
-7.7828627,1.4575257,1.5310422,0.47694117,0.32590267
-7.781067,1.5026736,1.5564921,0.45284498,0.34771279
-7.780458,1.5452437,1.5822098,0.42874876,0.3695229
-7.7809143,1.5852219,1.6080184,0.40757874,0.3544677
-7.7823367,1.6234194,1.6315962,0.3864087,0.33941248
-7.7845507,1.6597885,1.6530375,0.36523867,0.32435727
-7.7873945,1.6942909,1.6724378,0.35023814,0.33455747
-7.7907515,1.727202,1.6916047,0.33523762,0.34475765
-7.7945538,1.7585232,1.710488,0.3202371,0.35495782
-7.7987347,1.7882582,1.7290378,0.31095725,0.34968013
-7.8033385,1.8171071,1.7467933,0.3016774,0.3444024
-7.80831,1.8450646,1.7637694,0.2923976,0.3391247
