-2.6260033,2.6690862,-1.767137,0.3783794,0.0
-2.6333847,2.6319752,-1.767137,0.35108483,-0.019018352
-2.6402326,2.5975475,-1.7682499,0.32379028,-0.038036704
-2.6465797,2.5658207,-1.770302,0.2964957,-0.057055056
-2.6524465,2.5368063,-1.7731199,0.26803818,-0.09755224
-2.6578069,2.5106742,-1.777471,0.23958066,-0.13804942
-2.6626766,2.487449,-1.7829658,0.21112314,-0.17854661
-2.6670516,2.4671383,-1.789215,0.18157597,-0.21694861
-2.670894,2.4498277,-1.795729,0.1520288,-0.25535062
-2.6741748,2.4354882,-1.8021291,0.122481644,-0.2937526
-2.6768627,2.424077,-1.8080398,0.09271768,-0.3
-2.6789446,2.4154675,-1.8126065,0.06295372,-0.3
-2.6803846,2.4096282,-1.8157071,0.03318976,-0.3
-2.6811535,2.406552,-1.8173418,0.003295311,-0.3
-2.6812303,2.406247,-1.8175042,-0.026599137,-0.3
-2.6806097,2.408711,-1.816194,-0.056493584,-0.3
-2.6792986,2.4139464,-1.8134116,-0.08644444,-0.3
-2.6773145,2.4219627,-1.8091539,-0.116395295,-0.3
-2.674689,2.432768,-1.803421,-0.14634615,-0.3
-2.671466,2.4463725,-1.7962129,-0.17629506,-0.3
-2.6677017,2.4627886,-1.7875298,-0.20624396,-0.3
-2.6634645,2.4820309,-1.7773716,-0.23619287,-0.3
-2.6588366,2.5041153,-1.7657384,-0.2661428,-0.25722203
-2.6538506,2.5293665,-1.7544541,-0.2960927,-0.21444407
-2.648567,2.557811,-1.7439525,-0.3260426,-0.1716661
-2.643032,2.5894556,-1.7346698,-0.35590014,-0.14098759
-2.6372836,2.6242206,-1.7263346,-0.38575768,-0.11030908
-2.631344,2.662099,-1.7192569,-0.41561523,-0.07963057
-2.625216,2.703073,-1.7137468,-0.44521964,-0.08819166
-2.618898,2.7469697,-1.7072111,-0.474824,-0.09675275
-2.6124709,2.7937908,-1.6995662,-0.5044284,-0.105313845
-2.606029,2.843539,-1.6907288,-0.523,-0.09238164
-2.5997984,2.895242,-1.6826876,-0.523,-0.07944943
-2.593977,2.9470508,-1.6757696,-0.523,-0.06651723
-2.588509,2.9989479,-1.6699758,-0.523,-0.085863315
-2.5833497,3.0507991,-1.6625005,-0.523,-0.1052094
-2.5785868,3.1025915,-1.6533467,-0.523,-0.12455549
-2.5743077,3.1543095,-1.6425177,-0.523,-0.14789113
-2.5706007,3.2059057,-1.6296734,-0.523,-0.17122677
-2.5675683,3.2573516,-1.614821,-0.523,-0.1945624
-2.56531,3.3086152,-1.5979685,-0.523,-0.20489818
-2.5639188,3.3598022,-1.5802329,-0.523,-0.21523397
-2.5634365,3.4108932,-1.5616161,-0.523,-0.22556975
-2.5639045,3.4618661,-1.5421202,-0.523,-0.2303555
-2.5653646,3.5127637,-1.5222181,-0.523,-0.23514123
-2.5678341,3.5635645,-1.50191,-0.523,-0.23992698
-2.571331,3.614246,-1.4811964,-0.523,-0.24279712
-2.5758736,3.6648083,-1.4602399,-0.523,-0.24566728
-2.5814707,3.715228,-1.4390407,-0.523,-0.24853742
-2.5881305,3.7654817,-1.4175988,-0.523,-0.24680677
-2.5958695,3.815603,-1.3963032,-0.523,-0.2450761
-2.604678,3.8655698,-1.375154,-0.523,-0.24334545
-2.6145453,3.9153605,-1.3541511,-0.523,-0.23991063
-2.6254654,3.964975,-1.3334389,-0.523,-0.2364758
-2.637421,4.014394,-1.3130177,-0.523,-0.23304097
-2.6503935,4.063599,-1.2928877,-0.523,-0.21983176
-2.6643963,4.112682,-1.2738796,-0.523,-0.20662256
-2.6793725,4.1616297,-1.2559968,-0.523,-0.19341335
-2.6952639,4.210432,-1.2392426,-0.523,-0.19125977
-2.711978,4.258982,-1.2226726,-0.523,-0.18910621
-2.729501,4.3072686,-1.2062869,-0.523,-0.18695265
-2.7478206,4.355281,-1.1900856,-0.523,-0.18718845
-2.7669148,4.402988,-1.1738641,-0.523,-0.18742426
-2.7867794,4.450377,-1.1576225,-0.523,-0.18766005
-2.8074102,4.497435,-1.1413606,-0.523,-0.19065747
-2.8287911,4.5441246,-1.1248422,-0.523,-0.19365488
-2.8509276,4.590428,-1.1080672,-0.523,-0.1966523
-2.873824,4.636326,-1.091036,-0.523,-0.19774833
-2.8974934,4.681817,-1.073911,-0.523,-0.19884437
-2.921933,4.7268867,-1.0566924,-0.523,-0.19994041
-2.9471393,4.7715187,-1.0393802,-0.523,-0.19993304
-2.9731147,4.815708,-1.0220685,-0.523,-0.19992568
-2.999851,4.859441,-1.0047575,-0.523,-0.1999183
-3.0273407,4.9027047,-0.98744714,-0.523,-0.19924884
-3.0555787,4.945492,-0.970194,-0.523,-0.19857937
-3.0845547,4.987791,-0.95299804,-0.523,-0.1979099
-3.1142576,5.0295916,-0.93585926,-0.523,-0.20184568
-3.1446483,5.0708437,-0.9183843,-0.523,-0.20578143
-3.17573,5.111526,-0.9005733,-0.523,-0.2097172
-3.207505,5.151614,-0.8824267,-0.523,-0.21019846
-3.2399986,5.191116,-0.86423904,-0.523,-0.21067971
-3.2732022,5.2300158,-0.8460103,-0.523,-0.21116096
-3.3071055,5.2683,-0.8277406,-0.523,-0.20761326
-3.341729,5.305987,-0.8097734,-0.523,-0.20406556
-3.3770497,5.343073,-0.79210883,-0.523,-0.20051785
-3.4130464,5.379556,-0.77474725,-0.523,-0.19630723
-3.449702,5.415439,-0.7577455,-0.523,-0.19209659
-3.4869933,5.450723,-0.7411039,-0.523,-0.18788597
-3.5248973,5.4854097,-0.7248227,-0.523,-0.1831365
-3.5633953,5.5195045,-0.7089484,-0.523,-0.17838702
-3.6024635,5.553014,-0.6934813,-0.523,-0.17363754
-3.6420786,5.585942,-0.67842185,-0.523,-0.17012477
-3.6822097,5.61829,-0.66366404,-0.523,-0.16661198
-3.7228382,5.6500607,-0.6492081,-0.523,-0.16309921
-3.7639453,5.6812596,-0.6350543,-0.523,-0.16216093
-3.8054967,5.711878,-0.62098116,-0.523,-0.16122267
-3.847481,5.7419133,-0.60698867,-0.523,-0.1602844
-3.889888,5.771363,-0.593077,-0.523,-0.16373898
-3.9326763,5.800203,-0.5788681,-0.523,-0.16719356
-3.9758453,5.828416,-0.56436217,-0.523,-0.17064814
-4.0193934,5.8559837,-0.5495594,-0.523,-0.17665729
-4.063298,5.8828754,-0.5342408,-0.523,-0.18266642
-4.1075616,5.909063,-0.51840675,-0.523,-0.18867555
-4.1521835,5.9345174,-0.50205797,-0.523,-0.19307859
-4.197178,5.9592185,-0.4853323,-0.523,-0.19748163
-4.242539,5.983142,-0.46823016,-0.523,-0.20188467
-4.288262,6.006266,-0.45075184,-0.523,-0.20302251
-4.3343716,6.028582,-0.43317637,-0.523,-0.20416033
-4.380855,6.05008,-0.41550377,-0.523,-0.20529817
-4.4277,6.0707474,-0.39773405,-0.523,-0.20511326
-4.474907,6.09058,-0.37998012,-0.523,-0.20492837
-4.52246,6.1095724,-0.36224195,-0.523,-0.20474346
-4.5703444,6.127719,-0.34451956,-0.523,-0.20613292
-4.6185293,6.145009,-0.32667863,-0.523,-0.20752239
-4.6670003,6.161432,-0.30871916,-0.523,-0.20891187
-4.7157445,6.176977,-0.29064116,-0.523,-0.2154086
-4.764693,6.191618,-0.27200958,-0.523,-0.22190532
-4.8138347,6.2053246,-0.2528252,-0.523,-0.22840206
-4.8631573,6.2180676,-0.2330888,-0.523,-0.2306847
-4.912695,6.229828,-0.21315865,-0.523,-0.23296735
-4.9624305,6.240593,-0.19303486,-0.523,-0.23525
-5.0123453,6.2503495,-0.17271753,-0.523,-0.2473111
-5.0622993,6.2590647,-0.15137932,-0.523,-0.2593722
-5.112272,6.266688,-0.12902334,-0.523,-0.27143332
-5.162238,6.2731705,-0.10565287,-0.523,-0.28298226
-5.212178,6.2784667,-0.08131415,-0.523,-0.2945312
-5.2620606,6.2825317,-0.056010425,-0.523,-0.3
-5.3119464,6.285329,-0.030250914,-0.523,-0.3
-5.3618875,6.28684,-0.004491403,-0.523,-0.3
-5.4118514,6.2870646,0.021268109,-0.523,-0.3
-5.461804,6.2860017,0.04702762,-0.523,-0.3
-5.511713,6.283653,0.07278713,-0.523,-0.3
-5.561545,6.2800193,0.09854664,-0.523,-0.3
-5.611266,6.2751036,0.12430616,-0.523,-0.3
-5.660845,6.2689085,0.15006566,-0.523,-0.3
-5.7102475,6.261439,0.17582518,-0.523,-0.3
-5.7594414,6.2526994,0.20158468,-0.523,-0.3
-5.8083935,6.2426953,0.2273442,-0.523,-0.3
-5.857072,6.231434,0.2531037,-0.523,-0.3
-5.905444,6.218922,0.27886322,-0.523,-0.3
-5.9534783,6.205169,0.30462274,-0.523,-0.3
-6.001142,6.190183,0.33038226,-0.523,-0.3
-6.0484037,6.1739745,0.35614175,-0.523,-0.29400915
-6.095319,6.1565223,0.38140193,-0.523,-0.2880183
-6.141861,6.137857,0.40616184,-0.523,-0.28202745
-6.188008,6.11801,0.43042064,-0.523,-0.2752712
-6.2337484,6.097009,0.45411325,-0.523,-0.26851496
-6.2790637,6.074889,0.47723857,-0.523,-0.26175871
-6.3239374,6.051685,0.49979553,-0.523,-0.25289434
-6.36838,6.027417,0.52160525,-0.523,-0.24403
-6.4123816,6.0021296,0.542666,-0.523,-0.23516564
-6.4559355,5.9758644,0.56297624,-0.523,-0.22607943
-6.4990387,5.948662,0.58251536,-0.523,-0.21699321
-6.541689,5.920565,0.6012819,-0.523,-0.20790699
-6.5838876,5.891616,0.61927414,-0.523,-0.19996868
-6.6256266,5.8618636,0.6365888,-0.523,-0.19203037
-6.6669097,5.831345,0.65322477,-0.523,-0.18409206
-6.707741,5.800097,0.669181,-0.523,-0.17968848
-6.7481008,5.768175,0.6847597,-0.523,-0.17528492
-6.78799,5.735603,0.6999606,-0.523,-0.17088136
-6.8274097,5.7024026,0.7147833,-0.523,-0.16379625
-6.86638,5.6685815,0.7289972,-0.523,-0.15671113
-6.9049096,5.63417,0.7426013,-0.523,-0.14962603
-6.9430094,5.5992,0.7555951,-0.523,-0.13988012
-6.980705,5.563687,0.76774824,-0.523,-0.13013421
-7.018015,5.5276704,0.77905965,-0.523,-0.12038831
-7.054961,5.49119,0.78952813,-0.523,-0.09861384
-7.091611,5.4542365,0.79811007,-0.523,-0.07683939
-7.1280117,5.416898,0.8048013,-0.523,-0.055064928
-7.164214,5.379263,0.8095987,-0.50438076,-0.031310212
-7.1989884,5.342763,0.81223035,-0.48576158,-0.007555497
-7.2324023,5.3075066,0.812842,-0.46714234,0.01619922
-7.264511,5.273585,0.81158084,-0.44037595,0.048592508
-7.294789,5.2416787,0.80801576,-0.41360953,0.0809858
-7.3232727,5.2118764,0.8024391,-0.38684312,0.11337908
-7.349984,5.184239,0.79514474,-0.35973772,0.1448231
-7.3749084,5.1588235,0.78649205,-0.33263233,0.17626713
-7.3980393,5.135642,0.77677053,-0.30552697,0.20771116
-7.4193606,5.1146855,0.7662695,-0.27819902,0.22374152
-7.4389052,5.095875,0.75598174,-0.25087106,0.23977187
-7.4566364,5.0791574,0.7460522,-0.22354312,0.25580224
-7.4725184,5.064478,0.7366254,-0.19860151,0.25128713
-7.486768,5.051555,0.7283949,-0.17365989,0.24677205
-7.4993343,5.040345,0.7213248,-0.14871827,0.24225695
-7.510176,5.030811,0.7153787,-0.13222902,0.26399168
-7.5198116,5.0224385,0.70962816,-0.11573975,0.2857264
-7.5282354,5.015203,0.7041912,-0.09925049,0.30746114
-7.535445,5.009079,0.699185,-0.09562386,0.2989422
-7.5424395,5.0031977,0.6944913,-0.09199723,0.2904233
-7.549212,4.997556,0.6901006,-0.0883706,0.28190437
-7.555758,4.9921527,0.6860034,-0.08646465,0.26665282
-7.562212,4.986869,0.6822061,-0.0845587,0.25140128
-7.568569,4.981705,0.67870027,-0.08265275,0.23614974
-7.5748243,4.9766603,0.6754773,-0.08391458,0.22501707
-7.5812078,4.9715457,0.6723568,-0.0851764,0.21388438
-7.58772,4.9663615,0.6693436,-0.08643822,0.2027517
-7.59436,4.961108,0.66644263,-0.084992215,0.19424702
-7.6009145,4.9559526,0.6637083,-0.08354621,0.18574235
-7.607383,4.9508944,0.6611368,-0.0821002,0.17723767
-7.613761,4.9459324,0.6587243,-0.081889175,0.16866894
-7.620145,4.940991,0.65643317,-0.08167816,0.1601002
-7.6265326,4.93607,0.654263,-0.08146714,0.15153147
-7.6329226,4.931169,0.6522134,-0.080678724,0.14464079
-7.6392674,4.9263234,0.6502753,-0.07989032,0.13775012
-7.645566,4.9215326,0.6484469,-0.079101905,0.13085943
-7.651817,4.916796,0.64672667,-0.07867725,0.12529278
-7.6580462,4.912092,0.645088,-0.0782526,0.11972612
-7.6642547,4.907421,0.64353025,-0.07782795,0.114159465
-7.67044,4.9027815,0.64205265,-0.076880135,0.107474126
-7.6765614,4.8982043,0.6406782,-0.075932324,0.10078879
-7.682618,4.893688,0.63940483,-0.074984506,0.09410344
-7.6886086,4.8892336,0.6382305,-0.0739949,0.086155124
-7.6945295,4.8848414,0.63716936,-0.07300528,0.0782068
-7.7003794,4.8805118,0.6362187,-0.072015665,0.07025848
-7.7061577,4.8762436,0.63537616,-0.07120616,0.062092274
-7.711878,4.8720255,0.6346397,-0.070396654,0.05392607
-7.7175384,4.867858,0.63400733,-0.069587156,0.045759864
-7.723139,4.86374,0.6334768,-0.06798963,0.043029148
-7.728614,4.8597193,0.63298935,-0.06639211,0.040298432
-7.7339625,4.855795,0.63254356,-0.06479459,0.037567716
-7.7391844,4.851967,0.63213795,-0.06406008,0.041664034
-7.744348,4.848185,0.63169324,-0.06332556,0.045760352
-7.7494535,4.8444495,0.63121045,-0.06259105,0.04985667
-7.7545004,4.84076,0.6306906,-0.06225077,0.055164367
-7.75952,4.8370953,0.6301185,-0.06191049,0.060472064
-7.764513,4.8334537,0.6294949,-0.061570212,0.06577976
-7.7694793,4.829837,0.6288204,-0.06157884,0.06888035
-7.7744474,4.8262234,0.62811404,-0.061587464,0.07198094
-7.7794175,4.8226137,0.6273758,-0.06159609,0.07508152
-7.7843904,4.819008,0.62660575,-0.060739618,0.07834
-7.789295,4.8154573,0.6258135,-0.059883144,0.081598476
-7.7941327,4.811961,0.625,-0.059026673,0.08485696
-7.798902,4.80852,0.6241662,-0.06120608,0.09409041
-7.803847,4.804959,0.6232078,-0.06338549,0.10332386
-7.808966,4.801279,0.6221182,-0.06556489,0.11255731
-7.8142605,4.7974825,0.62089086,-0.06923763,0.13125618
-7.819844,4.793489,0.61938053,-0.07291036,0.14995505
-7.8257136,4.789304,0.61756516,-0.07658309,0.16865392
-7.831869,4.784932,0.61542267,-0.082684875,0.19587606
-7.8384914,4.78025,0.6127406,-0.08878666,0.22309822
-7.845575,4.7752705,0.6094665,-0.09488845,0.25032035
-7.8531127,4.770008,0.605549,-0.100641556,0.28038076
-7.861064,4.764503,0.6009074,-0.10639466,0.31044114
-7.8694205,4.758775,0.59549046,-0.11214777,0.34050152
-7.8781714,4.752846,0.58924836,-0.11724718,0.35153678
-7.887323,4.7467284,0.5825195,-0.12234659,0.36257204
-7.896876,4.740435,0.57528716,-0.127446,0.3736073
-7.9068313,4.7339797,0.56753474,-0.12953769,0.36532936
-7.917033,4.7274756,0.55982167,-0.13162938,0.35705137
-7.9274836,4.720927,0.552154,-0.13372107,0.34877342
-7.938183,4.714335,0.54453754,-0.13297166,0.33577025
-7.9489217,4.7078314,0.53723526,-0.13222224,0.3227671
-7.959695,4.701414,0.5302453,-0.13147283,0.30976394
-7.970497,4.6950817,0.52356577,-0.12968524,0.3001626
-7.981226,4.6888876,0.51717496,-0.12789764,0.2905613
-7.991877,4.682829,0.51106805,-0.12611005,0.28095993
-8.002445,4.676903,0.50524014,-0.12455074,0.27042297
-8.012948,4.6710935,0.49969473,-0.12299144,0.259886
-8.023381,4.665398,0.4944272,-0.12143214,0.24934903
