-9.705006,-4.1260185,-0.54029936,0.23428555,0.0
-9.684914,-4.13807,-0.54029936,0.26310495,0.018233169
-9.662355,-4.151602,-0.5394999,0.29192436,0.036466338
-9.637325,-4.1665883,-0.53772604,0.32074377,0.054699503
-9.609819,-4.1829915,-0.5348034,0.34892297,0.0686051
-9.579869,-4.200733,-0.53081685,0.37710217,0.082510695
-9.547459,-4.219759,-0.5256369,0.40528136,0.096416295
-9.512565,-4.24,-0.5191344,0.4328544,0.093108416
-9.475145,-4.261382,-0.51242703,0.46042743,0.08980054
-9.435178,-4.2838655,-0.5055452,0.48800048,0.08649266
-9.392642,-4.3074102,-0.4985192,0.5103496,0.07010131
-9.347928,-4.3317513,-0.4925614,0.523,0.053709973
-9.301912,-4.3564477,-0.48788193,0.523,0.03731863
-9.255746,-4.3809466,-0.48462975,0.523,0.053658385
-9.209535,-4.4052773,-0.47995478,0.523,0.06999814
-9.163258,-4.429367,-0.47385824,0.523,0.086337894
-9.116894,-4.4531436,-0.4663418,0.523,0.096605554
-9.070396,-4.476549,-0.4579341,0.523,0.10687322
-9.023752,-4.499539,-0.44863605,0.523,0.11714088
-8.976951,-4.522068,-0.4384486,0.523,0.13177672
-8.930009,-4.5440784,-0.42699528,0.523,0.14641255
-8.882914,-4.5655065,-0.41427854,0.523,0.1610484
-8.835657,-4.586286,-0.4003011,0.51841027,0.16724813
-8.788581,-4.6062064,-0.38591784,0.5138206,0.17344788
-8.741693,-4.625257,-0.3711387,0.50923085,0.17964762
-8.695,-4.6434283,-0.35597354,0.508121,0.1867806
-8.648202,-4.6608286,-0.3402475,0.5070112,0.19391358
-8.601303,-4.6774316,-0.32396394,0.50590134,0.20104657
-8.554311,-4.693211,-0.30712628,0.5075365,0.20268
-8.506922,-4.708241,-0.29009885,0.5091716,0.20431346
-8.459147,-4.7225027,-0.2728808,0.51080674,0.20594689
-8.410996,-4.7359786,-0.2554713,0.5128404,0.20671815
-8.3624325,-4.748662,-0.23792796,0.5148741,0.20748939
-8.313469,-4.7605367,-0.2202503,0.51690775,0.20826064
-8.264117,-4.771586,-0.20243779,0.51930755,0.20931375
-8.214357,-4.7817993,-0.18445341,0.52170736,0.21036685
-8.164202,-4.791157,-0.16629638,0.523,0.21141995
-8.113772,-4.799621,-0.14800459,0.523,0.21442541
-8.063229,-4.807157,-0.12945674,0.523,0.21743087
-8.012588,-4.81375,-0.110653,0.523,0.22043633
-7.961865,-4.8193855,-0.091593534,0.523,0.21877521
-7.9110255,-4.824055,-0.072675385,0.523,0.21711409
-7.860088,-4.8277636,-0.053898606,0.523,0.21545298
-7.8090715,-4.830516,-0.035263248,0.523,0.20928182
-7.7579446,-4.8323193,-0.017153723,0.523,0.20311067
-7.706727,-4.833198,0.000429276,0.523,0.1969395
-7.655438,-4.833176,0.017485082,0.523,0.18455222
-7.604034,-4.8322773,0.033480722,0.523,0.17216496
-7.552536,-4.8305526,0.048413742,0.523,0.15977769
-7.5009627,-4.8280535,0.062281847,0.523,0.14759961
-7.4493318,-4.824834,0.07510095,0.523,0.13542154
-7.3976564,-4.8209457,0.08686915,0.523,0.123243466
-7.345949,-4.8164425,0.097584695,0.523,0.11299081
-7.29423,-4.8113794,0.107412785,0.523,0.10273816
-7.2425056,-4.805802,0.11635238,0.523,0.0924855
-7.190781,-4.7997565,0.124402545,0.5175618,0.12551329
-7.1398287,-4.793385,0.13520095,0.5121236,0.15854105
-7.0897202,-4.7865686,0.14867644,0.5066853,0.19156884
-7.0405273,-4.7792006,0.1647552,0.47841543,0.17580152
-6.994061,-4.771475,0.17870079,0.45014548,0.1600342
-6.9503293,-4.7635756,0.19065605,0.42187557,0.14426687
-6.9093366,-4.7556643,0.20076467,0.39832294,0.09699597
-6.8704877,-4.7477584,0.20719387,0.3747703,0.049725078
-6.8338575,-4.740058,0.21029851,0.3512177,0.0024541854
-6.7995095,-4.7327266,0.21044217,0.34250024,0.05923159
-6.766074,-4.7255845,0.21382132,0.33378276,0.116009
-6.733675,-4.7185493,0.2202605,0.3250653,0.1727864
