-3.8001964,9.112409,-0.44916213,0.7359411,0.0
-3.733902,9.080453,-0.44916213,0.523,0.0998614
-3.687024,9.0578575,-0.440472,0.495153,0.1997228
-3.6431255,9.037165,-0.42409915,0.46730605,0.29958418
-3.6024318,9.018792,-0.4011137,0.43913355,0.39924246
-3.5651834,9.002995,-0.37266365,0.41096106,0.4989007
-3.5315735,8.989856,-0.3398922,0.38278857,0.59855896
-3.5017586,8.979313,-0.303945,0.3537292,0.6957589
-3.475852,8.971187,-0.26615682,0.3246698,0.79295874
-3.4538708,8.965194,-0.22760592,0.29561043,0.89015865
-3.435748,8.960997,-0.18931593,0.26645747,0.96995544
-3.4209535,8.958161,-0.15268421,0.23730448,1.0
-3.408281,8.956211,-0.119403414,0.20815149,1.0
-3.3971148,8.954872,-0.09021117,0.17926905,1.0
-3.387468,8.9539995,-0.065069556,0.15038659,1.0
-3.37936,8.953471,-0.04397856,0.12150414,1.0
-3.3728013,8.953182,-0.026938194,0.093125984,0.9650482
-3.3675008,8.953039,-0.014178748,0.064747825,0.9300963
-3.363631,8.952985,-0.005527602,0.036369666,0.8951445
-3.3613565,8.952972,-0.0007977301,0.007765479,0.83066154
-3.3608327,8.952971,0.00015791255,-0.02083871,0.7661785
-3.3623343,8.952971,-0.0022503014,-0.0494429,0.7016955
-3.3661106,8.95298,-0.0075696446,-0.077793494,0.62103957
-3.372437,8.953028,-0.01511407,-0.10614409,0.5403837
-3.381538,8.953165,-0.024215307,-0.13449469,0.4597278
-3.3935876,8.953457,-0.034161285,-0.1591962,0.3849759
-3.4083333,8.953961,-0.04412529,-0.1838977,0.310224
-3.4258282,8.954734,-0.053481758,-0.2085992,0.23547208
-3.4460835,8.955818,-0.061592862,-0.2296692,0.16552787
-3.4686935,8.957212,-0.06790008,-0.2507392,0.09558364
-3.4935954,8.958906,-0.071888424,-0.2718092,0.02563942
-3.5206974,8.960857,-0.0730498,-0.28973752,-0.020887166
-3.5495875,8.962972,-0.07204124,-0.30766585,-0.067413755
-3.5802045,8.965181,-0.06858704,-0.3255942,-0.11394034
-3.6124768,8.967398,-0.06241736,-0.33832452,-0.13772053
-3.6459236,8.969488,-0.05467618,-0.35105482,-0.16150072
-3.6805205,8.971382,-0.045267936,-0.36378512,-0.18528092
-3.7162397,8.973,-0.034098357,-0.37149328,-0.20208006
-3.7526119,8.97424,-0.021671444,-0.37920147,-0.2188792
-3.7896187,8.975042,-0.007948415,-0.38690963,-0.23567833
-3.8272388,8.975342,0.0071089873,-0.39028776,-0.24369772
-3.8651135,8.975073,0.022804586,-0.39366588,-0.2517171
-3.9032295,8.974203,0.039146136,-0.39704397,-0.25973648
-3.941573,8.972701,0.05614133,-0.3974441,-0.26743034
-3.979844,8.970551,0.073645696,-0.3978442,-0.2751242
-4.0180283,8.967733,0.09165918,-0.3982443,-0.28281805
-4.0561104,8.964233,0.11018171,-0.397972,-0.29166493
-4.0939956,8.960042,0.12925434,-0.3976997,-0.3
-4.1316724,8.955145,0.1488424,-0.3974274,-0.3
-4.16922,8.949514,0.16841702,-0.39705607,-0.3
-4.206616,8.943156,0.18797338,-0.3966847,-0.3
-4.243845,8.936074,0.20751144,-0.39631337,-0.3
-4.280894,8.928274,0.2270312,-0.39611506,-0.3
-4.317765,8.919756,0.2465412,-0.39591676,-0.3
-4.354445,8.910525,0.26604143,-0.3957185,-0.3
-4.390919,8.900586,0.2855319,-0.39572334,-0.3
-4.4271936,8.889937,0.3050226,-0.3957282,-0.3
-4.463254,8.878584,0.32451355,-0.3957331,-0.3
-4.4990864,8.866529,0.34400475,-0.39600697,-0.3
-4.534702,8.85377,0.36350942,-0.39628085,-0.3
-4.570086,8.84031,0.38302758,-0.39655474,-0.3
-4.605225,8.826151,0.40255925,-0.39705577,-0.3
-4.6401253,8.811291,0.4221156,-0.39755678,-0.3
-4.674772,8.795731,0.44169658,-0.39805782,-0.3
-4.70915,8.779474,0.46130228,-0.39859098,-0.3
-4.7432485,8.762525,0.48093423,-0.39912415,-0.3
-4.777053,8.744885,0.5005924,-0.39965728,-0.3
-4.810549,8.726562,0.5202769,-0.39977983,-0.3
-4.8436875,8.707575,0.5399674,-0.39990237,-0.3
-4.8764563,8.687934,0.55966395,-0.40002492,-0.3
-4.9088416,8.6676445,0.5793665,-0.40024734,-0.3
-4.940839,8.64671,0.59908,-0.40046972,-0.3
-4.9724345,8.625137,0.6188045,-0.40069214,-0.3
-5.0036163,8.602933,0.63853997,-0.40106088,-0.3
-5.034382,8.580096,0.65829355,-0.4014296,-0.3
-5.064718,8.556635,0.6780653,-0.4017983,-0.3
-5.094612,8.532557,0.69785523,-0.4026279,-0.3
-5.1240845,8.50784,0.717686,-0.40345746,-0.3
-5.1531205,8.4824915,0.73755765,-0.40428704,-0.3
-5.181706,8.456518,0.7574702,-0.40557447,-0.29945952
-5.2098627,8.429893,0.77741116,-0.40686193,-0.29891905
-5.237575,8.402619,0.79738045,-0.4081494,-0.2983786
-5.2648277,8.374705,0.8173778,-0.40975404,-0.2930392
-5.2916656,8.346093,0.8371049,-0.4113587,-0.28769985
-5.3180785,8.316797,0.85655856,-0.41296336,-0.28236046
-5.344058,8.28683,0.87573546,-0.41510913,-0.28001872
-5.3696074,8.25619,0.89485633,-0.41725487,-0.27767694
-5.3947124,8.224887,0.9139195,-0.41940063,-0.2753352
-5.4193583,8.192925,0.9329232,-0.42194673,-0.26507849
-5.4436073,8.160212,0.9513471,-0.42449284,-0.25482178
-5.467457,8.126765,0.969181,-0.42703894,-0.24456507
-5.4909067,8.092607,0.9864145,-0.4303278,-0.23652826
-5.5139866,8.057714,1.0032208,-0.43361664,-0.22849146
-5.536691,8.022102,1.0195905,-0.4369055,-0.22045466
-5.559019,7.985783,1.0355138,-0.44021946,-0.21002938
-5.5809803,7.948751,1.0508106,-0.4435334,-0.1996041
-5.6025805,7.911024,1.065468,-0.44684735,-0.18917881
-5.6238265,7.872622,1.079473,-0.44951683,-0.18035856
-5.64469,7.8336306,1.0929123,-0.45218635,-0.1715383
-5.665181,7.794067,1.1057769,-0.45485583,-0.16271803
-5.6853094,7.753948,1.1180581,-0.45683846,-0.14982252
-5.7050686,7.7133274,1.1294229,-0.4588211,-0.13692701
-5.7244854,7.6722302,1.139861,-0.46080375,-0.1240315
-5.743586,7.6306844,1.1493623,-0.46286747,-0.11324861
-5.762399,7.5887184,1.1580801,-0.4649312,-0.10246573
-5.78095,7.5463524,1.1660062,-0.46699494,-0.09168284
-5.799264,7.5036073,1.1731321,-0.46897492,-0.080316626
-5.8173676,7.460509,1.1794031,-0.4709549,-0.068950415
-5.8352904,7.417078,1.1848109,-0.47293487,-0.057584204
-5.853066,7.373337,1.1893473,-0.4752463,-0.044177093
-5.8707404,7.329271,1.1928453,-0.47755772,-0.03076998
-5.888355,7.2849064,1.195294,-0.47986916,-0.017362868
-5.9059505,7.2402697,1.1966826,-0.48185626,-0.0026584268
-5.92356,7.1954174,1.1968961,-0.4838434,0.012046015
-5.941231,7.150379,1.1959248,-0.48583052,0.026750457
-5.9590135,7.105186,1.193759,-0.4878215,0.039688468
-5.976959,7.059866,1.190533,-0.4898125,0.05262648
-5.9951143,7.0144467,1.1862388,-0.4918035,0.06556449
-6.0135245,6.9689565,1.1808685,-0.49330056,0.07258403
-6.0322266,6.923449,1.1749061,-0.49479765,0.079603575
-6.051247,6.877941,1.1683484,-0.49629474,0.08662312
-6.070613,6.832448,1.1611923,-0.4974984,0.09222553
-6.090341,6.7870073,1.1535561,-0.49870205,0.097827934
-6.110454,6.7416334,1.145438,-0.49990568,0.103430346
-6.130972,6.696341,1.1368357,-0.5006282,0.1065201
-6.1519027,6.651176,1.1279646,-0.50135064,0.109609865
-6.1732564,6.6061487,1.1188241,-0.5020731,0.11269963
-6.195045,6.5612693,1.1094135,-0.5026023,0.115266964
-6.217272,6.5165634,1.0997794,-0.5031315,0.11783431
-6.239945,6.4720397,1.0899211,-0.5036607,0.12040164
-6.2630734,6.427709,1.0798386,-0.5048457,0.119444326
-6.286706,6.383505,1.0698124,-0.5060307,0.118487
-6.3108397,6.3394313,1.0598427,-0.5072157,0.117529675
-6.3354716,6.295493,1.0499301,-0.5110872,0.11384591
-6.3607407,6.251449,1.0402535,-0.51495874,0.11016214
-6.3866396,6.2073016,1.0308177,-0.5188303,0.10647837
-6.4131627,6.1630526,1.0216278,-0.523,0.100085124
-6.4403253,6.118666,1.0129182,-0.523,0.093691885
-6.4678907,6.07449,1.0047634,-0.523,0.08729865
-6.495832,6.030515,0.99716353,-0.523,0.08780024
-6.524105,5.986756,0.98952013,-0.523,0.08830184
-6.5527105,5.943216,0.98183316,-0.523,0.08880343
-6.581649,5.899899,0.9741026,-0.523,0.08738675
-6.6109247,5.8568015,0.9664951,-0.523,0.08597007
-6.640531,5.813923,0.9590106,-0.523,0.08455338
-6.670461,5.7712617,0.9516491,-0.523,0.08468552
-6.700704,5.7288227,0.9442762,-0.523,0.08481765
-6.731259,5.6866083,0.9368918,-0.523,0.08494978
-6.7621245,5.644621,0.9294959,-0.523,0.08562045
-6.793298,5.602865,0.9220418,-0.523,0.08629112
-6.8247795,5.561346,0.9145294,-0.523,0.08696179
-6.8565702,5.5200667,0.90695876,-0.523,0.0850852
-6.888678,5.4790225,0.8995511,-0.523,0.083208606
-6.921094,5.4382105,0.89230645,-0.523,0.08133201
-6.95381,5.3976283,0.8852248,-0.523,0.08695866
-6.986797,5.3572984,0.8776545,-0.523,0.0925853
-7.020071,5.3172393,0.86959565,-0.523,0.098211944
-7.0536494,5.277471,0.86104864,-0.5040185,0.10531102
-7.0863113,5.239452,0.8522185,-0.48503694,0.112410106
-7.1180406,5.2031713,0.84315044,-0.4660554,0.11950918
-7.1488175,5.1686172,0.83388954,-0.43992513,0.1433733
-7.1780767,5.136373,0.82341325,-0.41379488,0.16723742
-7.205811,5.106446,0.8119333,-0.38766462,0.19110152
-7.2320004,5.078828,0.7996611,-0.36070496,0.22592202
-7.256501,5.0536184,0.7861945,-0.3337453,0.2607425
-7.2792845,5.0307984,0.77185464,-0.30678564,0.29556298
-7.300316,5.0103292,0.75696135,-0.27958116,0.30645427
-7.3196926,4.9920244,0.742904,-0.25237665,0.31734556
-7.3373523,4.9758053,0.72977847,-0.22517216,0.32823682
-7.353239,4.9615946,0.71768016,-0.20056754,0.34025097
-7.367482,4.9491606,0.7065245,-0.17596291,0.3522651
-7.3800445,4.938439,0.6964059,-0.15135828,0.3642792
-7.390894,4.9293666,0.68741834,-0.13577172,0.36852702
-7.400683,4.92133,0.6792666,-0.12018517,0.37277484
-7.4093914,4.914298,0.6719713,-0.10459861,0.37702268
-7.4170027,4.9082437,0.6655533,-0.101403266,0.36361164
-7.424457,4.9023914,0.65954256,-0.09820792,0.3502006
-7.431747,4.896739,0.6539269,-0.09501258,0.33678958
-7.4388647,4.891284,0.6486939,-0.09148867,0.3244183
-7.445775,4.8860455,0.6438335,-0.08796475,0.312047
-7.4524703,4.88102,0.63933253,-0.084440835,0.29967573
-7.458945,4.8762064,0.6351779,-0.08688692,0.2866486
-7.4656534,4.8712616,0.6310835,-0.08933301,0.27362144
-7.472598,4.8661866,0.62706023,-0.0917791,0.26059428
-7.479779,4.8609834,0.623119,-0.089034826,0.25116462
-7.486782,4.8559504,0.619431,-0.08629055,0.24173497
-7.4936037,4.851086,0.6159882,-0.08354628,0.2323053
-7.50024,4.846389,0.61278254,-0.08569169,0.21736732
-7.507085,4.8415766,0.60970247,-0.0878371,0.20242935
-7.5141387,4.8366494,0.6067592,-0.0899825,0.18749139
-7.5214014,4.8316083,0.6039638,-0.08743126,0.1753537
-7.528487,4.8267193,0.60142165,-0.08488001,0.16321602
-7.5353928,4.8219805,0.59912294,-0.08232877,0.15107834
-7.5421143,4.8173904,0.5970578,-0.08436468,0.14293945
-7.5490203,4.812696,0.5950548,-0.08640059,0.13480055
-7.5561104,4.8078966,0.5931195,-0.08843651,0.12666166
-7.5633845,4.8029933,0.5912576,-0.08499112,0.11675955
-7.570393,4.798288,0.5896074,-0.08154574,0.10685745
-7.5771317,4.7937794,0.5881579,-0.07810035,0.096955344
-7.583599,4.789467,0.58689785,-0.07951019,0.08620483
-7.590195,4.78508,0.5857569,-0.08092003,0.07545431
-7.596919,4.780619,0.5847402,-0.08232987,0.064703785
-7.60377,4.776084,0.583853,-0.07844582,0.05412951
-7.6103053,4.771766,0.5831456,-0.074561775,0.043555237
-7.6165233,4.7676644,0.5826045,-0.07067773,0.03298096
-7.6224217,4.7637777,0.58221614,-0.073326215,0.029088993
-7.628544,4.7597475,0.58186066,-0.0759747,0.025197024
-7.634889,4.7555733,0.58154166,-0.07862319,0.021305054
-7.6414576,4.7512555,0.58126247,-0.07528355,0.017054778
-7.6477485,4.7471223,0.5810485,-0.07194391,0.012804503
-7.6537614,4.7431736,0.580895,-0.06860426,0.008554226
-7.6594963,4.739409,0.5807972,-0.06819887,0.0053946376
-7.665198,4.735667,0.58073586,-0.067793466,0.002235049
-7.670866,4.731948,0.5807106,-0.067388065,-0.0009245396
-7.6765003,4.7282505,0.58072096,-0.06870397,0.0013239145
-7.6822443,4.7244816,0.5807058,-0.070019886,0.0035723685
-7.6880984,4.72064,0.58066416,-0.07133579,0.005820823
-7.6940627,4.716727,0.58059496,-0.07573499,0.016985703
-7.700394,4.712573,0.58038056,-0.08013419,0.028150583
-7.707093,4.708181,0.58000463,-0.084533386,0.039315462
-7.714158,4.703552,0.57945085,-0.09337289,0.069396436
-7.7219524,4.698451,0.57837176,-0.1022124,0.09947741
-7.730469,4.692891,0.57667994,-0.1110519,0.12955838
-7.7397003,4.686887,0.57428867,-0.1180761,0.16108285
-7.7494855,4.680556,0.57113236,-0.12510031,0.19260731
-7.759815,4.673918,0.5671413,-0.13212451,0.2241318
-7.7706804,4.6669974,0.5622469,-0.13507864,0.23424217
-7.781797,4.659993,0.5570215,-0.13803275,0.24435255
-7.793165,4.6529126,0.55145586,-0.14098687,0.25446293
-7.8047876,4.645764,0.54554087,-0.14327104,0.25315976
-7.8166447,4.638567,0.53956014,-0.14555521,0.25185657
-7.828738,4.631325,0.5335147,-0.14783938,0.2505534
-7.84107,4.624041,0.52740544,-0.14757219,0.24622549
-7.8534374,4.616838,0.52141047,-0.14730498,0.24189757
-7.8658385,4.609714,0.5155294,-0.14703777,0.23756966
-7.878272,4.602669,0.5097621,-0.14553416,0.23372684
-7.89063,4.5957603,0.5041444,-0.14403053,0.22988403
-7.9029093,4.588986,0.49867445,-0.14252691,0.22604121
