-6.988971,1.6122509,1.4971285,0.48986462,0.0
-6.985366,1.6611046,1.4971285,0.4598647,-0.009382564
-6.9819813,1.7069643,1.4964094,0.42986482,-0.018765127
-6.9787874,1.7498243,1.495065,0.39986494,-0.028147692
-6.9757633,1.7896804,1.4931895,0.36986494,0.06942287
-6.972903,1.8264668,1.4974655,0.33986494,0.16699344
-6.970447,1.8598903,1.5068808,0.30986494,0.264564
-6.968537,1.8897377,1.5203851,0.27986494,0.36445844
-6.9672194,1.9158528,1.5370111,0.24986494,0.4643529
-6.9664645,1.9381807,1.5556612,0.21986493,0.56424737
-6.9661837,1.956757,1.5752578,0.18986493,0.6635127
-6.96625,1.971715,1.5947471,0.15986493,0.76277804
-6.966527,1.9832686,1.6131563,0.12986493,0.8620434
-6.966885,1.9917138,1.629588,0.09986492,0.9129958
-6.9672437,1.9978088,1.6427592,0.06986492,0.96394825
-6.9675303,2.0017827,1.6523243,0.03986492,1.0
-6.9677057,2.0039294,1.6579151,0.009864928,0.93519896
-6.9677563,2.004513,1.6592382,-0.020135064,0.87039787
-6.967642,2.0032203,1.6566724,-0.050135057,0.8055968
-6.967344,1.9997603,1.6506459,-0.080135055,0.740096
-6.966872,1.9938619,1.6416391,-0.11013505,0.67459506
-6.9662633,1.9852824,1.6301744,-0.14013503,0.6090942
-6.965581,1.9738092,1.616812,-0.17013502,0.5191268
-6.9649014,1.9590528,1.602744,-0.20013501,0.42915934
-6.96432,1.9408635,1.5888644,-0.230135,0.3391919
-6.963928,1.9191648,1.5761025,-0.26013497,0.2513534
-6.9637947,1.893969,1.5653193,-0.2901349,0.16351493
-6.963951,1.8653431,1.5574476,-0.32013488,0.07567643
-6.9643774,1.833424,1.5534136,-0.35013458,0.08897979
-6.9649835,1.7985543,1.548228,-0.3801343,0.10228315
-6.965837,1.7607492,1.541759,-0.41013402,0.11558651
-6.9670196,1.7200266,1.5338757,-0.4401288,0.13822325
-6.968629,1.6764632,1.5237685,-0.4701236,0.16085999
-6.9708104,1.6301092,1.5112188,-0.5001184,0.18349671
-6.973738,1.5810242,1.4960095,-0.523,0.20369862
-6.9775653,1.5299486,1.4783763,-0.523,0.22390051
-6.982271,1.4791718,1.4590223,-0.523,0.24410242
-6.987932,1.4287388,1.4379554,-0.523,0.2558512
-6.9946337,1.3785871,1.4158962,-0.523,0.26760003
-7.0024157,1.3287525,1.3928478,-0.523,0.27934882
-7.0113144,1.2792737,1.3688134,-0.523,0.28108498
-7.0213947,1.2300477,1.3446335,-0.523,0.28282115
-7.032656,1.1811044,1.3203082,-0.523,0.2845573
-7.045099,1.1324742,1.2958378,-0.523,0.29104325
-7.0587015,1.0842557,1.2708251,-0.523,0.29752916
-7.073477,1.0364864,1.2452714,-0.523,0.3040151
-7.0894356,0.9892054,1.2191777,-0.51182383,0.30611557
-7.1062446,0.94338834,1.1934708,-0.5006477,0.30821607
-7.123821,0.89903873,1.1681582,-0.48947155,0.31031653
-7.1420846,0.85615677,1.1432472,-0.47898346,0.30299613
-7.1610403,0.8145555,1.1194273,-0.46849537,0.29567572
-7.180589,0.7742274,1.0966752,-0.45800728,0.28835535
-7.2006364,0.7351611,1.0749675,-0.45575422,0.28420818
-7.22145,0.6966823,1.0536687,-0.45350114,0.280061
-7.2429967,0.65879786,1.0327764,-0.45124808,0.27591383
-7.2652454,0.6215137,1.0122877,-0.4463719,0.26758322
-7.2880583,0.5850064,0.9926175,-0.44149575,0.25925258
-7.3113794,0.54926854,0.973754,-0.4366196,0.25092193
-7.3351574,0.5142908,0.95568544,-0.4374024,0.23582749
-7.3596992,0.4795565,0.9386524,-0.43818521,0.22073305
-7.384962,0.44506305,0.9226627,-0.43896803,0.20563859
-7.4109044,0.4108053,0.90772367,-0.43773696,0.20030618
-7.43731,0.37699685,0.89320767,-0.43650585,0.19497378
-7.464157,0.3436336,0.87911284,-0.43527475,0.18964137
-7.4914227,0.31071094,0.86543745,-0.43134442,0.17372976
-7.5189657,0.27836365,0.8530106,-0.42741406,0.15781814
-7.5467286,0.24656819,0.84181494,-0.42348373,0.14190653
-7.5746536,0.21530001,0.83183265,-0.41668817,0.11905431
-7.6025195,0.18471782,0.8235841,-0.40989262,0.09620209
-7.630247,0.15478769,0.81702214,-0.40309706,0.07334988
-7.6577606,0.12547646,0.81209874,-0.3961546,0.049974777
-7.6849813,0.09676213,0.80880046,-0.3892122,0.026599675
-7.7118416,0.06861416,0.8070752,-0.38226974,0.0032245754
-7.73828,0.041004203,0.80686975,-0.37208983,-0.026320834
-7.7640104,0.014143963,0.80850184,-0.3619099,-0.05586624
-7.7889643,-0.011990457,0.81186986,-0.35173,-0.08541165
-7.8130803,-0.03741808,0.81687075,-0.34037638,-0.1241421
-7.8361998,-0.06204081,0.82389516,-0.32902274,-0.16287255
-7.858257,-0.085864894,0.83278716,-0.31766912,-0.20160301
-7.879197,-0.10889038,0.84338886,-0.30665722,-0.2425948
-7.898991,-0.13112395,0.8556665,-0.2956453,-0.2835866
-7.9176025,-0.15255384,0.8694535,-0.2846334,-0.3
-7.9351482,-0.17332794,0.8834726,-0.2778814,-0.3
-7.9519916,-0.19384737,0.8971592,-0.27112946,-0.3
-7.96815,-0.21409129,0.9105133,-0.26437747,-0.3
-7.983641,-0.23403968,0.92353475,-0.25542971,-0.3
-7.9983554,-0.25350618,0.9361155,-0.24648194,-0.3
-8.012318,-0.27246794,0.9482556,-0.23753417,-0.3
-8.025549,-0.2909033,0.9599549,-0.22702149,-0.3
-8.037989,-0.30866954,0.9711365,-0.2165088,-0.3
-8.049662,-0.32574466,0.9818003,-0.20599613,-0.3
-8.060595,-0.3421082,0.9919463,-0.19408305,-0.3
-8.070738,-0.3576291,1.0015055,-0.18216997,-0.3
-8.080119,-0.37228766,1.010478,-0.1702569,-0.3
-8.088763,-0.38606575,1.0188638,-0.15934058,-0.3
-8.096745,-0.3990278,1.0267118,-0.14842424,-0.3
-8.104084,-0.4111598,1.0340222,-0.1375079,-0.3
-8.110802,-0.42244893,1.040795,-0.12746052,-0.3
-8.116958,-0.43295515,1.0470728,-0.11741314,-0.3
-8.122567,-0.44266856,1.0528558,-0.10736576,-0.3
-8.1276455,-0.4515803,1.058144,-0.09793861,-0.3
-8.132235,-0.45973393,1.0629678,-0.088511474,-0.3
-8.136347,-0.46712264,1.0673273,-0.07908433,-0.3
-8.139992,-0.47374037,1.0712224,-0.068557,-0.3
-8.143129,-0.47948942,1.074599,-0.058029674,-0.3
-8.145769,-0.48436463,1.0774572,-0.047502346,-0.3
-8.147918,-0.48836157,1.0797969,-0.033208504,-0.3
-8.149414,-0.4911593,1.0814325,-0.018914664,-0.3
-8.150263,-0.4927542,1.0823641,-0.004620822,-0.3
-8.150471,-0.49314404,1.0825917,0.013855664,-0.3
-8.14985,-0.49197498,1.0819093,0.032332152,-0.3
-8.148399,-0.489248,1.0803168,0.05080864,-0.3
-8.146112,-0.4849663,1.0778143,0.07419448,-0.3
-8.142758,-0.47872227,1.07416,0.09758032,-0.3
-8.138316,-0.47052628,1.0693538,0.120966166,-0.3
-8.132761,-0.46039262,1.0633959,0.1483892,-0.2723321
-8.125816,-0.44790122,1.0567435,0.17581224,-0.24466419
-8.117429,-0.43304813,1.0496457,0.2032353,-0.21699628
-8.107548,-0.41583598,1.042353,0.23237854,-0.15187247
-8.095966,-0.39599892,1.0364937,0.2615218,-0.086748645
-8.082699,-0.37357634,1.0327172,0.29066503,-0.021624828
-8.067806,-0.34862295,1.0316697,0.32019842,-0.0084666135
-8.051368,-0.32114586,1.0312179,0.3497318,0.004691601
-8.0334,-0.2911418,1.0314914,0.37926522,0.017849814
-8.0139265,-0.25860354,1.0326196,0.4067949,-0.007051015
-7.9930754,-0.22367518,1.0321416,0.4343246,-0.031951845
-7.970807,-0.18641181,1.029829,0.46185428,-0.056852676
-7.9470615,-0.14688511,1.0254551,0.4765166,-0.052801598
-7.9223785,-0.10620209,1.0212636,0.49117893,-0.04875052
-7.896755,-0.064365655,1.0172744,0.50584126,-0.04469944
-7.8701906,-0.021377819,1.0135071,0.51777136,-0.06663329
-7.842867,0.022467501,1.0077612,0.523,-0.08856714
-7.815061,0.06652107,1.0000513,0.523,-0.110500984
-7.786978,0.110263035,0.9904388,0.523,-0.11646362
-7.758495,0.1537035,0.98031,0.523,-0.12242624
-7.7295938,0.19682238,0.96966517,0.523,-0.12838887
-7.700258,0.239599,0.9585047,0.523,-0.12962718
-7.6704507,0.28203875,0.9472371,0.523,-0.13086548
-7.6401725,0.32413313,0.93586254,0.523,-0.1321038
-7.609422,0.36587355,0.92438096,0.523,-0.13390309
-7.5782027,0.4072482,0.9127439,0.523,-0.13570237
-7.546511,0.44824675,0.90095145,0.523,-0.13750166
-7.514346,0.4888587,0.88900363,0.523,-0.13865653
-7.4817038,0.529077,0.8769561,0.523,-0.13981141
-7.4485846,0.56889266,0.86480886,0.523,-0.14096628
-7.41499,0.6082967,0.85256195,0.523,-0.14104977
-7.380915,0.6472859,0.84030783,0.523,-0.14113326
-7.346366,0.68585414,0.8280465,0.523,-0.14121675
-7.3113465,0.72399545,0.815778,0.523,-0.14352874
-7.275874,0.76169175,0.80331,0.523,-0.14584075
-7.239946,0.7989303,0.79064256,0.523,-0.14815274
-7.203562,0.8356982,0.77777576,0.523,-0.1608424
-7.1667805,0.8719232,0.76381606,0.523,-0.17353207
-7.129576,0.90755486,0.74876565,0.523,-0.18622173
-7.0919275,0.9425418,0.732627,0.523,-0.22590306
-7.0540347,0.9766326,0.7131028,0.523,-0.26558438
-7.015865,1.0096468,0.6902239,0.523,-0.3
-6.9773374,1.0414594,0.66446435,0.523,-0.3
-6.9380035,1.0722692,0.63870484,0.523,-0.3
-6.8978887,1.1020555,0.6129453,0.523,-0.3
-6.8570204,1.1307989,0.5871858,0.523,-0.3
-6.815425,1.15848,0.56142634,0.523,-0.3
-6.7731304,1.1850806,0.5356668,0.523,-0.3
-6.730165,1.2105831,0.5099073,0.523,-0.3
-6.686557,1.2349703,0.4841478,0.523,-0.3
-6.642335,1.2582263,0.45838827,0.523,-0.3
-6.597529,1.2803357,0.43262875,0.523,-0.3
-6.5521684,1.3012835,0.40686926,0.523,-0.3
-6.506283,1.3210561,0.38110974,0.523,-0.3
-6.4599037,1.3396403,0.35535023,0.523,-0.3
-6.413061,1.3570237,0.3295907,0.523,-0.3
-6.365786,1.3731949,0.3038312,0.523,-0.3
-6.3181105,1.3881431,0.2780717,0.523,-0.3
-6.270066,1.4018583,0.25231218,0.523,-0.3
-6.221684,1.4143316,0.22655267,0.523,-0.3
-6.1729965,1.4255544,0.20079316,0.523,-0.26765046
-6.123572,1.4356141,0.17774051,0.523,-0.23530093
-6.0735145,1.4446063,0.15741886,0.523,-0.20295139
-6.022921,1.4526371,0.13984945,0.523,-0.14267826
-5.971658,1.4598533,0.12745482,0.523,-0.082405135
-5.919958,1.4664786,0.12027997,0.523,-0.022132015
-5.8680487,1.4727525,0.11835095,0.523,0.03925507
-5.8161545,1.4789231,0.121771805,0.523,0.10064216
-5.764505,1.4852438,0.13052964,0.523,0.16202924
-5.713329,1.491962,0.14459148,0.523,0.13943903
-5.662077,1.4994247,0.15670656,0.523,0.11684883
-5.61077,1.5075313,0.16686873,0.523,0.09425862
-5.5594254,1.5161794,0.17507277,0.523,0.09038661
-5.5081353,1.5252519,0.18294075,0.523,0.08651459
-5.4569,1.5347309,0.19047253,0.523,0.08264258
-5.405721,1.5445987,0.19766802,0.523,0.08945022
-5.354645,1.5548284,0.20545469,0.523,0.09625785
-5.303682,1.5654489,0.21383223,0.523,0.10306549
-5.252844,1.5764884,0.2228002,0.523,0.12675092
-5.202246,1.587952,0.2338191,0.523,0.15043636
-5.1519437,1.5999327,0.24688272,0.523,0.17412178
-5.1019964,1.6125207,0.26198375,0.5226667,0.22030099
-5.0527334,1.6257304,0.28101957,0.52233344,0.26648018
-5.00432,1.6397053,0.3039446,0.52200013,0.31265938
-4.9569273,1.6545706,0.33070493,0.4948251,0.36435002
-4.9131985,1.6695833,0.36009276,0.46765006,0.41604063
-4.873166,1.6846558,0.39159226,0.44047502,0.46773127
-4.836826,1.6996614,0.4246912,0.4201074,0.40652636
-4.8016667,1.7155607,0.45237777,0.39973974,0.34532145
-4.767836,1.732002,0.4749297,0.37937212,0.28411654
-4.7354503,1.7486544,0.49265328,0.35116112,0.25670233
-4.705524,1.7647189,0.5075128,0.32295015,0.22928812
-4.678038,1.7800035,0.5197464,0.29473916,0.2018739
-4.652976,1.7943449,0.52959585,0.26580015,0.16259377
-4.6303396,1.8075956,0.53676707,0.23686112,0.12331362
-4.6101394,1.8196157,0.54162276,0.20792212,0.08403348
-4.592386,1.8302969,0.5445314,0.17883529,0.017855924
-4.577091,1.8395593,0.5450636,0.14974846,-0.048321635
-4.5643015,1.8473144,0.54385805,0.12066163,-0.1144992
-4.554044,1.8535169,0.5415605,0.09139669,-0.18560031
-4.546346,1.8581474,0.53874946,0.062131744,-0.2567014
-4.541188,1.8612306,0.53612036,0.0328668,-0.3
-4.538489,1.8628345,0.53450155,0.0030546929,-0.3
-4.5382376,1.8629831,0.5343511,-0.026757414,-0.3
-4.540437,1.8616813,0.535669,-0.05656952,-0.3
-4.5450845,1.8589228,0.53845525,-0.08641614,-0.3
-4.552172,1.8546892,0.5427115,-0.11626276,-0.3
-4.561683,1.848953,0.54843783,-0.14610937,-0.3
-4.5735946,1.8416758,0.55563426,-0.17592172,-0.3
-4.5878725,1.8328106,0.564299,-0.20573407,-0.3
-4.60448,1.8222989,0.5744321,-0.23554641,-0.3
-4.623371,1.810072,0.5860335,-0.2653054,-0.27916744
-4.644619,1.795967,0.5982179,-0.2950644,-0.25833488
-4.6681924,1.7799013,0.6107813,-0.32482335,-0.2375023
-4.6940546,1.7617953,0.62351847,-0.35348263,-0.1719277
-4.7223287,1.74146,0.63359755,-0.38214192,-0.10635309
-4.752951,1.7189631,0.64035845,-0.4108012,-0.04077848
-4.7858653,1.6944388,0.6431497,-0.43795076,0.03067764
-4.8208942,1.6681864,0.6409108,-0.46510032,0.102133766
-4.8579803,1.6405219,0.63300747,-0.49224988,0.17358989
-4.8970714,1.6118394,0.6188373,-0.48414975,0.23705655
-4.9354053,1.5845399,0.5998875,-0.47604963,0.30052322
-4.972937,1.558869,0.57640076,-0.4679495,0.3639899
-5.009601,1.5350362,0.54863536,-0.44839048,0.32053322
-5.045911,1.5128427,0.52508944,-0.42883146,0.27707657
-5.081601,1.4921656,0.50553864,-0.40927243,0.2336199
-5.1164365,1.4728838,0.4897475,-0.39844114,0.23447514
-5.150635,1.4546539,0.47431904,-0.38760984,0.23533037
-5.1841664,1.4374385,0.45925623,-0.37677854,0.2361856
-5.2170024,1.4212003,0.44456214,-0.36255127,0.22996438
-5.248872,1.4060187,0.43078864,-0.348324,0.22374316
-5.2797327,1.3918357,0.41790757,-0.33409673,0.21752194
-5.309548,1.378596,0.4058906,-0.3220848,0.20752944
-5.3385043,1.3661517,0.39483008,-0.3100729,0.19753695
-5.3665695,1.3544567,0.38468787,-0.29806098,0.18754445
-5.3937125,1.3434675,0.37542576,-0.28774717,0.17660135
-5.420067,1.3330808,0.36700028,-0.27743337,0.16565824
-5.445608,1.3232623,0.35937542,-0.2671196,0.15471512
-5.470315,1.3139802,0.35251498,-0.24951924,0.13369754
-5.4935236,1.3054422,0.3469715,-0.23191893,0.112679966
-5.5151954,1.2976058,0.34262526,-0.2143186,0.091662385
-5.5352964,1.2904357,0.3393557,-0.19374652,0.04712932
-5.553546,1.2839935,0.33783442,-0.17317443,0.0025962591
-5.569885,1.2782537,0.33775946,-0.15260234,-0.041936804
-5.58427,1.2732013,0.33882576,-0.1403543,-0.101320386
-5.5974393,1.2685602,0.34119183,-0.12810625,-0.16070397
-5.609356,1.2643288,0.34460828,-0.115858205,-0.22008756
-5.619998,1.2605091,0.34882388,-0.098777756,-0.2654212
-5.6289554,1.2572513,0.35314238,-0.0816973,-0.3
-5.6362786,1.254552,0.35716626,-0.064616844,-0.3
-5.642062,1.2523937,0.36034885,-0.045619674,-0.3
-5.6461406,1.250857,0.36259577,-0.026622504,-0.3
-5.6485186,1.2499549,0.363907,-0.007625332,-0.3
-5.6491995,1.2496957,0.36428258,0.0054126,-0.3
-5.648716,1.2498798,0.364016,0.018450532,-0.3
-5.647069,1.2505074,0.36310723,0.031488463,-0.3
-5.644257,1.2515758,0.36155632,0.04687146,-0.3
-5.6400685,1.2531598,0.35924774,0.06225446,-0.3
-5.634501,1.2552507,0.3561815,0.07763746,-0.3
-5.6275496,1.2578369,0.3523576,0.10157022,-0.3
-5.618442,1.2611858,0.34735495,0.12550299,-0.3
-5.6071687,1.2652673,0.3411735,0.14943574,-0.3
-5.593715,1.2700438,0.33381328,0.17773974,-0.3
-5.5776725,1.2756073,0.325059,0.20604372,-0.3
-5.559019,1.2818938,0.31491065,0.23434772,-0.3
-5.537732,1.2888281,0.30336824,0.2642935,-0.3
-5.513636,1.2963709,0.29035088,0.29423928,-0.3
-5.486703,1.3044183,0.2758586,0.32418507,-0.3
-5.4569035,1.3128539,0.25989142,0.35418466,-0.3
-5.424203,1.321549,0.24244662,0.38418427,-0.3
-5.388574,1.3303605,0.22352426,0.41418386,-0.3
-5.34999,1.3391316,0.2031243,0.44418323,-0.3
-5.308428,1.347692,0.18124679,0.47418258,-0.3
-5.2638693,1.3558576,0.15789169,0.5041819,-0.3
-5.2163024,1.3634311,0.13305904,0.523,-0.2414181
-5.165968,1.3701684,0.11221924,0.523,-0.1828362
-5.114863,1.3759276,0.09637067,0.523,-0.1242543
-5.063207,1.3809211,0.08556768,0.523,-0.03818809
-5.0111365,1.3853875,0.08223976,0.523,0.047878124
-4.959073,1.389679,0.08641154,0.523,0.13394433
-4.907435,1.3941523,0.098052144,0.5013781,0.22168797
-4.858759,1.3989403,0.11642569,0.4797562,0.3094316
-4.813371,1.4042487,0.14077471,0.45813432,0.39717525
-4.7715416,1.4101764,0.17031024,0.44334954,0.41175342
-4.7315,1.4170626,0.1998829,0.4285648,0.42633155
-4.693257,1.4248103,0.22942056,0.41378,0.4409097
-4.6568165,1.4333203,0.2588515,0.3896977,0.44326043
-4.6227856,1.4423313,0.28670755,0.3656154,0.44561118
-4.591141,1.4516611,0.3129715,0.34153312,0.44796193
-4.561853,1.461139,0.3376262,0.31482142,0.4438315
-4.535026,1.470557,0.36015704,0.28810975,0.43970108
-4.510628,1.4797448,0.38059694,0.26139805,0.43557066
-4.488625,1.4885484,0.3989788,0.23281005,0.38032597
-4.4687057,1.4969462,0.4133829,0.20422205,0.3250813
-4.450983,1.5047203,0.42425382,0.17563404,0.2698366
-4.435556,1.5116886,0.43205705,0.1467197,0.20935288
-4.422523,1.5176982,0.43713912,0.11780534,0.14886916
-4.4119687,1.5226303,0.44005126,0.08889098,0.08838544
-4.403958,1.5264021,0.441359,0.059513193,0.021171862
-4.3985777,1.5289438,0.441569,0.030135402,-0.046041716
-4.3958564,1.5302303,0.44133782,0.00075761485,-0.11325529
-4.395788,1.5302625,0.44132355,-0.029058494,-0.15887888
-4.3983827,1.5290369,0.4420898,-0.058874603,-0.20450246
-4.403593,1.5265706,0.4440825,-0.08869071,-0.25012606
-4.4113526,1.5228786,0.44774136,-0.11856832,-0.22730604
-4.421766,1.5178776,0.45219466,-0.14844593,-0.20448601
-4.43484,1.5115265,0.45721868,-0.17832355,-0.181666
-4.4505777,1.5037838,0.46258825,-0.20815337,-0.14816111
-4.4690013,1.4945965,0.4677095,-0.2379832,-0.11465622
-4.490104,1.4839376,0.47224724,-0.26781303,-0.08115132
-4.5138755,1.4717952,0.4758655,-0.29692024,-0.005576509
-4.5402684,1.4581932,0.47614145,-0.32602745,0.06999831
-4.569174,1.4432863,0.472341,-0.35513467,0.14557312
-4.6004643,1.4272995,0.46375507,-0.37909073,0.22467947
-4.6335173,1.4107686,0.44967854,-0.4030468,0.30378583
-4.668153,1.3940513,0.42958432,-0.42700285,0.3828922
-4.704162,1.3775548,0.40299594,-0.41297868,0.3956739
-4.739217,1.3626101,0.37646687,-0.39895454,0.40845564
-4.773266,1.3491496,0.3500566,-0.3849304,0.42123738
-4.806264,1.3371024,0.32382423,-0.37280422,0.38236398
-4.839054,1.3260967,0.3006411,-0.36067808,0.3434906
-4.871492,1.3160397,0.2803965,-0.3485519,0.30461723
-4.903444,1.306838,0.26297307,-0.34164026,0.32985604
-4.9346547,1.2984358,0.2445298,-0.3347286,0.35509488
-4.965106,1.2908376,0.22513343,-0.32781693,0.3803337
-4.9947767,1.2840425,0.20485082,-0.31510127,0.3630212
-5.0236177,1.2780504,0.18620208,-0.3023856,0.34570867
-5.051575,1.2727836,0.16912417,-0.2896699,0.32839617
-5.0786033,1.2681684,0.15355319,-0.27878204,0.31393087
-5.104807,1.2641128,0.13920522,-0.26789415,0.29946554
-5.1301565,1.2605611,0.12603334,-0.2570063,0.28500023
-5.1546245,1.2574608,0.11399011,-0.24752708,0.26765692
-5.178341,1.2547456,0.10307943,-0.23804787,0.25031364
-5.2012815,1.2523725,0.093251705,-0.22856866,0.23297034
-5.2234244,1.2503017,0.08445682,-0.22500788,0.2212362
-5.2452984,1.2484498,0.07622769,-0.22144708,0.20950207
-5.2668962,1.2468003,0.06855185,-0.2178863,0.19776793
-5.28821,1.2453369,0.06141676,-0.20494215,0.19261816
-5.308287,1.2441024,0.054878104,-0.191998,0.18746838
-5.327122,1.2430676,0.048914254,-0.17905387,0.18231861
-5.3447094,1.2422067,0.043503538,-0.16582613,0.13544384
-5.361125,1.2414922,0.03977162,-0.15259838,0.08856907
-5.3763127,1.2408878,0.03752198,-0.13937065,0.041694295
-5.390228,1.2403654,0.036553767,-0.1259011,0.024849558
-5.402806,1.2399054,0.03603239,-0.11243156,0.00800482
-5.414041,1.2395004,0.03588239,-0.09896202,-0.008839917
-5.4239306,1.2391454,0.03602819,-0.08789929,-0.029747844
-5.432711,1.2388289,0.03646393,-0.076836556,-0.05065577
-5.4403796,1.2385491,0.037112355,-0.06577382,-0.0715637
-5.4469357,1.2383057,0.03789619,-0.050817903,-0.08993172
-5.4519935,1.238114,0.038656853,-0.035861988,-0.10829975
-5.455556,1.2379762,0.039302897,-0.020906068,-0.12666777
-5.4576283,1.2378947,0.03974307,-0.0031012855,-0.14757456
-5.457935,1.2378825,0.039819073,0.014703496,-0.16848135
-5.456486,1.2379402,0.039408147,0.03250828,-0.18938816
-5.453296,1.238066,0.038388155,0.058495622,-0.21497284
-5.4475856,1.2382853,0.036308434,0.08448297,-0.24055752
-5.439386,1.2385832,0.032953836,0.11047031,-0.26614222
-5.4287333,1.2389343,0.028111344,0.14002377,-0.28140852
-5.415287,1.2393124,0.021630367,0.16957721,-0.29667485
-5.399074,1.2396631,0.013367944,0.19913067,-0.3
-5.380052,1.2399175,0.0035600883,0.22895426,-0.23878425
-5.357806,1.2399967,-0.0054653473,0.25877783,-0.17756851
-5.332336,1.2398574,-0.01308363,0.28860143,-0.11635276
-5.3036733,1.2394824,-0.018667607,0.31848484,-0.02170502
-5.2718377,1.238888,-0.019819636,0.34836826,0.07294272
-5.2371006,1.2381995,-0.015588236,0.37825167,0.16759047
-5.19981,1.2376181,-0.0050723944,0.40824038,0.25033593
-5.160259,1.2374176,0.011783131,0.43822905,0.3330814
-5.1188474,1.2379055,0.035663445,0.46821776,0.41582686
-5.0760427,1.2394327,0.06718593,0.4981184,0.3420346
-5.0292225,1.2425832,0.09503113,0.523,0.26824233
-4.97902,1.2473683,0.118133515,0.523,0.19445005
