4.3473735,5.271806,-1.7422562,-0.08662906,0.0
4.3488517,5.2803416,-1.7422562,-0.056705855,0.09720403
4.349815,5.285903,-1.7431734,-0.026782647,0.19440806
4.3502655,5.2884917,-1.7440357,0.0031405636,0.2916121
4.3502135,5.2881956,-1.7438853,0.03305946,0.3518468
4.349679,5.2851386,-1.7419864,0.06297836,0.4120815
4.348696,5.2794523,-1.7377824,0.09289726,0.47231624
4.347321,5.2712946,-1.7307384,0.12275783,0.42643678
4.345541,5.2602606,-1.7222757,0.1526184,0.38055736
4.343403,5.246253,-1.7128277,0.18247896,0.3346779
4.340963,5.2291913,-1.7028381,0.21215452,0.37138796
4.3383603,5.2095942,-1.6900059,0.2418301,0.408098
4.3357205,5.187555,-1.6740103,0.27150565,0.44480804
4.333195,5.1631765,-1.6545395,0.3009008,0.44238532
4.3309207,5.1360784,-1.6330705,0.33029592,0.43996257
4.329061,5.106252,-1.6096246,0.35969108,0.43753982
4.327796,5.073696,-1.5842236,0.38838744,0.47888294
4.3273335,5.0392294,-1.5543963,0.4170838,0.52022606
4.3279266,5.0030437,-1.5198425,0.44578016,0.56156915
4.329849,4.9653606,-1.4802785,0.47269854,0.51174337
4.3335743,4.9243155,-1.4416986,0.4996169,0.46191755
4.339332,4.879962,-1.4045882,0.523,0.41209173
4.3472605,4.8327007,-1.3696756,0.523,0.43599728
4.356731,4.7862487,-1.3328638,0.523,0.45990282
4.367777,4.740703,-1.294174,0.523,0.4838084
4.380421,4.696166,-1.253628,0.523,0.4631309
4.395014,4.651709,-1.2146862,0.523,0.44245338
4.4114914,4.607411,-1.1773651,0.523,0.4217759
4.4297843,4.5633397,-1.1416807,0.523,0.44514167
4.449424,4.5204163,-1.104148,0.523,0.46850747
4.470418,4.478741,-1.0647874,0.523,0.49187326
4.492762,4.4384184,-1.0236205,0.523,0.48493272
4.5168357,4.3989034,-0.9829879,0.523,0.47799218
4.5425873,4.3602595,-0.9428915,0.523,0.47105163
4.569965,4.322545,-0.9033332,0.523,0.4886696
4.5985494,4.2862763,-0.86241263,0.523,0.5062876
4.6283073,4.2515416,-0.82014257,0.523,0.5239056
4.6591973,4.218427,-0.7765361,0.523,0.49576992
4.6920133,4.1861873,-0.7350701,0.523,0.46763423
4.7266436,4.1548786,-0.6957775,0.523,0.43949854
4.7629714,4.1245413,-0.6586893,0.523,0.4596307
4.800038,4.0958514,-0.6200207,0.523,0.47976285
4.8377976,4.0688934,-0.57978725,0.523,0.49989504
4.876197,4.043747,-0.53800535,0.523,0.48929605
4.9158387,4.020092,-0.49703664,0.523,0.47869706
4.956643,3.9979572,-0.45688567,0.523,0.46809807
4.9985294,3.9773667,-0.41755694,0.523,0.46811244
5.041193,3.9584394,-0.3782271,0.523,0.4681268
5.0845675,3.941204,-0.3388962,0.523,0.4681412
5.128586,3.9256878,-0.29956412,0.523,0.45998925
5.1733627,3.911858,-0.26086748,0.523,0.45183733
5.2188225,3.8997226,-0.22280884,0.523,0.44368538
5.2648907,3.8892848,-0.18539073,0.523,0.44773558
5.311228,3.8805947,-0.14765406,0.523,0.45178577
5.3577685,3.8736722,-0.10959946,0.523,0.45583597
5.4044466,3.868536,-0.07122756,0.523,0.44588742
5.4515133,3.8651776,-0.03363617,0.523,0.4359389
5.498895,3.8635833,0.0031709701,0.523,0.42599034
5.5465207,3.8637345,0.039190225,0.523,0.42263913
5.5941825,3.8656032,0.074943274,0.523,0.41928792
5.641818,3.86918,0.11042971,0.523,0.4159367
5.6893673,3.874452,0.14564914,0.523,0.40108988
5.7370067,3.8814404,0.17968091,0.523,0.38624305
5.784674,3.8900986,0.21251754,0.523,0.3713962
5.8323116,3.9003778,0.2441518,0.523,0.36684945
5.879684,3.9121792,0.2754164,0.523,0.36230272
5.926746,3.9254787,0.30631074,0.523,0.35775596
5.973454,3.9402509,0.3368342,0.523,0.34703282
6.0198727,3.9565058,0.36648035,0.523,0.33630967
6.065964,3.9741964,0.39524585,0.523,0.32558653
6.1116962,3.993276,0.42312738,0.52056015,0.32203677
6.156721,4.013552,0.45058686,0.5181202,0.318487
6.2010164,4.0349813,0.4776267,0.5156804,0.31493723
6.2445607,4.0575194,0.5042493,0.5091548,0.30000585
6.287148,4.081021,0.52932733,0.5026292,0.28507444
6.3287816,4.1053767,0.5528863,0.4961036,0.27014303
6.369469,4.1304846,0.5749521,0.4910148,0.2579179
6.409313,4.1563025,0.5958258,0.485926,0.2456928
6.4483247,4.1827536,0.6155243,0.48083717,0.23346768
6.486519,4.209763,0.6340648,0.47490954,0.2145033
6.523902,4.237253,0.6509132,0.4689819,0.19553894
6.5604997,4.2651277,0.66609997,0.46305424,0.17657456
6.5963407,4.2932963,0.67965657,0.45822045,0.14924583
6.631584,4.3217764,0.6910122,0.45338663,0.1219171
6.666263,4.350457,0.700202,0.44855285,0.09458837
6.7004113,4.3792315,0.70726275,0.43896937,0.07729054
6.7336793,4.4076686,0.71291184,0.4293859,0.059992712
6.7661023,4.4357014,0.7172026,0.41980243,0.042694885
6.797712,4.4632688,0.7201889,0.40745434,0.030884404
6.828325,4.490129,0.7222859,0.39510623,0.019073922
6.857964,4.516245,0.72354186,0.38275814,0.0072634397
6.8866496,4.541584,0.7240052,0.3663099,0.00022053122
6.914092,4.5658484,0.7240187,0.34986165,-0.0068223774
6.9403014,4.5890226,0.7236209,0.33341342,-0.0138652865
6.9652853,4.611096,0.72285044,0.3196796,-0.028424835
6.989249,4.632235,0.7213362,0.30594572,-0.042984385
7.0122023,4.6524205,0.719145,0.2922119,-0.057543933
7.034151,4.671638,0.71634406,0.28848004,-0.061725408
7.055867,4.690544,0.7133782,0.2847482,-0.06590688
7.0773516,4.7091374,0.71025264,0.28101635,-0.07008836
7.098606,4.7274156,0.70697266,0.27202308,-0.07837623
7.1192255,4.7450304,0.70342296,0.26302984,-0.08666411
7.1392097,4.76198,0.6996285,0.2540366,-0.09495199
7.158558,4.7782645,0.69561434,0.24694405,-0.08473028
7.177447,4.7940335,0.6921312,0.23985152,-0.07450857
7.1958613,4.8092976,0.68915546,0.23275898,-0.064286865
7.213788,4.824068,0.6866633,0.22680894,-0.056516886
7.231301,4.8384237,0.684528,0.22085887,-0.048746906
7.2483907,4.852372,0.6827344,0.21490881,-0.04097693
7.2650504,4.8659196,0.6812671,0.20721544,-0.035662554
7.2811365,4.8789616,0.6800357,0.19952206,-0.030348182
7.296643,4.891502,0.67902666,0.19182868,-0.025033807
7.3115664,4.903546,0.67822635,0.18523665,0.014836788
7.325989,4.9151664,0.6786844,0.17864461,0.054707386
7.339874,4.9263644,0.68031245,0.17205256,0.09457798
