0.9949923,9.599755,-1.1039445,0.81551087,0.0
1.0316967,9.526931,-1.1039445,0.523,-0.08009872
1.0551602,9.480377,-1.110919,0.523,-0.16019744
1.0780758,9.434111,-1.1248232,0.523,-0.24029616
1.0999864,9.388282,-1.145568,0.523,-0.3
1.1205981,9.342768,-1.1713275,0.523,-0.3
1.1400305,9.296738,-1.197087,0.523,-0.3
1.158271,9.250221,-1.2228465,0.523,-0.3
1.1753073,9.203252,-1.2486061,0.523,-0.3
1.1911281,9.155859,-1.2743655,0.523,-0.3
1.2057232,9.108073,-1.3001251,0.523,-0.3
1.2190825,9.059929,-1.3258846,0.523,-0.3
1.2311972,9.011456,-1.3516442,0.523,-0.3
1.2420596,8.962687,-1.3774036,0.523,-0.3
1.2516621,8.913653,-1.4031631,0.523,-0.3
1.2599986,8.86439,-1.4289227,0.523,-0.3
1.2670635,8.814928,-1.4546821,0.523,-0.3
1.272852,8.765301,-1.4804417,0.523,-0.3
1.2773603,8.71554,-1.5062011,0.523,-0.3
1.2805855,8.66568,-1.5319607,0.523,-0.3
1.2825254,8.615754,-1.5577202,0.523,-0.3
1.2831787,8.565794,-1.5834798,0.523,-0.3
1.282545,8.515834,-1.6092392,0.523,-0.3
1.2806247,8.465907,-1.6349987,0.523,-0.3
1.2774191,8.416045,-1.6607583,0.523,-0.3
1.2729303,8.366283,-1.6865177,0.523,-0.3
1.2671613,8.316653,-1.7122773,0.523,-0.3
1.2601159,8.267189,-1.7380368,0.523,-0.3
1.2517987,8.217921,-1.7637963,0.523,-0.3
1.2422154,8.168885,-1.7895558,0.523,-0.3
1.2313724,8.120111,-1.8153154,0.523,-0.3
1.2192765,8.071634,-1.8410748,0.523,-0.3
1.2059361,8.023484,-1.8668343,0.523,-0.3
1.1913599,7.975693,-1.8925939,0.523,-0.3
1.1755576,7.9282937,-1.9183533,0.523,-0.3
1.1585398,7.881317,-1.9441129,0.523,-0.3
1.1403177,7.8347945,-1.9698724,0.523,-0.3
1.1209033,7.7887564,-1.9956319,0.523,-0.3
1.1003095,7.7432337,-2.0213914,0.523,-0.3
1.07855,7.698257,-2.0471509,0.523,-0.3
1.0556394,7.6538553,-2.0729103,0.523,-0.3
1.0315926,7.6100583,-2.09867,0.523,-0.3
1.0064259,7.566895,-2.1244295,0.523,-0.3
0.9801557,7.524395,-2.150189,0.523,-0.3
0.95279956,7.482585,-2.1759484,0.523,-0.3
0.9243756,7.441494,-2.201708,0.523,-0.3
0.8949027,7.4011483,-2.2274675,0.523,-0.3
0.86440045,7.361575,-2.253227,0.523,-0.3
0.832889,7.322801,-2.2789865,0.523,-0.3
0.8003894,7.284851,-2.304746,0.523,-0.3
0.76692307,7.247751,-2.3305056,0.523,-0.3
0.73251224,7.2115254,-2.356265,0.523,-0.3
0.6971798,7.176198,-2.3820245,0.523,-0.3
0.6609492,7.1417923,-2.407784,0.523,-0.3
0.6238444,7.108331,-2.4335437,0.523,-0.3
0.58589005,7.0758367,-2.4593031,0.523,-0.3
0.54711133,7.044331,-2.4850626,0.523,-0.3
0.507534,7.013834,-2.510822,0.523,-0.3
0.46718436,6.984367,-2.5365815,0.523,-0.3
0.4260891,6.955949,-2.5623412,0.523,-0.3
0.38427553,6.928599,-2.5881007,0.523,-0.3
0.34177136,6.9023347,-2.6138601,0.523,-0.3
0.29860482,6.877174,-2.6396196,0.523,-0.3
0.25480455,6.853133,-2.6653793,0.523,-0.3
0.21039958,6.830229,-2.6911387,0.523,-0.3
0.16541943,6.808476,-2.7168982,0.523,-0.3
0.11989391,6.7878885,-2.7426577,0.523,-0.3
0.07385323,6.768481,-2.7684171,0.523,-0.3
0.027327945,6.750265,-2.7941768,0.523,-0.3
-0.019651081,6.7332535,-2.8199363,0.523,-0.3
-0.06705268,6.7174582,-2.8456957,0.523,-0.3
-0.11484538,6.7028885,-2.8714552,0.523,-0.3
-0.1629975,6.689555,-2.897215,0.523,-0.3
-0.21147706,6.677466,-2.9229743,0.523,-0.3
-0.2602519,6.66663,-2.9487338,0.523,-0.3
-0.3092897,6.6570535,-2.9744933,0.523,-0.3
-0.35855785,6.648743,-3.0002527,0.523,-0.3
-0.40802372,6.641705,-3.0260124,0.523,-0.3
-0.45765448,6.635943,-3.0517719,0.523,-0.3
-0.50741714,6.631461,-3.0775313,0.523,-0.3
-0.55727875,6.6282625,-3.1032908,0.523,-0.3
-0.6072062,6.6263494,-3.1290505,0.523,-0.3
-0.65716636,6.6257224,3.1283753,0.523,-0.3
-0.70712614,6.626383,3.1026158,0.523,-0.3
-0.75705224,6.6283298,3.0768564,0.523,-0.3
-0.8069117,6.631562,3.051097,0.50309116,-0.20022139
-0.856014,6.636018,3.0344205,0.48318234,-0.10044279
-0.9038129,6.6411605,3.0263455,0.46327353,-0.0006641865
-0.9498329,6.6464877,3.0262942,0.44049263,0.09865811
-0.993377,6.6515303,3.0335255,0.41771176,0.1979804
-1.0340933,6.6559477,3.0472188,0.3949309,0.2973027
-1.0716858,6.6595063,3.0665007,0.36919847,0.3955866
-1.1056583,6.662062,3.0902123,0.34346604,0.49387056
-1.1358607,6.663615,3.1173484,0.31773362,0.59215444
-1.1622167,6.664254,-3.1362798,0.29164216,0.6868542
-1.1847674,6.6641345,-3.1054575,0.26555067,0.7815539
-1.2036043,6.6634536,-3.0742826,0.23945922,0.8762536
-1.2188959,6.6624227,-3.0436182,0.26800847,0.7762537
-1.2379277,6.660552,-3.0123231,0.29655772,0.6762538
-1.2608639,6.6575704,-2.9813886,0.32510695,0.5762539
-1.2877754,6.653222,-2.951864,0.3519607,0.4762543
-1.3184935,6.6473227,-2.924971,0.37881443,0.37625474
-1.3529017,6.6397505,-2.9017725,0.40566817,0.2762552
-1.3908134,6.63048,-2.8833313,0.428251,0.17626053
-1.4315766,6.619712,-2.8708155,0.4508338,0.07626586
-1.4748911,6.607688,-2.8650906,0.47341663,-0.023728807
-1.5204217,6.594768,-2.8669627,0.48035926,-0.123686925
-1.5663043,6.5818405,-2.8768399,0.4873019,-0.22364503
-1.6121653,6.569407,-2.8948526,0.49424452,-0.3
-1.6579522,6.557874,-2.919196,0.49741837,-0.3
-1.7043021,6.547393,-2.9436953,0.50059223,-0.3
-1.7511921,6.5379906,-2.9683511,0.5037661,-0.3
-1.7985983,6.5296946,-2.9931633,0.50937647,-0.3
-1.8467258,6.522498,-3.018252,0.5149869,-0.3
-1.8955506,6.516445,-3.0436168,0.5205973,-0.3
-1.9450467,6.5115805,-3.069258,0.523,-0.3
-1.9948801,6.5079694,-3.0950174,0.523,-0.3
-2.04479,6.505643,-3.120777,0.523,-0.3
-2.0947433,6.504603,3.136649,0.523,-0.3
-2.1447067,6.50485,3.1108894,0.523,-0.3
-2.1946473,6.506384,3.08513,0.523,-0.3
-2.2445319,6.5092034,3.0593703,0.49693117,-0.20041817
-2.2930658,6.513203,3.0428822,0.47086233,-0.10083635
-2.3396847,6.51782,3.0349822,0.44479346,-0.0012545228
-2.3839116,6.522553,3.0348892,0.41649655,0.097898304
-2.425126,6.5269675,3.0416741,0.3881996,0.19705114
-2.4630048,6.5307646,3.054341,0.35990268,0.29620397
-2.4972968,6.5337644,3.0718498,0.3309411,0.39447072
-2.527775,6.5358934,3.0930476,0.30197957,0.4927375
-2.5543494,6.5371847,3.1168556,0.27301803,0.59100425
-2.5770133,6.5377455,-3.1409755,0.24456619,0.6863276
-2.5959325,6.5377336,-3.1151452,0.21611434,0.78165084
-2.611266,6.5373282,-3.0897715,0.1876625,0.8769741
-2.6232505,6.5367064,-3.0657256,0.21665454,0.77697474
-2.6386542,6.5355353,-3.0404086,0.2456466,0.6769753
-2.6577036,6.5336013,-3.0147614,0.27463865,0.5769759
-2.6805367,6.5306897,-2.9897926,0.30018014,0.47698253
-2.7068975,6.526657,-2.9668238,0.32572162,0.3769892
-2.736721,6.5213914,-2.9468396,0.3512631,0.2769958
-2.7698698,6.5148525,-2.9308298,0.36652768,0.17708443
-2.805151,6.5073047,-2.9200685,0.38179228,0.07717304
-2.8422863,6.498941,-2.9151626,0.39705688,-0.022738356
-2.8809686,6.4900293,-2.9166672,0.42239448,-0.122529075
-2.9218352,6.480679,-2.9252715,0.4477321,-0.2223198
-2.9644887,6.4713054,-2.9417253,0.47306967,-0.3
-3.008783,6.4623327,-2.9650254,0.5011004,-0.3
-3.0559108,6.453924,-2.9897063,0.523,-0.3
-3.1052997,6.4463644,-3.015466,0.523,-0.3
-3.154867,6.440079,-3.0412254,0.523,-0.3
-3.2045796,6.435073,-3.066985,0.523,-0.3
-3.2544045,6.4313483,-3.0927444,0.523,-0.3
-3.3043091,6.428909,-3.1185038,0.523,-0.3
-3.35426,6.4277554,3.138922,0.523,-0.3
-3.404224,6.427889,3.1131623,0.523,-0.3
-3.4541678,6.429309,3.0874028,0.49857506,-0.2006903
-3.5029528,6.4319553,3.070838,0.4741501,-0.10138061
-3.5500064,6.4352903,3.0628402,0.44972515,-0.0020709157
-3.5948393,6.438828,3.062685,0.4262488,0.096751414
-3.637133,6.4421725,3.0695477,0.40277243,0.19557375
-3.67654,6.4450164,3.0825927,0.37929606,0.29439607
-3.7127745,6.447157,3.1009355,0.35523733,0.39239264
-3.7455711,6.448491,3.123576,0.33117858,0.49038917
-3.7747812,6.449017,-3.1336136,0.30711982,0.5883857
-3.8003278,6.4488134,-3.1052039,0.3363562,0.48842013
-3.830011,6.447733,-3.0788991,0.36559257,0.38845456
-3.86378,6.445613,-3.0558205,0.39482895,0.28848898
-3.901492,6.4423704,-3.037099,0.4225702,0.18979532
-3.9427638,6.4380417,-3.023812,0.45031145,0.091101624
-3.9872975,6.432772,-3.016984,0.4780527,-0.0075920643
-4.034731,6.426831,-3.0175889,0.50364125,-0.05343043
-4.084637,6.4206104,-3.0220718,0.523,-0.0992688
-4.136308,6.414405,-3.0307105,0.523,-0.14510716
-4.187741,6.4086785,-3.0433147,0.523,-0.112312034
-4.2394605,6.403579,-3.053084,0.523,-0.0795169
-4.291391,6.398971,-3.0600078,0.523,-0.046721775
-4.34346,6.3947134,-3.064079,0.523,-0.010854227
-4.3956003,6.3906636,-3.065025,0.523,0.025013322
-4.4477305,6.3866644,-3.062845,0.523,0.06088087
-4.499772,6.382558,-3.0575416,0.523,0.07958658
-4.5517225,6.378181,-3.0506115,0.523,0.0982923
-4.6035547,6.373452,-3.0420575,0.523,0.11699801
-4.65524,6.3682904,-3.0318825,0.523,0.12602684
-4.7068133,6.36261,-3.0209262,0.523,0.13505566
-4.7582603,6.3563714,-3.0091896,0.523,0.1440845
-4.809565,6.349539,-2.9966736,0.523,0.15077421
-4.8607297,6.3420715,-2.9835808,0.523,0.15746392
-4.9117393,6.333944,-2.9699118,0.523,0.16415364
-4.962578,6.325129,-2.9556673,0.523,0.16726269
-5.013259,6.3155956,-2.9411554,0.523,0.17037174
-5.06377,6.3053336,-2.9263766,0.523,0.1734808
-5.1140966,6.2943325,-2.9113305,0.523,0.18071592
-5.164187,6.28259,-2.8956637,0.523,0.18795103
-5.21402,6.2700815,-2.879377,0.523,0.19518615
-5.263573,6.2567816,-2.862471,0.523,0.20223376
-5.3128242,6.2426662,-2.8449628,0.523,0.20928137
-5.361749,6.2277126,-2.8268533,0.523,0.21632898
-5.4103208,6.2118993,-2.8081434,0.523,0.22874472
-5.4584527,6.195227,-2.788378,0.523,0.24116045
-5.506104,6.1776595,-2.76756,0.523,0.2535762
-5.5532312,6.1591616,-2.7456927,0.523,0.26903024
-5.59975,6.139718,-2.7225242,0.523,0.28448427
-5.645604,6.1192923,-2.6980596,0.523,0.2999383
-5.690735,6.0978503,-2.6723053,0.523,0.31915107
-5.735025,6.0753922,-2.6449559,0.523,0.33836383
-5.7783995,6.0518856,-2.6160214,0.523,0.3575766
-5.8207793,6.027306,-2.5855126,0.523,0.37111893
-5.8621755,6.0015783,-2.553901,0.523,0.3846613
-5.9025197,5.9747,-2.521192,0.523,0.39820364
-5.9417443,5.946674,-2.487392,0.523,0.394227
-5.9800625,5.9172893,-2.4539118,0.523,0.39025038
-6.0174375,5.8865876,-2.4207518,0.523,0.38627377
-6.053833,5.8546124,-2.3879128,0.523,0.39020044
-6.0891023,5.821512,-2.3547568,0.523,0.3941271
-6.1231995,5.787317,-2.3212845,0.523,0.3980538
-6.1560793,5.7520576,-2.2874966,0.523,0.39857742
-6.1877418,5.7157154,-2.2536664,0.523,0.39910105
-6.2181506,5.6783314,-2.2197945,0.523,0.39962468
-6.2472696,5.639948,-2.1858802,0.523,0.3968438
-6.275103,5.6005526,-2.1521895,0.523,0.3940629
-6.301624,5.5601954,-2.1187224,0.523,0.39128205
-6.326809,5.5189257,-2.0854793,0.523,0.38716638
-6.3506484,5.476771,-2.0525682,0.523,0.3830507
-6.3731256,5.4337826,-2.0199895,0.523,0.37893504
-6.394225,5.390013,-1.9877439,0.523,0.3720251
-6.413956,5.345465,-1.9560585,0.523,0.36511514
-6.4323153,5.3001933,-1.9249351,0.523,0.35820517
-6.449301,5.2542524,-1.894375,0.523,0.3481657
-6.4649324,5.2076416,-1.864636,0.523,0.3381262
-6.4792223,5.1604176,-1.835721,0.523,0.3280867
-6.492186,5.1126347,-1.807633,0.5186731,0.32545552
-6.5037165,5.0648623,-1.7799929,0.5143463,0.3228243
-6.5138464,5.017148,-1.7527972,0.5100194,0.32019308
-6.5226088,4.9695377,-1.7260425,0.505345,0.3082027
-6.530054,4.921963,-1.7004933,0.50067055,0.29621235
-6.5362477,4.874479,-1.6761358,0.4959961,0.28422198
-6.5412536,4.827133,-1.6529553,0.4915834,0.27666026
-6.545134,4.7800035,-1.6305765,0.48717076,0.26909855
-6.5479403,4.733124,-1.6089897,0.48275807,0.26153684
-6.549721,4.686524,-1.5881857,0.47635332,0.25061128
-6.5505233,4.6403832,-1.5684967,0.46994856,0.23968568
-6.5504184,4.5947323,-1.5499026,0.4635438,0.22876012
-6.549475,4.5495954,-1.532383,0.45755544,0.21734577
-6.547759,4.504949,-1.5159385,0.45156708,0.20593143
-6.5453353,4.460813,-1.5005492,0.4455787,0.19451708
-6.542267,4.4172034,-1.4861946,0.44023442,0.18201295
-6.5386086,4.374062,-1.4729135,0.43489015,0.16950881
-6.5344195,4.3314013,-1.460686,0.42954588,0.1570047
-6.529757,4.2892323,-1.449492,0.41476473,0.15612224
-6.5247993,4.2485614,-1.4387435,0.39998358,0.15523978
-6.519596,4.209388,-1.428436,0.3852024,0.15435731
-6.514196,4.1717105,-1.4185655,0.36511746,0.12529369
-6.5087023,4.135904,-1.410961,0.34503248,0.09623006
-6.5032363,4.1019983,-1.4054358,0.32494754,0.06716643
-6.4978995,4.070019,-1.401801,0.30720052,0.06372185
-6.492743,4.039798,-1.3985406,0.28945354,0.060277265
-6.487791,4.011333,-1.3956344,0.27170652,0.056832682
-6.4830637,3.984621,-1.3930622,0.25614822,0.045102853
-6.4785395,3.9594355,-1.3911374,0.24058992,0.03337302
-6.4742427,3.935777,-1.3897994,0.22503161,0.021643192
-6.470193,3.9136465,-1.3889877,0.20645632,0.008524125
-6.4664598,3.8933418,-1.3886944,0.18788104,-0.0045949398
-6.4630575,3.8748646,-1.3888383,0.16930574,-0.017714005
-6.4599943,3.858216,-1.3893381,0.15573157,-0.043490488
-6.4571867,3.8429132,-1.3904666,0.14215739,-0.06926697
-6.4546432,3.8289614,-1.3921064,0.12858321,-0.09504345
-6.452368,3.816365,-1.3941401,0.11538378,-0.12041794
-6.450355,3.8050885,-1.3964503,0.102184355,-0.14579242
-6.4486012,3.7951317,-1.3989245,0.08898492,-0.1711669
-6.4471016,3.7864923,-1.4014506,0.087193295,-0.1991964
-6.445661,3.7780678,-1.4043263,0.08540167,-0.22722588
-6.4442825,3.7698622,-1.4075327,0.08361004,-0.25525537
-6.4429674,3.7618797,-1.4110513,0.07714361,-0.2533313
-6.4417796,3.7545066,-1.4142736,0.07067718,-0.25140724
-6.4407125,3.7477448,-1.417204,0.06421075,-0.24948315
-6.43976,3.7415957,-1.4198463,0.06883776,-0.2470333
-6.4387565,3.7349968,-1.4226518,0.07346478,-0.24458346
-6.4377046,3.727947,-1.4256167,0.07809179,-0.24213362
-6.436608,3.7204454,-1.4287375,0.06574126,-0.23630074
-6.435703,3.7141185,-1.4313025,0.05339073,-0.23046786
-6.43498,3.708971,-1.4333353,0.041040197,-0.22463499
-6.434432,3.7050078,-1.4348589,0.058917858,-0.2553902
-6.433659,3.6993597,-1.4373395,0.07679552,-0.2861454
-6.432679,3.6920578,-1.4409522,0.09467317,-0.3
-6.431508,3.6830895,-1.4456152,0.0712972,-0.26699263
-6.4306493,3.6762662,-1.4487503,0.04792122,-0.23398523
-6.430082,3.6716394,-1.450602,0.024545247,-0.20097785
-6.4297934,3.6692517,-1.4514188,0.04518842,-0.2427378
-6.429271,3.6648965,-1.453229,0.06583159,-0.28449774
-6.4285297,3.6586215,-1.4563085,0.08647476,-0.3
-6.427586,3.6504145,-1.4605677,0.06420874,-0.2620088
-6.4269037,3.6442504,-1.4633396,0.041942712,-0.22401755
-6.4264655,3.6401844,-1.4648925,0.019676685,-0.18602632
-6.426261,3.6382616,-1.465499,0.03864009,-0.22100024
-6.4258647,3.6345124,-1.4669107,0.057603493,-0.25597414
-6.425287,3.62897,-1.4693415,0.0765669,-0.29094806
-6.424544,3.6216726,-1.4730022,0.056071404,-0.2505512
-6.4240136,3.6162665,-1.4753193,0.035575908,-0.2101543
-6.4236817,3.612803,-1.4765562,0.015080416,-0.16975743
-6.423542,3.6113234,-1.4769808,0.035115898,-0.20338695
-6.4232197,3.6078992,-1.4781629,0.05515138,-0.23701647
-6.422724,3.6025612,-1.4803212,0.07518686,-0.270646
-6.422069,3.595346,-1.4836714,0.055010762,-0.23062675
-6.421603,3.5900106,-1.4857672,0.034834657,-0.19060749
-6.421313,3.5866027,-1.4868672,0.0146585535,-0.15058824
-6.421191,3.5851586,-1.4872338,0.034950722,-0.17761564
-6.420904,3.5817304,-1.4882629,0.055242892,-0.20464306
-6.4204583,3.57634,-1.490134,0.07553507,-0.23167045
-6.419866,3.5690122,-1.4930245,0.055256937,-0.20359157
-6.4194455,3.5636168,-1.4948865,0.034978807,-0.17551267
-6.419184,3.5601826,-1.4959044,0.014700677,-0.14743379
-6.4190755,3.5587325,-1.4962645,0.034165543,-0.16879132
-6.4188247,3.555374,-1.497221,0.053630408,-0.19014885
-6.4184375,3.5501218,-1.4989104,0.07309527,-0.21150638
-6.4179244,3.5429935,-1.501468,0.053013835,-0.18435945
-6.4175634,3.5377946,-1.5030876,0.032932393,-0.15721251
-6.417343,3.5345495,-1.503947,0.012850954,-0.13006558
-6.4172583,3.533278,-1.5042248,0.032429677,-0.1498423
-6.4170446,3.5300784,-1.5050317,0.052008394,-0.16961905
-6.416708,3.5249634,-1.5064949,0.071587116,-0.18939579
-6.416256,3.5179472,-1.5087411,0.051594485,-0.15939823
-6.4159403,3.512863,-1.510106,0.031601857,-0.12940066
-6.41575,3.5097349,-1.5107857,0.0116092255,-0.0994031
-6.415681,3.5085819,-1.5109776,0.0315826,-0.114506826
-6.415493,3.50545,-1.511579,0.05155598,-0.12961055
-6.4151907,3.5003464,-1.5126897,0.07152935,-0.14471428
-6.4147797,3.4932802,-1.5144088,0.052013732,-0.118416734
-6.4144883,3.4881237,-1.5154331,0.03249811,-0.09211919
-6.4143095,3.4848924,-1.5159312,0.01298249,-0.06582164
-6.4142385,3.483599,-1.5160736,0.031358503,-0.07263651
-6.4140673,3.4804761,-1.5164529,0.049734518,-0.079451375
-6.413798,3.4755256,-1.5171108,0.06811053,-0.08626624
-6.413434,3.4687498,-1.5180888,0.051130638,-0.06362821
-6.413165,3.463654,-1.5186307,0.034150746,-0.040990174
-6.412987,3.4602466,-1.5188639,0.017170854,-0.01835214
-6.412898,3.458532,-1.5189165,0.032085102,-0.013852191
-6.4127316,3.4553282,-1.5189905,0.046999346,-0.009352243
-6.4124885,3.4506347,-1.5190638,0.061913595,-0.004852295
-6.412168,3.4444518,-1.5191139,0.050138507,0.009773481
-6.411909,3.4394448,-1.5190321,0.038363423,0.024399256
-6.4117107,3.4356148,-1.5188762,0.026588336,0.03902503
-6.411573,3.4329615,-1.5187033,0.03590317,0.047426105
-6.411386,3.4293802,-1.5184196,0.04521801,0.055827178
-6.41115,3.4248714,-1.517999,0.054532845,0.06422825
-6.4108624,3.4194372,-1.5174158,0.047530912,0.07268433
-6.4106097,3.4147034,-1.5168405,0.04052898,0.08114042
-6.410392,3.4106696,-1.5162929,0.033527043,0.08959651
-6.41021,3.4073353,-1.515793,0.04055143,0.09315161
-6.409988,3.4033039,-1.5151644,0.04757582,0.0967067
-6.4097247,3.3985758,-1.5143987,0.054600205,0.10026179
-6.4094186,3.3931518,-1.5134878,0.049914833,0.10944776
-6.4091344,3.3881984,-1.5125792,0.045229457,0.11863373
-6.408873,3.383715,-1.5116869,0.040544085,0.1278197
