-3.0062368,-0.68169516,2.742908,0.4075054,0.0
-3.0437915,-0.66587555,2.742908,0.3775122,-0.006624484
-3.078581,-0.65122056,2.7424912,0.34751898,-0.013248968
-3.110599,-0.6377175,2.741724,0.3175258,-0.019873451
-3.139841,-0.62535876,2.7406723,0.28753322,0.03086319
-3.1663017,-0.61414266,2.742151,0.25754064,0.08159983
-3.1899493,-0.60416013,2.7456498,0.22754806,0.13233647
-3.21076,-0.59546083,2.750654,0.19755968,0.20270571
-3.2286515,-0.58808684,2.7572827,0.16757129,0.27307495
-3.2436109,-0.58203703,2.7648149,0.13758291,0.3434442
-3.255657,-0.5772706,2.7725363,0.10759378,0.4096522
-3.2648616,-0.5737105,2.7796786,0.07760465,0.4758602
-3.271313,-0.571268,2.7856038,0.047615524,0.54206824
-3.2751362,-0.56984645,2.789698,0.017622462,0.5849687
-3.2765152,-0.56934005,2.7913198,-0.012370601,0.6278691
-3.275575,-0.5696836,2.7901087,-0.042363666,0.6707696
-3.2724593,-0.5708261,2.7857199,-0.07236028,0.72653824
-3.2673895,-0.5727106,2.7777085,-0.10235689,0.7823069
-3.2606049,-0.5752945,2.765683,-0.1323535,0.8380756
-3.2523699,-0.5785446,2.7492852,-0.16234906,0.8779162
-3.2427876,-0.58250934,2.7284665,-0.1923446,0.9177568
-3.2320838,-0.58720136,2.703005,-0.22234017,0.9575974
-3.2204995,-0.59263504,2.6726997,-0.25232917,0.96034014
-3.2075963,-0.5991716,2.6382406,-0.28231815,0.9630829
-3.1934755,-0.60694736,2.5996122,-0.31230715,0.9658256
-3.178259,-0.6161096,2.5567992,-0.34226072,0.92119646
-3.1609967,-0.62753785,2.511374,-0.37221426,0.87656736
-3.1417575,-0.64157194,2.4636965,-0.40216783,0.8319382
-3.120662,-0.6585577,2.414147,-0.43173715,0.82564026
-3.0987968,-0.6780248,2.3612604,-0.46130645,0.8193423
-3.076415,-0.700181,2.3050811,-0.49087575,0.8130443
-3.0538092,-0.7252246,2.2456539,-0.5195964,0.7948717
-3.0310724,-0.7536388,2.1838415,-0.523,0.77669907
-3.0096102,-0.7841481,2.1227438,-0.523,0.75852644
-2.989705,-0.8164729,2.062786,-0.523,0.75580204
-2.9717264,-0.8500187,2.0030007,-0.523,0.7530776
-2.9557433,-0.8846673,1.9433886,-0.523,0.7503532
-2.9418173,-0.92029727,1.8839499,-0.523,0.71167773
-2.9296165,-0.9579762,1.8270209,-0.523,0.6730022
-2.9192522,-0.99753726,1.7726867,-0.523,0.6343267
-2.910805,-1.0388077,1.7210287,-0.523,0.5873559
-2.9042892,-1.0818524,1.6727242,-0.523,0.5403852
-2.899726,-1.1264675,1.62788,-0.523,0.4934144
-2.8970978,-1.1724541,1.5865947,-0.523,0.44878724
-2.8963535,-1.2195692,1.5487754,-0.523,0.40416005
-2.8974123,-1.2676438,1.5144974,-0.523,0.3595329
-2.900167,-1.3165224,1.483829,-0.523,0.31663683
-2.9044838,-1.3660345,1.4566877,-0.523,0.27374077
-2.910217,-1.4160597,1.4331235,-0.523,0.23084469
-2.9172044,-1.4664907,1.4131798,-0.523,0.1981786
-2.925253,-1.5171314,1.396018,-0.523,0.16551252
-2.934223,-1.5679308,1.3816566,-0.523,0.13284643
-2.9439695,-1.6188455,1.3701109,-0.523,0.11002953
-2.9543319,-1.6697859,1.3605393,-0.523,0.08721264
-2.9652061,-1.7207397,1.352947,-0.523,0.06439574
-2.9764862,-1.7716978,1.3473376,-0.523,0.04016731
-2.988067,-1.8226563,1.3438374,-0.523,0.015938872
-2.9998336,-1.8736086,1.3424481,-0.523,-0.0082895635
-3.0116723,-1.9245492,1.3431706,-0.523,-0.024136567
-3.023471,-1.9754853,1.3452743,-0.523,-0.03998357
-3.035157,-2.02642,1.3487587,-0.523,-0.055830576
-3.0466564,-2.0773568,1.3536227,-0.523,-0.06506576
-3.0579016,-2.1283202,1.3592902,-0.523,-0.07430093
-3.0688508,-2.1793137,1.3657608,-0.523,-0.08353611
-3.079462,-2.2303395,1.373034,-0.523,-0.09602635
-3.0896904,-2.281384,1.3813914,-0.523,-0.108516596
-3.0994792,-2.3324466,1.3908318,-0.523,-0.12100684
-3.1087723,-2.3835256,1.401354,-0.523,-0.13691574
-3.1175091,-2.4345942,1.4132512,-0.523,-0.15282466
-3.1256192,-2.4856443,1.4265206,-0.523,-0.16873357
-3.1330318,-2.536666,1.4411588,-0.523,-0.17808044
-3.1396859,-2.587707,1.4565996,-0.523,-0.18742733
-3.145541,-2.6387565,1.4728415,-0.523,-0.1967742
-3.1505573,-2.6898012,1.4898832,-0.523,-0.20239083
-3.1546981,-2.7408662,1.5074047,-0.523,-0.20800747
-3.1579397,-2.791936,1.5254055,-0.523,-0.2136241
-3.160259,-2.8429945,1.5438852,-0.523,-0.21834385
-3.1616328,-2.8940344,1.5627667,-0.523,-0.2230636
-3.1620424,-2.945037,1.5820495,-0.523,-0.22778335
-3.161469,-2.9959826,1.6017333,-0.523,-0.22611296
-3.1598926,-3.046927,1.6212753,-0.523,-0.22444257
-3.1573198,-3.0978503,1.6406754,-0.523,-0.2227722
-3.1537583,-3.1487334,1.6599334,-0.523,-0.21467327
-3.1492095,-3.19963,1.6785024,-0.523,-0.20657435
-3.1437068,-3.2505214,1.6963811,-0.523,-0.19847542
-3.1372845,-3.301391,1.7135681,-0.523,-0.1930296
-3.1299813,-3.3521974,1.7302896,-0.523,-0.18758377
-3.1218207,-3.4029279,1.746545,-0.523,-0.18213794
-3.1128275,-3.4535704,1.7623336,-0.523,-0.17018226
-3.1030152,-3.5041723,1.7770964,-0.523,-0.15822656
-3.0924358,-3.5547237,1.790831,-0.523,-0.14627087
-3.0811427,-3.6052177,1.8035355,-0.523,-0.13911815
-3.0691965,-3.655616,1.8156229,-0.523,-0.13196543
-3.0566297,-3.7059152,1.8270925,-0.523,-0.1248127
-3.043475,-3.7561133,1.8379438,-0.523,-0.11858134
-3.0297656,-3.8062038,1.8482559,-0.523,-0.11234999
-3.0155303,-3.8561864,1.8580285,-0.523,-0.106118634
-3.000797,-3.9060616,1.8672612,-0.523,-0.07527468
-2.9855614,-3.9559386,1.8738164,-0.523,-0.044430733
-2.9699702,-4.0058064,1.877688,-0.523,-0.013586784
-2.9541721,-4.0556583,1.8788723,-0.523,-0.013239491
-2.9383147,-4.1054916,1.8800263,-0.523,-0.012892199
-2.9223998,-4.155307,1.88115,-0.523,-0.012544906
-2.9064288,-4.2051044,1.8822435,-0.523,0.010375214
-2.890403,-4.254885,1.8813392,-0.523,0.033295333
-2.8744304,-4.304656,1.8784374,-0.523,0.056215454
-2.8586183,-4.354422,1.8735399,-0.5103817,0.074738994
-2.8434443,-4.403003,1.8671882,-0.49776343,0.09326253
-2.8289692,-4.4504023,1.8594624,-0.48514512,0.11178607
-2.8152447,-4.4966187,1.8504424,-0.46661258,0.110404775
-2.8024437,-4.5411944,1.8418739,-0.44808003,0.109023474
-2.7905169,-4.58411,1.8337481,-0.4295475,0.10764218
-2.779416,-4.625348,1.8260567,-0.41044658,0.113526195
-2.7691193,-4.6648073,1.8183073,-0.39134568,0.11941021
-2.7596,-4.702479,1.8105373,-0.3722448,0.12529422
-2.7508302,-4.738355,1.8027843,-0.35381457,0.14308359
-2.7427785,-4.772437,1.7943755,-0.33538434,0.16087295
-2.7354383,-4.8047185,1.785422,-0.3169541,0.17866232
-2.7287953,-4.8351936,1.7760341,-0.31335157,0.1661647
-2.7224972,-4.865449,1.767396,-0.30974904,0.15366708
-2.716518,-4.895469,1.7594942,-0.30614653,0.14116946
-2.7108324,-4.925241,1.7523149,-0.2971178,0.16441628
-2.7055411,-4.9540706,1.7442098,-0.28808907,0.18766312
-2.7006576,-4.9819493,1.7352519,-0.27906033,0.21090996
-2.69619,-5.0088687,1.725515,-0.26703975,0.25539982
-2.6922085,-5.0343976,1.7142713,-0.25501916,0.29988968
-2.6887248,-5.0585113,1.7017152,-0.24299857,0.34437954
-2.6857388,-5.0811887,1.6880419,-0.2256763,0.37934762
-2.6832867,-5.102008,1.6741134,-0.20835403,0.41431567
-2.6813197,-5.120979,1.6601341,-0.19103175,0.44928375
-2.6797843,-5.1381173,1.6463059,-0.18889232,0.46485218
-2.6785107,-5.1549544,1.6321929,-0.1867529,0.48042062
-2.6774945,-5.1714845,1.6178081,-0.18461347,0.49598905
-2.6767313,-5.187703,1.6031651,-0.17957605,0.5305019
-2.6762302,-5.203184,1.5880219,-0.17453864,0.5650147
-2.6759763,-5.217923,1.5724465,-0.16950123,0.59952754
-2.6759531,-5.2319174,1.5565062,-0.15996578,0.64634025
-2.6761355,-5.244686,1.5404491,-0.15043032,0.69315296
-2.6764867,-5.2562523,1.5244291,-0.14089486,0.73996574
-2.676969,-5.266646,1.5085958,-0.1259575,0.80214816
-2.6775134,-5.2753854,1.493505,-0.11102013,0.86433065
-2.6780698,-5.282571,1.4794302,-0.09608277,0.9265131
-2.6785963,-5.2883177,1.4666266,-0.07379006,1.0
-2.6790109,-5.292283,1.456278,-0.051497355,1.0
-2.679329,-5.295047,1.4490558,-0.029204652,1.0
-2.6795204,-5.296613,1.4449599,-0.007532053,1.0
-2.6795716,-5.297017,1.4439036,0.014140546,1.0
-2.6794748,-5.296259,1.4458867,0.035813145,1.0
-2.6792338,-5.294339,1.4509094,0.05797493,1.0
-2.6788592,-5.2912292,1.45904,0.08013672,1.0
-2.6783762,-5.2869267,1.4702789,0.1022985,1.0
-2.6778216,-5.2814274,1.4846257,0.119610295,1.0
-2.6772654,-5.2749887,1.5014005,0.13692208,1.0
-2.6767526,-5.2676086,1.5206032,0.15423387,1.0
-2.6763344,-5.2592854,1.5422337,0.16961129,1.0
-2.6760726,-5.2501254,1.5660208,0.18498869,1.0
-2.676025,-5.2401304,1.5919646,0.20036611,1.0
-2.676254,-5.229307,1.620065,0.21084872,1.0
-2.676815,-5.2179284,1.6496356,0.22133133,1.0
-2.677757,-5.206007,1.6806762,0.23181394,1.0
-2.6791303,-5.1935577,1.713187,0.25042734,1.0
-2.6810505,-5.180164,1.7483082,0.26904073,1.0
-2.6836174,-5.1658564,1.7860398,0.28765416,1.0
-2.6869369,-5.150673,1.8263819,0.31092975,1.0
-2.691184,-5.134419,1.8699883,0.33420533,1.0
-2.6965065,-5.1171637,1.916859,0.35748094,1.0
-2.703058,-5.0989943,1.966994,0.3819334,1.0
-2.7110217,-5.079957,2.0205584,0.40638587,1.0
-2.7205675,-5.0601835,2.077552,0.43083835,1.0
-2.7318654,-5.0398307,2.137975,0.44892988,0.92592984
-2.7463632,-5.017071,2.1977708,0.46702138,0.85185975
-2.7644083,-4.9921637,2.2563436,0.48511288,0.7777896
-2.78629,-4.9654098,2.3130782,0.46538112,0.76183283
-2.8090522,-4.9405947,2.3666162,0.44564933,0.7458761
-2.8324378,-4.917691,2.4170203,0.42591754,0.7299193
-2.8562045,-4.896653,2.4643548,0.40674987,0.6942507
-2.880566,-4.877064,2.5077283,0.38758218,0.65858215
-2.9052637,-4.85891,2.5472615,0.36841452,0.62291354
-2.930055,-4.842155,2.583084,0.3440353,0.5888766
-2.9543164,-4.826995,2.6149318,0.31965607,0.5548396
-2.977805,-4.813338,2.642998,0.29527682,0.5208027
-3.0002995,-4.80109,2.667485,0.26736054,0.4774428
-3.0214264,-4.7902484,2.6879609,0.23944424,0.43408296
-3.0409532,-4.7807283,2.704745,0.21152796,0.3907231
-3.058675,-4.7724533,2.718172,0.18261518,0.32772222
-3.0744376,-4.7653494,2.727969,0.1537024,0.26472136
-3.0880215,-4.759387,2.7346714,0.12478961,0.20172048
-3.0992491,-4.754548,2.7388384,0.09568323,0.13407014
-3.1079729,-4.7508316,2.7409701,0.06657685,0.06641981
-3.11409,-4.748241,2.7417066,0.03747048,-0.00123052
-3.1175413,-4.746782,2.7416987,0.007953855,-0.08242889
-3.1182714,-4.7464733,2.7415898,-0.021562768,-0.16362725
-3.1163118,-4.747302,2.742175,-0.05107939,-0.24482562
-3.1117463,-4.749229,2.7442386,-0.08093825,-0.2571467
-3.1045284,-4.7522583,2.7476695,-0.110797115,-0.26946774
-3.0946667,-4.756357,2.7525854,-0.14065598,-0.2817888
-3.0821652,-4.761482,2.7591043,-0.1704455,-0.27204174
-3.0669339,-4.767609,2.7667372,-0.20023504,-0.26229468
-3.048938,-4.7746897,2.7753906,-0.23002456,-0.25254765
-3.028142,-4.782665,2.78497,-0.25971082,-0.19226834
-3.0042536,-4.791565,2.7932413,-0.2893971,-0.13198905
-2.9772887,-4.8013573,2.7995892,-0.31908333,-0.071709745
-2.9473054,-4.8120313,2.8033993,-0.3476152,-0.0056834877
-2.9145136,-4.823564,2.8037286,-0.3761471,0.06034277
-2.87909,-4.83601,2.799948,-0.40467894,0.12636903
-2.841265,-4.84946,2.7914474,-0.42787486,0.20207906
-2.8018916,-4.8638387,2.7771347,-0.4510708,0.2777891
-2.7613628,-4.8793006,2.7565184,-0.47426668,0.35349914
-2.720127,-4.8960137,2.7291546,-0.45329648,0.36416674
-2.6813219,-4.9129925,2.7022462,-0.43232632,0.37483436
-2.6449118,-4.9301043,2.6758657,-0.41135612,0.38550195
-2.6108546,-4.9472218,2.6500857,-0.39958665,0.34233087
-2.5776703,-4.964986,2.62773,-0.38781717,0.29915977
-2.5453973,-4.9832025,2.6086805,-0.3760477,0.25598866
-2.5140626,-5.0016847,2.592811,-0.36604324,0.279793
-2.4840477,-5.0200367,2.5759635,-0.35603875,0.30359733
-2.4553635,-5.0382457,2.5582237,-0.3460343,0.3274017
-2.4280174,-5.056294,2.5396771,-0.33182377,0.31463498
-2.4020092,-5.0741606,2.5225623,-0.31761324,0.30186826
-2.3773112,-5.0917563,2.5068243,-0.30340272,0.28910157
-2.3538947,-5.109001,2.492408,-0.2932912,0.28158063
-2.331452,-5.126034,2.478825,-0.2831797,0.27405968
-2.3099623,-5.1428075,2.4660516,-0.2730682,0.26653874
-2.2894053,-5.15928,2.4540641,-0.26248953,0.24972747
-2.269749,-5.1754217,2.4432523,-0.25191087,0.23291619
-2.2509758,-5.1911807,2.4335616,-0.24133219,0.21610491
-2.2330697,-5.2065105,2.4249368,-0.22985414,0.19915318
-2.216081,-5.2213106,2.4173577,-0.2183761,0.18220146
-2.1999953,-5.23554,2.410763,-0.20689805,0.16524974
-2.184799,-5.2491617,2.4050906,-0.19114056,0.13450955
-2.1707668,-5.2618847,2.4008183,-0.17538309,0.10376935
-2.1578941,-5.273657,2.3977907,-0.15962562,0.07302915
-2.1461785,-5.284436,2.3958495,-0.15213919,0.021349048
-2.1350052,-5.294757,2.3953083,-0.14465275,-0.030331057
-2.1243894,-5.304573,2.3960392,-0.13716634,-0.08201116
-2.1143456,-5.3138466,2.397912,-0.12559867,-0.105957195
-2.1051536,-5.3223023,2.400126,-0.11403101,-0.12990323
-2.0968149,-5.3299384,2.402588,-0.10246335,-0.15384924
-2.089331,-5.3367586,2.4052048,-0.0916468,-0.1819699
-2.0826528,-5.342812,2.407969,-0.080830246,-0.21009055
-2.0767813,-5.348105,2.4107785,-0.070013694,-0.2382112
-2.0717149,-5.3526464,2.413532,-0.056921173,-0.2807008
-2.0676322,-5.356286,2.41616,-0.043828648,-0.3
-2.0644994,-5.3590636,2.4183187,-0.030736124,-0.3
-2.0622983,-5.361007,2.4198327,-0.011287126,-0.3
-2.0614889,-5.3617196,2.4203885,0.008161873,-0.3
-2.0620744,-5.3612046,2.4199865,0.027610872,-0.3
-2.0640547,-5.3594623,2.4186265,0.051051553,-0.3
-2.0677118,-5.3562355,2.4161122,0.07449223,-0.3
-2.0730362,-5.351514,2.4124432,0.09793291,-0.3
-2.0800133,-5.3452806,2.4076197,0.12648368,-0.3
-2.0889854,-5.337187,2.4013898,0.15503444,-0.3
-2.099921,-5.3271976,2.393754,0.1835852,-0.3
-2.1127796,-5.3152704,2.3847117,0.21298154,-0.3
-2.1275713,-5.301299,2.3742218,0.24237788,-0.3
-2.144237,-5.2852235,2.3622837,0.2717742,-0.3
-2.1627076,-5.266977,2.348898,0.3017532,-0.27448434
-2.1830955,-5.2462893,2.3352664,0.33173215,-0.24896865
-2.2053485,-5.2230844,2.3216429,0.3617111,-0.22345297
-2.229413,-5.197297,2.3082838,0.39170697,-0.14365566
-2.2554812,-5.168603,2.2989376,0.4217028,-0.063858345
-2.2834878,-5.137191,2.2944524,0.45169863,0.015938973
-2.3133922,-5.103345,2.2956522,0.4816658,0.082655884
-2.345219,-5.067411,2.3022802,0.5116329,0.14937279
-2.3790143,-5.02976,2.3149703,0.523,0.2160897
-2.4136164,-4.9921803,2.3336596,0.523,0.21371025
-2.4489334,-4.955235,2.3521466,0.523,0.2113308
-2.4849455,-4.91893,2.370431,0.523,0.20895135
-2.5216343,-4.883271,2.3885121,0.523,0.24244687
-2.5586755,-4.84855,2.409439,0.523,0.2759424
-2.5961015,-4.8149114,2.433188,0.523,0.3094379
-2.6339319,-4.7825,2.4597323,0.49464157,0.3422426
-2.6701086,-4.753134,2.487399,0.46628317,0.3750473
-2.704538,-4.726732,2.515867,0.43792474,0.407852
-2.737122,-4.703187,2.5448167,0.41332236,0.38784072
-2.7687707,-4.6816845,2.5708692,0.38872,0.36782944
-2.799294,-4.662089,2.5941658,0.36411762,0.34781817
-2.828523,-4.6442714,2.6148505,0.33536693,0.33916846
-2.8558621,-4.6283727,2.633447,0.30661628,0.33051878
-2.8811998,-4.614261,2.6500313,0.2778656,0.32186908
-2.9044383,-4.6018195,2.6646814,0.24914104,0.27957055
-2.925713,-4.590827,2.6761396,0.22041647,0.23727201
-2.944858,-4.581211,2.6847744,0.19169192,0.19497347
-2.9617357,-4.572916,2.6909642,0.16274236,0.13345736
-2.976255,-4.5658913,2.6945734,0.1337928,0.07194125
-2.9882884,-4.5601225,2.696176,0.10484326,0.010425138
-2.9977493,-4.555606,2.6963582,0.07533864,-0.05297051
-3.0045393,-4.552366,2.6956935,0.045834027,-0.11636616
-3.0086465,-4.5504026,2.6948066,0.016329411,-0.17976181
-3.0100954,-4.5497084,2.69432,-0.013506632,-0.19084813
-3.0088997,-4.550282,2.694747,-0.043342676,-0.20193446
-3.0050704,-4.552117,2.6961958,-0.073178716,-0.21302077
-2.9986157,-4.555198,2.6987743,-0.10306029,-0.19633073
-2.9894826,-4.5595293,2.702125,-0.13294187,-0.17964067
-2.9776452,-4.5650945,2.706084,-0.16282344,-0.16295062
-2.9630783,-4.571872,2.7104864,-0.1926702,-0.13518167
-2.9457338,-4.57985,2.7148142,-0.22251694,-0.107412726
-2.9255948,-4.589008,2.71879,-0.25236368,-0.07964378
-2.9026537,-4.59933,2.7221363,-0.28185645,-0.0019300997
-2.8769114,-4.610809,2.7222269,-0.31134918,0.07578358
-2.848556,-4.6234503,2.7182982,-0.34084192,0.15349726
-2.8178456,-4.637286,2.7096126,-0.36740047,0.23135957
-2.7853694,-4.6522584,2.695572,-0.393959,0.3092219
-2.7515132,-4.668447,2.6755903,-0.42051753,0.3870842
-2.716725,-4.6859436,2.6491334,-0.41859892,0.40342692
-2.6828003,-4.704146,2.621745,-0.41668028,0.41976961
-2.6497765,-4.7230473,2.5934422,-0.41476166,0.4361123
-2.6176903,-4.742638,2.5642416,-0.39538178,0.410391
-2.5873117,-4.7624264,2.5379508,-0.3760019,0.38466966
-2.5586188,-4.78221,2.5144348,-0.356622,0.35894835
-2.5315833,-4.8018045,2.4935553,-0.3523307,0.37305358
-2.5054252,-4.821609,2.4721534,-0.34803942,0.3871588
-2.480153,-4.841608,2.4502525,-0.34374812,0.40126404
-2.4557745,-4.8617835,2.4278755,-0.32882404,0.38690257
-2.432755,-4.8817186,2.4071968,-0.31389993,0.3725411
-2.4110544,-4.9013114,2.3881545,-0.29897586,0.35817963
-2.3906326,-4.920468,2.3706858,-0.2899259,0.33885223
-2.3710194,-4.939521,2.3546236,-0.28087595,0.31952485
-2.3521934,-4.958406,2.339919,-0.27182603,0.30019745
-2.3341331,-4.9770637,2.326522,-0.25872266,0.29486674
-2.3171554,-4.9950805,2.3139908,-0.2456193,0.28953603
-2.3012273,-5.012413,2.302303,-0.23251595,0.28420532
-2.2863185,-5.0290217,2.2914371,-0.23150073,0.2571131
-2.271545,-5.0458446,2.2816257,-0.23048551,0.2300209
-2.2569027,-5.0628514,2.2728672,-0.2294703,0.20292868
-2.2423875,-5.080012,2.2651594,-0.21704052,0.21843229
-2.2288291,-5.0962944,2.2573206,-0.20461074,0.23393592
-2.2162132,-5.111689,2.2494156,-0.19218095,0.24943954
-2.2045228,-5.126186,2.2415087,-0.18139897,0.19518702
-2.1934621,-5.1401267,2.2356448,-0.17061701,0.1409345
-2.1830406,-5.1534214,2.2316506,-0.15983504,0.08668197
-2.173267,-5.1659923,2.2293444,-0.14366333,0.079382755
-2.1645029,-5.1773186,2.2274456,-0.12749164,0.07208354
-2.1567402,-5.1873903,2.2259152,-0.11131994,0.064784326
-2.1499722,-5.196199,2.224714,-0.10189682,0.04034726
-2.1437788,-5.2042804,2.224029,-0.09247371,0.015910197
-2.1381593,-5.2116227,2.223784,-0.083050594,-0.008526867
-2.1331136,-5.2182193,2.223902,-0.06599199,-0.0044842423
-2.1291037,-5.22346,2.223951,-0.04893339,-0.00044161678
-2.12613,-5.2273464,2.223955,-0.031874787,0.0036010086
-2.124193,-5.2298775,2.2239356,-0.02073777,-0.014883155
-2.122933,-5.2315245,2.223987,-0.009600751,-0.033367317
-2.1223497,-5.2322865,2.2240405,0.0015362669,-0.05185148
-2.122443,-5.2321644,2.2240272,0.019076629,-0.051362913
-2.123601,-5.230652,2.223864,0.036616992,-0.050874345
-2.125823,-5.2277474,2.2235537,0.054157354,-0.05038578
-2.1291082,-5.22345,2.223099,0.07819105,-0.04773782
-2.1338491,-5.2172437,2.2224772,0.102224745,-0.04508986
-2.140043,-5.2091246,2.2217093,0.12625843,-0.042441897
-2.1476862,-5.199089,2.2208164,0.15518318,0.0060158432
-2.1570778,-5.1867356,2.220972,0.18410793,0.054473586
-2.1682057,-5.172103,2.2226427,0.21303268,0.10293133
-2.1810613,-5.155257,2.2262907,0.24282692,0.18835881
-2.195601,-5.136348,2.2338688,0.27262115,0.2737863
-2.211757,-5.1156626,2.246154,0.3024154,0.3592138
-2.2294564,-5.093566,2.2638726,0.3324088,0.45064068
-2.248574,-5.070547,2.2880023,0.36240217,0.5420676
-2.2689793,-5.04715,2.3191633,0.39239553,0.6334945
-2.2904987,-5.023975,2.3578773,0.42239183,0.5508909
-2.3159904,-4.998569,2.3947272,0.45238814,0.46828732
-2.3456137,-4.9711447,2.4287589,0.48238444,0.38568375
