4.976813,4.5752068,2.70723,-0.26528856,0.0
5.0008783,4.5640426,2.70723,-0.29255998,-0.028037256
5.0274067,4.5517354,2.708597,-0.31983143,-0.05607451
5.0563927,4.5383368,2.7115846,-0.34710285,-0.084111765
5.0878315,4.5239177,2.7164447,-0.37562498,-0.12717514
5.1217737,4.50855,2.7243848,-0.40414712,-0.1702385
5.158188,4.49241,2.7357965,-0.43266925,-0.21330187
5.19704,4.4757175,2.7510617,-0.4620572,-0.2698659
5.23822,4.4587646,2.7715926,-0.49144515,-0.3
5.281993,4.4417872,2.7957978,-0.52083313,-0.3
5.3288045,4.424922,2.8214507,-0.523,-0.3
5.37623,4.4091983,2.8472102,-0.523,-0.3
5.4240446,4.3947015,2.8729696,-0.523,-0.3
5.472217,4.3814406,2.898729,-0.523,-0.3
5.5207148,4.3694253,2.9244888,-0.523,-0.3
5.569506,4.3586626,2.9502482,-0.523,-0.3
5.6185584,4.3491607,2.9760077,-0.523,-0.3
5.667839,4.340925,3.0017672,-0.523,-0.3
5.717315,4.3339615,3.0275269,-0.523,-0.3
5.766955,4.3282747,3.0532863,-0.523,-0.3
5.8167243,4.3238683,3.0790458,-0.523,-0.3
5.8665905,4.3207455,3.1048052,-0.523,-0.3
5.916521,4.3189077,3.1305647,-0.523,-0.3
5.966482,4.3183565,-3.126861,-0.523,-0.3
6.0164404,4.3190928,-3.1011014,-0.523,-0.3
6.066364,4.3211155,-3.075342,-0.5123542,-0.28470865
6.115429,4.324371,-3.0513573,-0.5017083,-0.26941732
6.163593,4.3287287,-3.0291007,-0.49106252,-0.25412595
6.2108216,4.334064,-3.0085251,-0.47458515,-0.25727051
6.2563124,4.340153,-2.9883993,-0.45810777,-0.26041508
6.3000603,4.346908,-2.9687402,-0.4416304,-0.2635596
6.342063,4.3542414,-2.9495647,-0.4211275,-0.2521415
6.3820944,4.362025,-2.9320545,-0.4006246,-0.2407234
6.4201508,4.3701177,-2.916136,-0.3801217,-0.2293053
6.456231,4.3783927,-2.9017355,-0.355752,-0.21408473
6.489999,4.3866515,-2.8891387,-0.3313823,-0.19886416
6.5214543,4.3947654,-2.8782277,-0.3070126,-0.1836436
6.5505986,4.4026237,-2.8688836,-0.27947927,-0.16866772
6.5771317,4.410044,-2.8610642,-0.2519459,-0.15369186
6.601056,4.4169374,-2.854636,-0.22441258,-0.13871598
6.622373,4.4232283,-2.8494644,-0.19523636,-0.14251202
6.64088,4.428794,-2.8448427,-0.16606012,-0.14630805
6.6565905,4.4335976,-2.840808,-0.1368839,-0.15010409
6.6695175,4.437608,-2.8373961,-0.107210495,-0.17547709
6.6795893,4.4407697,-2.834277,-0.0775371,-0.20085007
6.686831,4.443068,-2.8316987,-0.047863696,-0.22622307
6.691273,4.4444904,-2.8299093,-0.018032232,-0.22749561
6.6929455,4.4450293,-2.8292315,0.01179923,-0.22876815
6.6918516,4.444676,-2.8296776,0.041630693,-0.2300407
6.687994,4.443432,-2.8312597,0.07147857,-0.23262933
6.6813707,4.441308,-2.834006,0.10132645,-0.23521796
6.67198,4.438325,-2.837942,0.13117433,-0.23780659
6.659815,4.434513,-2.843092,0.16096,-0.2463385
6.6448946,4.429922,-2.8496337,0.1907457,-0.2548704
6.627218,4.424609,-2.8576488,0.22053137,-0.26340234
6.6067777,4.4186444,-2.8672187,0.25019512,-0.27921098
6.5836267,4.412128,-2.878711,0.27985883,-0.29501966
6.55777,4.4051695,-2.8922727,0.30952257,-0.3
6.5291142,4.3978734,-2.907518,0.3389794,-0.3
6.4976134,4.3903623,-2.9242136,0.3684362,-0.3
6.463244,4.382771,-2.9423604,0.397893,-0.3
6.4259834,4.375248,-2.961958,0.4267097,-0.3
6.3858743,4.3679643,-2.982975,0.4555264,-0.3
6.3429027,4.3610907,-3.0054111,0.48434308,-0.3
6.29706,4.354809,-3.0292666,0.5107592,-0.3
6.248573,4.3493395,-3.0544233,0.523,-0.3
6.198798,4.3449893,-3.0801828,0.523,-0.3
6.148928,4.341923,-3.1059422,0.523,-0.27751535
6.0986614,4.3401303,-3.129823,0.523,-0.25503072
6.0480566,4.3395348,3.1313722,0.523,-0.23254609
5.997167,4.340055,3.1112843,0.523,-0.13327658
5.9453545,4.3416257,3.0997012,0.523,-0.034007072
5.893131,4.343815,3.0967376,0.523,0.06526244
5.8409944,4.3461547,3.1024222,0.523,0.16432516
5.7894387,4.3481755,3.1166816,0.523,0.2633879
5.738958,4.349433,3.1393757,0.523,0.36245063
5.690056,4.3495417,-3.1129034,0.523,0.4614157
5.6432447,4.348198,-3.0740952,0.523,0.5603808
5.5990443,4.34521,-3.0277655,0.523,0.65934587
5.5579743,4.340515,-2.9743671,0.523,0.55939406
5.5142646,4.3331366,-2.9281101,0.523,0.4594423
5.4684525,4.3232055,-2.8894563,0.523,0.35949048
5.4210434,4.310992,-2.858791,0.523,0.260092
5.37251,4.2968884,-2.8363745,0.523,0.16069353
5.32327,4.281375,-2.8224277,0.523,0.06129504
5.2737045,4.264995,-2.8170881,0.523,-0.02324431
5.2241473,4.2483244,-2.8191142,0.523,-0.10778366
5.1748314,4.231846,-2.828491,0.523,-0.192323
5.1259913,4.216034,-2.8451521,0.523,-0.17195077
5.07671,4.2009816,-2.8600667,0.523,-0.15157853
5.0270452,4.186618,-2.8732288,0.523,-0.1312063
4.977051,4.1728697,-2.8846328,0.523,-0.12380926
4.926855,4.15968,-2.8953972,0.523,-0.11641224
4.8764753,4.1470194,-2.9055216,0.523,-0.109015204
4.8259277,4.13486,-2.9150052,0.523,-0.09374158
4.7751884,4.1231623,-2.9231646,0.523,-0.078467965
4.724288,4.111864,-2.9299972,0.523,-0.06319435
4.6732564,4.100902,-2.935502,0.523,-0.048115324
4.622123,4.090212,-2.9396944,0.523,-0.033036303
4.570913,4.07973,-2.9425735,0.523,-0.017957281
4.5196533,4.0693913,-2.9441388,0.523,-0.005799425
4.4683704,4.0591316,-2.9446442,0.523,0.0063584326
4.417083,4.048898,-2.9440901,0.523,0.018516291
4.365808,4.0386376,-2.9424763,0.523,0.030172873
4.3145647,4.028297,-2.9398465,0.523,0.041829456
4.2633705,4.017826,-2.9362013,0.523,0.053486038
4.212243,4.007175,-2.9315414,0.523,0.064601734
4.161199,3.9962926,-2.9259143,0.523,0.07571743
4.110257,3.985132,-2.9193206,0.523,0.08683312
4.0594363,3.9736462,-2.911761,0.523,0.09642716
4.008748,3.9617867,-2.903369,0.523,0.10602119
3.9582102,3.9495144,-2.8941448,0.523,0.11561523
3.907842,3.9367902,-2.8840892,0.523,0.12364248
3.8576524,3.9235728,-2.8733392,0.523,0.13166973
3.8076594,3.9098308,-2.861895,0.523,0.13969699
3.7578814,3.895533,-2.849758,0.523,0.14660929
3.7083302,3.8806474,-2.8370242,0.523,0.1535216
3.659024,3.865148,-2.8236947,0.523,0.1604339
3.6099825,3.8490105,-2.80977,0.523,0.16528395
3.5612094,3.832205,-2.7954283,0.523,0.17013398
3.512722,3.8147163,-2.7806697,0.523,0.17498402
3.4645388,3.7965293,-2.7654946,0.523,0.17871378
3.4166691,3.7776258,-2.7499995,0.523,0.18244354
3.3691304,3.757996,-2.7341847,0.523,0.1861733
3.321941,3.7376313,-2.7180502,0.523,0.19190103
3.2751374,3.716531,-2.7014253,0.523,0.19762875
3.2287436,3.6946802,-2.6843104,0.523,0.20335647
3.182784,3.672065,-2.6667066,0.523,0.20904323
3.137284,3.648672,-2.6486173,0.523,0.21473
3.0922694,3.6244895,-2.6300435,0.523,0.22041675
3.0477679,3.5995066,-2.6109858,0.523,0.226501
3.0038114,3.573716,-2.5914109,0.523,0.23258525
2.9604297,3.5471075,-2.5713193,0.523,0.2386695
2.9176538,3.519673,-2.5507123,0.523,0.24657924
2.875535,3.4914184,-2.529436,0.523,0.25448897
2.8341107,3.462333,-2.5074918,0.523,0.26239872
2.7934198,3.4324083,-2.484881,0.523,0.2677975
2.7534745,3.4016166,-2.4618158,0.523,0.27319628
2.7143085,3.3699589,-2.4382975,0.523,0.2785951
2.6759565,3.337439,-2.4143262,0.523,0.28038502
2.6384144,3.3040261,-2.390205,0.523,0.28217497
2.601708,3.2697353,-2.3659337,0.523,0.28396493
2.5658634,3.2345822,-2.3415127,0.523,0.2847617
2.5308957,3.1985724,-2.3170252,0.523,0.28555846
2.4968286,3.161726,-2.292471,0.523,0.28635526
2.4636838,3.1240633,-2.26785,0.523,0.28553563
2.4314687,3.0855865,-2.2432976,0.523,0.28471604
2.4002004,3.0463212,-2.218814,0.523,0.28389645
2.3698952,3.0062923,-2.1943986,0.523,0.28119773
2.3405535,2.9655037,-2.1702092,0.523,0.278499
2.312185,2.9239852,-2.146246,0.523,0.2758003
2.2847984,2.8817666,-2.122509,0.523,0.27066088
2.2583835,2.8388479,-2.0992033,0.523,0.26552144
2.23294,2.7952638,-2.0763297,0.523,0.26038203
2.2084663,2.751048,-2.0538888,0.523,0.2545984
2.184955,2.706226,-2.0319352,0.523,0.24881479
2.1623998,2.6608315,-2.01047,0.523,0.24303117
2.1407928,2.6148963,-1.9894937,0.523,0.2345779
2.1201115,2.5684228,-1.9692334,0.523,0.22612461
2.1003368,2.5214467,-1.9496903,0.523,0.21767135
2.0814478,2.4740026,-1.9308661,0.523,0.21256828
2.0634353,2.4261582,-1.9124765,0.523,0.20746523
2.0462868,2.3779383,-1.894522,0.523,0.20236218
2.0299897,2.3293664,-1.8770028,0.523,0.1902773
2.0145087,2.2803993,-1.8605169,0.523,0.17819242
1.999804,2.2310727,-1.8450665,0.523,0.16610754
1.9858338,2.1814203,-1.8306539,0.521843,0.15946686
1.9725955,2.131628,-1.8168433,0.52068603,0.15282618
1.9600608,2.081716,-1.8036324,0.519529,0.14618549
1.9482012,2.0317044,-1.7910194,0.5182173,0.13689807
1.9369868,1.9816073,-1.7792325,0.5169056,0.12761065
1.9263774,1.9314468,-1.7682686,0.51559395,0.11832324
1.9163327,1.8812429,-1.7581245,0.5141543,0.11344358
1.9068189,1.8310516,-1.748424,0.5127147,0.10856393
1.8978128,1.780884,-1.7391652,0.5112751,0.10368428
1.8892912,1.7307502,-1.7303458,0.51026404,0.09192245
1.8812187,1.6805845,-1.7225394,0.50925297,0.08016061
1.8735454,1.630406,-1.7157431,0.5082419,0.06839878
1.8662215,1.5802324,-1.7099537,0.5069257,0.0619561
1.8592036,1.5301262,-1.7047225,0.5056095,0.055513423
1.8524628,1.4800953,-1.7000469,0.5042934,0.049070746
1.8459706,1.4301467,-1.6959242,0.5034897,0.040539928
1.8396922,1.3802325,-1.6925232,0.50268596,0.032009106
1.8335913,1.3303614,-1.689842,0.50188226,0.023478288
1.8276324,1.2805421,-1.6878783,0.5014679,0.018624837
1.8217756,1.2307472,-1.6863217,0.5010535,0.013771385
1.8160006,1.1809806,-1.6851717,0.50063914,0.008917933
1.8102872,1.1312457,-1.6844276,0.5006478,0.003032601
1.8046105,1.0815041,-1.6841745,0.5006564,-0.0028527318
1.7989464,1.0317601,-1.6844126,0.500665,-0.008738065
1.7932705,0.9820183,-1.6851417,0.50088704,-0.012950229
1.7875559,0.9322609,-1.6862228,0.50110906,-0.017162394
1.7817855,0.88249075,-1.687656,0.5013311,-0.021374559
1.7759416,0.8327109,-1.6894419,0.5018032,-0.026294475
1.7700039,0.7829006,-1.6916407,0.50227535,-0.031214392
1.763952,0.73306364,-1.6942534,0.50274754,-0.03613431
1.7577649,0.6832041,-1.6972805,0.50320476,-0.037340213
1.7514216,0.6333204,-1.7004113,0.50366205,-0.038546115
1.7449166,0.5834138,-1.7036463,0.5041193,-0.039752018
1.7382443,0.53348553,-1.7069854,0.5049793,-0.041407358
1.731394,0.48349807,-1.7104694,0.50583935,-0.043062698
1.7243583,0.4334532,-1.7140987,0.5066994,-0.04471804
1.7171293,0.38335276,-1.7178738,0.5082609,-0.043951213
1.7096881,0.33312395,-1.7215958,0.5098224,-0.04318439
1.7020361,0.2827673,-1.7252641,0.51138395,-0.042417563
1.6941754,0.23228323,-1.7288783,0.5135196,-0.04314196
1.6860989,0.18161876,-1.7325695,0.5156553,-0.04386636
1.6778013,0.13077547,-1.7363383,0.5177909,-0.04459076
1.6692773,0.07975501,-1.740185,0.52007806,-0.04471578
1.6605185,0.028542781,-1.7440597,0.52236515,-0.0448408
1.6515222,-0.022859901,-1.7479622,0.523,-0.044965822
1.6423141,-0.07428922,-1.7518805,0.523,-0.0454911
1.6329048,-0.12568083,-1.7558445,0.523,-0.046016376
1.6232921,-0.17703353,-1.7598541,0.523,-0.046541654
1.6134739,-0.228346,-1.7639096,0.523,-0.043752957
1.6034462,-0.2796247,-1.7677221,0.523,-0.040964257
1.593222,-0.33087087,-1.7712919,0.523,-0.03817556
1.5828139,-0.38208586,-1.7746186,0.523,-0.039142877
1.5722357,-0.43326402,-1.7780297,0.523,-0.040110193
1.5614835,-0.48440382,-1.781525,0.523,-0.041077513
1.550553,-0.53550375,-1.7851046,0.523,-0.03895528
1.5394387,-0.58656853,-1.7884994,0.523,-0.03683304
1.5281502,-0.6375994,-1.7917093,0.523,-0.034710806
1.5166972,-0.6885977,-1.7947344,0.523,-0.03384295
1.5050894,-0.7395626,-1.7976837,0.523,-0.032975096
1.4933312,-0.7904945,-1.8005575,0.523,-0.03210724
1.4814262,-0.8413938,-1.8033557,0.523,-0.03023203
1.4693782,-0.89226264,-1.8059906,0.523,-0.02835682
1.4571956,-0.94310236,-1.808462,0.523,-0.02648161
1.4448867,-0.99391437,-1.81077,0.523,-0.02413314
1.4324598,-1.0447009,-1.8128735,0.523,-0.021784669
1.4199255,-1.0954639,-1.8147721,0.523,-0.0194362
1.407294,-1.1462054,-1.8164662,0.523,-0.01720708
1.3945763,-1.1969277,-1.8179661,0.523,-0.014977962
1.3817819,-1.2476325,-1.8192716,0.523,-0.012748843
1.368921,-1.2983221,-1.8203828,0.523,-0.011857134
1.3560036,-1.3489981,-1.8214164,0.523,-0.010965425
1.3430338,-1.3996611,-1.8223722,0.523,-0.010073716
1.3300154,-1.4503121,-1.8232503,0.523,-0.0066570938
1.3169521,-1.5009533,-1.8238305,0.523,-0.0032404722
1.3038594,-1.5515876,-1.824113,0.523,0.00017614961
1.290752,-1.6022185,-1.8240976,0.523,0.008489746
1.2776461,-1.6528479,-1.8233576,0.523,0.016803343
1.2645789,-1.7034816,-1.821893,0.523,0.02511694
1.2515883,-1.7541255,-1.8197038,0.523,0.036347814
1.2387129,-1.8047801,-1.8165362,0.523,0.047578685
1.2260041,-1.8554516,-1.8123906,0.523,0.05880956
1.2135129,-1.9061449,-1.8072673,0.523,0.07069692
1.2012911,-1.9568623,-1.8011099,0.523,0.08258428
1.1893926,-2.007608,-1.7939196,0.523,0.09447164
1.1778713,-2.058384,-1.785697,0.523,0.099745706
1.1667738,-2.109227,-1.7770169,0.523,0.10501978
1.1561238,-2.1601367,-1.7678795,0.523,0.11029385
1.1459452,-2.2111127,-1.758285,0.523,0.11379922
1.1362599,-2.2621639,-1.748387,0.523,0.11730459
1.1270841,-2.3132875,-1.7381853,0.523,0.120809965
1.1184341,-2.3644807,-1.7276803,0.523,0.119010955
1.1103204,-2.415773,-1.717331,0.523,0.117211945
1.1027365,-2.4671574,-1.7071375,0.523,0.115412936
1.0956751,-2.5186274,-1.6970996,0.52240366,0.11636443
1.0891391,-2.570101,-1.6869909,0.52180725,0.11731592
1.0831312,-2.6215737,-1.6768116,0.5212109,0.11826741
1.0776544,-2.6730402,-1.6665618,0.5182112,0.119467095
1.0727346,-2.7242563,-1.6562681,0.5152114,0.12066679
1.0683683,-2.7752159,-1.6459317,0.5122117,0.12186647
1.064552,-2.825914,-1.635554,0.50855285,0.12506527
1.0612867,-2.8762662,-1.6249812,0.50489396,0.12826407
1.0585748,-2.9262674,-1.6142174,0.50123507,0.13146287
1.0564178,-2.9759114,-1.6032667,0.49910048,0.13201034
1.0548116,-3.025361,-1.5923176,0.49696583,0.13255781
1.0537515,-3.0746105,-1.5813702,0.4948312,0.13310528
1.0532329,-3.123653,-1.5704252,0.4897045,0.12384155
1.0532509,-3.1722484,-1.5603434,0.48457778,0.114577815
1.0537542,-3.2203858,-1.5511099,0.47945103,0.105314076
1.0546927,-3.2680562,-1.54271,0.47487462,0.092332736
1.0560206,-3.3153226,-1.5354127,0.4702982,0.0793514
1.0576792,-3.3621752,-1.5291994,0.4657218,0.06637006
1.0596116,-3.4086046,-1.5240514,0.46071956,0.057980947
1.0617608,-3.4545488,-1.5196018,0.45571733,0.049591832
1.0640899,-3.500005,-1.5158367,0.45071512,0.041202717
1.0665637,-3.5449703,-1.5127424,0.43152347,0.04506878
1.0690649,-3.588006,-1.5095022,0.41233185,0.048934847
1.0715877,-3.6291125,-1.5061406,0.39314023,0.052800912
1.0741242,-3.6682897,-1.5026826,0.37222928,0.047201753
1.0766548,-3.705385,-1.4997553,0.35131836,0.041602593
1.0791464,-3.740398,-1.49732,0.33040744,0.036003433
1.0815704,-3.773328,-1.4953378,0.30821756,0.017896533
1.0838935,-3.8040574,-1.4944185,0.28602767,-0.00021036863
1.086076,-3.8325768,-1.4944286,0.26383778,-0.018317271
1.0880886,-3.858879,-1.495234,0.2454628,-0.022331227
1.0899411,-3.8833492,-1.4961475,0.22708781,-0.026345182
1.0916342,-3.905987,-1.4971445,0.20871282,-0.030359138
1.0931693,-3.9267921,-1.4982004,0.19360016,-0.03566719
1.0945725,-3.9460888,-1.499351,0.17848751,-0.040975235
1.0958457,-3.963877,-1.5005696,0.16337486,-0.046283286
1.0969908,-3.980157,-1.5018294,0.15163313,-0.060438436
1.0980339,-3.9952564,-1.5033559,0.1398914,-0.07459359
1.098974,-4.009175,-1.5050935,0.12814967,-0.08874874
1.099812,-4.021912,-1.5069865,0.1172913,-0.11070473
1.1005553,-4.0335455,-1.5091462,0.10643294,-0.13266072
1.1012053,-4.0440755,-1.5114925,0.09557457,-0.15461671
1.101765,-4.053502,-1.5139456,0.091716915,-0.16772638
1.1022788,-4.0625305,-1.5164975,0.08785926,-0.18083607
1.1027479,-4.0711603,-1.5191312,0.08400161,-0.19394574
1.1031736,-4.079392,-1.5218295,0.08151514,-0.19574425
1.103565,-4.0873785,-1.5244719,0.07902868,-0.19754276
1.1039238,-4.0951195,-1.5270568,0.07654222,-0.19934125
1.1042519,-4.102615,-1.5295831,0.076763846,-0.19361359
1.1045623,-4.1101413,-1.5320446,0.07698547,-0.18788591
1.1048553,-4.1176987,-1.5344412,0.077207096,-0.18215823
1.1051313,-4.1252866,-1.5367724,0.07523594,-0.1738587
1.1053833,-4.1326923,-1.5389414,0.073264785,-0.16555916
1.1056135,-4.139915,-1.5409539,0.07129363,-0.15725961
1.1058235,-4.1469536,-1.5428147,0.0716331,-0.1489235
1.1060218,-4.1540346,-1.5445862,0.07197257,-0.14058739
1.1062086,-4.1611586,-1.546267,0.07231204,-0.13225126
1.1063843,-4.1683245,-1.5478562,0.07021708,-0.118159845
1.1065443,-4.1752954,-1.5492358,0.06812212,-0.10406843
1.1066903,-4.182069,-1.5504153,0.06602715,-0.08997701
1.1068244,-4.188644,-1.5514041,0.06949645,-0.0710382
1.1069587,-4.1955743,-1.5522262,0.07296576,-0.0520994
1.107094,-4.20286,-1.5528595,0.07643507,-0.033160597
1.1072311,-4.210498,-1.5532819,0.07610043,-0.020017331
1.1073643,-4.2181053,-1.5535357,0.075765796,-0.006874067
1.1074951,-4.225681,-1.5536225,0.07543116,0.006269199
1.1076247,-4.2332225,-1.5535437,0.07711731,0.026391035
1.1077577,-4.2409306,-1.5532045,0.07880346,0.046512872
1.1078961,-4.2488008,-1.552594,0.08048961,0.06663471
1.1080422,-4.2568307,-1.5517006,0.07761666,0.09393503
1.1081898,-4.264557,-1.5504873,0.0747437,0.121235356
1.1083405,-4.2719746,-1.5489807,0.07187075,0.14853567
1.1084956,-4.279081,-1.5472081,0.07084099,0.17177816
1.1086602,-4.286059,-1.5451899,0.06981124,0.19502065
1.1088356,-4.2929053,-1.5429351,0.06878148,0.21826313
1.1090226,-4.299618,-1.5404528,0.071634434,0.22299755
1.1092346,-4.3066006,-1.5378125,0.07448739,0.22773197
1.1094738,-4.3138533,-1.5350096,0.07734034,0.2324664
