-7.403502,2.2890644,-0.78495103,-0.08255276,0.0
-7.409342,2.294899,-0.78495103,-0.09839645,0.095563434
-7.4162707,2.301822,-0.78651583,-0.11424014,0.19112687
-7.424193,2.3097618,-0.79013276,-0.13008383,0.2866903
-7.432974,2.3186262,-0.7962636,-0.14686781,0.37741482
-7.4425225,2.3283849,-0.8052842,-0.16365178,0.46813935
-7.452642,2.338915,-0.81759155,-0.18043576,0.5588639
-7.4631057,2.3500752,-0.83353674,-0.19725731,0.6289082
-7.4738297,2.3618844,-0.85287654,-0.21407884,0.69895256
-7.48461,2.3742275,-0.8758335,-0.23090039,0.7689969
-7.4952354,2.386972,-0.90259546,-0.24652153,0.7903173
-7.5059824,2.4005873,-0.9317908,-0.2621427,0.8116377
-7.516743,2.4150708,-0.9634846,-0.2777638,0.83295816
-7.527406,2.4304144,-0.9977386,-0.28765538,0.81690425
-7.5380816,2.4469585,-1.0326902,-0.29754695,0.8008504
-7.548697,2.4647436,-1.068294,-0.30743852,0.7847965
-7.559173,2.4838068,-1.1045042,-0.3108822,0.75975496
-7.5693064,2.5039396,-1.1401906,-0.3143259,0.73471344
-7.5790424,2.5251343,-1.17531,-0.3177696,0.70967185
-7.588329,2.5473788,-1.209819,-0.31745178,0.68276745
-7.597028,2.5704203,-1.2432013,-0.31713396,0.655863
-7.605115,2.5942173,-1.275435,-0.31681615,0.6289585
-7.612572,2.618727,-1.3064989,-0.3146279,0.6071666
-7.6193223,2.6436691,-1.3364171,-0.31243962,0.58537465
-7.62537,2.6689992,-1.3651881,-0.31025136,0.56358266
-7.6307244,2.6946738,-1.3928118,-0.30805886,0.5467941
-7.6353836,2.7205722,-1.4195077,-0.30586633,0.5300055
-7.639361,2.746661,-1.4452789,-0.30367383,0.513217
-7.6426725,2.772908,-1.4701287,-0.3034568,0.49789998
-7.645352,2.7994344,-1.4942828,-0.30323982,0.482583
-7.647405,2.8262167,-1.5177369,-0.30302283,0.467266
-7.64884,2.8532326,-1.5404862,-0.3038597,0.45157728
-7.6496687,2.8805602,-1.5625862,-0.30469662,0.43588856
-7.649895,2.90818,-1.5840274,-0.3055335,0.42019984
-7.649526,2.9360728,-1.6048008,-0.30700004,0.40405202
-7.6485667,2.9642844,-1.6249169,-0.30846655,0.38790417
-7.647022,2.9927976,-1.644363,-0.3099331,0.37175632
-7.6448994,3.0215957,-1.6631271,-0.3116231,0.355725
-7.642206,3.0506825,-1.6812152,-0.3133131,0.33969367
-7.6389513,3.0800436,-1.6986145,-0.3150031,0.32366234
-7.635144,3.1096647,-1.7153118,-0.31693143,0.30664724
-7.630793,3.1395645,-1.7312568,-0.31885973,0.2896321
-7.6259108,3.1697297,-1.7464345,-0.32078803,0.272617
-7.620512,3.2001486,-1.76083,-0.32250884,0.2567526
-7.61462,3.2307806,-1.7744797,-0.3242297,0.24088821
-7.608251,3.2616167,-1.7873714,-0.3259505,0.2250238
-7.6014233,3.2926476,-1.799493,-0.32667187,0.21280605
-7.5941844,3.3237464,-1.8109919,-0.32739326,0.2005883
-7.586552,3.3549085,-1.8218639,-0.32811463,0.18837056
-7.5785446,3.386129,-1.8321043,-0.32786962,0.17930074
-7.57021,3.417295,-1.8418497,-0.32762462,0.17023093
-7.561565,3.448405,-1.8511002,-0.3273796,0.1611611
-7.5526257,3.4794576,-1.8598557,-0.32687524,0.1538882
-7.543418,3.510419,-1.8682064,-0.32637087,0.1466153
-7.5339565,3.5412884,-1.876153,-0.32586646,0.1393424
-7.524255,3.5720663,-1.8836963,-0.32556203,0.13345446
-7.5143223,3.6027663,-1.8909161,-0.32525757,0.12756652
-7.5041704,3.6333888,-1.8978127,-0.3249531,0.121678576
-7.493809,3.6639345,-1.9043864,-0.32495868,0.116920374
-7.4832416,3.6944294,-1.9107044,-0.32496426,0.11216218
-7.4724755,3.724874,-1.9167664,-0.32496986,0.10740398
-7.461519,3.7552693,-1.9225725,-0.32518747,0.10343422
-7.450374,3.7856333,-1.9281684,-0.3254051,0.099464454
-7.4390473,3.8159673,-1.9335538,-0.32562274,0.09549469
-7.427545,3.8462718,-1.9387286,-0.3268102,0.09233477
-7.41584,3.8766358,-1.9437507,-0.32799768,0.08917485
-7.4039364,3.9070592,-1.9486191,-0.3291852,0.08601494
-7.3918376,3.937543,-1.9533324,-0.3302992,0.08473833
-7.379553,3.9680755,-1.9579917,-0.33141324,0.08346172
-7.367082,3.9986567,-1.9625964,-0.33252725,0.082185104
-7.3544273,4.029286,-1.967146,-0.33318123,0.08361721
-7.34161,4.0599136,-1.971784,-0.33383524,0.08504932
-7.3286266,4.090538,-1.9765103,-0.33448923,0.08648143
-7.3154745,4.1211567,-1.9813255,-0.33495584,0.08885814
-7.3021593,4.1517477,-1.9862796,-0.33542246,0.09123485
-7.2886767,4.1823087,-1.9913728,-0.33588907,0.09361156
-7.275023,4.2128363,-1.9966058,-0.3363685,0.095748566
-7.261193,4.243329,-2.0019653,-0.33684793,0.09788557
-7.247182,4.2737846,-2.007452,-0.33732736,0.10002258
-7.2329874,4.3041997,-2.013066,-0.33785653,0.10198108
-7.2186027,4.3345757,-2.0187986,-0.3383857,0.10393958
-7.204024,4.36491,-2.0246499,-0.33891487,0.10589808
-7.189248,4.3952003,-2.0306206,-0.33944333,0.1074643
-7.1742706,4.425443,-2.0366886,-0.33997178,0.10903052
-7.159089,4.4556365,-2.042854,-0.34050027,0.11059674
-7.1437006,4.4857774,-2.0491178,-0.34101024,0.11213738
-7.128103,4.515861,-2.0554776,-0.34152025,0.113678016
-7.1122932,4.5458846,-2.0619342,-0.34203023,0.115218654
-7.096269,4.575845,-2.068488,-0.34263486,0.11703561
-7.080024,4.605746,-2.075156,-0.34323946,0.11885258
-7.063554,4.635584,-2.0819392,-0.34384406,0.120669544
-7.046856,4.665355,-2.0888376,-0.34455267,0.12322642
-7.029924,4.6950626,-2.095896,-0.34526125,0.1257833
-7.0127525,4.7247014,-2.103115,-0.34596986,0.12834015
-6.995338,4.754266,-2.110495,-0.34655246,0.13331959
-6.9776874,4.7837315,-2.1181726,-0.3471351,0.13829902
-6.959793,4.8130903,-2.1261485,-0.34771773,0.14327845
-6.941648,4.842334,-2.1344235,-0.34801343,0.14921637
-6.9232616,4.871425,-2.1430464,-0.34830913,0.15515427
-6.9046264,4.9003553,-2.152017,-0.34860483,0.16109219
-6.8857346,4.929114,-2.1613364,-0.3486433,0.16629022
-6.8665895,4.9576745,-2.1709545,-0.34868178,0.17148826
-6.8471856,4.9860272,-2.1808715,-0.34872022,0.1766863
-6.8275175,5.0141635,-2.1910872,-0.34855846,0.18105419
-6.807588,5.0420623,-2.2015479,-0.34839666,0.18542208
-6.7873936,5.069716,-2.212253,-0.34823486,0.18978997
-6.7669306,5.0971165,-2.2232022,-0.34859982,0.19282605
-6.746159,5.124304,-2.2343361,-0.3489648,0.19586213
-6.725077,5.15127,-2.245655,-0.34932977,0.19889821
-6.7036815,5.1780076,-2.257159,-0.35053217,0.20099097
-6.681915,5.2045774,-2.2688224,-0.35173458,0.20308374
-6.659773,5.230971,-2.2806458,-0.35293698,0.2051765
-6.6372538,5.257178,-2.2926304,-0.35492405,0.20774455
-6.614306,5.2832456,-2.3048313,-0.35691112,0.21031259
-6.5909243,5.3091617,-2.3172498,-0.3588982,0.21288064
-6.567104,5.3349137,-2.3298874,-0.36125898,0.21501797
-6.5428123,5.360518,-2.342734,-0.3636198,0.21715531
-6.518045,5.3859615,-2.3557913,-0.3659806,0.21929266
-6.492796,5.411231,-2.3690605,-0.3689209,0.22047639
-6.4670153,5.4363565,-2.3825073,-0.3718612,0.22166012
-6.440698,5.4613237,-2.396133,-0.37480146,0.22284386
-6.41384,5.4861183,-2.4099383,-0.37873888,0.2234151
-6.386359,5.510793,-2.423924,-0.3826763,0.22398634
-6.3582506,5.5353303,-2.4380906,-0.38661373,0.22455758
-6.3295083,5.5597124,-2.4524388,-0.3915284,0.22491111
-6.300052,5.583982,-2.466992,-0.39644304,0.22526464
-6.2698736,5.6081176,-2.4817502,-0.4013577,0.22561815
-6.2389665,5.632097,-2.4967148,-0.4063518,0.22682776
-6.207324,5.655897,-2.5119455,-0.41134587,0.22803734
-6.174938,5.6794925,-2.5274441,-0.41633996,0.22924694
-6.1418023,5.702857,-2.5432124,-0.42101237,0.23194289
-6.107948,5.725938,-2.5593421,-0.42568478,0.23463884
-6.0733676,5.748705,-2.575837,-0.4303572,0.2373348
-6.038056,5.7711277,-2.5927005,-0.4349532,0.2396895
-6.002011,5.7931724,-2.6099102,-0.4395492,0.24204418
-5.965228,5.814807,-2.6274693,-0.44414523,0.24439888
-5.9277043,5.836,-2.6453812,-0.44896185,0.2410695
-5.8893647,5.8567567,-2.6632454,-0.45377848,0.23774013
-5.8502135,5.877057,-2.681057,-0.4585951,0.23441075
-5.8102555,5.896881,-2.6988099,-0.46175036,0.22085871
-5.7695465,5.9161844,-2.715669,-0.46490565,0.20730668
-5.728116,5.9349813,-2.7316172,-0.4680609,0.19375464
-5.6859922,5.9532886,-2.7466376,-0.468582,0.17694885
-5.643417,5.9710364,-2.7603848,-0.4691031,0.16014305
-5.600431,5.9882655,-2.772852,-0.4696242,0.14333725
-5.5570745,6.005019,-2.7840326,-0.46873686,0.12947264
-5.513533,6.0212874,-2.7941191,-0.46784952,0.11560805
-5.4698377,6.037112,-2.8031137,-0.4669622,0.101743445
-5.4260187,6.052538,-2.8110185,-0.465537,0.09519217
-5.382185,6.06758,-2.8183932,-0.4641118,0.08864089
-5.33835,6.0822625,-2.8252406,-0.4626866,0.08208962
-5.294525,6.096608,-2.831564,-0.46169135,0.07673199
-5.250686,6.1106524,-2.8374624,-0.46069613,0.07137436
-5.206843,6.1244135,-2.8429382,-0.45970088,0.066016726
-5.1630034,6.13791,-2.8479924,-0.45903835,0.06128483
-5.1191463,6.15117,-2.8526783,-0.45837584,0.056552928
-5.0752788,6.1642084,-2.8569963,-0.4577133,0.05182103
-5.031408,6.1770425,-2.8609478,-0.45728382,0.04764784
-4.9875183,6.1896935,-2.8645778,-0.45685434,0.043474652
-4.943616,6.202176,-2.867887,-0.45642486,0.039301462
-4.8997064,6.214504,-2.870876,-0.45612982,0.03600677
-4.855783,6.2266936,-2.8736126,-0.45583478,0.032712083
-4.81185,6.238757,-2.8760974,-0.45553973,0.029417396
-4.7679114,6.250705,-2.8783307,-0.45600703,0.026970763
-4.723898,6.262567,-2.8803802,-0.45647433,0.024524128
-4.679812,6.274352,-2.8822458,-0.45694163,0.022077495
-4.635657,6.2860675,-2.8839269,-0.45833814,0.018962651
-4.591344,6.2977448,-2.8853755,-0.45973465,0.015847808
-4.546877,6.3093944,-2.8865898,-0.46113116,0.012732965
-4.502259,6.3210254,-2.8875682,-0.46330816,0.009999121
-4.457417,6.332668,-2.8883402,-0.46548516,0.007265276
-4.4123545,6.3443303,-2.888904,-0.46766216,0.004531431
-4.3670735,6.356022,-2.8892572,-0.47040898,0.0031451643
-4.3215227,6.3677664,-2.8895037,-0.47315583,0.0017588973
-4.2757025,6.379568,-2.8896425,-0.47590268,0.00037263037
-4.2296147,6.3914323,-2.889672,-0.47883904,-0.0012865007
-4.1832423,6.403368,-2.8895693,-0.48177537,-0.0029456317
-4.136587,6.415382,-2.8893328,-0.48471174,-0.004604763
-4.0896506,6.4274797,-2.8889608,-0.48678255,-0.0072626295
-4.0425186,6.4396467,-2.8883717,-0.48885337,-0.009920496
-3.9951944,6.451893,-2.8875635,-0.49092418,-0.012578363
-3.9476814,6.464229,-2.8865342,-0.49172503,-0.01791128
-3.9001074,6.4766335,-2.8850663,-0.4925259,-0.023244197
-3.8524792,6.4891267,-2.8831584,-0.49332675,-0.028577114
-3.8048043,6.501729,-2.880809,-0.49352047,-0.033400904
-3.7571476,6.5144467,-2.8780622,-0.49371418,-0.038224697
-3.7095153,6.5272985,-2.8749177,-0.49390787,-0.04304849
-3.6619146,6.540302,-2.871375,-0.49410436,-0.046975702
-3.6143496,6.5534773,-2.8675082,-0.49430084,-0.050902914
-3.5668263,6.5668387,-2.8633163,-0.49449733,-0.054830126
-3.5193503,6.5804024,-2.8587997,-0.4945779,-0.05664423
-3.4719331,6.5941806,-2.8541331,-0.49465853,-0.058458336
-3.4245782,6.608181,-2.8493164,-0.49473912,-0.060272437
-3.3772883,6.6224103,-2.8443496,-0.4957488,-0.061767686
-3.3299778,6.6369023,-2.8392491,-0.4967585,-0.06326293
-3.28265,6.6516643,-2.834015,-0.4977682,-0.06475818
-3.235309,6.6667027,-2.8286462,-0.49975726,-0.06537495
-3.187862,6.6820555,-2.823205,-0.50174636,-0.065991715
-3.1403127,6.6977277,-2.8176904,-0.5037354,-0.06660847
-3.0926645,6.7137246,-2.8121023,-0.5067043,-0.067641295
-3.0448294,6.730082,-2.8063943,-0.5096731,-0.06867411
-2.996812,6.7468085,-2.8005655,-0.5126419,-0.06970693
-2.9486175,6.763912,-2.7946143,-0.5167296,-0.07052896
-2.9001448,6.7814403,-2.7885454,-0.5208172,-0.07135099
-2.8513997,6.799402,-2.7823572,-0.523,-0.07217302
-2.8025656,6.817741,-2.7760715,-0.523,-0.07305411
-2.753851,6.836385,-2.7697093,-0.523,-0.073935196
-2.705259,6.855337,-2.7632706,-0.523,-0.07481629
-2.6567934,6.874601,-2.756755,-0.523,-0.072673574
-2.6084466,6.894183,-2.750426,-0.523,-0.070530854
-2.5602171,6.9140735,-2.7442832,-0.523,-0.06838814
-2.5121038,6.934263,-2.7383265,-0.523,-0.06424884
-2.4640985,6.954745,-2.7327302,-0.523,-0.060109533
-2.4161959,6.9755,-2.7274938,-0.523,-0.05597023
-2.3683913,6.9965105,-2.7226176,-0.523,-0.0511037
-2.3206773,7.01776,-2.718165,-0.523,-0.04623717
-2.2730472,7.039226,-2.7141361,-0.523,-0.04137064
-2.2254937,7.0608892,-2.710531,-0.523,-0.036506273
-2.1780095,7.0827274,-2.7073495,-0.523,-0.0316419
-2.1305873,7.10472,-2.7045918,-0.523,-0.02677753
-2.0832193,7.126847,-2.7022579,-0.523,-0.01987188
-2.0358953,7.1490874,-2.700526,-0.523,-0.012966228
-1.9886045,7.171413,-2.6993957,-0.523,-0.0060605765
-1.9413359,7.193793,-2.6988676,-0.523,0.0005498648
-1.8940784,7.2161984,-2.6989155,-0.523,0.007160306
-1.8468208,7.238601,-2.6995394,-0.523,0.013770747
-1.7995527,7.2609725,-2.7007399,-0.523,0.024179578
-1.752267,7.283283,-2.7028472,-0.523,0.034588408
-1.7049489,7.305487,-2.7058616,-0.523,0.044997238
-1.6575837,7.3275394,-2.7097826,-0.50686556,0.05961325
-1.6116314,7.348715,-2.7148156,-0.49073115,0.07422926
-1.567083,7.368972,-2.7208812,-0.4745967,0.088845275
-1.5239327,7.3882785,-2.7278996,-0.44980827,0.11717973
-1.4830288,7.4062366,-2.736664,-0.42501983,0.14551418
-1.4443768,7.4228034,-2.7469356,-0.4002314,0.17384863
-1.4079872,7.43796,-2.7584739,-0.37331438,0.19695364
-1.3740315,7.4516454,-2.770649,-0.3463974,0.22005865
-1.3425263,7.463899,-2.7832513,-0.3194804,0.24316368
-1.3134879,7.4747744,-2.7960718,-0.29202795,0.2571185
-1.2869142,7.4843397,-2.8084486,-0.2645755,0.27107334
-1.2628243,7.492676,-2.820256,-0.23712307,0.28502816
-1.2412335,7.499863,-2.8313687,-0.21267147,0.3085726
-1.221938,7.5060487,-2.8421333,-0.18821989,0.332117
-1.2049365,7.5112977,-2.8523612,-0.1637683,0.35566142
-1.1902223,7.5156765,-2.8618655,-0.14959489,0.36172166
-1.1767746,7.5195394,-2.870689,-0.13542148,0.36778194
-1.164599,7.522921,-2.878804,-0.121248074,0.37384218
-1.1536992,7.525853,-2.8861837,-0.119514994,0.35389575
-1.142852,7.5286856,-2.893087,-0.117781915,0.33394936
-1.1320662,7.531422,-2.899521,-0.11604884,0.31400293
-1.1213506,7.534068,-2.9054952,-0.115898825,0.29786333
-1.1105784,7.5366597,-2.911164,-0.1157488,0.28172374
-1.0997537,7.539199,-2.9165275,-0.11559878,0.26558414
-1.0888805,7.5416884,-2.9215844,-0.11626348,0.2525952
-1.0778944,7.544145,-2.9264271,-0.11692817,0.2396062
-1.0667976,7.5465703,-2.931052,-0.11759286,0.22661723
-1.055592,7.548965,-2.9354556,-0.11703508,0.2124524
-1.0443938,7.5513067,-2.9395685,-0.11647731,0.19828756
-1.0332066,7.553598,-2.9433925,-0.11591954,0.18412273
-1.0220337,7.555842,-2.9469297,-0.1165442,0.16925344
-1.0107627,7.5580645,-2.9502017,-0.11716887,0.15438415
-0.9993966,7.5602665,-2.9532046,-0.11779354,0.13951486
-0.9879381,7.5624514,-2.9559345,-0.117851265,0.12909737
-0.9764519,7.5646086,-2.9584634,-0.11790899,0.118679866
-0.96493965,7.5667405,-2.9607902,-0.11796672,0.10826236
-0.95340323,7.5688496,-2.9629145,-0.115489125,0.09628775
-0.9420908,7.5708923,-2.964765,-0.11301154,0.08431314
-0.9310054,7.5728736,-2.9663513,-0.110533945,0.07233854
-0.9201498,7.5747957,-2.9676826,-0.106486216,0.07746239
-0.90969324,7.5766325,-2.9690561,-0.102438495,0.082586244
-0.89963585,7.5783854,-2.9704645,-0.098390765,0.0877101
-0.8899778,7.5800543,-2.971901,-0.099608816,0.103341185
-0.88021237,7.5817275,-2.9736135,-0.10082687,0.11897228
-0.87034184,7.583401,-2.975608,-0.10204491,0.13460337
-0.86036867,7.585072,-2.9778905,-0.1058191,0.15676035
-0.85005623,7.5867753,-2.9806437,-0.10959329,0.17891732
-0.8394112,7.588504,-2.9838943,-0.11336747,0.2010743
-0.8284407,7.590248,-2.987668,-0.12047923,0.23341975
-0.8168581,7.5920453,-2.9923127,-0.127591,0.2657652
-0.80468386,7.5938764,-2.9978979,-0.13470276,0.29811066
-0.79194045,7.5957203,-3.004492,-0.14486514,0.3376624
-0.7784002,7.5975885,-3.0124905,-0.15502752,0.37721413
-0.76410735,7.599444,-3.0220075,-0.16518992,0.41676587
-0.7491102,7.601246,-3.0331523,-0.17304724,0.4257573
-0.7334429,7.6029515,-3.0450642,-0.18090458,0.4347487
-0.71711165,7.6045327,-3.057763,-0.18876192,0.44374013
-0.7001235,7.6059604,-3.0712695,-0.18940929,0.40708432
-0.6827734,7.6071825,-3.0837686,-0.19005664,0.37042853
-0.66508645,7.6082063,-3.0952358,-0.190704,0.33377272
-0.6470878,7.609041,-3.1056485,-0.19085893,0.31281978
-0.6289399,7.609694,-3.1154377,-0.19101386,0.29186684
-0.6106526,7.6101723,-3.1245983,-0.19116877,0.2709139
-0.5922357,7.6104856,-3.1331246,-0.18786754,0.2520215
-0.57404304,7.6106396,-3.1409326,-0.1845663,0.23312911
-0.5560857,7.6106515,3.1351464,-0.18126507,0.21423672
-0.53837395,7.610537,3.1287234,-0.20700444,0.2947398
-0.5185678,7.610282,3.1187012,-0.2327438,0.37524292
-0.49691853,7.6097865,3.1044846,-0.25848317,0.455746
-0.47372445,7.6089253,3.0855234,-0.2838231,0.5206267
-0.4491413,7.6075454,3.0619934,-0.30916303,0.5855074
-0.42345622,7.605497,3.0335183,-0.33450297,0.65038806
-0.39699018,7.6026254,2.9997616,-0.35852227,0.6877167
-0.36956543,7.598709,2.9618316,-0.38254157,0.7250454
-0.34139472,7.5935903,2.91955,-0.40656087,0.762374
-0.31271416,7.587115,2.872752,-0.42785192,0.78071755
-0.28341097,7.5790415,2.8225656,-0.44914296,0.7990611
-0.25366914,7.5692177,2.7689154,-0.470434,0.8174047
-0.22369516,7.5574994,2.7117286,-0.4873953,0.829415
-0.19377546,7.5437827,2.6518166,-0.50435656,0.8414253
-0.16411638,7.5279713,2.5891423,-0.52131784,0.8534356
-0.1349432,7.5099864,2.5236697,-0.523,0.8834975
-0.10789725,7.4907627,2.456293,-0.523,0.9135594
-0.08315928,7.4705405,2.3872848,-0.523,0.9436212
-0.060792062,7.4495225,2.316707,-0.523,0.959347
-0.04041718,7.4274716,2.2453334,-0.523,0.97507274
-0.022089591,7.4045525,2.1731818,-0.523,0.9907985
-0.0058496753,7.3809357,2.10027,-0.523,1.0
0.008422756,7.356547,2.0269217,-0.523,1.0
0.020869559,7.331178,1.9535736,-0.523,1.0
0.0314238,7.3049655,1.8802253,-0.523,1.0
0.04002872,7.2780495,1.8068771,-0.523,1.0
0.046638053,7.2505755,1.7335289,-0.523,1.0
0.05121625,7.222691,1.6601807,-0.523,1.0
0.053738695,7.194546,1.5868325,-0.523,1.0
0.05419182,7.1662917,1.5134842,-0.523,1.0
0.052573193,7.1380806,1.4401361,-0.523,0.99784845
0.048879188,7.1099696,1.3668894,-0.523,0.99569684
0.04311877,7.0821123,1.2937444,-0.523,0.9935453
0.035312127,7.0546594,1.2207017,-0.523,0.9791525
0.025307521,7.02726,1.1483512,-0.523,0.96475965
0.013093522,7.0000877,1.0767078,-0.523,0.95036685
-0.0013260925,6.9733176,1.0057865,-0.523,0.937172
-0.017905623,6.947165,0.9355401,-0.523,0.92397714
-0.036608282,6.9217954,0.8659807,-0.523,0.9107823
-0.057384014,6.897369,0.79712045,-0.523,0.91442645
-0.079685815,6.874538,0.7280659,-0.523,0.91807055
-0.10339692,6.853401,0.65881795,-0.523,0.92171466
-0.12839384,6.8340483,0.5893776,-0.523,0.9306357
-0.15436329,6.816684,0.5194699,-0.523,0.9395567
-0.18115634,6.8013616,0.44910058,-0.523,0.94847775
-0.20861995,6.788126,0.37827513,-0.523,0.9583249
-0.23656113,6.7770214,0.30695277,-0.523,0.968172
-0.26481953,6.7680645,0.23514043,-0.523,0.9780191
-0.29323375,6.761257,0.16284506,-0.523,0.99189687
-0.32146868,6.756618,0.08988087,-0.523,1.0
-0.3496124,6.7540817,0.016532646,-0.523,1.0
-0.37786636,6.7536144,-0.056815576,-0.523,1.0
-0.40607858,6.7552195,-0.13016379,-0.523,1.0
-0.43409735,6.758887,-0.20351201,-0.523,1.0
-0.461772,6.7645984,-0.27686024,-0.523,1.0
-0.4889537,6.772322,-0.35020846,-0.523,1.0
-0.5154963,6.782017,-0.4235567,-0.523,1.0
-0.5412571,6.793631,-0.4969049,-0.523,1.0
-0.56609744,6.807102,-0.57025313,-0.523,1.0
-0.58988386,6.8223567,-0.64360136,-0.523,1.0
-0.6124884,6.839314,-0.7169496,-0.520814,1.0
-0.6337005,6.8578043,-0.7899912,-0.51862806,1.0
-0.65342355,6.877709,-0.8627263,-0.51644206,1.0
-0.6715711,6.8989053,-0.9351548,-0.5118523,1.0
-0.68799,6.9211593,-1.0069396,-0.5072625,1.0
-0.7026379,6.944324,-1.0780808,-0.5026728,1.0
-0.7154849,6.968253,-1.1485782,-0.49683675,1.0
-0.7264853,6.9927397,-1.2182571,-0.4910007,1.0
-0.73564523,7.0176373,-1.2871176,-0.4851647,1.0
-0.74298215,7.042803,-1.3551595,-0.4717397,1.0
-0.7484358,7.067701,-1.4213188,-0.45831472,1.0
-0.75212353,7.092188,-1.4855952,-0.44488975,1.0
-0.7541691,7.116138,-1.5479889,-0.4308091,1.0
-0.75469995,7.1394086,-1.6084077,-0.41672847,1.0
-0.75385326,7.1619086,-1.6668519,-0.40264782,1.0
-0.7517668,7.1835637,-1.7233213,-0.38887197,0.9919597
-0.7485346,7.20459,-1.7775754,-0.3750961,0.9839193
-0.7442701,7.224919,-1.8296309,-0.36132026,0.97587895
-0.73908705,7.244494,-1.8795048,-0.3473819,0.95890623
-0.7330244,7.263505,-1.9268972,-0.33344352,0.9419335
-0.7261865,7.2818885,-1.9718397,-0.31950516,0.9249608
-0.71867955,7.2995925,-2.0143657,-0.30985695,0.9183348
-0.71060574,7.3165846,-2.0554006,-0.30020872,0.9117087
-0.70204115,7.3328524,-2.0949557,-0.29056048,0.9050827
-0.6930596,7.3483887,-2.133042,-0.27078816,0.90088016
-0.6840964,7.362614,-2.1684194,-0.25101584,0.8966776
-0.67528,7.3755674,-2.2011042,-0.2312435,0.892475
-0.6667277,7.387289,-2.2311127,-0.21001339,0.8795804
-0.6585161,7.397863,-2.258081,-0.18878327,0.8666857
-0.6507626,7.4073095,-2.2820625,-0.16755314,0.853791
-0.6435751,7.4156504,-2.303112,-0.14969829,0.82801324
-0.6368058,7.423179,-2.3214898,-0.13184343,0.8022354
-0.63055426,7.4298806,-2.337287,-0.113988586,0.77645767
-0.6249138,7.435738,-2.3506,-0.10819781,0.7684781
-0.6194441,7.4412694,-2.3631337,-0.10240704,0.7604985
-0.61416155,7.4464793,-2.3748982,-0.09661627,0.752519
-0.6090821,7.451372,-2.385904,-0.092008695,0.75904316
-0.6042239,7.45595,-2.396458,-0.08740113,0.76556736
-0.5995923,7.4602227,-2.406552,-0.082793556,0.7720915
-0.59519213,7.464201,-2.4161787,-0.082508594,0.7633402
-0.59073156,7.468156,-2.4256856,-0.08222364,0.75458884
-0.5862118,7.4720874,-2.4350727,-0.08193868,0.7458375
-0.5816339,7.4759946,-2.4443398,-0.07914891,0.74369395
-0.57716835,7.479735,-2.4532704,-0.07635915,0.7415504
-0.57281953,7.483312,-2.4618664,-0.07356939,0.7394068
-0.56859183,7.4867287,-2.4701288,-0.0731483,0.7352206
-0.56434435,7.490104,-2.4783063,-0.072727226,0.7310344
-0.5600779,7.493438,-2.486399,-0.07230614,0.7268482
-0.5557935,7.49673,-2.494407,-0.07096291,0.7204777
-0.55153906,7.4999456,-2.50221,-0.06961968,0.7141072
-0.5473173,7.5030847,-2.5098093,-0.06827644,0.70773673
-0.5431308,7.5061483,-2.5172071,-0.06847244,0.70225054
-0.53888994,7.5092044,-2.5245788,-0.06866844,0.6967643
-0.53459466,7.5122514,-2.5319233,-0.068864435,0.69127804
-0.530245,7.5152893,-2.5392404,-0.06828875,0.6852169
-0.5258881,7.5182853,-2.546443,-0.067713074,0.6791557
-0.5215252,7.521239,-2.553532,-0.06713739,0.6730946
-0.51715755,7.5241513,-2.5605075,-0.06700996,0.6687165
-0.5127628,7.527037,-2.5674317,-0.066882536,0.6643384
-0.5083414,7.529897,-2.5743043,-0.06675511,0.6599603
-0.5038937,7.532731,-2.5811255,-0.06706301,0.66177845
-0.4994125,7.5355434,-2.587994,-0.067370914,0.66359663
-0.49489784,7.538334,-2.5949101,-0.06767881,0.66541475
-0.49034977,7.5411015,-2.601874,-0.070708826,0.67183197
-0.4856022,7.543946,-2.6092093,-0.073738836,0.6782491
-0.48065504,7.54686,-2.6169202,-0.07676885,0.6846663
-0.47550818,7.549839,-2.625012,-0.08376868,0.69645506
-0.46992064,7.553013,-2.633968,-0.090768516,0.70824385
-0.46389604,7.556364,-2.643809,-0.097768344,0.72003263
-0.45743793,7.5598736,-2.654554,-0.10445109,0.73110586
-0.45056635,7.563513,-2.6661775,-0.11113383,0.74217904
-0.44328412,7.5672617,-2.6786966,-0.11781657,0.75325227
-0.43559423,7.5710993,-2.692128,-0.12486781,0.74691015
-0.42734158,7.5750804,-2.7062666,-0.13191906,0.740568
-0.41851294,7.5791864,-2.721101,-0.13897029,0.73422587
-0.40909517,7.583398,-2.7366197,-0.14175999,0.74358106
-0.39950493,7.5875087,-2.7526133,-0.14454968,0.7529363
-0.38974532,7.591509,-2.7690868,-0.14733939,0.7622915
