4.6443715,0.31175917,-0.8107642,-0.09773432,0.0
4.6376386,0.3188431,-0.8107642,-0.07193376,0.09984057
4.632707,0.324031,-0.81195915,-0.046133216,0.19968113
4.6295958,0.32731208,-0.8134843,-0.020332664,0.2995217
4.6282616,0.32872385,-0.81448424,0.0073349946,0.3993664
4.628725,0.3282323,-0.8140089,0.035002653,0.4992111
4.630835,0.325998,-0.81121606,0.06267031,0.59905577
4.6343994,0.32224494,-0.80532646,0.0918145,0.6982709
4.6392717,0.31717408,-0.79548866,0.12095869,0.79748607
4.6451855,0.3111397,-0.78106225,0.15010288,0.8967012
4.6518393,0.3045434,-0.76151705,0.17963347,0.9930553
4.6589403,0.29777405,-0.73643726,0.20916405,1.0
4.6673126,0.29018357,-0.707103,0.23869464,1.0
4.6771173,0.28180543,-0.67362726,0.26827693,1.0
4.688446,0.27276304,-0.6360027,0.2978592,1.0
4.701393,0.2632038,-0.5942294,0.32744148,1.0
4.716052,0.25329873,-0.5483073,0.35687467,1.0
4.7325077,0.2432481,-0.49825737,0.38630784,1.0
4.750842,0.23327333,-0.44407955,0.415741,1.0
4.771126,0.2236228,-0.3857739,0.44159967,1.0
4.793232,0.21464494,-0.32384166,0.4674583,1.0
4.8171763,0.20660792,-0.2582829,0.49331695,1.0
4.842946,0.19979994,-0.18909758,0.5067567,1.0
4.869838,0.19465321,-0.11802741,0.5201965,1.0
4.897749,0.19134359,-0.045072366,0.523,1.0
4.925978,0.19007038,0.028275855,0.523,1.0
4.9542246,0.19086929,0.10162407,0.523,1.0
4.9823365,0.19373602,0.1749723,0.523,1.0
5.010163,0.19865516,0.24832052,0.523,1.0
5.0375543,0.20560026,0.32166874,0.523,1.0
5.0643625,0.21453397,0.39501697,0.523,1.0
5.090444,0.22540826,0.4683652,0.523,1.0
5.1156588,0.23816462,0.5417134,0.523,1.0
5.1398706,0.25273448,0.61506164,0.523,1.0
5.16295,0.26903948,0.68840986,0.523,0.97617596
5.185576,0.2876529,0.76061535,0.523,0.9523519
5.2075415,0.3085558,0.8316371,0.523,0.9285279
5.2286463,0.3317086,0.90143484,0.523,0.88939947
5.249087,0.35754284,0.96913666,0.523,0.85027105
5.2686176,0.38598987,1.0346389,0.523,0.8111426
5.287017,0.4169533,1.0978411,0.523,0.7675251
5.304161,0.45045847,1.1583658,0.523,0.7239075
5.3198676,0.48635724,1.216098,0.523,0.68028986
5.333988,0.52448386,1.2709273,0.523,0.6456971
5.3463273,0.56439084,1.3233804,0.523,0.61110437
5.3568172,0.6059209,1.3733941,0.523,0.5765116
5.3654165,0.6489161,1.4209089,0.523,0.5409356
5.3721113,0.6932464,1.4657944,0.523,0.5053596
5.376908,0.7387569,1.5079937,0.523,0.46978354
5.3798347,0.7852991,1.5474535,0.523,0.4405684
5.3809385,0.83259207,1.584626,0.523,0.41135323
5.3802757,0.88052464,1.6194797,0.523,0.3821381
5.3779144,0.9289947,1.6519845,0.523,0.3601275
5.3739448,0.97777855,1.6827015,0.523,0.33811694
5.368435,1.0268087,1.7116157,0.523,0.31610635
5.3614583,1.0760255,1.738713,0.523,0.28098118
5.3530602,1.1255677,1.7628841,0.523,0.245856
5.3433757,1.175362,1.7840993,0.523,0.21073084
5.3325496,1.225346,1.8023324,0.523,0.18806711
5.32076,1.2753528,1.8186291,0.523,0.1654034
5.3081055,1.3253628,1.8329811,0.523,0.14273968
5.2946877,1.3753618,1.8453811,0.523,0.12742174
5.2806215,1.4252944,1.856458,0.523,0.1121038
5.2659764,1.47516,1.8662093,0.523,0.09678586
5.250821,1.5249603,1.8746326,0.523,0.07713728
5.2352204,1.5747163,1.8813497,0.523,0.05748869
5.2192645,1.6244323,1.886358,0.523,0.03784011
5.203045,1.6741142,1.8896557,0.523,0.023187023
5.186654,1.7237647,1.8916767,0.523,0.008533937
5.1701593,1.7733934,1.8924205,0.523,-0.0061191497
5.153627,1.8230107,1.8918871,0.523,-0.007829231
5.1371217,1.8726362,1.8912047,0.523,-0.009539312
5.1206503,1.9222722,1.8903731,0.523,-0.011249393
5.1042204,1.971921,1.8893926,0.523,-0.014715379
5.08784,2.0215838,1.8881099,0.523,-0.018181365
5.0715246,2.0712645,1.8865253,0.523,-0.021647353
5.055289,2.1209676,1.8846384,0.523,-0.026328612
5.0391483,2.1706958,1.8823438,0.523,-0.031009872
5.0231247,2.2204542,1.8796412,0.523,-0.03569113
5.0072374,2.270248,1.8765308,0.523,-0.04698654
4.9915133,2.3200674,1.8724366,0.523,-0.058281947
4.9760017,2.3699214,1.8673593,0.523,-0.06957735
4.960755,2.4198172,1.8612993,0.523,-0.09108078
4.9458365,2.4697182,1.853371,0.523,-0.1125842
4.931346,2.5196261,1.8435782,0.523,-0.13408762
4.9173822,2.5695403,1.8319252,0.523,-0.123219505
4.903982,2.619684,1.8212117,0.523,-0.11235139
4.8911037,2.6700335,1.811439,0.523,-0.10148327
4.878703,2.720565,1.8026083,0.523,-0.12819552
4.8667865,2.7710483,1.7914644,0.523,-0.15490776
4.855476,2.821469,1.7780156,0.523,-0.18162002
4.844893,2.8718085,1.7622713,0.523,-0.15845025
4.8350644,2.9225094,1.7485174,0.523,-0.13528046
4.825903,2.9735153,1.7367615,0.523,-0.11211068
4.817317,3.024773,1.7270095,0.523,-0.12506717
4.8092437,3.0760326,1.7161362,0.523,-0.13802366
4.801741,3.127289,1.7041434,0.523,-0.15098014
4.794867,3.178535,1.6910329,0.523,-0.16861887
4.788683,3.229721,1.6764045,0.523,-0.1862576
4.783265,3.2808301,1.6602627,0.523,-0.20389634
4.778689,3.331842,1.6426127,0.523,-0.22397374
4.77503,3.3827043,1.6232524,0.523,-0.24405113
4.772369,3.4333847,1.6021899,0.523,-0.26412854
4.7707844,3.483846,1.5794334,0.523,-0.3
4.770353,3.5338082,1.5536739,0.523,-0.3
4.7712083,3.583765,1.5279144,0.523,-0.3
4.7733502,3.6336832,1.5021548,0.523,-0.3
4.7767773,3.6835296,1.4763954,0.523,-0.3
4.781487,3.7332711,1.4506359,0.523,-0.3
