4.6900625,0.6611043,0.25965336,0.36019424,0.0
4.7248745,0.67035216,0.25965336,0.3301943,0.077815674
4.7566905,0.6788041,0.26393142,0.30019438,0.15563135
4.7853203,0.68654084,0.2716866,0.27019444,0.23344703
4.8106422,0.69359505,0.28210407,0.2401946,0.17095889
4.833376,0.70018405,0.28891468,0.21019475,0.10847075
4.853406,0.70613754,0.29270723,0.1801949,0.04598261
4.8706408,0.7113315,0.29408774,0.15019503,-0.043360125
4.885002,0.715681,0.29300267,0.12019518,-0.13270286
4.896408,0.7191221,0.29035208,0.09019533,-0.2220456
4.904838,0.7216409,0.28704152,0.060195386,-0.3
4.910353,0.723269,0.2840767,0.030195443,-0.3
4.913122,0.7240775,0.28258947,0.00019550225,-0.3
4.9131403,0.7240827,0.28257984,-0.029804392,-0.3
4.910406,0.7232888,0.2840478,-0.059804287,-0.3
4.9049215,0.7216877,0.28699338,-0.08980418,-0.3
4.896693,0.7192591,0.29141653,-0.119803,-0.3
4.8857303,0.7159708,0.29731724,-0.1498018,-0.3
4.8720474,0.7117783,0.3046955,-0.17980063,-0.3
4.8556614,0.7066251,0.31355125,-0.20978862,-0.3
4.8365965,0.70044345,0.32388407,-0.23977661,-0.3
4.814881,0.6931533,0.33569387,-0.2697646,-0.3
4.790548,0.68466353,0.34898067,-0.29970765,-0.3
4.7636414,0.67487305,0.3637423,-0.3296507,-0.3
4.7342095,0.66366875,0.3799787,-0.35959375,-0.3
4.7023063,0.65092707,0.3976899,-0.3894455,-0.3
4.668005,0.63651794,0.4168714,-0.4192973,-0.3
4.631378,0.62029874,0.43752322,-0.44914907,-0.3
4.592511,0.60211843,0.4596453,-0.47876376,-0.25946492
4.55104,0.58158994,0.48011753,-0.50837845,-0.21892984
4.507026,0.55866927,0.49851957,-0.523,-0.17839476
4.4618206,0.5340601,0.5139873,-0.523,-0.16775116
4.416918,0.50870764,0.52854115,-0.523,-0.15710758
4.3723106,0.4826589,0.5421794,-0.523,-0.14646399
4.3279905,0.45596084,0.5549006,-0.523,-0.16025315
4.2841077,0.42875916,0.5688096,-0.523,-0.17404231
4.2407084,0.40101442,0.5839038,-0.523,-0.18783149
4.197841,0.37268934,0.6001803,-0.523,-0.18344553
4.1554055,0.34364638,0.6160812,-0.523,-0.17905957
4.1134033,0.31390846,0.6316059,-0.523,-0.1746736
4.0718355,0.28349826,0.6467543,-0.523,-0.16672763
4.0306764,0.25241932,0.6612202,-0.523,-0.15878168
3.9899182,0.22070694,0.6750026,-0.523,-0.15083571
3.949551,0.18839578,0.68810064,-0.523,-0.14767887
3.9095914,0.15554309,0.70092654,-0.523,-0.14452203
3.870038,0.12216509,0.71348023,-0.523,-0.14136519
3.8308892,0.0882778,0.7257616,-0.523,-0.11073393
3.7920086,0.05377862,0.7353942,-0.523,-0.08010267
3.753349,0.018804127,0.742369,-0.523,-0.049471416
3.714858,-0.016509268,0.7466795,-0.5127582,-0.053751953
3.6772785,-0.05128578,0.7512709,-0.5025163,-0.05803249
3.6406155,-0.0855282,0.75612855,-0.49227452,-0.062313028
3.604872,-0.1192381,0.76123774,-0.478593,-0.057054013
3.5702791,-0.1521986,0.76578623,-0.46491143,-0.051795
3.5368116,-0.18437858,0.7697978,-0.4512299,-0.046535987
3.504446,-0.21574973,0.77329624,-0.43413353,-0.048277754
3.473415,-0.24603853,0.77678806,-0.41703716,-0.05001952
3.4437103,-0.27523595,0.7802633,-0.39994082,-0.05176129
3.4153235,-0.30333278,0.78371197,-0.3832528,-0.025944108
3.388187,-0.330378,0.785369,-0.36656478,-0.00012692809
3.362266,-0.35629728,0.7853767,-0.34987676,0.025690252
3.3375337,-0.38102862,0.78387886,-0.33045954,0.054789834
3.3141663,-0.4043251,0.7808627,-0.3110423,0.08388942
3.2921505,-0.42614213,0.77651894,-0.29162508,0.112989
3.2714798,-0.44644892,0.7710389,-0.2820504,0.099455215
3.2513516,-0.46600732,0.76637137,-0.27247575,0.08592142
3.2317939,-0.48483452,0.76247424,-0.26290107,0.072387636
3.2128327,-0.5029459,0.75930524,-0.2587586,0.08514837
3.1941326,-0.52069473,0.7556375,-0.2546161,0.09790911
3.1756895,-0.53807145,0.7514893,-0.25047362,0.11066984
3.1575,-0.5550674,0.74687874,-0.23368293,0.12573878
3.1404874,-0.57081735,0.74199444,-0.21689226,0.14080773
3.124658,-0.585329,0.73692125,-0.20010158,0.15587668
3.1100192,-0.598613,0.73174375,-0.18396208,0.15075833
3.0964875,-0.61076534,0.72713894,-0.16782258,0.14563999
3.0840826,-0.621803,0.7230797,-0.15168309,0.14052163
3.0728219,-0.63174087,0.7195389,-0.15213376,0.14942747
3.0615075,-0.6416553,0.71576416,-0.15258443,0.1583333
3.0501375,-0.6515426,0.71175444,-0.1530351,0.16723914
3.038711,-0.6613988,0.7075087,-0.14289072,0.1739431
3.0280154,-0.67054576,0.7033871,-0.13274635,0.18064705
3.0180562,-0.67899215,0.6994121,-0.12260198,0.18735099
3.0088387,-0.6867468,0.6956062,-0.114713855,0.2330192
3.0002704,-0.6938995,0.6911913,-0.10682573,0.27868742
2.9923573,-0.7004464,0.6862934,-0.09893761,0.32435563
2.9851024,-0.70638895,0.68103826,-0.08257529,0.37261227
2.9791274,-0.7112312,0.676028,-0.066212974,0.42086893
2.974413,-0.71501255,0.6715194,-0.049850654,0.4691256
2.970932,-0.71777904,0.6677631,-0.03150193,0.54145676
2.9688122,-0.7194507,0.6650572,-0.013153211,0.6137879
2.967966,-0.7201143,0.6637945,0.0051955096,0.686119
2.9682827,-0.7198666,0.6643431,0.029110665,0.7775614
2.969916,-0.7185876,0.66774684,0.05302582,0.86900383
2.972604,-0.7164678,0.67449605,0.076940976,0.96044624
2.9760482,-0.7137138,0.68500423,0.105093285,1.0
2.9804456,-0.71012133,0.69974303,0.13324559,1.0
2.985953,-0.70548487,0.7184301,0.1613979,1.0
2.9925182,-0.69974506,0.7410654,0.19035105,1.0
3.0001056,-0.69280213,0.7677612,0.2193042,1.0
3.0086308,-0.68457264,0.7985175,0.24825737,1.0
3.01799,-0.6749643,0.83333445,0.27799863,1.0
3.02809,-0.6638466,0.8723224,0.3077399,1.0
3.0387821,-0.65111303,0.91548145,0.33748117,1.0
3.0498943,-0.636656,0.9628115,0.36741763,0.9933602
3.0613508,-0.6201936,1.0141193,0.39735407,0.9867204
3.072928,-0.6015906,1.0693662,0.4272905,0.9800806
3.0843673,-0.58072203,1.1285133,0.45541024,0.9046013
3.0964131,-0.5552859,1.1881856,0.48352998,0.829122
3.108608,-0.5249841,1.2476065,0.5116497,0.75364274
3.1204572,-0.48960617,1.3059602,0.49530908,0.7256657
3.1301556,-0.453846,1.3607441,0.47896844,0.6976886
3.137809,-0.417948,1.4120295,0.4626278,0.66971153
3.1435432,-0.38213414,1.459893,0.44729418,0.6277078
3.14755,-0.34615362,1.5036749,0.43196055,0.58570397
3.1499643,-0.31023842,1.5434719,0.41662693,0.54370016
3.1509385,-0.27459678,1.5793924,0.3948071,0.5298364
3.1506457,-0.24053054,1.6126479,0.37298724,0.5159727
3.1492882,-0.20811601,1.6433187,0.35116738,0.50210893
3.1470578,-0.17741467,1.6714867,0.32505828,0.4751493
3.1441524,-0.14865609,1.6962708,0.2989492,0.44818965
3.1407807,-0.121925615,1.7178617,0.2728401,0.42123002
3.137132,-0.09729536,1.736455,0.2438353,0.35695672
3.1333644,-0.07476163,1.7506553,0.2148305,0.29268342
3.129685,-0.054523993,1.760986,0.18582569,0.22841015
3.1262631,-0.03675043,1.7679987,0.15645471,0.15012649
3.1232324,-0.021580756,1.7718986,0.12708373,0.07184281
3.1207004,-0.009160616,1.773419,0.097712755,-0.006440854
3.1187341,0.00041056183,1.7733141,0.0683217,-0.0696433
3.1173632,0.0070868805,1.7725217,0.038930632,-0.13284573
3.11659,0.010867395,1.7716622,0.009539571,-0.19604817
3.1164033,0.011784266,1.7713525,-0.0200966,-0.18609291
3.1167967,0.00984889,1.7719723,-0.04973277,-0.17613766
3.1177752,0.0050513074,1.7734247,-0.07936894,-0.16618238
3.1193504,-0.0026161,1.775613,-0.10916015,-0.15698847
3.1215432,-0.013172518,1.7784573,-0.13895135,-0.14779454
3.1243768,-0.0266209,1.7818676,-0.16874254,-0.13860062
3.1278782,-0.042962436,1.7857531,-0.19852684,-0.09459193
3.132094,-0.062271517,1.7888783,-0.22831114,-0.050583232
3.1370273,-0.08453335,1.7908022,-0.25809544,-0.0065745353
3.1426597,-0.10972024,1.791085,-0.2868701,0.064458534
3.1489153,-0.13765587,1.7880054,-0.31564477,0.13549161
3.1556551,-0.16819619,1.7808992,-0.34441945,0.20652469
3.1626856,-0.20116492,1.7691281,-0.3626426,0.28754106
3.1695375,-0.2352586,1.7519876,-0.38086572,0.36855742
3.17594,-0.27020597,1.7291185,-0.39908886,0.4495738
3.181607,-0.30569968,1.7002124,-0.38573793,0.42235696
3.1861477,-0.34058958,1.6738592,-0.37238702,0.3951401
3.1896834,-0.3747764,1.6499683,-0.3590361,0.36792326
3.192333,-0.40817225,1.6284454,-0.34865862,0.37573007
3.1942017,-0.440552,1.607122,-0.33828112,0.38353688
3.195341,-0.47190168,1.5860243,-0.32790366,0.39134368
3.1958027,-0.5022095,1.5651789,-0.3144192,0.37047705
3.195638,-0.5315178,1.5462058,-0.30093476,0.3496104
3.194943,-0.5597822,1.5290258,-0.2874503,0.32874373
3.1938066,-0.5869642,1.5135584,-0.2826175,0.30907425
3.1922667,-0.6138427,1.4992307,-0.27778468,0.28940478
3.190363,-0.64039785,1.4860183,-0.27295187,0.2697353
3.1881351,-0.66661155,1.4738958,-0.26356113,0.2631261
3.185673,-0.69194114,1.4624703,-0.2541704,0.25651687
3.183015,-0.71638244,1.4517226,-0.24477965,0.24990764
3.1801975,-0.73993206,1.441633,-0.24070282,0.23816995
3.1771848,-0.76312804,1.4321684,-0.236626,0.22643226
3.1739984,-0.7859654,1.4233146,-0.23254918,0.21469459
3.1706595,-0.80843973,1.4150572,-0.22272235,0.21867141
3.167287,-0.82991844,1.4070046,-0.21289553,0.22264823
3.1639013,-0.8504046,1.3991696,-0.20306869,0.22662506
3.160522,-0.86990154,1.391565,-0.191162,0.21377495
3.1571918,-0.8882833,1.3848058,-0.1792553,0.20092484
3.1539435,-0.9055453,1.3788432,-0.16734861,0.18807474
3.1508071,-0.92168313,1.3736285,-0.15171845,0.15003808
3.1478686,-0.93639386,1.3698487,-0.13608828,0.11200142
3.1451693,-0.94964534,1.3673137,-0.120458126,0.07396476
3.1427417,-0.96141034,1.3658301,-0.096786164,0.026714211
3.1407726,-0.970883,1.3653992,-0.07311421,-0.020536339
3.1392815,-0.9780392,1.3656495,-0.049442247,-0.06778689
3.1382768,-0.9828687,1.3662076,-0.022157136,-0.13145061
3.1378305,-0.98501945,1.3666917,0.005127971,-0.19511431
3.1379323,-0.9845268,1.366526,0.03241308,-0.25877804
3.138568,-0.98145854,1.3651435,0.06233974,-0.20419899
3.1398146,-0.97548276,1.3630366,0.0922664,-0.14961992
3.1416965,-0.9665554,1.3607444,0.12219307,-0.09504087
3.1442327,-0.95465857,1.3588117,0.1520408,-0.09754878
3.1474166,-0.9398655,1.3563437,0.18188852,-0.10005669
3.151268,-0.9221822,1.3533156,0.21173625,-0.10256461
3.1558127,-0.901616,1.3497026,0.24171449,-0.098104075
3.161088,-0.8781463,1.3457566,0.27169275,-0.09364353
3.167124,-0.85177815,1.3415225,0.301671,-0.089182995
3.1739528,-0.8225172,1.3370445,0.331671,-0.18910763
3.1814983,-0.79082733,1.326653,0.361671,-0.28903225
3.1898782,-0.7571885,1.3094722,0.391671,-0.3
