-9.775009,-1.0783877,-1.0677986,0.76551795,0.0
-9.738107,-1.145458,-1.0677986,0.523,0.099983834
-9.713021,-1.1910512,-1.0590979,0.49871254,0.19996767
-9.689088,-1.2336682,-1.0425874,0.47442505,0.2999515
-9.666245,-1.2728153,-1.019224,0.47351888,0.399919
-9.64339,-1.3099626,-0.9884971,0.4726127,0.4998865
-9.620579,-1.3446053,-0.9507412,0.47170654,0.599854
-9.597954,-1.3762928,-0.9063597,0.4853901,0.6972309
-9.575009,-1.4055878,-0.85441506,0.49907365,0.7946077
-9.552051,-1.4319568,-0.7950595,0.5127572,0.8919845
-9.529507,-1.4549404,-0.7285447,0.523,0.95715123
-9.507034,-1.4749919,-0.6572812,0.523,1.0
-9.484664,-1.4922565,-0.583933,0.523,1.0
-9.461089,-1.5078353,-0.5105848,0.523,0.9994791
-9.436415,-1.5216558,-0.4372611,0.523,0.9989582
-9.410774,-1.5336412,-0.363962,0.523,0.9984373
-9.384303,-1.5437249,-0.29068744,0.523,0.9726105
-9.356087,-1.5521662,-0.21865653,0.523,0.94678366
-9.326256,-1.558795,-0.14791726,0.523,0.92095685
-9.294956,-1.5634588,-0.078516826,0.523,0.88330007
-9.2618685,-1.566062,-0.0111511685,0.523,0.84564334
-9.227183,-1.5664488,0.054084186,0.523,0.8079866
-9.191099,-1.5644953,0.11709675,0.523,0.747566
-9.1530075,-1.5600145,0.17635751,0.523,0.68714535
-9.113204,-1.552921,0.2316502,0.523,0.6267247
-9.071975,-1.5431957,0.28277302,0.523,0.58614916
-9.030135,-1.5310389,0.3309899,0.523,0.5455736
-8.987854,-1.5165099,0.37622142,0.523,0.50499797
-8.945284,-1.4996929,0.41839314,0.523,0.4923264
-8.903171,-1.4809675,0.45959485,0.523,0.47965485
-8.861587,-1.4603859,0.4998199,0.523,0.4669833
-8.8206,-1.438004,0.53906184,0.523,0.45062447
-8.780197,-1.4138368,0.57702535,0.523,0.43426564
-8.740433,-1.3879538,0.6137003,0.523,0.4179068
-8.701356,-1.3604264,0.6490767,0.523,0.40077758
-8.662993,-1.3313186,0.6830834,0.523,0.38364837
-8.625377,-1.3007073,0.7157104,0.523,0.36651915
-8.5885315,-1.2686697,0.7469482,0.523,0.35265613
-8.552517,-1.2353238,0.7770548,0.523,0.3387931
-8.517347,-1.2007364,0.80602455,0.523,0.32493007
-8.483031,-1.1649746,0.8338519,0.523,0.30697083
-8.449528,-1.1280556,0.8601912,0.523,0.2890116
-8.416827,-1.090058,0.8850342,0.523,0.27105233
-8.384917,-1.0510589,0.90837264,0.523,0.24656996
-8.353724,-1.0110674,0.9296482,0.523,0.22208758
-8.323211,-0.9701831,0.9488481,0.523,0.1976052
-8.293333,-0.9285037,0.9659608,0.523,0.19049174
-8.264132,-0.88626015,0.9824651,0.523,0.1833783
-8.235593,-0.8434829,0.99836016,0.523,0.17626484
-8.207702,-0.8002016,1.0136452,0.523,0.15362689
-8.180373,-0.75633395,1.0269836,0.523,0.13098896
-8.153544,-0.71196204,1.0383689,0.523,0.10835101
-8.1271515,-0.6671658,1.047795,0.523,0.09528067
-8.101147,-0.62206256,1.0560877,0.523,0.08221034
-8.075488,-0.5766925,1.0632457,0.523,0.06914
-8.050129,-0.5310948,1.0692676,0.523,0.052677132
-8.02502,-0.4852992,1.0738572,0.523,0.036214255
-8.000102,-0.43935525,1.0770131,0.523,0.019751381
-7.975319,-0.39331168,1.0787348,0.523,0.0076825796
-7.950611,-0.34721786,1.0794044,0.523,-0.0043862225
-7.9259334,-0.3011066,1.079022,0.523,-0.016455024
-7.901241,-0.25501058,1.0775877,0.523,-0.029505163
-7.87649,-0.20896384,1.0750163,0.523,-0.042555302
-7.8516326,-0.16300252,1.071308,0.523,-0.05560544
-7.826621,-0.117163084,1.0664636,0.523,-0.06628269
-7.801404,-0.07147513,1.0606902,0.523,-0.07695994
-7.775943,-0.025968403,1.0539885,0.523,-0.087637186
-7.7502003,0.019326763,1.0463592,0.523,-0.09915368
-7.7241406,0.064375594,1.0377305,0.523,-0.11067019
-7.697726,0.10914357,1.0281034,0.523,-0.12218668
-7.670917,0.15359525,1.0174792,0.523,-0.12891577
-7.643661,0.19772214,1.0062732,0.523,-0.13564485
-7.6159368,0.24150158,0.9944857,0.523,-0.14237393
-7.587725,0.28491032,0.9821173,0.523,-0.14317466
-7.558982,0.32796186,0.96967983,0.523,-0.14397538
-7.529709,0.37064767,0.9571733,0.523,-0.1447761
-7.499908,0.41295907,0.94459766,0.523,-0.14903767
-7.4695964,0.45486596,0.9316546,0.523,-0.15329924
-7.438765,0.4963501,0.9183443,0.523,-0.15756083
-7.407405,0.5373928,0.904667,0.523,-0.15533583
-7.3754754,0.57801694,0.8911813,0.523,-0.15311083
-7.34299,0.61822075,0.8778872,0.523,-0.15088584
-7.3099613,0.65800273,0.86478484,0.523,-0.15273528
-7.276424,0.6973374,0.8515231,0.523,-0.1545847
-7.2423778,0.73621273,0.8381021,0.523,-0.15643415
-7.207823,0.77461654,0.8245218,0.523,-0.15771687
-7.172756,0.8125398,0.81083107,0.523,-0.15899959
-7.1371818,0.8499718,0.7970299,0.523,-0.16028231
-7.101101,0.8869016,0.78311837,0.523,-0.19903414
-7.064767,0.92307043,0.76588356,0.523,-0.23778597
-7.0281315,0.9583034,0.7453513,0.523,-0.2765378
-6.991159,0.9924271,0.7215525,0.523,-0.3
-6.9536467,1.0254309,0.695793,0.523,-0.3
-6.915297,1.0574577,0.67003345,0.523,-0.3
-6.876135,1.088486,0.64427394,0.523,-0.3
-6.836187,1.1184953,0.6185145,0.523,-0.3
-6.7954793,1.1474658,0.59275496,0.523,-0.3
-6.754039,1.1753781,0.56699544,0.523,-0.3
-6.711893,1.2022139,0.5412359,0.523,-0.3
-6.6690702,1.2279551,0.5154764,0.523,-0.3
-6.6255984,1.2525849,0.4897169,0.523,-0.3
-6.581507,1.2760868,0.46395737,0.523,-0.3
-6.5368247,1.2984452,0.43819788,0.523,-0.3
-6.4915814,1.3196454,0.41243836,0.523,-0.3
-6.445807,1.3396733,0.38667884,0.523,-0.3
-6.399532,1.3585155,0.36091933,0.523,-0.3
-6.3527865,1.3761595,0.33515984,0.523,-0.3
-6.3056026,1.3925937,0.30940032,0.523,-0.3
-6.2580113,1.4078071,0.2836408,0.523,-0.3
-6.2100434,1.4217898,0.25788128,0.523,-0.3
-6.1617317,1.4345323,0.23212178,0.523,-0.3
-6.1131077,1.4460261,0.20636226,0.523,-0.3
-6.0642033,1.4562638,0.18060276,0.523,-0.24500552
-6.014291,1.4653774,0.15945947,0.523,-0.19001102
-5.9635835,1.4735324,0.14299633,0.523,-0.13501653
-5.912288,1.4809179,0.1312631,0.523,-0.064976096
-5.8605475,1.4877489,0.12560333,0.523,0.0050643445
-5.8086605,1.4943005,0.12604478,0.523,0.07510479
-5.7569213,1.5008566,0.13258526,0.523,0.10117491
-5.7053456,1.5077353,0.1413893,0.523,0.12724504
-5.653986,1.5150458,0.15245092,0.523,0.15331517
-5.602899,1.5228949,0.1657626,0.523,0.121345595
-5.5516953,1.5314611,0.17631395,0.523,0.08937602
-5.5004115,1.540598,0.18409419,0.523,0.057406444
-5.44908,1.5501561,0.18909538,0.523,0.07511923
-5.397857,1.5599593,0.1956371,0.523,0.092832014
-5.3467755,1.5700822,0.20371735,0.523,0.11054479
-5.29587,1.5805985,0.21333356,0.523,0.12516305
-5.2451553,1.5915847,0.22421513,0.523,0.1397813
-5.1946616,1.6030997,0.23635978,0.523,0.15439956
-5.1444206,1.6152009,0.24976486,0.523,0.2015834
-5.09477,1.6278665,0.26721746,0.523,0.24876726
-5.045879,1.6412511,0.2886787,0.523,0.2959511
-4.9979224,1.6554929,0.31410083,0.4982708,0.34280038
-4.9532905,1.6699919,0.34201446,0.4735416,0.38964966
-4.912023,1.6846832,0.3719947,0.4488124,0.43649897
-4.8741317,1.6994668,0.40361872,0.432745,0.3800848
-4.837175,1.7152499,0.43037674,0.4166776,0.32367066
-4.8012733,1.7317315,0.45246404,0.4006102,0.2672565
-4.7665224,1.7486237,0.47009665,0.3725491,0.24722058
-4.7343187,1.7649862,0.48529106,0.34448797,0.22718465
-4.7046304,1.7806424,0.4982229,0.31642684,0.20714873
-4.6774287,1.7954401,0.5090695,0.2875976,0.18074845
-4.6527247,1.8092283,0.5176862,0.25876838,0.15434815
-4.630506,1.8218818,0.52431655,0.22993915,0.12794787
-4.6107635,1.8332989,0.5292065,0.20091593,0.06333861
-4.5934553,1.8434217,0.53132606,0.17189272,-0.0012706459
-4.5786357,1.8521311,0.53128964,0.1428695,-0.0658799
-4.5663447,1.8593539,0.5297221,0.11378344,-0.13497041
-4.5566154,1.865051,0.5271703,0.08469738,-0.20406091
-4.549447,1.8692236,0.5243097,0.055611324,-0.27315143
-4.5448117,1.8719044,0.52180934,0.025848957,-0.3
-4.5426707,1.8731353,0.5205362,-0.003913409,-0.3
-4.542995,1.8729494,0.52072895,-0.033675775,-0.3
-4.545786,1.8713487,0.52238756,-0.06352825,-0.3
-4.5510454,1.8683206,0.52551657,-0.09338072,-0.3
-4.5587626,1.8638452,0.53011584,-0.1232332,-0.3
-4.5689197,1.8578925,0.5361855,-0.15302789,-0.3
-4.5814877,1.850424,0.5437226,-0.1828226,-0.3
-4.5964346,1.8413886,0.5527273,-0.2126173,-0.3
-4.613722,1.8307246,0.5631994,-0.24246587,-0.2967745
-4.6333275,1.8183453,0.5750171,-0.27231443,-0.293549
-4.655202,1.804169,0.5881495,-0.302163,-0.29032353
-4.6792893,1.788106,0.6025658,-0.331253,-0.22643432
-4.705884,1.7698112,0.61496043,-0.36034298,-0.16254513
-4.7349286,1.7492961,0.6246795,-0.38943297,-0.09865594
-4.7663636,1.7266313,0.6310724,-0.41725275,-0.029082466
-4.8000383,1.7020234,0.6330946,-0.44507256,0.040491007
-4.835891,1.6757126,0.63009185,-0.47289237,0.110064484
-4.873868,1.6480174,0.62143457,-0.48205584,0.18394151
-4.9124002,1.6204255,0.6067394,-0.49121928,0.25781852
-4.951421,1.5933423,0.5858649,-0.5003828,0.33169556
-4.9908414,1.5671833,0.55870694,-0.47627035,0.3122388
-5.029274,1.5431573,0.5343227,-0.4521579,0.29278207
-5.066531,1.5211108,0.5125726,-0.4280455,0.27332532
-5.10245,1.5008978,0.4933152,-0.41533095,0.26475748
-5.1377563,1.4819151,0.47520155,-0.40261638,0.25618967
-5.1723886,1.464096,0.45819795,-0.38990182,0.24762183
-5.2062902,1.4473753,0.44227055,-0.3726867,0.23434483
-5.2390523,1.4318606,0.4278472,-0.35547164,0.2210678
-5.2706084,1.4174706,0.4148564,-0.33825654,0.20779079
-5.3008986,1.4041301,0.40322608,-0.32693365,0.19823837
-5.330381,1.3915529,0.3924949,-0.31561077,0.18868597
-5.3590245,1.3796952,0.38262847,-0.30428788,0.17913356
-5.3868012,1.3685161,0.3735923,-0.29422927,0.16706717
-5.4138136,1.3579273,0.36543766,-0.28417066,0.15500079
-5.440036,1.347894,0.3581259,-0.27411205,0.1429344
-5.465446,1.3383838,0.3516181,-0.2572616,0.12608692
-5.4894066,1.3295937,0.34622622,-0.24041119,0.109239444
-5.511886,1.3214839,0.34185785,-0.22356077,0.09239196
-5.532859,1.3140212,0.3384202,-0.2030267,0.04882527
-5.551987,1.3072889,0.33676872,-0.18249263,0.005258578
-5.569211,1.3012587,0.33660877,-0.16195855,-0.038308114
-5.584487,1.2959133,0.33764258,-0.1510364,-0.09360611
-5.5986753,1.2909319,0.33999547,-0.14011423,-0.1489041
-5.611738,1.286311,0.34345987,-0.12919207,-0.2042021
-5.6236506,1.282051,0.34782627,-0.11359689,-0.24923299
-5.634,1.2782986,0.35249627,-0.0980017,-0.2942639
-5.6428022,1.2750605,0.35723358,-0.08240652,-0.3
-5.6501775,1.2723076,0.3612924,-0.06333174,-0.3
-5.6558375,1.270169,0.36441168,-0.044256963,-0.3
-5.6597877,1.2686621,0.36659148,-0.025182188,-0.3
-5.6620336,1.2677997,0.3678318,-0.012202748,-0.3
-5.663121,1.2673806,0.36843282,0.00077669055,-0.3
-5.663052,1.2674073,0.36839458,0.01375613,-0.3
-5.661826,1.2678806,0.36771703,0.02076953,-0.3
-5.6599746,1.2685939,0.36669406,0.02778293,-0.3
-5.657497,1.2695454,0.36532566,0.03479633,-0.3
-5.6543922,1.2707331,0.36361182,0.047038548,-0.3
-5.6501923,1.2723312,0.361295,0.059280764,-0.3
-5.6448946,1.2743331,0.35837525,0.07152298,-0.3
-5.6384954,1.2767298,0.3548525,0.092332155,-0.3
-5.630224,1.2797947,0.3503048,0.11314133,-0.3
-5.620072,1.283504,0.34473222,0.1339505,-0.3
-5.608028,1.2878287,0.3381347,0.16101575,-0.3
-5.593517,1.2929314,0.33020416,0.18808101,-0.3
-5.5765195,1.2987573,0.32094052,0.21514626,-0.3
-5.557015,1.3052412,0.31034386,0.24497977,-0.3
-5.5347295,1.3123884,0.29827777,0.2748133,-0.3
-5.5096345,1.3201038,0.2847423,0.3046468,-0.3
-5.481703,1.3282794,0.26973742,0.3346456,-0.3
-5.4508886,1.3367987,0.25325498,0.36464438,-0.3
-5.417164,1.3455269,0.23529503,0.3946432,-0.3
-5.3805013,1.3543164,0.21585752,0.42464274,-0.3
-5.340875,1.3630054,0.19494243,0.45464233,-0.3
-5.298264,1.371419,0.17254977,0.48464188,-0.3
-5.252652,1.3793683,0.14867952,0.51457953,-0.25720662
-5.203436,1.3867401,0.12686306,0.523,-0.21441321
-5.1527443,1.3932058,0.10831625,0.523,-0.17161982
-5.1015143,1.3987765,0.09343005,0.523,-0.08841344
-5.049646,1.4036368,0.085733384,0.523,-0.005207062
-4.9975386,1.4081151,0.0852795,0.523,0.077999316
-4.945587,1.4125563,0.09207155,0.50634354,0.16935673
-4.895889,1.4171451,0.106295444,0.4896871,0.26071417
-4.8488417,1.4221649,0.12733327,0.4730306,0.35207158
-4.8047996,1.4278034,0.15452015,0.4538055,0.38876057
-4.7633057,1.4342666,0.18318869,0.43458042,0.42544955
-4.7243843,1.4414774,0.21308278,0.4153553,0.46213853
-4.6880465,1.4493396,0.24394806,0.39448473,0.45715454
-4.653697,1.4578894,0.27296877,0.37361416,0.45217055
-4.6213346,1.4669495,0.30017528,0.35274363,0.4471866
-4.5909514,1.4763541,0.32559815,0.3269486,0.4489503
-4.563044,1.485776,0.34924853,0.3011536,0.450714
-4.5375724,1.4950521,0.37111267,0.2753586,0.45247772
-4.5144935,1.5040331,0.39117694,0.2468786,0.3992501
-4.4934654,1.5127057,0.40717167,0.2183986,0.34602246
-4.4746,1.520842,0.41951698,0.1899186,0.29279482
-4.457993,1.5282485,0.428653,0.16118905,0.23128814
-4.4437227,1.5347699,0.43481126,0.13245949,0.16978145
-4.4318824,1.5402694,0.43854147,0.10372995,0.10827475
-4.422546,1.5446482,0.4404097,0.07435432,0.041976117
-4.415826,1.5478151,0.44092974,0.044978686,-0.024322515
-4.4117594,1.5497342,0.4407474,0.015603056,-0.09062115
-4.4103537,1.550397,0.4405121,-0.014173055,-0.14792009
-4.411622,1.5497993,0.4408602,-0.04394917,-0.20521902
-4.415513,1.5479633,0.4423529,-0.073725276,-0.26251796
-4.421948,1.5449156,0.44554168,-0.103605285,-0.24038759
-4.431028,1.5405791,0.4496527,-0.1334853,-0.21825722
-4.4427648,1.5349147,0.45446995,-0.1633653,-0.19612685
-4.4571614,1.5278807,0.45977584,-0.19320369,-0.17216879
-4.4742193,1.5194341,0.46529242,-0.22304207,-0.14821073
-4.493934,1.5095363,0.4707818,-0.25288045,-0.12425269
-4.5162973,1.4981544,0.4760052,-0.28224888,-0.051752843
-4.541351,1.4852382,0.47843865,-0.3116173,0.020747006
-4.5690074,1.4708947,0.4773612,-0.34098577,0.093246855
-4.5991626,1.4552965,0.47206956,-0.36635682,0.17111441
-4.631315,1.4388804,0.4616723,-0.3917279,0.24898198
-4.665305,1.4219692,0.4455842,-0.41709897,0.32684955
-4.70095,1.4049445,0.4232652,-0.41314673,0.36320823
-4.736161,1.3890821,0.39880174,-0.40919453,0.3995669
-4.7708993,1.374444,0.37227097,-0.40524232,0.43592554
-4.8051176,1.3610826,0.34375206,-0.38696703,0.39460647
-4.8387504,1.3490433,0.31895748,-0.36869174,0.3532874
-4.871598,1.3381959,0.29769725,-0.35041645,0.3119683
-4.9034815,1.3284136,0.27977154,-0.34593034,0.33014953
-4.9349337,1.3193772,0.26108065,-0.34144425,0.3483308
-4.96594,1.311093,0.24165651,-0.33695814,0.36651203
-4.996484,1.3035648,0.22153105,-0.32251945,0.35732055
-5.02596,1.2969258,0.20273003,-0.30808076,0.34812906
-5.054327,1.2910949,0.1852136,-0.29364207,0.33893758
-5.081547,1.2859949,0.16894165,-0.28281376,0.32110557
-5.1080008,1.2814828,0.15406491,-0.2719854,0.30327353
-5.133651,1.2774994,0.14052701,-0.2611571,0.28544152
-5.1584625,1.2739896,0.12827086,-0.25116125,0.26835185
-5.182481,1.2708918,0.117171936,-0.24116538,0.2512622
-5.20568,1.2681609,0.10717858,-0.23116952,0.23417251
-5.228037,1.2657555,0.09823855,-0.22860184,0.2185002
-5.250246,1.2635667,0.08997971,-0.22603415,0.20282789
-5.2722964,1.2615772,0.08239099,-0.22346647,0.18715557
-5.2941785,1.2597703,0.07546111,-0.21021502,0.18900141
-5.314767,1.2582136,0.06887864,-0.19696355,0.19084725
-5.3340597,1.2568827,0.06265161,-0.1837121,0.19269308
-5.3520555,1.2557538,0.05678805,-0.17086995,0.14029887
-5.3689475,1.2547935,0.052805666,-0.15802778,0.087904654
-5.3846674,1.2539626,0.05049342,-0.14518562,0.035510443
-5.399158,1.2532303,0.04963433,-0.13228233,0.018145699
-5.412368,1.2525741,0.049234293,-0.11937904,0.000780952
-5.424291,1.2519866,0.049218755,-0.106475756,-0.016583795
-5.4349246,1.2514628,0.04951304,-0.095795654,-0.03757786
-5.4444857,1.2509891,0.050112862,-0.08511555,-0.058571927
-5.452972,1.2505634,0.050943285,-0.07443545,-0.079565994
-5.4603825,1.2501856,0.051929332,-0.061952062,-0.10339027
-5.466536,1.2498658,0.05299497,-0.049468674,-0.12721455
-5.471436,1.2496058,0.054041,-0.03698528,-0.15103883
-5.475087,1.2494082,0.0549685,-0.019510468,-0.1780925
-5.4770045,1.2493027,0.055544555,-0.002035654,-0.20514616
-5.4772034,1.2492918,0.055613667,0.01543916,-0.23219983
-5.4757032,1.2493752,0.05502153,0.04079572,-0.26312855
-5.4717703,1.2495918,0.053253014,0.06615228,-0.29405728
-5.465448,1.2499288,0.050057445,0.09150884,-0.3
-5.4567165,1.2503663,0.045550324,0.12091916,-0.3
-5.4451766,1.2508923,0.03959465,0.15032949,-0.3
-5.430826,1.2514608,0.032190416,0.1797398,-0.3
-5.4136643,1.2520134,0.023337625,0.20952679,-0.26115584
-5.3934274,1.2524859,0.014321081,0.23931378,-0.22231166
-5.370087,1.2528201,0.0055268984,0.2691008,-0.18346749
-5.3436294,1.2529663,-0.0026555574,0.29894766,-0.09667021
-5.3138742,1.2528874,-0.0074646147,0.32879454,-0.0098729255
-5.2809973,1.2526419,-0.008005633,0.35864142,0.07692436
-5.24524,1.2523557,-0.0034121226,0.3886294,0.16518907
-5.206907,1.2522248,0.007238839,0.4186174,0.2534538
-5.1663833,1.2525182,0.02473348,0.4486054,0.3417185
-5.12413,1.2535635,0.049788594,0.47856954,0.32237563
-5.078794,1.2558225,0.07505871,0.5085337,0.30303273
-5.0303946,1.2594622,0.100351155,0.523,0.28368983
