9.823561,6.349743,2.9566894,0.710775,0.0
9.753695,6.3628106,2.9566894,0.523,0.099949956
9.702543,6.372378,2.9653873,0.523,0.19989991
9.652078,6.3813634,2.982696,0.523,0.29984987
9.602741,6.3892694,3.008443,0.523,0.39971036
9.55499,6.395665,3.0423641,0.523,0.49957082
9.509308,6.4002132,3.0841212,0.523,0.5994313
9.466197,6.4026937,3.1332982,0.523,0.6991219
9.4261675,6.4030256,-3.0937912,0.523,0.7988125
9.389727,6.4012823,-3.031334,0.523,0.8985031
9.357353,6.3976984,-2.963135,0.523,0.79850405
9.321439,6.39122,-2.9006965,0.523,0.698505
9.282544,6.381665,-2.844642,0.523,0.59850585
9.241226,6.369022,-2.7955315,0.523,0.49851513
9.198014,6.3534408,-2.7538552,0.523,0.39852437
9.153391,6.335216,-2.7200294,0.523,0.2985336
9.10778,6.314762,-2.694392,0.523,0.1986655
9.061551,6.29259,-2.6771886,0.523,0.09879739
9.015018,6.26928,-2.6685908,0.523,-0.0010707199
8.968461,6.2454543,-2.6686842,0.523,-0.09790236
8.922124,6.221747,-2.6772044,0.523,-0.19473399
8.876246,6.1987658,-2.6940715,0.523,-0.29156563
8.831087,6.1770887,-2.719128,0.523,-0.28845188
8.785356,6.1565313,-2.743924,0.523,-0.28533813
8.739086,6.137096,-2.7684598,0.523,-0.2822244
8.692312,6.118785,-2.792735,0.523,-0.24001119
8.644571,6.10142,-2.8134558,0.523,-0.19779798
8.596027,6.0848937,-2.830585,0.523,-0.15558478
8.546838,6.0690823,-2.8440921,0.523,-0.17198555
8.497573,6.0539775,-2.8590097,0.523,-0.18838632
8.4482355,6.0396523,-2.8753338,0.523,-0.20478709
8.398833,6.0261784,-2.89306,0.523,-0.15375392
8.348738,6.0134654,-2.9064095,0.523,-0.10272076
8.298145,6.001343,-2.9153476,0.523,-0.0516876
8.247247,5.9896264,-2.9198508,0.523,-0.05741293
8.196311,5.978143,-2.9248526,0.523,-0.06313826
8.145336,5.9669185,-2.9303524,0.523,-0.068863586
8.09432,5.9559784,-2.9363503,0.523,-0.031143706
8.043143,5.945325,-2.9390647,0.523,0.0065761744
7.991913,5.934805,-2.9384913,0.523,0.044296056
7.940738,5.9242663,-2.9346316,0.523,0.039005548
7.889593,5.9135275,-2.9312325,0.523,0.03371504
7.838475,5.9026127,-2.9282942,0.523,0.028424531
7.787381,5.8915462,-2.9258168,0.523,0.062687166
7.736394,5.88037,-2.9203563,0.523,0.0969498
7.6856084,5.8689475,-2.9119186,0.523,0.13121243
7.6351194,5.8571434,-2.9005141,0.523,0.124935195
7.584728,5.844754,-2.8896523,0.523,0.118657954
7.5344353,5.831808,-2.8793335,0.523,0.11238071
7.484242,5.818334,-2.869558,0.523,0.14661598
7.434406,5.8044324,-2.856824,0.523,0.18085124
7.3850307,5.7899795,-2.8411455,0.523,0.2150865
7.3362246,5.774858,-2.8225412,0.523,0.21478164
7.287705,5.75883,-2.8039632,0.523,0.2144768
7.2394886,5.7419024,-2.785411,0.523,0.21417195
7.191591,5.7240825,-2.7668846,0.523,0.2388232
7.1443014,5.705484,-2.7462647,0.523,0.26347446
7.0977006,5.6860375,-2.7235632,0.523,0.28812572
7.0518746,5.665681,-2.6987944,0.523,0.28899002
7.006578,5.6442013,-2.673953,0.523,0.28985432
6.9618406,5.6216087,-2.6490397,0.523,0.29071862
6.9176917,5.597915,-2.6240542,0.523,0.30530736
6.8743424,5.573237,-2.5978532,0.523,0.31989607
6.831856,5.5475526,-2.570442,0.523,0.33448482
6.7902956,5.520846,-2.5418267,0.523,0.33850685
6.7495737,5.4930005,-2.5128806,0.523,0.3425289
6.709731,5.46403,-2.483604,0.523,0.34655094
6.67081,5.433948,-2.4539971,0.523,0.35171577
6.6328683,5.4027863,-2.4239676,0.523,0.3568806
6.5959496,5.370561,-2.3935156,0.523,0.36204544
6.560099,5.3372912,-2.3626423,0.523,0.3644806
6.525325,5.3029623,-2.3315704,0.523,0.3669158
6.491665,5.267603,-2.3003004,0.523,0.36935097
6.459158,5.231242,-2.2688322,0.523,0.36855304
6.427801,5.1938653,-2.2374291,0.523,0.3677551
6.397624,5.155511,-2.206091,0.523,0.36695716
6.3686547,5.116217,-2.1748176,0.523,0.3593656
6.340848,5.075921,-2.1441627,0.523,0.35177404
6.3142147,5.0346756,-2.114128,0.523,0.3441825
6.2887616,4.9925327,-2.0847158,0.523,0.33572736
6.264487,4.949531,-2.055998,0.523,0.32727227
6.2413893,4.905723,-2.0279775,0.523,0.31881714
6.2194667,4.8611593,-2.0006557,0.523,0.31650794
6.1987534,4.815979,-1.973525,0.523,0.31419873
6.179259,4.770219,-1.9465858,0.523,0.31188953
6.1609907,4.7239156,-1.9198381,0.523,0.30944392
6.143954,4.6771035,-1.8932933,0.523,0.3069983
6.128153,4.629819,-1.8669516,0.523,0.3045527
6.1135917,4.5820975,-1.8408133,0.523,0.30013546
6.1002645,4.533946,-1.8150425,0.523,0.2957182
6.088166,4.485401,-1.7896397,0.523,0.29130095
6.07729,4.436499,-1.7646055,0.523,0.29221624
6.067644,4.387354,-1.739495,0.523,0.2931315
6.0592375,4.3379955,-1.714308,0.523,0.2940468
6.0520787,4.288455,-1.6890447,0.523,0.29231495
6.0461707,4.2387233,-1.663926,0.523,0.29058313
6.0415106,4.188833,-1.6389518,0.523,0.2888513
6.0380964,4.1388164,-1.6141223,0.523,0.28520483
6.035923,4.088676,-1.5895976,0.523,0.2815584
6.0349784,4.038444,-1.5653781,0.523,0.27791193
6.0352507,3.9881518,-1.541464,0.523,0.27018535
6.036729,3.9377708,-1.5181984,0.523,0.26245874
6.0393844,3.8873317,-1.4955825,0.523,0.25473216
6.0431876,3.8368623,-1.4736177,0.523,0.24658011
6.0481086,3.7863836,-1.4523412,0.523,0.23842806
6.0541143,3.7359192,-1.4317546,0.523,0.23027599
6.0611715,3.6854913,-1.4118592,0.523,0.22320761
6.069244,3.6351316,-1.392564,0.523,0.21613923
6.0783005,3.5848577,-1.3738703,0.523,0.20907085
6.0883102,3.5346854,-1.3557787,0.523,0.2002999
6.099246,3.4846113,-1.3384358,0.523,0.19152896
6.111069,3.4346473,-1.3218427,0.523,0.18275802
6.1237407,3.3848038,-1.3060008,0.523,0.17460309
6.1372204,3.3350942,-1.2908584,0.523,0.16644818
6.1514707,3.2855248,-1.2764165,0.523,0.15829325
6.1664557,3.2361004,-1.2626762,0.523,0.15187383
6.182134,3.186837,-1.2494887,0.523,0.14545442
6.1984763,3.1377375,-1.2368547,0.523,0.139035
6.215453,3.0888035,-1.2247745,0.523,0.13788545
6.233023,3.0400703,-1.2127935,0.523,0.13673589
6.2511783,2.9915435,-1.2009118,0.523,0.13558632
6.2699113,2.9432282,-1.1891294,0.523,0.12850572
6.289231,2.8950915,-1.1779587,0.523,0.12142511
6.3091044,2.8471313,-1.1674005,0.523,0.1143445
6.3295007,2.7993433,-1.1574552,0.523,0.106621236
6.3503885,2.7517197,-1.1481789,0.523,0.09889797
6.3717346,2.7042544,-1.1395724,0.523,0.09117471
6.393504,2.6569395,-1.131636,0.523,0.080016956
6.41567,2.6097536,-1.1246686,0.523,0.068859205
6.438183,2.5626843,-1.1186712,0.523,0.05770145
6.4609933,2.5157177,-1.1136442,0.523,0.049813837
6.48405,2.4688466,-1.109304,0.523,0.041926224
6.5073175,2.4220588,-1.1056504,0.523,0.03403861
6.530763,2.3753424,-1.102684,0.523,0.02049004
6.554356,2.3286786,-1.1008981,0.523,0.0069414675
6.578037,2.2820482,-1.100293,0.523,-0.006607103
6.601746,2.2354321,-1.1008689,0.523,-0.013963121
6.6254263,2.188806,-1.1020861,0.523,-0.02131914
6.6490464,2.142157,-1.1039442,0.523,-0.028675158
6.672576,2.0954728,-1.1064434,0.523,-0.021841627
6.6959925,2.048722,-1.108347,0.523,-0.0150080975
6.719323,2.0019207,-1.1096553,0.523,-0.008174568
6.7425942,1.9550853,-1.1103678,0.5027294,-0.005071646
6.764932,1.9100482,-1.1107928,0.48245877,-0.0019687235
6.7863507,1.8668176,-1.1109511,0.46218818,0.0011341989
6.806863,1.8254,-1.1108637,0.44241926,-0.042389818
6.8264837,1.7857912,-1.1139884,0.42265037,-0.08591383
6.8450575,1.7479997,-1.1200329,0.40288147,-0.12943785
6.8624625,1.7120391,-1.1287,0.40029627,-0.18684015
6.8792906,1.6764877,-1.1410928,0.39771107,-0.24424246
6.895367,1.6414053,-1.157122,0.39512587,-0.3
6.910541,1.6068414,-1.1765833,0.38336852,-0.22966734
6.924879,1.5723746,-1.1911291,0.3716112,-0.15933466
6.938477,1.5382969,-1.2009559,0.35985386,-0.08900199
6.9514327,1.5048776,-1.2062868,0.3537795,-0.0886005
6.9639955,1.4719536,-1.2115041,0.34770516,-0.08819902
6.9761734,1.4395299,-1.2166086,0.3416308,-0.08779754
