7.4826074,-4.663757,0.7666515,0.11622125,0.0
7.4909782,-4.6556945,0.7666515,0.14505059,-0.023829753
7.5014224,-4.6456347,0.7660755,0.17387992,-0.047659505
7.5139384,-4.633593,0.7646948,0.20270926,-0.07148926
7.5285287,-4.619595,0.76228166,0.23099612,-0.07029129
7.545194,-4.6036825,0.7595777,0.25928298,-0.06909332
7.5639505,-4.5858703,0.7565943,0.28756985,-0.067895345
7.584814,-4.5661755,0.7533427,0.3148923,-0.076240525
7.6077156,-4.544697,0.7493453,0.34221473,-0.08458571
7.632681,-4.52147,0.7445266,0.36953717,-0.09293089
7.6597395,-4.496537,0.7388113,0.39577204,-0.08410537
7.6888947,-4.46998,0.73327005,0.42200693,-0.075279854
7.7201605,-4.441815,0.7279803,0.44824183,-0.066454336
7.7535486,-4.4120564,0.72301936,0.4730551,-0.047136866
7.7889795,-4.380791,0.7193043,0.49786836,-0.027819395
7.826418,-4.3480015,0.71699625,0.52268165,-0.008501923
7.865815,-4.313656,0.7162556,0.523,0.048731457
7.9052167,-4.2793584,0.72050166,0.523,0.10596484
7.9442983,-4.2450466,0.729721,0.523,0.16319822
7.982763,-4.2106433,0.7438834,0.523,0.20859052
8.020413,-4.175996,0.761934,0.523,0.2539828
8.057038,-4.1410503,0.78383553,0.523,0.29937512
8.09243,-4.1057687,0.809543,0.523,0.3086759
8.126803,-4.0696945,0.83602405,0.523,0.31797665
8.160109,-4.0328345,0.8632763,0.523,0.32727742
8.192297,-3.9951973,0.8912974,0.523,0.33418387
8.223344,-3.9567645,0.91988796,0.523,0.34109035
8.253207,-3.9175549,0.9490465,0.523,0.3479968
8.281844,-3.8775907,0.9787716,0.523,0.34882715
8.309272,-3.836805,1.0085648,0.523,0.3496575
8.3354645,-3.7952335,1.038426,0.523,0.35048786
8.360397,-3.7529109,1.0683553,0.523,0.3589341
8.383978,-3.7099957,1.0989748,0.523,0.36738035
8.406162,-3.6665184,1.1302826,0.523,0.3758266
8.426908,-3.6225133,1.1622765,0.523,0.37950835
8.446205,-3.5779321,1.1945685,0.523,0.38319013
8.464027,-3.5328178,1.2271585,0.523,0.38687187
8.480346,-3.4872148,1.2600459,0.523,0.39062056
8.495133,-3.4411707,1.2932357,0.523,0.3943692
8.508364,-3.3947334,1.3267274,0.523,0.3981179
8.520014,-3.3479524,1.3605206,0.523,0.40109134
8.530064,-3.3008637,1.3945525,0.523,0.40406477
8.538495,-3.2535203,1.4288228,0.523,0.40703824
8.545291,-3.2059767,1.4633313,0.523,0.41458303
8.550426,-3.1583834,1.4984428,0.523,0.42212778
8.553874,-3.110799,1.5341551,0.523,0.42967257
8.555616,-3.063285,1.5704665,0.523,0.43005574
8.555632,-3.0157473,1.6068081,0.523,0.4304389
8.553921,-2.9682488,1.6431801,0.523,0.43082207
8.550484,-2.9208522,1.6795825,0.523,0.44293544
8.545354,-2.8738787,1.7169416,0.523,0.45504883
8.538512,-2.8274016,1.7552519,0.523,0.4671622
8.529947,-2.7814977,1.7945077,0.523,0.46440768
8.519574,-2.735902,1.8335491,0.523,0.46165314
8.507411,-2.690684,1.8723756,0.523,0.45889863
8.4934845,-2.6459112,1.910987,0.523,0.46698272
8.477901,-2.6018872,1.950229,0.523,0.47506684
8.460675,-2.5586867,1.9900988,0.523,0.48315093
8.44182,-2.5163853,2.030594,0.523,0.48176298
8.421252,-2.4748516,2.070982,0.523,0.48037502
8.399009,-2.4341528,2.1112628,0.523,0.47898704
8.375127,-2.394354,2.151436,0.523,0.47638968
8.349632,-2.3554943,2.1914086,0.523,0.47379234
8.322568,-2.3176339,2.2311795,0.523,0.47119498
8.2939825,-2.2808306,2.2707489,0.5204057,0.46696767
8.264048,-2.2452877,2.3097951,0.5178114,0.46274036
8.232839,-2.2110393,2.3483205,0.51521707,0.45851305
8.200428,-2.1781147,2.3863275,0.50606406,0.4536263
8.167309,-2.1469333,2.4232895,0.496911,0.4487396
8.133599,-2.1174688,2.4592187,0.48775792,0.44385284
8.099414,-2.0896895,2.4941278,0.48279342,0.4362083
8.064511,-2.0632958,2.5281248,0.47782892,0.4285638
8.028975,-2.0382748,2.5612197,0.4728644,0.42091927
7.9928823,-2.014609,2.5934217,0.47006306,0.4076465
7.956051,-1.9921201,2.624481,0.46726176,0.39437374
7.918552,-1.9707932,2.6544037,0.46446043,0.38110098
7.8804545,-1.9506098,2.6831958,0.46232474,0.36699212
7.841756,-1.9315138,2.7108436,0.46018904,0.35288328
7.802517,-1.9134825,2.737351,0.45805338,0.3387744
7.7627974,-1.8964903,2.7627218,0.45414364,0.327663
7.7228484,-1.8805865,2.7870815,0.45023394,0.3165516
7.6827226,-1.865734,2.8104403,0.44632423,0.3054402
7.6424685,-1.8518941,2.8328097,0.4351982,0.28544647
7.602685,-1.8392037,2.8532338,0.42407212,0.26545274
7.5634527,-1.8275664,2.871776,0.41294608,0.24545902
7.524845,-1.816889,2.8885007,0.39655167,0.21278511
7.487319,-1.8071834,2.9024582,0.38015726,0.1801112
7.4509826,-1.7983246,2.9138083,0.36376286,0.14743729
7.4159303,-1.7901992,2.9227147,0.3475325,0.13180427
7.3823004,-1.7827185,2.930327,0.33130214,0.11617125
7.3501253,-1.775818,2.936727,0.31507176,0.100538224
7.3194327,-1.7694407,2.9419978,0.29790765,0.115108386
7.2904267,-1.763573,2.9477003,0.28074354,0.12967855
7.2631097,-1.7582091,2.953751,0.26357943,0.14424872
7.2374845,-1.7533382,2.960066,0.24589002,0.13432059
7.213517,-1.7489392,2.9655542,0.22820061,0.124392465
7.191223,-1.7449735,2.970273,0.2105112,0.11446434
7.170616,-1.7414081,2.9742804,0.1958685,0.13140588
7.151469,-1.7381744,2.9785576,0.18122584,0.14834741
7.1337833,-1.7352651,2.983022,0.16658315,0.16528895
7.1175585,-1.7326705,2.98759,0.16469711,0.16373599
7.101501,-1.730178,2.9920645,0.16281107,0.16218302
7.0856133,-1.7277844,2.9964461,0.16092505,0.16063006
7.069895,-1.7254868,3.000736,0.15059134,0.15508926
7.055164,-1.723398,3.004613,0.14025764,0.14954844
7.0414243,-1.7215041,3.0080957,0.12992394,0.14400764
7.028681,-1.7197927,3.0112033,0.12646176,0.13678159
7.016259,-1.7181638,3.0140772,0.122999586,0.12955554
7.0041614,-1.7166127,3.0167258,0.11953741,0.12232949
6.992389,-1.7151351,3.0191567,0.111364216,0.12545465
6.981423,-1.7137856,3.0214791,0.10319101,0.1285798
6.971263,-1.7125595,3.0236845,0.09501781,0.13170496
6.961909,-1.7114514,3.0257642,0.089512736,0.1315515
6.9530945,-1.7104259,3.0277212,0.08400766,0.13139807
6.94482,-1.7094795,3.0295556,0.07850258,0.13124461
6.937086,-1.7086093,3.031268,0.07210403,0.13421725
6.929984,-1.7078227,3.032876,0.06570547,0.13718987
6.9235134,-1.7071164,3.0343735,0.05930692,0.1401625
6.9176745,-1.706488,3.0357544,0.05477534,0.13766791
6.912279,-1.7059147,3.0370073,0.050243758,0.13517332
6.907328,-1.7053951,3.0381358,0.045712177,0.13267875
6.902821,-1.7049271,3.0391436,0.042281184,0.12907463
6.89865,-1.7044983,3.0400507,0.038850192,0.12547053
6.8948154,-1.7041076,3.040861,0.0354192,0.121866435
6.891318,-1.7037541,3.0415785,0.033040497,0.11801942
6.888053,-1.7034265,3.042227,0.030661795,0.11417239
6.885022,-1.7031243,3.0428092,0.028283091,0.11032537
6.8822246,-1.702847,3.0433283,0.025591623,0.110038064
6.879693,-1.7025975,3.0437965,0.022900153,0.10975076
6.8774276,-1.7023752,3.0442147,0.020208683,0.10946345
