-8.170397,6.9210773,-0.7070716,0.6816228,0.0
-8.118575,6.876798,-0.7070716,0.523,0.09999106
-8.079012,6.8429933,-0.6983702,0.49329847,0.19998212
-8.041984,6.811908,-0.6820378,0.46359697,0.2999732
-8.007602,6.783989,-0.65920603,0.43524575,0.39995193
-7.9759116,6.759434,-0.63096046,0.40689453,0.49993068
-7.9470778,6.7383685,-0.59845203,0.3785433,0.5999094
-7.921263,6.7207665,-0.56283313,0.36593565,0.6998733
-7.8975897,6.7058306,-0.52354866,0.35332802,0.79983723
-7.876267,6.6935215,-0.48131168,0.3407204,0.89980114
-7.8574886,6.683714,-0.43683612,0.36295846,0.99953485
-7.839707,6.675411,-0.38594815,0.38519657,1.0
-7.8204255,6.667577,-0.3319262,0.40743464,1.0
-7.799613,6.6604033,-0.27478546,0.40793666,1.0
-7.778399,6.6544228,-0.21757431,0.40843865,1.0
-7.756851,6.649659,-0.16029277,0.40894067,1.0
-7.7350397,6.6461325,-0.10294082,0.40350044,1.0
-7.7133536,6.6438923,-0.046351835,0.3980602,1.0
-7.6918693,6.6428957,0.009474184,0.39261997,1.0
-7.670657,6.6430964,0.064537235,0.3909404,1.0
-7.6495786,6.644459,0.11936474,0.38926083,1.0
-7.6286964,6.6469636,0.17395669,0.38758123,1.0
-7.6080713,6.650588,0.22831307,0.38728192,1.0
-7.5876894,6.655324,0.2826275,0.3869826,1.0
-7.5676103,6.6611547,0.33689994,0.3866833,1.0
-7.547892,6.6680613,0.3911304,0.39108217,1.0
-7.5283575,6.676117,0.44597778,0.39548105,1.0
-7.5090795,6.6853337,0.5014421,0.39987996,1.0
-7.490134,6.6957192,0.5575233,0.4047159,1.0
-7.471578,6.7072887,0.6142827,0.4095518,1.0
-7.4534955,6.7200427,0.67172045,0.41438773,1.0
-7.43597,6.7339764,0.7298363,0.43295226,1.0
-7.418536,6.749573,0.7905558,0.45151678,1.0
-7.401375,6.7669125,0.8538788,0.4700813,1.0
-7.3846865,6.786059,0.9198054,0.48769715,1.0
-7.3687186,6.80702,0.9882026,0.50531304,1.0
-7.3536973,6.8298182,1.0590703,0.5229289,1.0
-7.339862,6.854453,1.1324085,0.523,1.0
-7.327867,6.8800387,1.2057568,0.523,1.0
-7.317779,6.9064345,1.279105,0.523,1.0
-7.3096533,6.933499,1.3524532,0.523,0.9311054
-7.3028903,6.963978,1.4223853,0.523,0.86221075
-7.2978578,6.9976387,1.4885695,0.523,0.79331607
-7.2948446,7.0342026,1.5506917,0.523,0.7249318
-7.2940574,7.0733433,1.6084906,0.523,0.6565475
-7.2956185,7.114741,1.6616958,0.523,0.58816314
-7.299568,7.158073,1.7100589,0.523,0.49670613
-7.305951,7.2036076,1.7515966,0.523,0.40524912
-7.314594,7.2508883,1.7859619,0.523,0.31379208
