3.3404686,-4.7967734,-1.0885631,0.70839566,0.0
3.373321,-4.8595347,-1.0885631,0.523,0.0996783
3.3974552,-4.9056406,-1.0798888,0.4957937,0.1993566
3.4203653,-4.9484987,-1.0635244,0.46858737,0.2990349
3.442119,-4.987639,-1.0405169,0.4515603,0.3975125
3.463177,-5.023556,-1.0113817,0.43453318,0.49599007
3.4834583,-5.055948,-0.9769159,0.41750607,0.59446764
3.502813,-5.084614,-0.93794394,0.41417468,0.6845457
3.5217905,-5.110486,-0.89429533,0.41084328,0.7746238
3.5401733,-5.133382,-0.8464015,0.40751186,0.86470187
3.557696,-5.1531844,-0.7947221,0.41108996,0.9100913
3.5753675,-5.171189,-0.7406254,0.41466805,0.95548064
3.5930328,-5.187339,-0.6841897,0.41824615,1.0
3.6105447,-5.201622,-0.6255327,0.42449155,1.0
3.6291373,-5.215051,-0.5659998,0.43073696,1.0
3.6487808,-5.2275314,-0.50559103,0.43698236,1.0
3.6694372,-5.2389665,-0.44430634,0.44348627,0.9826994
3.691652,-5.249542,-0.38280973,0.44999018,0.96539885
3.715407,-5.2591076,-0.32114038,0.4564941,0.94809824
3.74067,-5.2675114,-0.25933808,0.4631315,0.9274543
3.7675228,-5.274636,-0.19757986,0.46976885,0.9068103
3.7959096,-5.2803187,-0.1359194,0.47640625,0.8861663
3.8257592,-5.284401,-0.07441115,0.4796673,0.865849
3.8567553,-5.2867117,-0.013521721,0.48292837,0.84553176
3.8887866,-5.2871447,0.046709422,0.4861894,0.8252145
3.9217336,-5.2856045,0.106242776,0.4860723,0.8070599
3.955162,-5.2820396,0.16475429,0.48595518,0.7889052
3.9889398,-5.276424,0.22222514,0.48583806,0.7707506
4.0229363,-5.268742,0.27863693,0.48387024,0.750704
4.0569525,-5.259011,0.33364925,0.4819024,0.7306574
4.0908623,-5.247257,0.3872496,0.47993457,0.71061087
4.124546,-5.2335196,0.4394262,0.47743922,0.69157326
4.157827,-5.217875,0.49017403,0.47494388,0.67253566
4.190604,-5.2003846,0.53948677,0.47244853,0.65349805
4.2227874,-5.1811156,0.587359,0.4699954,0.63829255
4.2542076,-5.160198,0.6340315,0.4675423,0.62308705
4.284796,-5.137706,0.6795035,0.46508917,0.60788155
4.314494,-5.1137147,0.72377455,0.46362543,0.59441775
4.343275,-5.088279,0.7670483,0.46216166,0.5809539
4.37109,-5.0614667,0.8093223,0.46069792,0.56749004
4.3978953,-5.033347,0.8505945,0.46002832,0.55334
4.423708,-5.003928,0.89088774,0.4593587,0.53919
4.4484916,-4.973275,0.9301967,0.45868906,0.5250399
4.4722137,-4.9414535,0.9685162,0.45833945,0.5100763
4.4948745,-4.908492,1.005813,0.45798984,0.49511257
4.5164504,-4.8744555,1.0420805,0.4576402,0.48014888
4.536925,-4.8394084,1.0773121,0.45733425,0.46473575
4.556291,-4.8034034,1.1114739,0.4570283,0.4493226
4.5745416,-4.766504,1.1445594,0.45672232,0.43390948
4.591675,-4.7287717,1.176562,0.45610198,0.421984
4.607657,-4.6903543,1.2076964,0.45548165,0.4100585
4.6224933,-4.6513057,1.2379603,0.4548613,0.398133
4.6361923,-4.611678,1.2673517,0.45447016,0.38655493
4.6487703,-4.5715075,1.2959076,0.454079,0.3749768
4.6602397,-4.5308414,1.3236254,0.45368785,0.36339873
4.6706147,-4.489724,1.350503,0.4535935,0.35223204
4.679918,-4.4481783,1.376584,0.45349914,0.34106538
4.688166,-4.4062443,1.401866,0.45340478,0.32989872
4.695378,-4.3639593,1.4263458,0.4534551,0.3178012
4.7015786,-4.321333,1.4499617,0.45350537,0.3057037
4.7067914,-4.2784004,1.4727099,0.45355567,0.29360622
4.7110434,-4.2351947,1.4945868,0.45395145,0.28200895
4.7143626,-4.191719,1.5156416,0.45434725,0.27041167
4.7167764,-4.148002,1.5358697,0.45474303,0.2588144
4.7183113,-4.104069,1.5552671,0.45515078,0.24742672
4.718997,-4.0599456,1.5738456,0.45555854,0.23603904
4.7188616,-4.015653,1.5916013,0.4559663,0.22465135
4.717937,-3.971212,1.6085303,0.45634502,0.21495664
4.716255,-3.9266593,1.6247537,0.45672375,0.20526195
4.713844,-3.882011,1.6402689,0.45710245,0.19556724
4.710731,-3.83728,1.6550732,0.45757502,0.1862991
4.706946,-3.792474,1.6691988,0.45804757,0.17703097
4.702516,-3.7476032,1.6826429,0.4585201,0.16776283
4.69747,-3.7026775,1.6954033,0.4590848,0.15924157
4.691837,-3.6577013,1.7075362,0.45964947,0.15072033
4.6856422,-3.6126816,1.719039,0.46021417,0.14219907
4.6789136,-3.5676243,1.7299092,0.4605559,0.13480175
4.6716824,-3.522563,1.7402252,0.46089765,0.12740442
4.663974,-3.4775014,1.7499855,0.4612394,0.1200071
4.6558123,-3.4324424,1.7591887,0.4614854,0.11323847
4.647225,-3.3874006,1.7678797,0.46173134,0.10646983
4.638235,-3.342378,1.7760577,0.46197733,0.0997012
4.6288657,-3.2973745,1.7837216,0.4622211,0.093510896
4.6191406,-3.2523935,1.7909149,0.46246484,0.08732059
4.6090813,-3.207435,1.7976367,0.46270862,0.08113028
4.598709,-3.1624978,1.8038865,0.46299398,0.07407854
4.588044,-3.117574,1.8095976,0.46327937,0.06702679
4.5771103,-3.0726616,1.8147691,0.46356472,0.05997504
4.5659328,-3.0277588,1.8194001,0.46382,0.05359761
4.554537,-2.9828675,1.8235413,0.46407527,0.04722018
4.542945,-2.9379845,1.8271923,0.46433055,0.040842753
4.5311794,-2.8931067,1.8303522,0.46460727,0.03548693
4.519263,-2.8482304,1.8330995,0.464884,0.030131107
4.5072136,-2.8033526,1.8354337,0.46516073,0.024775285
4.4950504,-2.7584696,1.8373543,0.46553326,0.020360392
4.4827905,-2.7135696,1.8389338,0.46590576,0.0159455
4.4704485,-2.6686497,1.840172,0.46627828,0.011530608
4.45804,-2.6237063,1.841068,0.46686125,0.007828182
4.4455757,-2.5787165,1.8416772,0.46744424,0.004125756
4.433068,-2.5336769,1.8419986,0.4680272,0.00042333006
4.42053,-2.4885848,1.8420316,0.46897256,-0.003565979
4.407965,-2.4434023,1.8417529,0.4699179,-0.0075552883
4.395388,-2.3981264,1.8411611,0.47086325,-0.011544597
4.382813,-2.3527536,1.8402553,0.47215518,-0.0148358345
4.370245,-2.3072467,1.8390877,0.47344714,-0.018127073
4.357697,-2.2616034,1.8376575,0.47473907,-0.021418309
4.3451805,-2.2158203,1.8359629,0.47661784,-0.021873284
4.3326926,-2.1698353,1.8342255,0.47849658,-0.022328258
4.320236,-2.123648,1.832445,0.48037532,-0.022783231
4.307813,-2.0772574,1.8306211,0.48247242,-0.021942591
4.295421,-2.0306408,1.8288568,0.48456955,-0.021101952
4.283057,-1.9837989,1.8271527,0.48666668,-0.020261312
4.27072,-1.9367323,1.8255094,0.48828572,-0.015673697
4.2584186,-1.8894849,1.8242339,0.48990476,-0.011086082
4.2461357,-1.8420624,1.8233287,0.4915238,-0.006498468
4.233855,-1.79447,1.8227963,0.4933971,-0.006778908
4.221553,-1.7466897,1.8222389,0.49527034,-0.007059348
4.2092304,-1.6987212,1.8216562,0.4971436,-0.0073397877
4.19689,-1.6505642,1.821048,0.49844643,-0.00034923555
4.184546,-1.6022723,1.821019,0.4997493,0.006641316
4.1721716,-1.5538547,1.8215722,0.50105214,0.013631868
4.159739,-1.5053214,1.8227105,0.5030611,0.010729581
4.1472,-1.4566058,1.8236102,0.5050701,0.007827294
4.1345673,-1.4077058,1.824269,0.50707906,0.0049250065
4.121852,-1.3586187,1.8246852,0.50818706,0.012744015
4.1090884,-1.3094331,1.8257647,0.5092951,0.020563025
4.0962462,-1.2601606,1.8275099,0.51040316,0.028382033
4.083292,-1.2108127,1.829924,0.5125988,0.021183182
4.0701604,-1.1612753,1.8317336,0.51479447,0.013984328
4.0568805,-1.1115434,1.8329334,0.5169902,0.006785476
4.0434833,-1.0616117,1.833518,0.51780605,0.018142605
4.0300374,-1.011616,1.8350837,0.5186219,0.029499734
4.016496,-0.96157634,1.8376333,0.5194378,0.04085686
4.002811,-0.9115127,1.8411694,0.5222488,0.023968333
3.988866,-0.8611995,1.8432554,0.523,0.007079804
3.9747925,-0.81083,1.8438724,0.523,-0.009808725
3.960688,-0.76047033,1.8430175,0.523,0.010748285
3.946627,-0.71009916,1.8439543,0.523,0.031305294
3.9325247,-0.6597629,1.8466827,0.523,0.051862307
3.9182973,-0.60950834,1.8512013,0.523,0.015996045
3.9038253,-0.55925745,1.8525956,0.523,-0.019870216
3.8892844,-0.5090302,1.8508637,0.523,-0.055736475
3.87485,-0.45884606,1.8460078,0.523,-0.01981383
3.8606403,-0.40852413,1.8442808,0.523,0.016108816
3.8465166,-0.35817435,1.845685,0.523,0.052031465
3.8323395,-0.30790606,1.8502183,0.523,-0.0006842911
3.8179152,-0.25763452,1.8501587,0.523,-0.053400047
3.8035142,-0.20743378,1.8455062,0.523,-0.1061158
3.7894068,-0.15737797,1.8362738,0.5225714,-0.051847152
3.7757146,-0.107019305,1.8317602,0.5221428,0.0024214922
3.7622428,-0.056573052,1.8319709,0.5217142,0.056690138
3.748793,-0.00625187,1.8368976,0.523,-0.004067606
3.7350395,0.044206936,1.836543,0.523,-0.06482535
3.7213328,0.094565034,1.8308964,0.523,-0.1255831
3.7079885,0.14470786,1.8199785,0.5197325,-0.07396787
3.6952062,0.19493817,1.813577,0.51646495,-0.022352641
3.6827934,0.24505751,1.8116531,0.5131974,0.029262584
3.670557,0.29487452,1.8141557,0.5217295,-0.023338247
3.6579888,0.34549636,1.8121265,0.523,-0.075939074
3.6455252,0.39613438,1.8055135,0.523,-0.1285399
3.6334624,0.4465807,1.79434,0.52240074,-0.08180509
3.62192,0.49735057,1.7872254,0.5218015,-0.035070263
3.6107218,0.548282,1.7841761,0.5212022,0.011664557
3.5996852,0.59921676,1.7851893,0.523,-0.04127934
3.5885677,0.6502759,1.7815921,0.523,-0.09422324
3.5776732,0.7011913,1.7733911,0.523,-0.14716713
3.5672634,0.7518679,1.7606094,0.52189046,-0.10537885
3.5574713,0.8028353,1.7514603,0.520781,-0.06359057
3.5481327,0.85396224,1.7459445,0.51967144,-0.021802295
3.5390794,0.90512216,1.7440563,0.523,-0.06993249
3.530085,0.9565132,1.7379656,0.523,-0.11806269
3.5214434,1.0077251,1.7276983,0.523,-0.16619289
3.5133836,1.058671,1.7132784,0.523,-0.12762906
3.5060174,1.1100199,1.7021836,0.523,-0.08906524
3.499193,1.1616637,1.6944304,0.523,-0.050501414
3.4927514,1.2134982,1.6900301,0.523,-0.096232206
3.4865592,1.2651867,1.6816548,0.523,-0.141963
3.4808314,1.3166428,1.6693219,0.523,-0.18769379
3.4757771,1.367775,1.6530572,0.52268386,-0.16383588
3.4715397,1.4191691,1.6388485,0.5223677,-0.13997796
3.4680223,1.4707752,1.6267016,0.52205163,-0.11612005
3.465125,1.5225477,1.6166209,0.523,-0.14886868
3.4627557,1.574215,1.6036924,0.523,-0.1816173
3.4610639,1.625627,1.5879483,0.523,-0.21436593
3.4601874,1.6767224,1.5694056,0.5228239,-0.21693586
3.4602585,1.7277794,1.5506502,0.5226479,-0.21950579
3.461286,1.7787797,1.5316827,0.52247185,-0.2220757
3.463279,1.8297049,1.5125033,0.5228413,-0.23474026
3.4662414,1.8804687,1.4922352,0.523,-0.24740481
3.470221,1.9310198,1.4708891,0.523,-0.26006937
3.4752622,1.981309,1.4484744,0.5222203,-0.26890278
3.481405,2.0312781,1.425351,0.52144057,-0.2777362
3.4886727,2.0808945,1.401523,0.5206609,-0.2865696
3.4970865,2.1301236,1.3769944,0.5202575,-0.28767505
3.5066946,2.1790774,1.3523928,0.51985407,-0.28878048
3.5174918,2.2277265,1.3277185,0.51945066,-0.28988594
3.5294728,2.2760408,1.3029716,0.5202356,-0.29165563
3.5426586,2.324091,1.2780404,0.52102053,-0.29342532
3.5570521,2.371844,1.2529243,0.5218055,-0.29519498
3.5726557,2.4192665,1.2276231,0.5228064,-0.2968578
3.5894773,2.4663453,1.2021348,0.523,-0.2985206
3.607491,2.5129735,1.1764985,0.523,-0.3
3.6266851,2.5591037,1.1507391,0.523,-0.3
3.6470613,2.6047244,1.1249796,0.523,-0.3
3.6686056,2.6498048,1.09922,0.523,-0.3
3.6913037,2.6943154,1.0734606,0.523,-0.29894984
3.7151487,2.738241,1.0477885,0.523,-0.2978997
3.7401214,2.781554,1.0222039,0.523,-0.29684955
3.7662022,2.8242276,0.9967069,0.523,-0.29355514
3.7933898,2.8662646,0.9714846,0.523,-0.29026076
3.8216567,2.9076436,0.9465373,0.523,-0.28696635
3.8509758,2.9483442,0.92186534,0.523,-0.28361255
3.88132,2.9883487,0.8974739,0.523,-0.28025877
3.912661,3.0276392,0.8733632,0.523,-0.27690497
3.9449713,3.0661995,0.84953356,0.523,-0.27348825
3.978223,3.1040158,0.82599056,0.523,-0.27007157
4.0123887,3.141074,0.8027345,0.523,-0.26665485
4.0474396,3.1773617,0.77976555,0.523,-0.26571625
4.0833235,3.212844,0.7568755,0.523,-0.26477763
4.12002,3.2475045,0.73406446,0.523,-0.26383904
4.157507,3.2813275,0.7113324,0.52298856,-0.26136163
4.1957774,3.3143108,0.68880934,0.5229771,-0.25888422
4.234806,3.3464446,0.6664955,0.52296567,-0.2564068
4.274567,3.3777192,0.6443909,0.523,-0.25089407
4.31507,3.4081528,0.62275004,0.523,-0.24538136
4.3562794,3.437744,0.60157496,0.523,-0.23986863
4.3981633,3.4664953,0.58086634,0.523,-0.21887763
4.4408426,3.4945102,0.5619395,0.523,-0.19788662
4.4842362,3.5218332,0.5448027,0.523,-0.17689562
4.528267,3.5485146,0.5294636,0.523,-0.15213771
4.5728846,3.5746248,0.51625335,0.523,-0.1273798
4.618,3.6002321,0.50518006,0.523,-0.10262189
4.663526,3.6254103,0.49625057,0.523,-0.087484285
4.7093415,3.6502168,0.4886346,0.523,-0.07234669
4.7554,3.6747034,0.48233387,0.523,-0.057209086
4.8016577,3.6989229,0.47734985,0.523,-0.049134195
4.8480554,3.7229218,0.4730687,0.523,-0.041059304
4.8945723,3.7467308,0.4694907,0.523,-0.032984413
4.941188,3.77038,0.4666161,0.523,-0.025030017
4.987882,3.7939007,0.46443453,0.523,-0.017075622
5.0346355,3.8173234,0.46294618,0.523,-0.009121227
5.0814285,3.840679,0.46215114,0.523,-0.0032494306
5.128242,3.863998,0.4618679,0.523,0.002622366
5.1750617,3.887304,0.46209648,0.523,0.008494163
5.2218747,3.9106197,0.46283686,0.523,0.015176451
5.2686667,3.9339685,0.4641597,0.523,0.02185874
5.3154225,3.957376,0.4660649,0.523,0.028541028
5.362125,3.9808688,0.46855238,0.5210202,0.037448574
5.4085793,4.004381,0.47180355,0.5190404,0.04635612
5.454763,4.027946,0.47581223,0.5170606,0.05526366
5.5006557,4.0515943,0.48057225,0.5155996,0.05761386
5.5462995,4.0753903,0.48552045,0.5141387,0.05996406
5.5916896,4.0993404,0.4906557,0.5126777,0.06231426
5.6368213,4.123451,0.49597675,0.510613,0.06551001
5.6816335,4.1476984,0.5015478,0.50854826,0.06870576
5.72612,4.172091,0.5073666,0.50648355,0.071901515
5.7702737,4.196636,0.51343083,0.5041514,0.073019706
5.8140717,4.2213326,0.51956093,0.50181925,0.074137904
5.8575115,4.2461796,0.5257559,0.4994871,0.075256094
5.9005923,4.2711763,0.53201485,0.49769044,0.076716326
5.9433565,4.2963486,0.5383721,0.49589378,0.07817656
5.985801,4.321697,0.54482675,0.49409714,0.07963679
6.027923,4.3472233,0.5513779,0.4914012,0.07746591
6.0696554,4.372889,0.557716,0.48870525,0.075295016
6.111003,4.39868,0.5638431,0.4860093,0.07312413
6.151971,4.4245853,0.5697609,0.4791305,0.06716056
6.192224,4.4503727,0.57512003,0.4722517,0.061196994
6.231778,4.476012,0.57993376,0.4653729,0.055233426
6.270647,4.501474,0.5842156,0.45976156,0.04603868
6.308957,4.526805,0.58774215,0.4541502,0.036843937
6.3467255,4.55197,0.5905303,0.44853887,0.027649194
6.383969,4.5769353,0.592597,0.4431537,0.017681867
6.4207225,4.601682,0.5939029,0.43776858,0.0077145398
6.457002,4.6261787,0.59446573,0.43238345,-0.0022527874
6.4928226,4.6503954,0.5943034,0.4282089,-0.010167706
6.5283,4.674371,0.59357774,0.42403433,-0.018082624
6.563444,4.6980844,0.5922999,0.41985974,-0.025997544
6.598266,4.721516,0.59048086,0.41664648,-0.024300242
6.632866,4.744706,0.58879364,0.41343322,-0.02260294
6.6672387,4.767661,0.5872363,0.41021994,-0.020905638
6.7013807,4.790385,0.5858071,0.3955736,-0.024089098
6.734333,4.812248,0.58421904,0.38092723,-0.027272558
6.766096,4.8332505,0.58248776,0.36628088,-0.030456018
6.79667,4.8533907,0.5806288,0.3552453,-0.053555675
6.82633,4.8728495,0.57745945,0.3442097,-0.07665533
6.855085,4.891585,0.5730662,0.3331741,-0.09975498
6.882941,4.9095597,0.56753606,0.3217344,-0.10838408
6.9099107,4.9267535,0.56173563,0.31029472,-0.11701317
6.9359927,4.9431686,0.555698,0.298855,-0.12564227
6.961181,4.95881,0.5494563,0.29092607,-0.124543026
6.9857993,4.973885,0.54343307,0.28299713,-0.12344379
7.009838,4.9884067,0.5376255,0.2750682,-0.122344546
7.0332875,5.0023875,0.53203064,0.26786143,-0.12314464
7.0561967,5.015873,0.5265469,0.2606547,-0.12394473
7.0785584,5.0288715,0.5211762,0.25344792,-0.12474482
7.1003675,5.041393,0.51592046,0.24615164,-0.10111122
7.1216693,5.0534744,0.5117794,0.23885536,-0.07747762
7.142432,5.065137,0.50869817,0.23155908,-0.053844023
7.1626267,5.0763984,0.5066212,0.21913725,-0.016416192
7.181785,5.08703,0.5060216,0.20671542,0.02101164
7.1998625,5.0970473,0.5067455,0.19429357,0.05843947
7.2168207,5.106461,0.50863683,0.18000679,0.09377134
7.232474,5.1151886,0.51144594,0.16572,0.12910321
7.246805,5.123232,0.5150019,0.1514332,0.16443507
