-5.6319838,0.48313376,-2.8337066,0.36512926,0.0
-5.66678,0.47206873,-2.8337066,0.35770854,0.08572315
-5.7007437,0.46126837,-2.8286023,0.3502878,0.1714463
-5.733582,0.45064095,-2.818642,0.34286708,0.25716946
-5.765027,0.44011736,-2.8041077,0.35453492,0.31355536
-5.7968493,0.42895055,-2.785882,0.36620277,0.3699413
-5.8288546,0.41706008,-2.7638147,0.37787062,0.42632723
-5.8608336,0.40436965,-2.737771,0.38863334,0.40946192
-5.8936167,0.39036125,-2.7119844,0.39939606,0.3925966
-5.9271646,0.37499145,-2.686517,0.41015878,0.3757313
-5.961436,0.35822135,-2.661432,0.41007957,0.36936164
-5.9953537,0.3405564,-2.6367576,0.41000035,0.36299196
-6.028901,0.32201836,-2.6124942,0.40992114,0.3566223
-6.0620613,0.30262923,-2.5886428,0.41332594,0.35429996
-6.09505,0.28226963,-2.5647435,0.41673073,0.35197762
-6.127838,0.26093513,-2.5407984,0.42013553,0.3496553
-6.1603975,0.23862207,-2.5168104,0.42391616,0.36265528
-6.192545,0.2154391,-2.491746,0.4276968,0.37565526
-6.224222,0.19136526,-2.4655936,0.43147746,0.38865525
-6.255371,0.16638212,-2.4383426,0.43869084,0.40026954
-6.2861867,0.14025447,-2.409852,0.44590423,0.41188383
-6.3165884,0.11295238,-2.3801,0.4531176,0.42349812
-6.346488,0.08444922,-2.349065,0.4614368,0.441918
-6.3757706,0.054745704,-2.3161743,0.46975598,0.46033785
-6.4043155,0.023819912,-2.2813928,0.47807518,0.4787577
-6.4319935,-0.008342713,-2.2446864,0.48838487,0.498863
-6.458756,-0.041854147,-2.2057436,0.49869457,0.5189683
-6.4844403,-0.07671769,-2.1645195,0.5090043,0.5390736
-6.508878,-0.11292408,-2.1209707,0.5149989,0.55564225
-6.5317535,-0.15022004,-2.0756946,0.5209935,0.57221085
-6.5529404,-0.18855503,-2.0286758,0.523,0.5887795
-6.572167,-0.2275685,-1.980268,0.523,0.5894535
-6.589475,-0.26744866,-1.9318115,0.523,0.5901275
-6.604824,-0.308102,-1.883306,0.523,0.59080154
-6.618178,-0.3494331,-1.8347518,0.523,0.57926714
-6.629597,-0.39168522,-1.787036,0.523,0.56773275
-6.639058,-0.43475357,-1.7401645,0.523,0.55619836
-6.646545,-0.47853476,-1.6941439,0.523,0.55405605
-6.652017,-0.52267265,-1.6482819,0.523,0.55191374
-6.6554646,-0.56707364,-1.6025789,0.523,0.5497714
-6.6568813,-0.6116444,-1.557035,0.5223981,0.5552815
-6.6562705,-0.6560311,-1.5111351,0.5217962,0.5607917
-6.653636,-0.70014,-1.4648817,0.52119434,0.5663018
-6.6489863,-0.74387664,-1.4182769,0.51826626,0.57328683
-6.642371,-0.7869119,-1.371426,0.5153382,0.58027184
-6.6338353,-0.82915664,-1.3243368,0.5124101,0.5872569
-6.6234283,-0.8705239,-1.2770175,0.51006913,0.6006064
-6.6112432,-0.9108014,-1.2289739,0.5077281,0.6139559
-6.597332,-0.94990087,-1.180223,0.5053871,0.62730545
-6.581754,-0.9877362,-1.1307822,0.50480485,0.6410985
-6.5645213,-1.0243396,-1.0804635,0.50422263,0.65489155
-6.545689,-1.0596184,-1.0292789,0.50364035,0.6686846
-6.5253205,-1.093482,-0.97723985,0.49876437,0.66606337
-6.5033865,-1.1259902,-0.9258758,0.49388838,0.6634422
-6.479995,-1.1570868,-0.8751837,0.4890124,0.66082096
-6.4552536,-1.186724,-0.82516056,0.49332616,0.66082436
-6.4288297,-1.2153369,-0.77469593,0.49763995,0.66082776
-6.4007535,-1.2428188,-0.7237898,0.5019537,0.66083115
-6.37106,-1.2690619,-0.6724422,0.50973314,0.6459423
-6.339217,-1.2944162,-0.6213031,0.51751256,0.63105345
-6.3052416,-1.3187387,-0.5704147,0.523,0.61616457
-6.2693167,-1.3417861,-0.52004033,0.523,0.6036821
-6.231953,-1.3631814,-0.47055775,0.523,0.59119964
-6.193249,-1.3828688,-0.42197475,0.523,0.5787171
-6.153306,-1.400801,-0.3742989,0.523,0.5633232
-6.112149,-1.4169682,-0.327752,0.523,0.5479292
-6.0698814,-1.4313397,-0.2823451,0.523,0.5325353
-6.026608,-1.4438932,-0.23808889,0.523,0.5045072
-5.9821153,-1.4546912,-0.1959546,0.523,0.47647908
-5.93653,-1.4637399,-0.15597533,0.523,0.44845098
-5.8899736,-1.471061,-0.118182465,0.523,0.4392252
-5.8429685,-1.4766423,-0.08111586,0.523,0.42999944
-5.7955856,-1.4804941,-0.044778664,0.523,0.42077368
-5.7478952,-1.4826311,-0.009173975,0.523,0.41199353
-5.6999736,-1.4830707,0.02573077,0.523,0.40321338
-5.651884,-1.4818331,0.059932884,0.523,0.39443323
-5.6036863,-1.4789411,0.09342972,0.523,0.38391656
-5.555405,-1.474417,0.12607841,0.523,0.3733999
-5.5070953,-1.4682937,0.15787534,0.523,0.36288324
-5.4588094,-1.4606066,0.18881701,0.523,0.34111014
-5.410399,-1.4513556,0.21797717,0.523,0.31933704
-5.361918,-1.4406172,0.24534203,0.523,0.29756394
-5.3134136,-1.4284724,0.2708986,0.523,0.3196993
-5.2655745,-1.4151863,0.29829344,0.523,0.3418346
-5.2184763,-1.4007051,0.32751313,0.523,0.36396992
-5.1722,-1.384983,0.3585433,0.50751823,0.35698774
-5.127672,-1.3682964,0.3881023,0.49203643,0.35000557
-5.084889,-1.350805,0.41622245,0.47655466,0.3430234
-5.043842,-1.3326601,0.44293618,0.45563814,0.3055638
-5.004582,-1.3140363,0.46578118,0.43472162,0.26810423
-4.9671283,-1.2952095,0.4849744,0.41380513,0.23064466
-4.931489,-1.2764293,0.50074077,0.3981252,0.25618592
-4.897704,-1.2579402,0.51755446,0.3824453,0.2817272
-4.8657784,-1.2397643,0.53527534,0.36676538,0.30726847
-4.8357096,-1.2219326,0.55376375,0.35708848,0.2755037
-4.806483,-1.2038618,0.5699537,0.3474116,0.24373895
-4.778098,-1.1856699,0.58392733,0.3377347,0.21197419
