-6.6792207,-6.271306,2.0882444,-0.15012248,0.0
-6.6717944,-6.2843533,2.0882444,-0.14666262,-0.07859041
-6.664562,-6.29706,2.0901637,-0.14320278,-0.15718082
-6.657542,-6.3093386,2.0938997,-0.13974293,-0.23577121
-6.650754,-6.3211093,2.0993402,-0.12831366,-0.25423163
-6.6444917,-6.3318334,2.1047187,-0.116884395,-0.27269205
-6.638763,-6.341523,2.1099653,-0.10545513,-0.29115248
-6.6335764,-6.350192,2.1150105,-0.085924394,-0.3
-6.6293263,-6.357215,2.1192427,-0.06639365,-0.3
-6.6260195,-6.3626275,2.1225128,-0.046862915,-0.3
-6.623673,-6.36644,2.124821,-0.020595886,-0.3
-6.6226377,-6.3681135,2.1258352,0.0056711454,-0.3
-6.6229234,-6.367653,2.125556,0.031938177,-0.3
-6.6245303,-6.3650594,2.123983,0.059925746,-0.3
-6.627538,-6.360188,2.1210313,0.08791331,-0.3
-6.63193,-6.3530293,2.1167014,0.11590088,-0.3
-6.6376786,-6.343566,2.110993,0.14135729,-0.3
-6.644624,-6.3319845,2.1040306,0.16681369,-0.3
-6.6527247,-6.3182607,2.0958145,0.19227009,-0.3
-6.6619315,-6.3023663,2.0863445,0.18979391,-0.3
-6.670871,-6.2865915,2.0769963,0.18731776,-0.3
-6.6795473,-6.2709403,2.0677705,0.18484159,-0.3
-6.6879663,-6.255418,2.0586662,0.18445762,-0.3
-6.6962266,-6.239852,2.049581,0.18407364,-0.3
-6.704328,-6.224244,2.040515,0.18368968,-0.3
-6.712271,-6.208596,2.0314677,0.18227395,-0.3
-6.720012,-6.192998,2.02249,0.18085824,-0.3
-6.727554,-6.177453,2.013582,0.17944252,-0.3
-6.734899,-6.1619635,2.004744,0.18021601,-0.3
-6.7421374,-6.1463423,1.9958677,0.18098952,-0.3
-6.749268,-6.1305904,1.9869534,0.18176301,-0.3
-6.7562876,-6.114708,1.9780009,0.18250896,-0.3
-6.763193,-6.098698,1.9690118,0.1832549,-0.3
-6.769982,-6.082561,1.9599859,0.18400085,-0.3
-6.7766514,-6.066297,1.9509232,0.18449312,-0.3
-6.783191,-6.04993,1.9418362,0.1849854,-0.3
-6.789599,-6.03346,1.9327251,0.18547767,-0.3
-6.795873,-6.0168886,1.9235897,0.18543512,-0.3
-6.801994,-6.0002646,1.9144564,0.18539256,-0.3
-6.8079615,-5.983589,1.9053252,0.18535002,-0.3
-6.813775,-5.9668636,1.8961961,0.1853625,-0.3
-6.8194366,-5.950084,1.8870664,0.18537498,-0.3
-6.8249445,-5.9332533,1.877936,0.18538746,-0.3
-6.830299,-5.9163713,1.868805,0.18540719,-0.3
-6.8355,-5.8994393,1.8596731,0.18542692,-0.3
-6.840546,-5.8824587,1.8505402,0.18544666,-0.3
-6.845438,-5.8654313,1.8414063,0.18565905,-0.3
-6.850179,-5.84834,1.832262,0.18587145,-0.3
-6.854769,-5.8311863,1.8231072,0.18608384,-0.3
-6.859207,-5.813972,1.813942,0.18640664,-0.3
-6.863495,-5.7966876,1.8047608,0.18672945,-0.3
-6.8676305,-5.779335,1.7955637,0.18705224,-0.3
-6.871613,-5.7619147,1.7863508,0.18732661,-0.3
-6.875441,-5.744433,1.7771243,0.18760097,-0.3
-6.8791127,-5.7268906,1.7678844,0.18787535,-0.3
-6.882627,-5.7092896,1.7586309,0.18864393,-0.3
-6.8859925,-5.6915846,1.7493395,0.18941253,-0.3
-6.889206,-5.673777,1.7400103,0.19018112,-0.3
-6.892266,-5.655868,1.7306433,0.19095679,-0.3
-6.8951697,-5.637858,1.721238,0.19173245,-0.3
-6.897915,-5.6197476,1.7117945,0.19250812,-0.3
-6.9004993,-5.601539,1.7023128,0.19344103,-0.3
-6.9029226,-5.5832186,1.6927853,0.19437395,-0.3
-6.9051824,-5.5647874,1.6832117,0.19530687,-0.3
-6.907275,-5.546247,1.6735921,0.19613625,-0.3
-6.9091983,-5.5276084,1.6639317,0.19696563,-0.3
-6.9109483,-5.508873,1.6542305,0.19779502,-0.3
-6.912523,-5.4900427,1.6444885,0.19853939,-0.3
-6.9139194,-5.471127,1.6347097,0.19928376,-0.3
-6.9151354,-5.4521275,1.6248944,0.20002814,-0.3
-6.9161687,-5.433046,1.6150422,0.20069562,-0.3
-6.9170165,-5.4138913,1.6051574,0.2013631,-0.3
-6.9176774,-5.3946657,1.5952395,0.20203058,-0.3
-6.9181495,-5.375371,1.5852889,0.20262563,-0.3
-6.91843,-5.356015,1.5753088,0.20322067,-0.3
-6.9185176,-5.3366013,1.5652995,0.20381571,-0.3
-6.9184103,-5.31713,1.5552609,0.20434211,-0.3
-6.918107,-5.297611,1.5451964,0.20486851,-0.3
-6.9176064,-5.2780457,1.535106,0.20539491,-0.3
-6.916906,-5.258436,1.5249895,0.20585626,-0.3
-6.9160056,-5.2387905,1.5148504,0.20631762,-0.3
-6.914903,-5.219111,1.5046886,0.20677897,-0.3
-6.9135985,-5.1994,1.494504,0.20717932,-0.3
-6.91209,-5.1796646,1.4842998,0.20757966,-0.3
-6.9103765,-5.159908,1.4740758,0.20798,-0.3
-6.9084578,-5.140132,1.463832,0.20832373,-0.3
-6.906333,-5.1203437,1.4535714,0.20866746,-0.3
-6.9040017,-5.100546,1.4432938,0.2090112,-0.3
-6.9014626,-5.08074,1.4329993,0.20931122,-0.3
-6.898716,-5.0609336,1.42269,0.20961124,-0.3
-6.895761,-5.0411277,1.4123659,0.20991127,-0.3
-6.892597,-5.021325,1.4020271,0.21038006,-0.3
-6.889221,-5.0015125,1.3916652,0.21084885,-0.3
-6.885632,-4.981692,1.3812802,0.21131764,-0.3
-6.8818293,-4.961865,1.370872,0.21168037,-0.3
-6.877813,-4.942045,1.3604461,0.21204309,-0.3
-6.8735833,-4.9222345,1.3500023,0.21240582,-0.3
-6.869139,-4.9024353,1.3395406,0.21264343,-0.3
-6.864483,-4.8826613,1.3290671,0.21288106,-0.3
-6.859615,-4.8629155,1.318582,0.21311869,-0.3
-6.8545337,-4.8431997,1.3080852,0.21350487,-0.3
-6.849237,-4.8235025,1.2975694,0.21389106,-0.3
-6.843723,-4.803827,1.2870345,0.21427724,-0.3
-6.8379917,-4.784175,1.2764807,0.21467999,-0.3
-6.832042,-4.7645473,1.2659069,0.21508273,-0.3
-6.8258743,-4.7449474,1.2553134,0.21548548,-0.3
-6.819487,-4.7253776,1.2447001,0.21588464,-0.3
-6.81288,-4.70584,1.234067,0.21628378,-0.3
-6.806053,-4.686338,1.2234143,0.21668294,-0.3
-6.799006,-4.666874,1.212742,0.21719073,-0.3
-6.791734,-4.647441,1.2020445,0.21769851,-0.3
-6.784238,-4.6280413,1.1913222,0.21820632,-0.3
-6.776516,-4.6086783,1.1805748,0.2188917,-0.3
-6.7685614,-4.589339,1.1697936,0.21957707,-0.3
-6.760373,-4.570026,1.1589787,0.22026245,-0.3
-6.7519503,-4.5507426,1.14813,0.22097136,-0.3
-6.743291,-4.5314903,1.1372465,0.22168027,-0.3
-6.734394,-4.512272,1.126328,0.22238918,-0.3
-6.725259,-4.49309,1.1153746,0.22312076,-0.3
-6.7158837,-4.4739475,1.1043851,0.22385235,-0.3
-6.706267,-4.454846,1.0933596,0.22458394,-0.3
-6.6964083,-4.43579,1.082298,0.22534354,-0.3
-6.686305,-4.41678,1.0711992,0.22610314,-0.3
-6.6759567,-4.3978195,1.0600628,0.22686274,-0.3
-6.665363,-4.3789124,1.048889,0.22745478,-0.3
-6.6545296,-4.360076,1.0376861,0.22804682,-0.3
-6.643458,-4.341313,1.0264541,0.22863884,-0.3
-6.6321464,-4.322627,1.0151929,0.22925973,-0.3
-6.620594,-4.3040195,1.003901,0.2298806,-0.3
-6.6088004,-4.2854934,0.9925786,0.23050149,-0.3
-6.5967655,-4.2670527,0.98122567,0.2312169,-0.3
-6.5844836,-4.2486925,0.9698374,0.23193231,-0.3
-6.571955,-4.2304173,0.958414,0.23264773,-0.3
-6.55918,-4.2122307,0.9469553,0.23337398,-0.3
-6.546156,-4.194135,0.93546087,0.23410022,-0.3
-6.5328836,-4.1761346,0.92393064,0.23482648,-0.3
-6.519363,-4.1582327,0.91236466,0.2364669,-0.3
-6.5055404,-4.1403646,0.90071785,0.23810732,-0.3
-6.491413,-4.122536,0.8889903,0.23974775,-0.3
-6.4769793,-4.1047525,0.8771819,0.24168347,-0.3
-6.4622183,-4.0869985,0.8652781,0.24361919,-0.3
-6.447127,-4.0692806,0.8532791,0.2455549,-0.3
-6.431702,-4.051606,0.8411847,0.24742198,-0.3
-6.415946,-4.033986,0.8289983,0.24928907,-0.3
-6.399856,-4.016428,0.81672,0.25115615,-0.3
-6.3834295,-3.9989388,0.8043497,0.25353563,-0.3
-6.36663,-3.9814904,0.79186225,0.2559151,-0.3
-6.3494544,-3.9640913,0.77925754,0.2582946,-0.3
-6.331899,-3.9467504,0.76653564,0.26110744,-0.3
-6.3139315,-3.9294477,0.7536752,0.2639203,-0.3
-6.295546,-3.9121938,0.7406763,0.26673314,-0.3
-6.27674,-3.8949988,0.72753876,0.2697824,-0.3
-6.2574925,-3.8778586,0.7142511,0.27283162,-0.3
-6.237798,-3.860785,0.7008132,0.27588087,-0.3
-6.217654,-3.8437896,0.68722516,0.27919063,-0.3
-6.1970363,-3.826869,0.6734741,0.28250036,-0.3
-6.1759405,-3.8100362,0.65955997,0.2858101,-0.3
-6.154363,-3.793305,0.64548284,0.2894876,-0.3
-6.1322713,-3.7766676,0.63122463,0.29316506,-0.3
-6.109661,-3.7601397,0.6167852,0.29684255,-0.3
-6.086528,-3.7437367,0.60216475,0.3007899,-0.3
-6.0628467,-3.7274601,0.58734983,0.30473727,-0.3
-6.038613,-3.711327,0.5723405,0.30868462,-0.3
-6.0138226,-3.6953554,0.5571368,0.31249934,-0.3
-5.988483,-3.6795697,0.5417451,0.3163141,-0.3
-5.9625916,-3.663988,0.52616554,0.32012883,-0.3
-5.9361453,-3.6486285,0.51039815,0.3226247,-0.3
-5.9092517,-3.6335716,0.4945078,0.3251206,-0.3
-5.8819127,-3.6188304,0.4784945,0.32761648,-0.3
-5.8541293,-3.6044195,0.4623583,0.33041444,-0.3
-5.825878,-3.5903392,0.44608426,0.3332124,-0.3
-5.79716,-3.5766053,0.42967242,0.33601037,-0.3
-5.7679777,-3.5632331,0.4131228,0.33984703,-0.3
-5.738242,-3.5501986,0.39638418,0.34368372,-0.3
-5.707955,-3.537522,0.3794566,0.3475204,-0.3
-5.6771164,-3.5252244,0.36234006,0.35198435,-0.3
-5.6456738,-3.5133052,0.34500363,0.3564483,-0.3
-5.6136274,-3.5017884,0.32744735,0.3609122,-0.3
-5.58098,-3.490699,0.30967122,0.36555794,-0.3
-5.547718,-3.4800563,0.29166627,0.3702037,-0.3
-5.513845,-3.4698865,0.27343246,0.37484944,-0.3
-5.4793644,-3.4602163,0.25496987,0.38131726,-0.3
-5.4441137,-3.4510283,0.23618872,0.38778508,-0.3
-5.408096,-3.4423597,0.217089,0.3942529,-0.3
-5.371315,-3.4342473,0.19767071,0.4008543,-0.3
-5.333766,-3.4267266,0.1779273,0.40745568,-0.3
-5.2954545,-3.419837,0.15785873,0.41405708,-0.3
-5.25639,-3.4136186,0.13746503,0.42042154,-0.3
-5.2166047,-3.408115,0.11675785,0.42678604,-0.3
-5.17611,-3.4033651,0.0957372,0.43315053,-0.3
-5.1349187,-3.3994095,0.07440308,0.44106448,-0.3
-5.092899,-3.3962774,0.052679162,0.44897842,-0.3
-5.050066,-3.394019,0.030565463,0.4568924,-0.3
-5.006438,-3.392685,0.008061974,0.4701839,-0.2971923
-4.961482,-3.3923225,-0.014885881,0.48347545,-0.29438463
-4.9152193,-3.393011,-0.03826603,0.49676695,-0.29157692
-4.8676744,-3.3948314,-0.062066376,0.51013535,-0.2532637
-4.818383,-3.3978946,-0.083370045,0.523,-0.21495047
-4.767464,-3.4021497,-0.10196261,0.523,-0.17663723
-4.716245,-3.4073904,-0.11727955,0.523,-0.14240596
-4.6648307,-3.4134479,-0.12965068,0.523,-0.10817467
-4.6132727,-3.4201703,-0.13906154,0.523,-0.07394339
-4.561619,-3.4273999,-0.14550106,0.523,-0.040804613
-4.509915,-3.4349766,-0.14905688,0.523,-0.0076658367
-4.458196,-3.442743,-0.14972508,0.523,0.025472939
-4.406498,-3.450542,-0.14750493,0.523,0.04660801
-4.354822,-3.4582202,-0.14344373,0.523,0.06774308
-4.303178,-3.4656794,-0.1375433,0.523,0.08887814
-4.2515764,-3.472822,-0.1298063,0.523,0.10591271
-4.200007,-3.479554,-0.120591484,0.523,0.122947276
-4.1484785,-3.4857981,-0.10990156,0.523,0.13998184
-4.097003,-3.4914782,-0.09773962,0.523,0.15245649
-4.045556,-3.4965227,-0.084501915,0.523,0.16493115
-3.99415,-3.500877,-0.070190504,0.523,0.1774058
-3.9427974,-3.5044873,-0.054807622,0.523,0.18328026
-3.8914506,-3.5073044,-0.038920984,0.523,0.1891547
-3.8401225,-3.509303,-0.022531146,0.523,0.19502914
-3.788827,-3.510459,-0.005638671,0.523,0.20389763
-3.7376113,-3.510748,0.01201151,0.523,0.2127661
-3.686494,-3.5101337,0.030418009,0.523,0.22163458
-3.635497,-3.508582,0.04957938,0.523,0.23132071
-3.5846527,-3.5060592,0.06956349,0.523,0.24100685
-3.533987,-3.502529,0.09036848,0.523,0.250693
-3.4835286,-3.4979568,0.111992374,0.523,0.26552108
-3.4333777,-3.4923165,0.13486597,0.523,0.28034917
-3.383576,-3.485559,0.15898421,0.523,0.29517725
-3.334169,-3.4776373,0.18434182,0.523,0.30757347
-3.2851677,-3.4685006,0.21073125,0.523,0.3199697
-3.2366204,-3.4581158,0.23814847,0.523,0.33236593
-3.1885781,-3.4464533,0.26658925,0.523,0.34331077
-3.1410697,-3.4334793,0.29593012,0.523,0.3542556
-3.0941496,-3.4191742,0.32616755,0.523,0.36520043
-3.0478742,-3.4035215,0.35729796,0.523,0.38564515
-3.0024757,-3.3865733,0.3900863,0.523,0.4060899
-2.9580386,-3.3683028,0.4245189,0.523,0.42653465
-2.9146507,-3.3486915,0.46058136,0.523,0.4176118
-2.871827,-3.3274434,0.4959343,0.523,0.408689
-2.8296163,-3.304606,0.5305749,0.523,0.39976618
-2.7880635,-3.2802272,0.56450045,0.523,0.40874633
-2.7475176,-3.2545521,0.59914565,0.523,0.4177265
-2.708041,-3.2275944,0.6345077,0.523,0.42670664
-2.6696973,-3.1993718,0.67058384,0.523,0.42682442
-2.6323984,-3.169786,0.7066693,0.523,0.42694217
-2.5961933,-3.1388757,0.74276406,0.523,0.42705995
-2.5611289,-3.1066806,0.7788682,0.523,0.4319998
-2.527326,-3.0733166,0.8153638,0.523,0.4369397
-2.4948378,-3.0388203,0.85225,0.523,0.44187954
-2.463716,-3.0032322,0.8895259,0.523,0.43218675
-2.4338071,-2.9663424,0.9260363,0.523,0.42249396
-2.4051383,-2.9282176,0.9617778,0.523,0.41280118
-2.3777325,-2.888924,0.9967471,0.523,0.41678143
-2.351763,-2.8487666,1.0320338,0.523,0.42076167
-2.3272698,-2.8077908,1.0676376,0.523,0.42474195
-2.3042917,-2.7660437,1.1035577,0.523,0.42115825
-2.282793,-2.7234297,1.1391929,0.523,0.41757458
-2.2627945,-2.6800077,1.1745429,0.523,0.4139909
-2.2443137,-2.635836,1.2096071,0.523,0.41237622
-2.227381,-2.591012,1.2445425,0.523,0.41076154
-2.2120132,-2.5455918,1.2793487,0.523,0.40914685
-2.198226,-2.4996321,1.314026,0.523,0.3997577
-2.185991,-2.453035,1.3479508,0.523,0.39036858
-2.175302,-2.4058657,1.3811203,0.523,0.38097948
-2.1661484,-2.3581862,1.4135315,0.523,0.37504157
-2.1585267,-2.310122,1.4454616,0.523,0.36910367
-2.152429,-2.2617269,1.4769096,0.523,0.36316577
-2.1478457,-2.2130535,1.5078743,0.523,0.35202655
-2.144759,-2.164058,1.5379294,0.523,0.34088737
-2.1431391,-2.114794,1.5670713,0.523,0.32974818
-2.1429548,-2.065312,1.5952963,0.523,0.32711947
-2.1441681,-2.0158002,1.6233044,0.523,0.32449076
-2.1467698,-1.9662979,1.6510954,0.523,0.32186207
-2.1507494,-1.9168434,1.6786691,0.51904666,0.31163
-2.1560686,-1.867726,1.7051933,0.5150933,0.30139798
-2.1626592,-1.8189821,1.730678,0.5111399,0.29116592
-2.1704543,-1.770644,1.7551334,0.50577617,0.28102475
-2.179361,-1.7228737,1.7785121,0.50041234,0.27088356
-2.1893046,-1.6756936,1.800829,0.49504855,0.2607424
-2.2002106,-1.629122,1.8220994,0.4890168,0.24613498
-2.2120044,-1.583184,1.8419583,0.48298508,0.23152758
-2.224596,-1.5378919,1.8604295,0.47695336,0.21692018
-2.2378986,-1.4932543,1.8775381,0.47132778,0.1965438
-2.2518566,-1.4491867,1.8928783,0.4657022,0.1761674
-2.2663698,-1.4056948,1.9064813,0.46007663,0.15579101
-2.2813418,-1.3627813,1.9183791,0.4541064,0.12975554
-2.29668,-1.3204452,1.928172,0.44813612,0.10372006
-2.3122723,-1.2786885,1.9359049,0.44216585,0.07768459
-2.3280122,-1.237511,1.941624,0.43153208,0.0640549
-2.3436182,-1.1973735,1.9462278,0.42089832,0.050425213
-2.359032,-1.1582651,1.9497637,0.41026455,0.036795527
-2.3741999,-1.1201754,1.9522791,0.3972172,0.025557732
-2.3889832,-1.0833211,1.9539709,0.38416988,0.014319939
-2.4033446,-1.0476937,1.9548877,0.37112254,0.0030821443
-2.417251,-1.0132856,1.9550784,0.355219,-0.009057713
-2.4305675,-0.9803558,1.9545422,0.33931547,-0.021197569
-2.4432685,-0.9488992,1.9533434,0.32341194,-0.033337425
-2.4553342,-0.9189124,1.9515468,0.31472486,-0.045499347
-2.467018,-0.889724,1.949161,0.30603778,-0.057661273
-2.4783041,-0.8613321,1.9462216,0.2973507,-0.06982319
-2.4891806,-0.83373547,1.942764,0.2908821,-0.07610332
-2.499722,-0.8067149,1.9390781,0.28441355,-0.082383454
-2.5099266,-0.7802706,1.9351773,0.27794495,-0.088663585
-2.5197928,-0.754403,1.9310755,0.27054828,-0.08977742
-2.529292,-0.7291871,1.9270327,0.2631516,-0.09089125
-2.5384316,-0.7046259,1.9230518,0.25575492,-0.09200508
-2.5472183,-0.68072236,1.9191356,0.24867389,-0.07715203
-2.5556812,-0.657418,1.9159411,0.24159287,-0.062298983
-2.5638392,-0.6347276,1.9134343,0.23451185,-0.047445934
-2.5717094,-0.6126644,1.9115804,0.22859636,-0.047058575
-2.5793412,-0.59114325,1.9097883,0.22268085,-0.04667122
-2.586738,-0.5701653,1.9080567,0.21676536,-0.04628386
-2.5939033,-0.5497318,1.9063852,0.21047197,-0.021876937
-2.600833,-0.5298634,1.9056178,0.20417859,0.0025299848
-2.6075423,-0.51057947,1.9057039,0.1978852,0.026936907
