-9.607452,3.4134603,0.39386174,0.5130953,0.0
-9.560071,3.4331508,0.39386174,0.523,-0.089384265
-9.511969,3.4531412,0.38608077,0.523,-0.17876853
-9.46429,3.4725215,0.37058097,0.523,-0.2681528
-9.417282,3.4907854,0.3474861,0.523,-0.2662283
-9.369841,3.507968,0.32455304,0.523,-0.2643038
-9.321993,3.5240664,0.30178186,0.523,-0.26237932
-9.273766,3.5390792,0.27917263,0.523,-0.2703658
-9.225316,3.5529673,0.25589183,0.523,-0.27835226
-9.176667,3.5656955,0.2319409,0.523,-0.28633875
-9.12784,3.577228,0.20732136,0.523,-0.28528908
-9.078729,3.5875583,0.18278962,0.523,-0.28423944
-9.029364,3.5966835,0.1583457,0.523,-0.2831898
-8.979774,3.604602,0.1339896,0.523,-0.2881293
-8.93008,3.6113007,0.1092204,0.523,-0.29306883
-8.880308,3.6167586,0.08403868,0.523,-0.29800832
-8.83049,3.620955,0.058445077,0.523,-0.3
-8.780611,3.6238735,0.032685567,0.523,-0.3
-8.730674,3.6255064,0.006926056,0.523,-0.3
-8.680711,3.6258523,-0.018833455,0.523,-0.3
-8.630755,3.6249115,-0.044592965,0.523,-0.3
-8.580841,3.6226842,-0.07035248,0.523,-0.3
-8.531001,3.6191719,-0.09611199,0.523,-0.3
-8.481267,3.6143773,-0.1218715,0.523,-0.3
-8.431674,3.608303,-0.14763102,0.523,-0.3
-8.382253,3.6009536,-0.17339052,0.523,-0.3
-8.333038,3.5923336,-0.19915004,0.523,-0.3
-8.284061,3.582449,-0.22490954,0.523,-0.3
-8.235356,3.571306,-0.25066906,0.523,-0.3
-8.186954,3.5589123,-0.27642858,0.523,-0.3
-8.138886,3.545276,-0.30218807,0.523,-0.3
-8.091186,3.5304062,-0.3279476,0.523,-0.3
-8.043884,3.5143127,-0.3537071,0.523,-0.3
-7.9970136,3.4970064,-0.37946662,0.523,-0.3
-7.950604,3.4784985,-0.4052261,0.523,-0.3
-7.904686,3.4588013,-0.43098563,0.523,-0.3
-7.859291,3.4379277,-0.45674515,0.523,-0.3
-7.814449,3.4158921,-0.48250467,0.523,-0.3
-7.770189,3.392709,-0.5082642,0.523,-0.3
-7.7265406,3.3683932,-0.5340237,0.523,-0.3
-7.683533,3.3429615,-0.5597832,0.523,-0.2953101
-7.6411343,3.3163922,-0.58515185,0.523,-0.29062024
-7.599364,3.288717,-0.6101292,0.523,-0.28593034
-7.55824,3.259967,-0.63471454,0.523,-0.27274698
-7.517683,3.2301023,-0.6581953,0.523,-0.25956362
-7.4776945,3.1991825,-0.68056744,0.523,-0.24638028
-7.4382734,3.1672673,-0.70182693,0.523,-0.24426936
-7.3995194,3.134504,-0.72290796,0.523,-0.24215844
-7.361445,3.1009135,-0.7438104,0.523,-0.24004751
-7.324061,3.0665169,-0.7645342,0.523,-0.22151855
-7.287238,3.0311995,-0.7836857,0.523,-0.2029896
-7.250954,2.995039,-0.8012584,0.523,-0.18446063
-7.215181,2.9581127,-0.81724614,0.523,-0.193891
-7.180066,2.920687,-0.8340413,0.523,-0.20332138
-7.14565,2.8827486,-0.8516423,0.523,-0.21275176
-7.1119742,2.8442872,-0.87004757,0.523,-0.19147222
-7.078868,2.8050418,-0.8866358,0.523,-0.17019266
-7.046291,2.7650974,-0.9013994,0.523,-0.14891312
-7.0141973,2.7245378,-0.91433173,0.523,-0.1655734
-6.9827137,2.6836748,-0.92869836,0.523,-0.18223369
-6.9519114,2.6424844,-0.94449526,0.523,-0.19889396
-6.9218597,2.6009462,-0.96171814,0.523,-0.1678679
-6.8923593,2.558654,-0.976282,0.523,-0.13684182
-6.8633394,2.5157325,-0.9881728,0.523,-0.10581574
-6.834724,2.4723053,-0.99737924,0.523,-0.13403527
-6.8066053,2.4287646,-1.0090277,0.523,-0.16225481
-6.779112,2.3850837,-1.023109,0.523,-0.19047433
-6.7523713,2.3412411,-1.0396117,0.523,-0.1495333
-6.726174,2.296651,-1.0525975,0.523,-0.108592264
-6.7004213,2.2514849,-1.0620446,0.523,-0.06765123
-6.675005,2.2059128,-1.067937,0.523,-0.102696985
-6.649933,2.1603286,-1.0768731,0.523,-0.13774274
-6.625373,2.1147158,-1.0888417,0.523,-0.1727885
-6.6014924,2.0690632,-1.1038282,0.523,-0.12834547
-6.5781417,2.0227468,-1.114985,0.523,-0.08390245
-6.5552006,1.9759516,-1.1222899,0.523,-0.039459426
-6.53254,1.9288609,-1.1257286,0.523,-0.07666717
-6.51009,1.8817946,-1.1324048,0.523,-0.113874905
-6.4880333,1.834747,-1.1423095,0.523,-0.15108265
-6.4665504,1.7877171,-1.1554288,0.523,-0.10526274
-6.445563,1.7401291,-1.1645873,0.523,-0.05944284
-6.424934,1.6921699,-1.1697657,0.523,-0.01362294
-6.4045196,1.6440239,-1.1709532,0.523,-0.053157844
-6.384189,1.5959172,-1.1755846,0.523,-0.09269275
-6.36414,1.547856,-1.1836526,0.523,-0.13222764
-6.344567,1.4998494,-1.195145,0.523,-0.08032544
-6.325441,1.4513532,-1.2021391,0.523,-0.028423226
-6.3066015,1.4025868,-1.2046163,0.523,0.023478985
-6.2878804,1.3537676,-1.20257,0.523,-0.022039598
-6.269059,1.3049853,-1.2044909,0.523,-0.067558184
-6.2503695,1.2562665,-1.2103753,0.523,-0.11307676
-6.232043,1.2076393,-1.2202108,0.523,-0.0563232
-6.2141094,1.1585985,-1.2251177,0.523,0.0004303634
-6.1963882,1.1093924,-1.2250801,0.523,0.05718393
-6.1786942,1.0602672,-1.2200984,0.523,0.007890141
-6.160727,1.011152,-1.2194107,0.523,-0.041403644
-6.1427407,0.9620899,-1.2230186,0.523,-0.09069743
-6.1249895,0.913123,-1.2309135,0.523,-0.030475307
-6.107562,0.86383784,-1.2335696,0.523,0.02974682
-6.0902653,0.8145054,-1.230977,0.523,0.08996894
-6.072903,0.76539564,-1.2231454,0.523,0.033196498
-6.0550947,0.71625155,-1.2202523,0.523,-0.02357595
-6.03714,0.6671457,-1.2223071,0.523,-0.080348395
-6.019338,0.6181481,-1.2293032,0.523,-0.018178796
-6.001826,0.56887627,-1.2308878,0.523,0.043990802
-5.984406,0.5196163,-1.2270545,0.523,0.1061604
-5.9668794,0.47065306,-1.2178181,0.523,0.04222396
-5.948816,0.42162123,-1.2141387,0.523,-0.021712482
-5.9305596,0.37262407,-1.2160312,0.523,-0.085648924
-5.912459,0.32376066,-1.2234879,0.523,-0.019942885
-5.894661,0.27459317,-1.225226,0.523,0.045763154
-5.876964,0.22543654,-1.2212384,0.523,0.111469194
-5.8591633,0.17660438,-1.2115421,0.523,0.04128164
-5.8407917,0.12768497,-1.2079448,0.523,-0.02890591
-5.822236,0.07881072,-1.210464,0.523,-0.09909346
-5.803886,0.030109532,-1.2190876,0.523,-0.038223647
-5.785882,-0.018953081,-1.2224185,0.523,0.022646165
-5.7680326,-0.068098694,-1.2204448,0.523,0.08351598
-5.7501445,-0.117050365,-1.2131734,0.523,0.025430197
-5.7318425,-0.1660256,-1.2109569,0.523,-0.032655586
-5.7134366,-0.21494986,-1.2138029,0.523,-0.090741366
-5.695235,-0.26375082,-1.2217017,0.523,-0.04429204
-5.6773634,-0.31284803,-1.2255613,0.523,0.0021572888
-5.659664,-0.362062,-1.2253731,0.523,0.048606616
-5.6419764,-0.41121465,-1.221138,0.523,0.005806464
-5.62406,-0.46034914,-1.2206318,0.523,-0.03699369
-5.6061306,-0.5094418,-1.2238557,0.523,-0.07979384
-5.588404,-0.5584691,-1.2308037,0.523,-0.05198471
-5.5709867,-0.6077087,-1.2353331,0.523,-0.024175579
-5.5537744,-0.6570789,-1.2374401,0.523,0.0036335527
-5.536661,-0.70649946,-1.2371234,0.523,-0.02846374
-5.519539,-0.7558949,-1.2396041,0.523,-0.06056103
-5.5025635,-0.805262,-1.2448798,0.523,-0.092658326
-5.48589,-0.85459626,-1.252945,0.523,-0.069991164
-5.469585,-0.9041549,-1.259041,0.523,-0.04732401
-5.453561,-0.9538781,-1.2631644,0.523,-0.02465685
-5.4377294,-1.0037076,-1.2653135,0.523,-0.051415972
-5.4220204,-1.0535203,-1.2697933,0.523,-0.0781751
-5.4065623,-1.1033163,-1.2766006,0.523,-0.10493422
-5.39148,-1.153094,-1.2857306,0.523,-0.07631841
-5.3768153,-1.2031373,-1.2923765,0.523,-0.047702603
-5.3624573,-1.253366,-1.2965331,0.523,-0.019086797
-5.348295,-1.3037021,-1.2981967,0.523,-0.043778997
-5.3342276,-1.3540226,-1.3020115,0.523,-0.0684712
-5.3203716,-1.4043267,-1.3079753,0.523,-0.0931634
-5.3068423,-1.4546117,-1.3160843,0.520626,-0.06003662
-5.293748,-1.5049038,-1.3212906,0.5182521,-0.026909834
-5.280956,-1.555106,-1.3236147,0.5158781,0.0062169493
-5.268334,-1.6051248,-1.3230802,0.5171909,-0.014145076
-5.2556543,-1.6552602,-1.3242993,0.51850367,-0.034507103
-5.24301,-1.7055134,-1.3272808,0.51981646,-0.054869127
-5.230495,-1.7558855,-1.3320321,0.5139015,-0.024284422
-5.2183447,-1.805803,-1.3341118,0.5079865,0.0063002827
-5.206434,-1.8551844,-1.3335785,0.5020715,0.036884986
-5.194643,-1.9039524,-1.3304926,0.50211793,0.016796594
-5.1826944,-1.9527144,-1.329087,0.5021644,-0.0032917976
-5.170675,-2.0014708,-1.3293625,0.50221086,-0.02338019
-5.1586704,-2.050222,-1.3313193,0.4965419,-0.0010943472
-5.1468925,-2.0984592,-1.3314099,0.4908729,0.021191496
-5.1352563,-2.146136,-1.3296763,0.4852039,0.043477338
-5.123681,-2.1932082,-1.3261615,0.48628336,0.024921078
-5.111907,-2.240374,-1.324142,0.48736283,0.0063648163
-5.1000075,-2.2876344,-1.323625,0.48844233,-0.012191445
-5.088058,-2.3349905,-1.3246174,0.4855272,0.004666847
-5.0762258,-2.382079,-1.3242397,0.48261207,0.021525139
-5.06445,-2.4288697,-1.3225085,0.47969696,0.03838343
-5.05267,-2.4753342,-1.3194405,0.47954652,0.0255293
-5.0407467,-2.521767,-1.3174003,0.47939608,0.012675172
-5.02873,-2.5681717,-1.3163877,0.47924566,-0.00017895698
-5.0166683,-2.614554,-1.316402,0.47719994,0.012111485
-5.00466,-2.6607347,-1.3154386,0.47515425,0.024401927
-4.9926615,-2.7066956,-1.3135064,0.47310853,0.03669237
-4.980631,-2.7524183,-1.3106139,0.47285858,0.028070133
-4.968471,-2.7980947,-1.308402,0.47260866,0.019447898
-4.9562144,-2.8437293,-1.3068701,0.4723587,0.010825664
-4.9438925,-2.8893268,-1.3060179,0.4717539,0.023431664
-4.9315505,-2.9348457,-1.3041757,0.4711491,0.036037665
-4.9191446,-2.9802663,-1.3013464,0.4705443,0.048643667
-4.906634,-3.0255692,-1.2975332,0.47253808,0.041929014
-4.8938923,-3.0710297,-1.2942319,0.47453186,0.035214357
-4.8809433,-3.1166513,-1.2914475,0.47652563,0.028499704
-4.8678093,-3.1624382,-1.2891843,0.47853413,0.03861031
-4.8545203,-3.2083724,-1.2861056,0.48054266,0.048720915
-4.84104,-3.2544374,-1.2822051,0.48255116,0.05883152
-4.82733,-3.300617,-1.2774763,0.48613507,0.055808656
-4.8132963,-3.347082,-1.272957,0.48971894,0.052785795
-4.7989454,-3.3938324,-1.2686505,0.49330282,0.049762934
-4.784284,-3.4408698,-1.2645608,0.4965368,0.048499577
-4.769333,-3.4881575,-1.2605488,0.49977073,0.047236223
-4.754092,-3.5356956,-1.2566158,0.50300467,0.045972865
-4.7385635,-3.5834832,-1.252763,0.50582874,0.04390964
-4.7227616,-3.6314833,-1.2490624,0.50865275,0.041846413
-4.7066917,-3.6796963,-1.2455158,0.5114768,0.039783187
-4.690359,-3.7281234,-1.2421254,0.5138171,0.022535527
-4.673778,-3.7767425,-1.2401958,0.51615727,0.005287868
-4.6570234,-3.8255625,-1.2397408,0.5184975,-0.011959791
-4.640171,-3.8745933,-1.2407743,0.5193605,-0.034119975
-4.62335,-3.923698,-1.2437272,0.52022344,-0.05628016
-4.6066637,-3.9728844,-1.2486043,0.5210864,-0.078440346
-4.5902143,-4.02216,-1.2554097,0.52135557,-0.10014644
-4.574124,-4.0714755,-1.2640971,0.5216248,-0.12185254
-4.5584917,-4.1208353,-1.2746645,0.52189404,-0.14355864
-4.5434184,-4.1702394,-1.2871087,0.523,-0.1663575
-4.528982,-4.2197556,-1.3015428,0.523,-0.18915635
-4.515318,-4.2692723,-1.3179327,0.523,-0.21195522
-4.5025263,-4.3187757,-1.3362701,0.523,-0.22070517
-4.4906673,-4.36841,-1.3553524,0.523,-0.22945511
-4.4797797,-4.418162,-1.3751782,0.523,-0.23820505
-4.469901,-4.468016,-1.395746,0.523,-0.22500184
-4.4610224,-4.5182185,-1.4151936,0.523,-0.21179864
-4.4530983,-4.5687323,-1.4335177,0.523,-0.19859543
-4.4460816,-4.6195216,-1.450715,0.523,-0.16674913
-4.4399033,-4.670725,-1.4651827,0.523,-0.13490282
-4.43444,-4.722261,-1.4769061,0.523,-0.10305651
-4.429563,-4.7740545,-1.4858732,0.523,-0.07739679
-4.42514,-4.8260098,-1.492613,0.523,-0.05173706
-4.4210606,-4.8780804,-1.4971207,0.523,-0.02607733
-4.4172125,-4.9302206,-1.4993935,0.523,-0.018012082
-4.4134817,-4.982379,-1.5009634,0.523,-0.009946835
-4.4098325,-5.0345488,-1.5018305,0.523,-0.0018815876
-4.4062285,-5.0867248,-1.5019945,0.523,0.026312375
-4.402634,-5.1388826,-1.4997013,0.523,0.05450634
-4.398925,-5.1909733,-1.4949524,0.523,0.0827003
-4.394975,-5.2429447,-1.487752,0.523,0.118879184
-4.390668,-5.2946963,-1.477414,0.523,0.15505807
-4.3858495,-5.3461437,-1.4639522,0.523,0.19123696
-4.380374,-5.3971977,-1.4473841,0.523,0.21494061
-4.374084,-5.4479055,-1.4287925,0.523,0.23864426
-4.366892,-5.498212,-1.4081875,0.523,0.2623479
-4.3587146,-5.548056,-1.3855809,0.523,0.24757676
-4.3493767,-5.597894,-1.3642203,0.523,0.23280561
-4.3389387,-5.6477013,-1.3441101,0.523,0.21803446
-4.3274627,-5.697457,-1.325255,0.523,0.18734431
-4.314972,-5.7473,-1.3090203,0.523,0.15665418
-4.301603,-5.7971997,-1.295421,0.523,0.12596403
-4.2874947,-5.847131,-1.2844702,0.523,0.077234395
-4.2727675,-5.897152,-1.2777445,0.523,0.02850476
-4.2576656,-5.9472017,-1.2752602,0.523,-0.020224875
-4.242436,-5.9972243,-1.2770231,0.523,-0.020323675
-4.227295,-6.047273,-1.2787945,0.523,-0.020422477
-4.2122426,-6.0973487,-1.2805746,0.523,-0.020521278
-4.197279,-6.147451,-1.2823632,0.523,0.004839736
-4.1824026,-6.19759,-1.2819413,0.523,0.03020075
-4.1675115,-6.2477007,-1.2793092,0.523,0.055561762
-4.152505,-6.297717,-1.2744685,0.523,0.10879786
-4.137323,-6.3474417,-1.2650037,0.523,0.16203398
-4.121784,-6.396662,-1.2509415,0.523,0.21527007
-4.105719,-6.4451637,-1.2323217,0.4951153,0.2645808
-4.0898514,-6.490241,-1.2107426,0.46723062,0.3138915
-4.074194,-6.5318313,-1.1866987,0.4393459,0.36320218
-4.0588045,-6.5699077,-1.1606843,0.41465488,0.33436623
-4.043187,-6.605829,-1.1380048,0.38996384,0.30553025
-4.0275893,-6.63959,-1.1184546,0.3652728,0.27669427
-4.012232,-6.671194,-1.1018239,0.33715245,0.2679507
-3.9975371,-6.700196,-1.0869467,0.30903208,0.25920716
-3.9836414,-6.726638,-1.0737451,0.28091174,0.2504636
-3.9706645,-6.7505593,-1.0621411,0.25208998,0.22188473
-3.9586887,-6.772037,-1.0528948,0.22326821,0.19330585
-3.9478414,-6.7910748,-1.0457464,0.19444644,0.16472697
-3.9382267,-6.8076725,-1.0404321,0.16546543,0.09641209
-3.9298954,-6.8218794,-1.0377774,0.13648441,0.028097212
-3.922963,-6.83363,-1.0371383,0.1075034,-0.040217668
-3.9174988,-6.842878,-1.0378587,0.07815873,-0.10053451
-3.913548,-6.849576,-1.0391661,0.04881406,-0.16085136
-3.9111054,-6.8537292,-1.0404692,0.01946939,-0.22116822
-3.9101446,-6.8553677,-1.041181,-0.010366181,-0.22606313
-3.9106548,-6.854496,-1.0407937,-0.04020175,-0.23095804
-3.9126332,-6.8511195,-1.0392599,-0.07003732,-0.23585297
-3.9160848,-6.845249,-1.0365323,-0.099889696,-0.23731297
-3.9210289,-6.836893,-1.0326184,-0.12974207,-0.23877297
-3.9274902,-6.826069,-1.0275042,-0.15959445,-0.24023297
-3.9355037,-6.8128,-1.0211755,-0.18945701,-0.21471527
-3.945173,-6.7970157,-1.0144476,-0.21931958,-0.18919756
-3.9565485,-6.7787232,-1.007573,-0.24918216,-0.16367984
-3.9696748,-6.7579355,-1.0008056,-0.27884334,-0.09679012
-3.9846513,-6.7345695,-0.99631447,-0.30850452,-0.029900407
-4.001408,-6.708683,-0.99477726,-0.33816573,0.03698931
-4.019815,-6.6803427,-0.9968616,-0.3660293,0.1048945
-4.039579,-6.6497736,-1.0032489,-0.39389285,0.17279968
-4.060438,-6.617054,-1.0145366,-0.42175642,0.24070486
-4.082065,-6.5822697,-1.0312935,-0.43527228,0.30797338
-4.1033735,-6.546682,-1.053284,-0.4487881,0.37524188
-4.124031,-6.5103936,-1.0806973,-0.46230394,0.44251037
-4.1436963,-6.473534,-1.1136912,-0.43813723,0.39799392
-4.1615224,-6.4372916,-1.1419926,-0.41397053,0.35347748
-4.17767,-6.40197,-1.1658762,-0.3898038,0.30896103
-4.1922994,-6.3678384,-1.1856307,-0.3817582,0.3376686
-4.2058325,-6.3344574,-1.2067094,-0.3737126,0.36637616
-4.218257,-6.301853,-1.2290221,-0.365667,0.3950837
-4.2295685,-6.270056,-1.2524787,-0.3475095,0.35682732
-4.2397594,-6.2391295,-1.2727098,-0.329352,0.31857094
-4.2489457,-6.209231,-1.2899026,-0.31119448,0.28031456
-4.2572355,-6.180498,-1.3042516,-0.30583757,0.28474945
-4.264967,-6.152182,-1.3185707,-0.30048066,0.28918433
-4.2721543,-6.1242933,-1.3328521,-0.29512373,0.29361922
-4.278813,-6.09684,-1.3470879,-0.28280285,0.29317516
-4.284819,-6.070441,-1.3607092,-0.27048194,0.29273114
-4.29022,-6.0451126,-1.3737179,-0.25816107,0.29228708
-4.2950606,-6.02087,-1.3861158,-0.24739328,0.26058677
-4.29945,-5.9973726,-1.3967392,-0.2366255,0.22888643
-4.303441,-5.974675,-1.4056873,-0.22585769,0.1971861
-4.307081,-5.9528284,-1.413062,-0.21485853,0.18006572
-4.310402,-5.9319525,-1.4194753,-0.20385937,0.16294535
-4.313434,-5.9120665,-1.4249872,-0.19286022,0.14582497
-4.3162065,-5.8931875,-1.4296578,-0.17834796,0.107828215
-4.318701,-5.8756323,-1.4328568,-0.16383572,0.069831476
-4.320948,-5.859444,-1.4347621,-0.14932346,0.03183473
-4.322972,-5.844657,-1.4355543,-0.14559798,-0.0050637065
-4.324935,-5.8302307,-1.4354314,-0.14187251,-0.04196214
-4.326848,-5.8161855,-1.4344394,-0.13814703,-0.07886057
-4.32872,-5.8025413,-1.4326255,-0.12954427,-0.087822385
-4.3304973,-5.78976,-1.4307319,-0.12094151,-0.09678419
-4.332178,-5.77784,-1.428784,-0.11233876,-0.105746
-4.333759,-5.766782,-1.4268079,-0.10592164,-0.11712118
-4.3352685,-5.756371,-1.424745,-0.09950452,-0.12849636
-4.3367047,-5.7466073,-1.4226198,-0.093087405,-0.13987155
-4.3380656,-5.7374907,-1.4204568,-0.08733855,-0.15970099
-4.339357,-5.7289653,-1.418142,-0.08158969,-0.17953043
-4.3405776,-5.7210307,-1.4157138,-0.07584084,-0.19935986
-4.341726,-5.713686,-1.4132105,-0.06500331,-0.2247432
-4.3427205,-5.707428,-1.4107962,-0.054165788,-0.25012654
-4.3435564,-5.7022467,-1.4085616,-0.043328267,-0.27550986
-4.34423,-5.698132,-1.406597,-0.026067294,-0.3
-4.344637,-5.6956754,-1.4053131,-0.00880632,-0.3
-4.3447757,-5.6948457,-1.4048795,0.0084546525,-0.3
-4.344642,-5.695642,-1.4052958,0.026833214,-0.3
-4.34422,-5.6981707,-1.4066175,0.045211773,-0.3
-4.343514,-5.7024317,-1.4088444,0.06359033,-0.3
-4.3425345,-5.7084274,-1.4119763,0.0904362,-0.3
-4.341168,-5.716958,-1.4164306,0.11728206,-0.3
-4.339445,-5.7280293,-1.4222071,0.14412794,-0.3
-4.337407,-5.741647,-1.4293059,0.17327662,-0.3
-4.3350725,-5.758035,-1.4378405,0.20242532,-0.3
-4.332509,-5.7772026,-1.4478105,0.231574,-0.3
-4.329795,-5.799159,-1.4592164,0.26134706,-0.28217477
-4.327,-5.824104,-1.4713448,0.2911201,-0.26434952
-4.32421,-5.8520656,-1.4840221,0.3208932,-0.2465243
-4.321513,-5.8830676,-1.4970737,0.35086852,-0.15769647
-4.3189607,-5.917625,-1.5062573,0.38084385,-0.06886865
-4.31651,-5.95554,-1.5106252,0.4108192,0.019959176
-4.31404,-5.9965396,-1.5092587,0.4408078,0.10594195
-4.3113446,-6.0402904,-1.5014899,0.47079638,0.19192472
-4.308144,-6.0863943,-1.4865227,0.500785,0.2779075
-4.3040905,-6.134381,-1.4636247,0.523,0.2543098
-4.298676,-6.184708,-1.4416956,0.523,0.23071209
-4.2921214,-6.2351985,-1.4217631,0.523,0.20711438
-4.2845216,-6.285814,-1.4038384,0.523,0.20621115
-4.2760143,-6.3362937,-1.3859909,0.523,0.20530792
-4.266606,-6.3866234,-1.3682202,0.523,0.20440468
-4.2563024,-6.4367876,-1.3505268,0.51156145,0.24681751
-4.245464,-6.4851947,-1.329696,0.50012285,0.28923035
-4.2340183,-6.531743,-1.3059224,0.4886843,0.3316432
-4.2219224,-6.5763373,-1.2794033,0.4639675,0.33365393
-4.2093287,-6.6183276,-1.2540786,0.43925074,0.33566463
-4.1964116,-6.657738,-1.229964,0.41453397,0.33767533
-4.183337,-6.694601,-1.2070751,0.38795826,0.34278595
-4.1703386,-6.7287493,-1.1853422,0.36138254,0.34789658
-4.157565,-6.76023,-1.1648084,0.33480683,0.35300717
-4.1451583,-6.789092,-1.1455168,0.30598664,0.3283116
-4.1332083,-6.8154764,-1.1290728,0.2771665,0.303616
-4.1219015,-6.839387,-1.1152619,0.24834631,0.27892038
-4.1113977,-6.860827,-1.1038662,0.21987604,0.22796036
-4.101756,-6.879953,-1.0955845,0.19140576,0.17700034
-4.093136,-6.896707,-1.0899675,0.16293548,0.12604031
-4.0856595,-6.9110384,-1.0865538,0.13369954,0.06483886
-4.079448,-6.9228463,-1.0851101,0.1044636,0.0036374032
-4.0745716,-6.9320846,-1.0850466,0.075227655,-0.05756405
-4.0710654,-6.938726,-1.085768,0.045586705,-0.12395254
-4.0689564,-6.942728,-1.0867074,0.01594576,-0.19034103
-4.068228,-6.9441137,-1.0872102,-0.013695184,-0.2567295
-4.0688434,-6.942941,-1.0866306,-0.043601885,-0.22972256
-4.07082,-6.939183,-1.0849758,-0.07350858,-0.20271559
-4.074182,-6.932816,-1.0825093,-0.10341528,-0.17570864
-4.0789585,-6.923824,-1.0794964,-0.13330099,-0.1641717
-4.0851626,-6.9122286,-1.0758654,-0.1631867,-0.15263474
-4.0928235,-6.898035,-1.0717301,-0.19307242,-0.1410978
-4.101972,-6.8812513,-1.0672048,-0.22289184,-0.09344982
-4.1126814,-6.861814,-1.0637383,-0.25271127,-0.04580185
-4.1249404,-6.839746,-1.0618099,-0.28253067,0.0018461287
-4.138708,-6.8150744,-1.0618968,-0.31159753,0.08293481
-4.153837,-6.7879567,-1.066199,-0.34066436,0.1640235
-4.170086,-6.7585363,-1.0754701,-0.36973122,0.24511218
-4.1871347,-6.726979,-1.0904236,-0.3940036,0.315517
-4.204443,-6.693763,-1.1108006,-0.41827598,0.38592184
-4.2216463,-6.6590395,-1.1370414,-0.44254836,0.45632666
-4.238343,-6.622992,-1.1695431,-0.42234984,0.42734215
-4.253355,-6.587608,-1.1987172,-0.40215132,0.39835763
-4.2668304,-6.553078,-1.2247167,-0.38195276,0.3693731
-4.278913,-6.519571,-1.2476994,-0.37324813,0.3886598
-4.2898803,-6.486817,-1.271273,-0.36454347,0.40794653
-4.2997537,-6.454844,-1.295377,-0.35583884,0.42723325
-4.308561,-6.423679,-1.3199509,-0.34355164,0.39923117
-4.316418,-6.3930163,-1.3422079,-0.33126447,0.37122908
-4.3234134,-6.3629494,-1.3622363,-0.3189773,0.343227
-4.3296328,-6.333563,-1.380127,-0.30964223,0.3425457
-4.33516,-6.3049264,-1.397461,-0.30030715,0.34186438
-4.3400397,-6.277057,-1.4142405,-0.29097208,0.34118307
-4.3443146,-6.249973,-1.4304671,-0.2798876,0.3281963
-4.3480206,-6.223738,-1.4455034,-0.26880306,0.3152095
-4.3512144,-6.198383,-1.4593923,-0.25771856,0.3022227
-4.3539495,-6.173931,-1.4721769,-0.24820298,0.28758964
-4.3562927,-6.150246,-1.4839104,-0.2386874,0.27295658
-4.3582873,-6.1273475,-1.4946346,-0.22917181,0.25832352
-4.3599734,-6.105255,-1.504392,-0.22612563,0.24285764
-4.3614297,-6.0833545,-1.513455,-0.22307944,0.22739172
-4.362675,-6.0616565,-1.5218368,-0.22003326,0.21192582
-4.363728,-6.040171,-1.5295504,-0.20940448,0.20941429
-4.3645725,-6.019706,-1.5368059,-0.19877571,0.20690276
-4.365234,-6.000263,-1.5436116,-0.18814693,0.20439123
-4.3657346,-5.9818473,-1.5499763,-0.17547634,0.16108331
-4.366095,-5.9645305,-1.5546671,-0.16280574,0.1177754
-4.366356,-5.9483647,-1.5578555,-0.15013514,0.074467495
-4.3665495,-5.933394,-1.559717,-0.13791968,0.07379382
-4.366702,-5.9196405,-1.5614119,-0.12570421,0.073120154
-4.36682,-5.907104,-1.5629424,-0.11348874,0.07244648
-4.3669086,-5.8957853,-1.5643115,-0.1056595,0.055811036
-4.366977,-5.8852363,-1.5652938,-0.09783025,0.03917559
-4.3670306,-5.8754606,-1.5659324,-0.090001,0.02254014
-4.3670745,-5.866463,-1.5662705,-0.07731701,0.027286435
-4.36711,-5.858734,-1.566622,-0.06463301,0.03203273
-4.3671365,-5.8522744,-1.566967,-0.051949017,0.036779024
-4.3671565,-5.847083,-1.5672854,-0.045313712,0.024907857
-4.3671722,-5.842553,-1.5674735,-0.038678404,0.0130366925
-4.367185,-5.8386855,-1.5675576,-0.0320431,0.0011655272
-4.3671956,-5.835481,-1.5675638,-0.021692269,0.0027369796
-4.3672028,-5.833312,-1.5675737,-0.011341438,0.0043084323
-4.367206,-5.832178,-1.5675818,-0.0009906071,0.005879885
-4.3672066,-5.832079,-1.5675827,0.009015971,0.008912807
-4.3672037,-5.8329806,-1.5675694,0.019022549,0.01194573
-4.3671975,-5.8348827,-1.5675315,0.029029127,0.014978653
-4.367188,-5.8377852,-1.567459,0.041729786,0.01926834
-4.367174,-5.8419576,-1.567325,0.05443044,0.023558026
-4.367155,-5.8473988,-1.5671114,0.067131095,0.027847713
-4.3671303,-5.8541093,-1.5667998,0.0890476,0.045556374
-4.367095,-5.8630047,-1.566124,0.11096411,0.06326503
-4.367043,-5.8740788,-1.5649546,0.13288063,0.08097369
-4.366966,-5.8873234,-1.5631633,0.16083923,0.14280583
-4.366844,-5.903243,-1.5593482,0.18879785,0.20463797
-4.3666325,-5.9217277,-1.5529538,0.21675645,0.2664701
-4.3662596,-5.942635,-1.5434408,0.2465705,0.35562003
-4.3656273,-5.9657407,-1.5291327,0.27638453,0.44476992
-4.3645883,-5.9906683,-1.5093136,0.3061986,0.5339198
-4.3629684,-6.016977,-1.4833423,0.33618802,0.60290146
-4.36055,-6.0445623,-1.4515706,0.36617744,0.6718831
-4.357141,-6.073018,-1.4135821,0.39616686,0.7408647
-4.3525643,-6.10189,-1.3690182,0.42616054,0.644366
-4.345736,-6.1352696,-1.326353,0.45615426,0.5478673
-4.3363123,-6.173051,-1.2867537,0.48614794,0.45136863
