2.5459006,8.978621,-2.680267,0.71915287,0.0
2.481503,8.946609,-2.680267,0.523,-0.08686191
2.4348469,8.923416,-2.687829,0.5210015,-0.17372382
2.388724,8.900922,-2.7028384,0.51900303,-0.26058573
2.3433259,8.879618,-2.7251248,0.523,-0.3
2.2976325,8.8594055,-2.7508845,0.523,-0.3
2.2514336,8.840377,-2.776644,0.523,-0.3
2.20476,8.822545,-2.8024035,0.523,-0.3
2.1576428,8.805921,-2.828163,0.523,-0.3
2.110113,8.790516,-2.8539224,0.523,-0.3
2.062202,8.77634,-2.879682,0.523,-0.3
2.0139418,8.763403,-2.9054415,0.523,-0.3
1.9653643,8.751713,-2.931201,0.523,-0.3
1.916502,8.741279,-2.9569604,0.523,-0.3
1.867387,8.732106,-2.9827201,0.523,-0.3
1.8180522,8.724201,-3.0084796,0.523,-0.3
1.7685301,8.71757,-3.034239,0.523,-0.3
1.7188537,8.712216,-3.0599985,0.523,-0.3
1.6690558,8.708144,-3.085758,0.523,-0.3
1.6191696,8.705356,-3.1115177,0.523,-0.3
1.569228,8.703854,-3.1372771,0.523,-0.3
1.5192645,8.703638,3.1201487,0.523,-0.3
1.4693118,8.704709,3.0943892,0.523,-0.20001885
1.4181117,8.707128,3.0770702,0.523,-0.100037694
1.3661814,8.710484,3.0683649,0.523,-5.6540965e-05
1.3140216,8.71431,3.0683599,0.523,0.09991686
1.2621219,8.718117,3.0770547,0.523,0.19989027
1.2109699,8.721423,3.0943627,0.523,0.29986367
1.1610595,8.723782,3.120111,0.523,0.3998217
1.1128955,8.724817,-3.1291444,0.523,0.4997797
1.066996,8.724245,-3.0873713,0.523,0.5997377
1.0238866,8.721906,-3.0381722,0.52046967,0.4997633
0.9784493,8.71719,-2.9966025,0.5179393,0.39978892
0.93124026,8.710297,-2.9630034,0.515409,0.29981452
0.8827817,8.70155,-2.937633,0.523,0.19993438
0.832586,8.691167,-2.9203212,0.523,0.100054234
0.7818163,8.679746,-2.9116144,0.523,0.00017409325
0.73089325,8.667824,-2.9115992,0.523,-0.0986601
0.6802181,8.655959,-2.920185,0.523,-0.1974943
0.6301866,8.644697,-2.9372883,0.523,-0.29632849
0.5812064,8.634548,-2.9627419,0.5214586,-0.3
0.5321842,8.625687,-2.9884255,0.51991725,-0.3
0.4830961,8.618108,-3.0140333,0.51837593,-0.3
0.43397608,8.611808,-3.039565,0.51443857,-0.3
0.38508546,8.606803,-3.0649028,0.5105012,-0.3
0.33645877,8.603066,-3.0900466,0.50656384,-0.3
0.28812915,8.600573,-3.1149967,0.50356644,-0.3
0.24003863,8.599294,-3.139799,0.500569,-0.3
0.19221753,8.599208,3.1187315,0.4975716,-0.3
0.14469512,8.600294,3.0942245,0.523,-0.20002523
0.09349539,8.602721,3.076905,0.523,-0.10005045
0.041565776,8.606085,3.0681984,0.523,-7.5674056e-05
-0.010593424,8.6099205,3.0681918,0.523,0.09989135
-0.062492587,8.613736,3.0768845,0.523,0.19985838
-0.113644265,8.617051,3.09419,0.523,0.2998254
-0.16355494,8.619419,3.1199348,0.523,0.39977226
-0.21171977,8.620462,-3.1293244,0.523,0.4997191
-0.2576209,8.619899,-3.0875561,0.523,0.599666
-0.30073282,8.617567,-3.038362,0.51802087,0.49967593
-0.3459594,8.612882,-2.9969945,0.51304173,0.39968586
-0.39272675,8.606071,-2.9637213,0.50806254,0.2996958
-0.44050252,8.597483,-2.9387221,0.5097614,0.19974247
-0.4894405,8.587417,-2.9218645,0.5114602,0.09978913
-0.53910846,8.5763235,-2.9133723,0.513159,-0.00016420483
-0.5890938,8.5647135,-2.9133863,0.50424105,-0.09955691
-0.63796735,8.553363,-2.9217393,0.49532318,-0.19894962
-0.6853539,8.542773,-2.9380553,0.48640528,-0.29834232
-0.73088604,8.533376,-2.961884,0.47804186,-0.3
-0.77581966,8.525213,-2.985429,0.46967846,-0.3
-0.82014376,8.518234,-3.0085623,0.46131507,-0.3
-0.86382544,8.512389,-3.0312836,0.45879033,-0.3
-0.907389,8.507564,-3.0538807,0.45626557,-0.3
-0.95081013,8.503745,-3.0763533,0.4537408,-0.3
-0.99406546,8.500919,-3.0987015,0.45238456,-0.3
-1.0372436,8.499066,-3.1209831,0.4510283,-0.3
-1.0803229,8.4981785,3.1399877,0.449672,-0.3
-1.1232816,8.498247,3.1178398,0.47961277,-0.20002858
-1.1702733,8.499364,3.1019568,0.5095535,-0.10005717
-1.220934,8.501373,3.0934734,0.523,-8.5759166e-05
-1.2731735,8.503888,3.093466,0.523,0.09988526
-1.3251525,8.5063925,3.1021583,0.523,0.19985628
-1.3763716,8.508413,3.1194632,0.523,0.2998273
-1.4263262,8.509519,-3.137977,0.523,0.39976594
-1.4745021,8.509344,-3.1040514,0.523,0.49970457
-1.5203748,8.507622,-3.062284,0.523,0.5996432
-1.5634146,8.504201,-3.0130918,0.51817703,0.49964857
-1.6085227,8.498372,-2.9717138,0.513354,0.39965397
-1.6551319,8.490377,-2.938423,0.50853103,0.29965937
-1.7027194,8.480574,-2.9134035,0.5090183,0.19969273
-1.7513165,8.469288,-2.8965747,0.5095056,0.099726096
-1.8004997,8.45699,-2.8881202,0.5099929,-0.00024054051
-1.8498695,8.4442005,-2.8881407,0.49957365,-0.09981331
-1.8979901,8.431737,-2.8964376,0.48915443,-0.19938609
-1.9445028,8.4201,-2.9125853,0.4787352,-0.29895887
-1.9890585,8.409714,-2.9360852,0.4685344,-0.3
-2.0328774,8.400579,-2.959162,0.4583336,-0.3
-2.075937,8.392636,-2.9817364,0.4481328,-0.3
-2.118203,8.385821,-3.0038085,0.4414545,-0.3
-2.159977,8.380029,-3.0255516,0.43477616,-0.3
-2.2012334,8.37522,-3.0469658,0.42809784,-0.3
-2.2419481,8.371356,-3.068051,0.42379063,-0.3
-2.282325,8.3683815,-3.0889242,0.41948345,-0.3
-2.3223443,8.366271,-3.1095853,0.41517627,-0.3
-2.3619874,8.365002,-3.130034,0.41216204,-0.3
-2.40136,8.364547,3.132851,0.40914783,-0.3
-2.440446,8.364888,3.112699,0.4061336,-0.3
-2.4792292,8.36601,3.0926955,0.4360388,-0.2000376
-2.5219123,8.368098,3.078255,0.46594402,-0.1000752
-2.5681808,8.371033,3.0704963,0.49584922,-0.00011279583
-2.6176405,8.374555,3.070487,0.523,0.09986242
-2.6695483,8.378252,3.0791771,0.523,0.19983764
-2.7207077,8.38145,3.0964806,0.523,0.29981285
-2.770624,8.383703,3.1222246,0.523,0.39975157
-2.8187914,8.384636,-3.1270363,0.523,0.4996903
-2.8646917,8.383967,-3.0852702,0.523,0.59962904
-2.9077992,8.381537,-3.0360787,0.5210704,0.49963132
-2.9532824,8.37672,-2.994471,0.5191408,0.3996336
-3.0005891,8.36971,-2.9608066,0.5172112,0.29963586
-3.0492005,8.360825,-2.935362,0.5083568,0.19966592
-3.0979705,8.350621,-2.9185574,0.49950242,0.099695966
-3.1464415,8.339628,-2.9102714,0.49064803,-0.00027397872
-3.1941996,8.328379,-2.9102938,0.47679096,-0.10007496
-3.2403767,8.317504,-2.918233,0.46293393,-0.19987595
-3.2846212,8.307453,-2.933552,0.44907686,-0.29967692
-3.3266025,8.298592,-2.9556475,0.4390813,-0.3
-3.3678262,8.290836,-2.9772737,0.4290858,-0.3
-3.4082663,8.284131,-2.9984076,0.41909024,-0.3
-3.4478939,8.278418,-3.0190492,0.4147898,-0.3
-3.487223,8.273574,-3.039479,0.41048932,-0.3
-3.5262341,8.269577,-3.0596972,0.40618888,-0.3
-3.564909,8.266402,-3.079703,0.4043332,-0.3
-3.6034625,8.264013,-3.099618,0.40247753,-0.3
-3.6418786,8.2624,-3.1194413,0.40062186,-0.3
-3.6801422,8.261552,-3.1391733,0.4001773,-0.3
-3.7183723,8.261459,3.124302,0.3997327,-0.3
-3.7565546,8.262119,3.1046138,0.39928815,-0.3
-3.794674,8.26353,3.0849473,0.4291456,-0.20004682
-3.8366654,8.265911,3.0707345,0.45900306,-0.10009365
-3.8822212,8.269145,3.06309,0.48886052,-0.00014047623
-3.9309568,8.272979,3.0630786,0.51867765,0.099819526
-3.9824073,8.277026,3.0716932,0.523,0.19977954
-4.033542,8.280606,3.0889919,0.523,0.29973954
-4.083441,8.283234,3.1147296,0.523,0.3996546
-4.1316023,8.284528,-3.1345391,0.523,0.49956965
-4.1775093,8.284204,-3.092782,0.523,0.5994847
-4.2206383,8.282097,-3.0436013,0.511763,0.4994859
-4.2653465,8.277701,-3.0027475,0.50052595,0.39948714
-4.311014,8.27132,-2.9703014,0.48928893,0.29948834
-4.357081,8.263351,-2.946242,0.47432998,0.19950101
-4.402689,8.254327,-2.930575,0.459371,0.09951369
-4.447385,8.244752,-2.9229686,0.44441202,-0.00047364234
-4.4907684,8.235113,-2.9230037,0.42795214,-0.100062996
-4.532336,8.22588,-2.9301288,0.41149226,-0.19965234
-4.5717697,8.217415,-2.9437306,0.39503235,-0.2992417
-4.608781,8.209994,-2.9631395,0.39373544,-0.3
-4.6457987,8.203318,-2.9825323,0.3924385,-0.3
-4.6828165,8.197379,-3.0018613,0.3911416,-0.3
-4.719819,8.192175,-3.0211263,0.3905866,-0.3
-4.756863,8.187691,-3.040364,0.39003167,-0.3
-4.7939334,8.183925,-3.0595744,0.38947672,-0.3
-4.8310165,8.180877,-3.0787575,0.38905016,-0.3
-4.8681107,8.178543,-3.0979195,0.3886236,-0.3
-4.905202,8.176922,-3.1170604,0.388197,-0.3
-4.9422765,8.176012,-3.1361804,0.38769707,-0.3
-4.979314,8.175812,3.1279094,0.3871971,-0.3
-5.0163007,8.176318,3.1088386,0.38669714,-0.3
-5.0532236,8.177527,3.0897925,0.41625044,-0.20008972
-5.0939636,8.17964,3.0760038,0.4458037,-0.100179456
-5.138225,8.182548,3.0685728,0.475357,-0.0002691865
-5.185634,8.186015,3.0685515,0.5049757,0.09966628
-5.235747,8.189682,3.0769258,0.523,0.19960175
-5.2869015,8.192994,3.094209,0.523,0.29953724
-5.336817,8.195361,3.11993,0.523,0.39943665
-5.3849883,8.196405,-3.1293561,0.523,0.49933606
-5.430899,8.195844,-3.0876172,0.523,0.5992355
-5.474024,8.193514,-3.038454,0.49737382,0.4992407
-5.5174584,8.189017,-2.9987671,0.47174764,0.39924595
-5.5604806,8.182831,-2.9682038,0.44612148,0.2992512
-5.602471,8.175476,-2.946284,0.42137706,0.1993423
-5.6429887,8.16746,-2.9323769,0.39663264,0.099433385
-5.681596,8.159264,-2.9258146,0.37188822,-0.0004755199
-5.717922,8.151301,-2.925844,0.35573596,-0.096967325
-5.7525077,8.143722,-2.9315841,0.3395837,-0.19345914
-5.7851005,8.136774,-2.9424653,0.32343143,-0.28995094
-5.815481,8.130644,-2.9578772,0.31989247,-0.3
-5.845527,8.12506,-2.9736328,0.3163535,-0.3
-5.8753242,8.120008,-2.9892144,0.31281456,-0.3
-5.9048624,8.115472,-3.0046215,0.31668043,-0.3
-5.9348326,8.111341,-3.020219,0.3205463,-0.3
-5.9652305,8.107634,-3.0360072,0.3244122,-0.3
-5.99605,8.104367,-3.0519855,0.3314805,-0.3
-6.0275903,8.101533,-3.068312,0.3385488,-0.3
-6.0598464,8.099165,-3.0849867,0.3456171,-0.3
-6.0928116,8.097298,-3.1020095,0.3564215,-0.29647586
-6.126872,8.095948,-3.1193643,0.36722592,-0.29295173
-6.1620216,8.095167,-3.137039,0.37803036,-0.28942758
-6.1982517,8.095002,3.1281645,0.39047366,-0.27718964
-6.2358055,8.095507,3.1103554,0.40291697,-0.26495168
-6.274672,8.096721,3.0927706,0.41536027,-0.25271374
-6.314841,8.098683,3.0754619,0.44435993,-0.15284619
-6.3586626,8.101585,3.064186,0.47335958,-0.052978657
-6.405791,8.105241,3.0600083,0.5023592,0.046888877
-6.455805,8.10933,3.0639327,0.523,0.14680062
-6.507386,8.113344,3.0766828,0.523,0.24671237
-6.557996,8.116634,3.0979705,0.523,0.34662414
-6.6071386,8.118779,3.1275833,0.523,0.44644886
-6.654308,8.11944,-3.1179667,0.523,0.54627365
-6.6989837,8.118384,-3.0726829,0.523,0.6460984
-6.740643,8.115509,-3.020202,0.523,0.5461421
-6.7850065,8.110097,-2.9749281,0.523,0.4461859
-6.8315325,8.10227,-2.9373133,0.523,0.3462296
-6.879706,8.09229,-2.907733,0.52296174,0.24648848
-6.929041,8.080538,-2.8864658,0.52292347,0.14674734
-6.979097,8.067482,-2.873722,0.5228852,0.047006197
-7.0294647,8.0536585,-2.869627,0.5210988,-0.04687091
-7.079604,8.039676,-2.8736963,0.51931244,-0.14074802
-7.129188,8.026065,-2.8858383,0.51752603,-0.23462513
-7.1778855,8.013331,-2.9058905,0.51969624,-0.21088046
-7.2272987,8.001464,-2.924021,0.5218665,-0.18713579
-7.277365,7.990396,-2.940203,0.523,-0.16339113
-7.3279257,7.9800735,-2.9543817,0.523,-0.15911397
-7.3786626,7.9704623,-2.9681928,0.523,-0.15483683
-7.429562,7.961547,-2.9816356,0.523,-0.1505597
-7.4806104,7.953311,-2.9947097,0.523,-0.10783462
-7.532047,7.945701,-3.0040913,0.523,-0.065109566
-7.5837436,7.9385476,-3.0097625,0.523,-0.0223845
-7.6355767,7.9316745,-3.0117135,0.523,0.0018813491
-7.687436,7.924901,-3.0115495,0.523,0.026147198
-7.739277,7.9181213,-3.0092707,0.523,0.05041305
-7.791054,7.9112296,-3.0048783,0.523,0.07579039
-7.8427167,7.9041224,-2.9982781,0.523,0.10116774
-7.894216,7.896691,-2.9894748,0.523,0.12654509
-7.9454985,7.888829,-2.9784737,0.523,0.14781867
-7.9965415,7.8804283,-2.9656355,0.523,0.16909227
-8.047299,7.8714037,-2.9509666,0.523,0.19036585
-8.097725,7.8616734,-2.934473,0.523,0.20978504
-8.147785,7.851154,-2.9163206,0.523,0.22920424
-8.19743,7.8397775,-2.896516,0.523,0.24862343
-8.246607,7.827478,-2.875067,0.523,0.26045448
-8.295359,7.8141675,-2.85262,0.523,0.2722855
-8.343643,7.799813,-2.8291779,0.523,0.28411654
-8.391417,7.7843823,-2.8047442,0.523,0.29905453
-8.438586,7.7678638,-2.7790635,0.523,0.31399253
-8.485096,7.750223,-2.7521412,0.523,0.32893053
-8.530886,7.73143,-2.7239838,0.523,0.34699038
-8.575843,7.711483,-2.694341,0.523,0.36505026
-8.619891,7.6903543,-2.6632228,0.523,0.3831101
-8.662954,7.668024,-2.6306393,0.523,0.39869162
-8.704996,7.644455,-2.5968,0.523,0.41427314
-8.745941,7.6196437,-2.5617135,0.523,0.4298547
-8.785712,7.593594,-2.5253878,0.523,0.4329767
-8.824454,7.566157,-2.4888148,0.523,0.4360987
-8.862113,7.5373635,-2.451995,0.523,0.4392207
-8.898632,7.507247,-2.4149287,0.523,0.44094113
-8.933982,7.4758234,-2.3777268,0.523,0.44266155
-8.968111,7.4431334,-2.3403893,0.523,0.44438198
-9.000969,7.40922,-2.3029163,0.523,0.43453974
-9.0326805,7.3739367,-2.2662199,0.523,0.42469752
-9.063212,7.337349,-2.2303033,0.523,0.41485527
-9.09254,7.2995224,-2.19517,0.523,0.40572718
-9.120631,7.260535,-2.1607666,0.523,0.3965991
-9.1474695,7.220449,-2.1270955,0.523,0.38747102
-9.173039,7.1793275,-2.0941596,0.523,0.37312552
-9.19738,7.137145,-2.062385,0.523,0.35878003
-9.220495,7.093974,-2.0317779,0.523,0.3444345
-9.2423935,7.0498843,-2.0023448,0.523,0.33302826
-9.263067,7.0049896,-1.9738495,0.523,0.321622
-9.282529,6.9593472,-1.9462956,0.523,0.31021574
-9.300794,6.913014,-1.9196868,0.523,0.3062866
-9.317841,6.8661523,-1.8934042,0.523,0.3023575
-9.33367,6.8188004,-1.8674486,0.523,0.29842836
-9.348282,6.7709956,-1.84182,0.523,0.27895275
-9.361743,6.7225523,-1.8178186,0.523,0.2594771
-9.374103,6.6735377,-1.7954539,0.523,0.2400015
-9.38542,6.6240134,-1.774734,0.523,0.23392361
-9.395723,6.574192,-1.7545291,0.523,0.22784573
-9.405032,6.5241013,-1.7348399,0.523,0.22176784
-9.413363,6.473767,-1.7156672,0.523,0.20604953
-9.420754,6.4231095,-1.6978334,0.523,0.19033122
-9.42726,6.372168,-1.6813428,0.523,0.17461291
-9.432942,6.3209777,-1.6661997,0.523,0.17753007
-9.437846,6.2697334,-1.6508062,0.523,0.1804472
-9.441958,6.218447,-1.6351624,0.523,0.18336436
-9.445267,6.1671305,-1.6192685,0.523,0.17578216
-9.447762,6.115697,-1.604025,0.523,0.16819996
-9.449474,6.0641637,-1.5894326,0.523,0.16061775
-9.450437,6.0125456,-1.5754921,0.5227033,0.17512271
-9.450678,5.9610753,-1.5603138,0.5224065,0.18962768
-9.45014,5.909774,-1.5439022,0.5221098,0.20413263
-9.448766,5.8586655,-1.5262619,0.52181363,0.18227379
-9.446481,5.8073997,-1.5104975,0.52151746,0.16041496
-9.443378,5.756011,-1.496614,0.52122134,0.13855612
-9.439552,5.7045302,-1.484616,0.51049906,0.093450114
-9.435178,5.6538916,-1.4766766,0.49977678,0.048344113
-9.430487,5.604193,-1.4726512,0.4890545,0.0032381057
-9.425694,5.5555234,-1.4723873,0.4800214,-0.00783925
-9.420978,5.5077553,-1.4730145,0.4709883,-0.018916607
-9.416381,5.46089,-1.4744993,0.4619552,-0.029993962
-9.411942,5.414929,-1.4768083,0.45029578,-0.009993124
-9.407716,5.3701005,-1.4775583,0.43863636,0.010007715
-9.403632,5.3264294,-1.4768267,0.42697695,0.030008554
-9.399627,5.2839394,-1.4746915,0.41450295,0.09754805
-9.395669,5.2428765,-1.4679632,0.40202895,0.16508755
-9.391598,5.2034297,-1.4569517,0.38955495,0.23262706
-9.387292,5.1657686,-1.441984,0.37793255,0.23662345
-9.382572,5.129333,-1.4272181,0.36631015,0.24061985
-9.377481,5.0941234,-1.4126692,0.35468772,0.24461624
