-6.6095824,-4.123329,-1.8010542,0.2838458,0.0
-6.6160607,-4.1509647,-1.8010542,0.3117533,0.09985147
-6.6231403,-4.181166,-1.7958747,0.3396608,0.19970293
-6.63057,-4.2136173,-1.7846445,0.36756828,0.2995544
-6.6380234,-4.2479377,-1.7665665,0.3948682,0.39904585
-6.645101,-4.283627,-1.7409962,0.4221681,0.49853733
-6.651381,-4.3201694,-1.7073536,0.44946802,0.5980288
-6.656438,-4.35697,-1.6651775,0.4758495,0.6939684
-6.6598854,-4.3933864,-1.6144525,0.502231,0.789908
-6.661428,-4.428705,-1.5549976,0.523,0.8858476
-6.6609054,-4.4617877,-1.4874913,0.523,0.9388642
-6.6583347,-4.492574,-1.4171575,0.523,0.9918808
-6.653956,-4.5208516,-1.3441942,0.523,1.0
-6.6476073,-4.548387,-1.2708459,0.523,0.98453
-6.6390576,-4.5760303,-1.198235,0.523,0.96905994
-6.628281,-4.603605,-1.1263788,0.523,0.9535899
-6.6152673,-4.630934,-1.0552945,0.523,0.91927505
-6.599633,-4.658527,-0.9859829,0.523,0.8849602
-6.581348,-4.686145,-0.9185255,0.523,0.85064536
-6.560412,-4.713556,-0.8530018,0.523,0.8590995
-6.5379453,-4.739286,-0.7869944,0.523,0.8675537
-6.514067,-4.76324,-0.7205081,0.523,0.87600785
-6.4889054,-4.7853312,-0.65354764,0.523,0.8330818
-6.4609776,-4.806719,-0.5890436,0.523,0.79015577
-6.4303746,-4.8271666,-0.5271149,0.523,0.7472297
-6.3972163,-4.8464665,-0.4678757,0.523,0.7747968
-6.363861,-4.863321,-0.4068964,0.523,0.8023639
-6.33048,-4.877706,-0.3442235,0.523,0.829931
-6.297252,-4.8896184,-0.27990454,0.523,0.7688574
-6.2611265,-4.9000025,-0.21929628,0.523,0.7077839
-6.2223406,-4.9086475,-0.16262473,0.523,0.64671034
-6.1811523,-4.9154053,-0.11010122,0.523,0.69746304
-6.1413083,-4.91981,-0.054116227,0.523,0.7482158
-6.1030335,-4.921883,0.0051860646,0.523,0.79896855
-6.0665574,-4.9216943,0.06765293,0.523,0.73509395
-6.027852,-4.9190717,0.12611185,0.523,0.6712193
-5.987223,-4.9139204,0.18032439,0.523,0.6073447
-5.9449725,-4.906218,0.23006946,0.523,0.64744747
-5.9043555,-4.8967047,0.28264424,0.523,0.68755025
-5.865542,-4.8854322,0.3379642,0.523,0.727653
-5.8286967,-4.8724833,0.39594042,0.523,0.6853423
-5.7913384,-4.856867,0.45111153,0.523,0.6430316
-5.7536707,-4.8386197,0.50337875,0.523,0.6007209
-5.7158785,-4.8178077,0.5526486,0.523,0.6090514
-5.679368,-4.7952895,0.60251576,0.523,0.617382
-5.6442323,-4.771122,0.65297675,0.523,0.6257126
-5.6105614,-4.745367,0.7040281,0.523,0.6035464
-5.5777392,-4.7174945,0.75350094,0.523,0.5813802
-5.5458636,-4.68759,0.8013709,0.523,0.55921406
-5.51502,-4.655745,0.8476146,0.523,0.5578576
-5.4856567,-4.62248,0.893758,0.523,0.55650115
-5.457835,-4.587867,0.93980104,0.523,0.5551447
-5.4316144,-4.551979,0.9857437,0.523,0.54063815
-5.4068513,-4.514596,1.0306069,0.523,0.52613163
-5.383591,-4.475809,1.0743812,0.523,0.51162505
-5.3618717,-4.4357104,1.1170577,0.523,0.49755
-5.341727,-4.394402,1.15866,0.523,0.483475
-5.3231783,-4.3519735,1.1991802,0.523,0.4694
-5.306241,-4.308514,1.2386101,0.523,0.46453574
-5.2909927,-4.2643127,1.2776616,0.523,0.45967153
-5.277449,-4.219441,1.3163333,0.523,0.45480728
-5.265622,-4.17397,1.3546247,0.523,0.43643823
-5.255456,-4.127676,1.3914713,0.523,0.41806918
-5.2469306,-4.080647,1.4268607,0.523,0.39970013
-5.2400203,-4.0329676,1.4607809,0.523,0.39086556
-5.234711,-3.9849043,1.4939904,0.523,0.38203096
-5.2309875,-3.9365177,1.5264866,0.523,0.37319636
-5.2288303,-3.8878653,1.5582671,0.523,0.36854383
-5.228219,-3.839081,1.5896695,0.523,0.3638913
-5.229141,-3.7902143,1.6206933,0.523,0.35923874
-5.231583,-3.741314,1.6513377,0.523,0.35396326
-5.2355304,-3.6924152,1.6815513,0.523,0.34868774
-5.240963,-3.6435637,1.711333,0.523,0.34341225
-5.247861,-3.5948029,1.7406822,0.523,0.34184027
-5.2561917,-3.5462384,1.7699025,0.523,0.3402683
-5.2659435,-3.497911,1.7989935,0.523,0.33869633
-5.2771025,-3.449861,1.8279552,0.523,0.33396262
-5.2896695,-3.4020753,1.8565276,0.523,0.3292289
-5.303619,-3.354591,1.8847097,0.523,0.32449517
-5.3189254,-3.3074427,1.9125011,0.523,0.3212449
-5.335554,-3.2606874,1.9400238,0.523,0.31799462
-5.3534827,-3.2143574,1.9672775,0.523,0.31474435
-5.3726873,-3.1684844,1.994262,0.523,0.30525732
-5.393185,-3.1230083,2.020459,0.523,0.29577032
-5.414931,-3.0779524,2.045866,0.523,0.2862833
-5.4378796,-3.033337,2.0704808,0.523,0.27727252
-5.461982,-2.9891849,2.0943413,0.523,0.26826176
-5.487194,-2.9455104,2.1174452,0.523,0.25925097
-5.5134726,-2.9023252,2.139791,0.523,0.25241154
-5.540758,-2.8596613,2.16156,0.523,0.24557212
-5.569015,-2.8175285,2.1827512,0.523,0.2387327
-5.5982075,-2.7759337,2.2033637,0.523,0.23294559
-5.628293,-2.7348924,2.2234857,0.523,0.22715849
-5.6592402,-2.6944098,2.2431164,0.523,0.22137137
-5.691018,-2.65449,2.2622554,0.523,0.20999354
-5.723635,-2.6150875,2.2804255,0.523,0.19861571
-5.7570415,-2.5761926,2.2976246,0.523,0.18723789
-5.7911873,-2.5377927,2.3138504,0.523,0.18652554
-5.825957,-2.4999466,2.3300152,0.523,0.18581319
-5.861338,-2.4626627,2.3461187,0.523,0.18510084
-5.89732,-2.4259481,2.3621614,0.523,0.17724334
-5.9339385,-2.3897638,2.3775303,0.523,0.16938582
-5.9711604,-2.3540974,2.3922246,0.523,0.16152832
-6.008952,-2.3189356,2.4062433,0.523,0.15730971
-6.0472584,-2.2842836,2.419899,0.523,0.15309112
-6.0860605,-2.2501352,2.4331915,0.523,0.14887251
-6.1253376,-2.2164843,2.4461203,0.523,0.13421617
-6.16513,-2.1832745,2.4577844,0.523,0.11955983
-6.2053823,-2.1504698,2.4681811,0.523,0.10490349
-6.2460403,-2.118032,2.4773085,0.523,0.09899737
-6.2870173,-2.085947,2.4859238,0.523,0.09309126
-6.328293,-2.0541983,2.4940264,0.523,0.08718514
-6.369847,-2.0227685,2.5016165,0.523,0.07197488
-6.4116883,-1.991617,2.507885,0.523,0.05676462
-6.453766,-1.960698,2.5128303,0.523,0.04155436
-6.4960275,-1.9299647,2.5164514,0.523,0.028809125
-6.538419,-1.8993708,2.5189621,0.523,0.016063888
-6.5808992,-1.8688747,2.5203624,0.523,0.0033186495
-6.6234274,-1.8384343,2.5206516,0.523,-0.008423751
-6.6659627,-1.8080072,2.5199172,0.523,-0.020166153
-6.7084694,-1.777554,2.5181596,0.523,-0.031908553
-6.750909,-1.7470355,2.5153787,0.523,-0.046148777
-6.79324,-1.7164161,2.5113575,0.523,-0.060389
-6.8354154,-1.6856501,2.5060968,0.523,-0.074629225
-6.877388,-1.6546924,2.4995978,0.5221668,-0.074316934
-6.919093,-1.6235117,2.493136,0.5213336,-0.074004635
-6.9605308,-1.5921116,2.4867117,0.5205004,-0.073692344
-7.0017004,-1.5604957,2.4803247,0.4956259,-0.067188725
-7.0407276,-1.5301272,2.4747787,0.4707514,-0.06068511
-7.077651,-1.5010655,2.4700203,0.44587693,-0.054181494
-7.112505,-1.4733629,2.465996,0.42649686,-0.11273375
-7.145575,-1.4468607,2.4579995,0.4071168,-0.17128602
-7.176677,-1.4215242,2.446434,0.38773674,-0.22983827
-7.2056704,-1.3973424,2.4317117,0.3794666,-0.23681836
-7.2336473,-1.3733011,2.416874,0.37119648,-0.24379843
-7.2606163,-1.3494214,2.4019399,0.36292633,-0.25077853
-7.286587,-1.3257241,2.3869295,0.35722983,-0.17757797
-7.3122025,-1.3016372,2.3764122,0.35153332,-0.104377404
-7.337419,-1.2774202,2.370308,0.3458368,-0.031176846
