7.032139,2.0298898,0.7189192,0.8696358,0.0
7.0975804,2.0871615,0.7189192,0.523,-0.089786366
7.1367784,2.1214662,0.7111033,0.49660593,-0.17957273
7.1737986,2.153357,0.6963203,0.47021183,-0.2693591
7.208573,2.1824288,0.67546535,0.45878705,-0.3
7.242778,2.2098336,0.6528685,0.4473623,-0.3
7.2767267,2.2357957,0.6308344,0.43593752,-0.3
7.310358,2.2603598,0.609363,0.42457217,-0.3
7.3436184,2.2835746,0.5884514,0.41320685,-0.3
7.376454,2.3054862,0.56809956,0.4018415,-0.3
7.4088135,2.3261409,0.54830754,0.3926444,-0.3
7.4408255,2.345693,0.52896845,0.38344732,-0.3
7.4724507,2.3641794,0.5100824,0.3742502,-0.3
7.503653,2.381636,0.49164933,0.3675955,-0.3
7.534611,2.3982143,0.473544,0.36094078,-0.3
7.565299,2.4139395,0.45576644,0.35428604,-0.3
7.5956903,2.428837,0.43831667,0.34901613,-0.3
7.625881,2.4429882,0.42112646,0.34374624,-0.3
7.6558514,2.4564126,0.4041958,0.33847633,-0.3
7.685581,2.4691296,0.3875247,0.3341085,-0.3
7.715133,2.4811916,0.37106872,0.3297407,-0.3
7.7444906,2.4926143,0.35482788,0.32537287,-0.3
7.7736382,2.503414,0.3388022,0.3216095,-0.3
7.802616,2.5136254,0.32296184,0.31784612,-0.3
7.8314114,2.5232625,0.30730683,0.3140827,-0.3
7.860011,2.5323389,0.2918372,0.30994162,-0.3
7.888369,2.540858,0.27657154,0.3058005,-0.3
7.916473,2.5488353,0.26150984,0.3016594,-0.3
7.9443116,2.556286,0.24665208,0.29687282,-0.3
7.9718146,2.5632107,0.2320301,0.29208624,-0.3
7.998971,2.5696273,0.21764387,0.28729963,-0.3
8.02577,2.575554,0.20349339,0.28204727,-0.3
8.052159,2.5809994,0.18960162,0.27679488,-0.3
8.078129,2.585983,0.17596854,0.27154252,-0.3
8.103669,2.5905244,0.16259415,0.2669094,-0.3
8.128832,2.594652,0.14944796,0.26227626,-0.3
8.153609,2.5983827,0.13652998,0.25764313,-0.3
8.177994,2.6017327,0.12384018,0.25372797,-0.3
8.202047,2.604727,0.11134323,0.24981284,-0.3
8.225765,2.6073787,0.09903911,0.2458977,-0.3
8.249142,2.6097014,0.086927816,0.2414737,-0.3
8.272123,2.6117043,0.075034425,0.23704971,-0.3
8.294705,2.613402,0.063358925,0.23262574,-0.3
8.316885,2.614809,0.051901326,0.22582324,-0.3
8.338429,2.6159282,0.040778767,0.21902075,-0.3
8.359336,2.6167812,0.02999126,0.21221825,-0.3
8.379601,2.6173892,0.019538796,0.20181806,-0.3
8.398877,2.617766,0.009598576,0.19141789,-0.3
8.417164,2.6179414,0.00017060083,0.1810177,-0.3
8.434457,2.6179445,-0.00874513,0.16804667,-0.3
8.45051,2.617804,-0.017021995,0.15507565,-0.3
8.465323,2.6175518,-0.024659993,0.14210463,-0.3
8.478895,2.617217,-0.031659126,0.12481725,-0.28486258
8.490868,2.616838,-0.037505265,0.10752987,-0.26972514
8.5012245,2.6164494,-0.042280782,0.09024249,-0.2545877
8.50995,2.6160803,-0.046068657,0.069146514,-0.1958389
8.516726,2.6157677,-0.04831119,0.048050538,-0.13709012
8.52148,2.615538,-0.049405627,0.02695456,-0.07834132
8.524163,2.6154053,-0.049757212,7.748376e-05,0.011006856
8.524171,2.6154048,-0.049757067,-0.026799591,0.10035503
8.521508,2.6155374,-0.050204564,-0.05367667,0.1897032
8.516243,2.615802,-0.051891506,-0.08351213,0.28804803
8.508247,2.6162174,-0.055845544,-0.11334759,0.38639286
8.497765,2.6168034,-0.062964715,-0.14318305,0.4847377
8.485121,2.6176004,-0.0740847,-0.17314175,0.5843356
8.470718,2.6186695,-0.090003505,-0.20310046,0.68393356
8.45504,2.6200843,-0.11139157,-0.23305917,0.7835315
8.438632,2.6219196,-0.13880654,-0.26301447,0.88058
8.422047,2.6242368,-0.17260864,-0.29296976,0.9776285
8.405913,2.6270494,-0.2130958,-0.3229251,1.0
8.388861,2.6307395,-0.25838447,-0.35287905,1.0
8.370427,2.6356113,-0.30787405,-0.382833,1.0
8.350716,2.6418793,-0.36156455,-0.412787,1.0
8.329854,2.6497688,-0.41945592,-0.4427531,1.0
8.308006,2.6595113,-0.4815499,-0.47271925,1.0
8.28537,2.6713407,-0.5478465,-0.50268537,1.0
8.262184,2.6854873,-0.6183457,-0.523,1.0
8.239159,2.7018678,-0.6916939,-0.523,1.0
8.217396,2.7198918,-0.7650421,-0.523,1.0
8.197012,2.7394624,-0.83839035,-0.523,1.0
8.178117,2.760474,-0.9117386,-0.523,1.0
8.160812,2.7828138,-0.9850868,-0.523,1.0
8.145192,2.8063614,-1.058435,-0.523,1.0
8.131339,2.8309908,-1.1317832,-0.523,1.0
8.119328,2.8565688,-1.2051314,-0.523,1.0
8.109223,2.8829584,-1.2784797,-0.523,1.0
8.101081,2.9100175,-1.3518279,-0.523,1.0
8.094942,2.9376006,-1.4251761,-0.523,1.0
8.090842,2.9655592,-1.4985243,-0.523,1.0
8.088801,2.9937434,-1.5718726,-0.523,1.0
8.088832,3.0220013,-1.6452208,-0.523,1.0
8.090933,3.0501807,-1.718569,-0.523,0.9303491
8.095534,3.0810924,-1.7884617,-0.523,0.86069816
8.102898,3.1143825,-1.85456,-0.523,0.7910472
8.113193,3.1496842,-1.9165434,-0.523,0.75783867
8.126066,3.185423,-1.9764577,-0.523,0.7246301
8.14152,3.221404,-2.034237,-0.523,0.6914215
8.15953,3.2574432,-2.089817,-0.523,0.65187997
8.180153,3.2935436,-2.1426995,-0.523,0.61233836
8.203316,3.3295307,-2.1928015,-0.523,0.5727968
8.228926,3.3652513,-2.2400444,-0.523,0.5294308
8.25693,3.400654,-2.2840674,-0.523,0.4860648
8.287187,3.435624,-2.3247871,-0.523,0.44269878
8.319538,3.4700732,-2.3621275,-0.523,0.4022223
8.353769,3.503901,-2.3962502,-0.523,0.36174586
8.389715,3.5370765,-2.4270992,-0.523,0.3212694
8.427202,3.569592,-2.454624,-0.523,0.28183097
8.466043,3.6014519,-2.4788663,-0.523,0.24239255
8.506067,3.6326897,-2.4997885,-0.523,0.20295414
8.547101,3.663356,-2.5173583,-0.523,0.23477083
8.588373,3.6930854,-2.5376348,-0.523,0.26658753
8.629901,3.7217379,-2.5605981,-0.523,0.2984042
8.671687,3.7491744,-2.5862248,-0.5175637,0.25266278
8.714269,3.7755969,-2.6077886,-0.51212734,0.20692134
8.757416,3.8010986,-2.6253245,-0.50669104,0.16117992
8.80091,3.8257866,-2.638877,-0.49441192,0.14530306
8.843778,3.8493567,-2.650808,-0.48213276,0.12942618
8.885944,3.8718903,-2.6611793,-0.4698536,0.11354932
8.927343,3.8934646,-2.670052,-0.4588886,0.09435744
8.968042,3.9142172,-2.677258,-0.4479236,0.075165555
9.007978,3.93422,-2.682864,-0.4369586,0.055973668
9.047096,3.9535387,-2.6869383,-0.42321628,0.050935946
9.085069,3.9721,-2.6905296,-0.409474,0.04589823
9.121882,3.989931,-2.6936607,-0.3957317,0.04086051
9.157521,4.007056,-2.696355,-0.37198853,0.074042246
9.191002,4.0230327,-2.7009413,-0.34824538,0.10722399
9.222319,4.0378013,-2.7071528,-0.32450226,0.14040573
9.251465,4.051325,-2.7147214,-0.3020101,0.18673733
9.278478,4.0636115,-2.7240665,-0.27951792,0.23306894
9.303337,4.07464,-2.734826,-0.25702575,0.27940056
9.326028,4.0844145,-2.74664,-0.24166042,0.28455225
9.347436,4.0933385,-2.7579467,-0.22629508,0.28970397
9.367546,4.101456,-2.7687209,-0.21092974,0.29485565
9.386342,4.1088085,-2.778937,-0.19548085,0.32643753
9.403653,4.115377,-2.7893846,-0.18003196,0.35801938
9.41948,4.121194,-2.799899,-0.16458307,0.38960126
9.433825,4.1262956,-2.8103178,-0.14716841,0.42747402
9.446489,4.1306515,-2.8204863,-0.12975375,0.4653468
9.457492,4.134311,-2.8301904,-0.112339094,0.5032196
9.46686,4.1373262,-2.8392196,-0.08887501,0.5924341
9.473899,4.139522,-2.8474908,-0.065410934,0.6816487
9.47876,4.1409945,-2.8543596,-0.041946854,0.77086323
9.481646,4.1418467,-2.8592308,-0.012869247,0.86717546
9.482445,4.142079,-2.8608663,0.01620836,0.9634877
9.481556,4.1418223,-2.8586478,0.045285966,1.0
9.479207,4.1411395,-2.8522968,0.07515228,1.0
9.475315,4.1399813,-2.841757,0.105018586,1.0
9.469894,4.138305,-2.8270288,0.1348849,1.0
9.462964,4.13605,-2.8081117,0.1648057,1.0
9.45455,4.1331353,-2.7849984,0.1947265,1.0
9.444691,4.1294627,-2.757689,0.2246473,1.0
9.433436,4.1249166,-2.7261834,0.25461498,1.0
9.42085,4.1193647,-2.6904747,0.28458267,1.0
9.407012,4.1126614,-2.6505635,0.31455037,1.0
9.392024,4.1046476,-2.6064494,0.3445431,0.95020545
9.37479,4.09443,-2.5597332,0.3745358,0.9004109
9.35535,4.0816417,-2.5108197,0.4045285,0.8506163
9.333804,4.065907,-2.46014,0.43451107,0.7635287
9.309425,4.046134,-2.4100645,0.46449363,0.67644113
9.282471,4.021938,-2.3616006,0.49447617,0.5893535
9.253248,3.9930294,-2.3157935,0.523,0.4916395
9.22199,3.9591374,-2.2746446,0.523,0.39392546
9.190736,3.9223201,-2.2411888,0.523,0.29621145
9.1596575,3.8831236,-2.215745,0.523,0.21383558
9.128933,3.842281,-2.1972473,0.523,0.13145971
9.098536,3.8002777,-2.1858213,0.523,0.04908386
9.068396,3.7576127,-2.1815445,0.49476653,0.07536389
9.040102,3.7171955,-2.175336,0.4665331,0.10164393
9.013722,3.679009,-2.1674461,0.43829963,0.12792397
8.989297,3.643048,-2.1581266,0.40854216,0.1634131
8.966959,3.609493,-2.1470494,0.3787847,0.19890225
8.946727,3.578358,-2.1345751,0.34902722,0.23439139
8.928585,3.5496633,-2.1210647,0.31939012,0.19785102
8.9122095,3.52297,-2.1106014,0.28975305,0.16131066
8.897511,3.4984374,-2.1028452,0.26011598,0.12477029
8.884418,3.4761958,-2.09745,0.23053332,0.07483095
8.872862,3.456322,-2.0945776,0.20095065,0.02489161
8.862815,3.4389265,-2.093744,0.17136799,-0.02504773
8.854259,3.4240847,-2.0944593,0.14150083,-0.06924098
8.847199,3.41186,-2.0960908,0.111633666,-0.11343423
8.841638,3.4022639,-2.098197,0.08176651,-0.15762748
8.837573,3.3952858,-2.100336,0.051799666,-0.1867123
8.835002,3.390893,-2.1019387,0.021832831,-0.21579713
8.833922,3.3890543,-2.1027179,-0.0081340065,-0.24488194
8.834322,3.3897343,-2.102389,-0.038121793,-0.24033865
8.836199,3.392926,-2.1008768,-0.06810958,-0.23579538
8.839547,3.3986397,-2.0982249,-0.09809736,-0.2312521
8.844354,3.4068906,-2.0944777,-0.12808385,-0.18035705
8.850655,3.4178026,-2.0906484,-0.15807036,-0.129462
8.858441,3.4314065,-2.0872471,-0.18805684,-0.07856695
8.867699,3.447709,-2.0847871,-0.21799605,-0.023754383
8.878413,3.4666867,-2.0839243,-0.24793525,0.031058192
8.890579,3.4882767,-2.0852075,-0.27787444,0.085870765
8.904201,3.5123787,-2.0891795,-0.3075551,0.16072935
8.919243,3.5387495,-2.0973828,-0.33723575,0.23558792
8.935723,3.567099,-2.1105022,-0.36691642,0.3104465
8.953677,3.5970707,-2.1291833,-0.39541408,0.35252124
8.973339,3.6285439,-2.151937,-0.42391175,0.39459595
8.9948225,3.661253,-2.1790981,-0.45240942,0.43667066
9.01825,3.694895,-2.2109873,-0.44256437,0.4071256
9.042526,3.7274868,-2.2401946,-0.43271932,0.3775805
9.067486,3.75903,-2.2667832,-0.4228743,0.34803542
9.092973,3.7895367,-2.2908201,-0.41268766,0.3437498
9.118593,3.818747,-2.3140008,-0.40250105,0.33946416
9.144274,3.846692,-2.3363385,-0.39231443,0.33517852
9.169946,3.8734043,-2.3578463,-0.38267574,0.32976162
9.195589,3.8989632,-2.378499,-0.37303704,0.32434472
9.221144,3.9234016,-2.3983128,-0.36339834,0.31892782
9.24655,3.946753,-2.4173033,-0.35394958,0.33651
9.271572,3.9688904,-2.4367821,-0.34450084,0.35409218
9.296186,3.9898255,-2.4566908,-0.3350521,0.37167436
9.320363,4.0095735,-2.4769711,-0.32148436,0.36690074
9.343985,4.028082,-2.496192,-0.3079166,0.36212713
9.366988,4.0454025,-2.5143726,-0.29434887,0.3573535
9.389315,4.0615864,-2.5315328,-0.28358725,0.3414377
9.411216,4.0768957,-2.547359,-0.27282563,0.32552186
9.432634,4.091368,-2.5619009,-0.262064,0.30960605
9.453517,4.1050406,-2.5752084,-0.24712768,0.30958864
9.473379,4.1176705,-2.587757,-0.23219135,0.3095712
9.492189,4.1293025,-2.5995467,-0.21725503,0.3095538
9.509915,4.1399775,-2.610577,-0.2053467,0.3250175
9.526695,4.1498322,-2.621506,-0.19343838,0.3404812
9.542518,4.1588936,-2.632272,-0.18153004,0.3559449
9.557373,4.1671896,-2.6428154,-0.17015189,0.36808735
9.571315,4.1747837,-2.6530197,-0.15877374,0.38022983
9.584333,4.1817036,-2.6628406,-0.14739558,0.3923723
9.596421,4.187978,-2.6722343,-0.12958848,0.42539185
9.606949,4.193317,-2.6811473,-0.11178139,0.45841143
9.615929,4.197771,-2.6893916,-0.09397429,0.491431
9.623382,4.201391,-2.6967824,-0.06772459,0.5658023
9.628542,4.203851,-2.7028337,-0.0414749,0.6401736
9.631554,4.2052646,-2.7069626,-0.015225206,0.7145449
9.632597,4.2057486,-2.7086253,0.0139627205,0.8031294
9.631717,4.205342,-2.706951,0.04315065,0.8917138
9.629258,4.2042007,-2.7013547,0.07233857,0.9802982
9.625615,4.202484,-2.69134,0.10185,1.0
9.62066,4.2000895,-2.6770558,0.13136144,1.0
9.614315,4.1969094,-2.658633,0.16087286,1.0
9.606617,4.192873,-2.6360714,0.19075981,1.0
9.597599,4.187882,-2.6093183,0.22064675,1.0
9.587327,4.181832,-2.5783737,0.2505337,1.0
9.575881,4.1746044,-2.5432374,0.28050715,0.99682367
9.563297,4.166025,-2.5039783,0.31048062,0.9936474
9.549685,4.1559405,-2.4606133,0.3404541,0.9904711
9.535181,4.144189,-2.4131606,0.37044728,0.9148859
9.518322,4.1291485,-2.364231,0.40044042,0.8393007
9.499256,4.110387,-2.3145647,0.4304336,0.7637155
9.478207,4.0875077,-2.2649493,0.46042317,0.6663503
9.455053,4.05969,-2.2175164,0.49041274,0.56898504
9.430158,4.026718,-2.1734793,0.5204023,0.47161984
