6.80753,-3.024141,-0.9882065,0.09451626,0.0
6.81273,-3.0320337,-0.9882065,0.12417517,0.099937096
6.819528,-3.042351,-0.9861417,0.15383407,0.19987419
6.8278494,-3.054924,-0.98105115,0.18349297,0.29981127
6.837599,-3.0694935,-0.972019,0.21289873,0.39964464
6.848653,-3.0856936,-0.95821285,0.24230449,0.499478
6.860883,-3.1030962,-0.9388702,0.27171025,0.5993114
6.874136,-3.1211996,-0.9133261,0.3004882,0.6979485
6.888205,-3.1394227,-0.8811414,0.32926616,0.7965856
6.9028525,-3.1571822,-0.84190536,0.35804412,0.8952227
6.917765,-3.1738834,-0.7953388,0.3853107,0.9482819
6.933493,-3.1899269,-0.7431668,0.41257733,1.0
6.949907,-3.20501,-0.6853048,0.43984395,1.0
6.9683065,-3.2200508,-0.62361884,0.46239626,1.0
6.988587,-3.2346406,-0.55877,0.4849486,1.0
7.0108037,-3.2485313,-0.4907583,0.50750095,1.0
7.034988,-3.2614543,-0.41958377,0.5200368,0.97412694
7.0616736,-3.273358,-0.347887,0.523,0.9482538
7.090343,-3.2837548,-0.27707294,0.523,0.92238075
7.1207237,-3.2923946,-0.20759746,0.523,0.8970768
7.152653,-3.29912,-0.13947615,0.523,0.8717729
7.18598,-3.3037987,-0.07275261,0.523,0.8464689
7.220544,-3.3063176,-0.007469544,0.523,0.82844776
7.2558985,-3.3065817,0.056762084,0.523,0.8104266
7.291885,-3.3045368,0.119921416,0.523,0.7924054
7.328343,-3.3001437,0.18198794,0.523,0.77261627
7.3651757,-3.2933657,0.24283125,0.523,0.7528271
7.4022226,-3.2841885,0.3024275,0.523,0.73303795
7.439325,-3.2726126,0.36075336,0.523,0.70410615
7.4766216,-3.2585418,0.41718093,0.523,0.67517436
7.5139456,-3.242,0.47166303,0.523,0.6462425
7.5511403,-3.2230284,0.524154,0.523,0.62715924
7.5878024,-3.2018344,0.5753075,0.523,0.6080759
7.623818,-3.1784792,0.62510484,0.523,0.58899266
7.659082,-3.153031,0.673528,0.523,0.5653473
7.6936,-3.125485,0.720224,0.523,0.54170203
7.727284,-3.095929,0.7651667,0.523,0.5180567
7.760056,-3.0644565,0.808331,0.523,0.5000368
7.791757,-3.031267,0.85012376,0.523,0.48201683
7.822337,-2.996448,0.89053136,0.523,0.4639969
7.8517556,-2.9600885,0.9295407,0.523,0.44123578
7.8800454,-2.922192,0.9667658,0.523,0.4184747
7.9071865,-2.882861,1.0021875,0.523,0.39571363
7.9331717,-2.8421957,1.0357873,0.523,0.38657078
7.9578695,-2.8005242,1.0686505,0.523,0.37742797
7.98127,-2.7579072,1.100774,0.523,0.36828515
8.003368,-2.7144053,1.1321554,0.523,0.3460092
8.024264,-2.6698627,1.1617178,0.523,0.32373324
8.043987,-2.6243706,1.1894461,0.523,0.30145726
8.062573,-2.5780168,1.215327,0.523,0.29795754
8.079974,-2.5311468,1.2409164,0.523,0.29445782
8.096187,-2.4837964,1.2662139,0.523,0.2909581
8.111212,-2.4360006,1.2912195,0.523,0.26619777
8.125135,-2.387502,1.31415,0.523,0.24143745
8.138026,-2.3383822,1.3349915,0.523,0.21667711
8.149959,-2.2887187,1.353731,0.523,0.21308565
8.160968,-2.238801,1.3721647,0.523,0.20949419
8.171062,-2.1886504,1.3902923,0.523,0.20590273
8.180253,-2.1382868,1.4081136,0.523,0.18267545
8.188583,-2.087536,1.4239484,0.523,0.15944816
8.196138,-2.0364554,1.4377882,0.523,0.13622087
8.203011,-1.9850974,1.4496254,0.523,0.13977087
8.2092705,-1.9336872,1.4617691,0.523,0.14332086
8.214903,-1.8822308,1.4742192,0.523,0.14687085
8.219892,-1.830735,1.4869756,0.523,0.12551998
8.224236,-1.7790285,1.497888,0.523,0.10416911
8.2280245,-1.7271503,1.5069516,0.523,0.08281823
8.23135,-1.6751357,1.5141623,0.523,0.08195006
8.234301,-1.6230948,1.5212977,0.523,0.08108189
8.23688,-1.5710305,1.5283575,0.523,0.08021372
8.239092,-1.5189456,1.535342,0.523,0.059134245
8.240942,-1.4667698,1.5404936,0.523,0.03805477
8.242526,-1.4145317,1.5438099,0.523,0.016975295
8.243937,-1.3622582,1.5452895,0.523,0.016804546
8.245271,-1.3099827,1.5467542,0.523,0.016633797
8.246528,-1.257705,1.5482041,0.523,0.016463047
8.247709,-1.2054254,1.549639,0.523,-0.002076608
8.248816,-1.1531372,1.549458,0.523,-0.020616263
8.249931,-1.1008602,1.5476611,0.523,-0.03915592
8.25114,-1.0486144,1.5442488,0.523,-0.03937166
8.252527,-0.9963733,1.5408179,0.523,-0.03958741
8.254093,-0.94413775,1.537368,0.523,-0.039803155
8.25584,-0.89190835,1.5338994,0.523,-0.05011193
8.257767,-0.8397096,1.5295331,0.523,-0.06042071
8.25992,-0.78754944,1.5242697,0.523,-0.07072949
8.262347,-0.7354366,1.5181096,0.523,-0.07313408
8.265094,-0.68334883,1.5117404,0.523,-0.07553868
8.268171,-0.6312889,1.5051622,0.523,-0.07794327
8.271591,-0.57925993,1.498375,0.523,-0.08387853
8.275363,-0.5272804,1.4910722,0.523,-0.0898138
8.2795105,-0.47535667,1.483254,0.523,-0.095749065
8.284062,-0.4234956,1.4749206,0.523,-0.09922497
8.289044,-0.37169185,1.4662857,0.523,-0.102700874
8.294472,-0.31995127,1.4573493,0.523,-0.10617678
8.300359,-0.26828012,1.4481117,0.523,-0.10858621
8.306722,-0.21667893,1.4386652,0.523,-0.110995635
8.31357,-0.16515383,1.4290098,0.523,-0.113405064
8.320912,-0.11371124,1.4191458,0.523,-0.11309837
8.328763,-0.06234178,1.4093084,0.523,-0.11279168
8.337119,-0.01105025,1.3994976,0.523,-0.11248499
8.345978,0.04015861,1.3897134,0.523,-0.112327576
8.355337,0.09127925,1.3799427,0.523,-0.11217016
8.365196,0.14230691,1.3701857,0.523,-0.112012744
8.375552,0.19323686,1.3604423,0.523,-0.110490456
8.386407,0.24407212,1.3508308,0.523,-0.10896816
8.397751,0.29480922,1.3413513,0.523,-0.10744587
8.409576,0.3454449,1.3320035,0.523,-0.10543239
8.421879,0.39597866,1.3228303,0.523,-0.10341891
8.434647,0.44640812,1.3138317,0.523,-0.10140543
8.44787,0.49673104,1.3050077,0.523,-0.09623766
8.461544,0.54696107,1.2966319,0.523,-0.09106989
8.475645,0.5970991,1.2887046,0.523,-0.08590212
8.4901495,0.6471467,1.281226,0.523,-0.081032954
8.505034,0.6971048,1.2741704,0.523,-0.07616379
8.520277,0.7469758,1.2675378,0.523,-0.07129463
8.535856,0.79676247,1.2613286,0.523,-0.06653191
8.551749,0.8464678,1.2555336,0.523,-0.061769187
8.567934,0.89609534,1.2501527,0.523,-0.057006467
8.584392,0.94564915,1.2451863,0.523,-0.047219943
8.601103,0.99514586,1.2410719,0.523,-0.037433423
8.618025,1.0445938,1.2378097,0.523,-0.0276469
8.635114,1.0940021,1.2354001,0.523,-0.011493909
8.652327,1.1433847,1.2343982,0.523,0.0046590804
8.66959,1.1927527,1.2348044,0.523,0.02081207
8.68683,1.2421176,1.2366184,0.523,0.03715434
8.703972,1.2914903,1.2398562,0.523,0.05349661
8.720942,1.3408816,1.2445171,0.523,0.06983888
8.737664,1.3903016,1.2505999,0.5207751,0.07655684
8.754007,1.4395874,1.2572381,0.51855016,0.0832748
8.769947,1.4887432,1.2644268,0.51632524,0.08999275
8.785456,1.5377722,1.2721606,0.512335,0.09430482
8.800463,1.5865204,1.2802013,0.50834477,0.0986169
8.814957,1.634987,1.288543,0.5043546,0.102928974
8.82893,1.6831703,1.2971799,0.49879473,0.10506952
8.842334,1.7309295,1.3058985,0.4932349,0.10721006
8.855173,1.7782592,1.3146949,0.48767504,0.10935061
8.867453,1.8251544,1.3235651,0.48296154,0.10587866
8.879206,1.8717198,1.3320718,0.47824806,0.1024067
8.890455,1.9179449,1.3402202,0.47353455,0.098934755
8.901224,1.9638196,1.3480155,0.46771532,0.0891648
8.911517,2.0092542,1.354957,0.4618961,0.07939485
8.921378,2.05423,1.3610626,0.45607686,0.06962489
8.930851,2.09873,1.3663508,0.4420464,0.07261444
8.939802,2.1419,1.3716959,0.42801595,0.07560398
8.948243,2.183736,1.377084,0.4139855,0.07859352
8.956188,2.224235,1.3825012,0.39350635,0.079982504
8.963531,2.2627666,1.3877412,0.37302724,0.08137148
8.970298,2.2993248,1.3927946,0.35254812,0.08276046
8.976519,2.3339038,1.3976519,0.3292278,0.06600098
8.982179,2.3662636,1.4012709,0.3059075,0.049241513
8.987333,2.3963792,1.4037803,0.28258717,0.03248204
8.992029,2.42423,1.4053099,0.26140532,0.010855287
8.996335,2.450012,1.4057828,0.24022348,-0.0107714655
9.00028,2.4737067,1.4053516,0.21904163,-0.032398216
9.003886,2.4953003,1.4041691,0.2011503,-0.04398315
9.007219,2.5151176,1.402695,0.18325897,-0.05556808
9.010281,2.5331573,1.4009986,0.16536763,-0.067153014
9.013068,2.5494194,1.3991492,0.1540618,-0.098463
9.015687,2.5645258,1.396625,0.14275594,-0.12977299
9.018141,2.5784671,1.3935461,0.13145009,-0.16108297
9.020428,2.5912387,1.3900323,0.12001835,-0.1820139
9.022551,2.60285,1.3864114,0.10858661,-0.20294483
9.0245,2.6133056,1.3827637,0.09715487,-0.22387576
9.026271,2.6226115,1.3791689,0.09072792,-0.24587636
9.027947,2.6312504,1.3754883,0.08430096,-0.26787695
9.029525,2.6392252,1.3717694,0.077874005,-0.28987756
9.031,2.6465404,1.3680595,0.07335572,-0.28863195
9.032416,2.6534286,1.3645796,0.068837434,-0.28738633
9.033768,2.6598902,1.3613275,0.06431915,-0.2861407
9.03505,2.6659257,1.3583019,0.06671356,-0.2881837
9.0364,2.672178,1.3551418,0.06910797,-0.29022667
9.037817,2.6786463,1.3518456,0.07150239,-0.29226965
9.039304,2.68533,1.348412,0.06440175,-0.28502536
9.040667,2.691358,1.3453939,0.05730111,-0.27778107
9.041899,2.6967292,1.3427751,0.05020047,-0.27053678
9.042993,2.7014413,1.3405391,0.056985397,-0.28112555
9.044242,2.7067719,1.3379041,0.063770324,-0.29171434
9.045651,2.7127144,1.3348475,0.07055525,-0.3
9.047227,2.719268,1.3313724,0.05849528,-0.28573143
9.048558,2.7247205,1.3286245,0.046435308,-0.27146286
9.04963,2.7290633,1.3265492,0.03437534,-0.2571943
9.050434,2.732289,1.3250918,0.0471728,-0.28032726
9.0515375,2.7366862,1.3229166,0.059970263,-0.3
9.052943,2.7422402,1.319963,0.07276773,-0.3
9.054668,2.7489743,1.3163788,0.056224924,-0.27960697
9.056028,2.7542045,1.3137927,0.03968212,-0.25921392
9.057003,2.7579143,1.3120975,0.023139315,-0.23882088
9.057579,2.7600877,1.3111852,0.04275995,-0.27921012
9.058634,2.7640603,1.3092211,0.06238059,-0.3
9.060175,2.769817,1.3061486,0.082001224,-0.3
9.062224,2.7773783,1.3021098,0.061096758,-0.2721239
9.0637865,2.783052,1.2993729,0.04019229,-0.24424782
9.064832,2.786809,1.297753,0.019287823,-0.21637173
9.06534,2.788623,1.2970629,0.039889585,-0.25035247
9.066384,2.7923439,1.2954158,0.060491346,-0.28433323
9.067964,2.7979312,1.2925876,0.08109311,-0.3
9.070091,2.8053806,1.2885935,0.05955611,-0.26853293
9.07169,2.8108957,1.28596,0.038019117,-0.23706584
9.072728,2.8144422,1.2844719,0.01648212,-0.20559876
9.073184,2.81599,1.283911,0.037846517,-0.23713356
9.074225,2.8195183,1.2824292,0.05921091,-0.26866835
9.075849,2.8249915,1.2798097,0.08057531,-0.3
9.078057,2.8323655,1.2758411,0.058195308,-0.26697528
9.079689,2.8377364,1.2732823,0.035815313,-0.23395059
9.08071,2.8410673,1.2718985,0.013435314,-0.20092589
9.081098,2.8423254,1.2714516,0.035146624,-0.23018026
9.082107,2.8455951,1.2701151,0.056857932,-0.25943464
9.0837345,2.8508441,1.2676841,0.07856924,-0.28868902
9.085982,2.8580327,1.2639561,0.056349028,-0.25838882
9.087628,2.863226,1.2615563,0.03412881,-0.22808865
9.08864,2.8663929,1.2602701,0.011908596,-0.19778845
9.088997,2.8675046,1.2598801,0.03304272,-0.22330824
9.089982,2.8705723,1.2586606,0.05417685,-0.24882802
9.091595,2.8755693,1.2564368,0.075310975,-0.2743478
9.093837,2.8824637,1.2530364,0.05375821,-0.24855426
9.095465,2.8874135,1.2508322,0.03220545,-0.22276069
9.096453,2.890395,1.2496464,0.010652688,-0.19696712
