7.063587,-0.5700424,1.6154741,0.19580695,0.0
7.0627127,-0.5504812,1.6154741,0.16619858,0.08885715
7.061973,-0.5339435,1.6179322,0.13659021,0.1777143
7.06134,-0.5205145,1.6219566,0.106981836,0.26657146
7.060812,-0.51020765,1.6266536,0.07704648,0.36319908
7.06041,-0.5030169,1.6312156,0.047111113,0.4598267
7.060155,-0.4988028,1.6347002,0.017175753,0.55645436
7.060062,-0.49734735,1.6362121,-0.012763094,0.6529742
7.060128,-0.4983589,1.6349198,-0.04270194,0.749494
7.0603285,-0.50147843,1.6300712,-0.072640784,0.84601384
7.0606136,-0.50628585,1.6210074,-0.1025843,0.93854994
7.060918,-0.5123405,1.607215,-0.13252781,1.0
7.0611787,-0.51949626,1.5886286,-0.16247132,1.0
7.061335,-0.5282732,1.5658427,-0.19241023,1.0
7.0612836,-0.5386691,1.5388582,-0.22234912,1.0
7.0609,-0.5506765,1.5076748,-0.252288,1.0
7.06004,-0.56428057,1.4722927,-0.28209096,1.0
7.0585413,-0.5794481,1.4327308,-0.31189394,1.0
7.056222,-0.5961395,1.3889891,-0.3416969,1.0
7.052884,-0.61429715,1.3410678,-0.37106004,1.0
7.048319,-0.63381886,1.2890284,-0.4004232,1.0
7.042303,-0.6546007,1.2328709,-0.42978635,1.0
7.0346045,-0.67650884,1.1725955,-0.45708188,1.0
7.025028,-0.6992729,1.108492,-0.48437738,1.0
7.0133557,-0.7226966,1.0405605,-0.5116729,1.0
6.999374,-0.7465463,0.9688008,-0.523,1.0
6.983372,-0.7698366,0.89545256,-0.523,1.0
6.9657063,-0.79189163,0.82210433,-0.523,1.0
6.9464717,-0.8125927,0.7487561,-0.523,1.0
6.9257717,-0.8318286,0.6754079,-0.523,1.0
6.903718,-0.8494958,0.60205966,-0.523,1.0
6.880429,-0.8654994,0.52871144,-0.523,1.0
6.856029,-0.87975323,0.4553632,-0.523,1.0
6.830651,-0.8921807,0.38201502,-0.523,1.0
6.80443,-0.90271497,0.3086668,-0.523,1.0
6.777508,-0.91129935,0.23531857,-0.523,1.0
6.7500286,-0.91788775,0.16197035,-0.523,1.0
6.722141,-0.9224447,0.08862212,-0.523,1.0
6.6939936,-0.92494565,0.015273903,-0.523,1.0
6.665739,-0.92537725,-0.058074318,-0.523,1.0
6.637529,-0.9237371,-0.13142253,-0.523,0.97813743
6.6085677,-0.9199089,-0.20372367,-0.523,0.9562749
6.579037,-0.9138081,-0.27494314,-0.523,0.93441236
6.549123,-0.90536976,-0.34504694,-0.523,0.90481704
6.518715,-0.89444035,-0.41358715,-0.523,0.8752217
6.4880257,-0.8809707,-0.48050374,-0.523,0.8456264
6.457265,-0.8649367,-0.5457381,-0.523,0.81714433
6.4266744,-0.8463603,-0.6092996,-0.523,0.7886623
6.3964467,-0.82526517,-0.67113656,-0.523,0.76018023
6.3667645,-0.8016946,-0.73119897,-0.523,0.7311848
6.3377852,-0.7756977,-0.7894047,-0.523,0.7021893
6.3096657,-0.7473519,-0.8457048,-0.523,0.6731938
6.2825475,-0.7167483,-0.900052,-0.523,0.6506395
6.256681,-0.68414885,-0.9528485,-0.523,0.6280851
6.232163,-0.6496561,-1.0040673,-0.523,0.6055307
6.2090764,-0.61337775,-1.0536824,-0.523,0.568072
6.1872816,-0.57505625,-1.1005788,-0.523,0.53061336
6.166844,-0.5348433,-1.1446905,-0.523,0.49315473
6.147803,-0.4928945,-1.1859559,-0.523,0.45442238
6.1301613,-0.44933927,-1.224217,-0.523,0.41569003
6.113909,-0.40433815,-1.2594168,-0.523,0.37695768
6.0990105,-0.35804865,-1.2915024,-0.523,0.34020072
6.085419,-0.31065652,-1.3205878,-0.523,0.30344373
6.073061,-0.26230013,-1.3466339,-0.523,0.26668677
6.0618463,-0.21311122,-1.3696055,-0.523,0.23613079
6.051685,-0.16328818,-1.3899975,-0.523,0.20557483
6.0424786,-0.112923935,-1.4077909,-0.523,0.17501886
6.0341206,-0.062105607,-1.4229689,-0.523,0.15023816
6.026504,-0.010958732,-1.4360155,-0.523,0.12545747
6.0195317,0.040459625,-1.4469225,-0.523,0.10067676
6.013102,0.092096075,-1.4556834,-0.523,0.088061705
6.007118,0.14384863,-1.4633495,-0.523,0.07544665
6.001526,0.1956991,-1.4699197,-0.523,0.062831596
5.996269,0.24763054,-1.4753929,-0.523,0.06365994
5.9912972,0.29958725,-1.4809382,-0.523,0.06448829
5.9866138,0.35156798,-1.4865555,-0.523,0.06531664
5.9822226,0.40357137,-1.4922448,-0.523,0.0782779
5.9781313,0.45555046,-1.4990611,-0.523,0.091239154
5.974398,0.507499,-1.5070031,-0.523,0.10420041
5.971082,0.5594095,-1.5160695,-0.523,0.118752345
5.9682417,0.6112634,-1.5263964,-0.523,0.13330428
5.9659405,0.6630483,-1.5379817,-0.523,0.14785622
5.9642434,0.7147498,-1.550823,-0.523,0.15430643
5.9632115,0.7664181,-1.5642201,-0.523,0.16075662
5.962872,0.8180427,-1.5781723,-0.523,0.16720682
5.963252,0.86961186,-1.5926794,-0.523,0.16038692
5.964382,0.92122823,-1.6065999,-0.523,0.15356702
5.9662323,0.97287965,-1.6199334,-0.523,0.14674711
5.9687734,1.0245551,-1.6326789,-0.523,0.1254895
5.9719825,1.0763445,-1.6435888,-0.523,0.10423188
5.975765,1.128223,-1.6526579,-0.523,0.08297427
5.980027,1.1801684,-1.6598822,-0.523,0.064261995
5.9846706,1.2321535,-1.6654798,-0.523,0.045549728
5.98961,1.2841653,-1.6694489,-0.523,0.026837457
5.9947596,1.3361923,-1.6717879,-0.523,0.008794064
6.000032,1.3882238,-1.6725544,-0.523,-0.00924933
6.0053444,1.440251,-1.6717482,-0.523,-0.027292723
6.0106134,1.4922653,-1.6693695,-0.523,-0.0429504
6.0157557,1.5442634,-1.6656268,-0.523,-0.058608074
6.0206995,1.5962391,-1.660521,-0.523,-0.07426575
6.025373,1.6481851,-1.6540534,-0.523,-0.08207286
6.0297074,1.7001284,-1.6469074,-0.523,-0.089879975
6.033668,1.7520666,-1.6390835,-0.523,-0.09768708
6.03722,1.803996,-1.630582,-0.523,-0.099650145
6.0403295,1.8559434,-1.6219102,-0.523,-0.10161321
6.0429873,1.9079057,-1.6130681,-0.523,-0.103576265
6.045186,1.959879,-1.6040559,-0.523,-0.11277972
6.046914,2.011818,-1.594246,-0.523,-0.121983185
6.048131,2.0637152,-1.5836395,-0.523,-0.13118663
6.048797,2.1155615,-1.5722373,-0.523,-0.13854666
6.0488715,2.1673603,-1.5601991,-0.523,-0.14590669
6.048323,2.2191017,-1.547526,-0.523,-0.15326671
6.0471206,2.2707746,-1.5342185,-0.523,-0.15715975
6.045232,2.3223953,-1.5205758,-0.523,-0.16105276
6.04264,2.3739536,-1.506598,-0.523,-0.1649458
6.0393305,2.4254375,-1.4922853,-0.523,-0.16494314
6.035284,2.4768686,-1.4779729,-0.523,-0.16494048
6.0305023,2.5282366,-1.4636606,-0.523,-0.16493782
6.024986,2.5795312,-1.4493487,-0.523,-0.16285452
6.0187335,2.630759,-1.4352158,-0.523,-0.16077122
6.0117555,2.6819108,-1.4212623,-0.523,-0.15868792
6.0040617,2.7329774,-1.4074879,-0.523,-0.16057718
5.995668,2.7839177,-1.393551,-0.523,-0.16246644
5.986568,2.8347204,-1.3794515,-0.523,-0.1643557
5.9767556,2.8853738,-1.3651897,-0.523,-0.15831399
5.966212,2.935932,-1.3514475,-0.523,-0.15227228
5.954963,2.9863882,-1.3382257,-0.523,-0.14623058
5.943038,3.036737,-1.3255246,-0.523,-0.13618654
5.9304557,3.087002,-1.3136903,-0.523,-0.1261425
5.9172626,3.137181,-1.3027241,-0.523,-0.11609846
5.903503,3.1872735,-1.2926269,-0.523,-0.112260856
5.889232,3.2372465,-1.2828621,-0.523,-0.10842325
5.8744674,3.2870991,-1.2734296,-0.523,-0.10458563
5.859227,3.3368304,-1.2643298,-0.523,-0.07366334
5.8434916,3.3865583,-1.2579147,-0.523,-0.04274105
5.827408,3.4362738,-1.2541902,-0.523,-0.0118187545
5.8111258,3.4859707,-1.25316,-0.523,-0.008397425
5.794792,3.5356529,-1.252428,-0.523,-0.004976094
5.7784214,3.585324,-1.2519944,-0.523,-0.0015547633
5.762029,3.6349885,-1.2518588,-0.523,0.018857967
5.745633,3.6846423,-1.2535025,-0.523,0.0392707
5.729328,3.7342932,-1.2569247,-0.523,0.05968343
5.7132096,3.7839496,-1.2621241,-0.5133118,0.07682221
5.6976614,3.8327105,-1.2686899,-0.50362366,0.093960986
5.682743,3.88058,-1.2765651,-0.49393547,0.111099765
5.668507,3.9275594,-1.2856923,-0.47646648,0.112546876
5.655191,3.9729934,-1.2946109,-0.45899746,0.11399398
5.642756,4.016867,-1.3033125,-0.44152847,0.115441084
5.6311636,4.0591664,-1.3117888,-0.4226713,0.11808666
5.620414,4.099739,-1.320088,-0.4038141,0.12073223
5.6104684,4.138573,-1.3281939,-0.38495693,0.123377815
5.6012907,4.1756577,-1.3360897,-0.3656081,0.14461182
5.592877,4.210845,-1.3448709,-0.34625924,0.16584584
5.585227,4.2441278,-1.354398,-0.3269104,0.18707985
5.5783305,4.2754993,-1.3645318,-0.3257646,0.16794586
5.5717525,4.3069367,-1.3736074,-0.32461882,0.14881188
5.565463,4.3384175,-1.3816289,-0.32347304,0.12967789
5.5594316,4.369921,-1.3886006,-0.3145171,0.1557063
5.5538015,4.400478,-1.3967296,-0.3055612,0.18173471
5.548597,4.430077,-1.405934,-0.2966053,0.2077631
5.5438337,4.458706,-1.4161308,-0.2848832,0.25023302
5.539582,4.4859776,-1.4278884,-0.27316114,0.29270294
5.5358567,4.511865,-1.4410248,-0.26143906,0.33517286
5.532662,4.536347,-1.4553574,-0.24423715,0.3759635
5.530045,4.558913,-1.4703035,-0.22703525,0.41675413
5.527962,4.579569,-1.4856206,-0.20983335,0.45754474
5.526361,4.5983257,-1.5010694,-0.20347524,0.46881777
5.5250964,4.6164336,-1.5163922,-0.19711712,0.4800908
5.5241456,4.633891,-1.5315657,-0.190759,0.49136382
5.5234857,4.650697,-1.5465666,-0.18887065,0.5220936
5.5230894,4.667063,-1.5622647,-0.1869823,0.55282336
5.5229535,4.682976,-1.5786285,-0.18509395,0.58355314
5.5230746,4.6984215,-1.5956261,-0.17984127,0.62998444
5.523435,4.712949,-1.6132845,-0.17458856,0.6764158
5.5240135,4.7265515,-1.6315,-0.16933587,0.7228471
5.524784,4.739227,-1.6501698,-0.15846343,0.7761988
5.5256805,4.750499,-1.6686724,-0.14759101,0.8295505
5.5266542,4.760417,-1.6868169,-0.13671857,0.8829022
5.527659,4.7690387,-1.7044214,-0.11499756,0.96735686
5.5285287,4.7755065,-1.7202027,-0.09327653,1.0
5.5292788,4.78049,-1.7332842,-0.07155551,1.0
5.5299044,4.7843056,-1.7433195,-0.048209056,1.0
5.530351,4.7868714,-1.7500806,-0.0248626,1.0
5.530591,4.788193,-1.7535675,-0.0015161458,1.0
5.530606,4.788274,-1.7537801,0.021610882,1.0
5.530393,4.7871256,-1.7507493,0.044737913,1.0
5.5299606,4.7847476,-1.744475,0.06786494,1.0
5.529327,4.781136,-1.7349573,0.08526512,1.0
5.528574,4.776591,-1.7229993,0.102665305,1.0
5.5277333,4.771108,-1.708601,0.120065495,1.0
5.526842,4.7646823,-1.6917623,0.13347659,1.0
5.525972,4.757523,-1.6730429,0.14688767,1.0
5.5251617,4.7496285,-1.6524427,0.16029875,1.0
5.5244555,4.7409964,-1.6299615,0.17297879,1.0
5.523903,4.7316666,-1.605702,0.18565881,1.0
5.5235524,4.7216415,-1.5796643,0.19833884,1.0
5.5234575,4.7109256,-1.5518483,0.20632094,1.0
5.523669,4.69978,-1.5229127,0.21430305,1.0
5.524223,4.6882143,-1.4928578,0.22228514,1.0
5.525158,4.676241,-1.4616834,0.2330472,1.0
5.5265293,4.663724,-1.4289997,0.24380927,1.0
5.528391,4.6506834,-1.3948065,0.25457135,1.0
5.5307994,4.637141,-1.3591042,0.2745306,1.0
5.533916,4.622639,-1.3206025,0.29448986,1.0
5.537855,4.6072235,-1.2793018,0.31444913,1.0
5.542738,4.5909505,-1.2352018,0.33953357,1.0
5.5487795,4.5736284,-1.1875839,0.36461803,1.0
5.5561457,4.555357,-1.1364479,0.38970247,1.0
5.5650063,4.5362563,-1.081794,0.41298586,0.94980836
5.576294,4.5150437,-1.0258136,0.43626928,0.8996168
5.590359,4.491842,-0.968874,0.45955268,0.8494252
5.607544,4.4668264,-0.91136086,0.45596963,0.8191397
5.62662,4.4422183,-0.8558421,0.45238656,0.7888543
5.6475186,4.4181466,-0.8023439,0.44880348,0.7585689
5.670159,4.394726,-0.75088984,0.4294501,0.75032175
5.6931243,4.373293,-0.70208466,0.4100967,0.74207455
5.7162027,4.353772,-0.65589285,0.39074332,0.7338274
5.7391987,4.3360753,-0.6122783,0.370696,0.6952364
5.7624936,4.319715,-0.57270235,0.3506487,0.65664536
5.785835,4.304665,-0.537026,0.3306014,0.61805433
5.8089867,4.2908807,-0.50509816,0.30525622,0.5852087
5.831255,4.2785673,-0.4769956,0.27991107,0.5523631
5.8524237,4.2676277,-0.45251733,0.25456592,0.5195175
5.8722973,4.2579656,-0.43145365,0.2257468,0.4662272
5.8906145,4.2495327,-0.41454074,0.19692765,0.41293693
5.9071245,4.2422676,-0.4013695,0.16810851,0.35964665
5.9216094,4.23612,-0.39150873,0.13913406,0.28656292
5.933945,4.2310276,-0.38495418,0.11015963,0.21347916
5.9439235,4.226985,-0.38106441,0.081185184,0.14039543
5.9513855,4.223995,-0.37917098,0.05204019,0.06647964
5.956209,4.222073,-0.37859482,0.022895193,-0.0074361563
5.9583364,4.221227,-0.3786232,-0.006249803,-0.08135195
5.9577575,4.2214575,-0.37853855,-0.03592137,-0.15982315
5.9544625,4.222768,-0.37758577,-0.06559293,-0.23829433
5.9485373,4.2251177,-0.37500528,-0.095264494,-0.3
5.9400687,4.2284513,-0.3703132,-0.12505007,-0.3
5.928932,4.2327747,-0.36415404,-0.15483563,-0.3
5.91511,4.2380433,-0.35652786,-0.1846212,-0.3
5.898582,4.2441993,-0.34743467,-0.21441238,-0.26776323
5.87914,4.2512393,-0.33797997,-0.24420355,-0.23552647
5.856737,4.2591133,-0.32848227,-0.2739947,-0.2032897
5.831337,4.2677703,-0.3192627,-0.303377,-0.13820831
5.802807,4.2772017,-0.31229672,-0.3327593,-0.073126934
5.771225,4.2873983,-0.30824474,-0.36214158,-0.008045554
5.736719,4.2983847,-0.30775914,-0.38959578,0.061902475
5.6996613,4.310164,-0.31177604,-0.41704997,0.13185051
5.660311,4.322846,-0.32091424,-0.44450417,0.20179853
5.618986,4.3365827,-0.335763,-0.45346516,0.27610725
5.577793,4.350958,-0.3563664,-0.4624262,0.350416
5.53709,4.36611,-0.382824,-0.47138718,0.42472473
5.497248,4.382154,-0.4151981,-0.4476966,0.37353235
5.459107,4.3989673,-0.44242597,-0.42400602,0.32234
5.4227624,4.4161854,-0.46481258,-0.40031543,0.27114767
5.3882856,4.4334745,-0.48268247,-0.3941164,0.30189762
5.354955,4.45094,-0.50221306,-0.38791737,0.33264756
5.322818,4.46859,-0.52332526,-0.38171834,0.3633975
5.291914,4.4864206,-0.545939,-0.36078548,0.318813
5.2626333,4.5042095,-0.56478643,-0.3398526,0.2742285
5.2349987,4.52172,-0.58012533,-0.31891975,0.229644
5.2090244,4.5387416,-0.59222466,-0.31370437,0.23785497
5.183729,4.55576,-0.60454375,-0.30848902,0.24606596
5.1591125,4.572766,-0.61706793,-0.30327365,0.25427693
5.135174,4.5897503,-0.62978244,-0.29043326,0.25544685
5.1124635,4.606301,-0.64201343,-0.27759287,0.25661674
5.0909595,4.6223793,-0.6537561,-0.26475248,0.25778666
5.0706377,4.6379485,-0.66500545,-0.25388926,0.23645414
5.0512147,4.653179,-0.674918,-0.24302603,0.21512163
5.0326777,4.6680145,-0.6835643,-0.23216282,0.19378912
5.0150146,4.6824026,-0.6910159,-0.21569425,0.17431635
4.998645,4.695941,-0.6972507,-0.19922568,0.15484358
4.983555,4.7085805,-0.70237166,-0.18275711,0.13537082
4.9697323,4.7202787,-0.7064824,-0.16947368,0.08330037
4.9568863,4.731242,-0.70883256,-0.15619023,0.031229908
4.945035,4.7414045,-0.7096454,-0.1429068,-0.02084055
4.9341965,4.750714,-0.70914906,-0.1328766,-0.06843488
4.924136,4.7593465,-0.7076347,-0.122846425,-0.1160292
4.9148636,4.767278,-0.7052644,-0.11281624,-0.16362353
4.9063883,4.7744937,-0.70220155,-0.099615276,-0.19088803
4.8989215,4.780811,-0.6990515,-0.086414315,-0.21815252
4.8924637,4.7862396,-0.6959345,-0.073213354,-0.24541703
4.887013,4.790793,-0.6929698,-0.060050163,-0.29236034
4.8825893,4.794466,-0.69008523,-0.046886973,-0.3
4.8791347,4.797318,-0.6877759,-0.033723783,-0.3
4.8766456,4.799363,-0.6861149,-0.014775808,-0.3
4.875553,4.800257,-0.68538713,0.0041721677,-0.3
4.875862,4.800005,-0.68559265,0.023120143,-0.3
4.8775716,4.7986064,-0.6867314,0.045062143,-0.3
4.880901,4.795877,-0.68895084,0.067004144,-0.3
4.885842,4.7918077,-0.692251,0.08894614,-0.3
4.892383,4.786384,-0.6966319,0.117009826,-0.3
4.900957,4.7792115,-0.702395,0.1450735,-0.3
4.9115357,4.770258,-0.7095404,0.17313719,-0.3
4.9240847,4.759482,-0.718068,0.20245472,-0.3
4.93865,4.746757,-0.72803956,0.23177224,-0.3
4.9551787,4.7320232,-0.73945516,0.26108977,-0.3
4.973607,4.7152147,-0.7523147,0.291063,-0.28723973
4.9939876,4.6961403,-0.766058,0.32103628,-0.27447945
5.016257,4.674716,-0.7805606,0.35100955,-0.2617192
5.0403476,4.6508574,-0.7956974,0.38100725,-0.19392824
5.06651,4.6241503,-0.80793506,0.411005,-0.12613729
5.0946846,4.5946765,-0.81655264,0.4410027,-0.058346342
5.1248302,4.562591,-0.8208387,0.47098625,-0.0004159212
5.156933,4.528128,-0.82087135,0.50096977,0.0575145
5.191022,4.491531,-0.8160718,0.523,0.11544492
5.2266135,4.453686,-0.8060312,0.523,0.15799081
5.2623734,4.4164195,-0.7923169,0.523,0.2005367
5.2983623,4.379929,-0.7749537,0.523,0.2430826
5.3346295,4.3444114,-0.75397307,0.523,0.25684533
5.3715043,4.3097844,-0.73183006,0.523,0.27060807
5.408997,4.2761073,-0.7085289,0.523,0.2843708
5.4471145,4.2434416,-0.684074,0.49511638,0.32230031
5.4835105,4.2137637,-0.65793604,0.46723276,0.3602298
5.518108,4.187027,-0.6304869,0.4393491,0.3981593
5.55082,4.1631517,-0.602096,0.41598055,0.3796724
5.5826616,4.1412697,-0.5764012,0.39261198,0.36118552
5.6134553,4.1212525,-0.5532774,0.3692434,0.34269863
5.643044,4.1029778,-0.5325979,0.34076658,0.33833563
5.6707363,4.0866556,-0.51374686,0.31228977,0.33397266
5.696431,4.0721564,-0.49668548,0.28381294,0.3296097
5.72004,4.05936,-0.481375,0.25504178,0.28944463
5.7417054,4.048043,-0.46924266,0.22627062,0.24927959
5.761263,4.038127,-0.45993894,0.19749945,0.20911452
5.778575,4.029551,-0.4531057,0.16862792,0.14636813
5.7935743,4.0222483,-0.44900674,0.1397564,0.08362174
5.8061204,4.016203,-0.4470612,0.11088487,0.020875346
5.816117,4.01141,-0.44667545,0.081399396,-0.04367466
5.8234515,4.0078974,-0.44726777,0.051913925,-0.10822467
5.8281045,4.0056653,-0.44820234,0.022428451,-0.17277467
5.830096,4.004708,-0.44884497,-0.007391678,-0.18974213
5.829442,4.005023,-0.44861263,-0.03721181,-0.2067096
5.8261604,4.0066023,-0.44733974,-0.067031935,-0.22367707
5.820267,4.00943,-0.4448616,-0.09691455,-0.20466392
5.811702,4.013513,-0.4415788,-0.12679717,-0.18565078
5.800435,4.018839,-0.43767798,-0.1566798,-0.16663763
5.786441,4.025388,-0.43334663,-0.18652782,-0.14403416
5.769687,4.033139,-0.42888436,-0.21637586,-0.12143068
5.7501545,4.042071,-0.42451602,-0.24622388,-0.098827206
5.727827,4.052163,-0.42046702,-0.27576482,-0.022264063
5.7026587,4.0634165,-0.41944382,-0.30530578,0.05429908
5.6748157,4.075832,-0.42220542,-0.33484674,0.13086222
5.6445327,4.0894356,-0.42948774,-0.3614358,0.20942149
5.6123896,4.104157,-0.44201112,-0.38802487,0.28798074
5.5787606,4.120072,-0.4603787,-0.41461393,0.36653998
5.5440836,4.137269,-0.4851441,-0.4170724,0.39188188
5.509986,4.155244,-0.51169276,-0.4195308,0.41722378
5.476544,4.174024,-0.5400267,-0.42198926,0.44256568
5.443837,4.1936307,-0.57014686,-0.40075052,0.41519213
5.4129677,4.2134237,-0.5970884,-0.37951174,0.38781857
5.3839135,4.2331767,-0.62100834,-0.35827297,0.36044502
5.356648,4.2526836,-0.64206827,-0.3535058,0.37356195
5.33029,4.272393,-0.66356933,-0.34873858,0.3866789
5.3048444,4.2922873,-0.6854884,-0.3439714,0.39979583
5.2803173,4.3123455,-0.7078024,-0.3292877,0.38523182
5.2571316,4.3321853,-0.7284254,-0.314604,0.37066782
5.2352495,4.351706,-0.74741894,-0.29992032,0.35610378
5.214632,4.3708143,-0.7648456,-0.29073188,0.33733198
5.1948385,4.3898106,-0.7808829,-0.28154343,0.31856018
5.1758466,4.4086313,-0.79557943,-0.272355,0.2997884
5.1576357,4.4272175,-0.80898464,-0.25939807,0.2942165
5.1405005,4.4451804,-0.82152176,-0.24644119,0.28864464
5.124409,4.462478,-0.8332135,-0.23348428,0.28307277
5.1093326,4.4790707,-0.8440825,-0.232232,0.25554717
5.0944037,4.495863,-0.8538662,-0.23097973,0.22802155
5.0796194,4.512824,-0.8625684,-0.22972745,0.20049594
5.0649753,4.529923,-0.87019366,-0.21757938,0.2160899
5.051275,4.546169,-0.8779689,-0.20543131,0.23168387
5.038504,4.5615535,-0.88583064,-0.19328326,0.24727783
5.026648,4.5760665,-0.8937155,-0.18212196,0.1923877
5.015448,4.589999,-0.8995192,-0.17096068,0.13749759
5.004915,4.6032596,-0.9034247,-0.15979938,0.08260748
4.9950585,4.6157684,-0.9056223,-0.14395536,0.07406778
4.986198,4.6270638,-0.90739775,-0.12811135,0.06552808
4.978326,4.637136,-0.9087959,-0.11226734,0.056988377
4.971436,4.645977,-0.9098616,-0.10288578,0.03203091
4.9651237,4.6540947,-0.91041076,-0.093504235,0.0070734443
4.959388,4.6614795,-0.91052103,-0.08412268,-0.017884022
4.9542294,4.6681223,-0.9102703,-0.067567684,-0.01647703
4.950084,4.673457,-0.9100847,-0.05101269,-0.015070039
4.946954,4.6774845,-0.90995663,-0.034457695,-0.013663048
4.9448395,4.680205,-0.90987813,-0.023215223,-0.034483664
4.943415,4.6820364,-0.90974474,-0.011972752,-0.05530428
4.9426813,4.68298,-0.9096345,-0.00073028053,-0.0761249
4.9426365,4.6830373,-0.9096252,0.017823016,-0.07770483
4.9437275,4.681635,-0.9098558,0.036376312,-0.07928476
4.9459534,4.6787724,-0.91033596,0.05492961,-0.08086468
4.949312,4.6744485,-0.9110755,0.07989228,-0.080531664
4.954193,4.668156,-0.9121466,0.10485495,-0.08019864
4.96059,4.6598907,-0.9135467,0.12981762,-0.07986562
4.968496,4.6496463,-0.91527283,0.15892394,-0.036403447
4.978177,4.6370564,-0.9162368,0.18803027,0.007058722
4.989624,4.62214,-0.9160156,0.2171366,0.05052089
5.0028305,4.604939,-0.9141881,0.24691747,0.1352972
5.0177655,4.5855603,-0.90863717,0.27669835,0.2200735
5.034367,4.5642643,-0.8985699,0.30647922,0.3048498
5.0525727,4.54139,-0.8832383,0.33647394,0.39749616
5.0722623,4.5174146,-0.86152947,0.36646864,0.49014252
5.0933194,4.4928794,-0.8327769,0.39646333,0.5827889
5.115591,4.4683905,-0.796411,0.4264582,0.5086191
5.1416373,4.441764,-0.7617988,0.45645308,0.43444934
5.171598,4.4131856,-0.72977775,0.48644793,0.36027956
