-6.49982,2.2187293,1.5209131,0.4038808,0.0
-6.497806,2.259067,1.5209131,0.37416607,-0.02246486
-6.495941,2.2964277,1.5195124,0.34445137,-0.04492972
-6.494177,2.330793,1.5169339,0.31473666,-0.06739458
-6.4924865,2.3621495,1.5134013,0.2852991,0.00017565489
-6.49085,2.3906324,1.5134096,0.2558615,0.06774589
-6.4893856,2.416118,1.5162964,0.22642393,0.13531612
-6.4881635,2.43852,1.5213872,0.19732553,0.2020798
-6.487209,2.4578273,1.5279881,0.16822712,0.2688435
-6.486515,2.474031,1.5354353,0.13912871,0.33560717
-6.4860506,2.4871595,1.5430722,0.10973205,0.39040837
-6.4857693,2.497303,1.5500323,0.08033538,0.44520953
-6.4856186,2.504552,1.5557983,0.050938707,0.5000107
-6.4855514,2.5090218,1.5598686,0.02177695,0.52713615
-6.485531,2.5109036,1.5616944,-0.0073848083,0.5542616
-6.4855366,2.5102758,1.5610466,-0.036546566,0.5813871
-6.4855666,2.5072217,1.5577015,-0.06539469,0.61062294
-6.4856367,2.5018644,1.5514522,-0.094242826,0.63985884
-6.485783,2.4943058,1.5420737,-0.12309095,0.6690947
-6.48606,2.4846547,1.5293487,-0.15118869,0.68759507
-6.486544,2.4729812,1.513356,-0.17928642,0.70609546
-6.4873276,2.4593618,1.493967,-0.20738414,0.72459584
-6.488519,2.4438794,1.4710569,-0.23520209,0.73045146
-6.490264,2.426447,1.4449022,-0.26302004,0.7363071
-6.4927106,2.4071126,1.4154634,-0.29083797,0.7421627
-6.496027,2.3859358,1.3827013,-0.3185749,0.75264436
-6.500375,2.3630936,1.3464066,-0.3463118,0.76312596
-6.505944,2.3386939,1.3065124,-0.3740487,0.7736076
-6.5129337,2.3128636,1.262953,-0.40049183,0.7716744
-6.5216312,2.285508,1.2164068,-0.42693496,0.76974124
-6.5322704,2.2567554,1.166886,-0.45337808,0.767808
-6.5450897,2.2267625,1.1144029,-0.4730445,0.7683858
-6.5600796,2.1962304,1.0596105,-0.49271092,0.7689636
-6.5774016,2.165349,1.0025061,-0.5123773,0.7695414
-6.5972075,2.1343327,0.9430869,-0.523,0.7777031
-6.619093,2.104171,0.8819269,-0.523,0.7858649
-6.64259,2.075636,0.82026196,-0.523,0.7940266
-6.667594,2.0488245,0.7580963,-0.523,0.79218334
-6.6942654,2.0235713,0.6960434,-0.523,0.79034007
-6.7225037,1.9999766,0.63410336,-0.523,0.7884968
-6.752204,1.9781346,0.57227653,-0.523,0.7780792
-6.78352,1.9579613,0.5110932,-0.523,0.7676616
-6.816343,1.9395545,0.45055988,-0.523,0.757244
-6.850558,1.9230031,0.39068326,-0.523,0.74602205
-6.8860726,1.9083762,0.33152124,-0.523,0.73480004
-6.9227643,1.895746,0.27308133,-0.523,0.7235781
-6.960508,1.8851749,0.21537086,-0.523,0.71463084
-6.9990993,1.8767325,0.15824717,-0.523,0.7056835
-7.0384107,1.8704591,0.101714864,-0.523,0.6967363
-7.0783143,1.8663862,0.045778442,-0.523,0.68045104
-7.118924,1.8645259,-0.009061914,-0.523,0.66416574
-7.160105,1.864899,-0.06279166,-0.523,0.6478805
-7.201725,1.8675159,-0.115396544,-0.523,0.63643456
-7.243506,1.8723588,-0.16720247,-0.523,0.6249887
-7.2853284,1.8794174,-0.21820265,-0.523,0.6135428
-7.3270755,1.8886741,-0.26839042,-0.523,0.59531754
-7.368828,1.9001572,-0.317271,-0.523,0.5770923
-7.4104705,1.9138311,-0.36482823,-0.523,0.5588671
-7.451895,1.9296522,-0.41104624,-0.523,0.5317442
-7.493219,1.9476641,-0.45524302,-0.523,0.50462127
-7.5343375,1.9677933,-0.497386,-0.523,0.4774984
-7.575159,1.989956,-0.53744423,-0.52122575,0.46626422
-7.6151543,2.0137913,-0.57649726,-0.5194515,0.45503002
-7.6542726,2.039225,-0.6145462,-0.51767725,0.44379586
-7.692471,2.0661824,-0.6515921,-0.49677792,0.43189773
-7.728344,2.093543,-0.6862502,-0.4758786,0.41999957
-7.7619596,2.1210759,-0.7185909,-0.45497927,0.40810144
-7.7933946,2.1485686,-0.7486853,-0.4297439,0.41201887
-7.8222423,2.1753724,-0.77736783,-0.4045085,0.41593626
-7.848616,2.2013257,-0.8046079,-0.37927312,0.41985366
-7.8726306,2.226281,-0.8303749,-0.3577751,0.39903563
-7.89487,2.2506163,-0.8535426,-0.3362771,0.3782176
-7.915412,2.2741675,-0.8742385,-0.31477907,0.35739958
-7.9343314,2.2967873,-0.8925922,-0.30232176,0.33779317
-7.9522266,2.3189986,-0.9092907,-0.28986442,0.31818676
-7.9691396,2.3407228,-0.92440444,-0.2774071,0.29858032
-7.985109,2.3618875,-0.938005,-0.2546219,0.26657888
-7.999635,2.3816943,-0.94918424,-0.2318367,0.23457745
-8.012767,2.4000251,-0.9581653,-0.20905152,0.202576
-8.024542,2.4167788,-0.9651753,-0.19293746,0.19338623
-8.03532,2.4323454,-0.97135514,-0.17682342,0.18419647
-8.045128,2.4466977,-0.9767529,-0.16070937,0.1750067
-8.053986,2.4598122,-0.9814165,-0.15936778,0.16367915
-8.062725,2.472883,-0.98574466,-0.15802619,0.15235162
-8.071351,2.485905,-0.98974174,-0.15668459,0.14102408
-8.079866,2.4988718,-0.9934123,-0.15058872,0.12754777
-8.088019,2.511387,-0.9966048,-0.14449285,0.114071466
-8.095817,2.5234404,-0.99934596,-0.13839696,0.10059516
-8.103264,2.5350223,-1.0016624,-0.13600807,0.08231313
-8.110568,2.5464404,-1.0035262,-0.13361919,0.064031094
-8.117733,2.5576863,-1.0049511,-0.1312303,0.04574906
-8.124762,2.5687523,-1.0059514,-0.12893459,0.03312133
-8.1316595,2.579637,-1.006663,-0.12663889,0.020493597
-8.13843,2.5903366,-1.0070956,-0.12434318,0.007865864
-8.145073,2.6008468,-1.0072585,-0.12091022,-0.005708414
-8.151531,2.611068,-1.0071435,-0.11747727,-0.019282693
-8.157807,2.6209965,-1.006766,-0.11404431,-0.03285697
-8.1639,2.6306293,-1.0061415,-0.11257628,-0.044965465
-8.169919,2.6401298,-1.0052981,-0.111108266,-0.05707396
-8.175862,2.6494956,-1.0042418,-0.10964024,-0.06918245
-8.181733,2.6587245,-1.0029787,-0.107083134,-0.085896544
-8.18747,2.6677191,-1.0014476,-0.10452603,-0.10261064
-8.193076,2.6764765,-0.9996631,-0.10196892,-0.11932474
-8.198549,2.6849942,-0.99764,-0.10450581,-0.14411229
-8.204158,2.6936836,-0.9951386,-0.1070427,-0.16889985
-8.209902,2.702535,-0.99213964,-0.109579585,-0.19368741
-8.215783,2.7115374,-0.9886244,-0.10930405,-0.21881372
-8.221649,2.7204494,-0.9846699,-0.10902851,-0.24394003
-8.227502,2.7292638,-0.980281,-0.10875297,-0.26906633
-8.233339,2.7379723,-0.9754627,-0.11065524,-0.2845697
-8.239295,2.7467656,-0.970285,-0.11255751,-0.3
-8.245371,2.7556374,-0.9647412,-0.114459775,-0.3
-8.251599,2.7646246,-0.95910364,-0.110562265,-0.3
-8.257666,2.7732718,-0.9536581,-0.10666476,-0.3
-8.263562,2.7815824,-0.9484045,-0.10276725,-0.3
