-2.0027435,-7.379809,-2.3963418,0.22094263,0.0
-2.018981,-7.394792,-2.3963418,0.24773015,0.0997922
-2.0370965,-7.4115086,-2.3922284,0.2745177,0.1995844
-2.0567956,-7.4298368,-2.3831573,0.3013052,0.29937658
-2.077695,-7.4496384,-2.368347,0.32933939,0.39876634
-2.0994146,-7.4708366,-2.3470342,0.35737354,0.49815613
-2.1214094,-7.493238,-2.318575,0.3854077,0.59754586
-2.1430762,-7.5165997,-2.2824357,0.41350597,0.6933726
-2.1638455,-7.5406833,-2.238388,0.44160423,0.78919935
-2.183104,-7.565112,-2.186147,0.4697025,0.8850261
-2.200274,-7.589401,-2.1255608,0.4971531,0.9383912
-2.2157528,-7.61438,-2.058726,0.523,0.9917563
-2.2291696,-7.63966,-1.9857686,0.523,1.0
-2.2405622,-7.665519,-1.9124204,0.523,0.9893288
-2.250186,-7.692585,-1.8395789,0.523,0.9786576
-2.2579377,-7.7207274,-1.7672524,0.523,0.9679864
-2.2637255,-7.7498093,-1.6954492,0.523,0.9438577
-2.2675405,-7.780254,-1.6248593,0.523,0.919729
-2.269253,-7.811903,-1.5555236,0.523,0.8956003
-2.2687538,-7.8445897,-1.4874827,0.523,0.8777743
-2.2659733,-7.8778863,-1.4204237,0.523,0.8599483
-2.2608614,-7.911626,-1.3543681,0.523,0.84212226
-2.2533827,-7.9456387,-1.2893367,0.523,0.8201129
-2.2434735,-7.979911,-1.2255985,0.523,0.79810345
-2.2311196,-8.014266,-1.1631842,0.523,0.7760941
-2.2163236,-8.0485325,-1.1021242,0.523,0.75506157
-2.1991198,-8.082512,-1.0423859,0.523,0.73402905
-2.1795423,-8.116047,-0.9839959,0.523,0.71299654
-2.157638,-8.14899,-0.9269799,0.523,0.6953671
-2.1335337,-8.1811075,-0.87113506,0.523,0.67773765
-2.1072981,-8.212277,-0.8164788,0.523,0.6601082
-2.0790071,-8.242383,-0.76302797,0.523,0.6485833
-2.048883,-8.271189,-0.71037424,0.523,0.63705844
-2.017011,-8.298605,-0.6585246,0.523,0.6255336
-1.9834791,-8.32455,-0.6074859,0.523,0.6108952
-1.9483032,-8.349004,-0.557487,0.523,0.5962568
-1.9115803,-8.371899,-0.50853866,0.523,0.5816184
-1.8734099,-8.393176,-0.46065128,0.523,0.5694824
-1.833955,-8.412756,-0.41365135,0.523,0.55734634
-1.7933135,-8.430597,-0.36754575,0.523,0.54521036
-1.7515826,-8.446665,-0.3223413,0.523,0.5249271
-1.7086552,-8.461002,-0.27865773,0.523,0.50464386
-1.6646405,-8.473596,-0.23651302,0.523,0.48436064
-1.619645,-8.48444,-0.1959245,0.523,0.47277412
-1.5739727,-8.493505,-0.15623248,0.523,0.4611876
-1.5277072,-8.5007925,-0.117442265,0.523,0.44960108
-1.4809293,-8.506311,-0.07955908,0.523,0.43252987
-1.4335958,-8.510085,-0.043021515,0.523,0.41545865
-1.3857892,-8.512143,-0.007840213,0.523,0.39838743
-1.3375864,-8.512521,0.025974574,0.523,0.38758644
-1.2891821,-8.511264,0.058919653,0.523,0.3767855
-1.2406353,-8.5084,0.09099118,0.523,0.3659845
-1.192001,-8.5039625,0.1221854,0.523,0.3513813
-1.1432627,-8.497977,0.15218773,0.523,0.3367781
-1.0944712,-8.490494,0.18099178,0.523,0.3221749
-1.0456724,-8.4815645,0.20859139,0.523,0.31226563
-0.99698055,-8.471257,0.23537034,0.523,0.30235636
-0.9484296,-8.459615,0.26132601,0.523,0.29244706
-0.90005046,-8.446675,0.28645584,0.523,0.27947515
-0.85182816,-8.432471,0.31050086,0.523,0.2665032
-0.8037871,-8.417056,0.33345705,0.523,0.25353128
-0.7559478,-8.400485,0.35532054,0.523,0.24499339
-0.7083789,-8.3828335,0.3764628,0.523,0.2364555
-0.6610948,-8.364141,0.3968823,0.523,0.22791761
-0.61410743,-8.344448,0.41657758,0.523,0.21550074
-0.56738645,-8.323775,0.435217,0.523,0.20308387
-0.52093655,-8.302178,0.4527977,0.523,0.190667
-0.47475925,-8.279713,0.469317,0.523,0.18323386
-0.42889494,-8.256454,0.48519966,0.523,0.17580071
-0.38334435,-8.232438,0.5004448,0.523,0.16836758
-0.3381068,-8.207699,0.5150516,0.523,0.15679845
-0.2931502,-8.182253,0.5286633,0.523,0.14522932
-0.2484655,-8.156152,0.54127795,0.523,0.1336602
-0.20404153,-8.129445,0.55289406,0.523,0.13050193
-0.15991224,-8.102213,0.5642372,0.523,0.12734365
-0.11607676,-8.074471,0.5753073,0.523,0.12418539
-0.07253368,-8.046234,0.58610433,0.523,0.108910695
-0.029220615,-8.017478,0.59557897,0.523,0.093636006
0.013884911,-7.9882665,0.603729,0.523,0.07836132
0.056807425,-7.958666,0.6105525,0.523,0.07858079
0.09952622,-7.928774,0.6173951,0.523,0.07880027
0.14203875,-7.8985906,0.62425673,0.523,0.07901974
0.18434243,-7.868117,0.63113743,0.523,0.060070116
0.22649103,-7.837312,0.6363704,0.523,0.04112049
0.26851818,-7.8062577,0.63995373,0.523,0.02217086
0.31045893,-7.775034,0.6418862,0.523,0.035970636
0.35232243,-7.743742,0.6450209,0.523,0.049770407
0.39406294,-7.7123375,0.64935744,0.523,0.06357019
0.43563432,-7.6807766,0.6548949,0.523,0.027453583
0.47709844,-7.648934,0.65728766,0.523,-0.008663016
0.5185003,-7.6169815,0.6565325,0.523,-0.044779617
0.55988634,-7.5850906,0.65263057,0.523,-0.008251017
0.6014367,-7.5533314,0.6519113,0.523,0.028277582
0.64299464,-7.521613,0.65437585,0.523,0.06480618
0.68440384,-7.4898467,0.6600208,0.523,0.012262714
0.72571665,-7.4577823,0.6610897,0.523,-0.040280752
0.7669648,-7.4256973,0.65757954,0.523,-0.09282422
0.8081807,-7.393869,0.64949995,0.523,-0.038529634
0.84980077,-7.3622622,0.6461423,0.523,0.015764952
0.89155257,-7.3307757,0.6475164,0.523,0.07005954
0.9331639,-7.2993054,0.6536183,0.523,-0.0037881255
0.974684,-7.2675037,0.65328807,0.523,-0.07763579
1.0160898,-7.2358117,0.64652765,0.523,-0.15148345
1.0573566,-7.204666,0.6333738,0.523,-0.08289333
1.0993675,-7.1738176,0.6261565,0.523,-0.014303195
1.141741,-7.1431713,0.6249098,0.523,0.054286934
1.1840947,-7.1126194,0.6296395,0.523,-0.018446643
1.2263584,-7.0818276,0.6280316,0.523,-0.09118022
1.2685031,-7.051226,0.6200948,0.523,-0.16391379
1.3104955,-7.0212417,0.60587084,0.523,-0.11023919
1.3532255,-6.9916387,0.5962811,0.523,-0.056564588
1.3964309,-6.9623156,0.5913532,0.523,-0.0028899848
1.4398495,-6.933159,0.5911013,0.523,-0.057985734
1.4832026,-6.9040627,0.5860497,0.523,-0.113081485
1.5264971,-6.8753214,0.5762138,0.523,-0.16817723
1.5697336,-6.8472276,0.56162333,0.523,-0.14442101
1.613539,-6.819665,0.54907835,0.523,-0.1206648
1.6578269,-6.7925677,0.5385859,0.523,-0.096908584
1.7025124,-6.7658677,0.5301519,0.523,-0.13510045
1.747222,-6.7396626,0.51841146,0.523,-0.17329231
1.7919698,-6.714136,0.5033816,0.523,-0.21148418
1.8367616,-6.689469,0.48508435,0.523,-0.19964862
1.882109,-6.665567,0.467797,0.523,-0.18781306
1.9279692,-6.6423984,0.45152205,0.523,-0.1759775
1.9743011,-6.6199307,0.43626174,0.523,-0.20230618
2.020736,-6.598282,0.41874743,0.523,-0.22863486
2.0672736,-6.577569,0.39899126,0.523,-0.25496355
2.1139078,-6.557908,0.37700695,0.523,-0.25651988
2.1609437,-6.539284,0.3548914,0.523,-0.2580762
2.2083604,-6.5217123,0.3326446,0.523,-0.25963253
2.2561367,-6.5052066,0.31026673,0.523,-0.27277002
2.3040981,-6.489829,0.28678402,0.523,-0.28590748
2.3522258,-6.4756355,0.26220056,0.523,-0.29904494
2.4004965,-6.462681,0.23652059,0.523,-0.3
2.4490695,-6.450973,0.21076109,0.523,-0.3
2.497928,-6.4405203,0.18500157,0.523,-0.3
2.5470395,-6.4313297,0.15924206,0.523,-0.3
2.5963714,-6.4234066,0.13348255,0.523,-0.3
2.6458912,-6.416757,0.107723035,0.523,-0.3
2.6955655,-6.4113855,0.081963524,0.523,-0.3
2.745362,-6.4072948,0.056204014,0.523,-0.3
2.795247,-6.404488,0.030444503,0.523,-0.3
2.8451881,-6.402967,0.004684992,0.523,-0.3
2.8951516,-6.402733,-0.021074519,0.523,-0.3
2.9451046,-6.4037857,-0.04683403,0.523,-0.3
2.995014,-6.406125,-0.07259354,0.523,-0.3
3.0448465,-6.409749,-0.09835305,0.523,-0.3
3.0945692,-6.414655,-0.12411256,0.523,-0.3
3.1441488,-6.4208403,-0.14987208,0.523,-0.3
3.193553,-6.4283004,-0.17563158,0.523,-0.3
3.2427483,-6.437031,-0.2013911,0.523,-0.3
3.2917027,-6.4470253,-0.2271506,0.523,-0.3
3.3403833,-6.458277,-0.2529101,0.523,-0.3
3.388758,-6.4707794,-0.27866963,0.523,-0.3
3.4367945,-6.4845233,-0.30442914,0.523,-0.28462473
3.4846823,-6.4995694,-0.3289053,0.523,-0.26924947
3.5323954,-6.5158544,-0.35209236,0.523,-0.25387418
3.5799134,-6.5333123,-0.37398475,0.523,-0.23603979
3.6272485,-6.5518894,-0.39436904,0.523,-0.21820539
3.674389,-6.571508,-0.4132387,0.523,-0.200371
3.7213283,-6.59209,-0.43058774,0.523,-0.20468037
3.7678623,-6.613465,-0.4483047,0.523,-0.20898975
3.8139687,-6.63564,-0.46638936,0.523,-0.21329913
3.8596241,-6.6586246,-0.48484126,0.523,-0.21199742
3.9048607,-6.682454,-0.50318223,0.523,-0.2106957
3.949665,-6.7071166,-0.5214123,0.523,-0.20939398
3.9940245,-6.7325983,-0.5395314,0.523,-0.20414764
4.0379634,-6.7589087,-0.55720294,0.523,-0.1989013
4.0814776,-6.7860203,-0.5744264,0.523,-0.19365495
4.1245627,-6.8139067,-0.59120136,0.523,-0.18777773
4.1672225,-6.842544,-0.60747325,0.523,-0.18190049
4.2094574,-6.871904,-0.62324166,0.523,-0.17602326
4.2512684,-6.9019585,-0.6385059,0.523,-0.16997883
4.2926593,-6.9326797,-0.6532511,0.523,-0.16393438
4.3336344,-6.96404,-0.66747683,0.523,-0.15788995
4.3741994,-6.9960113,-0.68118244,0.523,-0.14887324
4.414378,-7.028581,-0.69411135,0.523,-0.13985652
4.4541845,-7.061711,-0.70626247,0.523,-0.1308398
4.4936337,-7.095363,-0.71763486,0.523,-0.12214526
4.532741,-7.1294994,-0.7282554,0.523,-0.11345072
4.5715237,-7.164085,-0.7381233,0.523,-0.10475618
4.6099997,-7.1990848,-0.74723786,0.5227459,-0.097867705
4.648163,-7.2344413,-0.7557509,0.5224919,-0.09097923
4.6860304,-7.270128,-0.76366264,0.5222378,-0.084090754
4.723619,-7.3061166,-0.77097327,0.5204194,-0.076284304
4.7608366,-7.3422756,-0.7775835,0.51860106,-0.06847785
4.797706,-7.3785734,-0.78349763,0.51678264,-0.06067139
4.83425,-7.4149785,-0.7887201,0.51445884,-0.05706384
4.8704476,-7.4514174,-0.7936103,0.5121351,-0.053456295
4.906311,-7.487875,-0.79817086,0.5098113,-0.049848747
4.9418526,-7.5243363,-0.8024047,0.50673544,-0.044114254
4.9770355,-7.5607367,-0.8061292,0.5036596,-0.038379766
5.011878,-7.5970545,-0.80935013,0.50058377,-0.032645274
5.046398,-7.6332693,-0.8120733,0.4971546,-0.025175964
5.0805917,-7.6693373,-0.8141591,0.49372542,-0.017706657
5.1144795,-7.7052326,-0.8156161,0.49029627,-0.010237348
5.1480837,-7.740932,-0.8164526,0.48950595,-0.0034108995
5.1816053,-7.7766027,-0.8167309,0.48871562,0.0034155487
5.215063,-7.812226,-0.8164527,0.4879253,0.010241997
5.248475,-7.84778,-0.8156198,0.4904877,0.010909664
5.2820916,-7.883493,-0.81472796,0.4930501,0.011577332
5.315916,-7.9193616,-0.8137766,0.4956125,0.012244999
5.34995,-7.9553843,-0.8127652,0.50268465,0.019539129
5.3845024,-7.991882,-0.8111283,0.50975674,0.02683326
5.4195957,-8.02883,-0.80884886,0.5168289,0.034127392
5.4552536,-8.066199,-0.80590975,0.5098741,0.06770369
5.490479,-8.1029005,-0.80016077,0.5029193,0.10127999
5.5253325,-8.138799,-0.79168594,0.49596453,0.13485628
5.559865,-8.173768,-0.7805724,0.46845075,0.15369615
5.5927563,-8.206344,-0.7686197,0.440937,0.172536
5.6239834,-8.23654,-0.75600296,0.41342327,0.19137587
5.6535144,-8.264384,-0.7428968,0.3864707,0.23439273
5.6812,-8.289811,-0.727937,0.35951814,0.27740958
5.7070136,-8.312817,-0.71152705,0.33256558,0.32042646
5.730919,-8.333427,-0.69406897,0.31674004,0.34584558
5.7538238,-8.3524885,-0.67617357,0.3009145,0.37126473
5.7756953,-8.370037,-0.65797853,0.28508896,0.39668387
5.7965007,-8.386117,-0.63962066,0.28290364,0.34259313
5.8178797,-8.402022,-0.6237813,0.2807183,0.28850237
5.839723,-8.417742,-0.6104698,0.27853295,0.23441163
5.8619213,-8.433271,-0.5996873,0.27294362,0.25145954
5.8837447,-8.448192,-0.5883684,0.26735425,0.26850748
5.9051876,-8.462499,-0.5765472,0.2617649,0.28555542
5.926244,-8.476191,-0.5642578,0.2569119,0.27355906
5.9471455,-8.489419,-0.5526899,0.2520589,0.26156273
5.967869,-8.502201,-0.54182655,0.24720588,0.2495664
