-5.8985133,2.8596692,0.17710897,0.8711688,0.0
-5.8127594,2.875018,0.17710897,0.523,0.04097159
-5.7613206,2.8842247,0.18067934,0.4931359,0.08194318
-5.7129726,2.8930564,0.18740664,0.46327183,0.12291477
-5.6678,2.9016228,0.19687326,0.4332949,0.026794326
-5.625323,2.910095,0.198808,0.40331796,-0.06932612
-5.5858803,2.9180415,0.19415165,0.37334102,-0.16544655
-5.549748,2.925146,0.1839039,0.3434433,-0.24077258
-5.516957,2.9312456,0.17025472,0.31354555,-0.3
-5.4874353,2.9363208,0.15481155,0.28364784,-0.3
-5.460662,2.940499,0.14084093,0.25387603,-0.26360387
-5.4363937,2.9439397,0.12981588,0.22410423,-0.22720775
-5.414743,2.9467664,0.12140233,0.1943324,-0.19081163
-5.395803,2.949077,0.11525962,0.1645656,-0.12936042
-5.379592,2.9509537,0.111721456,0.13479877,-0.06790922
-5.366227,2.9524531,0.11019695,0.105031945,-0.006458008
-5.3557878,2.9536083,0.1100839,0.075230144,0.05532986
-5.348322,2.9544334,0.110777296,0.045428332,0.117117725
-5.3438377,2.9549322,0.11166201,0.015626527,0.17890559
-5.3423095,2.9551036,0.11212548,-0.014198839,0.24399874
-5.343679,2.9549494,0.11155377,-0.044024203,0.30909187
-5.3478465,2.9544826,0.10932179,-0.07384957,0.374185
-5.3546796,2.9537325,0.10482295,-0.103667445,0.42523977
-5.364071,2.9527445,0.097695135,-0.13348532,0.47629455
-5.3758774,2.9515874,0.08749487,-0.1633032,0.52734935
-5.389935,2.9503543,0.07379796,-0.1930756,0.5132604
-5.406709,2.949114,0.057997294,-0.222848,0.49917156
-5.426242,2.94798,0.0402178,-0.2526204,0.48508266
-5.4485717,2.9470816,0.020585762,-0.2822894,0.4638478
-5.473812,2.9465618,-0.00046326846,-0.31195834,0.44261292
-5.502002,2.946575,-0.022732,-0.3416273,0.42137805
-5.5331683,2.9472835,-0.04602064,-0.37084138,0.40445098
-5.5672245,2.9488518,-0.070342526,-0.40005544,0.38752395
-5.6041718,2.951455,-0.09553916,-0.42926952,0.37059692
-5.644002,2.955272,-0.121450715,-0.4557453,0.35157678
-5.686474,2.960456,-0.14760888,-0.4822211,0.33255666
-5.731558,2.9671595,-0.17384657,-0.5086969,0.31353655
-5.779218,2.9755294,-0.1999957,-0.5051591,0.2959961
-5.8265743,2.9851289,-0.22455423,-0.50162125,0.27845562
-5.8735933,2.9958682,-0.24753442,-0.4980834,0.26091516
-5.920249,3.007659,-0.2689491,-0.47405759,0.2660845
-5.964342,3.0198123,-0.28972512,-0.4500318,0.27125385
-6.0058928,3.0321991,-0.30982202,-0.426006,0.2764232
-6.044925,3.0446944,-0.32919934,-0.4011252,0.26297808
-6.0815787,3.0572164,-0.3465786,-0.3762444,0.24953298
-6.11587,3.0696008,-0.36206427,-0.3513636,0.23608787
-6.1478167,3.081701,-0.37576166,-0.34354532,0.22132343
-6.1789947,3.094001,-0.38833088,-0.33572704,0.20655897
-6.2094073,3.106443,-0.39980677,-0.32790878,0.19179451
-6.239058,3.1189725,-0.41022447,-0.30740878,0.1712582
-6.266836,3.131053,-0.41895604,-0.2869088,0.15072186
-6.2927485,3.1425924,-0.42613602,-0.2664088,0.13018554
-6.3168015,3.1535113,-0.4319001,-0.24272178,0.12836865
-6.3386636,3.163588,-0.43707886,-0.21903475,0.12655175
-6.3583493,3.1727855,-0.4416864,-0.19534771,0.12473484
-6.375872,3.181071,-0.445737,-0.18248443,0.097298905
-6.3922596,3.1889012,-0.44869158,-0.16962114,0.06986298
-6.4075055,3.1962411,-0.45066503,-0.15675786,0.04242704
-6.4216037,3.2030628,-0.45177314,-0.15802391,0.034237087
-6.435812,3.2099576,-0.4526747,-0.15928997,0.026047135
-6.450132,3.216922,-0.4533661,-0.16055602,0.017857183
-6.4645634,3.2239532,-0.45384392,-0.15294787,-0.00055859087
-6.4783096,3.2306588,-0.4538297,-0.14533971,-0.018974364
-6.49137,3.2370296,-0.4533701,-0.13773157,-0.037390135
-6.503743,3.243058,-0.452512,-0.13696441,-0.05209429
-6.5160446,3.2490382,-0.45132336,-0.13619727,-0.06679843
-6.528273,3.2549653,-0.44980818,-0.13543013,-0.08150259
-6.5404286,3.2608342,-0.44797057,-0.1322195,-0.10494808
-6.5522804,3.2665296,-0.4456621,-0.12900886,-0.12839358
-6.563825,3.2720447,-0.44290906,-0.12579824,-0.15183906
-6.5750604,3.277374,-0.43973777,-0.1284539,-0.17348137
-6.586509,3.2827604,-0.4360423,-0.13110955,-0.19512367
-6.598168,3.2881927,-0.43180555,-0.1337652,-0.21676597
-6.6100326,3.29366,-0.4270107,-0.1322393,-0.24354891
-6.6217136,3.298975,-0.4216958,-0.13071339,-0.27033186
-6.633207,3.3041308,-0.41587794,-0.12918748,-0.2971148
-6.6445065,3.3091214,-0.4095744,-0.13191539,-0.3
-6.656067,3.3141398,-0.4030771,-0.1346433,-0.3
-6.6678987,3.3191853,-0.39644548,-0.13737121,-0.3
-6.6800046,3.3242528,-0.38967946,-0.13018355,-0.3
-6.691509,3.3289776,-0.3832675,-0.12299589,-0.3
-6.702407,3.3333716,-0.37720954,-0.115808226,-0.3
