-2.2710938,-1.1304286,-2.3855603,0.77552056,0.0
-2.327518,-1.1836324,-2.3855603,0.523,0.09937628
-2.365382,-1.2193352,-2.3769124,0.49636623,0.19875257
-2.4004946,-1.2530224,-2.360578,0.46973243,0.29812884
-2.4323835,-1.2846329,-2.337582,0.45211354,0.3975531
-2.4613059,-1.3146523,-2.3084085,0.43449464,0.49697733
-2.4869916,-1.3429183,-2.2738826,0.41687575,0.5964016
-2.5092924,-1.3692296,-2.2348583,0.4048451,0.6960828
-2.5284393,-1.393694,-2.1915927,0.39281443,0.79576397
-2.5444279,-1.4160522,-2.1448216,0.38078377,0.89544517
-2.5573547,-1.4360422,-2.095289,0.3759304,0.9950952
-2.5676036,-1.4537576,-2.0427332,0.37107703,1.0
-2.5767183,-1.4716154,-1.9906914,0.36622366,1.0
-2.584785,-1.4896836,-1.9393303,0.35585618,1.0
-2.5917113,-1.5076196,-1.8894233,0.34548873,1.0
-2.597559,-1.525347,-1.84097,0.33512124,1.0
-2.6023917,-1.5427969,-1.793971,0.31362313,1.0
-2.606142,-1.5593216,-1.7499869,0.292125,1.0
-2.6089551,-1.5748526,-1.7090178,0.27062684,1.0
-2.6109698,-1.5893351,-1.6710637,0.2443372,1.0
-2.6122913,-1.6024704,-1.6367965,0.21804756,1.0
-2.6130683,-1.6142259,-1.6062164,0.19175792,1.0
-2.6134353,-1.6245801,-1.5793233,0.16378348,1.0
-2.6135106,-1.633429,-1.5563534,0.13580903,1.0
-2.6134048,-1.6407661,-1.5373069,0.1078346,1.0
-2.6132097,-1.6465892,-1.5221835,0.079425216,0.9267993
-2.612978,-1.6513522,-1.5115975,0.05101583,0.85359865
-2.6127796,-1.6546994,-1.5051894,0.022606451,0.78039795
-2.6126742,-1.6563025,-1.5025387,-0.0060686828,0.6852606
-2.6127062,-1.6558337,-1.5031787,-0.034743816,0.5901233
-2.6129012,-1.6529535,-1.5064011,-0.06341895,0.49498594
-2.6132605,-1.6473844,-1.5114219,-0.092054345,0.4019912
-2.613763,-1.6389277,-1.5174246,-0.120689735,0.30899644
-2.6143765,-1.6274468,-1.5235417,-0.14932513,0.21600167
-2.6150653,-1.6128775,-1.5288757,-0.17751828,0.12501454
-2.6158035,-1.5952797,-1.5325648,-0.20571141,0.03402742
-2.6165893,-1.5747354,-1.5337312,-0.23390456,-0.056959707
-2.6174548,-1.551399,-1.5315119,-0.2612916,-0.14142662
-2.6184707,-1.5255506,-1.5253735,-0.28867865,-0.22589354
-2.6197484,-1.4974452,-1.5145972,-0.31606567,-0.3
-2.6214442,-1.467298,-1.4990299,-0.34299046,-0.3
-2.6237938,-1.4346151,-1.4821365,-0.36991525,-0.3
-2.6269228,-1.3994147,-1.4639169,-0.39684004,-0.3
-2.6309671,-1.3617194,-1.4443712,-0.42064914,-0.3
-2.6360343,-1.321854,-1.4236528,-0.44445822,-0.3
-2.6422596,-1.2798522,-1.4017618,-0.46826732,-0.3
-2.6497853,-1.2357544,-1.378698,-0.48459166,-0.3
-2.658624,-1.1903112,-1.3548303,-0.500916,-0.3
-2.6688786,-1.1435685,-1.3301585,-0.5172404,-0.3
-2.680655,-1.0955784,-1.3046826,-0.52200145,-0.3
-2.6937697,-1.0474651,-1.2789723,-0.523,-0.3
-2.7081444,-0.9996134,-1.2532128,-0.523,-0.3
-2.7237468,-0.9521479,-1.2274532,-0.523,-0.3
-2.7405665,-0.9051,-1.2016938,-0.523,-0.3
-2.7585926,-0.8585009,-1.1759342,-0.523,-0.3
-2.7778127,-0.81238157,-1.1501747,-0.52122414,-0.3
-2.7981453,-0.7669274,-1.1245027,-0.51944834,-0.3
-2.8195646,-0.7221632,-1.0989181,-0.5176725,-0.3
-2.8420448,-0.67811275,-1.073421,-0.51711476,-0.3
-2.8656156,-0.6346965,-1.0479513,-0.51655704,-0.3
-2.8902576,-0.5919408,-1.0225092,-0.5159993,-0.3
-2.9159515,-0.54987127,-0.99709445,-0.5154952,-0.3
-2.9426801,-0.50850874,-0.9717046,-0.514991,-0.3
-2.9704232,-0.46787784,-0.94633955,-0.5144868,-0.3
-2.9991596,-0.42800274,-0.92099935,-0.5148667,-0.3
-3.028919,-0.38883966,-0.89564043,-0.5152466,-0.3
-3.0596845,-0.3504154,-0.8702628,-0.51562655,-0.3
-3.0914385,-0.31275645,-0.84486645,-0.516428,-0.3
-3.1241894,-0.27585873,-0.81943065,-0.51722944,-0.3
-3.1579204,-0.23974997,-0.7939553,-0.5180308,-0.3
-3.192614,-0.20445752,-0.7684406,-0.5191346,-0.3
-3.2282724,-0.16998838,-0.74287146,-0.52023834,-0.3
-3.2648783,-0.13637084,-0.71724796,-0.5213421,-0.3
-3.3024125,-0.10363289,-0.6915701,-0.52164537,-0.3
-3.3407977,-0.071850955,-0.66587734,-0.52194864,-0.3
-3.3800092,-0.04104771,-0.64016956,-0.52225196,-0.3
-3.4200227,-0.011245273,-0.61444694,-0.5218317,-0.3
-3.4607568,0.017495017,-0.58874494,-0.5214114,-0.3
-3.5021827,0.045156687,-0.5630637,-0.52099115,-0.3
-3.5442712,0.07172406,-0.5374031,-0.5201567,-0.3
-3.5869591,0.09716197,-0.51178366,-0.5193222,-0.3
-3.6302152,0.12145898,-0.48620528,-0.51848775,-0.3
-3.674008,0.14460449,-0.460668,-0.5175082,-0.3
-3.7182934,0.16658263,-0.435179,-0.51652867,-0.3
-3.76304,0.1873855,-0.4097382,-0.5155491,-0.3
-3.8082154,0.2070061,-0.38434568,-0.51418686,-0.3
-3.8537538,0.22542457,-0.35902026,-0.5128246,-0.3
-3.8996222,0.24263826,-0.3337619,-0.5114624,-0.3
-3.9457877,0.2586454,-0.30857065,-0.51019835,-0.3
-3.9922268,0.27344793,-0.28344166,-0.5089344,-0.3
-4.038907,0.28704518,-0.25837496,-0.5076704,-0.3
-4.085797,0.29943728,-0.23337047,-0.5068453,-0.3
-4.132905,0.310635,-0.20840663,-0.5060202,-0.3
-4.180201,0.320637,-0.18348344,-0.5051951,-0.3
-4.227654,0.3294429,-0.15860088,-0.50464034,-0.29185584
-4.2753773,0.33707595,-0.13440084,-0.5040856,-0.2837117
-4.323334,0.34356052,-0.1108835,-0.50353086,-0.27556753
-4.37149,0.3489222,-0.08804895,-0.502087,-0.25210205
-4.4199233,0.35319772,-0.06717551,-0.5006431,-0.22863653
-4.468575,0.35647085,-0.048263736,-0.49919918,-0.20517103
-4.5173907,0.35882872,-0.031313043,-0.49656907,-0.17353748
-4.566278,0.36036003,-0.017022798,-0.49393895,-0.14190392
-4.615168,0.36119235,-0.0053799856,-0.49130887,-0.110270366
-4.664,0.36145508,0.0036311946,-0.48641396,-0.078616
-4.712491,0.36127898,0.009997952,-0.48151907,-0.046961628
-4.760587,0.36079812,0.013765386,-0.4766242,-0.01530726
-4.8082395,0.3601421,0.014981307,-0.46961555,0.0082330825
-4.855194,0.35943863,0.014336918,-0.4626069,0.031773426
-4.901427,0.35877573,0.011887562,-0.45559826,0.055313766
-4.9469137,0.35823497,0.007689561,-0.45025286,0.057538368
-4.9918633,0.35788932,0.0033741407,-0.44490746,0.059762966
-5.0362744,0.35773948,-0.0010547201,-0.43956205,0.061987568
-5.080146,0.35778576,-0.005593043,-0.4356051,0.059102237
-5.1236296,0.35802898,-0.009881418,-0.43164816,0.056216907
-5.166724,0.35845482,-0.01392361,-0.42769125,0.053331576
-5.2094283,0.35904944,-0.017723382,-0.42443395,0.048555315
-5.2518153,0.35980076,-0.021156786,-0.42117667,0.043779053
-5.2938833,0.36069092,-0.024228925,-0.41791937,0.039002787
-5.335631,0.36170262,-0.026944906,-0.41493496,0.0348921
-5.3770843,0.36281985,-0.029357407,-0.41195053,0.030781412
-5.418242,0.36402848,-0.031470478,-0.40896612,0.026670724
-5.4591036,0.36531484,-0.033288166,-0.40614957,0.02201352
-5.4996862,0.36666626,-0.034778174,-0.40333298,0.017356317
-5.5399895,0.3680685,-0.035944846,-0.40051642,0.012699115
-5.580012,0.36950773,-0.036792524,-0.39781493,0.007922774
-5.6197653,0.370971,-0.03731782,-0.3951134,0.0031464337
-5.659249,0.37244514,-0.037525017,-0.3924119,-0.0016299069
-5.6984625,0.3739173,-0.037418418,-0.38977545,-0.0056280913
-5.737412,0.37537542,-0.037052806,-0.38713905,-0.009626275
-5.7760973,0.37680948,-0.036431696,-0.38450262,-0.0136244595
-5.8145185,0.37820986,-0.03555862,-0.38193375,-0.017016549
-5.8526826,0.37956747,-0.03447547,-0.3793649,-0.020408636
-5.8905883,0.3808748,-0.033185173,-0.37679607,-0.023800725
-5.9282365,0.38212463,-0.031690646,-0.37437287,-0.025845414
-5.9656425,0.38331047,-0.030078188,-0.37194964,-0.027890105
-6.002806,0.38442862,-0.02834946,-0.36952645,-0.029934794
-6.0397277,0.3854756,-0.026506118,-0.3671976,-0.03240003
-6.076415,0.38644826,-0.024523595,-0.36486876,-0.034865268
-6.112869,0.38734242,-0.022403818,-0.36253995,-0.0373305
-6.1490884,0.38815403,-0.020148708,-0.36050242,-0.040795725
-6.1851015,0.38887972,-0.017698228,-0.3584649,-0.04426095
-6.220907,0.3895135,-0.01505476,-0.35642737,-0.047726173
-6.2565055,0.39004946,-0.012220683,-0.3552237,-0.052593183
-6.291976,0.39048296,-0.009108394,-0.35402,-0.057460196
-6.327318,0.39080486,-0.0057199164,-0.35281628,-0.062327206
-6.3625307,0.3910063,-0.0020572802,-0.3519817,-0.06824523
-6.397647,0.39107853,0.001943125,-0.3511471,-0.07416326
-6.432665,0.3910105,0.006279516,-0.3503125,-0.080081284
-6.467583,0.3907912,0.010950099,-0.34986976,-0.08681448
-6.502436,0.39040956,0.016006036,-0.349427,-0.09354768
-6.537222,0.38985273,0.021446109,-0.3489843,-0.10028087
-6.571937,0.38910812,0.027269078,-0.3486991,-0.107357934
-6.606593,0.38816282,0.03349637,-0.34841388,-0.114435
-6.641187,0.38700363,0.040126998,-0.34812868,-0.12151206
-6.6757154,0.38561735,0.047159966,-0.34791663,-0.12835166
-6.7101827,0.38399068,0.054582164,-0.3477046,-0.13519126
-6.7445846,0.38211107,0.062392756,-0.34749255,-0.14203085
-6.778917,0.3799662,0.070590906,-0.34735763,-0.14812532
-6.8131866,0.37754303,0.07913499,-0.34722275,-0.1542198
-6.8473897,0.37483075,0.08802442,-0.34708783,-0.16031428
-6.8815207,0.3718186,0.097258605,-0.34706455,-0.1650583
-6.9155936,0.3684942,0.10676296,-0.34704128,-0.16980234
-6.949604,0.36484933,0.116537236,-0.34701797,-0.17454636
-6.9835467,0.36087573,0.12658118,-0.34690064,-0.17924023
-7.017408,0.3565665,0.13688886,-0.3467833,-0.18393409
-7.0511823,0.35191405,0.14745991,-0.34666595,-0.18862796
-7.0848646,0.34691095,0.15829387,-0.34662104,-0.1937625
-7.1184525,0.3415493,0.16941765,-0.3465761,-0.19889703
-7.1519403,0.33582094,0.18083088,-0.34653115,-0.20403159
-7.185322,0.32971796,0.19253318,-0.34673125,-0.20801327
-7.2186203,0.32322642,0.20446746,-0.3469313,-0.21199495
-7.2518306,0.31633982,0.2166338,-0.3471314,-0.21597663
-7.2849445,0.3090518,0.22903225,-0.3475565,-0.22027984
-7.3179746,0.30135173,0.24168926,-0.34798163,-0.22458307
-7.350913,0.29323217,0.25460517,-0.34840676,-0.2288863
-7.383751,0.28468594,0.26778036,-0.34884134,-0.23430535
-7.416473,0.2757081,0.2812786,-0.34927592,-0.23972438
-7.449068,0.26629,0.29510033,-0.3497105,-0.24514343
-7.4815273,0.25642326,0.30924585,-0.34960195,-0.25048974
-7.5137897,0.24611552,0.32368898,-0.34949344,-0.25583604
-7.5458455,0.23536113,0.33842912,-0.34938493,-0.26118234
-7.5776844,0.22415474,0.35346565,-0.3488357,-0.2618541
-7.609296,0.21249138,0.3685163,-0.34828645,-0.2625259
-7.640673,0.20037486,0.3835809,-0.34773722,-0.2631977
-7.671809,0.18780917,0.39865932,-0.34737408,-0.26179153
-7.702732,0.17478414,0.4136434,-0.3470109,-0.26038536
-7.7334356,0.16130628,0.4285332,-0.34664777,-0.2589792
-7.763914,0.14738214,0.44332895,-0.34660125,-0.25864628
-7.7941823,0.13300925,0.4581041,-0.3465547,-0.25831336
-7.824233,0.11819142,0.47285867,-0.34650818,-0.25798044
-7.854061,0.102932535,0.48759267,-0.34636062,-0.26037765
-7.8836293,0.08725249,0.50245416,-0.34621304,-0.26277485
-7.91293,0.071151964,0.51744294,-0.3460655,-0.26517206
-7.9419546,0.054631844,0.53255886,-0.34585184,-0.26834506
-7.970684,0.037700042,0.5478418,-0.3456382,-0.27151808
-7.9991083,0.020357136,0.5632915,-0.34542453,-0.27469108
-8.027219,0.0026039395,0.57890755,-0.3455494,-0.27890524
-8.055026,-0.015570856,0.5947627,-0.34567428,-0.28311944
-8.082518,-0.03416832,0.61085683,-0.34579915,-0.2873336
-8.109683,-0.05318917,0.6271899,-0.34693372,-0.29453877
-8.136563,-0.072672926,0.6439756,-0.3480683,-0.3
-8.163156,-0.09263689,0.6611191,-0.3492029,-0.3
-8.189487,-0.11312033,0.67831856,-0.3507118,-0.3
-8.215575,-0.13414407,0.6955923,-0.35222068,-0.3
-8.241406,-0.15570766,0.71294034,-0.35372958,-0.3
-8.26697,-0.17781039,0.7303627,-0.3551256,-0.3
-8.292242,-0.20044406,0.7478538,-0.35652164,-0.3
-8.317213,-0.22360702,0.7654137,-0.3579177,-0.3
-8.341869,-0.24729726,0.7830424,-0.35890523,-0.3
-8.366172,-0.27148503,0.8007197,-0.3598928,-0.3
-8.390108,-0.2961663,0.8184456,-0.36088035,-0.3
-8.413668,-0.32133684,0.8362202,-0.3618222,-0.3
-8.436836,-0.34698895,0.85404116,-0.36276403,-0.3
-8.459603,-0.37311766,0.8719085,-0.36370587,-0.3
-8.481958,-0.39971787,0.88982224,-0.3647345,-0.3
-8.503895,-0.42679057,0.9077866,-0.36576313,-0.3
-8.525401,-0.4543304,0.9258017,-0.36679175,-0.3
-8.546468,-0.48233175,0.94386744,-0.36811042,-0.3
-8.567099,-0.5108111,0.9619981,-0.36942905,-0.3
-8.587282,-0.53976315,0.98019373,-0.3707477,-0.3
-8.607005,-0.5691822,0.9984543,-0.37245578,-0.3
-8.626277,-0.59909374,1.016799,-0.37416387,-0.3
-8.645082,-0.6294925,1.0352278,-0.37587196,-0.3
-8.663407,-0.660373,1.0537407,-0.3769525,-0.3
-8.681209,-0.69167715,1.072307,-0.37803307,-0.3
-8.698475,-0.7233971,1.0909264,-0.3791136,-0.3
-8.715196,-0.7555245,1.109599,-0.3799673,-0.3
-8.73135,-0.7880316,1.1283137,-0.380821,-0.3
-8.746927,-0.82090896,1.1470704,-0.38167465,-0.3
-8.76192,-0.85414714,1.1658691,-0.38267934,-0.3
-8.776322,-0.8877494,1.1847174,-0.38368404,-0.3
-8.790125,-0.9217061,1.2036151,-0.38468874,-0.3
-8.803318,-0.9560071,1.2225623,-0.38574162,-0.3
-8.815893,-0.9906465,1.2415614,-0.38679454,-0.3
-8.82784,-1.0256137,1.2606124,-0.38784742,-0.3
-8.839149,-1.060898,1.2797152,-0.38900214,-0.3
-8.849815,-1.0964974,1.2988749,-0.39015687,-0.3
-8.859826,-1.132401,1.3180914,-0.39131162,-0.3
-8.869173,-1.1685971,1.3373648,-0.39252236,-0.3
-8.877847,-1.2050792,1.3566978,-0.39373314,-0.3
-8.8858385,-1.2418351,1.3760905,-0.3949439,-0.3
-8.893139,-1.2788526,1.3955429,-0.3965276,-0.3
-8.899744,-1.3161541,1.4150732,-0.39811128,-0.3
-8.9056425,-1.3537269,1.4346814,-0.39969498,-0.3
-8.910824,-1.391558,1.4543678,-0.4027593,-0.3
-8.915294,-1.4297746,1.474205,-0.40582365,-0.3
-8.919033,-1.4683638,1.4941932,-0.40888798,-0.3
-8.922022,-1.5073117,1.5143323,-0.4128713,-0.3
-8.924248,-1.546692,1.5346676,-0.41685462,-0.3
-8.925687,-1.5864897,1.5551991,-0.42083794,-0.3
-8.926313,-1.626689,1.5759268,-0.42532146,-0.3
-8.926105,-1.6673208,1.5968753,-0.429805,-0.3
-8.9250345,-1.7083678,1.6180446,-0.43428853,-0.3
-8.923075,-1.7498106,1.6394348,-0.43938023,-0.3
-8.920196,-1.7916874,1.6610758,-0.44447193,-0.3
-8.916368,-1.8339765,1.6829675,-0.4495636,-0.3
-8.91156,-1.876655,1.7051101,-0.45394352,-0.3
-8.905753,-1.9196314,1.7274683,-0.45832345,-0.3
-8.898921,-1.9628804,1.7500423,-0.46270335,-0.3
-8.89104,-2.0063758,1.7728319,-0.46551108,-0.3
-8.882116,-2.0499432,1.7957599,-0.46831882,-0.3
-8.872136,-2.0935562,1.8188262,-0.47112656,-0.3
-8.861087,-2.1371872,1.8420308,-0.4733661,-0.3
-8.84897,-2.1807563,1.8653457,-0.47560567,-0.3
-8.83578,-2.2242358,1.8887708,-0.4778452,-0.3
-8.821507,-2.2675977,1.9123063,-0.47976792,-0.3
-8.806157,-2.3107848,1.9359366,-0.48169065,-0.3
-8.789725,-2.3537688,1.9596614,-0.48361337,-0.3
-8.772208,-2.3965206,1.983481,-0.48507047,-0.3
-8.753623,-2.4389708,2.0073724,-0.48652753,-0.3
-8.73397,-2.481091,2.0313356,-0.48798463,-0.3
-8.71325,-2.522853,2.0553703,-0.48862246,-0.3
-8.691505,-2.5641587,2.0794368,-0.48926032,-0.3
-8.668743,-2.6049824,2.1035345,-0.48989815,-0.3
-8.644973,-2.6452985,2.1276636,-0.4901908,-0.2997825
-8.62022,-2.6850555,2.1517901,-0.49048346,-0.29956505
-8.594499,-2.7242298,2.175914,-0.49077612,-0.29934758
-8.567822,-2.762798,2.2000356,-0.49081293,-0.2838922
-8.540092,-2.8008907,2.2229478,-0.49084973,-0.26843682
-8.51137,-2.8385055,2.2446454,-0.49088654,-0.25298145
-8.481713,-2.8756435,2.265123,-0.49066627,-0.24153604
-8.451229,-2.912256,2.2846835,-0.490446,-0.23009062
-8.419962,-2.948348,2.303326,-0.49022573,-0.2186452
-8.387959,-2.983928,2.3210483,-0.4904204,-0.20466352
-8.355218,-3.0190542,2.33766,-0.49061504,-0.19068183
-8.321793,-3.0537426,2.3531578,-0.4908097,-0.17670015
-8.287731,-3.0880113,2.367537,-0.49120265,-0.15795772
-8.253043,-3.1219208,2.3804147,-0.4915956,-0.1392153
-8.217795,-3.1555018,2.3917842,-0.49198854,-0.120472886
-8.182052,-3.1887877,2.401639,-0.49458727,-0.10973034
-8.145746,-3.221935,2.410666,-0.49718603,-0.098987795
-8.108909,-3.2549627,2.4188552,-0.49978477,-0.08824525
-8.071571,-3.2878919,2.4261963,-0.5031007,-0.07691864
-8.033708,-3.3207934,2.4326396,-0.5064166,-0.06559203
-7.995351,-3.3536923,2.4381716,-0.50973254,-0.054265417
-7.9565344,-3.3866148,2.4427795,-0.5138192,-0.04158958
-7.91723,-3.4196405,2.44634,-0.51790595,-0.028913748
-7.877477,-3.4528027,2.4488356,-0.5219926,-0.016237915
-7.8373156,-3.486136,2.4502482,-0.523,-0.0024751544
-7.7970243,-3.519481,2.450464,-0.523,0.011287605
-7.756728,-3.5528152,2.44948,-0.523,0.025050366
-7.716475,-3.586181,2.4472966,-0.523,0.032803714
-7.676304,-3.6196268,2.4444377,-0.523,0.040557064
-7.63624,-3.6531777,2.4409037,-0.523,0.04831041
-7.5963087,-3.6868584,2.4366941,-0.523,0.055442512
-7.5565343,-3.7206945,2.431864,-0.523,0.06257461
-7.51694,-3.754708,2.426413,-0.523,0.069706716
-7.477551,-3.7889206,2.420342,-0.523,0.08125891
-7.438404,-3.8233416,2.4132667,-0.523,0.09281109
-7.3995414,-3.8580039,2.405188,-0.523,0.104363285
-7.361004,-3.8929389,2.3961077,-0.523,0.11976661
-7.322851,-3.9281614,2.3856928,-0.523,0.13516992
-7.285142,-3.9637089,2.3739464,-0.523,0.15057324
-7.2479353,-3.9996173,2.360871,-0.523,0.16706148
-7.2112985,-4.0359135,2.3463764,-0.523,0.1835497
-7.175297,-4.072629,2.3304667,-0.523,0.20003793
-7.139997,-4.1097937,2.313146,-0.523,0.2135573
-7.105444,-4.147457,2.2946723,-0.523,0.22707668
-7.0716953,-4.1856365,2.2750485,-0.523,0.24059604
-7.0388083,-4.224346,2.2542782,-0.523,0.24865367
-7.006797,-4.2636514,2.2328265,-0.523,0.25671127
-6.9757004,-4.3035507,2.2106948,-0.523,0.2647689
-6.9455595,-4.344042,2.1878846,-0.523,0.26394045
-6.9163437,-4.3852186,2.165144,-0.523,0.263112
-6.8880653,-4.4270587,2.142473,-0.523,0.26228353
-6.8607364,-4.4695387,2.1198719,-0.523,0.2591296
-6.8343525,-4.5126615,2.0975363,-0.523,0.2559757
-6.808917,-4.556399,2.0754666,-0.523,0.25282174
-6.784433,-4.6007237,2.053663,-0.523,0.2494322
-6.7609005,-4.6456103,2.0321457,-0.523,0.24604265
-6.73832,-4.6910324,2.0109148,-0.523,0.2426531
-6.7166905,-4.736962,1.9899703,-0.523,0.24191087
-6.696024,-4.7833433,1.9690889,-0.523,0.24116866
-6.6763263,-4.8301544,1.9482702,-0.523,0.24042644
-6.6576047,-4.8773737,1.9275143,-0.523,0.23208775
-6.639831,-4.9250674,1.9074652,-0.523,0.22374906
-6.6229844,-4.973201,1.888124,-0.523,0.21541037
-6.607043,-5.0217414,1.8694923,-0.523,0.20794073
-6.591984,-5.0706487,1.8514972,-0.523,0.2004711
-6.577785,-5.1198955,1.8341396,-0.523,0.19300146
-6.564424,-5.1694546,1.8174205,-0.523,0.19186525
-6.55189,-5.2192416,1.8007987,-0.523,0.19072905
-6.540183,-5.269241,1.7842741,-0.523,0.18959284
-6.529301,-5.319438,1.7678467,-0.523,0.18715072
-6.519241,-5.36983,1.7516285,-0.523,0.18470858
-6.5099945,-5.420402,1.7356194,-0.523,0.18226646
-6.5015554,-5.471139,1.7198197,-0.523,0.1750806
-6.4939094,-5.5220685,1.7046363,-0.523,0.16789475
-6.487028,-5.573172,1.6900702,-0.523,0.1607089
-6.4808855,-5.624431,1.676122,-0.523,0.15365188
-6.475452,-5.6758285,1.6627812,-0.523,0.14659487
-6.4706993,-5.727349,1.6500489,-0.523,0.13953784
-6.466599,-5.778978,1.6379251,-0.523,0.13181478
-6.463121,-5.8307076,1.6264685,-0.523,0.12409171
-6.460233,-5.882525,1.6156796,-0.523,0.11636864
-6.4579024,-5.934419,1.6055591,-0.523,0.1110007
-6.456096,-5.986366,1.5959034,-0.523,0.10563276
-6.4547906,-6.0383577,1.5867128,-0.523,0.10026482
-6.4539623,-6.0903883,1.5779877,-0.5086025,0.10646585
-6.4535985,-6.1409593,1.56898,-0.494205,0.112666875
-6.4536877,-6.1900663,1.5597194,-0.47980747,0.118867904
-6.4542155,-6.2377057,1.5502362,-0.45563653,0.13081002
-6.455144,-6.282871,1.5403309,-0.43146557,0.14275216
-6.456445,-6.3255587,1.5301003,-0.40729463,0.15469427
-6.458082,-6.3657684,1.5196412,-0.37966573,0.17958343
-6.4599924,-6.403075,1.5083385,-0.35203683,0.20447257
-6.462144,-6.4374785,1.4964249,-0.3244079,0.22936171
-6.4644914,-6.468982,1.4841323,-0.2968127,0.24363619
-6.4669847,-6.497679,1.4721987,-0.2692175,0.25791067
-6.469547,-6.523584,1.4607543,-0.24162228,0.27218515
-6.4721026,-6.5467157,1.449928,-0.22496529,0.29982406
-6.4746943,-6.568052,1.4388541,-0.20830828,0.32746294
-6.477289,-6.5876045,1.4276873,-0.19165127,0.35510185
-6.479852,-6.60539,1.4165816,-0.17988391,0.3615093
-6.4824367,-6.6220164,1.4059778,-0.16811655,0.36791676
-6.48501,-6.6374903,1.3959,-0.1563492,0.3743242
-6.4875426,-6.6518207,1.386372,-0.14961784,0.35002246
-6.49012,-6.6656365,1.3778208,-0.14288649,0.32572076
-6.492716,-6.6789227,1.3702005,-0.13615513,0.30141902
-6.4953065,-6.6916637,1.3634636,-0.13563268,0.28559378
-6.4979854,-6.704399,1.357095,-0.13511024,0.26976854
-6.500747,-6.717125,1.3510936,-0.13458781,0.2539433
-6.5035863,-6.7298393,1.3454585,-0.13509148,0.2338988
-6.5065227,-6.742648,1.34024,-0.13559516,0.2138543
-6.5095506,-6.755548,1.3354439,-0.13609883,0.19380979
-6.512665,-6.768535,1.3310751,-0.13591713,0.17298985
-6.515844,-6.781541,1.327176,-0.13573541,0.1521699
-6.51908,-6.7945614,1.3237467,-0.1355537,0.13134995
-6.5223665,-6.8075924,1.3207878,-0.13498983,0.111210905
-6.525686,-6.8205905,1.3182908,-0.13442597,0.09107186
-6.5290303,-6.833553,1.3162533,-0.13386211,0.070932806
-6.5323925,-6.8464756,1.3146721,-0.13271865,0.051716097
-6.53575,-6.8592973,1.3135287,-0.13157518,0.032499384
-6.539096,-6.872015,1.312816,-0.13043173,0.013282674
-6.5424232,-6.8846254,1.3125273,-0.13225335,0.049035735
-6.5457973,-6.8973966,1.3114469,-0.13407497,0.08478879
-6.5492234,-6.9103093,1.3095545,-0.1358966,0.120541856
-6.5527077,-6.9233427,1.3068309,-0.14287947,0.1484285
-6.5563946,-6.936984,1.3033093,-0.14986233,0.17631516
-6.560294,-6.951213,1.2989283,-0.15684521,0.20420182
-6.5644183,-6.9660077,1.2936273,-0.16793214,0.22842126
-6.5688944,-6.9817405,1.2872895,-0.17901906,0.2526407
-6.573743,-6.998382,1.2798315,-0.19010599,0.27686015
-6.578989,-7.0159,1.271171,-0.20449385,0.30918047
-6.5847387,-7.034512,1.2608005,-0.21888171,0.3415008
-6.59103,-7.054153,1.2485832,-0.23326956,0.37382114
-6.597907,-7.0747514,1.2343858,-0.23649533,0.3321035
-6.605287,-7.0958557,1.221535,-0.23972109,0.29038587
-6.613147,-7.1174374,1.2100954,-0.24294686,0.24866822
-6.6214576,-7.1394696,1.20013,-0.23958188,0.2143435
-6.6299376,-7.1612897,1.1916366,-0.23621692,0.18001878
-6.6385393,-7.182879,1.1845876,-0.23285194,0.14569408
-6.6472178,-7.2042203,1.1789533,-0.22467975,0.13983482
-6.655714,-7.224783,1.1737341,-0.21650757,0.13397557
-6.664012,-7.2445703,1.1689141,-0.20833538,0.12811631
