-0.9167201,-7.117904,0.20105235,-0.17561775,0.0
-0.93392813,-7.121411,0.20105235,-0.20400895,0.020190418
-0.95391405,-7.1254845,0.2003659,-0.23240013,0.040380836
-0.9766705,-7.130106,0.19880223,-0.26079133,0.060571253
-1.0021892,-7.1352468,0.1961711,-0.28867248,0.09998182
-1.0303613,-7.140846,0.19136879,-0.3165536,0.13939239
-1.0611373,-7.146808,0.18403839,-0.34443474,0.17880295
-1.0944593,-7.153011,0.17382866,-0.37125722,0.21749695
-1.130164,-7.159281,0.16047662,-0.3980797,0.25619093
-1.168178,-7.165434,0.14366455,-0.4249022,0.29488492
-1.2084153,-7.1712546,0.12308302,-0.44734266,0.28101614
-1.2510697,-7.1765313,0.10240594,-0.46978313,0.26714736
-1.2961442,-7.1811633,0.08173697,-0.4922236,0.25327855
-1.3436371,-7.185054,0.06118013,-0.5024389,0.23832464
-1.3923695,-7.1880393,0.041411255,-0.51265424,0.2233707
-1.4423184,-7.190109,0.022484245,-0.5228695,0.20841677
-1.4934609,-7.191259,0.0044529843,-0.523,0.19119054
-1.5448074,-7.191488,-0.0121111125,-0.523,0.1739643
-1.5963143,-7.1908636,-0.027198631,-0.523,0.15673807
-1.6479541,-7.189459,-0.040805094,-0.523,0.16264363
-1.6995208,-7.1873536,-0.054919776,-0.523,0.16854918
-1.751002,-7.184523,-0.06954218,-0.523,0.17445473
-1.8023837,-7.1809444,-0.0846718,-0.523,0.15977062
-1.8538326,-7.1765776,-0.0985393,-0.523,0.14508651
-1.9053321,-7.1714864,-0.11114168,-0.523,0.1304024
-1.956868,-7.165735,-0.12247624,-0.523,0.13357347
-2.008314,-7.1594024,-0.1340848,-0.523,0.13674456
-2.0596607,-7.152476,-0.14596726,-0.523,0.13991563
-2.1108987,-7.144943,-0.15812348,-0.523,0.12915629
-2.162116,-7.1367764,-0.16935033,-0.523,0.11839697
-2.2133071,-7.1280236,-0.1796465,-0.523,0.10763764
-2.2644677,-7.1187325,-0.18901081,-0.523,0.106647655
-2.3155444,-7.1089616,-0.19828932,-0.523,0.10565767
-2.3665335,-7.0987167,-0.20748203,-0.523,0.10466768
-2.4174318,-7.0880017,-0.21658891,-0.515989,0.10731841
-2.4675353,-7.0769773,-0.2258004,-0.50897807,0.10996913
-2.5168414,-7.0656505,-0.23511024,-0.50196713,0.11261986
-2.565348,-7.0540314,-0.24451225,-0.480286,0.11496571
-2.6116402,-7.042481,-0.25369474,-0.4586049,0.11731155
-2.6557276,-7.03105,-0.26264077,-0.4369238,0.119657405
-2.6976202,-7.0197873,-0.27133355,-0.4096709,0.15106004
-2.7366388,-7.0089326,-0.2816085,-0.38241798,0.18246268
-2.7727644,-6.9984813,-0.29317358,-0.3551651,0.21386531
-2.805991,-6.9884515,-0.30573687,-0.32731205,0.2372757
-2.8363297,-6.978875,-0.31855965,-0.29945904,0.2606861
-2.8638082,-6.9698133,-0.33142358,-0.27160603,0.28409648
-2.888461,-6.96133,-0.34411165,-0.24470957,0.29220977
-2.910521,-6.953424,-0.35586053,-0.2178131,0.30032307
-2.930024,-6.946175,-0.36659977,-0.19091664,0.30843636
-2.9470057,-6.939655,-0.37625918,-0.17103948,0.33207873
-2.9620442,-6.9337134,-0.38555256,-0.15116233,0.3557211
-2.975174,-6.928385,-0.3943267,-0.13128516,0.37936348
-2.986433,-6.9236994,-0.40242982,-0.121109046,0.3696904
-2.9968235,-6.9192767,-0.40972313,-0.11093293,0.3600173
-3.0063465,-6.9151406,-0.41623658,-0.10075682,0.3503442
-3.015002,-6.9113145,-0.42200023,-0.10246234,0.3359289
-3.0238268,-6.9073524,-0.42762962,-0.10416785,0.3215136
-3.03282,-6.9032536,-0.43311584,-0.10587337,0.3070983
-3.04198,-6.8990183,-0.43844998,-0.10101339,0.29604813
-3.050728,-6.894916,-0.44336164,-0.096153416,0.284998
-3.0590634,-6.890958,-0.4478673,-0.09129344,0.27394783
-3.0669854,-6.8871517,-0.45198363,-0.094604306,0.25886115
-3.0752122,-6.8831577,-0.45601976,-0.09791517,0.24377447
-3.0837433,-6.878973,-0.4599587,-0.10122605,0.2286878
-3.0925777,-6.8745966,-0.46378335,-0.09762619,0.21804577
-3.1011024,-6.8703327,-0.46730313,-0.094026335,0.20740376
-3.109317,-6.866188,-0.4705301,-0.09042648,0.19676176
-3.1172214,-6.8621674,-0.4734764,-0.09363044,0.1808146
-3.1254187,-6.857968,-0.4762827,-0.0968344,0.16486743
-3.1339076,-6.853588,-0.47893146,-0.10003836,0.14892027
-3.1426876,-6.849029,-0.48140526,-0.096500784,0.13468169
-3.1511636,-6.8446016,-0.48356485,-0.09296322,0.12044311
-3.1593344,-6.8403106,-0.4854265,-0.089425646,0.10620453
-3.1671991,-6.8361616,-0.4870064,-0.092886455,0.09367589
-3.175372,-6.831834,-0.4884545,-0.096347265,0.08114724
-3.183852,-6.8273273,-0.4897561,-0.099808075,0.068618596
-3.1926389,-6.8226433,-0.49089667,-0.09420308,0.055489175
-3.200934,-6.818209,-0.49176744,-0.08859809,0.04235976
-3.208737,-6.8140297,-0.49239275,-0.0829931,0.029230338
-3.216047,-6.8101077,-0.49279702,-0.08905132,0.023680765
-3.2238905,-6.8058963,-0.49314845,-0.095109545,0.01813119
-3.2322667,-6.8013945,-0.49343583,-0.10116777,0.012581617
-3.241176,-6.7966027,-0.49364796,-0.10082311,0.014543694
-3.2500536,-6.791826,-0.49389234,-0.10047845,0.016505772
-3.2588995,-6.7870636,-0.49416876,-0.10013379,0.01846785
-3.2677133,-6.782315,-0.49447694,-0.10543472,0.031250007
-3.2769895,-6.7773137,-0.495026,-0.11073566,0.044032164
-3.2867243,-6.772058,-0.49583837,-0.116036594,0.05681432
-3.296914,-6.7665462,-0.49693656,-0.1231559,0.08990653
-3.3076963,-6.760699,-0.49877948,-0.1302752,0.122998744
-3.31905,-6.754514,-0.5014434,-0.13739452,0.15609096
-3.3309517,-6.74799,-0.5050032,-0.14202666,0.18500535
-3.3431695,-6.7412357,-0.5093576,-0.14665881,0.21391974
-3.3556817,-6.7342477,-0.51454663,-0.15129094,0.24283414
-3.3684654,-6.7270203,-0.52060974,-0.1537503,0.2431432
-3.381411,-6.719598,-0.52677906,-0.15620966,0.24345225
-3.3945162,-6.711976,-0.53305495,-0.15866902,0.24376132
-3.4077778,-6.704151,-0.5394375,-0.15968226,0.2341752
-3.4211044,-6.6961727,-0.545613,-0.16069551,0.2245891
-3.434496,-6.688043,-0.5515776,-0.16170874,0.21500298
-3.4479516,-6.6797643,-0.5573277,-0.16104391,0.20724759
-3.4613264,-6.6714287,-0.56285065,-0.16037908,0.1994922
-3.4746213,-6.6630406,-0.5681477,-0.15971425,0.19173682
-3.4878368,-6.654604,-0.5732204,-0.15787545,0.18444286
-3.500876,-6.6461873,-0.5780461,-0.15603665,0.17714891
-3.5137398,-6.637795,-0.58262897,-0.15419784,0.16985497
