7.413625,5.0341625,-0.9345957,0.17060485,0.0
7.423761,5.0204396,-0.9345957,0.14060485,-0.08743645
7.432083,5.0091734,-0.9366421,0.11060486,-0.1748729
7.4385366,5.000399,-0.9398493,0.080604866,-0.26230937
7.4431286,4.9941134,-0.94333297,0.05060487,-0.3
7.445967,4.9901996,-0.9458254,0.020604873,-0.3
7.4471188,4.988603,-0.9468403,-0.009395122,-0.3
7.446594,4.9893317,-0.9463775,-0.039395116,-0.3
7.444394,4.992385,-0.9444372,-0.06939511,-0.3
7.440508,4.997756,-0.94101924,-0.09939511,-0.3
7.4349155,5.00543,-0.93612367,-0.1293951,-0.3
7.427586,5.015384,-0.92975056,-0.15939508,-0.3
7.4184794,5.027589,-0.9218998,-0.18939507,-0.3
7.407545,5.042005,-0.9125715,-0.2193949,-0.3
7.394724,5.0585856,-0.9017655,-0.24939473,-0.3
7.3799467,5.077275,-0.889482,-0.27939457,-0.3
7.363136,5.0980077,-0.87572086,-0.3093934,-0.3
7.344206,5.120708,-0.8604822,-0.33939224,-0.3
7.323064,5.14529,-0.843766,-0.36939108,-0.3
7.2996087,5.171656,-0.82557225,-0.3993814,-0.3
7.2737346,5.1996975,-0.80590135,-0.4293717,-0.3
7.2453303,5.229291,-0.7847534,-0.45936203,-0.3
7.214279,5.260302,-0.76212823,-0.4892463,-0.3
7.1804695,5.292574,-0.7380312,-0.5191306,-0.3
7.1437798,5.3259425,-0.71246225,-0.523,-0.3
7.105969,5.3586044,-0.6867028,-0.523,-0.3
7.06733,5.390281,-0.66094327,-0.523,-0.3
7.0278873,5.420952,-0.63518375,-0.523,-0.3
6.9876685,5.450597,-0.60942423,-0.523,-0.3
6.9466987,5.479196,-0.5836647,-0.523,-0.3
6.9050064,5.5067306,-0.5579052,-0.523,-0.3
6.8626184,5.533182,-0.5321457,-0.523,-0.3
6.8195634,5.558533,-0.50638616,-0.523,-0.3
6.77587,5.582767,-0.48062667,-0.523,-0.3
6.7315664,5.605867,-0.45486715,-0.523,-0.3
6.6866827,5.627818,-0.42910764,-0.523,-0.3
6.641248,5.6486063,-0.40334815,-0.523,-0.3
6.5952935,5.668217,-0.37758863,-0.523,-0.3
6.548849,5.686638,-0.3518291,-0.523,-0.3
6.501946,5.7038565,-0.3260696,-0.523,-0.3
6.454614,5.719861,-0.30031008,-0.523,-0.3
6.4068866,5.734641,-0.2745506,-0.523,-0.3
6.3587937,5.748187,-0.24879107,-0.523,-0.3
6.310368,5.76049,-0.22303155,-0.523,-0.3
6.2616415,5.7715416,-0.19727205,-0.523,-0.3
6.2126465,5.781334,-0.17151253,-0.523,-0.3
6.1634154,5.7898617,-0.14575303,-0.5180293,-0.3
6.114451,5.7970495,-0.120238334,-0.51305854,-0.3
6.06579,5.8029284,-0.09496847,-0.5080879,-0.3
6.0174694,5.8075314,-0.069943435,-0.48295084,-0.3
5.971444,5.8107557,-0.046156477,-0.45781386,-0.3
5.9277544,5.8127737,-0.023607604,-0.43267685,-0.3
5.8864307,5.8137493,-0.002296812,-0.40576512,-0.3
5.8476663,5.8138385,0.017688487,-0.37885338,-0.3
5.811479,5.8131986,0.03634829,-0.35194165,-0.3
5.7778788,5.8119764,0.053682603,-0.32910782,-0.28485578
5.74634,5.8102818,0.06909686,-0.306274,-0.26971155
5.71689,5.8082438,0.08269815,-0.28344014,-0.25456733
5.6895533,5.805978,0.094594456,-0.27105612,-0.19005151
5.6630545,5.8034635,0.103128634,-0.2586721,-0.1255357
5.6375275,5.800822,0.10852653,-0.24628805,-0.061019897
5.613089,5.798159,0.111029714,-0.22111714,-0.016319716
5.5911164,5.795709,0.11163112,-0.19594623,0.028380465
5.5716515,5.7935276,0.1107044,-0.17077532,0.073080644
5.5547237,5.7916455,0.108626194,-0.15526463,0.14213175
5.5394444,5.7899795,0.10496055,-0.13975392,0.21118285
5.525855,5.788548,0.1000781,-0.124243215,0.28023395
5.513975,5.787355,0.09435089,-0.10556259,0.3720814
5.5041847,5.7864285,0.08795459,-0.086881965,0.46392882
5.496445,5.785746,0.081475146,-0.06820133,0.5557763
5.4906707,5.7852745,0.07547794,-0.040333994,0.65518415
5.4874816,5.785033,0.071381986,-0.012466652,0.754592
5.4865756,5.7849684,0.06995873,0.015400688,0.85399985
5.4875846,5.785039,0.07189386,0.045219917,0.95393604
5.490194,5.7852273,0.0780415,0.07503915,1.0
5.494236,5.785543,0.08856538,0.104858376,1.0
5.4998794,5.786044,0.10327126,0.13462307,1.0
5.5071144,5.786794,0.122151494,0.16438776,1.0
5.5159297,5.787876,0.14520608,0.19415244,1.0
5.5263095,5.7893944,0.17243503,0.22336294,1.0
5.538199,5.791465,0.2037606,0.25257343,1.0
5.5515633,5.794226,0.2391828,0.2817839,1.0
5.5663548,5.7978334,0.27870163,0.30857736,1.0
5.582384,5.80242,0.32197812,0.3353708,1.0
5.5995727,5.808154,0.36901224,0.36216426,1.0
5.6178236,5.8152122,0.41980404,0.38757548,1.0
5.6369457,5.823747,0.47415963,0.41298673,1.0
5.656798,5.8339353,0.532079,0.43839794,1.0
5.6772103,5.8459525,0.5935622,0.45811456,1.0
5.6977286,5.8597965,0.65781057,0.4778312,1.0
5.7181587,5.875581,0.7248241,0.49754784,1.0
5.738283,5.893404,0.79460275,0.515901,0.9962998
5.7579236,5.913409,0.86678296,0.523,0.99259955
5.7764244,5.9351964,0.93978065,0.523,0.98889935
5.793383,5.9584055,1.0126016,0.523,0.90573853
5.8104773,5.985781,1.0811914,0.523,0.8225777
5.8272104,6.017183,1.145076,0.523,0.73941696
5.8431687,6.052376,1.2038139,0.523,0.64906937
5.858118,6.091266,1.2565013,0.523,0.5587218
5.871828,6.133441,1.3027086,0.523,0.4683742
5.8841896,6.1784415,1.3420589,0.5216188,0.387121
5.895142,6.2254853,1.3748795,0.52023757,0.30586776
5.904799,6.274145,1.4009885,0.51885635,0.22461456
5.9133472,6.324,1.4202493,0.48923224,0.24611759
5.9204636,6.370912,1.4401155,0.45960814,0.26762065
5.9262395,6.4148593,1.4603717,0.42998403,0.28912368
5.9307814,6.455822,1.4808041,0.40009004,0.26963374
5.934247,6.4942293,1.4985666,0.370196,0.25014377
5.9368353,6.530003,1.5138398,0.340302,0.23065382
5.938721,6.5630784,1.5268062,0.31041095,0.17763144
5.940065,6.593601,1.5359477,0.2805199,0.12460907
5.941035,6.621419,1.5417585,0.25062886,0.0715867
5.9417605,6.646407,1.5447463,0.22080004,0.014681297
5.9423356,6.6684775,1.5452865,0.19097121,-0.0422241
5.942822,6.687551,1.5439429,0.16114238,-0.099129505
5.9432526,6.7035804,1.541285,0.13117807,-0.14206292
5.943636,6.7165604,1.5381895,0.10121376,-0.18499634
5.94396,6.726504,1.5350866,0.07124945,-0.22792976
5.944208,6.7334404,1.5324033,0.041258443,-0.24614128
5.9443617,6.7374387,1.5307279,0.011267438,-0.2643528
5.944405,6.7385254,1.5302372,-0.018723566,-0.28256434
5.944332,6.7367287,1.5311072,-0.048718985,-0.26116076
5.9441457,6.7320256,1.5332037,-0.07871441,-0.23975721
5.943858,6.724385,1.5363191,-0.10870983,-0.21835364
5.9434924,6.7137785,1.540244,-0.13870534,-0.1720524
5.9430747,6.700119,1.5442019,-0.16870087,-0.12575115
5.94263,6.683388,1.5477282,-0.19869639,-0.07944991
5.942173,6.6635866,1.5503565,-0.22867244,-0.018867815
5.9417057,6.640728,1.5510756,-0.25864848,0.041714273
5.941196,6.6148906,1.5492779,-0.28862455,0.10229637
5.9405785,6.586186,1.5443655,-0.3183932,0.15298428
5.939747,6.5547295,1.536279,-0.34816188,0.20367219
5.93857,6.5206532,1.5245421,-0.37793052,0.25436008
5.9368787,6.484115,1.5086925,-0.40715027,0.2966955
5.934462,6.4452543,1.4888533,-0.43637,0.33903092
5.9310937,6.404239,1.4646658,-0.4655897,0.38136634
5.926516,6.361268,1.4357846,-0.4695426,0.37189403
5.920628,6.3179216,1.4073474,-0.4734955,0.36242172
5.9134235,6.274238,1.3793687,-0.47744843,0.3529494
5.9048996,6.2302547,1.3518623,-0.46040532,0.3672657
5.895567,6.18831,1.3243097,-0.44336224,0.381582
5.885527,6.1484065,1.2967925,-0.42631915,0.39589828
5.8748837,6.1105394,1.2693918,-0.41727456,0.36504075
5.8633127,6.0733185,1.2445648,-0.40822998,0.33418322
5.8509536,6.036788,1.2222484,-0.3991854,0.30332568
5.8379426,6.0009828,1.2023759,-0.3917541,0.29698917
5.8244514,5.966036,1.1832685,-0.38432276,0.29065263
5.810537,5.931946,1.1649122,-0.37689143,0.28431612
5.7962537,5.898709,1.1472925,-0.36183485,0.28645867
5.7819896,5.8670664,1.1302526,-0.34677827,0.28860122
5.767813,5.836997,1.1138031,-0.33172172,0.29074377
5.7537904,5.808478,1.0979543,-0.3092651,0.2753244
5.7402363,5.781982,1.0839416,-0.2868085,0.259905
5.7272687,5.757485,1.0716571,-0.2643519,0.24448565
5.7149916,5.734965,1.0609924,-0.2438531,0.24628021
5.70345,5.714323,1.0510839,-0.22335432,0.24807477
5.6926975,5.69553,1.0419436,-0.20285554,0.24986935
5.6827803,5.67856,1.0335833,-0.18535206,0.27797467
5.6736593,5.6632466,1.0251063,-0.16784859,0.30607998
5.6653523,5.649566,1.0166768,-0.1503451,0.3341853
5.657879,5.637489,1.008458,-0.13327016,0.36870426
5.6512513,5.6269717,1.0004528,-0.1161952,0.40322322
5.6454806,5.6179757,0.9928539,-0.09912025,0.43774217
5.6405764,5.6104565,0.9858511,-0.07546953,0.50890845
5.636937,5.6049614,0.9797227,-0.051818818,0.58007467
5.634522,5.6013627,0.9749891,-0.028168099,0.65124094
5.6332645,5.5995083,0.97214335,0.00022662408,0.7363925
5.633274,5.599522,0.9721687,0.028621348,0.8215441
5.6343727,5.6011324,0.97566146,0.05701607,0.90669566
5.636343,5.6040425,0.9831445,0.086841725,0.9914346
5.638979,5.6079993,0.99525625,0.11666738,1.0
5.64241,5.6132874,1.0116183,0.14649305,1.0
5.6466084,5.619997,1.0321633,0.17639135,1.0
5.6514974,5.628178,1.0569012,0.20628966,1.0
5.656976,5.637884,1.0858324,0.23618798,1.0
5.6629252,5.649174,1.1189566,0.2661638,0.9809205
5.6693897,5.6624937,1.1558207,0.2961396,0.961841
5.6762195,5.6779957,1.1963053,0.3261154,0.9427614
5.6832285,5.695829,1.2402865,0.35611168,0.874381
5.690642,5.717436,1.2858181,0.38610792,0.8060006
5.6981573,5.7430916,1.3322492,0.41610417,0.7376202
5.705434,5.773014,1.3788894,0.44609913,0.64151376
5.712251,5.808099,1.4233811,0.4760941,0.54540735
5.7182293,5.8483596,1.4645447,0.50608903,0.44930097
5.723064,5.8936887,1.5011802,0.523,0.34989494
5.7264814,5.9427004,1.5310608,0.523,0.25048894
5.728494,5.9933286,1.5526675,0.523,0.1510829
5.7294316,6.045024,1.5657868,0.523,0.066601366
5.729693,6.0972075,1.5715879,0.523,-0.017880172
5.7296515,6.149499,1.5700295,0.523,-0.10236171
5.7296915,6.201525,1.5611225,0.5016466,-0.11012013
5.7301736,6.251384,1.5519342,0.4802931,-0.11787855
5.7310734,6.2990713,1.54252,0.45893967,-0.12563697
5.732361,6.3445854,1.5329353,0.42911863,-0.10329399
5.7339764,6.387238,1.5255609,0.3992976,-0.08095101
5.735776,6.426996,1.5201795,0.36947656,-0.058608033
5.7376423,6.4638333,1.5165725,0.33956105,-0.0017742992
5.7394824,6.4977393,1.5164721,0.3096455,0.055059433
5.7411613,6.528611,1.5193121,0.27972996,0.11189316
5.742592,6.5563726,1.5245179,0.25006872,0.08885954
5.743744,6.581254,1.5282165,0.22040749,0.065825924
5.7446804,6.603227,1.5306329,0.19074623,0.04279231
5.7454453,6.622269,1.5319929,0.1609713,0.012498295
5.74607,6.638353,1.5323281,0.13119636,-0.017795717
5.7465744,6.6514606,1.531939,0.10142142,-0.04808973
5.746968,6.6615834,1.5311265,0.07147506,-0.09844416
5.74725,6.6686907,1.5299556,0.041528694,-0.14879858
5.7474174,6.6727943,1.5289296,0.011582331,-0.199153
5.747465,6.6739287,1.5285476,-0.018399196,-0.21912311
5.7473893,6.6721344,1.5292143,-0.04838072,-0.2390932
5.747194,6.667438,1.5311239,-0.07836225,-0.2590633
5.7468934,6.659869,1.5344696,-0.10835044,-0.21426484
5.746509,6.6492887,1.5383093,-0.13833864,-0.16946638
5.746066,6.63566,1.542198,-0.16832682,-0.12466793
5.7455883,6.618965,1.5456864,-0.19827864,-0.07905224
5.7450924,6.5992055,1.5482961,-0.22823045,-0.033436555
5.744579,6.5764008,1.5495677,-0.25818226,0.012179131
5.744031,6.5505905,1.5490437,-0.28791162,0.08633333
5.7434072,6.521913,1.544906,-0.317641,0.16048753
5.742595,6.4905677,1.5364462,-0.34737036,0.23464173
5.741435,6.456803,1.5229859,-0.37592438,0.29660606
5.739717,6.4208927,1.5046737,-0.4044784,0.35857043
5.7372146,6.3831,1.481016,-0.4330324,0.42053476
5.73367,6.343729,1.4515518,-0.42555442,0.38579202
5.7289796,6.3045816,1.424863,-0.41807646,0.35104927
5.723271,6.265741,1.4009014,-0.4105985,0.31630653
5.716673,6.2272797,1.3796147,-0.39917177,0.31517288
5.7094617,6.1900206,1.3589921,-0.38774505,0.31403923
5.701709,6.1539664,1.3390296,-0.37631834,0.31290558
5.693485,6.119119,1.3197229,-0.3663415,0.31823286
5.68484,6.0854154,1.3006189,-0.35636467,0.32356012
5.6758223,6.0528536,1.2817348,-0.34638783,0.3288874
5.6664777,6.0214314,1.2630882,-0.3375504,0.34333324
5.656851,5.9911394,1.24415,-0.32871294,0.35777912
5.646971,5.9619775,1.2249645,-0.31987548,0.37222496
5.6368704,5.9339447,1.2055752,-0.30640697,0.36291796
5.62664,5.9071894,1.187446,-0.2929385,0.35361096
5.616361,5.8817024,1.1705391,-0.27947,0.344304
5.6061106,5.857475,1.1548171,-0.27014372,0.3315664
5.595789,5.8341103,1.1401607,-0.26081744,0.3188288
5.5854497,5.811604,1.1265349,-0.2514912,0.30609122
5.5751433,5.789952,1.1139045,-0.2398241,0.31064457
5.5650697,5.7694592,1.1016865,-0.22815701,0.3151979
5.555263,5.750111,1.0898982,-0.21648993,0.31975126
5.5457563,5.73189,1.0785567,-0.2044725,0.3349935
5.53663,5.7148724,1.0673528,-0.19245507,0.35023576
5.527909,5.699038,1.056347,-0.18043764,0.365478
5.5196166,5.684367,1.0455991,-0.16883238,0.3785837
5.511751,5.670794,1.0351988,-0.15722711,0.39168942
5.504335,5.658297,1.0251952,-0.14562184,0.4047951
5.497389,5.646855,1.0156369,-0.12726225,0.4427988
5.491328,5.637083,1.0065489,-0.10890264,0.48080245
5.486164,5.6289244,0.99815446,-0.09054305,0.5188061
5.4819036,5.622316,0.99067193,-0.06392152,0.5927797
5.4789977,5.6178813,0.9847201,-0.037299994,0.6667533
5.4773765,5.6154394,0.9808755,-0.010678466,0.7407269
5.4769382,5.6147847,0.97967446,0.018332751,0.83115685
5.477627,5.6158104,0.98193157,0.047343966,0.92158675
5.4792166,5.618191,0.98821694,0.07635518,1.0
5.4814863,5.621636,0.9989254,0.105935805,1.0
5.484584,5.6264486,1.0137824,0.13551643,1.0
5.488455,5.6326637,1.0327879,0.16509706,1.0
5.493026,5.640324,1.0559419,0.19498467,1.0
5.4982133,5.649493,1.0832876,0.22487229,1.0
5.503905,5.660228,1.1148249,0.2547599,1.0
5.509966,5.6725864,1.1505537,0.2847389,1.0
5.5162425,5.686632,1.190487,0.3147179,1.0
5.5225544,5.7024217,1.2346246,0.34469688,1.0
5.528698,5.720003,1.2829667,0.37468898,0.9170658
5.5351667,5.7418523,1.3325393,0.40468112,0.8341316
5.541583,5.768272,1.3824981,0.43467322,0.75119734
5.5475297,5.7994795,1.4319433,0.464663,0.6528979
5.5526385,5.8360333,1.4789897,0.49465275,0.55459845
5.5564933,5.8779073,1.5224038,0.523,0.45629895
