-4.674482,6.4224267,-1.7283115,0.9469126,0.0
-4.6893353,6.3289075,-1.7283115,0.523,0.09996381
-4.697499,6.277513,-1.7196125,0.49302086,0.19992761
-4.704663,6.229727,-1.7032937,0.4630417,0.2998914
-4.710507,6.1858773,-1.6804953,0.43305105,0.39851213
-4.7148767,6.1462054,-1.6524879,0.4030604,0.49713284
-4.7177672,6.110896,-1.6204509,0.37306976,0.59575355
-4.7193003,6.0800543,-1.5855606,0.3434925,0.68766373
-4.719692,6.0535145,-1.5492228,0.31391522,0.7795739
-4.7192106,6.0311937,-1.5124437,0.28433794,0.87148416
-4.718143,6.0129223,-1.4761771,0.25982428,0.95097214
-4.7167172,5.9978967,-1.4409285,0.23531058,1.0
-4.7150707,5.98529,-1.4079273,0.21079692,1.0
-4.713224,5.9740515,-1.378364,0.23446749,1.0
-4.710801,5.961617,-1.345481,0.25813806,1.0
-4.707685,5.948022,-1.3092785,0.28180864,1.0
-4.703748,5.9333134,-1.2697561,0.2833441,1.0
-4.6992087,5.918693,-1.2300185,0.28487954,1.0
-4.6940646,5.904186,-1.1900655,0.28641498,1.0
-4.688314,5.889819,-1.1498972,0.2934723,1.0
-4.6818357,5.8753467,-1.1087391,0.30052963,1.0
-4.674597,5.8608117,-1.0665913,0.30758694,1.0
-4.666568,5.8462605,-1.0234537,0.30893856,1.0
-4.6578813,5.8320074,-0.98012656,0.31029016,1.0
-4.6485443,5.818083,-0.93660986,0.31164178,1.0
-4.6385674,5.8045187,-0.8929036,0.3175951,1.0
-4.6278057,5.791153,-0.84836245,0.32354838,1.0
-4.6162467,5.7780385,-0.8029864,0.32950166,1.0
-4.6038814,5.76523,-0.7567754,0.33126056,1.0
-4.5908685,5.752942,-0.7103177,0.33301947,1.0
-4.577227,5.741209,-0.6636133,0.33477834,1.0
-4.562978,5.7300673,-0.61666226,0.33792064,1.0
-4.548083,5.7195086,-0.5692705,0.34106293,1.0
-4.532561,5.7095757,-0.52143806,0.34420523,1.0
-4.516435,5.7003117,-0.47316498,0.34655425,1.0
-4.499768,5.691779,-0.42456242,0.34890327,1.0
-4.48259,5.684014,-0.3756304,0.35125232,1.0
-4.4649353,5.677051,-0.326369,0.35466346,1.0
-4.446784,5.6709075,-0.27662915,0.3580746,1.0
-4.428173,5.6656237,-0.22641091,0.36148578,1.0
-4.40914,5.661239,-0.17571428,0.3686573,1.0
-4.3895283,5.6577573,-0.124011874,0.37582883,1.0
-4.369378,5.655246,-0.0713037,0.38300034,1.0
-4.3487372,5.6537714,-0.017589753,0.39375725,1.0
-4.3274655,5.653397,0.037632797,0.40451416,1.0
-4.305625,5.6542196,0.09436395,0.41527107,1.0
-4.2832875,5.6563334,0.15260372,0.42456982,1.0
-4.260615,5.6598206,0.21214758,0.4338686,1.0
-4.237698,5.664757,0.27299553,0.44316736,1.0
-4.2146406,5.6712127,0.33514762,0.44782138,1.0
-4.191791,5.6791706,0.3979524,0.4524754,1.0
-4.169254,5.688645,0.4614099,0.45712942,1.0
-4.147138,5.6996408,0.5255201,0.45856088,0.9518375
-4.1241226,5.712988,0.58776844,0.45999235,0.90367496
-4.100438,5.72877,0.6479972,0.4614238,0.85551244
-4.0763106,5.747035,0.70605254,0.45455167,0.7889659
-4.0519404,5.767815,0.7598128,0.44767952,0.7224194
-4.0275927,5.7909484,0.8091472,0.4408074,0.6558728
-4.0034833,5.816231,0.8539517,0.4313383,0.58012795
-3.9797807,5.843428,0.8933566,0.42186925,0.50438315
-3.9566307,5.872206,0.9273359,0.4124002,0.4286383
-3.9341266,5.9022145,0.95590377,0.38859266,0.3677061
-3.9132082,5.931834,0.97918534,0.36478513,0.30677387
-3.893814,5.960699,0.9975453,0.3409776,0.24584167
-3.8758767,5.988485,1.011376,0.3111249,0.19313931
-3.8596723,6.0143642,1.021329,0.28127217,0.14043698
-3.845128,6.038115,1.0278909,0.25141945,0.08773463
-3.8321888,6.0595593,1.0315626,0.22143257,0.05234077
-3.8208344,6.0785346,1.0334933,0.19144565,0.016946906
-3.8110373,6.094979,1.034034,0.16145875,-0.018446958
-3.8027823,6.108852,1.0335376,0.13146001,-0.047681488
-3.796062,6.120133,1.0324934,0.101461284,-0.07691602
-3.7908757,6.1288185,1.031194,0.07146255,-0.106150545
-3.7872248,6.134915,1.029932,0.041462686,-0.08989159
-3.7850986,6.138455,1.0293117,0.011462819,-0.073632635
-3.7845094,6.1394343,1.0291711,-0.018537048,-0.05737368
-3.7854633,6.137849,1.0293483,-0.04853696,-0.05632224
-3.787961,6.133696,1.0298036,-0.078536876,-0.055270802
-3.7919993,6.126974,1.0305268,-0.10853679,-0.054219365
-3.7975738,6.11768,1.0315071,-0.13853665,-0.07161379
-3.8046699,6.105823,1.0331591,-0.1685365,-0.08900821
-3.8132665,6.0914044,1.0356561,-0.19853635,-0.106402636
-3.823334,6.074423,1.0391703,-0.22853544,-0.08652087
-3.8348758,6.054797,1.0424616,-0.25853452,-0.06663911
-3.8478794,6.0325184,1.0453309,-0.2885336,-0.04675735
-3.862337,6.007585,1.0475786,-0.31853142,-0.024264943
-3.8782485,5.9800014,1.0488667,-0.34852925,-0.0017725348
-3.8956244,5.949789,1.0489696,-0.37852705,0.020719875
-3.9144886,5.916981,1.0476626,-0.40850788,0.07593175
-3.9348388,5.8816957,1.0424978,-0.4384887,0.13114363
-3.9567516,5.84415,1.032941,-0.4684695,0.1863555
-3.9803355,5.804614,1.0184748,-0.49772912,0.23492298
-4.0057325,5.763406,0.99916553,-0.523,0.28349045
-4.0328975,5.721176,0.9747843,-0.523,0.33205792
-4.0606523,5.6802583,0.94636893,-0.523,0.28419796
-4.090002,5.639529,0.92192847,-0.523,0.23633797
-4.1207275,5.5990167,0.9015189,-0.523,0.188478
-4.152601,5.558726,0.885187,-0.523,0.17604928
-4.1852026,5.5188694,0.8699205,-0.523,0.16362056
-4.2184796,5.4794316,0.85572183,-0.523,0.15119186
-4.2523804,5.440393,0.8425931,-0.523,0.14336054
-4.2868304,5.401758,0.8301396,-0.523,0.13552922
-4.3217974,5.3635135,0.81836206,-0.523,0.1276979
-4.357249,5.325644,0.8072613,-0.523,0.12775248
-4.393119,5.288171,0.7961558,-0.523,0.12780705
-4.429402,5.251098,0.7850456,-0.523,0.12786162
-4.466095,5.2144313,0.77393067,-0.523,0.12244843
-4.503218,5.1781497,0.7632839,-0.523,0.11703524
-4.54075,5.1422424,0.7531056,-0.523,0.11162205
-4.578669,5.1066966,0.74339604,-0.523,0.112479866
-4.6169276,5.071524,0.73361224,-0.523,0.11333768
-4.6555247,5.036731,0.7237541,-0.523,0.1141955
-4.694459,5.002323,0.7138217,-0.523,0.11619713
-4.733724,4.968312,0.7037159,-0.523,0.11819877
-4.7733216,4.934707,0.6934369,-0.523,0.120200396
-4.813253,4.901519,0.68298465,-0.51831025,0.12202606
-4.853159,4.869051,0.67246956,-0.51362056,0.12385173
-4.893031,4.8373017,0.66189456,-0.5089308,0.12567739
-4.9328604,4.8062687,0.6512624,-0.503351,0.12037877
-4.9726033,4.7759767,0.64118797,-0.49777114,0.11508014
-5.01223,4.7464,0.6316618,-0.49219134,0.10978152
-5.051713,4.7175117,0.6226743,-0.48337248,0.103136964
-5.09077,4.6894703,0.61438006,-0.47455359,0.09649241
-5.129367,4.662242,0.6067601,-0.46573472,0.089847855
-5.1674724,4.6357927,0.5997953,-0.4548874,0.09251304
-5.2048607,4.610225,0.59279144,-0.44404003,0.09517823
-5.241522,4.58553,0.5857582,-0.4331927,0.097843416
-5.2774467,4.561696,0.5787053,-0.4196615,0.116518304
-5.3123417,4.538899,0.57057405,-0.40613028,0.13519318
-5.346209,4.5171633,0.5614509,-0.39259908,0.15386808
-5.3790493,4.4965076,0.5514225,-0.37854657,0.18699545
-5.4107313,4.477021,0.53969336,-0.36449406,0.22012281
-5.4412456,4.458743,0.5264289,-0.35044152,0.25325018
-5.470578,4.4416966,0.5117949,-0.33510497,0.29976
-5.4984922,4.426017,0.49530265,-0.31976843,0.34626988
-5.524956,4.4117208,0.47721487,-0.3044319,0.39277974
-5.549939,4.3988028,0.45779425,-0.28643438,0.43928874
-5.5731936,4.387345,0.43749103,-0.26843688,0.48579773
-5.594696,4.377288,0.41660154,-0.25043935,0.53230673
-5.614429,4.368556,0.39541763,-0.22714892,0.5344205
-5.632468,4.3610263,0.37613484,-0.20385848,0.5365343
-5.6487646,4.3545904,0.35876745,-0.18056804,0.53864807
-5.6632776,4.349148,0.3433296,-0.15434006,0.4889131
-5.6761084,4.344561,0.33124822,-0.12811208,0.4391781
-5.6870737,4.3407903,0.32216942,-0.10188409,0.38944313
-5.696014,4.3378057,0.31572232,-0.074786045,0.46785396
-5.702359,4.335733,0.31010127,-0.047687992,0.5462648
-5.7062397,4.33449,0.30597228,-0.02058994,0.62467563
-5.7078323,4.3339868,0.30396533,0.008507521,0.63434374
-5.707178,4.334192,0.30480567,0.037604984,0.6440118
-5.7043095,4.335094,0.30856872,0.06670245,0.65367985
-5.6992645,4.3367023,0.31532913,0.09636584,0.685327
-5.6921716,4.339016,0.32549456,0.12602922,0.71697414
-5.6831703,4.342054,0.339297,0.15569262,0.7486213
-5.6724143,4.3458505,0.35695848,0.18527177,0.760629
-5.659839,4.35054,0.3782455,0.21485093,0.77263665
-5.6455417,4.3562217,0.40324077,0.24443008,0.78464437
-5.629632,4.363009,0.4320254,0.2734352,0.8172745
-5.6126423,4.3708425,0.4652607,0.30244032,0.8499047
-5.5948014,4.379799,0.5031271,0.33144546,0.8825349
-5.5763574,4.38995,0.5457925,0.3599153,0.83733314
-5.5557632,4.402457,0.59035367,0.38838512,0.7921313
-5.533103,4.417641,0.6364324,0.41685495,0.7469295
-5.5085034,4.4358206,0.6836335,0.44211617,0.7235483
-5.4828143,4.456749,0.7324172,0.46737742,0.70016706
-5.4562383,4.4806485,0.78260934,0.49263865,0.6767858
-5.4290056,4.5077295,0.8340318,0.510696,0.61763227
-5.4010315,4.538566,0.883323,0.523,0.5584787
-5.372885,4.572845,0.9295124,0.523,0.49932513
-5.3454185,4.6096377,0.97125065,0.523,0.4454964
-5.3187876,4.6486015,1.0088112,0.523,0.39166766
-5.293029,4.6895065,1.0420854,0.523,0.33783892
-5.268139,4.732113,1.0709767,0.523,0.32168183
-5.244359,4.7756605,1.0985355,0.523,0.3055247
-5.2216697,4.820079,1.1247548,0.523,0.2893676
-5.2000456,4.8653,1.1496274,0.523,0.2814258
-5.179505,4.911152,1.1738359,0.523,0.273484
-5.160036,4.9575925,1.1973785,0.523,0.2655422
-5.141626,5.004582,1.2202538,0.523,0.25392655
-5.124242,5.052126,1.2421507,0.523,0.2423109
-5.1078544,5.100181,1.263066,0.523,0.23069525
-5.0924325,5.1487036,1.2829971,0.523,0.21469155
-5.0779285,5.197701,1.3015676,0.523,0.19868784
-5.064291,5.247125,1.3187728,0.523,0.18268414
-5.0514665,5.2969303,1.3346083,0.523,0.17335504
-5.0394115,5.3470163,1.3496436,0.523,0.16402596
-5.0280933,5.3973575,1.3638772,0.523,0.15469688
-5.017477,5.447931,1.3773079,0.523,0.12432882
-5.007498,5.4988585,1.3881173,0.523,0.09396077
-4.998039,5.550061,1.3962954,0.523,0.06359272
-4.988977,5.6014633,1.4018348,0.523,0.06316261
-4.9802,5.6529155,1.407337,0.523,0.06273251
-4.971706,5.7044168,1.4128015,0.523,0.06230241
-4.963493,5.755965,1.4182287,0.523,0.021368718
-4.9555464,5.807646,1.4200912,0.523,-0.019564975
-4.9476957,5.859343,1.4183859,0.523,-0.060498666
-4.93977,5.9109426,1.4131156,0.523,-0.08076168
-4.9315844,5.962425,1.4060836,0.523,-0.10102469
-4.9230523,6.0137544,1.3972925,0.523,-0.121287696
-4.91409,6.064891,1.3867462,0.523,-0.15679367
-4.904636,6.1156764,1.373135,0.523,-0.19229965
-4.8945546,6.166013,1.356476,0.523,-0.22780561
-4.8837185,6.215796,1.3367902,0.523,-0.2856589
-4.8720827,6.264609,1.3122275,0.523,-0.3
-4.8593073,6.312912,1.286468,0.523,-0.3
-4.8452916,6.3608704,1.2607085,0.523,-0.3
-4.8300457,6.4084516,1.234949,0.523,-0.3
-4.813579,6.455624,1.2091895,0.523,-0.3
-4.7959027,6.502357,1.18343,0.523,-0.3
-4.7770286,6.5486193,1.1576705,0.523,-0.3
-4.7569695,6.59438,1.1319109,0.523,-0.3
