-7.224279,-7.7147536,1.9742357,-0.016521273,0.0
-7.22363,-7.716273,1.9742357,0.012327085,-0.09958373
-7.2241116,-7.715145,1.9740313,0.041175444,-0.19916746
-7.2256956,-7.7114325,1.9726737,0.070023805,-0.29875118
-7.228313,-7.7052736,1.9692386,0.09790791,-0.3
-7.231942,-7.6966524,1.9644164,0.12579201,-0.3
-7.2365513,-7.685554,1.9582206,0.15367611,-0.3
-7.242098,-7.6719613,1.9506515,0.1741471,-0.3
-7.2482667,-7.65651,1.9420743,0.19461808,-0.3
-7.255012,-7.6391845,1.9324887,0.21508907,-0.3
-7.2622833,-7.6199656,1.9218948,0.21867973,-0.3
-7.2694683,-7.600349,1.9111241,0.2222704,-0.3
-7.2765565,-7.5803323,1.9001765,0.22586107,-0.3
-7.2835355,-7.559915,1.8890522,0.22593878,-0.3
-7.29029,-7.539414,1.8779238,0.22601649,-0.3
-7.2968173,-7.518832,1.8667917,0.2260942,-0.3
-7.3031178,-7.4981723,1.8556559,0.22657053,-0.3
-7.309201,-7.4773993,1.8444965,0.22704686,-0.3
-7.3150635,-7.456516,1.8333137,0.2275232,-0.3
-7.3207045,-7.4355245,1.8221074,0.22811863,-0.3
-7.3261237,-7.4144163,1.8108718,0.22871405,-0.3
-7.3313193,-7.393193,1.7996069,0.22930948,-0.3
-7.336288,-7.371857,1.7883126,0.23000614,-0.3
-7.34103,-7.3504014,1.776984,0.2307028,-0.3
-7.345542,-7.3288283,1.7656212,0.23139946,-0.3
-7.349822,-7.3071404,1.754224,0.23217013,-0.3
-7.3538675,-7.285332,1.7427888,0.23294081,-0.3
-7.357676,-7.2634068,1.7313156,0.23371148,-0.3
-7.3612447,-7.241367,1.7198045,0.23458461,-0.3
-7.3645716,-7.2192044,1.7082505,0.23545775,-0.3
-7.367654,-7.1969223,1.6966534,0.2363309,-0.3
-7.370488,-7.1745234,1.6850133,0.23738296,-0.3
-7.3730726,-7.151993,1.6733214,0.23843503,-0.3
-7.375404,-7.129334,1.6615777,0.2394871,-0.3
-7.377478,-7.1065493,1.6497822,0.2406796,-0.3
-7.379292,-7.0836277,1.6379279,0.24187212,-0.3
-7.380842,-7.060573,1.6260148,0.24306463,-0.3
-7.382124,-7.0373874,1.6140431,0.24464302,-0.3
-7.3831344,-7.0140376,1.6019936,0.24622142,-0.3
-7.383868,-6.9905267,1.5898664,0.24779983,-0.3
-7.3843193,-6.966858,1.5776614,0.25033113,-0.3
-7.384484,-6.9429436,1.5653317,0.25286242,-0.3
-7.3843517,-6.918787,1.5528774,0.25539374,-0.3
-7.3839145,-6.894392,1.5402983,0.2582241,-0.3
-7.383162,-6.8697343,1.52758,0.26105446,-0.3
-7.382085,-6.844818,1.5147222,0.26388478,-0.3
-7.380672,-6.819648,1.501725,0.26681513,-0.3
-7.3789124,-6.794219,1.4885834,0.26974547,-0.3
-7.3767962,-6.768536,1.4752976,0.2726758,-0.3
-7.3743124,-6.742605,1.4618673,0.2760048,-0.3
-7.371446,-6.716394,1.4482732,0.2793338,-0.3
-7.3681846,-6.689908,1.434515,0.2826628,-0.3
-7.364516,-6.6631546,1.4205929,0.2868837,-0.3
-7.3604145,-6.636056,1.4064629,0.29110464,-0.3
-7.355865,-6.6086206,1.3921251,0.29532555,-0.3
-7.3508506,-6.5808563,1.3775793,0.30348808,-0.3
-7.3452835,-6.5524025,1.3626314,0.31165057,-0.3
-7.3391304,-6.523272,1.3472817,0.3198131,-0.3
-7.3323584,-6.4934793,1.3315297,0.33095244,-0.3
-7.3248653,-6.462763,1.3152293,0.3420918,-0.3
-7.3166037,-6.431143,1.2983801,0.35323116,-0.3
-7.307524,-6.398642,1.2809823,0.3676965,-0.3
-7.297486,-6.3649793,1.262872,0.3821618,-0.3
-7.2864203,-6.3301873,1.2440492,0.39662713,-0.3
-7.2742586,-6.294301,1.224514,0.4133367,-0.3
-7.2608566,-6.2571573,1.2041558,0.4300463,-0.3
-7.2461286,-6.218804,1.1829746,0.44675586,-0.3
-7.229988,-6.179293,1.1609703,0.46566567,-0.3
-7.212262,-6.1384907,1.1380347,0.48457545,-0.3
-7.1928477,-6.096465,1.1141677,0.50348526,-0.3
-7.1716394,-6.053293,1.0893694,0.5226109,-0.3
-7.148521,-6.0090413,1.063629,0.523,-0.3
-7.1242533,-5.9653664,1.0378696,0.523,-0.3
-7.098869,-5.9223313,1.01211,0.523,-0.3
-7.0723844,-5.879964,0.98635054,0.523,-0.3
-7.044817,-5.838293,0.960591,0.523,-0.3
-7.0161858,-5.797346,0.9348315,0.523,-0.2516157
-6.9861,-5.7565956,0.9131297,0.523,-0.20323141
-6.9547887,-5.7160563,0.89553636,0.523,-0.15484712
-6.9224873,-5.675722,0.8820927,0.523,-0.10875102
-6.889445,-5.6355815,0.87263197,0.523,-0.062654935
-6.8558917,-5.595597,0.8671741,0.523,-0.01655885
-6.822059,-5.5557237,0.86573076,0.523,0.00757767
-6.7881656,-5.5158944,0.8663913,0.523,0.03171419
-6.754314,-5.4760623,0.8691552,0.523,0.055850707
-6.720608,-5.4361787,0.87402105,0.523,0.06981172
-6.6871266,-5.3961663,0.8801014,0.523,0.08377272
-6.653925,-5.3559947,0.887395,0.523,0.09773372
-6.6210585,-5.3156333,0.89590055,0.523,0.10963134
-6.588577,-5.2750444,0.90543765,0.523,0.121528946
-6.5565276,-5.2342033,0.91600484,0.523,0.13342656
-6.5249605,-5.193089,0.92760074,0.523,0.14297701
-6.493913,-5.1516666,0.94002116,0.523,0.15252747
-6.4634266,-5.109921,0.95326495,0.523,0.16207792
-6.4335403,-5.067839,0.967331,0.523,0.17265166
-6.4043016,-5.025417,0.98230577,0.523,0.18322541
-6.3757553,-4.982643,0.9981877,0.523,0.19379915
-6.347948,-4.9395084,1.014975,0.523,0.20939279
-6.3209553,-4.8960514,1.033094,0.523,0.22498642
-6.294844,-4.852264,1.0525403,0.523,0.24058005
-6.269683,-4.8081403,1.0733092,0.523,0.25811046
-6.245551,-4.763702,1.0955588,0.523,0.27564085
-6.2225246,-4.718953,1.1192824,0.523,0.29317123
-6.2006783,-4.6739025,1.1444726,0.523,0.30756366
-6.1800656,-4.628518,1.1708612,0.523,0.3219561
-6.1607485,-4.5828204,1.1984428,0.523,0.3363485
-6.1427875,-4.5368342,1.2272115,0.523,0.34782493
-6.1262245,-4.49054,1.2569226,0.523,0.35930133
-6.1111083,-4.4439716,1.2875721,0.523,0.37077773
-6.097486,-4.3971677,1.3191562,0.523,0.37424386
-6.0853653,-4.350021,1.3510215,0.523,0.37770995
-6.074767,-4.3025765,1.383168,0.523,0.38117605
-6.0657115,-4.2548823,1.415595,0.523,0.3799781
-6.0582037,-4.2068963,1.4479252,0.523,0.37878013
-6.052248,-4.15867,1.4801583,0.523,0.37758216
-6.0478477,-4.110254,1.5122944,0.523,0.37459272
-6.045002,-4.0616636,1.5441881,0.523,0.37160328
-6.0437055,-4.0129504,1.5758392,0.523,0.3686138
-6.0439515,-3.9641643,1.6072474,0.523,0.36781952
-6.04573,-3.9153948,1.6385908,0.523,0.3670252
-6.049037,-3.8666902,1.6698698,0.523,0.3662309
-6.053867,-3.818098,1.701084,0.523,0.36313897
-6.0602183,-3.769623,1.7320466,0.523,0.36004707
-6.068077,-3.7213116,1.762757,0.523,0.35695514
-6.077426,-3.6732082,1.793215,0.52062416,0.35533732
-6.088193,-3.6256006,1.8234031,0.5182483,0.3537195
-6.1003437,-3.5785272,1.8533224,0.5158725,0.35210168
-6.113843,-3.5320244,1.882974,0.51039594,0.3479517
-6.1285796,-3.4863627,1.9119792,0.50491947,0.34380174
-6.1444855,-3.4415655,1.9403446,0.499443,0.33965176
-6.1614943,-3.3976536,1.968077,0.49479622,0.32933083
-6.17961,-3.3544796,1.9947473,0.49014947,0.31900987
-6.1987557,-3.312058,2.0203679,0.4855027,0.30868894
-6.2188573,-3.2703989,2.0449512,0.4826027,0.29798704
-6.239921,-3.2293549,2.0685663,0.4797027,0.28728512
-6.2618866,-3.1889331,2.0912204,0.4768027,0.2765832
-6.2846947,-3.1491375,2.1129205,0.4769089,0.27035785
-6.3084073,-3.1097689,2.1341488,0.4770151,0.26413247
-6.3329973,-3.0708373,2.1549048,0.4771213,0.2579071
-6.3584385,-3.0323522,2.175187,0.47394624,0.24618058
-6.384559,-2.9945292,2.1944373,0.4707712,0.23445407
-6.4112997,-2.9573596,2.2126648,0.46759614,0.22272754
-6.438603,-2.9208312,2.2298796,0.46065953,0.20848739
-6.4662023,-2.8852024,2.2457707,0.4537229,0.19424725
-6.494021,-2.8504453,2.2603676,0.44678625,0.18000709
-6.5219865,-2.816532,2.2736995,0.43545634,0.16436419
-6.549757,-2.7837558,2.2855747,0.42412642,0.1487213
-6.577249,-2.7520776,2.2960489,0.4127965,0.1330784
-6.604389,-2.7214599,2.3051775,0.39338282,0.122921556
-6.630552,-2.6924815,2.3132164,0.37396917,0.11276472
-6.6556745,-2.6651013,2.32023,0.3545555,0.10260789
-6.6797004,-2.6392815,2.3262827,0.3370119,0.09370596
-6.702706,-2.614857,2.3315384,0.3194683,0.08480403
-6.724653,-2.5918002,2.3360484,0.3019247,0.0759021
-6.7455077,-2.5700877,2.339864,0.28552252,0.07219626
-6.7653127,-2.5496247,2.3432968,0.26912037,0.06849043
-6.7840514,-2.5303965,2.3463664,0.25271818,0.064784594
-6.8017077,-2.5123897,2.3490932,0.23575272,0.07762165
-6.818209,-2.495652,2.35214,0.21878725,0.09045872
-6.8335543,-2.4801822,2.355434,0.2018218,0.10329579
-6.8477383,-2.4659765,2.3589025,0.1898189,0.09790377
-6.861132,-2.4526548,2.3619947,0.177816,0.09251176
-6.8737245,-2.440208,2.3647325,0.1658131,0.08711974
-6.8855042,-2.4286277,2.3671372,0.15510875,0.08679687
-6.8965497,-2.4178214,2.369378,0.1444044,0.08647401
-6.9068556,-2.4077837,2.3714569,0.13370004,0.08615114
-6.916417,-2.3985095,2.3733742,0.12471388,0.08133842
-6.9253564,-2.3898726,2.375063,0.115727715,0.0765257
-6.933668,-2.3818686,2.3765376,0.106741555,0.071712986
-6.941348,-2.374495,2.3778121,0.10351609,0.076131634
-6.9488025,-2.3673558,2.3791244,0.10029062,0.08055028
-6.9560313,-2.3604512,2.3804693,0.09706514,0.08496893
-6.963034,-2.3537805,2.3818424,0.09517678,0.08791918
-6.9699078,-2.3472505,2.3832352,0.093288414,0.090869434
-6.976652,-2.3408613,2.384646,0.09140004,0.093819685
-6.9832673,-2.3346124,2.386073,0.09037726,0.097547725
-6.9898148,-2.328445,2.38754,0.089354485,0.10127577
-6.9962945,-2.322359,2.3890457,0.0883317,0.10500382
-7.002707,-2.316355,2.3905888,0.086041786,0.11333584
-7.008956,-2.3105214,2.3922107,0.083751865,0.12166787
-7.0150423,-2.3048584,2.3939047,0.08146194,0.12999989
-7.020965,-2.2993662,2.3956647,0.080592975,0.13795282
-7.0268283,-2.2939487,2.397512,0.079724,0.14590575
-7.0326314,-2.2886064,2.3994439,0.07885503,0.15385868
-7.0383744,-2.2833397,2.4014578,0.07840865,0.16195291
-7.0440884,-2.2781212,2.4035652,0.07796228,0.17004716
-7.0497727,-2.2729514,2.4057639,0.07751591,0.1781414
-7.0554276,-2.2678308,2.4080534,0.0770907,0.186097
-7.061055,-2.2627587,2.4104307,0.0766655,0.19405259
-7.066655,-2.2577355,2.4128945,0.07624029,0.20200819
-7.0722275,-2.2527618,2.415444,0.07634682,0.20868988
-7.077812,-2.2478025,2.4180803,0.07645334,0.21537158
-7.08341,-2.2428582,2.4208033,0.076559864,0.22205327
-7.0890203,-2.2379293,2.4236135,0.07687072,0.22699757
-7.094661,-2.233002,2.426497,0.07718157,0.23194188
-7.1003327,-2.228077,2.4294538,0.077492416,0.23688617
