-8.943337,-3.1851563,-2.623365,0.49012014,0.0
-8.985914,-3.209434,-2.623365,0.46160638,0.07941456
-9.0258875,-3.2322273,-2.6172616,0.4330926,0.15882912
-9.062907,-3.2536364,-2.6058452,0.40457883,0.23824367
-9.096713,-3.2737062,-2.589932,0.3761008,0.31037214
-9.1272135,-3.292476,-2.5707877,0.34762278,0.3825006
-9.154351,-3.309901,-2.549163,0.31914476,0.45462906
-9.178138,-3.325911,-2.5258055,0.29047003,0.5125857
-9.198802,-3.3405325,-2.5020628,0.26179528,0.5705423
-9.21648,-3.353682,-2.4784975,0.23312055,0.6284989
-9.231342,-3.36529,-2.4556544,0.20430811,0.6474596
-9.243952,-3.3756118,-2.4351158,0.17549567,0.66642034
-9.254445,-3.3845668,-2.4170346,0.14668323,0.68538105
-9.262948,-3.3920934,-2.4015603,0.11789259,0.657368
-9.26984,-3.3983865,-2.3895543,0.089101955,0.62935495
-9.2751,-3.403307,-2.380813,0.06031132,0.6013419
-9.278702,-3.406736,-2.3751261,0.03159271,0.53478336
-9.280661,-3.4086213,-2.3724425,0.0028741038,0.46822485
-9.280845,-3.4087996,-2.3722265,-0.025844505,0.40166634
-9.279136,-3.4071448,-2.3739104,-0.05413533,0.32529715
-9.275445,-3.4035823,-2.3767939,-0.08242616,0.24892792
-9.269681,-3.3980513,-2.3801785,-0.11071698,0.17255872
-9.2617855,-3.3905258,-2.3833468,-0.13712074,0.12885827
-9.251913,-3.3811748,-2.3862836,-0.1635245,0.08515783
-9.24005,-3.3700056,-2.3886015,-0.18992826,0.041457385
-9.226204,-3.357029,-2.3899136,-0.21362929,0.034616955
-9.210607,-3.3424497,-2.391146,-0.23733033,0.02777652
-9.193255,-3.3262708,-2.3922443,-0.26103136,0.02093609
-9.174149,-3.3084943,-2.393155,-0.28033313,0.034686904
-9.15362,-3.2894292,-2.3947754,-0.29963487,0.048437722
-9.131657,-3.2690988,-2.3971934,-0.31893665,0.062188536
-9.108244,-3.2475317,-2.400497,-0.33263892,0.07843384
-9.08378,-3.2251444,-2.404841,-0.3463412,0.09467915
-9.058243,-3.2019784,-2.410298,-0.36004347,0.11092445
-9.03161,-3.1780813,-2.4169407,-0.3683797,0.122703366
-9.004235,-3.1538458,-2.4244554,-0.37671596,0.13448228
-8.976099,-3.1293106,-2.4328735,-0.3850522,0.1462612
-8.947178,-3.1045165,-2.4422264,-0.39086545,0.15133262
-8.917608,-3.0796428,-2.4520473,-0.39667866,0.15640402
-8.887377,-3.0547147,-2.4623456,-0.4024919,0.16147543
-8.856469,-3.0297587,-2.4731307,-0.40779683,0.16001871
-8.824875,-3.0048072,-2.4839602,-0.4131018,0.158562
-8.79259,-2.9798734,-2.4948316,-0.41840672,0.15710528
-8.759611,-2.9549706,-2.505742,-0.4232189,0.1515831
-8.72595,-2.9301252,-2.5163934,-0.4280311,0.14606091
-8.691613,-2.9053411,-2.526776,-0.4328433,0.14053874
-8.656604,-2.8806205,-2.5368812,-0.43666866,0.13344976
-8.621,-2.8560157,-2.5465648,-0.44049406,0.12636077
-8.584812,-2.8315213,-2.555817,-0.44431946,0.11927179
-8.548051,-2.8071318,-2.5646284,-0.44579747,0.10479727
-8.510893,-2.7829478,-2.5724006,-0.44727546,0.09032275
-8.473371,-2.75894,-2.5791247,-0.44875345,0.07584822
-8.435517,-2.7350779,-2.5847921,-0.44897482,0.060118705
-8.39747,-2.7113938,-2.589288,-0.4491962,0.04438919
-8.359267,-2.6878498,-2.5926101,-0.44941756,0.028659672
-8.320946,-2.664408,-2.5947566,-0.4491908,0.018274099
-8.282583,-2.6410546,-2.5961246,-0.44896403,0.007888526
-8.244204,-2.617762,-2.5967147,-0.44873723,-0.0024970472
-8.205828,-2.5945036,-2.596528,-0.44933495,-0.006981653
-8.167406,-2.5712073,-2.5960052,-0.44993266,-0.011466259
-8.128947,-2.5478609,-2.5951455,-0.45053038,-0.015950864
-8.09046,-2.524452,-2.5939476,-0.45088854,-0.019239575
-8.051972,-2.5009794,-2.592502,-0.45124668,-0.022528285
-8.013491,-2.4774344,-2.590808,-0.45160484,-0.025816996
-7.975022,-2.453807,-2.5888648,-0.45158812,-0.026383627
-7.9366007,-2.4301066,-2.5868793,-0.45157138,-0.026950259
-7.8982286,-2.406331,-2.5848513,-0.45155466,-0.02751689
-7.859907,-2.382479,-2.5827806,-0.45133325,-0.027632076
-7.821654,-2.3585591,-2.5807023,-0.45111188,-0.027747262
-7.783469,-2.334572,-2.5786164,-0.4508905,-0.027862448
-7.7453537,-2.310517,-2.5765228,-0.45091236,-0.027920788
-7.7072864,-2.2863812,-2.574425,-0.4509342,-0.02797913
-7.6692686,-2.2621646,-2.5723224,-0.45095608,-0.02803747
-7.6312995,-2.2378666,-2.5702155,-0.45106032,-0.028009694
-7.5933733,-2.2134833,-2.56811,-0.4511646,-0.027981918
-7.5554895,-2.1890144,-2.5660062,-0.45126888,-0.027954143
-7.5176487,-2.1644604,-2.563904,-0.45138836,-0.027825516
-7.4798493,-2.13982,-2.561811,-0.45150784,-0.027696889
-7.4420915,-2.1150942,-2.559727,-0.4516273,-0.027568262
-7.404375,-2.090283,-2.557652,-0.4516333,-0.027292723
-7.366709,-2.0653927,-2.555598,-0.4516393,-0.027017182
-7.3290944,-2.040425,-2.5535645,-0.45164528,-0.026741643
-7.291529,-2.0153801,-2.5515518,-0.4517006,-0.02586468
-7.2540092,-1.9902563,-2.549605,-0.45175594,-0.024987716
-7.2165327,-1.9650556,-2.5477235,-0.45181125,-0.024110753
-7.179098,-1.9397808,-2.5459082,-0.45202693,-0.023257906
-7.141691,-1.9144256,-2.544156,-0.45224264,-0.022405058
-7.10431,-1.8889922,-2.5424676,-0.45245832,-0.02155221
-7.066953,-1.8634831,-2.5408425,-0.4538964,-0.018652504
-7.029517,-1.8378305,-2.5394316,-0.45533448,-0.015752798
-6.9919972,-1.8120425,-2.5382361,-0.45677257,-0.012853092
-6.954388,-1.786127,-2.5372577,-0.45925394,-0.010356766
-6.9165993,-1.7600328,-2.536465,-0.46173528,-0.00786044
-6.878626,-1.733767,-2.53586,-0.46421665,-0.005364114
-6.8404636,-1.7073365,-2.535445,-0.4673423,-0.003710419
-6.8020554,-1.680712,-2.535156,-0.47046793,-0.002056724
-6.763398,-1.653898,-2.5349946,-0.47359356,-0.00040302874
-6.724488,-1.6268996,-2.534963,-0.4769271,0.0008672178
-6.685305,-1.59971,-2.5350318,-0.48026067,0.0021374642
-6.645846,-1.572333,-2.535203,-0.48359424,0.0034077107
-6.6061087,-1.5447729,-2.5354776,-0.48574546,0.0024212003
-6.5661874,-1.517101,-2.5356736,-0.48789665,0.0014346897
-6.526083,-1.4893146,-2.5357902,-0.49004787,0.00044817926
-6.485799,-1.4614102,-2.535827,-0.4913656,2.6059151e-05
-6.4454055,-1.4334322,-2.535829,-0.49268335,-0.00039606093
-6.4049034,-1.4053793,-2.5357964,-0.4940011,-0.000818181
-6.364294,-1.3772501,-2.5357292,-0.49444538,-0.0012631
-6.3236504,-1.3490927,-2.535625,-0.49488968,-0.0017080188
-6.282973,-1.320906,-2.535484,-0.49533397,-0.0021529377
-6.242263,-1.2926881,-2.5353065,-0.4951282,-0.00322603
-6.201575,-1.264475,-2.5350401,-0.49492246,-0.004299122
-6.1609116,-1.2362628,-2.5346856,-0.4947167,-0.005372214
-6.1202755,-1.208048,-2.5342426,-0.49447736,-0.0070542516
-6.079672,-1.1798292,-2.5336614,-0.49423802,-0.008736288
-6.039105,-1.1516008,-2.5329416,-0.49399868,-0.010418326
-5.998578,-1.1233574,-2.5320837,-0.49399623,-0.014996862
-5.958079,-1.0950811,-2.5308492,-0.49399382,-0.019575398
-5.9176173,-1.0667571,-2.5292375,-0.49399137,-0.024153937
-5.877206,-1.038371,-2.527249,-0.49376392,-0.02709422
-5.8368726,-1.0099198,-2.5250196,-0.49353644,-0.030034507
-5.796625,-0.98139423,-2.5225496,-0.493309,-0.03297479
-5.75647,-0.95278525,-2.519839,-0.493896,-0.03392126
-5.7163463,-0.9240343,-2.5170472,-0.49448302,-0.034867726
-5.676257,-0.895138,-2.5141742,-0.49507004,-0.035814196
-5.6362042,-0.8660932,-2.5112197,-0.4966101,-0.03665939
-5.5961146,-0.8368404,-2.508186,-0.49815017,-0.037504584
-5.555991,-0.8073759,-2.505073,-0.4996902,-0.038349777
-5.515837,-0.7776962,-2.5018802,-0.50188255,-0.040073205
-5.4756055,-0.7477596,-2.498529,-0.5040749,-0.041796632
-5.4353013,-0.71755916,-2.4950185,-0.50626725,-0.043520056
-5.394932,-0.68708766,-2.4913476,-0.50888413,-0.04602442
-5.3544707,-0.6563134,-2.4874454,-0.5115011,-0.04852878
-5.3139277,-0.6252261,-2.48331,-0.514118,-0.05103314
-5.2733116,-0.5938154,-2.478939,-0.51705146,-0.053100802
-5.2326064,-0.56205064,-2.4743652,-0.5199849,-0.05516846
-5.1918216,-0.52992237,-2.4695866,-0.52291834,-0.057236124
-5.1509666,-0.49742106,-2.4646008,-0.523,-0.05672518
-5.110266,-0.46471035,-2.459659,-0.523,-0.056214236
-5.069727,-0.43179798,-2.4547615,-0.523,-0.055703294
-5.0293484,-0.3986865,-2.4499087,-0.523,-0.05046283
-4.9891195,-0.36537018,-2.4455118,-0.523,-0.045222364
-4.9490275,-0.33186892,-2.4415712,-0.523,-0.0399819
-4.909059,-0.29820243,-2.4380872,-0.523,-0.03821672
-4.869205,-0.26439452,-2.4347568,-0.523,-0.03645154
-4.8294616,-0.23045184,-2.43158,-0.523,-0.034686364
-4.7898235,-0.19638094,-2.4285572,-0.523,-0.026316762
-4.7502785,-0.16218165,-2.4262636,-0.523,-0.017947162
-4.710805,-0.12788537,-2.424699,-0.523,-0.00957756
-4.6713805,-0.09352344,-2.4238644,-0.523,-0.004802537
-4.6319833,-0.059127435,-2.4234457,-0.523,-2.7513504e-05
-4.5926,-0.024714537,-2.4234433,-0.523,0.00474751
-4.553217,0.009698068,-2.4238572,-0.523,0.008820045
-4.513821,0.044093423,-2.4246259,-0.523,0.01289258
-4.4744005,0.07845696,-2.4257498,-0.523,0.016965115
-4.4349437,0.11277409,-2.4272285,-0.523,0.026625622
-4.395445,0.14702561,-2.429549,-0.523,0.036286127
-4.3558784,0.18117501,-2.4327114,-0.523,0.045946635
-4.31622,0.2151856,-2.436715,-0.50540084,0.06405382
-4.2778025,0.24786542,-2.4421067,-0.48780173,0.08216101
-4.2406034,0.27916536,-2.4487789,-0.4702026,0.1002682
-4.204605,0.30904657,-2.4566236,-0.44410414,0.1295118
-4.1705003,0.33690748,-2.4661827,-0.41800568,0.15875542
-4.138287,0.36271328,-2.4771965,-0.3919072,0.18799904
-4.1079764,0.38645187,-2.489404,-0.3651684,0.21485408
-4.0796213,0.40810534,-2.50238,-0.33842957,0.24170911
-4.05325,0.4277079,-2.515881,-0.31169078,0.26856416
-4.0288916,0.44530845,-2.5296655,-0.28424096,0.28582332
-4.006569,0.46097413,-2.5430224,-0.25679114,0.30308247
-3.9863214,0.47478384,-2.5557961,-0.22934134,0.32034162
-3.9681833,0.48681825,-2.5678325,-0.2040097,0.3376824
-3.9520168,0.4972664,-2.5790973,-0.17867805,0.35502315
-3.9378445,0.506201,-2.589449,-0.1533464,0.37236392
-3.9256833,0.5136931,-2.5987473,-0.13789433,0.36682144
-3.9146616,0.52034247,-2.60699,-0.12244225,0.36127895
-3.9048061,0.5261781,-2.6142032,-0.10699018,0.3557365
-3.8961396,0.5312256,-2.6204138,-0.10580403,0.3405779
-3.887491,0.53619105,-2.6263041,-0.10461789,0.3254193
-3.8788655,0.5410759,-2.6318786,-0.103431754,0.31026074
-3.870268,0.5458816,-2.6371417,-0.10301862,0.2951672
-3.8616395,0.5506455,-2.6421363,-0.10260548,0.28007364
-3.8529832,0.55536824,-2.6468635,-0.102192335,0.2649801
-3.8443034,0.56005096,-2.651324,-0.102777235,0.25182912
-3.8355222,0.5647377,-2.6555922,-0.10336213,0.23867813
-3.826642,0.5694288,-2.659665,-0.10394702,0.22552714
-3.8176644,0.57412463,-2.6635392,-0.103798404,0.21469957
-3.8086598,0.57879025,-2.667225,-0.103649795,0.203872
-3.7996302,0.58342665,-2.6707225,-0.10350118,0.19304442
-3.790578,0.5880349,-2.6740317,-0.10325962,0.18026529
-3.7815096,0.5926135,-2.6771173,-0.10301807,0.16748615
-3.772428,0.5971637,-2.6799798,-0.10277652,0.15470701
-3.763336,0.6016866,-2.682619,-0.1032675,0.1460242
-3.7541764,0.606213,-2.6851234,-0.10375848,0.13734138
-3.7449508,0.61074334,-2.6874912,-0.104249455,0.12865858
-3.7356596,0.61527854,-2.6897204,-0.10264162,0.12001537
-3.7264922,0.61972815,-2.6917686,-0.101033784,0.11137216
-3.7174501,0.62409395,-2.69364,-0.09942595,0.10272895
-3.708536,0.62837756,-2.6953394,-0.098380834,0.09212763
-3.6996987,0.6326056,-2.696848,-0.097335726,0.08152631
-3.6909413,0.6367793,-2.698169,-0.09629062,0.07092499
-3.6822653,0.64090014,-2.6993062,-0.094768375,0.06658484
-3.6737194,0.6449473,-2.7003572,-0.09324613,0.062244695
-3.6653042,0.6489217,-2.701324,-0.09172389,0.05790455
-3.6570203,0.6528243,-2.7022085,-0.09215856,0.064389
-3.6486971,0.65673643,-2.703197,-0.092593245,0.07087345
-3.6403346,0.66065705,-2.7042897,-0.09302793,0.077357896
-3.6319323,0.66458493,-2.705488,-0.097833134,0.10513751
-3.6231136,0.66869473,-2.707199,-0.10263834,0.13291712
-3.6138852,0.67297626,-2.7094662,-0.10744355,0.16069674
-3.6042542,0.67741805,-2.7123313,-0.11587958,0.19712016
-3.5939217,0.68214756,-2.7161138,-0.124315605,0.23354357
-3.5829058,0.68713945,-2.7209089,-0.13275163,0.269967
-3.571227,0.6923645,-2.7268095,-0.14250039,0.31340316
-3.5588207,0.6978274,-2.7341318,-0.15224914,0.35683933
-3.5457227,0.70348066,-2.7429955,-0.16199788,0.40027547
-3.5319731,0.7092712,-2.7535164,-0.16690366,0.3977923
-3.5177302,0.71509385,-2.7642925,-0.17180943,0.39530912
-3.5029895,0.72093534,-2.7753196,-0.17671521,0.39282596
-3.487747,0.72678214,-2.7865942,-0.17728873,0.37676385
-3.4722893,0.73251224,-2.797465,-0.17786223,0.3607017
-3.4566236,0.73812675,-2.8079274,-0.17843574,0.3446396
-3.4407554,0.743627,-2.817975,-0.17752242,0.329162
-3.4248283,0.74896914,-2.827539,-0.17660908,0.31368443
-3.4088507,0.7541587,-2.8366215,-0.17569576,0.29820687
-3.3928316,0.75920135,-2.845225,-0.1723674,0.28249234
-3.3769996,0.7640358,-2.8532329,-0.16903903,0.2667778
-3.361367,0.7686729,-2.86066,-0.16571067,0.2510633
