-9.300003,-4.710698,-0.26889423,0.32554534,0.0
-9.268618,-4.719347,-0.26889423,0.31994507,0.09793432
-9.237921,-4.727806,-0.26368028,0.31434482,0.19586864
-9.208154,-4.735842,-0.25348407,0.30874455,0.29380295
-9.179546,-4.743253,-0.23858228,0.3219127,0.3919684
-9.150639,-4.7502837,-0.21808673,0.33508086,0.49013385
-9.121776,-4.75668,-0.19179718,0.34824902,0.58829933
-9.093337,-4.7622027,-0.15958722,0.36347649,0.684626
-9.065537,-4.766677,-0.12127782,0.37870395,0.78095263
-9.038838,-4.7699313,-0.076845974,0.39393142,0.87727934
-9.013731,-4.7718644,-0.02635693,0.4120325,0.94865507
-8.989727,-4.772497,0.029448234,0.43013358,1.0
-8.966496,-4.771813,0.08977239,0.44823468,1.0
-8.942376,-4.769642,0.15263513,0.46050724,1.0
-8.917784,-4.7658587,0.21721904,0.4727798,1.0
-8.892839,-4.7603536,0.28352413,0.48505238,1.0
-8.867679,-4.753022,0.35155037,0.49347126,0.95528954
-8.840929,-4.743211,0.41870204,0.5018902,0.9105791
-8.812808,-4.730696,0.48477244,0.5103091,0.8658686
-8.783551,-4.7152867,0.5495526,0.512044,0.8220537
-8.753827,-4.6970816,0.61206853,0.513779,0.7782388
-8.723881,-4.6760592,0.6721829,0.51551396,0.7344238
-8.693942,-4.652233,0.7297624,0.5142775,0.6993684
-8.664609,-4.6259956,0.78493875,0.51304114,0.664313
-8.636033,-4.597446,0.8376553,0.5118047,0.62925756
-8.608343,-4.566699,0.8878586,0.51060426,0.603031
-8.581804,-4.5340767,0.9361228,0.5094039,0.57680434
-8.556487,-4.499693,0.9824232,0.50820345,0.55057776
-8.53245,-4.4636655,1.0267367,0.5072035,0.5270685
-8.509759,-4.426158,1.0692575,0.50620353,0.5035592
-8.488443,-4.3872814,1.1099685,0.5052036,0.4800499
-8.468516,-4.347146,1.1488544,0.5044202,0.45804885
-8.449988,-4.3058715,1.18603,0.5036368,0.4360478
-8.432854,-4.263558,1.2214828,0.5028534,0.41404673
-8.417097,-4.220302,1.2552005,0.5018684,0.40788233
-8.402798,-4.176508,1.2883795,0.5008835,0.40171793
-8.389951,-4.132233,1.3210205,0.49989855,0.39555353
-8.378548,-4.087535,1.3531239,0.49791306,0.37727168
-8.368551,-4.0423374,1.3836945,0.4959276,0.35898986
-8.359915,-3.9967165,1.4127336,0.4939421,0.34070805
-8.352587,-3.950742,1.4402423,0.49096465,0.32588115
-8.346532,-3.9046254,1.4664389,0.48798722,0.3110543
-8.341692,-3.858421,1.4913313,0.48500976,0.29622743
-8.33801,-3.812179,1.5149282,0.48204315,0.27878872
-8.3354225,-3.7659082,1.5370371,0.47907653,0.26135
-8.33386,-3.7196538,1.5576682,0.47610992,0.24391128
-8.333254,-3.673456,1.5768316,0.47435498,0.22237025
-8.333532,-3.6271894,1.5942675,0.47260004,0.20082924
-8.3346195,-3.5808918,1.60998,0.4708451,0.17928821
-8.336434,-3.5345976,1.6239743,0.4673509,0.16016234
-8.338887,-3.488526,1.6363964,0.46385673,0.14103648
-8.341897,-3.4426997,1.6472636,0.46036252,0.12191061
-8.345388,-3.3971386,1.6565944,0.4547515,0.106774494
-8.349263,-3.3520887,1.6646717,0.4491405,0.091638386
-8.353456,-3.3075602,1.6715218,0.44352946,0.07650228
-8.357903,-3.263561,1.6771715,0.43629232,0.06140524
-8.362526,-3.2202601,1.6816338,0.42905518,0.04630821
-8.367267,-3.1776636,1.684944,0.42181805,0.031211173
-8.372068,-3.1357768,1.687138,0.41381952,0.018623685
-8.376871,-3.0946817,1.6884223,0.405821,0.006036198
-8.381634,-3.0543807,1.6888306,0.3978225,-0.0065512895
-8.386318,-3.0148761,1.6883962,0.39018205,-0.019915635
-8.390896,-2.9761353,1.6871012,0.38254163,-0.033279978
-8.395332,-2.9381604,1.6849798,0.3749012,-0.046644323
-8.399599,-2.900955,1.6820663,0.37151998,-0.043741304
-8.403721,-2.864068,1.6793587,0.36813876,-0.040838283
-8.407706,-2.8275013,1.6768537,0.36475757,-0.037935264
-8.411564,-2.7912567,1.674548,0.36457798,-0.042446714
-8.415337,-2.7550275,1.6719697,0.3643984,-0.046958167
-8.419013,-2.7188141,1.6691188,0.3642188,-0.051469617
-8.422584,-2.682616,1.6659958,0.3640173,-0.049666364
-8.42604,-2.6464238,1.6629838,0.36381578,-0.047863107
-8.429385,-2.6102383,1.6600827,0.3636143,-0.046059854
-8.432624,-2.5740602,1.6572924,0.3634645,-0.046530604
-8.4357605,-2.5378888,1.6544746,0.36331472,-0.047001354
-8.438793,-2.5017242,1.6516297,0.36316493,-0.04747211
-8.441723,-2.465567,1.6487573,0.3628879,-0.04678862
-8.444546,-2.4294283,1.6459285,0.36261088,-0.046105135
-8.447265,-2.393308,1.6431432,0.36233386,-0.04542165
-8.449882,-2.3572066,1.6404011,0.36214602,-0.045833312
-8.452397,-2.3211176,1.6376357,0.36195818,-0.04624498
-8.454812,-2.285041,1.6348469,0.36177033,-0.046656646
-8.457125,-2.2489777,1.6320348,0.36175343,-0.046694122
-8.459336,-2.2129095,1.6292205,0.36173657,-0.046731602
-8.461447,-2.176837,1.6264042,0.3617197,-0.046769083
-8.463455,-2.1407604,1.6235856,0.36171508,-0.049061704
-8.465361,-2.1046827,1.6206291,0.36171046,-0.051354326
-8.46716,-2.0686042,1.6175345,0.3617058,-0.053646944
-8.468848,-2.032525,1.614302,0.36185762,-0.05842356
-8.470419,-1.9964353,1.6107805,0.3620094,-0.063200176
-8.471863,-1.9603355,1.6069698,0.36216122,-0.06797679
-8.47317,-1.9242266,1.60287,0.36230135,-0.07377905
-8.474329,-1.8881136,1.598419,0.3624415,-0.079581305
-8.475327,-1.851998,1.5936167,0.36258164,-0.08538356
-8.4761505,-1.8158814,1.5884633,0.3623837,-0.08972707
-8.4767885,-1.7797943,1.5830512,0.36218578,-0.094070576
-8.47723,-1.7437387,1.5773811,0.36198783,-0.098414086
-8.477468,-1.7077157,1.5714532,0.36176616,-0.10204773
-8.477491,-1.6717274,1.5653111,0.3615445,-0.10568136
-8.477294,-1.6357752,1.5589548,0.36132282,-0.10931499
-8.476869,-1.5998611,1.5523849,0.36112526,-0.11249729
-8.476208,-1.563983,1.5456282,0.36092773,-0.11567959
-8.475306,-1.5281427,1.5386851,0.36073017,-0.11886189
-8.474155,-1.4923427,1.5315557,0.36057213,-0.12180942
-8.472752,-1.4565802,1.5242536,0.36041412,-0.124756955
-8.471088,-1.4208577,1.5167791,0.36025608,-0.12770449
-8.469159,-1.3851775,1.5091321,0.36012354,-0.13036573
-8.466958,-1.3495386,1.5013297,0.35999098,-0.13302699
-8.464481,-1.3139436,1.4933717,0.35985845,-0.13568823
-8.461724,-1.2783953,1.4852586,0.35976148,-0.13809109
-8.458679,-1.2428919,1.4770049,0.35966453,-0.14049393
-8.455344,-1.2074364,1.4686108,0.35956755,-0.14289679
-8.451714,-1.1720318,1.4600765,0.35951358,-0.14497164
-8.447783,-1.1366754,1.4514203,0.3594596,-0.1470465
-8.443548,-1.1013705,1.4426425,0.3594056,-0.14912136
-8.439006,-1.0661201,1.433743,0.3596437,-0.15123934
-8.434149,-1.0308998,1.4247122,0.35988176,-0.15335733
-8.428971,-0.99571276,1.4155498,0.36011985,-0.15547532
-8.4234705,-0.960563,1.4062556,0.36152112,-0.15662387
-8.417621,-0.9253357,1.396857,0.36292243,-0.15777244
-8.411418,-0.89003503,1.3873534,0.3643237,-0.158921
-8.404856,-0.85466534,1.3777442,0.36598182,-0.16010977
-8.397924,-0.8192065,1.3680197,0.36763993,-0.16129854
-8.390616,-0.78366315,1.3581791,0.369298,-0.16248733
-8.382926,-0.74804044,1.348222,0.37112573,-0.16334589
-8.374843,-0.71232516,1.3381633,0.37295344,-0.16420445
-8.366361,-0.6765226,1.3280023,0.37478116,-0.16506301
-8.357472,-0.6406382,1.3177387,0.3767866,-0.16625339
-8.348169,-0.60466254,1.3073463,0.37879205,-0.16744377
-8.338443,-0.5686017,1.2968246,0.38079748,-0.16863415
-8.328286,-0.53246224,1.2861727,0.38314083,-0.1705184
-8.317684,-0.49622294,1.2753366,0.3854842,-0.17240267
-8.306626,-0.4598916,1.264315,0.38782755,-0.17428693
-8.295102,-0.42347625,1.2531064,0.39033338,-0.17516544
-8.283096,-0.38696355,1.2417691,0.39283922,-0.17604396
-8.270598,-0.35036153,1.2303023,0.3953451,-0.17692247
-8.257602,-0.3136784,1.2187055,0.3976775,-0.17776267
-8.244103,-0.27693847,1.2069855,0.40000993,-0.17860287
-8.230096,-0.2401503,1.1951414,0.40234235,-0.17944306
-8.215572,-0.20332268,1.1831731,0.40505764,-0.17981789
-8.200508,-0.16642669,1.171099,0.4077729,-0.1801927
-8.184897,-0.12947169,1.1589189,0.41048816,-0.1805675
-8.168731,-0.092467315,1.1466323,0.41377723,-0.18072674
-8.151979,-0.055370543,1.1342367,0.4170663,-0.18088597
-8.134632,-0.018192148,1.1217315,0.42035535,-0.1810452
-8.116682,0.0190568,1.1091168,0.42422193,-0.18147121
-8.098095,0.056413956,1.0963565,0.42808855,-0.18189722
-8.078861,0.093866274,1.0834498,0.43195513,-0.18232322
-8.058969,0.1314003,1.0703965,0.43623006,-0.183508
-8.038391,0.16903208,1.0571294,0.440505,-0.18469276
-8.017114,0.2067453,1.0436467,0.44477993,-0.18587753
-7.9951234,0.24452302,1.0299468,0.44880652,-0.18562236
-7.9724126,0.28233698,1.0161417,0.4528331,-0.18536721
-7.9489727,0.32017207,1.0022315,0.45685965,-0.18511206
-7.9247947,0.35801274,0.9882168,0.46099183,-0.18706426
-7.899874,0.3958361,0.97392803,0.46512398,-0.18901646
-7.8741975,0.43362135,0.95936245,0.46925613,-0.19096866
-7.8477497,0.47134674,0.9445175,0.4717594,-0.19392762
-7.8206167,0.50885284,0.92936504,0.47426265,-0.19688657
-7.792788,0.54611856,0.9139027,0.47676593,-0.19984552
-7.764253,0.5831219,0.8981283,0.4768848,-0.20044559
-7.7351346,0.61967516,0.8823032,0.47700372,-0.20104566
-7.7054377,0.6557677,0.86642736,0.4771226,-0.20164573
-7.675167,0.6913887,0.8505009,0.47654268,-0.20440312
-7.6443887,0.7264606,0.8343792,0.4759628,-0.2071605
-7.6131043,0.76096976,0.8180631,0.47538286,-0.20991787
-7.5813193,0.7949027,0.8015531,0.47442442,-0.21272701
-7.5490623,0.82821876,0.7848591,0.47346598,-0.21553615
-7.5163403,0.8609056,0.76798236,0.4725075,-0.21834528
-7.483159,0.89295065,0.7509237,0.47114334,-0.21884197
-7.4495373,0.9243307,0.7338762,0.46977913,-0.21933866
-7.4154882,0.9550405,0.7168401,0.46841496,-0.21983533
-7.381025,0.985075,0.69981563,0.4666859,-0.21787356
-7.346169,1.0144225,0.683003,0.4649568,-0.21591179
-7.3109407,1.0430858,0.6664011,0.46322772,-0.21395002
-7.2753587,1.0710678,0.65000886,0.46159577,-0.20629814
-7.2393913,1.098411,0.63425016,0.4599638,-0.19864628
-7.203069,1.1251312,0.6191218,0.45833185,-0.1909944
-7.166422,1.1512455,0.6046205,0.45744675,-0.18619697
-7.1294374,1.1767995,0.5905065,0.45656165,-0.18139955
-7.092135,1.201803,0.57677877,0.45567656,-0.17660213
-7.054533,1.2262658,0.5634361,0.45540228,-0.16939743
-7.0165834,1.2502404,0.55064017,0.45512804,-0.16219273
-6.978307,1.2737416,0.538391,0.45485377,-0.15498802
-6.9397244,1.296785,0.5266885,0.4555019,-0.1479578
-6.9007773,1.3194317,0.5154969,0.45615003,-0.14092758
-6.8614836,1.3416954,0.5048183,0.45679817,-0.13389735
-6.82186,1.3635906,0.49465474,0.4581717,-0.13265845
-6.781889,1.3851502,0.48455438,0.45954522,-0.13141957
-6.7415752,1.406372,0.4745178,0.46091875,-0.13018067
-6.7009225,1.4272535,0.46454555,0.46151915,-0.12518787
-6.6599846,1.4477686,0.45494124,0.46211952,-0.120195076
-6.6187725,1.467928,0.44570613,0.4627199,-0.115202285
-6.5772977,1.4877434,0.43684137,0.46329018,-0.11525224
-6.535598,1.5072142,0.42796183,0.46386045,-0.11530219
-6.493675,1.5263374,0.41906756,0.46443072,-0.11535215
-6.451533,1.54511,0.4101585,0.4644866,-0.11071993
-6.409198,1.5635182,0.40160468,0.4645425,-0.1060877
-6.36668,1.5815748,0.39340636,0.4645984,-0.10145548
-6.32399,1.599293,0.38556382,0.46534583,-0.10257146
-6.2810984,1.6167018,0.37762257,0.46609324,-0.103687435
-6.2380056,1.6337949,0.36958233,0.46684068,-0.10480341
-6.1947126,1.6505659,0.36144283,0.46734744,-0.10058201
-6.1512184,1.6670089,0.35362157,0.4678542,-0.09636061
-6.1075315,1.6831354,0.3461194,0.46836093,-0.0921392
-6.0636597,1.6989572,0.3389372,0.4695695,-0.09687755
-6.019582,1.7144965,0.33136725,0.47077808,-0.1016159
-5.975295,1.7297336,0.3234079,0.47198662,-0.10635425
-5.930796,1.7446485,0.31505734,0.47242543,-0.10281722
-5.886116,1.7592103,0.30697602,0.47286424,-0.0992802
-5.841262,1.7734288,0.29916453,0.47330302,-0.09574318
-5.7962413,1.7873142,0.29162347,0.47452223,-0.1024983
-5.751031,1.8008854,0.28353137,0.47574145,-0.10925342
-5.7056284,1.8141149,0.27488586,0.47696066,-0.116008535
-5.660032,1.8269744,0.2656846,0.47749087,-0.10751171
-5.614224,1.8394394,0.2571451,0.4780211,-0.09901487
-5.56822,1.851537,0.24926946,0.4785513,-0.09051804
-5.522034,1.8632942,0.24205972,0.48113394,-0.10490021
-5.47558,1.8747638,0.2336633,0.4837166,-0.11928238
-5.4288573,1.8858843,0.22406961,0.48629925,-0.13366455
-5.381866,1.8965935,0.21326835,0.48578286,-0.11877685
-5.3347225,1.9068029,0.20367432,0.48526645,-0.10388915
-5.2874556,1.9165654,0.19528711,0.48475006,-0.08900145
-5.24009,1.9259347,0.18810602,0.48715752,-0.11085409
-5.1925273,1.9349885,0.17912388,0.48956499,-0.13270673
-5.144778,1.9436343,0.16832753,0.49197245,-0.15455937
-5.0968537,1.9517783,0.15570477,0.48962054,-0.13095617
-5.048898,1.9593061,0.14504881,0.48726863,-0.10735297
-5.000961,1.9663086,0.13634726,0.48491675,-0.08374977
-4.9530873,1.9728767,0.12958656,0.48801008,-0.10841529
-4.9049797,1.979146,0.12078587,0.4911034,-0.13308081
-4.8566585,1.9850111,0.109925255,0.49419674,-0.15774632
-4.808147,1.9903653,0.096986115,0.49294105,-0.13303445
-4.759518,1.9950964,0.08608864,0.49168533,-0.108322576
-4.710819,1.9992993,0.07722922,0.4904296,-0.083610706
-4.6620927,2.0030699,0.07040299,0.49378774,-0.10624694
-4.613114,2.0065238,0.06167552,0.49714586,-0.12888318
-4.5639052,2.0095627,0.051026102,0.500504,-0.15151942
-4.514493,2.0120862,0.038435064,0.49888375,-0.13196805
-4.465075,2.0139866,0.0274941,0.4972635,-0.11241669
-4.415681,2.0153449,0.018196926,0.49564326,-0.09286533
-4.3663383,2.0162427,0.010536601,0.49828637,-0.120868534
-4.316876,2.016764,0.00052316696,0.5009295,-0.14887173
-4.2673373,2.01679,-0.011860013,0.5035726,-0.17687494
-4.217769,2.016202,-0.026627626,0.50059944,-0.15813634
-4.168351,2.014886,-0.03976653,0.49762633,-0.13939774
-4.11911,2.0129266,-0.051290456,0.49465325,-0.12065913
-4.0700693,2.010409,-0.061213743,0.49724707,-0.14113906
-4.0209312,2.0073974,-0.072871774,0.4998409,-0.161619
-3.9717293,2.0038056,-0.0862772,0.50243473,-0.18209893
-3.9225004,1.9995477,-0.10144187,0.5006442,-0.1780807
-3.873481,1.994558,-0.116222635,0.49885374,-0.17406248
-3.824681,1.9888606,-0.13062163,0.49706325,-0.17004424
-3.7761087,1.9824798,-0.14464095,0.49727172,-0.18502517
-3.7277408,1.9754345,-0.15988824,0.4974802,-0.2000061
-3.6796064,1.9676722,-0.17636108,0.49768868,-0.21498702
-3.6317375,1.9591414,-0.1940568,0.4965433,-0.22584802
-3.5842524,1.9498091,-0.21258886,0.49539787,-0.23670903
-3.5371783,1.9396482,-0.23195104,0.49425247,-0.24757004
-3.4905431,1.9286329,-0.25213704,0.49458504,-0.25571284
-3.444206,1.9166954,-0.2729867,0.4949176,-0.26385564
-3.3981962,1.9038138,-0.29449952,0.4952502,-0.27199844
-3.3525457,1.8899671,-0.3166749,0.49603856,-0.27859744
-3.307226,1.8751156,-0.33941063,0.49682695,-0.28519645
-3.26227,1.8592429,-0.36270732,0.4976153,-0.29179546
-3.2177124,1.8423334,-0.3865657,0.49822795,-0.29912174
-3.1736152,1.8243839,-0.41103542,0.4988406,-0.3
-3.1299286,1.8053424,-0.435605,0.49945328,-0.3
-3.08667,1.7852088,-0.46020475,0.50045717,-0.3
-3.0438335,1.7639747,-0.48485395,0.501461,-0.3
-3.0014486,1.7416465,-0.5095526,0.50246495,-0.3
-2.9595444,1.7182317,-0.5343007,0.5035209,-0.3
-2.9181457,1.6937356,-0.55910075,0.50457686,-0.3
-2.8772814,1.668167,-0.5839529,0.5056329,-0.3
-2.836981,1.6415353,-0.60885704,0.50659305,-0.3
-2.7972813,1.6138557,-0.63380843,0.5075533,-0.3
-2.7582102,1.58514,-0.65880716,0.5085135,-0.3
-2.719797,1.5554005,-0.68385315,0.5093761,-0.3
-2.6820762,1.5246563,-0.70894164,0.5102387,-0.3
-2.6450763,1.4929218,-0.73407257,0.5111013,-0.3
-2.6088245,1.4602123,-0.75924605,0.51146495,-0.3
-2.573382,1.426577,-0.7844374,0.51182866,-0.3
-2.5387735,1.3920349,-0.8096467,0.5121923,-0.3
-2.5050228,1.3566062,-0.8348739,0.5111079,-0.3
-2.472246,1.3204143,-0.8600477,0.51002353,-0.3
-2.440458,1.2834874,-0.8851681,0.50893915,-0.3
-2.4096732,1.2458539,-0.91023505,0.50746524,-0.3
-2.3799279,1.2075717,-0.9352294,0.50599134,-0.3
-2.351232,1.1686715,-0.9601512,0.50451744,-0.3
-2.3235953,1.1291835,-0.9850004,0.50303346,-0.3
-2.2970266,1.0891393,-1.0097765,0.5015494,-0.3
-2.2715335,1.0485692,-1.0344795,0.50006545,-0.3
-2.2471228,1.0075036,-1.0591093,0.4996071,-0.29875097
-2.2237432,0.96587145,-1.0836173,0.4991487,-0.29750192
-2.2014027,0.9237014,-1.1080035,0.49869034,-0.29625288
-2.1801085,0.8810221,-1.132268,0.4988655,-0.2888118
-2.1598036,0.83772653,-1.1559485,0.4990406,-0.2813707
-2.1404808,0.79385144,-1.1790435,0.49921575,-0.2739296
-2.1221309,0.7494322,-1.2015512,0.500083,-0.26518926
-2.1047134,0.70442474,-1.2233958,0.5009503,-0.2564489
-2.088216,0.65886277,-1.2445732,0.5018175,-0.24770854
-2.0726252,0.61277854,-1.2650795,0.5031077,-0.2392843
-2.0579143,0.5661676,-1.2849529,0.50439787,-0.23086005
-2.0440693,0.51905835,-1.3041885,0.5056881,-0.2224358
-2.0310745,0.47147796,-1.3227814,0.50555605,-0.1959869
-2.0189018,0.4234075,-1.3391896,0.505424,-0.16953798
-2.0074666,0.37491992,-1.3534027,0.505292,-0.14308906
-1.9966795,0.32608426,-1.365412,0.50592995,-0.12595613
-1.9864432,0.27694696,-1.3760047,0.50656796,-0.1088232
-1.9766959,0.22754219,-1.3851744,0.5072059,-0.09169028
-1.9673743,0.1779023,-1.3929144,0.5083787,-0.07827373
-1.9584064,0.12801981,-1.3995398,0.50955147,-0.06485717
-1.9497409,0.077915624,-1.405044,0.51072425,-0.05144062
-1.9413253,0.0276098,-1.4094207,0.5126275,-0.04153074
-1.9330957,-0.022943271,-1.4129679,0.5145307,-0.03162086
-1.9250127,-0.07373143,-1.4156792,0.5164339,-0.02171098
-1.9170359,-0.12474273,-1.4175477,0.51829934,-0.009504569
-1.9091244,-0.17596292,-1.4183688,0.5201648,0.0027018427
-1.9012264,-0.22737612,-1.4181346,0.52203023,0.014908254
-1.8932887,-0.27896628,-1.4168375,0.523,0.023082793
-1.8852706,-0.33063388,-1.4148256,0.523,0.03125733
-1.8771504,-0.3822738,-1.4121015,0.523,0.03943187
-1.8688918,-0.43387645,-1.4086652,0.523,0.046157457
-1.8604585,-0.4854356,-1.4046433,0.523,0.05288304
-1.8518207,-0.53694326,-1.4000357,0.523,0.059608627
-1.842949,-0.58839107,-1.394843,0.5206299,0.06808051
-1.8338567,-0.63953143,-1.3889401,0.51825976,0.07655239
-1.8245112,-0.6903535,-1.3823341,0.5158897,0.085024275
-1.814881,-0.740846,-1.3750324,0.51223755,0.08712401
-1.8049549,-0.7909007,-1.3676038,0.5085854,0.08922376
-1.7947326,-0.84051484,-1.3600509,0.5049333,0.091323495
-1.784214,-0.8896853,-1.3523762,0.50127095,0.08944634
-1.7733954,-0.9384257,-1.3449134,0.49760866,0.08756919
-1.7622933,-0.9867367,-1.3376601,0.49394634,0.08569203
-1.7509236,-1.0346187,-1.3306142,0.4904634,0.07999219
-1.7392938,-1.0821048,-1.3240823,0.48698047,0.07429235
-1.7274336,-1.1291981,-1.318058,0.48349753,0.0685925
-1.7153718,-1.1759017,-1.3125349,0.4780335,0.061139088
-1.7031857,-1.2220333,-1.3076669,0.4725695,0.053685673
-1.6909118,-1.2675979,-1.3034406,0.46710545,0.046232253
-1.6785848,-1.3126009,-1.2998426,0.46189466,0.042032413
-1.6662331,-1.3570659,-1.2966077,0.45668387,0.037832577
-1.6538765,-1.4009969,-1.2937288,0.4514731,0.033632737
-1.6415341,-1.4443978,-1.2911986,0.44488913,0.02888968
-1.6292616,-1.4871411,-1.2890568,0.4383052,0.024146622
-1.6170791,-1.5292313,-1.2872931,0.43172124,0.019403566
-1.6050053,-1.5706723,-1.285897,0.4203014,0.014779198
-1.5931935,-1.6110038,-1.2848618,0.40888155,0.010154831
-1.5816615,-1.6502298,-1.2841698,0.3974617,0.0055304645
-1.5704247,-1.6883539,-1.2838033,0.37937802,-0.004270333
-1.5596857,-1.7247397,-1.2840734,0.3612943,-0.014071131
-1.549469,-1.7593907,-1.2849207,0.3432106,-0.023871928
-1.5397933,-1.7923094,-1.2862861,0.3268161,-0.033255123
-1.530625,-1.8236599,-1.2880971,0.31042165,-0.04263832
-1.5219737,-1.8534428,-1.2903024,0.29402715,-0.052021515
-1.5138452,-1.8816582,-1.2928506,0.2809041,-0.048516404
-1.5061468,-1.9086387,-1.2951211,0.26778108,-0.045011293
-1.4988652,-1.9343797,-1.2971293,0.25465804,-0.041506182
-1.4919887,-1.9588766,-1.2988904,0.24541122,-0.037006594
-1.4854022,-1.9825,-1.3004037,0.23616439,-0.032507002
-1.4790974,-2.0052464,-1.301683,0.22691756,-0.028007412
-1.4730666,-2.0271127,-1.302742,0.21901777,-0.030464495
-1.4672685,-2.0482225,-1.303854,0.21111797,-0.032921575
-1.4617025,-2.0685756,-1.3050121,0.20321818,-0.035378657
-1.456368,-2.0881715,-1.3062102,0.19559303,-0.041271795
-1.4512573,-2.1070342,-1.3075552,0.18796788,-0.04716493
-1.4463717,-2.1251633,-1.3090322,0.18034273,-0.053058065
-1.4417113,-2.1425586,-1.3106263,0.17236598,-0.029832577
-1.4372792,-2.1592078,-1.3114831,0.16438922,-0.0066070915
-1.4330641,-2.1750968,-1.3116641,0.15641248,0.016618395
-1.4290566,-2.1902137,-1.3112309,0.14516823,0.053711712
-1.4253361,-2.2042239,-1.309932,0.13392399,0.09080503
-1.4218963,-2.21711,-1.3079079,0.12267974,0.12789835
-1.4187342,-2.2288597,-1.3053,0.110937946,0.1600382
-1.4158605,-2.239428,-1.3023536,0.09919615,0.19217804
-1.413278,-2.2488163,-1.2991959,0.087454356,0.2243179
