-9.418529,-9.34313,0.10166747,0.15167737,0.0
-9.4034395,-9.341591,0.10166747,0.18153234,0.096816584
-9.385465,-9.339757,0.10459212,0.21138732,0.19363317
-9.364834,-9.337591,0.11137151,0.24124229,0.29044977
-9.341864,-9.335022,0.12288613,0.2709286,0.24760416
-9.315795,-9.331802,0.13395275,0.3006149,0.20475855
-9.286625,-9.327871,0.14414012,0.3303012,0.16191296
-9.254365,-9.323189,0.15301457,0.3593361,0.20376104
-9.219586,-9.317825,0.16513342,0.38837102,0.24560913
-9.182427,-9.311633,0.18087198,0.41740596,0.28745723
-9.143052,-9.304433,0.20059542,0.4448981,0.26009217
-9.100921,-9.295866,0.21966447,0.47239026,0.23272711
-9.05606,-9.28585,0.23782252,0.4998824,0.20536207
-9.008499,-9.274321,0.254812,0.523,0.24823694
-8.959439,-9.261542,0.27622843,0.523,0.2911118
-8.91124,-9.247878,0.3012468,0.523,0.33398667
-8.864055,-9.233218,0.32982108,0.523,0.3084801
-8.816909,-9.217079,0.3562858,0.523,0.28297353
-8.769843,-9.199562,0.38062382,0.523,0.25746694
-8.722886,-9.180774,0.40281922,0.523,0.29171273
-8.6768055,-9.161138,0.42788774,0.523,0.32595855
-8.631726,-9.140578,0.4558,0.523,0.36020434
-8.587779,-9.119034,0.48652324,0.523,0.3686274
-8.544653,-9.096224,0.5179325,0.523,0.37705043
-8.502404,-9.072149,0.55002546,0.523,0.38547346
-8.46109,-9.046818,0.5828,0.523,0.40613005
-8.420976,-9.020375,0.6172358,0.523,0.4267866
-8.382152,-8.99282,0.6533182,0.523,0.44744316
-8.344709,-8.96416,0.6910319,0.523,0.44077536
-8.30826,-8.934013,0.72822076,0.523,0.43410757
-8.272846,-8.902434,0.76488316,0.523,0.4274398
-8.238508,-8.869477,0.8010174,0.523,0.43820152
-8.205548,-8.835471,0.8380032,0.523,0.44896322
-8.174029,-8.800448,0.8758363,0.523,0.45972493
-8.144015,-8.764448,0.91451234,0.523,0.4523545
-8.115314,-8.7271805,0.9526115,0.523,0.44498405
-8.0879545,-8.68871,0.99013186,0.523,0.4376136
-8.061967,-8.649103,1.0270712,0.523,0.44296104
-8.037522,-8.608665,1.0644324,0.523,0.4483085
-8.014663,-8.567448,1.102214,0.523,0.45365596
-7.9934325,-8.525505,1.1404152,0.523,0.44120237
-7.9737015,-8.482526,1.1776377,0.523,0.4287488
-7.9554787,-8.438589,1.2138758,0.523,0.41629523
-7.938766,-8.39377,1.2491238,0.523,0.4069739
-7.9235816,-8.348206,1.2836272,0.523,0.39765257
-7.9099245,-8.301961,1.3173829,0.523,0.38833126
-7.8977885,-8.255101,1.350388,0.523,0.38907176
-7.887209,-8.20788,1.383453,0.523,0.3898123
-7.8781986,-8.160351,1.4165776,0.523,0.39055282
-7.87077,-8.112563,1.449762,0.523,0.37497857
-7.864894,-8.064253,1.481687,0.523,0.35940436
-7.860537,-8.015489,1.512345,0.523,0.3438301
-7.857661,-7.966334,1.5417284,0.523,0.34296128
-7.8562293,-7.9171004,1.5710406,0.523,0.34209242
-7.856241,-7.8678308,1.6002815,0.523,0.34122357
-7.857694,-7.8185678,1.6294509,0.523,0.33317053
-7.8605914,-7.7692285,1.657958,0.523,0.3251175
-7.864906,-7.7198567,1.6858008,0.523,0.31706443
-7.8706083,-7.6704917,1.7129775,0.523,0.31638813
-7.877651,-7.6212893,1.7400982,0.523,0.3157118
-7.886028,-7.5722847,1.7671628,0.523,0.31503546
-7.89573,-7.5235143,1.7941715,0.523,0.30832094
-7.9067693,-7.474919,1.8206229,0.523,0.30160642
-7.919116,-7.42653,1.8465163,0.523,0.29489186
-7.9327397,-7.378378,1.87185,0.523,0.29359838
-7.947584,-7.3305674,1.8970759,0.523,0.2923049
-7.9636364,-7.283128,1.9221939,0.523,0.29101142
-7.9808817,-7.2360883,1.9472039,0.523,0.2887028
-7.9993105,-7.1894627,1.972021,0.523,0.28639415
-8.018905,-7.1432776,1.9966451,0.523,0.2840855
-8.039643,-7.0975575,2.0210762,0.523,0.28226906
-8.061504,-7.052334,2.0453553,0.523,0.28045258
-8.084469,-7.007631,2.069482,0.523,0.2786361
-8.108518,-6.963472,2.0934567,0.523,0.26723358
-8.133698,-6.9197626,2.1164744,0.523,0.2558311
-8.159959,-6.876513,2.138532,0.523,0.24442858
-8.187245,-6.8337283,2.1596265,0.523,0.23562038
-8.21549,-6.791438,2.1799753,0.523,0.22681217
-8.244649,-6.7496443,2.1995766,0.523,0.21800396
-8.274682,-6.7083483,2.218429,0.523,0.2098752
-8.305542,-6.6675534,2.2365892,0.523,0.20174645
-8.337192,-6.6272573,2.2540557,0.523,0.19361769
-8.369593,-6.5874557,2.2708275,0.523,0.18484455
-8.402713,-6.5481367,2.286848,0.523,0.1760714
-8.436512,-6.5092916,2.3021166,0.523,0.16729826
-8.470953,-6.4709086,2.3166313,0.52048486,0.15454574
-8.505852,-6.4331336,2.3299847,0.51796967,0.14179322
-8.541147,-6.395937,2.3421843,0.51545453,0.1290407
-8.576783,-6.359289,2.3532393,0.50782377,0.11679743
-8.612341,-6.32352,2.3631024,0.50019306,0.10455416
-8.647759,-6.288588,2.3718026,0.49256232,0.09231089
-8.682978,-6.2544527,2.37937,0.48592967,0.07117329
-8.718036,-6.2209826,2.3851295,0.479297,0.050035685
-8.75285,-6.188127,2.3891246,0.47266436,0.028898085
-8.78734,-6.1558366,2.3914008,0.46745065,0.018735867
-8.821531,-6.1239724,2.3928604,0.4622369,0.008573651
-8.855391,-6.0925083,2.393521,0.45702317,-0.0015885651
-8.888891,-6.0614204,2.3934,0.44518796,-0.01235258
-8.921517,-6.031136,2.3924835,0.43335274,-0.023116594
-8.953242,-6.001633,2.390814,0.42151755,-0.03388061
-8.984045,-5.9728937,2.3884344,0.41018283,-0.055045985
-9.013924,-5.944882,2.384673,0.39884812,-0.07621136
-9.042833,-5.917573,2.3796117,0.38751343,-0.09737674
-9.070736,-5.8909473,2.3733327,0.38081503,-0.12839498
-9.097897,-5.864703,2.3652058,0.37411666,-0.1594132
-9.124249,-5.838821,2.355308,0.36741826,-0.19043145
-9.149737,-5.8132873,2.343717,0.35386407,-0.17748599
-9.174057,-5.788353,2.3333044,0.34030992,-0.16454054
-9.197246,-5.7640777,2.324014,0.32675573,-0.15159509
-9.219339,-5.7405143,2.3157897,0.32067093,-0.15445574
-9.240821,-5.7172227,2.3075676,0.31458613,-0.15731639
-9.261697,-5.694211,2.2993534,0.30850133,-0.16017704
-9.281974,-5.671487,2.2911527,0.30071446,-0.14159548
-9.301612,-5.649112,2.2840798,0.2929276,-0.12301392
-9.320634,-5.627128,2.2780893,0.2851407,-0.10443236
-9.339061,-5.605572,2.2731352,0.27523088,-0.10453927
-9.356744,-5.584677,2.2683485,0.26532105,-0.104646176
-9.373693,-5.564454,2.2637296,0.2554112,-0.104753084
-9.389919,-5.544911,2.2592785,0.24998376,-0.068519756
-9.405766,-5.5256524,2.2564259,0.24455628,-0.032286424
-9.421242,-5.506733,2.2551103,0.23912881,0.0039469064
-9.4363575,-5.488204,2.2552674,0.23317607,0.0392263
-9.451089,-5.470153,2.2567916,0.22722334,0.074505694
-9.465443,-5.452619,2.2596104,0.22127059,0.10978509
