7.7996583,2.521368,-1.1731033,0.1976504,0.0
7.807313,2.5031457,-1.1731033,0.21358661,-0.07508215
7.815562,2.4835093,-1.1757736,0.22952284,-0.1501643
7.824295,2.462563,-1.1814964,0.24545906,-0.22524646
7.833376,2.4404275,-1.1906334,0.26151547,-0.2874369
7.842682,2.4171393,-1.2029898,0.27757186,-0.3
7.8522167,2.3923953,-1.2166612,0.29362825,-0.3
7.8619447,2.3660846,-1.2311234,0.30788988,-0.3
7.8717446,2.3383515,-1.2462881,0.3221515,-0.3
7.8815575,2.3091815,-1.262155,0.33641312,-0.3
7.8913198,2.2785614,-1.2787246,0.35063425,-0.3
7.900965,2.2464826,-1.2959944,0.36485538,-0.3
7.9104233,2.2129345,-1.3139648,0.3790765,-0.3
7.9196224,2.1779077,-1.3326356,0.39476418,-0.3
7.9285197,2.141259,-1.352079,0.41045183,-0.3
7.937028,2.102981,-1.3722951,0.42613947,-0.3
7.945056,2.0630698,-1.393284,0.4440178,-0.3
7.9525466,2.021318,-1.4151534,0.4618961,-0.3
7.959387,1.9777247,-1.4379033,0.4797744,-0.3
7.96546,1.9322941,-1.4615338,0.50019205,-0.3
7.9706707,1.884794,-1.4861699,0.5206097,-0.3
7.9748745,1.8352362,-1.5118117,0.523,-0.3
7.97782,1.785359,-1.5375712,0.523,-0.3
7.97948,1.7354225,-1.5633308,0.523,-0.3
7.9798527,1.6854597,-1.5890902,0.523,-0.3
7.9789386,1.635504,-1.6148498,0.523,-0.3
7.9767385,1.5855885,-1.6406093,0.523,-0.3
7.9732533,1.535746,-1.6663688,0.523,-0.3
7.968485,1.48601,-1.6921283,0.523,-0.3
7.9624376,1.4364132,-1.7178879,0.523,-0.3
7.955115,1.3869886,-1.7436473,0.523,-0.3
7.9465213,1.337769,-1.7694068,0.523,-0.3
7.936663,1.2887871,-1.7951664,0.523,-0.3
7.9255466,1.2400755,-1.8209258,0.523,-0.3
7.913179,1.1916662,-1.8466854,0.523,-0.3
7.8995686,1.1435915,-1.8724449,0.523,-0.3
7.8847246,1.0958835,-1.8982044,0.523,-0.3
7.8686566,1.0485735,-1.9239639,0.523,-0.3
7.8513756,1.0016931,-1.9497235,0.523,-0.3
7.8328924,0.95527333,-1.975483,0.523,-0.3
7.81322,0.90934503,-2.0012424,0.523,-0.3
7.7923713,0.8639387,-2.0270019,0.523,-0.3
7.77036,0.8190844,-2.0527616,0.523,-0.3
7.7472005,0.7748119,-2.078521,0.523,-0.3
7.7229085,0.7311506,-2.1042805,0.523,-0.3
7.6974998,0.68812954,-2.13004,0.523,-0.3
7.6709914,0.6457771,-2.1557996,0.523,-0.3
7.643401,0.60412157,-2.181559,0.523,-0.3
7.6147475,0.5631904,-2.2073185,0.523,-0.3
7.5850487,0.5230109,-2.233078,0.523,-0.3
7.5543246,0.48360965,-2.2588375,0.523,-0.3
7.5225964,0.4450128,-2.2845972,0.523,-0.3
7.4898844,0.407246,-2.3103566,0.523,-0.3
7.45621,0.37033427,-2.336116,0.523,-0.3
7.4215965,0.33430213,-2.3618755,0.523,-0.3
7.3860664,0.29917344,-2.3876352,0.523,-0.3
7.3496437,0.26497155,-2.4133947,0.523,-0.3
7.3123517,0.23171917,-2.4391541,0.523,-0.3
7.2742157,0.19943832,-2.4649136,0.523,-0.3
7.2352605,0.16815044,-2.490673,0.523,-0.3
7.195513,0.13787629,-2.5164328,0.523,-0.3
7.154999,0.108635955,-2.5421922,0.523,-0.3
7.1137443,0.08044883,-2.5679517,0.523,-0.3
7.0717783,0.05333362,-2.5937111,0.523,-0.3
7.029127,0.027308326,-2.6194708,0.523,-0.3
6.9858203,0.0023902084,-2.6452303,0.523,-0.3
6.941886,-0.0214042,-2.6709898,0.523,-0.3
6.897353,-0.044059105,-2.6967492,0.523,-0.3
6.8522515,-0.065559484,-2.7225087,0.523,-0.3
6.806611,-0.08589106,-2.7482684,0.523,-0.3
6.7604623,-0.10504036,-2.7740278,0.523,-0.3
6.7138357,-0.122994654,-2.7997873,0.523,-0.3
6.666762,-0.13974205,-2.8255467,0.523,-0.3
6.619272,-0.15527143,-2.8513064,0.523,-0.3
6.5713987,-0.16957247,-2.877066,0.523,-0.3
6.5231724,-0.18263572,-2.9028254,0.523,-0.3
6.474626,-0.19445248,-2.9285848,0.523,-0.3
6.4257913,-0.20501493,-2.9543443,0.523,-0.3
6.3767004,-0.21431604,-2.980104,0.523,-0.3
6.3273864,-0.22234966,-3.0058634,0.523,-0.3
6.2778816,-0.22911045,-3.031623,0.523,-0.3
6.2282195,-0.23459391,-3.0573823,0.523,-0.3
6.1784325,-0.23879643,-3.083142,0.523,-0.3
6.1285534,-0.24171521,-3.1089015,0.523,-0.3
6.078616,-0.2433483,-3.134661,0.523,-0.3
6.028653,-0.24369463,3.1227648,0.523,-0.3
5.9786983,-0.24275398,3.0970054,0.523,-0.3
5.9287834,-0.24052696,3.071246,0.523,-0.3
5.878943,-0.23701504,3.0454862,0.49330595,-0.20166571
5.8308353,-0.23237728,3.029018,0.46361193,-0.103331424
5.785013,-0.22719698,3.0210478,0.43391788,-0.004997134
5.7419367,-0.22197905,3.0206866,0.4041746,0.09138052
5.701982,-0.21712457,3.0268335,0.3744313,0.18775818
5.6654387,-0.21291241,3.038482,0.34468803,0.28413585
5.632528,-0.20950685,3.0545862,0.31508556,0.37693724
5.603342,-0.20696108,3.0739155,0.28548312,0.46973866
5.5779443,-0.2052396,3.0954528,0.25588068,0.56254005
5.556322,-0.20424125,3.118198,0.22651158,0.64536333
5.5382314,-0.20381795,3.1409054,0.1971425,0.7281866
5.523517,-0.20380783,-3.120413,0.16777341,0.8110099
5.511964,-0.20405255,-3.1001408,0.19641204,0.7110108
5.4970946,-0.20466927,-3.0787778,0.22505069,0.61101174
5.478698,-0.20582639,-3.0572593,0.25368935,0.5110126
5.4566483,-0.20769031,-3.036581,0.28097063,0.41102767
5.4310336,-0.2103901,-3.0178707,0.30825195,0.31104273
5.4019117,-0.21401161,-3.0021472,0.33553326,0.21105775
5.3694215,-0.21857183,-2.9904318,0.36437023,0.1111042
5.333622,-0.22402489,-2.9836986,0.39320722,0.01115064
5.2947927,-0.23020725,-2.9829679,0.42204422,-0.08880292
5.2532825,-0.23684761,-2.989206,0.45140287,-0.18854876
5.209456,-0.24357836,-3.0033073,0.48076153,-0.28829458
5.163804,-0.24993192,-3.026089,0.5101202,-0.3
5.115395,-0.25554833,-3.051214,0.523,-0.3
5.0656347,-0.26005787,-3.0769734,0.523,-0.3
5.015775,-0.26328427,-3.1027331,0.523,-0.3
4.9658484,-0.26522535,-3.1284926,0.523,-0.3
4.915889,-0.26587987,3.1289332,0.523,-0.3
4.8659286,-0.26524737,3.1031737,0.523,-0.3
4.8160014,-0.26332828,3.0774143,0.49325833,-0.20121014
4.7677703,-0.2602286,3.0609841,0.46351665,-0.102420285
4.7218113,-0.25651586,3.0530858,0.43377498,-0.0036304235
4.6786036,-0.2526817,3.0528233,0.40424287,0.094792746
4.6385193,-0.24911407,3.0592003,0.3747108,0.19321592
4.6018705,-0.24608761,3.071192,0.3451787,0.2916391
4.568892,-0.24376206,3.087733,0.31589112,0.38879076
4.539703,-0.24218842,3.1076906,0.2866035,0.48594242
4.5143747,-0.24132943,3.1299999,0.25731593,0.58309406
4.4928966,-0.24108042,-3.129572,0.2281839,0.6753891
4.475089,-0.24129449,-3.1057951,0.19905187,0.7676841
4.460776,-0.24180707,-3.0827558,0.16991985,0.85997915
4.4497085,-0.242459,-3.0612943,0.19931401,0.75998807
4.435308,-0.24361783,-3.0384092,0.2287082,0.65999705
4.4173365,-0.24547882,-3.0150385,0.25810236,0.560006
4.395643,-0.2482389,-2.9921882,0.28723177,0.46024424
4.370196,-0.25206944,-2.970925,0.3163612,0.36048248
4.341023,-0.25709718,-2.952327,0.34549063,0.26072073
4.3082376,-0.2633775,-2.9374838,0.37271157,0.16745956
4.2722507,-0.2708265,-2.92713,0.39993253,0.07419839
4.233281,-0.27931452,-2.9221888,0.42715347,-0.019062782
4.1915975,-0.28860974,-2.9235458,0.4541014,-0.081212774
4.1474085,-0.29840064,-2.9296854,0.48104936,-0.14336278
4.100862,-0.3084145,-2.9411402,0.50799733,-0.20551276
4.0521274,-0.31831652,-2.958418,0.523,-0.17138185
4.001456,-0.3277035,-2.9732838,0.523,-0.13725093
3.9503796,-0.33638218,-2.98521,0.523,-0.103120014
3.898992,-0.34448442,-2.9941826,0.523,-0.030477637
3.8472834,-0.3521625,-2.9968388,0.523,0.042164735
3.7955763,-0.35970002,-2.9931645,0.523,0.114807114
3.744192,-0.36738342,-2.983179,0.523,0.1630097
3.6932313,-0.37552446,-2.969033,0.523,0.21121228
3.6428533,-0.38430506,-2.950759,0.523,0.25941488
3.5932207,-0.39389324,-2.9283993,0.523,0.26379746
3.543873,-0.40457618,-2.905671,0.523,0.26818004
3.4948394,-0.4163638,-2.8825736,0.523,0.27256262
3.4461505,-0.429265,-2.8591084,0.523,0.28045815
3.3978858,-0.44327363,-2.834981,0.523,0.28835365
3.3500836,-0.4584076,-2.810193,0.523,0.29624918
3.3027835,-0.47468302,-2.784746,0.523,0.3005402
3.255975,-0.49213362,-2.7589417,0.523,0.30483124
3.2096941,-0.5107612,-2.73278,0.523,0.30912223
3.1639786,-0.53056604,-2.7062619,0.523,0.31439292
3.118881,-0.55154043,-2.6793065,0.523,0.3196636
3.0744421,-0.57368433,-2.6519146,0.523,0.3249343
3.0307033,-0.596996,-2.624087,0.523,0.32841605
2.987681,-0.6214867,-2.595972,0.523,0.33189783
2.9454143,-0.6471465,-2.5675697,0.523,0.33537957
2.9039438,-0.6739639,-2.5388808,0.523,0.3323097
2.863216,-0.70198965,-2.5104446,0.523,0.3292398
2.8232596,-0.7311928,-2.4822617,0.523,0.3261699
2.784101,-0.761542,-2.4543319,0.523,0.32985508
2.7458532,-0.7929335,-2.426098,0.523,0.33354026
2.7085543,-0.8253511,-2.3975606,0.523,0.33722544
2.6722422,-0.8587768,-2.3687198,0.523,0.33741602
2.6369114,-0.89323336,-2.3398633,0.523,0.33760658
2.6025918,-0.92869264,-2.310991,0.523,0.33779716
2.5693123,-0.96512544,-2.282103,0.523,0.34200868
2.5371473,-1.0024487,-2.2528691,0.523,0.3462202
2.5061336,-1.0406383,-2.2232897,0.523,0.3504317
2.4763083,-1.0796689,-2.193365,0.523,0.34962827
2.4476562,-1.1195861,-2.1635063,0.523,0.34882483
2.4202003,-1.1603527,-2.1337132,0.523,0.34802142
2.3939633,-1.2019314,-2.103986,0.523,0.3691768
2.3691711,-1.243937,-2.0725322,0.523,0.3903322
2.3459096,-1.2863419,-2.0393655,0.523,0.41148758
2.324262,-1.3291097,-2.0045013,0.523,0.41953796
2.3041897,-1.3724518,-1.968995,0.523,0.42758834
2.2857356,-1.4163197,-1.9328488,0.523,0.43563873
2.2689414,-1.460661,-1.8960655,0.523,0.43131548
2.253759,-1.5056801,-1.859624,0.523,0.42699224
2.2401998,-1.5513124,-1.8235252,0.523,0.42266896
2.2282732,-1.5974947,-1.7877698,0.523,0.42322087
2.2180078,-1.6440623,-1.7519705,0.523,0.42377278
2.2094176,-1.6909558,-1.7161274,0.523,0.4243247
2.2025154,-1.7381152,-1.6802404,0.523,0.42310065
2.1973064,-1.785518,-1.6444507,0.523,0.4218766
2.1937952,-1.8331032,-1.6087582,0.523,0.42065257
2.1919835,-1.8808094,-1.5731632,0.523,0.4160315
2.1918702,-1.9286481,-1.5379362,0.523,0.41141048
2.193445,-1.9765582,-1.5030781,0.523,0.40678945
2.1966953,-2.02448,-1.4685894,0.523,0.40196854
2.201606,-2.0723603,-1.4344871,0.523,0.39714763
2.2081597,-2.1201422,-1.400772,0.523,0.39232668
2.216337,-2.1677718,-1.3674448,0.52153546,0.3872474
2.2260895,-2.2150686,-1.3346193,0.5200709,0.3821681
2.2373807,-2.261984,-1.3022939,0.51860636,0.37708881
2.2501721,-2.3084733,-1.2704675,0.5131837,0.37035632
2.2643244,-2.354171,-1.2395098,0.5077611,0.36362383
2.27976,-2.3990467,-1.2094111,0.50233847,0.35689133
2.296402,-2.443075,-1.1801615,0.4973636,0.3465201
2.3142147,-2.4863307,-1.1520084,0.49238867,0.33614886
2.3331172,-2.528797,-1.1249391,0.48741376,0.32577765
2.3530304,-2.5704603,-1.0989399,0.48465997,0.31457004
2.3739793,-2.611512,-1.0739471,0.48190615,0.30336246
2.3959007,-2.6519413,-1.0499537,0.47915232,0.29215485
2.4187336,-2.691742,-1.026953,0.47809377,0.28364897
2.442483,-2.7310188,-1.0046531,0.47703525,0.2751431
2.4671078,-2.7697651,-0.98305255,0.4759767,0.2666372
2.4925673,-2.8079758,-0.9621501,0.46991494,0.2551442
2.5185654,-2.8452806,-0.9423835,0.46385318,0.24365121
2.545028,-2.8816962,-0.923733,0.45779142,0.23215821
2.5718856,-2.9172416,-0.9061783,0.45078248,0.21671087
2.5990376,-2.951895,-0.8900239,0.44377357,0.20126352
2.6264045,-2.985684,-0.8752383,0.43676463,0.18581617
2.6539114,-3.0186372,-0.86178964,0.4250332,0.17630486
2.6811554,-3.0503974,-0.849365,0.41330183,0.16679356
2.7080734,-3.0809999,-0.8379289,0.4015704,0.15728225
2.734607,-3.1104786,-0.82744557,0.38267833,0.14178991
2.7602453,-3.1383688,-0.8184325,0.36378622,0.12629756
2.784907,-3.1647165,-0.8107953,0.34489414,0.11080522
2.808522,-3.1895623,-0.804439,0.32614264,0.092890665
2.831043,-3.2129576,-0.799397,0.30739114,0.0749761
2.8524122,-3.2349339,-0.7955594,0.28863966,0.057061546
2.8725808,-3.2555165,-0.79281586,0.2738555,0.061586447
2.8917646,-3.274987,-0.7900067,0.25907135,0.06611134
2.9099593,-3.2933502,-0.78715414,0.24428721,0.07063624
2.9271598,-3.310611,-0.78428066,0.22872277,0.074416265
2.9433062,-3.3267214,-0.78144646,0.21315832,0.07819628
2.958392,-3.3416884,-0.77867126,0.1975939,0.0819763
2.9724104,-3.3555195,-0.77597463,0.18409026,0.07118474
2.9855163,-3.3683808,-0.7737924,0.17058663,0.060393173
2.9976954,-3.3802805,-0.77207637,0.157083,0.049601607
3.0089362,-3.3912256,-0.77077836,0.14481625,0.050053578
3.0193117,-3.401302,-0.76957077,0.13254951,0.05050555
3.0288193,-3.4105136,-0.76845545,0.12028276,0.05095752
3.0374563,-3.4188626,-0.76743436,0.11473466,0.03710442
3.0457082,-3.4268231,-0.766725,0.10918655,0.023251325
3.0535693,-3.4343963,-0.76630193,0.10363845,0.009398228
3.061036,-3.441583,-0.76613957,0.097089626,-0.0031318367
3.0680323,-3.4483147,-0.76619023,0.09054081,-0.0156619
3.0745554,-3.454592,-0.76642656,0.08399199,-0.028191965
3.0806036,-3.4604151,-0.7668212,0.08384122,-0.019010108
3.0866401,-3.4662313,-0.7670868,0.08369045,-0.009828252
3.0926652,-3.4720395,-0.7672239,0.08353968,-0.0006463945
3.0986786,-3.4778383,-0.7672329,0.08395408,0.021394366
3.1047206,-3.4836648,-0.76693356,0.08436848,0.043435127
3.1107898,-3.4895136,-0.766323,0.08478288,0.06547589
3.116885,-3.4953806,-0.76539844,0.082715325,0.07705449
3.1228318,-3.5010946,-0.76433724,0.08064776,0.088633105
3.1286304,-3.5066538,-0.7631475,0.0785802,0.10021171
3.1342807,-3.512058,-0.7618372,0.079742186,0.11026843
3.1400156,-3.5175288,-0.76037467,0.08090418,0.120325156
3.1458354,-3.5230644,-0.7587561,0.08206617,0.13038188
3.1517403,-3.5286627,-0.75697786,0.08002312,0.13778414
3.1575022,-3.534106,-0.75514597,0.07798007,0.14518641
3.1631207,-3.5393946,-0.7532657,0.07593702,0.15258867
3.1685956,-3.5445285,-0.75134194,0.077523135,0.16521384
3.1741836,-3.5497484,-0.74921703,0.079109244,0.17783901
3.179885,-3.5550513,-0.7468846,0.08069535,0.19046418
3.1856992,-3.560434,-0.74433845,0.079369925,0.19979256
3.191421,-3.5657043,-0.74171305,0.0780445,0.20912093
3.19705,-3.5708618,-0.7390127,0.07671907,0.21844931
3.202586,-3.5759065,-0.7362417,0.077134244,0.22794807
3.2081535,-3.5809522,-0.73333657,0.07754943,0.23744681
3.2137535,-3.5859973,-0.7302963,0.07796461,0.24694556
3.2193854,-3.5910404,-0.72712004,0.081481285,0.25124326
3.2252817,-3.5962868,-0.72374386,0.08499797,0.255541
3.2314441,-3.6017325,-0.72016305,0.08851465,0.2598387
3.2378743,-3.607374,-0.7163728,0.09036704,0.2618913
3.2444572,-3.6131058,-0.71247333,0.09221943,0.2639439
3.2511942,-3.6189253,-0.7084635,0.09407182,0.26599652
3.2580867,-3.624831,-0.704342,0.097838566,0.26805264
3.265276,-3.6309402,-0.7000232,0.10160532,0.2701088
3.2727654,-3.6372485,-0.69550455,0.105372064,0.2721649
