1.0147312,-8.742007,2.8257701,0.97197664,0.0
0.9223408,-8.711818,2.8257701,0.523,0.099871024
0.8728752,-8.695654,2.8344612,0.523,0.19974205
0.8240138,-8.680157,2.8517563,0.523,0.2996131
0.77612793,-8.665876,2.8774836,0.523,0.3991371
0.72960985,-8.653296,2.9113588,0.523,0.49866113
0.6848907,-8.642815,2.953046,0.523,0.5981851
0.64243805,-8.634714,3.0021336,0.523,0.695937
0.6026899,-8.629134,3.0580165,0.523,0.79368883
0.56614417,-8.626073,3.1201615,0.523,0.89144063
0.533292,-8.625369,-3.09521,0.523,0.9837138
0.5043524,-8.626712,-3.0226386,0.523,1.0
0.47629428,-8.630066,-2.9492903,0.523,1.0
0.44855735,-8.635467,-2.875942,0.523,0.90001136
0.417188,-8.644001,-2.8076615,0.523,0.8000227
0.38276383,-8.655944,-2.7451305,0.523,0.70003414
0.3458664,-8.671391,-2.688974,0.5140206,0.6002078
0.30771977,-8.68994,-2.6405864,0.50504124,0.5003815
0.26885346,-8.711224,-2.6002033,0.4960619,0.40055522
0.22970635,-8.734764,-2.567965,0.47658452,0.3042102
0.19151425,-8.759439,-2.5441723,0.45710716,0.20786515
0.15453465,-8.784599,-2.52845,0.4376298,0.11152013
0.118965715,-8.809626,-2.5203328,0.4149767,0.058243454
0.08527928,-8.833738,-2.5163066,0.39232355,0.0049667833
0.05347024,-8.856703,-2.515982,0.36967045,-0.048309885
0.023539506,-8.8783245,-2.5189574,0.3472674,-0.035301708
-0.0046529905,-8.898564,-2.5210001,0.32486433,-0.022293532
-0.031075241,-8.917451,-2.522207,0.3024613,-0.009285355
-0.055701643,-8.935009,-2.522675,0.27906168,0.008984089
-0.078430496,-8.951198,-2.5222573,0.25566208,0.027253533
-0.099240415,-8.966034,-2.521096,0.23226249,0.045522977
-0.11811748,-8.979525,-2.5193346,0.20739645,0.04740263
-0.13495085,-8.991599,-2.5176966,0.18253042,0.04928229
-0.14974718,-9.00225,-2.516198,0.15766437,0.051161945
-0.16251281,-9.011468,-2.5148542,0.13025428,0.059569634
-0.17304398,-9.0190935,-2.5135617,0.102844186,0.067977324
-0.18134676,-9.025123,-2.5123973,0.07543409,0.07638501
-0.18742783,-9.029549,-2.511438,0.046425197,0.09610418
-0.1911614,-9.032271,-2.5106955,0.017416308,0.11582335
-0.19255833,-9.033292,-2.51036,-0.011592586,0.13554253
-0.19163105,-9.032615,-2.510621,-0.040907644,0.15758675
-0.18836887,-9.0302305,-2.511691,-0.0702227,0.17963098
-0.18278559,-9.026161,-2.5137823,-0.09953776,0.2016752
-0.17489311,-9.020432,-2.5171053,-0.12825543,0.23804761
-0.16478163,-9.013145,-2.5221457,-0.15697311,0.27442002
-0.15247911,-9.004373,-2.5292356,-0.18569079,0.31079242
-0.13801208,-8.99421,-2.5386999,-0.21191618,0.35319638
-0.12163407,-8.982936,-2.550917,-0.23814158,0.39560035
-0.10338251,-8.970697,-2.566212,-0.26436698,0.4380043
-0.08329631,-8.95767,-2.5849,-0.2694492,0.45779055
-0.06277544,-8.944899,-2.6047478,-0.2745314,0.4775768
-0.041823816,-8.932429,-2.6257782,-0.2796136,0.49736303
-0.020447398,-8.920309,-2.6480126,-0.2627318,0.46968785
0.00018433263,-8.909209,-2.6678317,-0.24584998,0.44201267
0.019958949,-8.899071,-2.685359,-0.22896817,0.41433746
0.03877455,-8.889836,-2.7007222,-0.23483016,0.4294393
0.058083747,-8.880726,-2.717018,-0.24069214,0.44454113
0.07788432,-8.871775,-2.7342694,-0.24655412,0.45964298
0.09817294,-8.863021,-2.752499,-0.23683259,0.45420405
0.1178642,-8.854947,-2.7698174,-0.22711106,0.4487651
0.13692863,-8.847514,-2.7862394,-0.21738951,0.44332618
0.1553392,-8.840682,-2.801781,-0.20775485,0.41576034
0.17325802,-8.834347,-2.8157656,-0.19812019,0.38819453
0.19063108,-8.828477,-2.8282645,-0.18848553,0.3606287
0.20740855,-8.823041,-2.8393493,-0.17227574,0.30643576
0.22308905,-8.818152,-2.8480108,-0.15606593,0.25224286
0.23755515,-8.813779,-2.8545024,-0.13985613,0.19804993
0.25070617,-8.8098955,-2.859089,-0.121643536,0.12778297
0.26229307,-8.806533,-2.8616724,-0.10343094,0.057516
0.27221715,-8.803679,-2.8626633,-0.08521835,-0.012750966
0.28040895,-8.801333,-2.8624823,-0.06793308,-0.048165005
0.2869318,-8.799464,-2.861937,-0.050647806,-0.08357905
0.29178283,-8.798071,-2.8612325,-0.033362538,-0.11899309
0.29496616,-8.797154,-2.8605723,-0.013663055,-0.12733294
0.29626822,-8.796779,-2.8602831,0.0060364255,-0.13567281
0.29569364,-8.796945,-2.8604193,0.025735907,-0.14401266
0.29324672,-8.797651,-2.8610349,0.046129413,-0.17364456
0.2888808,-8.798909,-2.862363,0.06652292,-0.20327646
0.2826178,-8.800705,-2.8646014,0.086916424,-0.23290837
0.2744832,-8.803018,-2.867945,0.106414884,-0.2476907
0.26455036,-8.805806,-2.8722932,0.12591335,-0.26247305
0.25282854,-8.809041,-2.8777382,0.1454118,-0.2772554
0.23932672,-8.812689,-2.884372,0.16410273,-0.2767041
0.22406001,-8.816705,-2.8918438,0.18279366,-0.27615282
0.20701887,-8.821052,-2.9001503,0.20148459,-0.27560154
0.18819314,-8.825687,-2.9092884,0.21628599,-0.24171719
0.1677574,-8.830522,-2.9179173,0.23108739,-0.20783283
0.14570925,-8.835537,-2.9258642,0.2458888,-0.17394847
0.12205278,-8.840721,-2.9329572,0.25724846,-0.15306395
0.09718003,-8.845987,-2.9394941,0.26860815,-0.13217944
0.07109544,-8.851332,-2.9453943,0.2799678,-0.11129493
0.04380567,-8.856756,-2.9505768,0.28904897,-0.09892369
0.0155652445,-8.862217,-2.9553347,0.2981301,-0.08655245
-0.0136224525,-8.867717,-2.9596298,0.30721125,-0.07418121
-0.04375329,-8.873261,-2.9634247,0.31535327,-0.06732475
-0.0747191,-8.878838,-2.9669604,0.32349527,-0.060468297
-0.10651839,-8.884448,-2.9702187,0.3316373,-0.053611845
-0.13914937,-8.890095,-2.9731805,0.34039974,-0.04964245
-0.1726664,-8.895794,-2.9759958,0.34916222,-0.045673054
-0.20706905,-8.901544,-2.9786527,0.35792467,-0.04170366
-0.24235673,-8.907345,-2.98114,0.36759228,-0.042523928
-0.27861097,-8.913212,-2.9837441,0.37725985,-0.043344192
-0.31583297,-8.919137,-2.9864688,0.38692746,-0.04416446
-0.3540238,-8.925109,-2.989316,0.39783195,-0.047350697
-0.3933026,-8.931137,-2.9924543,0.40873644,-0.050536938
-0.4336709,-8.937202,-2.9958956,0.41964093,-0.053723175
-0.4751305,-8.943286,-2.9996512,0.43018305,-0.06837924
-0.5176166,-8.949358,-3.00455,0.44072518,-0.083035305
-0.5611255,-8.955358,-3.0106423,0.4512673,-0.09769137
-0.6056526,-8.961223,-3.017978,0.45944905,-0.113556094
-0.65095323,-8.966851,-3.026655,0.46763077,-0.12942082
-0.6970193,-8.972169,-3.0367136,0.47581252,-0.14528553
-0.7438405,-8.9770975,-3.0481946,0.48097667,-0.1472905
-0.79121006,-8.981535,-3.0599592,0.48614082,-0.14929548
-0.83912325,-8.985455,-3.0720108,0.49130496,-0.15130046
-0.887575,-8.9888315,-3.0843525,0.49646288,-0.14912768
-0.93658984,-8.99164,-3.0966463,0.50162077,-0.1469549
-0.9861611,-8.99387,-3.1088881,0.50677866,-0.14478211
-1.036282,-8.995509,-3.1210742,0.5134906,-0.13733019
-1.0871369,-8.996553,-3.13279,0.5202026,-0.12987825
-1.1387169,-8.997007,3.1391664,0.523,-0.12242633
-1.1906254,-8.9968815,3.1285214,0.523,-0.022999192
-1.242907,-8.996198,3.1265168,0.523,0.07642795
-1.2950485,-8.995412,3.1331723,0.523,0.17585509
-1.3465401,-8.994978,-3.1347632,0.523,0.27408716
-1.3968866,-8.995322,-3.11117,0.523,0.37231925
-1.4455808,-8.996804,-3.0794606,0.523,0.4705513
-1.4921068,-8.999699,-3.0399413,0.523,0.37901878
-1.5404441,-9.004629,-3.0076888,0.523,0.28748626
-1.5901488,-9.011325,-2.9829733,0.523,0.19595373
-1.6408039,-9.019427,-2.9660017,0.5142457,0.13734475
-1.690961,-9.028326,-2.9542673,0.5054913,0.07873578
-1.740472,-9.037711,-2.947641,0.496737,0.02012682
-1.7892044,-9.047283,-2.9459746,0.48992962,0.01570639
-1.837257,-9.056805,-2.9446921,0.48312223,0.011285961
-1.8846327,-9.066256,-2.9437835,0.47631484,0.006865531
-1.9313343,-9.075616,-2.9432385,0.47843766,0.029496854
-1.9782195,-9.08504,-2.9408867,0.4805605,0.052128177
-2.0252469,-9.094607,-2.9367135,0.48268336,0.0747595
-2.0723736,-9.1044,-2.9307048,0.48260388,0.08315532
-2.119402,-9.114468,-2.924024,0.4825244,0.09155113
-2.1663194,-9.124839,-2.9166718,0.4824449,0.099946946
-2.213114,-9.135546,-2.9086487,0.48418832,0.11589421
-2.2599092,-9.146647,-2.899317,0.48593172,0.13184148
-2.3066738,-9.158204,-2.8886704,0.48767513,0.14778876
-2.353375,-9.170275,-2.8767018,0.49354973,0.18354404
-2.4002085,-9.18298,-2.8616886,0.4994243,0.21929933
-2.4470577,-9.196445,-2.8435805,0.5052989,0.25505462
-2.4937975,-9.210803,-2.8223329,0.49359423,0.28691882
-2.538747,-9.225661,-2.7990518,0.48188958,0.31878302
-2.5818496,-9.241032,-2.7738802,0.4701849,0.35064718
-2.6230552,-9.256906,-2.7469618,0.44367737,0.36062482
-2.6613781,-9.272866,-2.720869,0.41716984,0.37060246
-2.696872,-9.288748,-2.6956875,0.3906623,0.38058007
-2.7295964,-9.30439,-2.6715016,0.3644845,0.37573388
-2.7598243,-9.319749,-2.6492102,0.33830667,0.3708877
-2.787609,-9.334654,-2.628774,0.31212887,0.3660415
-2.8130052,-9.348953,-2.6101544,0.2991199,0.38425046
-2.8369114,-9.363007,-2.5914662,0.28611094,0.40245944
-2.8593524,-9.376769,-2.5727887,0.273102,0.4206684
-2.8803563,-9.390197,-2.554201,0.26578617,0.39923075
-2.9007404,-9.403769,-2.536982,0.2584704,0.37779307
-2.9205058,-9.417424,-2.5210917,0.25115457,0.3563554
-2.9396555,-9.43111,-2.5064886,0.24821085,0.32084146
-2.9586172,-9.445085,-2.4934425,0.24526711,0.2853275
-2.9773793,-9.459292,-2.4819365,0.24232335,0.24981356
-2.9959335,-9.473682,-2.4719517,0.23940405,0.27479267
-3.0139995,-9.487985,-2.461125,0.23648474,0.29977182
-3.0315611,-9.5022,-2.4494858,0.23356542,0.32475093
