-5.5139585,4.7487216,-2.6476383,0.98519814,0.0
-5.600702,4.702012,-2.6476383,0.523,0.097853564
-5.6465297,4.677335,-2.6391225,0.4949009,0.19570713
-5.689075,4.6539555,-2.6230826,0.46680185,0.29356068
-5.727885,4.631811,-2.6005702,0.48763347,0.39347288
-5.7664895,4.608617,-2.5694106,0.5084651,0.49338508
-5.804139,4.584368,-2.529275,0.523,0.59329724
-5.839623,4.5594454,-2.48054,0.523,0.68810767
-5.871512,4.5346427,-2.4251826,0.523,0.7829181
-5.8994713,4.5102973,-2.3636994,0.523,0.8777285
-5.9232755,4.4868474,-2.296643,0.523,0.89427775
-5.94501,4.462357,-2.2286744,0.523,0.91082704
-5.964616,4.4369845,-2.1598117,0.523,0.92737633
-5.982047,4.4108953,-2.090074,0.523,0.88467443
-5.99849,4.3821287,-2.0226324,0.523,0.8419726
-6.013698,4.350793,-1.9576098,0.523,0.79927075
-6.027454,4.317022,-1.8951246,0.523,0.7555495
-6.0395856,4.2809377,-1.8353554,0.523,0.71182823
-6.04994,4.2427154,-1.7784164,0.523,0.6681069
-6.058403,4.202542,-1.7244166,0.523,0.62371725
-6.064899,4.160589,-1.6735063,0.523,0.5793276
-6.0693865,4.1170535,-1.625786,0.523,0.5349379
-6.0718594,4.072128,-1.5813494,0.523,0.5137096
-6.07234,4.026581,-1.5385147,0.523,0.4924813
-6.0708523,3.9805202,-1.4973011,0.523,0.47125298
-6.0674305,3.9340467,-1.4577272,0.523,0.45129773
-6.0621204,3.8872833,-1.4197109,0.523,0.43134248
-6.05497,3.840315,-1.3832673,0.523,0.41138723
-6.046033,3.793219,-1.348411,0.523,0.37108502
-6.035283,3.7456791,-1.316802,0.523,0.33078283
-6.022854,3.6978014,-1.2884917,0.523,0.2904806
-6.008895,3.6496758,-1.2635261,0.523,0.24502192
-5.993549,3.6013145,-1.2423815,0.523,0.19956322
-5.9770145,3.552792,-1.2251014,0.523,0.15410452
-5.9595027,3.5041692,-1.2117217,0.523,0.14520629
-5.9413176,3.4557202,-1.199109,0.523,0.13630807
-5.922499,3.4074435,-1.1872642,0.523,0.12740985
-5.903087,3.3593361,-1.1761883,0.523,0.105447784
-5.8830924,3.311324,-1.1670139,0.523,0.083485715
-5.862615,3.2633972,-1.1597451,0.523,0.061523654
-5.8417573,3.2155445,-1.1543857,0.51975256,0.048982598
-5.8207593,3.1680677,-1.1501442,0.5165052,0.036441542
-5.7996817,3.1209512,-1.147008,0.51325774,0.023900485
-5.7785816,3.0741792,-1.1449636,0.50594234,0.005768746
-5.7576823,3.028104,-1.1444771,0.49862692,-0.012362992
-5.737065,2.9827077,-1.1455046,0.4913115,-0.03049473
-5.716803,2.9379742,-1.1480012,0.4953731,-0.04742395
-5.6965003,2.8928497,-1.1519152,0.49943474,-0.064353175
-5.6762285,2.8473184,-1.1572682,0.50349635,-0.08128239
-5.6560626,2.8013651,-1.1640816,0.5225621,-0.11065465
-5.635517,2.7536652,-1.1736993,0.523,-0.14002691
-5.615488,2.7059069,-1.185865,0.523,-0.16939917
-5.596131,2.6581278,-1.2005606,0.523,-0.21415183
-5.577639,2.6104853,-1.2190851,0.523,-0.25890452
-5.560222,2.563023,-1.2414017,0.523,-0.3
-5.54406,2.5157452,-1.2671611,0.523,-0.3
-5.5291214,2.4680667,-1.2929206,0.523,-0.3
-5.5154157,2.4200191,-1.3186802,0.523,-0.3
