-1.4191359,8.736135,1.665754,0.7470218,0.0
-1.4262187,8.8105,1.665754,0.523,0.07938284
-1.431162,8.862401,1.6726662,0.493,0.15876567
-1.4361124,8.910829,1.6856568,0.463,0.23814851
-1.441269,8.955525,1.7038606,0.4330002,0.16744237
-1.4469334,8.997842,1.715888,0.40300038,0.096736215
-1.4527328,9.037532,1.7223754,0.37300056,0.02603007
-1.4583632,9.074392,1.7239934,0.34300402,-0.052660126
-1.4635901,9.108244,1.7209843,0.31300744,-0.13135032
-1.4682331,9.138926,1.7141517,0.28301087,-0.21004051
-1.4721875,9.166321,1.7043171,0.25301248,-0.210398
-1.4754815,9.190844,1.6955103,0.22301406,-0.21075548
-1.4781941,9.212482,1.6877345,0.19301565,-0.21111298
-1.4803962,9.231227,1.6809936,0.16301653,-0.19243385
-1.4821558,9.24713,1.6757973,0.13301739,-0.17375474
-1.483529,9.2601595,1.6719646,0.103018254,-0.15507561
-1.4845569,9.270286,1.6693127,0.073018715,-0.106857605
-1.485271,9.277511,1.6680148,0.04301917,-0.058639593
-1.4856879,9.281785,1.6675946,0.013019629,-0.01042158
-1.4858136,9.283081,1.667572,-0.016980054,0.026528925
-1.4856496,9.281391,1.6674969,-0.046979737,0.06347943
-1.485197,9.276725,1.6670002,-0.07697942,0.10042994
-1.4844613,9.269101,1.6657139,-0.106979094,0.13457076
-1.4834565,9.258548,1.6633217,-0.13697878,0.16871159
-1.4822088,9.245102,1.6594883,-0.16697846,0.20285241
-1.4807602,9.22881,1.6538817,-0.19697663,0.22355331
-1.4791662,9.209669,1.6466035,-0.22697482,0.24425423
-1.4774982,9.187709,1.6374551,-0.256973,0.26495513
-1.4758463,9.162964,1.6262398,-0.28695735,0.30315217
-1.4743286,9.135618,1.6119622,-0.31694174,0.3413492
-1.4730995,9.105778,1.5942789,-0.34692612,0.37954625
-1.4723428,9.073564,1.5728563,-0.37690353,0.39006394
-1.4722711,9.038704,1.5489702,-0.40688094,0.40058163
-1.4730887,9.001246,1.5225261,-0.43685836,0.41109928
-1.475021,8.9612465,1.49343,-0.4668185,0.45500475
-1.478262,8.919439,1.4592382,-0.49677864,0.49891022
-1.4831183,8.876088,1.4196227,-0.523,0.5428157
-1.4898624,8.831817,1.3745968,-0.523,0.50904834
-1.4987652,8.7870245,1.3321165,-0.523,0.47528103
-1.5097595,8.741839,1.29223,-0.523,0.44151372
-1.5227618,8.696378,1.254983,-0.523,0.41944656
-1.5375975,8.650973,1.2194839,-0.523,0.3973794
-1.5541931,8.605694,1.1857501,-0.523,0.37531224
-1.5724697,8.560597,1.153798,-0.523,0.3492745
-1.5923733,8.515666,1.1239682,-0.523,0.32323676
-1.6138021,8.470943,1.0962808,-0.523,0.29719904
-1.6366508,8.426461,1.0707546,-0.523,0.27710867
-1.6607699,8.382316,1.0469079,-0.523,0.2570183
-1.6860737,8.338518,1.0247504,-0.523,0.23692793
-1.712475,8.295072,1.0042908,-0.523,0.23200923
-1.7397916,8.252125,0.9842483,-0.523,0.22709054
-1.767996,8.209684,0.9646233,-0.523,0.22217184
-1.7970603,8.167759,0.9454162,-0.523,0.21203056
-1.8269913,8.126307,0.9270724,-0.523,0.20188928
-1.8577431,8.085323,0.9095937,-0.523,0.191748
-1.8892702,8.044802,0.8929819,-0.523,0.15414429
-1.9216782,8.004546,0.8795988,-0.523,0.116540566
-1.9547913,7.964523,0.8694633,-0.523,0.07893686
-1.988432,7.924691,0.8625898,-0.523,0.039689653
-2.022425,7.8849993,0.8591311,-0.523,0.00044245124
-2.056582,7.8453937,0.85909253,-0.523,-0.03880475
-2.0907147,7.805819,0.86247414,-0.5179281,-0.066876575
-2.1243336,7.766573,0.86824274,-0.51285625,-0.094948396
-2.1573236,7.727608,0.87634635,-0.50778437,-0.12302022
-2.1895742,7.6888847,0.8867314,-0.4843462,-0.13989598
-2.2198834,7.651714,0.8979876,-0.4609081,-0.15677173
-2.2482543,7.61611,0.90998125,-0.43746996,-0.1736475
-2.2747006,7.5820913,0.92257863,-0.41380882,-0.16474071
-2.2993467,7.5495505,0.93388915,-0.39014772,-0.15583391
-2.3222682,7.518565,0.94398123,-0.36648658,-0.14692712
-2.3435335,7.489203,0.9529235,-0.3418051,-0.11975261
-2.3631926,7.4615417,0.9597292,-0.31712365,-0.0925781
-2.3813093,7.4356794,0.9646153,-0.2924422,-0.065403596
-2.3979352,7.411697,0.96780086,-0.2672717,-0.017068576
-2.4130902,7.3896866,0.9685611,-0.24210122,0.03126644
-2.426798,7.3697457,0.9672997,-0.21693073,0.07960145
-2.4390705,7.351941,0.9644247,-0.18792686,0.12499367
-2.4496968,7.336619,0.96051997,-0.15892299,0.17038588
-2.4586728,7.323784,0.95602876,-0.12991911,0.2157781
-2.4659922,7.313417,0.95139265,-0.10047356,0.2837302
-2.471592,7.3055634,0.9467049,-0.07102801,0.3516823
-2.4754887,7.3001523,0.942627,-0.041582465,0.41963443
-2.4777203,7.2970796,0.93980336,-0.011687436,0.5045568
-2.4783237,7.2962537,0.93886167,0.018207593,0.5894791
-2.4774299,7.297475,0.9405487,0.04810262,0.67440146
-2.4752154,7.30051,0.94555485,0.07806549,0.7658257
-2.471922,7.305073,0.9545731,0.10802837,0.8572499
-2.4678354,7.310843,0.9681855,0.13799123,0.94867414
-2.4632776,7.3174677,0.9868751,0.1679081,0.9991016
-2.4582691,7.3250475,1.0104098,0.19782495,1.0
-2.452588,7.334101,1.0381539,0.22774182,1.0
-2.4463394,7.3447013,1.0700935,0.25758222,0.9734578
-2.4393847,7.3574104,1.1055899,0.2874226,0.9469156
-2.4318523,7.372417,1.1444694,0.31726298,0.92037344
-2.423908,7.389909,1.1865505,0.347098,0.89771014
-2.4157965,7.409969,1.2317833,0.37693304,0.87504685
-2.407762,7.4327536,1.2800039,0.40676805,0.8523836
-2.400086,7.4584026,1.3310432,0.43669063,0.7639702
-2.392598,7.489034,1.3813932,0.4666132,0.67555684
-2.3857424,7.5247955,1.4300245,0.49653578,0.5871435
-2.3799424,7.5657244,1.4758701,0.523,0.49154568
-2.3755722,7.6116247,1.5170119,0.523,0.39594784
-2.3729782,7.6598086,1.5506306,0.523,0.30035004
-2.3719707,7.7097573,1.5764192,0.523,0.2086316
-2.3722584,7.7609224,1.5944732,0.523,0.11691318
-2.3734882,7.8128505,1.604641,0.523,0.025194746
-2.3752573,7.865104,1.6068369,0.523,-0.041983258
-2.3771403,7.917324,1.6031785,0.523,-0.109161265
-2.3788235,7.9692855,1.593682,0.523,-0.17633927
-2.3800018,8.0207615,1.5783907,0.51159847,-0.2491957
-2.3803782,8.070339,1.557362,0.5001969,-0.3
-2.3797362,8.11812,1.5327256,0.48879534,-0.3
-2.377959,8.1647835,1.5086508,0.45999536,-0.3
-2.3752296,8.208643,1.4859945,0.4311954,-0.3
-2.3717406,8.249689,1.4647566,0.40239543,-0.3
-2.3676717,8.287915,1.4449372,0.3724591,-0.3
-2.3632052,8.323216,1.4265924,0.3425228,-0.3
-2.3585029,8.355599,1.409722,0.3125865,-0.3
-2.3537135,8.385075,1.3943261,0.2825878,-0.3
-2.3489742,8.411653,1.3804077,0.2525891,-0.3
-2.3444076,8.435348,1.3679668,0.22259042,-0.3
-2.340124,8.456176,1.3570035,0.19259115,-0.2821352
-2.3361993,8.474253,1.348067,0.16259186,-0.26427037
-2.3327324,8.489559,1.3409888,0.13259259,-0.24640557
-2.3298035,8.50208,1.3355983,0.10259314,-0.20009673
-2.3274603,8.511858,1.3321997,0.072593704,-0.15378788
-2.325765,8.518828,1.3303465,0.042594258,-0.10747905
-2.3247564,8.522942,1.3295848,0.012594693,-0.11689488
-2.3244576,8.524157,1.3293401,-0.017404873,-0.1263107
-2.3248706,8.52248,1.3297055,-0.04740444,-0.13572654
-2.3259919,8.517919,1.3307745,-0.0774041,-0.14603096
-2.3278124,8.51048,1.3326517,-0.107403755,-0.15633538
-2.330315,8.500171,1.3354388,-0.13740341,-0.16663982
-2.3334749,8.486994,1.3392373,-0.16740295,-0.14304574
-2.3372774,8.470867,1.3432149,-0.19740249,-0.11945166
-2.3416996,8.451773,1.3471355,-0.22740203,-0.095857576
-2.3467202,8.429701,1.350763,-0.25739852,-0.09069382
-2.3523152,8.404684,1.3546484,-0.28739497,-0.085530065
-2.3584564,8.376717,1.3587402,-0.31739146,-0.08036631
-2.365115,8.345788,1.3629869,-0.34727192,-0.021504331
-2.3722782,8.311816,1.3642315,-0.3771524,0.03735765
-2.380008,8.274928,1.3618838,-0.40703288,0.09621964
-2.3884108,8.235294,1.3553663,-0.43391782,0.111286916
-2.397629,8.193168,1.3473347,-0.46080276,0.12635419
-2.4077594,8.148591,1.3376565,-0.4876877,0.14142147
-2.418914,8.101616,1.3261999,-0.46847856,0.18850288
-2.430058,8.056968,1.3115686,-0.4492694,0.23558429
-2.4412563,8.014741,1.2940912,-0.43006027,0.2826657
-2.4525387,7.975013,1.2740993,-0.43069586,0.23518094
-2.4647841,7.934959,1.2573726,-0.43133146,0.18769617
-2.4778492,7.8946476,1.2439585,-0.43196705,0.1402114
-2.4915814,7.8541393,1.2338971,-0.40992576,0.1333637
-2.5050116,7.8157945,1.2248125,-0.38788444,0.126516
-2.5180604,7.7795963,1.2166554,-0.36584315,0.11966829
-2.5306568,7.7455277,1.2093762,-0.3426227,0.099791504
-2.5427117,7.7136383,1.2036872,-0.31940225,0.07991471
-2.5541391,7.6839213,1.1994375,-0.29618183,0.060037922
-2.5648675,7.656372,1.1964756,-0.26996785,0.0976064
-2.5746918,7.631364,1.1920909,-0.24375391,0.13517487
-2.5836215,7.6089225,1.186616,-0.21753997,0.17274335
-2.5916536,7.5890546,1.180384,-0.19209725,0.18060277
-2.5988452,7.571579,1.1746331,-0.16665453,0.18846221
-2.6051624,7.5564766,1.1694294,-0.1412118,0.19632164
-2.610573,7.5437274,1.1648386,-0.11361178,0.2594941
-2.6149094,7.533639,1.1599799,-0.08601176,0.32266653
-2.6181672,7.5261602,1.1554343,-0.05841174,0.385839
-2.6203508,7.521209,1.1517705,-0.028854275,0.47573024
-2.6213946,7.5188656,1.149568,0.000703189,0.5656215
-2.6213703,7.51892,1.1496308,0.030260652,0.6555128
-2.6203895,7.521109,1.1527051,0.060111932,0.7464307
-2.6185977,7.525142,1.159508,0.08996321,0.8373486
-2.6161902,7.530662,1.1706465,0.1198145,0.92826647
-2.6133933,7.5372744,1.1866335,0.1497461,0.96672904
-2.6102057,7.5451603,1.2071744,0.17967771,1.0
-2.6067529,7.5542336,1.2323734,0.20960931,1.0
-2.6029928,7.564916,1.26177,0.23958401,0.9520293
-2.5987663,7.5781546,1.2942973,0.26955873,0.9040585
-2.5942156,7.5941916,1.3296025,0.29953343,0.8560878
-2.5895264,7.6132545,1.3673079,0.3295267,0.7987803
-2.584881,7.6357675,1.4066592,0.35951996,0.7414728
-2.5805488,7.661925,1.4471277,0.38951322,0.6841653
-2.5768251,7.6918797,1.4881581,0.4195093,0.591873
-2.5739515,7.726576,1.5271666,0.44950536,0.49958062
-2.5722306,7.765995,1.5630565,0.47950146,0.40728828
-2.5718896,7.8100214,1.5947132,0.5094167,0.3097891
-2.57305,7.8585243,1.6205965,0.523,0.21228991
-2.575595,7.909587,1.6389624,0.523,0.11479074
-2.579134,7.961422,1.6489464,0.523,0.037840087
-2.583214,8.013525,1.652244,0.523,-0.039110564
-2.5874658,8.065612,1.6488358,0.523,-0.11606122
-2.5915158,8.117402,1.6387417,0.52291906,-0.1598291
-2.5950208,8.168908,1.6248714,0.5228382,-0.20359698
-2.5977883,8.220037,1.6072524,0.52275723,-0.24736486
-2.5996356,8.270688,1.5859195,0.49295223,-0.27201054
-2.6003537,8.318166,1.563846,0.46314722,-0.29665622
-2.6000457,8.362456,1.5412811,0.4333422,-0.3
-2.598824,8.403837,1.5199376,0.40335065,-0.3
-2.5968652,8.442321,1.5000712,0.3733591,-0.3
-2.5943446,8.4779,1.4816821,0.34336758,-0.3
-2.5914252,8.510572,1.46477,0.31337145,-0.28663093
-2.5882442,8.5404625,1.4500039,0.2833753,-0.27326185
-2.5849562,8.56755,1.4372579,0.25337917,-0.25989276
-2.581696,8.591819,1.4264058,0.22338375,-0.2983296
-2.5786238,8.612948,1.4154629,0.19338836,-0.3
-2.5757654,8.631201,1.4059378,0.16339295,-0.3
-2.5732038,8.646599,1.3978902,0.13339585,-0.3
-2.5710113,8.659153,1.39132,0.10339875,-0.3
-2.569248,8.668872,1.3862273,0.073401645,-0.3
-2.567961,8.675765,1.382612,0.043402914,-0.26851273
-2.567178,8.679876,1.3806928,0.013404181,-0.23702545
-2.566932,8.681155,1.3801682,-0.01659455,-0.20553818
-2.5672398,8.679561,1.3807328,-0.046593826,-0.21179666
-2.5681002,8.675087,1.3823652,-0.0765931,-0.21805514
-2.569501,8.667742,1.3851268,-0.10659238,-0.22431362
-2.5714195,8.657528,1.3890785,-0.1365915,-0.19928895
-2.573839,8.64436,1.3935853,-0.16659062,-0.17426427
-2.5767312,8.62821,1.3983994,-0.19658972,-0.1492396
-2.5800662,8.609057,1.4032711,-0.22658618,-0.14176826
-2.5838065,8.586941,1.4086069,-0.25658262,-0.13429692
-2.5879126,8.561847,1.4143327,-0.28657907,-0.12682559
-2.5923421,8.533767,1.4203742,-0.31649938,-0.05670344
-2.5970776,8.502524,1.4233636,-0.34641972,0.013418704
-2.602166,8.468261,1.4225888,-0.37634006,0.08354085
-2.607704,8.4311695,1.4173551,-0.40454492,0.09995787
-2.613856,8.39139,1.4106266,-0.43274978,0.11637488
-2.620711,8.348958,1.4022521,-0.46095464,0.13279189
-2.6283753,8.303915,1.3920802,-0.4470472,0.16630289
-2.6362128,8.2605295,1.3797463,-0.4331398,0.19981389
-2.644274,8.21885,1.3654176,-0.4192324,0.23332489
-2.652592,8.17892,1.3492622,-0.41308635,0.1824088
-2.661518,8.139289,1.3367733,-0.4069403,0.13149272
-2.6708732,8.100046,1.3278807,-0.40079427,0.080576636
-2.6804824,8.06127,1.322504,-0.38776907,0.080718674
-2.6899807,8.023805,1.317293,-0.37474385,0.08086071
-2.6993484,7.987646,1.3122482,-0.36171865,0.08100275
-2.7085664,7.952791,1.3073702,-0.3508965,0.10860573
-2.7176497,7.9191117,1.3010311,-0.34007433,0.13620871
-2.726629,7.8866377,1.2933347,-0.32925218,0.1638117
-2.7355268,7.855396,1.2843857,-0.31246302,0.16158016
-2.7442393,7.825813,1.2760075,-0.29567385,0.15934862
-2.7527208,7.797879,1.2681882,-0.27888468,0.15711708
-2.7609296,7.771586,1.2609153,-0.25941256,0.16690756
-2.7687304,7.7472234,1.2537324,-0.23994042,0.17669804
-2.7760947,7.7247806,1.246703,-0.22046828,0.18648852
-2.7829938,7.7042437,1.2398902,-0.20211592,0.20856452
-2.7894182,7.685543,1.2329153,-0.18376355,0.23064052
-2.7953484,7.6686645,1.2259139,-0.16541117,0.2527165
-2.8007631,7.653592,1.2190208,-0.14148648,0.29001254
-2.8054347,7.6408644,1.2122774,-0.117561765,0.3273086
-2.8093407,7.63044,1.2059782,-0.09363706,0.36460462
-2.8124619,7.6222677,1.2004133,-0.066659935,0.4343509
-2.8146508,7.6166306,1.195738,-0.039682817,0.5040972
-2.8159237,7.6133976,1.1925434,-0.012705695,0.57384354
-2.8163178,7.612406,1.1913939,0.016529797,0.6647315
-2.815836,7.6136146,1.1930933,0.04576529,0.75561947
-2.8146074,7.6167107,1.1983237,0.07500078,0.84650743
-2.812799,7.6213393,1.207686,0.104883194,0.9359043
-2.8105896,7.6271544,1.2217602,0.13476561,1.0
-2.8080993,7.633997,1.2406604,0.16464801,1.0
-2.8052156,7.642412,1.2637515,0.19460668,1.0
-2.8020375,7.6524353,1.2910441,0.22456534,1.0
-2.7986872,7.664097,1.3225384,0.254524,1.0
-2.795308,7.6774273,1.3582342,0.2845171,0.96350867
-2.791883,7.693298,1.397175,0.3145102,0.92701733
-2.788622,7.7118917,1.4391009,0.3445033,0.890526
-2.7857764,7.733373,1.4837372,0.3745018,0.7992537
-2.783506,7.759386,1.5284799,0.40450028,0.70798135
-2.782206,7.7900877,1.5723212,0.43449876,0.61670905
-2.7822602,7.8255334,1.6142035,0.46449205,0.5171729
-2.784012,7.86587,1.6524795,0.49448535,0.4176367
-2.7877,7.9109178,1.6859069,0.523,0.3181005
-2.7934055,7.960265,1.7131693,0.523,0.2212233
-2.8006456,8.010775,1.7322958,0.523,0.124346085
-2.8089905,8.0619955,1.7431066,0.523,0.027468866
-2.8179545,8.113502,1.7455007,0.523,0.015317011
-2.827044,8.164999,1.7468358,0.523,0.0031651556
-2.8362033,8.216491,1.7471117,0.523,-0.008986699
-2.8453765,8.267978,1.7463284,0.49336863,0.0643273
-2.8539746,8.316456,1.7516142,0.46373728,0.1376413
-2.8622353,8.361642,1.762219,0.4341059,0.21095529
-2.8703113,8.403315,1.7773688,0.40437037,0.22209725
-2.8784015,8.44192,1.7922143,0.3746348,0.23323919
-2.8864062,8.477479,1.8066459,0.34489924,0.24438113
-2.8942258,8.510018,1.8205543,0.31550184,0.18879372
-2.9018855,8.540046,1.8304229,0.28610444,0.13320631
-2.9091654,8.567452,1.8367559,0.25670707,0.0776189
-2.9158921,8.592146,1.8400735,0.22748405,0.0110099735
-2.9219437,8.614074,1.8404909,0.19826104,-0.055598952
-2.927218,8.633154,1.8386546,0.16903803,-0.12220787
-2.9316585,8.649333,1.8352202,0.1393583,-0.1705161
-2.935248,8.662589,1.8312789,0.10967858,-0.21882433
-2.9380052,8.672935,1.8273107,0.07999886,-0.26713255
-2.9399629,8.680398,1.8237913,0.050070744,-0.2754359
-2.941169,8.685063,1.8215216,0.020142633,-0.2837392
-2.9416487,8.686936,1.8205818,-0.009785478,-0.29204252
-2.941417,8.6860285,1.8210514,-0.039761007,-0.29203755
-2.940474,8.68234,1.8229593,-0.06973653,-0.29203257
-2.9388077,8.675872,1.8263054,-0.09971206,-0.29202756
-2.9363945,8.666633,1.8310899,-0.12969005,-0.23211987
-2.9331462,8.654437,1.8360622,-0.15966803,-0.17221218
-2.929022,8.6392565,1.8406224,-0.18964602,-0.11230448
-2.9239986,8.621094,1.8441646,-0.21958238,-0.041500337
-2.9180756,8.599969,1.845683,-0.24951874,0.029303808
-2.9113057,8.575964,1.8444645,-0.2794551,0.10010795
-2.9037907,8.549193,1.8398097,-0.3090713,0.184462
-2.8957157,8.519903,1.8303615,-0.33868754,0.26881602
-2.887335,8.488344,1.8153695,-0.36830378,0.35317007
-2.8789673,8.454816,1.7941383,-0.39592132,0.3846354
-2.8708386,8.419027,1.7693787,-0.42353886,0.41610068
-2.8631961,8.381049,1.7408465,-0.4511564,0.447566
-2.8563132,8.340964,1.7083051,-0.44071582,0.40316674
-2.8507564,8.300809,1.6794872,-0.4302752,0.3587675
-2.846386,8.260758,1.6543075,-0.4198346,0.31436828
-2.8430557,8.220971,1.6326709,-0.4071251,0.31132185
-2.8406591,8.18229,1.611886,-0.3944156,0.30827543
-2.8391154,8.14474,1.5919406,-0.38170606,0.305229
-2.8383458,8.108341,1.5728228,-0.3698093,0.29106927
-2.8382738,8.072916,1.555135,-0.3579125,0.2769095
-2.838813,8.038492,1.5388272,-0.34601572,0.26274976
-2.8398812,8.0050955,1.5238483,-0.3346085,0.26743886
-2.8413956,7.97286,1.5091109,-0.32320127,0.272128
-2.8433146,7.941788,1.4946325,-0.31179407,0.27681708
-2.8455968,7.911883,1.4804305,-0.29895443,0.25975198
-2.8482041,7.883108,1.4676332,-0.28611478,0.2426869
-2.8510642,7.855483,1.4561738,-0.27327517,0.22562179
-2.8541105,7.829023,1.4459846,-0.2629258,0.23521659
-2.8572936,7.8036532,1.435772,-0.25257647,0.24481139
-2.8605921,7.7793713,1.4255689,-0.24222715,0.25440618
-2.8639848,7.756175,1.4154087,-0.23432629,0.25724193
-2.867492,7.7337866,1.4054728,-0.22642541,0.2600777
-2.871093,7.712204,1.3957683,-0.21852455,0.26291344
-2.8747675,7.691425,1.3863027,-0.20923197,0.27084565
-2.878466,7.6716065,1.3769728,-0.19993939,0.2787779
-2.8821683,7.6527443,1.367803,-0.19064681,0.2867101
-2.885855,7.6348333,1.3588172,-0.17444173,0.2991299
-2.889362,7.618537,1.3502495,-0.15823664,0.3115497
-2.892657,7.60384,1.3421654,-0.14203155,0.32396948
-2.8957088,7.590726,1.3346298,-0.124929175,0.34994963
-2.8984547,7.579316,1.3274912,-0.10782679,0.37592974
-2.9008708,7.569582,1.3208933,-0.090724416,0.4019099
-2.9029357,7.5614915,1.3149784,-0.06595974,0.44445178
-2.9044425,7.5557303,1.3102517,-0.041195057,0.48699367
-2.9053805,7.5522127,1.3070387,-0.01643038,0.5295356
-2.9057503,7.5508437,1.3056554,0.012727488,0.60943836
-2.9054768,7.551851,1.3068696,0.041885354,0.6893411
-2.9046335,7.5549707,1.3113097,0.07104322,0.7692439
-2.903324,7.559904,1.3195459,0.10088317,0.8516872
-2.901672,7.566341,1.3321965,0.13072312,0.93413043
-2.8998349,7.573892,1.3497152,0.16056307,1.0
-2.8979325,7.5823565,1.3722334,0.19050452,1.0
-2.8959022,7.5924473,1.3989507,0.22044598,1.0
-2.8938656,7.6041827,1.4298671,0.25038743,1.0
-2.8919652,7.617577,1.4649829,0.2803799,0.9568454
-2.8902593,7.6336393,1.5031788,0.31037232,0.91369075
-2.8889782,7.6525545,1.5441358,0.34036475,0.87053615
-2.8883936,7.6744804,1.5875138,0.37036332,0.7759828
-2.8888354,7.7009106,1.6307487,0.40036187,0.68142945
-2.8906987,7.73195,1.6727803,0.43036044,0.5868761
