3.0023685,4.324526,-2.7823818,0.27816108,0.0
2.9763277,4.314748,-2.7823818,0.3054741,0.09971223
2.947872,4.3040624,-2.7773135,0.3327871,0.19942446
2.9173932,4.292441,-2.7663257,0.3601001,0.2991367
2.8853772,4.2798285,-2.748639,0.38819543,0.39877558
2.85233,4.2661304,-2.723517,0.41629073,0.49841446
2.8189147,4.251285,-2.69035,0.44438604,0.59805334
2.7858653,4.2352695,-2.6486495,0.47218886,0.6971357
2.7539732,4.218138,-2.5981233,0.4999917,0.79621804
2.7240417,4.2000546,-2.5385644,0.523,0.8953003
2.6971073,4.181508,-2.47054,0.523,0.9882854
2.6745744,4.1636176,-2.3977485,0.523,1.0
2.6537802,4.1444836,-2.3244002,0.523,1.0
2.6344442,4.123877,-2.2510521,0.523,1.0
2.6166704,4.101909,-2.1777039,0.523,1.0
2.600554,4.0786977,-2.1043556,0.523,1.0
2.586182,4.0543675,-2.0310073,0.523,1.0
2.5736318,4.02905,-1.9576591,0.523,1.0
2.5629706,4.0028806,-1.884311,0.523,1.0
2.5542557,3.976,-1.8109627,0.523,0.99206847
2.5474515,3.948215,-1.7379904,0.523,0.98413694
2.5426333,3.9196665,-1.6653984,0.523,0.97620535
2.5398657,3.8905005,-1.5931915,0.523,0.9435851
2.5391784,3.859814,-1.5226154,0.523,0.9109648
2.5407226,3.8277922,-1.4537455,0.523,0.8783445
2.544622,3.794631,-1.3866547,0.523,0.8800128
2.5507233,3.7618718,-1.3194714,0.523,0.88168114
2.5589936,3.7296615,-1.2521954,0.523,0.8833494
2.569389,3.6981437,-1.184827,0.523,0.8236827
2.5827682,3.665219,-1.1208768,0.523,0.76401603
2.5991914,3.6312134,-1.0605726,0.523,0.70434934
2.6186552,3.596435,-1.0041288,0.523,0.72366005
2.639695,3.563368,-0.94641304,0.523,0.74297076
2.6622117,3.5321186,-0.88744664,0.523,0.76228154
2.6860952,3.5027854,-0.8272517,0.523,0.6944523
2.7132983,3.4732044,-0.77146804,0.523,0.6266231
2.7436683,3.4436688,-0.7203524,0.523,0.5587939
2.7769966,3.4144168,-0.6741398,0.523,0.5811977
2.811147,3.3871303,-0.6262831,0.523,0.6036014
2.8460333,3.3618922,-0.5768063,0.523,0.6260052
2.881559,3.3387787,-0.5257343,0.523,0.56483537
2.9197695,3.316609,-0.479076,0.523,0.5036656
2.9604182,3.2954943,-0.43700597,0.523,0.44249582
3.0032394,3.2754915,-0.3996815,0.523,0.47070518
3.0461779,3.2573535,-0.36015013,0.523,0.49891457
3.0891564,3.241169,-0.31844327,0.523,0.5271239
3.1320846,3.2270172,-0.2745941,0.523,0.4757864
3.1768339,3.2144108,-0.23466848,0.523,0.42444885
3.223187,3.2033288,-0.19877163,0.523,0.3731113
3.2709296,3.193712,-0.16699812,0.523,0.39784974
3.318474,3.1856976,-0.13322653,0.523,0.42258817
3.3657506,3.1793616,-0.09747754,0.523,0.4473266
3.4126806,3.1747725,-0.05977301,0.523,0.4047473
3.460669,3.1719005,-0.025447955,0.523,0.362168
3.5095606,3.1706562,0.0054354076,0.523,0.31958872
3.5592117,3.170926,0.032821093,0.523,0.3636349
3.6080654,3.17253,0.06382399,0.523,0.40768108
3.6559813,3.1755924,0.09838396,0.523,0.45172727
3.7028077,3.1802142,0.13643397,0.523,0.42033055
3.7501116,3.1867085,0.1720034,0.523,0.3889338
3.7977915,3.1949914,0.20505719,0.523,0.35753706
3.8457575,3.2049675,0.23556274,0.523,0.3901056
3.8927925,3.2162566,0.268711,0.523,0.42267412
3.9387782,3.2289197,0.30446684,0.523,0.45524266
3.983591,3.2430017,0.3427923,0.523,0.4278157
4.028409,3.2589962,0.37895638,0.523,0.40038875
4.0731554,3.2768145,0.4129319,0.523,0.37296182
4.117766,3.2963595,0.44469327,0.523,0.3834524
4.161551,3.317224,0.47730443,0.523,0.39394298
4.2044473,3.3394096,0.51076186,0.523,0.40443358
4.246392,3.3629136,0.54506177,0.523,0.38889194
4.2877736,3.3880048,0.5781121,0.523,0.3733503
4.3285575,3.414615,0.60990506,0.523,0.35780865
4.3687124,3.4426746,0.6404328,0.523,0.36097205
4.407946,3.4719121,0.67121863,0.523,0.36413544
4.446215,3.5023067,0.7022623,0.523,0.36729887
4.483477,3.5338366,0.7335635,0.523,0.36084154
4.5198236,3.5665975,0.76433873,0.523,0.35438424
4.5552297,3.600543,0.79458666,0.523,0.34792694
4.5896745,3.6356268,0.82430613,0.523,0.34620842
4.6230826,3.671741,0.8538847,0.523,0.3444899
4.655428,3.7088504,0.8833223,0.523,0.34277138
4.686686,3.7469192,0.91261894,0.523,0.33977318
4.716848,3.7859287,0.9416692,0.523,0.33677498
4.7458944,3.82584,0.970473,0.523,0.33377677
4.7738085,3.8666139,0.99903,0.523,0.32824537
4.800598,3.9082472,1.0271311,0.523,0.32271394
4.826255,3.950696,1.0547752,0.523,0.31718254
4.850774,3.9939167,1.0819616,0.523,0.3143143
4.8741302,4.0378294,1.1089106,0.523,0.31144607
4.896316,4.0823965,1.1356214,0.523,0.30857784
4.9173226,4.127582,1.1620944,0.523,0.3141907
4.9370904,4.173225,1.1890329,0.523,0.31980354
4.955587,4.219299,1.2164364,0.523,0.3254164
4.972782,4.265775,1.2443038,0.523,0.32485592
4.9886785,4.3127213,1.272125,0.523,0.3242955
5.003266,4.3601007,1.2998999,0.523,0.32373503
5.016534,4.4078755,1.3276285,0.523,0.3234313
5.028474,4.456005,1.355332,0.523,0.32312757
5.039077,4.5044518,1.3830104,0.523,0.32282385
5.048336,4.553178,1.4106636,0.523,0.3247944
5.056239,4.6021094,1.4384797,0.523,0.32676497
5.062774,4.651209,1.4664586,0.523,0.32873556
5.0679293,4.7004395,1.4945999,0.523,0.3245739
5.071703,4.7498646,1.5223979,0.523,0.32041225
5.0741043,4.7994447,1.5498517,0.523,0.3162506
5.0751452,4.84914,1.576961,0.523,0.31229454
5.0748386,4.8989096,1.6037424,0.523,0.3083385
5.073197,4.948716,1.6301953,0.523,0.30438247
5.070235,4.9985237,1.6563195,0.523,0.3006474
5.065968,5.0482955,1.682133,0.523,0.29691234
5.0604115,5.097997,1.7076352,0.523,0.29317728
5.053581,5.147598,1.732826,0.523,0.28925344
5.0454946,5.197068,1.7576891,0.523,0.28532964
5.03617,5.24638,1.7822243,0.523,0.28140584
5.025626,5.295504,1.8064309,0.523,0.2757048
5.0138774,5.344438,1.8301599,0.523,0.27000377
5.0009503,5.3931575,1.8534104,0.523,0.26430273
4.9868717,5.4416385,1.8761815,0.523,0.25490502
4.9716554,5.489907,1.8981608,0.523,0.24550733
4.955343,5.5379443,1.9193466,0.523,0.23610963
4.937976,5.585736,1.9397367,0.523,0.22727522
4.9196,5.633262,1.9593774,0.523,0.2184408
4.9002557,5.680513,1.9782672,0.523,0.2096064
4.8799834,5.72748,1.9964044,0.523,0.19711667
4.8588085,5.774192,2.0134754,0.523,0.18462695
4.836786,5.8206472,2.0294774,0.523,0.17213723
4.8139715,5.8668485,2.044408,0.523,0.1658303
4.7904444,5.912753,2.0587966,0.523,0.15952338
4.7662344,5.9583616,2.0726428,0.523,0.15321645
4.7413707,6.0036755,2.085946,0.523,0.14497793
4.715874,6.0487103,2.098539,0.523,0.13673939
4.6897826,6.093473,2.1104212,0.523,0.12850085
4.6631317,6.1379714,2.1215913,0.523,0.124592945
4.635972,6.1821914,2.1324236,0.523,0.12068505
4.6083217,6.2261357,2.1429179,0.523,0.116777144
4.5801983,6.2698073,2.1530738,0.523,0.11194725
4.551617,6.3132157,2.1628115,0.523,0.107117355
4.522599,6.3563666,2.1721306,0.523,0.10228746
4.4931655,6.3992667,2.1810312,0.523,0.09879677
4.4633408,6.4419184,2.1896288,0.523,0.09530608
4.43314,6.4843264,2.197924,0.523,0.0918154
4.4025784,6.526496,2.205916,0.523,0.089257866
4.3716736,6.56843,2.213686,0.523,0.086700335
4.340437,6.6101317,2.2212338,0.523,0.0841428
4.3088794,6.651606,2.2285595,0.523,0.08723673
4.2770276,6.6928368,2.236154,0.523,0.09033067
4.2448726,6.7338133,2.2440171,0.523,0.0934246
4.212405,6.7745237,2.2521489,0.523,0.09325221
4.1796074,6.81497,2.2602656,0.523,0.09307982
4.146482,6.8551493,2.2683673,0.523,0.092907436
4.1130314,6.895059,2.2764542,0.523,0.09563695
4.079268,6.934687,2.2847779,0.523,0.098366454
4.045185,6.9740224,2.2933383,0.523,0.10109597
4.010776,7.013054,2.3021355,0.523,0.103529885
3.9760337,7.051771,2.3111436,0.523,0.10596381
3.940953,7.090164,2.3203628,0.523,0.10839773
3.905529,7.1282225,2.329793,0.523,0.10639898
3.86974,7.1659527,2.33905,0.523,0.104400225
3.8335955,7.203358,2.3481338,0.523,0.10240147
3.7971053,7.240442,2.3570442,0.523,0.096576914
3.7602646,7.27722,2.3654494,0.523,0.09075236
3.723096,7.313707,2.373349,0.523,0.08492781
3.6856208,7.349918,2.380743,0.523,0.0822964
3.6478708,7.3858585,2.3879085,0.523,0.07966499
3.6098561,7.4215355,2.3948452,0.523,0.07703359
3.5715868,7.456955,2.4015534,0.523,0.07990902
3.5330894,7.4921093,2.4085114,0.523,0.08278446
3.4943576,7.5269866,2.4157193,0.523,0.08565989
3.4553847,7.5615754,2.4231768,0.523,0.084628746
3.4161518,7.5958757,2.4305446,0.523,0.08359761
3.3766634,7.629889,2.437823,0.523,0.08256646
3.3369255,7.663617,2.445012,0.523,0.08357879
3.2969491,7.6970553,2.4522889,0.523,0.08459111
3.2567341,7.7301993,2.4596536,0.523,0.08560344
3.2162797,7.7630434,2.4671063,0.52062875,0.08329984
3.1757581,7.7954435,2.474326,0.5182575,0.08099624
3.1351817,7.82741,2.4813144,0.5158863,0.07869264
3.0945618,7.8589535,2.4880736,0.5109629,0.074793294
3.0541074,7.8899326,2.494437,0.5060395,0.07089394
3.0138369,7.920366,2.5004113,0.5011161,0.06699459
2.973768,7.9502726,2.5060024,0.49698746,0.063754186
2.9338558,7.9797163,2.5112796,0.49285883,0.060513783
2.8941133,8.008712,2.5162473,0.48873022,0.057273377
2.854554,8.037274,2.52091,0.4861679,0.050267912
2.8150551,8.065514,2.5249815,0.4836056,0.043262444
2.7756374,8.093453,2.5284674,0.48104328,0.03625698
2.736321,8.121116,2.5313735,0.47526574,0.027276456
2.6973863,8.14834,2.5335338,0.46948817,0.018295933
2.658859,8.175157,2.5349655,0.4637106,0.009315407
2.6207635,8.2015915,2.5356853,0.46087924,-0.0033077062
2.58288,8.2278385,2.5354314,0.4580479,-0.01593082
2.5452406,8.253931,2.5342152,0.45521653,-0.028553933
2.507876,8.279901,2.5320492,0.4501847,-0.033950776
2.470986,8.305658,2.5295022,0.44515288,-0.03934762
2.4345808,8.331217,2.5265837,0.44012108,-0.04474446
2.398669,8.356585,2.5233026,0.43648893,-0.0488301
2.3631432,8.381855,2.5197518,0.43285677,-0.052915733
2.3280096,8.407035,2.5159361,0.42922464,-0.05700137
2.293274,8.432131,2.5118606,0.42323357,-0.060442865
2.2591314,8.457011,2.5075996,0.41724253,-0.06388436
2.225584,8.481676,2.50316,0.4112515,-0.06732585
2.192634,8.506129,2.4985487,0.40225372,-0.07378512
2.1605303,8.530184,2.4936066,0.39325595,-0.080244385
2.1292768,8.5538435,2.4883528,0.38425818,-0.08670365
2.0988767,8.577109,2.482807,0.37372896,-0.11750165
2.0695286,8.59983,2.4755049,0.3631997,-0.14829963
2.0412855,8.622026,2.4665606,0.35267046,-0.17909764
2.0141933,8.643713,2.4560897,0.34178394,-0.1857958
1.9881912,8.664978,2.445567,0.33089745,-0.19249396
1.9632673,8.685802,2.4350164,0.32001093,-0.19919212
1.9394089,8.706167,2.4244626,0.30790558,-0.19496685
1.9166418,8.726021,2.4145205,0.29580027,-0.19074158
1.8949428,8.745325,2.405174,0.28369495,-0.18651631
1.8742889,8.764049,2.396406,0.27889237,-0.18168908
1.8541288,8.782649,2.3880072,0.27408978,-0.17686185
1.8344529,8.801112,2.3799698,0.26928723,-0.1720346
1.8152517,8.819421,2.3722868,0.26125064,-0.16071925
1.7967255,8.83736,2.3653188,0.25321406,-0.1494039
1.7788593,8.854903,2.3590372,0.24517746,-0.13808854
1.7616389,8.872026,2.3534124,0.24171269,-0.119885586
1.7447171,8.889042,2.3485942,0.2382479,-0.10168264
1.7280854,8.905929,2.3445635,0.23478311,-0.08347969
1.711735,8.922664,2.3413007,0.22560814,-0.04327183
1.6960362,8.938838,2.3396742,0.21643317,-0.003063965
1.680987,8.954392,2.3395636,0.2072582,0.037143897
1.6665874,8.969279,2.3408463,0.19561067,0.08083327
1.653014,8.983275,2.343479,0.18396313,0.12452264
1.6402717,8.996346,2.347287,0.17231561,0.16821201
