6.816351,6.3741,3.1050842,0.5784047,0.0
6.758549,6.3762116,3.1050842,0.523,0.09659213
6.7065277,6.378112,3.1134908,0.523,0.19318426
6.655221,6.379554,3.1302254,0.523,0.28977638
6.6051044,6.3801236,-3.128053,0.523,0.37813374
6.556504,6.3794656,-3.0958722,0.523,0.4664911
6.5098405,6.377331,-3.0566685,0.523,0.55484843
6.465547,6.37356,-3.010748,0.523,0.6546521
6.424414,6.368147,-2.9576735,0.523,0.75445575
6.3869486,6.3611774,-2.8979738,0.523,0.8542594
6.3536134,6.352892,-2.8322427,0.523,0.9321486
6.323917,6.3434005,-2.7622564,0.523,1.0
6.297668,6.332937,-2.688908,0.523,1.0
6.2722564,6.320577,-2.61556,0.523,0.9585614
6.246263,6.3054852,-2.5442257,0.523,0.91712284
6.219967,6.2875967,-2.475028,0.523,0.87568426
6.19364,6.266886,-2.4080856,0.523,0.8552436
6.1681533,6.243916,-2.3422983,0.523,0.83480304
6.143674,6.2187467,-2.2776935,0.523,0.8143624
6.120361,6.1914525,-2.2142982,0.523,0.78524673
6.0981684,6.161863,-2.1526713,0.523,0.75613105
6.0772576,6.1300764,-2.0928652,0.523,0.7270154
6.057771,6.096205,-2.0349305,0.523,0.70760685
6.03998,6.0606656,-1.9782708,0.523,0.6881984
6.023971,6.023577,-1.9229071,0.523,0.66878986
6.0098195,5.9850616,-1.8688606,0.523,0.6456994
5.997553,5.9451323,-1.8164074,0.523,0.62260896
5.987222,5.903921,-1.7655756,0.523,0.5995185
5.9788647,5.8615584,-1.7163923,0.523,0.5844374
5.9725366,5.8184004,-1.6682998,0.523,0.56935626
5.9682484,5.77456,-1.621309,0.523,0.55427516
5.966003,5.730147,-1.5754309,0.523,0.5357435
5.9657946,5.6851754,-1.530934,0.523,0.5172118
5.967606,5.6397524,-1.4878337,0.523,0.49868008
5.971412,5.5939794,-1.4461448,0.523,0.48431328
5.977167,5.5480533,-1.4055599,0.523,0.46994644
5.984837,5.5020585,-1.3660876,0.523,0.45557964
5.9943843,5.4560733,-1.3277357,0.523,0.4371252
6.005788,5.410084,-1.2908348,0.523,0.41867077
6.0189915,5.364161,-1.2553976,0.523,0.40021637
6.0339327,5.31837,-1.2214359,0.523,0.39513987
6.050455,5.273016,-1.1878822,0.523,0.3900634
6.0685277,5.2281475,-1.1547374,0.523,0.3849869
6.088118,5.183811,-1.1220021,0.523,0.37741545
6.109213,5.1400065,-1.0898795,0.523,0.36984402
6.1317706,5.096774,-1.0583714,0.523,0.36227256
6.155749,5.05415,-1.0274795,0.523,0.3465944
6.181179,5.0120435,-0.9978693,0.523,0.3309162
6.207992,4.9704795,-0.969548,0.523,0.31523803
6.236119,4.9294763,-0.9425226,0.523,0.30644372
6.265426,4.889135,-0.91622704,0.523,0.29764944
6.2958674,4.849469,-0.8906633,0.523,0.28885514
6.327396,4.810491,-0.86583346,0.523,0.2625813
6.360125,4.7720227,-0.84320724,0.523,0.23630743
6.3939414,4.7340517,-0.8228003,0.523,0.21003357
6.4287324,4.6965556,-0.8046267,0.523,0.18866135
6.464353,4.6595383,-0.78827906,0.523,0.16728914
6.5007133,4.6229677,-0.77376497,0.523,0.14591691
6.537725,4.5868073,-0.76109093,0.523,0.12593678
6.5752945,4.551021,-0.75014246,0.523,0.10595665
6.6133423,4.515566,-0.7409238,0.523,0.08597652
6.651789,4.4803953,-0.7334388,0.523,0.07468993
6.690533,4.445482,-0.7269344,0.523,0.063403346
6.729534,4.4107943,-0.7214114,0.523,0.05211676
6.7687516,4.3763,-0.7168706,0.523,0.034264334
6.8081555,4.341957,-0.71388453,0.523,0.016411906
6.8476796,4.3077173,-0.712454,0.523,-0.0014405191
6.8872585,4.273529,-0.71257955,0.523,-0.016613025
6.926827,4.239341,-0.7140276,0.523,-0.03178553
6.966332,4.2051077,-0.71679777,0.523,-0.046958037
7.005718,4.170786,-0.72088945,0.523,-0.06519885
7.0449233,4.136338,-0.7265686,0.523,-0.08343966
7.0838795,4.101716,-0.7338333,0.523,-0.10168048
7.1225176,4.06687,-0.7426812,0.5200732,-0.1197254
7.160555,4.0319514,-0.75303406,0.51714635,-0.13777032
7.1979294,3.996921,-0.7648711,0.5142195,-0.15581524
7.234579,3.9617457,-0.778171,0.5122186,-0.16665715
7.270554,3.9262872,-0.7923327,0.51021767,-0.17749906
7.3058176,3.8905308,-0.8073475,0.50821674,-0.18834098
7.3403354,3.8544638,-0.8232063,0.5057221,-0.18912736
7.374105,3.818039,-0.83905244,0.5032275,-0.18991373
7.4071245,3.7812715,-0.85488516,0.50073284,-0.19070011
7.439392,3.7441764,-0.8707038,0.49182364,-0.20021458
7.4704466,3.7073138,-0.8870061,0.48291445,-0.20972905
7.5002856,3.6706994,-0.9037628,0.47400528,-0.21924351
7.5289083,3.63435,-0.92094487,0.4643908,-0.21611917
7.5563536,3.5982366,-0.9375422,0.45477635,-0.21299484
7.582658,3.5624053,-0.9535646,0.44516188,-0.20987052
7.607857,3.5268996,-0.9690216,0.43429044,-0.2091713
7.631907,3.49188,-0.98405164,0.423419,-0.20847209
7.6548424,3.4573834,-0.9986571,0.41254756,-0.20777288
7.676698,3.4234445,-1.0128406,0.4001213,-0.21116659
7.6974125,3.3902547,-1.0268183,0.38769504,-0.2145603
7.717017,3.357842,-1.0405761,0.3752688,-0.21795401
7.7355466,3.3262336,-1.0541003,0.36430097,-0.22335112
7.753096,3.295346,-1.067549,0.35333315,-0.22874822
7.769693,3.2651997,-1.0809026,0.34236532,-0.23414533
7.7853627,3.235814,-1.0941414,0.3280508,-0.24126703
7.799978,3.20751,-1.107205,0.31373626,-0.24838872
7.813576,3.180309,-1.12006,0.29942176,-0.25551042
7.8261967,3.1542323,-1.1326725,0.29301175,-0.21890223
7.8383307,3.128332,-1.1432776,0.28660172,-0.18229404
7.8500166,3.1026833,-1.1519371,0.28019172,-0.14568584
7.861292,3.0773573,-1.1587163,0.2753782,-0.10713172
7.872258,3.0522695,-1.1636239,0.27056468,-0.0685776
7.8829474,3.0274835,-1.166714,0.26575115,-0.03002348
7.8933916,3.0030596,-1.1680435,0.26001123,-0.0033721686
7.9035826,2.979139,-1.1681896,0.25427133,0.023279142
7.9135427,2.9557514,-1.1672032,0.24853142,0.049930453
