6.891004,6.516962,-0.39139068,0.2813237,0.0
6.917009,6.5062304,-0.39139068,0.25768992,0.05406306
6.9407945,6.4964147,-0.38906989,0.23405614,0.10812612
6.9623246,6.487588,-0.38486016,0.21042237,0.16218917
6.9815717,6.4797916,-0.37919703,0.18762927,0.23973282
6.998503,6.473045,-0.3717718,0.16483617,0.31727645
7.013094,6.4673557,-0.3632009,0.14204307,0.3948201
7.02535,6.4626975,-0.35409492,0.11918829,0.46602622
7.0353374,6.4590054,-0.34516892,0.096333496,0.53723234
7.0431256,6.4562054,-0.33695233,0.073478706,0.60843843
7.0488157,6.4542117,-0.32995242,0.04766827,0.6966685
7.0522747,6.4530272,-0.32485455,0.02185784,0.7848986
7.05374,6.4525337,-0.32227987,-0.0039525926,0.87312865
7.053499,6.4526143,-0.32278472,-0.031253017,0.9677402
7.0518184,6.4531765,-0.32707474,-0.05855344,1.0
7.0488224,6.454193,-0.3352866,-0.08585386,1.0
7.044442,6.455719,-0.34732717,-0.11140764,1.0
7.038782,6.457768,-0.36295155,-0.13696142,1.0
7.031864,6.4603953,-0.38215974,-0.1625152,1.0
7.023717,6.46367,-0.4049517,-0.1868179,1.0
7.014439,6.4676466,-0.43115202,-0.2111206,1.0
7.0040765,6.472414,-0.46076065,-0.23542333,1.0
6.992683,6.4780693,-0.49377763,-0.26056963,1.0
6.980286,6.484742,-0.53032124,-0.28571594,1.0
6.966969,6.4925504,-0.57039154,-0.31086227,1.0
6.952832,6.50162,-0.61398846,-0.33676675,1.0
6.9379597,6.5121026,-0.6612184,-0.36267126,1.0
6.9224944,6.5241356,-0.71208125,-0.38857576,1.0
6.906601,6.537854,-0.7665771,-0.41432658,1.0
6.8904767,6.553383,-0.82468444,-0.4400774,1.0
6.8743367,6.570843,-0.88640314,-0.4658282,1.0
6.858425,6.590344,-0.95173335,-0.48929513,1.0
6.8430843,6.6118746,-1.0203546,-0.512762,1.0
6.8285933,6.635487,-1.092267,-0.523,1.0
6.8155813,6.660571,-1.1656152,-0.523,1.0
6.8044424,6.6865406,-1.2389635,-0.523,1.0
6.7952366,6.713257,-1.3123116,-0.523,1.0
6.7880135,6.7405763,-1.3856598,-0.523,1.0
6.7828116,6.768351,-1.4590081,-0.523,1.0
6.7796593,6.7964325,-1.5323563,-0.523,1.0
6.7785735,6.8246694,-1.6057045,-0.523,1.0
6.7795596,6.85291,-1.6790527,-0.523,1.0
6.782613,6.8810024,-1.752401,-0.523,1.0
6.7877164,6.9087954,-1.8257492,-0.523,1.0
6.794843,6.93614,-1.8990974,-0.523,1.0
6.8039546,6.9628882,-1.9724456,-0.523,1.0
6.8150015,6.9888973,-2.0457938,-0.523,1.0
6.8279247,7.014027,-2.119142,-0.523,1.0
6.8426547,7.0381417,-2.1924903,-0.523,1.0
6.8591127,7.0611124,-2.2658386,-0.523,1.0
6.877209,7.082815,-2.3391867,-0.523,1.0
6.8968477,7.103133,-2.412535,-0.523,1.0
6.9179225,7.121958,-2.4858832,-0.516946,0.95947975
6.9414396,7.140048,-2.556437,-0.51089203,0.9189595
6.967276,7.1571665,-2.6241279,-0.50483805,0.8784393
6.9952836,7.1731086,-2.6888938,-0.4830188,0.8310121
7.024565,7.1873507,-2.7483544,-0.46119958,0.78358495
7.0547423,7.1998696,-2.8026087,-0.43938035,0.73615783
7.0854497,7.2106967,-2.8517787,-0.4519787,0.6560146
7.1197724,7.220932,-2.8977273,-0.46457705,0.5758714
7.157584,7.2303405,-2.9398928,-0.4771754,0.49572822
7.198707,7.238749,-2.9777226,-0.48811597,0.4197741
7.2426834,7.246021,-3.010878,-0.49905652,0.34381995
7.2892675,7.252145,-3.0389156,-0.50999707,0.2678658
7.3381896,7.257186,-3.0614128,-0.5137401,0.20292063
7.388348,7.261216,-3.0786686,-0.5174832,0.13797545
7.439503,7.264439,-3.0905309,-0.5212262,0.07303028
7.491419,7.2670927,-3.0968695,-0.523,0.06636569
7.5435514,7.2694254,-3.10265,-0.523,0.059701096
7.595719,7.271458,-3.1078508,-0.523,0.053036503
7.6479154,7.27322,-3.1124718,-0.5182031,-0.00021490455
7.6997137,7.274729,-3.1124532,-0.5134062,-0.053466313
7.7509594,7.2762227,-3.1078804,-0.5086093,-0.10671772
7.801502,7.277927,-3.0988512,-0.48987764,-0.118273064
7.8501034,7.280006,-3.0892172,-0.47114602,-0.1298284
7.896757,7.2824516,-3.079051,-0.45241436,-0.14138374
7.9414597,7.2852507,-3.068426,-0.42786255,-0.19207247
7.983347,7.288321,-3.0548131,-0.40331075,-0.2427612
8.022348,7.291714,-3.038655,-0.37875894,-0.2934499
8.058413,7.2954397,-3.0203953,-0.35149917,-0.3
8.091746,7.2994995,-3.0030828,-0.3242394,-0.3
8.122426,7.3037763,-2.9871128,-0.2969796,-0.3
8.150459,7.3081417,-2.9724855,-0.26930046,-0.3
8.175819,7.312472,-2.9592216,-0.24162133,-0.3
8.19852,7.316658,-2.947321,-0.21394219,-0.3
8.218574,7.320604,-2.9367836,-0.19473325,-0.290393
8.236842,7.3243985,-2.9274907,-0.17552431,-0.28078598
8.253322,7.327982,-2.919384,-0.15631537,-0.271179
8.268012,7.3313007,-2.9124055,-0.1555489,-0.27302042
8.282599,7.334704,-2.905415,-0.15478243,-0.2748618
8.297083,7.3381896,-2.8984134,-0.15401596,-0.27670324
8.311462,7.341757,-2.8914008,-0.15122212,-0.2847282
8.325524,7.3453503,-2.8843212,-0.14842829,-0.29275313
8.339268,7.3489666,-2.877182,-0.14563446,-0.3
8.352697,7.3526025,-2.8700092,-0.14738443,-0.3
8.3662615,7.3563795,-2.8627498,-0.14913441,-0.3
8.379958,7.360301,-2.8554046,-0.15088439,-0.3
8.393786,7.3643703,-2.8479729,-0.1451931,-0.3
8.4070635,7.368385,-2.8408217,-0.13950181,-0.3
8.419792,7.372333,-2.8339508,-0.13381052,-0.3
8.431975,7.376204,-2.8273602,-0.13250595,-0.3
8.444015,7.3801165,-2.8208337,-0.13120139,-0.3
8.45591,7.3840685,-2.8143716,-0.12989682,-0.3
8.467661,7.3880568,-2.8079739,-0.12719418,-0.3
8.479142,7.392036,-2.8017092,-0.12449153,-0.3
8.490355,7.396001,-2.7955775,-0.121788874,-0.3
8.5013,7.399947,-2.789579,-0.11990924,-0.3
8.5120535,7.403897,-2.783673,-0.1180296,-0.3
8.5226145,7.407847,-2.7778597,-0.11614997,-0.3
8.532985,7.4117947,-2.7721388,-0.11503777,-0.2827748
8.543286,7.415784,-2.7667892,-0.113925576,-0.2655496
8.553516,7.4198084,-2.761806,-0.112813376,-0.24832442
8.563672,7.423862,-2.757185,-0.10878307,-0.21820334
8.573518,7.427845,-2.7532601,-0.10475277,-0.18808225
8.583042,7.431741,-2.7499957,-0.10072247,-0.15796116
8.592236,7.435538,-2.747355,-0.09962302,-0.1558828
8.601322,7.4393177,-2.7447772,-0.098523565,-0.15380445
8.610302,7.443081,-2.7422616,-0.09742411,-0.1517261
8.619175,7.446825,-2.7398074,-0.09627763,-0.13215904
8.627958,7.450557,-2.7376928,-0.09513115,-0.112592
8.636651,7.4542723,-2.7359116,-0.09398466,-0.09302495
8.645248,7.4579654,-2.7344565,-0.09608007,-0.10304374
8.654025,7.4617496,-2.7328093,-0.09817549,-0.11306254
8.662976,7.465627,-2.7309632,-0.1002709,-0.123081334
8.6721,7.4695997,-2.7289116,-0.09708347,-0.08915072
8.680958,7.473478,-2.7274709,-0.09389605,-0.05522011
8.689541,7.4772506,-2.7266073,-0.09070863,-0.021289498
8.69784,7.4809065,-2.7262855,-0.0966005,-0.06833816
8.706658,7.484795,-2.725186,-0.102492385,-0.11538683
8.715969,7.488913,-2.7232194,-0.10838427,-0.16243549
8.725742,7.4932585,-2.720298,-0.09867561,-0.09218425
8.734709,7.497277,-2.718784,-0.08896694,-0.021933014
8.74282,7.5009265,-2.718459,-0.079258285,0.048318226
8.750038,7.504177,-2.719097,-0.07769741,0.003883642
8.757125,7.507363,-2.7191472,-0.07613654,-0.04055094
8.764064,7.510482,-2.7186327,-0.07457566,-0.084985524
8.77084,7.5135317,-2.7175777,-0.07336197,-0.061582215
8.7775135,7.5165443,-2.7168252,-0.07214828,-0.038178902
8.784082,7.5195155,-2.7163663,-0.070934586,-0.014775592
8.790544,7.5224414,-2.7161915,-0.069573574,-0.032715242
8.796877,7.525311,-2.7158122,-0.06821256,-0.050654896
8.8030815,7.528125,-2.7152367,-0.06685155,-0.068594545
8.809154,7.5308833,-2.714473,-0.0656369,-0.050277013
8.815121,7.533599,-2.7139232,-0.06442226,-0.03195948
8.820979,7.536269,-2.7135801,-0.06320762,-0.013641948
8.826729,7.5388927,-2.7134364,-0.05872611,-0.016358042
8.832071,7.5413303,-2.7132764,-0.054244604,-0.019074136
8.837005,7.543583,-2.7131038,-0.049763095,-0.02179023
