3.7578702,-5.917494,-0.3353741,0.6086507,0.0
3.8153443,-5.9375257,-0.3353741,0.523,-0.0991941
3.8644876,-5.954654,-0.34400636,0.523,-0.1983882
3.9127579,-5.971947,-0.36118597,0.523,-0.2975823
3.959533,-5.989617,-0.38674408,0.523,-0.3
4.005807,-6.008462,-0.4125036,0.523,-0.3
4.05158,-6.028493,-0.43826312,0.523,-0.3
4.096822,-6.049696,-0.4640226,0.523,-0.3
4.141503,-6.0720572,-0.48978212,0.523,-0.3
4.1855927,-6.095562,-0.5155416,0.523,-0.3
4.229063,-6.120195,-0.54130113,0.523,-0.3
4.271884,-6.145939,-0.56706065,0.523,-0.3
4.314028,-6.172777,-0.59282017,0.523,-0.3
4.355467,-6.200692,-0.6185797,0.523,-0.3
4.3961725,-6.2296653,-0.6443392,0.523,-0.3
4.4361186,-6.2596774,-0.6700987,0.523,-0.3
4.4752784,-6.290708,-0.69585824,0.523,-0.3
4.513626,-6.322737,-0.72161776,0.523,-0.3
4.551136,-6.355744,-0.7473772,0.523,-0.3
4.5877833,-6.389705,-0.77313673,0.523,-0.3
4.623544,-6.424599,-0.79889625,0.523,-0.3
4.658394,-6.460403,-0.8246558,0.523,-0.3
4.69231,-6.4970922,-0.8504153,0.523,-0.2967222
4.725303,-6.534681,-0.8759017,0.523,-0.29344442
4.7573595,-6.5731363,-0.90111476,0.523,-0.29016662
4.788467,-6.6124263,-0.9260542,0.523,-0.22373596
4.819115,-6.6531854,-0.9453942,0.523,-0.1573053
4.8493547,-6.695063,-0.9590495,0.523,-0.090874635
4.8792667,-6.7377014,-0.96695983,0.523,-0.06605531
4.9088984,-6.780659,-0.9727135,0.523,-0.041235983
4.938321,-6.823844,-0.97630686,0.523,-0.016416658
4.96761,-6.867165,-0.9777378,0.523,0.0072978497
4.9968395,-6.910533,-0.9771017,0.523,0.031012356
5.0260835,-6.9538627,-0.97439885,0.523,0.05472686
5.0554147,-6.997069,-0.9696309,0.523,0.11072552
5.0848145,-7.0399356,-0.959999,0.523,0.16672418
5.1143937,-7.0821853,-0.94553345,0.523,0.22272284
5.1442494,-7.1235433,-0.92627954,0.523,0.29375774
5.174326,-7.1635604,-0.9010404,0.523,0.36479262
5.204657,-7.2018642,-0.86994314,0.523,0.4358275
5.235231,-7.2381,-0.83314484,0.523,0.4553946
5.2668204,-7.27286,-0.79480743,0.523,0.4749617
5.299398,-7.306056,-0.75494576,0.523,0.49452883
5.332925,-7.337601,-0.713575,0.523,0.48678172
5.367872,-7.367857,-0.6727998,0.523,0.4790346
5.404171,-7.396781,-0.6326227,0.523,0.4712875
5.4417515,-7.4243326,-0.5930461,0.523,0.46722832
5.4804726,-7.45043,-0.5537851,0.523,0.4631692
5.5202694,-7.475037,-0.51484025,0.523,0.45911002
5.5610757,-7.4981227,-0.47621232,0.523,0.45888993
5.6027484,-7.5196176,-0.43760157,0.523,0.45866984
5.6452236,-7.5394897,-0.399008,0.523,0.45844975
5.6884394,-7.5577106,-0.36043167,0.523,0.46383902
5.732208,-7.574207,-0.32143462,0.523,0.46922827
5.776466,-7.588944,-0.28201804,0.523,0.4746175
5.8211474,-7.6018896,-0.24218301,0.523,0.47854716
5.8662176,-7.6130238,-0.20204364,0.523,0.4824768
5.911605,-7.6223207,-0.16160052,0.523,0.48640642
5.957237,-7.62976,-0.120854266,0.523,0.49255612
6.0029836,-7.6353154,-0.07963492,0.523,0.49870583
6.048768,-7.638969,-0.037944026,0.523,0.5048556
6.09451,-7.6407056,0.0042168368,0.523,0.50999373
6.1401544,-7.640513,0.046769142,0.523,0.51513195
6.1856174,-7.6383853,0.08971177,0.523,0.5202701
6.230815,-7.63432,0.13304359,0.523,0.5298635
6.2755446,-7.6283336,0.17709897,0.523,0.53945684
6.3197155,-7.620428,0.22187388,0.523,0.54905015
6.363235,-7.6106105,0.26736417,0.523,0.55586445
6.4060826,-7.5988736,0.3133601,0.523,0.56267875
6.448165,-7.585237,0.3598595,0.523,0.56949306
6.4893894,-7.569727,0.4068602,0.5157835,0.56838644
6.5293097,-7.552525,0.45313224,0.50856704,0.56727976
6.567872,-7.533748,0.49867782,0.5013505,0.56617314
6.605031,-7.5135117,0.54349905,0.49095267,0.5762637
6.640266,-7.4922233,0.58808535,0.4805548,0.58635426
6.6735697,-7.4700165,0.6324027,0.47015694,0.5964448
6.704945,-7.447025,0.67641765,0.4647031,0.59427446
6.7349706,-7.4229217,0.71978277,0.4592493,0.5921041
6.763625,-7.3978004,0.76250124,0.45379546,0.5899337
6.790893,-7.3717537,0.8045761,0.4467177,0.5905151
6.8166237,-7.345017,0.84603065,0.43963996,0.59109646
6.8408246,-7.3176875,0.8868638,0.4325622,0.5916778
6.86351,-7.2898593,0.9270744,0.4191268,0.59659165
6.88432,-7.262126,0.96632046,0.40569144,0.60150546
6.9033294,-7.2346044,1.0045829,0.39225605,0.6064193
6.9206195,-7.2074027,1.0418426,0.3753523,0.6064672
6.9361835,-7.1807766,1.077499,0.35844854,0.60651505
6.9501295,-7.154836,1.1115521,0.34154475,0.6065629
6.9625683,-7.129682,1.1440015,0.32787934,0.57858795
6.9739323,-7.1046934,1.1738845,0.31421393,0.5506129
6.9842834,-7.0799975,1.2012845,0.30054852,0.52263796
6.993689,-7.0557127,1.2262886,0.28481483,0.49494857
7.002154,-7.0321217,1.2488357,0.26908115,0.46725914
7.0097556,-7.0093327,1.2690365,0.2533475,0.43956974
7.016569,-6.987442,1.2870053,0.23968619,0.43100902
7.0226665,-6.9665365,1.303695,0.22602491,0.42244828
7.0281076,-6.946652,1.3191397,0.21236362,0.41388756
7.0329494,-6.927821,1.3333741,0.19666515,0.4126728
7.0371866,-6.910311,1.34652,0.18096668,0.41145805
7.0408754,-6.8941402,1.3585827,0.16526821,0.41024327
7.0440674,-6.879325,1.3695685,0.15673128,0.41554776
7.0469337,-6.865275,1.3801136,0.14819436,0.4208522
7.049497,-6.8519936,1.3902042,0.13965742,0.42615667
7.051781,-6.8394837,1.3998259,0.13663661,0.41499248
7.053909,-6.8271623,1.4090075,0.1336158,0.4038283
7.0558877,-6.815036,1.4177581,0.130595,0.3926641
7.0577273,-6.803111,1.4260868,0.12121722,0.40106446
7.0593367,-6.792068,1.4339739,0.111839436,0.40946478
7.0607357,-6.7819047,1.4413948,0.10246165,0.41786513
7.061944,-6.7726183,1.4483248,0.09335091,0.4051359
7.062992,-6.764103,1.4544572,0.08424017,0.3924067
7.0638957,-6.756372,1.4598262,0.075129434,0.37967747
7.0646687,-6.749437,1.4644669,0.067542925,0.3638093
7.0653386,-6.7431607,1.4684727,0.05995642,0.3479411
7.065914,-6.7375536,1.4718798,0.05236991,0.3320729
7.066403,-6.732627,1.4747254,0.046545543,0.30873618
7.0668287,-6.728213,1.4770825,0.04072117,0.28539944
7.067194,-6.724323,1.4789933,0.034896802,0.2620627
7.067503,-6.7209663,1.4805001,0.02964575,0.23944202
7.067763,-6.718098,1.4816719,0.024394698,0.21682136
7.067975,-6.715725,1.4825466,0.019143647,0.1942007
7.0681405,-6.7138543,1.4831623,0.016140891,0.17361896
7.0682797,-6.7122703,1.483627,0.013138138,0.15303722
7.0683928,-6.710977,1.4839607,0.010135383,0.13245547
7.0684795,-6.709976,1.4841839,0.009070788,0.118867435
7.0685577,-6.709079,1.4843632,0.008006192,0.10527939
7.0686264,-6.7082853,1.4845034,0.0069415965,0.09169135
