2.6690907,4.7409353,-2.79968,0.21288776,0.0
2.6490343,4.733797,-2.79968,0.23445633,0.09997728
2.6270561,4.7259755,-2.79578,0.2560249,0.19995455
2.603449,4.71747,-2.7873044,0.27759346,0.29993182
2.5785763,4.7082696,-2.773635,0.28931177,0.3999222
2.5537117,4.698684,-2.754861,0.30103007,0.49991256
2.5292437,4.6887197,-2.7308114,0.31274834,0.5999029
2.5055773,4.6784115,-2.7013838,0.321877,0.6998738
2.4833033,4.6679196,-2.666829,0.33100566,0.7998447
2.4627893,4.6573763,-2.6272602,0.3401343,0.89981556
2.4443774,4.646972,-2.5828607,0.35664046,0.9996915
2.4280305,4.6367526,-2.5328536,0.3731466,1.0
2.411491,4.6252236,-2.4805214,0.38965276,1.0
2.394873,4.612298,-2.4258747,0.4041332,1.0
2.3783956,4.5979705,-2.369197,0.41861364,1.0
2.3621957,4.582186,-2.3104885,0.43309408,1.0
2.3464227,4.5649014,-2.249749,0.44248793,1.0
2.331409,4.5462956,-2.1876922,0.45188174,1.0
2.3172846,4.5263805,-2.1243181,0.46127558,1.0
2.304183,4.5051794,-2.0596263,0.46770525,1.0
2.2923164,4.4828687,-1.994033,0.47413492,1.0
2.2817948,4.4595113,-1.9275378,0.4805646,1.0
2.2727273,4.435181,-1.8601409,0.48765403,1.0
2.2652094,4.4099283,-1.7917498,0.49474347,1.0
2.2593513,4.383847,-1.7223644,0.5018329,1.0
2.2552571,4.3570437,-1.6519848,0.5138744,1.0
2.2530055,4.3293705,-1.5799164,0.523,1.0
2.2527478,4.3011136,-1.5065682,0.523,1.0
2.2545614,4.2729144,-1.4332199,0.523,1.0
2.258437,4.2449236,-1.3598717,0.523,1.0
2.264353,4.217292,-1.2865236,0.523,1.0
2.2722783,4.1901684,-1.2131753,0.523,1.0
2.2821698,4.163698,-1.1398271,0.523,1.0
2.2939744,4.1380243,-1.0664788,0.523,1.0
2.3076289,4.1132846,-0.9931306,0.523,1.0
2.3230598,4.0896115,-0.9197824,0.523,1.0
2.3401837,4.0671334,-0.8464342,0.523,1.0
2.3589091,4.0459704,-0.77308595,0.523,0.97616994
2.3798797,4.0255103,-0.70088077,0.523,0.9523399
2.4030542,4.005955,-0.6298596,0.523,0.92850983
2.4283717,3.9875016,-0.5600628,0.523,0.8913091
2.4562156,3.9700425,-0.4922563,0.523,0.85410833
2.486492,3.9538054,-0.4265339,0.523,0.8169076
2.5190828,3.9389951,-0.36298656,0.523,0.80064005
2.553124,3.9260657,-0.30041817,0.523,0.7843725
2.5884855,3.915111,-0.23884526,0.523,0.768105
2.6250334,3.9062119,-0.17828417,0.523,0.74239653
2.6629598,3.8993776,-0.11935464,0.523,0.71668816
2.7021127,3.8946822,-0.06209563,0.523,0.6909797
2.7423384,3.8921812,-0.006544969,0.523,0.66558105
2.7834747,3.891912,0.047281865,0.523,0.6401823
2.8253717,3.8938944,0.09935015,0.523,0.6147836
2.8678849,3.8981318,0.14962628,0.523,0.59287375
2.9107745,3.9045978,0.19833037,0.523,0.5709639
2.953916,3.913268,0.24543901,0.523,0.549054
2.997192,3.924108,0.2909296,0.523,0.5262005
3.0405164,3.9370806,0.3347092,0.523,0.50334686
3.0837874,3.95213,0.3767549,0.523,0.48049328
3.1269126,3.9691927,0.4170448,0.523,0.4478139
3.170015,3.9882884,0.4547876,0.523,0.4151345
3.2130082,4.009311,0.48994306,0.523,0.38245508
3.2558215,4.032144,0.5224736,0.523,0.3494995
3.298404,4.056665,0.55232185,0.523,0.3165439
3.3407154,4.0827417,0.57945544,0.523,0.28358832
3.38273,4.1102357,0.6038449,0.523,0.2575862
3.4243608,4.1389527,0.62605035,0.523,0.2315841
3.4656107,4.1687794,0.64605683,0.523,0.205582
3.506491,4.1996036,0.6638508,0.523,0.1834983
3.5469923,4.2312875,0.6797561,0.523,0.16141461
3.5871384,4.263736,0.69376504,0.523,0.13933091
3.6269593,4.2968545,0.7058708,0.523,0.115085915
3.666499,4.330557,0.71588033,0.523,0.09084092
3.7057974,4.364739,0.7237877,0.523,0.06659593
3.744899,4.3992963,0.7295884,0.523,0.044485398
3.7838473,4.434123,0.7334648,0.523,0.022374863
3.8226893,4.4691267,0.7354149,0.523,0.00026432873
3.8614724,4.5042143,0.735438,0.523,-0.0140674235
3.900251,4.5392995,0.7342118,0.523,-0.028399175
3.9390607,4.5743265,0.73173666,0.523,-0.042730927
3.9779372,4.6092396,0.7280131,0.523,-0.056438286
4.0169168,4.643984,0.7230962,0.523,-0.070145644
4.0560327,4.6785064,0.71698684,0.523,-0.083853
4.0953174,4.712753,0.7096862,0.523,-0.09917258
4.1347957,4.7466636,0.7010558,0.523,-0.11449215
4.1744995,4.7801776,0.6910977,0.523,-0.12981172
4.2144604,4.8132324,0.6798142,0.523,-0.1462983
4.2546988,4.8457594,0.6671073,0.523,-0.16278489
4.2952433,4.8776903,0.65298045,0.523,-0.17927147
4.336118,4.9089565,0.6374375,0.523,-0.19178814
4.377377,4.9395113,0.6208223,0.523,-0.20430478
4.419033,4.9693017,0.6031374,0.523,-0.21682143
4.461097,4.9982734,0.5843855,0.523,-0.22988729
4.50357,5.0263677,0.56452304,0.523,-0.24295315
4.546458,5.053527,0.54355335,0.523,-0.256019
4.5897613,5.079694,0.52148,0.523,-0.26823527
4.633488,5.104816,0.49837822,0.523,-0.2804515
4.6776314,5.128839,0.4742514,0.523,-0.29266775
4.722181,5.151707,0.44910315,0.523,-0.2953663
4.7672544,5.1734304,0.42372978,0.523,-0.29806483
4.812827,5.193986,0.39813146,0.523,-0.3
4.858883,5.213357,0.37237194,0.523,-0.3
4.905423,5.2315354,0.34661242,0.523,-0.3
4.952416,5.248509,0.32085294,0.523,-0.3
4.99983,5.264266,0.29509342,0.523,-0.3
5.0476346,5.278797,0.2693339,0.523,-0.3
5.095797,5.2920923,0.2435744,0.523,-0.3
5.1442866,5.304142,0.21781488,0.523,-0.3
5.19307,5.314939,0.19205536,0.523,-0.3
5.2421155,5.3244762,0.16629586,0.523,-0.3
5.2913904,5.332747,0.14053634,0.523,-0.29110315
5.340996,5.3397646,0.11551871,0.523,-0.2822063
5.3908925,5.3455544,0.09124494,0.523,-0.27330944
5.4410415,5.350143,0.06771696,0.523,-0.2636933
5.4914184,5.3535595,0.04499715,0.523,-0.25407714
5.541988,5.3558364,0.023087608,0.523,-0.244461
5.5927196,5.357008,0.0019903635,0.523,-0.24060191
5.6435127,5.357109,-0.018780341,0.523,-0.23674282
5.694345,5.356154,-0.039224196,0.523,-0.23288372
5.745194,5.354159,-0.0593409,0.523,-0.23647097
5.795949,5.3511434,-0.07976172,0.523,-0.2400582
5.8465877,5.3470955,-0.10048639,0.523,-0.24364543
5.897087,5.342004,-0.121514656,0.523,-0.24829541
5.947409,5.335859,-0.14293604,0.523,-0.2529454
5.9975286,5.3286457,-0.16475008,0.523,-0.2575954
6.047418,5.320351,-0.18695632,0.523,-0.2671477
6.096984,5.310975,-0.20996669,0.523,-0.2767
6.1461897,5.300489,-0.2337791,0.523,-0.2862523
6.194997,5.2888665,-0.2583914,0.5149277,-0.2754768
6.242903,5.276205,-0.2817353,0.5068553,-0.26470134
6.2898946,5.2626038,-0.30383596,0.498783,-0.25392586
6.3359623,5.24816,-0.32471883,0.47919285,-0.22919695
6.3801894,5.233271,-0.34286392,0.4596027,-0.20446804
6.422573,5.218142,-0.35841733,0.44001254,-0.17973912
6.4631143,5.2029552,-0.37152773,0.41252965,-0.1630712
6.501043,5.1881776,-0.38269007,0.38504675,-0.14640328
6.5363803,5.173953,-0.39205188,0.35756385,-0.12973538
6.5691457,5.1604056,-0.39976165,0.33469233,-0.12140983
6.599749,5.1474757,-0.40651754,0.31182083,-0.113084294
6.628207,5.1352243,-0.412382,0.2889493,-0.104758754
6.654535,5.123707,-0.4174178,0.27377152,-0.050412834
6.679529,5.1126223,-0.41971707,0.25859374,0.003933084
6.703144,5.1020846,-0.41954756,0.24341595,0.058279
6.725337,5.092186,-0.41718456,0.23322135,0.110246226
6.746529,5.0827937,-0.41290793,0.22302675,0.16221346
6.7666893,5.0739617,-0.4069047,0.21283217,0.21418068
6.785788,5.065731,-0.39936522,0.21015733,0.23522982
6.804617,5.057784,-0.3912018,0.2074825,0.25627893
6.823171,5.0501313,-0.38243625,0.20480767,0.27732807
6.8414464,5.0427804,-0.37309065,0.20277153,0.27935046
6.8595967,5.035676,-0.36377224,0.20073539,0.28137285
6.877619,5.028815,-0.35448238,0.19869925,0.28339523
6.89551,5.022193,-0.3452224,0.19642857,0.28632134
6.9132414,5.015816,-0.33597636,0.1941579,0.28924745
6.9308105,5.0096807,-0.32674637,0.19188721,0.29217356
