0.6371973,-7.8352075,-2.1220803,0.27265155,0.0
0.62291634,-7.8584332,-2.1220803,0.30003843,0.09979594
0.60727906,-7.883865,-2.1170983,0.32742527,0.19959188
0.59060603,-7.9112864,-2.1062784,0.35481215,0.2993878
0.57330686,-7.9404435,-2.0888374,0.3837028,0.39732277
0.55578685,-7.971183,-2.0640917,0.4125935,0.49525774
0.53859675,-8.003157,-2.0314102,0.4414842,0.5931927
0.5223254,-8.035948,-1.9902779,0.4709602,0.6174598
0.5066857,-8.071018,-1.9448328,0.5004362,0.64172685
0.49203843,-8.108335,-1.8949077,0.523,0.66599387
0.47894192,-8.147317,-1.8410525,0.523,0.64337176
0.46777046,-8.187642,-1.7887616,0.523,0.62074965
0.4585708,-8.229178,-1.7380615,0.523,0.59812754
0.45137522,-8.271796,-1.6889783,0.523,0.6070729
0.44631052,-8.314451,-1.6392527,0.523,0.61601824
0.44339064,-8.357038,-1.5888886,0.523,0.6249636
0.4426233,-8.399446,-1.5378903,0.523,0.6116439
0.444032,-8.442241,-1.4878379,0.523,0.59832424
0.4476129,-8.485307,-1.4387406,0.523,0.58500457
0.4533542,-8.52853,-1.3906069,0.523,0.5846013
0.46117067,-8.571438,-1.3425025,0.523,0.584198
0.47104397,-8.613933,-1.2944274,0.523,0.5837947
0.48295122,-8.655914,-1.2463816,0.523,0.5742194
0.49694833,-8.6975355,-1.1990345,0.523,0.5646441
0.51299775,-8.7387,-1.1523902,0.523,0.55506873
0.5310571,-8.779313,-1.1064533,0.523,0.5546055
0.55096817,-8.819066,-1.0605507,0.523,0.5541423
0.57268864,-8.857875,-1.0146823,0.523,0.55367905
0.59617245,-8.895658,-0.9688483,0.523,0.553843
0.6213601,-8.932321,-0.9230022,0.523,0.55400705
0.6481989,-8.967788,-0.87714386,0.523,0.554171
0.67663246,-9.001984,-0.8312734,0.523,0.55439895
0.70659995,-9.034835,-0.785386,0.523,0.5546269
0.7380383,-9.066273,-0.7394818,0.523,0.55485487
0.7708816,-9.0962305,-0.69356066,0.523,0.55690193
0.805022,-9.124613,-0.64748794,0.523,0.55894905
0.8403881,-9.151358,-0.6012639,0.523,0.5609961
0.87690544,-9.176409,-0.5548886,0.523,0.5562576
0.91465646,-9.199809,-0.50886357,0.523,0.5515191
0.95355797,-9.221511,-0.4631898,0.523,0.5467806
0.99352545,-9.241471,-0.41786838,0.523,0.5402809
1.0345169,-9.259672,-0.37303185,0.523,0.5337812
1.076445,-9.276081,-0.32868215,0.523,0.52728146
1.119222,-9.29067,-0.28482112,0.523,0.51703215
1.1628543,-9.303445,-0.24173442,0.523,0.5067828
1.2072512,-9.314391,-0.1994266,0.523,0.4965335
1.252324,-9.323502,-0.15790209,0.523,0.49399453
1.2977985,-9.330742,-0.11657231,0.523,0.49145558
1.3435956,-9.336105,-0.07543752,0.523,0.4889166
1.389637,-9.339585,-0.034497976,0.523,0.47716612
1.4360675,-9.3411875,0.005534507,0.523,0.4654156
1.4828038,-9.340929,0.044654403,0.523,0.4536651
1.5297667,-9.33883,0.08285631,0.523,0.44749972
1.576755,-9.334928,0.120574445,0.523,0.44133434
1.6237004,-9.32924,0.15780737,0.523,0.43516895
1.6705368,-9.321787,0.19455366,0.523,0.4272894
1.7172365,-9.312585,0.230676,0.523,0.41940984
1.7637384,-9.301663,0.26617214,0.523,0.4115303
1.809984,-9.289055,0.30103987,0.523,0.40221605
1.8559458,-9.274785,0.335162,0.523,0.3929018
1.9015723,-9.258893,0.36853558,0.523,0.38358757
1.9468151,-9.241422,0.40115768,0.523,0.37436327
1.9916283,-9.222413,0.43303278,0.523,0.36513898
2.0359712,-9.201914,0.46415818,0.523,0.35591468
2.0798068,-9.179968,0.4945312,0.523,0.3462377
2.123109,-9.156618,0.5241122,0.523,0.3365607
2.1658483,-9.131914,0.55289835,0.523,0.3268837
2.2079992,-9.105903,0.580887,0.523,0.31956238
2.2495072,-9.078655,0.6082705,0.523,0.31224102
2.2903514,-9.050213,0.63504744,0.523,0.3049197
2.330513,-9.020619,0.66121626,0.523,0.3000113
2.3699467,-8.989938,0.68697673,0.523,0.29510295
2.4086354,-8.958202,0.71232814,0.523,0.29019457
2.4465632,-8.925448,0.7372699,0.523,0.28008282
2.4837725,-8.891659,0.76136583,0.523,0.26997107
2.5202608,-8.856884,0.7846135,0.523,0.25985932
2.5560288,-8.821172,0.80701053,0.523,0.25252682
2.5910556,-8.784597,0.82878923,0.523,0.24519432
2.6253412,-8.747199,0.84994847,0.523,0.23786181
2.6588883,-8.709016,0.87048715,0.523,0.22750765
2.6917248,-8.670055,0.89014757,0.523,0.21715347
2.723864,-8.630364,0.90892774,0.523,0.2067993
2.7553225,-8.589987,0.9268255,0.523,0.19861785
2.7861047,-8.548984,0.9440248,0.523,0.19043638
2.8162258,-8.50739,0.9605243,0.523,0.18225493
2.845702,-8.4652405,0.97632307,0.523,0.17433602
2.8745499,-8.422569,0.9914425,0.523,0.1664171
2.9027877,-8.379409,1.0058817,0.523,0.1584982
2.9304352,-8.335788,1.0196396,0.523,0.15066142
2.9575129,-8.291738,1.0327227,0.523,0.14282465
2.984043,-8.247285,1.0451299,0.523,0.13498788
3.0100477,-8.202457,1.0568607,0.523,0.12609226
3.0355546,-8.157275,1.0678226,0.523,0.117196634
3.0605922,-8.111767,1.0780149,0.523,0.10830102
3.085189,-8.06596,1.0874367,0.523,0.099676594
3.1093752,-8.019881,1.0961108,0.523,0.091052175
3.1331804,-7.973556,1.1040366,0.523,0.082427755
3.1566353,-7.927009,1.1112133,0.523,0.07578307
3.1797676,-7.8802705,1.1178128,0.523,0.069138385
3.2026021,-7.8333573,1.1238346,0.523,0.0624937
3.2251635,-7.7862873,1.1292784,0.523,0.05816921
3.2474742,-7.739083,1.1343459,0.523,0.05384472
3.2695506,-7.691754,1.1390371,0.523,0.04952023
3.2914097,-7.644312,1.1433519,0.523,0.04343673
3.31307,-7.596762,1.1471369,0.523,0.03735323
3.3345554,-7.5491195,1.1503922,0.523,0.03126973
3.3558903,-7.5013967,1.1531174,0.523,0.02700982
3.3770974,-7.4536104,1.1554714,0.523,0.022749912
3.3981943,-7.405769,1.1574543,0.523,0.018490005
3.4191983,-7.3578815,1.159066,0.523,0.013075292
3.4401267,-7.3099566,1.1602056,0.523,0.00766058
3.4610016,-7.262005,1.1608734,0.523,0.0022458672
3.4818451,-7.214038,1.1610692,0.5219545,-0.002113068
3.5026376,-7.1661625,1.1608853,0.520909,-0.0064720036
3.523397,-7.118388,1.1603234,0.5198635,-0.010830939
3.5441406,-7.070723,1.159385,0.5195638,-0.011584604
3.5649166,-7.023105,1.1583818,0.51926404,-0.012338269
3.5857284,-6.9755363,1.1573141,0.51896435,-0.013091934
3.6065786,-6.928017,1.1561817,0.5193648,-0.017061621
3.6274974,-6.8804884,1.1547049,0.51976514,-0.021031309
3.6485012,-6.8329573,1.1528832,0.52016556,-0.025000995
3.6696057,-6.785432,1.150716,0.5210181,-0.025974631
3.6908474,-6.7378764,1.1484607,0.5218706,-0.026948268
3.7122307,-6.690292,1.1461171,0.52272314,-0.027921904
3.7337599,-6.6426816,1.1436847,0.523,-0.032868683
3.755413,-6.5951056,1.1408203,0.523,-0.037815463
3.7771988,-6.5476,1.1375248,0.523,-0.042762242
3.7991364,-6.500176,1.1337985,0.523,-0.043017216
3.8212504,-6.4528346,1.13005,0.523,-0.043272186
3.8435416,-6.405577,1.1262792,0.523,-0.043527156
3.8660104,-6.3584046,1.1224864,0.523,-0.04990957
3.8886511,-6.3113313,1.1181377,0.523,-0.05629198
3.9114888,-6.2643733,1.1132336,0.523,-0.06267439
3.9345477,-6.217545,1.107774,0.523,-0.060263433
3.9578652,-6.170837,1.1025242,0.523,-0.05785247
3.981431,-6.124245,1.0974842,0.523,-0.05544151
4.0052347,-6.0777664,1.092654,0.523,-0.059925266
4.0292563,-6.031415,1.0874337,0.523,-0.06440902
4.053513,-5.985203,1.0818232,0.523,-0.06889277
4.078021,-5.9391413,1.0758228,0.523,-0.06282486
4.1028147,-5.893209,1.0703502,0.523,-0.056756955
4.127869,-5.8473964,1.0654055,0.523,-0.05068905
4.153157,-5.8016934,1.060989,0.523,-0.056304473
4.17864,-5.7561164,1.0560837,0.523,-0.061919898
4.204337,-5.71068,1.0506898,0.523,-0.067535326
4.2302694,-5.665399,1.0448074,0.523,-0.058606427
4.2564826,-5.6202464,1.0397018,0.523,-0.049677532
4.2829385,-5.5752063,1.0353734,0.523,-0.040748637
4.3096004,-5.5302625,1.0318224,0.523,-0.04892414
4.3364115,-5.4854307,1.0275596,0.523,-0.057099648
4.3634014,-5.4407325,1.0225852,0.523,-0.06527515
4.3906,-5.396192,1.0168993,0.523,-0.055314463
4.4180684,-5.35178,1.0120803,0.523,-0.045353778
4.445764,-5.3074784,1.0081283,0.523,-0.03539309
4.4736457,-5.263269,1.0050439,0.523,-0.047202904
4.50165,-5.219167,1.0009308,0.523,-0.05901272
4.5298176,-5.1752086,0.9957899,0.523,-0.07082253
4.558189,-5.131429,0.9896217,0.523,-0.057244353
4.586855,-5.087787,0.9846346,0.523,-0.043666176
4.615758,-5.044259,0.9808296,0.523,-0.030088002
4.644841,-5.0008197,0.9782073,0.523,-0.04610462
4.6740203,-4.9574833,0.97418994,0.523,-0.062121242
4.7033477,-4.9143014,0.9687785,0.523,-0.07813786
4.7328753,-4.871328,0.96197444,0.523,-0.060122706
4.7627316,-4.828502,0.95673686,0.523,-0.042107545
4.7928395,-4.7857947,0.9530676,0.523,-0.024092387
4.823122,-4.743172,0.9509677,0.523,-0.04320662
4.8534746,-4.700641,0.94720274,0.523,-0.06232085
4.8839564,-4.658267,0.94177395,0.523,-0.081435084
4.914625,-4.616117,0.9346834,0.523,-0.061779905
4.9456363,-4.5741267,0.9293017,0.523,-0.042124726
4.9769044,-4.532261,0.92563087,0.523,-0.022469545
5.008346,-4.4904838,0.92367244,0.523,-0.043620586
5.0398474,-4.4487977,0.9198714,0.523,-0.06477163
5.0714707,-4.407279,0.9142294,0.523,-0.08592267
5.1032767,-4.3660054,0.906749,0.523,-0.058244
5.135455,-4.3248887,0.9016749,0.523,-0.030565333
5.1678815,-4.2838855,0.8990111,0.523,-0.0028866648
5.2004323,-4.24295,0.8987595,0.523,-0.013537032
5.2329903,-4.202026,0.89757955,0.523,-0.024187397
5.2655897,-4.1611485,0.8954714,0.523,-0.034837764
5.2982655,-4.120353,0.8924353,0.523,-0.012555259
5.331082,-4.0796356,0.891341,0.523,0.009727245
5.363944,-4.0389524,0.89218885,0.523,0.03200975
5.3967566,-3.9982605,0.8949785,0.523,0.032407325
5.429455,-3.9574776,0.8978029,0.523,0.0328049
5.4620376,-3.916603,0.9006619,0.523,0.033202477
5.4945025,-3.8756363,0.90355545,0.523,0.04520325
5.526834,-3.834595,0.90749437,0.523,0.057204027
5.5589833,-3.7934518,0.9124779,0.523,0.0692048
5.5909033,-3.7521803,0.91850543,0.523,0.060561895
5.622592,-3.710694,0.9237812,0.523,0.05191899
5.654076,-3.6690207,0.9283048,0.523,0.043276083
5.6853848,-3.6271882,0.93207586,0.523,0.053043116
5.7165203,-3.5852578,0.93669724,0.523,0.062810145
5.7474446,-3.5432076,0.9421686,0.523,0.07257718
5.7781177,-3.501017,0.94848937,0.523,0.06456278
5.8085403,-3.4586098,0.9541132,0.523,0.056548394
5.838739,-3.4160118,0.9590397,0.523,0.048534
5.8687396,-3.3732471,0.9632686,0.523,0.060866762
5.8985395,-3.3303852,0.9685708,0.523,0.073199525
5.9280868,-3.2874014,0.9749457,0.523,0.085532285
5.957331,-3.2442725,0.9823922,0.523,0.07768297
5.986272,-3.2008991,0.9891567,0.523,0.06983366
6.014935,-3.1573057,0.99523896,0.523,0.06198435
6.0433474,-3.113516,1.0006385,0.523,0.07208188
6.0715036,-3.0696034,1.0069162,0.523,0.082179405
6.0993624,-3.0255492,1.0140715,0.523,0.09227693
6.12688,-2.9813359,1.0221034,0.523,0.0780866
6.1540756,-2.936849,1.0289031,0.523,0.06389626
6.1809945,-2.8921335,1.034469,0.523,0.04970593
6.207686,-2.8472323,1.0387999,0.523,0.055028062
6.234175,-2.8022287,1.043594,0.523,0.0603502
6.2604403,-2.7571123,1.0488514,0.523,0.06567233
6.2864594,-2.7118738,1.0545717,0.523,0.050721705
6.3122416,-2.6664474,1.0589911,0.523,0.03577108
6.337839,-2.6208782,1.0621084,0.523,0.02082045
6.363305,-2.57521,1.0639231,0.523,0.030319965
6.3886824,-2.5295072,1.0665656,0.523,0.03981948
6.4139304,-2.4837523,1.0700357,0.523,0.04931899
6.4390087,-2.4379296,1.0743328,0.523,0.032738447
6.463907,-2.3919683,1.0771861,0.523,0.0161579
6.4886837,-2.3459175,1.0785944,0.523,-0.0004226446
6.513399,-2.2998257,1.0785576,0.523,0.0025001646
6.538116,-2.253735,1.0787755,0.523,0.0054229735
6.5628223,-2.2076397,1.0792482,0.523,0.008345783
6.587507,-2.1615334,1.0799757,0.523,-0.0005103707
6.6121583,-2.1154075,1.0799313,0.523,-0.009366524
6.636811,-2.069285,1.0791148,0.523,-0.018222678
6.661498,-2.023188,1.0775265,0.523,-0.0141854165
6.68626,-1.9771273,1.07629,0.523,-0.0101481555
6.71108,-1.9310951,1.0754055,0.523,-0.0061108945
6.735942,-1.8850833,1.0748727,0.523,-0.0064778924
6.760828,-1.8390849,1.0743082,0.523,-0.0068448903
6.78574,-1.7931006,1.0737115,0.523,-0.0072118877
6.8106794,-1.7471313,1.0730828,0.523,-0.0036852479
6.835648,-1.7011769,1.0727617,0.523,-0.00015860796
6.860632,-1.6552302,1.0727478,0.523,0.003368032
6.8856163,-1.6092839,1.0730414,0.523,0.011676526
6.9105854,-1.5633334,1.0740591,0.523,0.01998502
6.9355044,-1.5173634,1.075801,0.523,0.028293515
6.9603386,-1.4713594,1.078267,0.523,0.033425163
6.985055,-1.4253014,1.08118,0.523,0.038556814
7.0096326,-1.3791803,1.08454,0.523,0.043688465
7.03405,-1.3329866,1.088347,0.523,0.040154673
7.0582952,-1.2866935,1.0918462,0.523,0.036620878
7.0823812,-1.2403094,1.0950376,0.523,0.033087086
7.1063223,-1.193843,1.0979213,0.523,0.025796497
7.130134,-1.1472977,1.1001695,0.523,0.018505907
7.1538453,-1.1006916,1.1017826,0.523,0.011215317
7.177484,-1.0540421,1.1027601,0.51682806,0.009740931
7.2007985,-1.0079197,1.1035992,0.51065606,0.008266544
7.2237973,-0.96232814,1.1043028,0.5044841,0.006792158
7.246486,-0.91727114,1.1048738,0.49007314,0.0011565567
7.2685027,-0.87348765,1.1049683,0.47566217,-0.0044790446
7.2898674,-0.8309901,1.1046132,0.46125123,-0.010114646
7.3105984,-0.789789,1.1038357,0.44449562,-0.034520186
7.330597,-0.7501219,1.1012788,0.42774004,-0.058925726
7.3499165,-0.7120428,1.0970805,0.41098446,-0.083331265
7.3686004,-0.675597,1.091379,0.39942992,-0.0987308
7.3869348,-0.64032966,1.084817,0.38787538,-0.11413034
7.4049335,-0.6062561,1.077455,0.37632084,-0.12952988
7.422606,-0.5733892,1.0693536,0.36273107,-0.095944606
7.439962,-0.5417279,1.0635622,0.3491413,-0.062359333
7.4568887,-0.5112691,1.0599358,0.33555153,-0.028774058
7.473288,-0.48201025,1.0583268,0.3279615,0.013897872
7.4893675,-0.45342997,1.0590864,0.32037148,0.056569804
7.50503,-0.4255412,1.0621054,0.31278142,0.09924173
7.5201883,-0.3983578,1.0672704,0.3075346,0.122038916
7.5349174,-0.3716216,1.07351,0.3022878,0.1448361
7.5491867,-0.3453323,1.0807816,0.29704097,0.16763327
7.5629706,-0.31949097,1.0890418,0.29138678,0.18051082
7.576252,-0.29408833,1.0977607,0.2857326,0.19338837
7.5890274,-0.26912686,1.106913,0.2800784,0.20626591
7.601293,-0.2446098,1.1164732,0.27337718,0.21902874
7.6130037,-0.22063214,1.1263732,0.26667592,0.23179156
7.624162,-0.19719897,1.1365834,0.2599747,0.24455437
