3.849204,-6.801909,2.0587077,0.40322632,0.0
3.8303015,-6.766291,2.0587077,0.39206684,-0.035958618
3.811934,-6.731682,2.0563586,0.38090733,-0.071917236
3.7942028,-6.698081,2.0517967,0.36974782,-0.107875854
3.7771952,-6.6654925,2.0451617,0.37330502,-0.1527789
3.7603421,-6.6326704,2.0356932,0.37686226,-0.19768193
3.7437754,-6.59964,2.0233574,0.38041946,-0.24258497
3.7276278,-6.5664296,2.0081272,0.39459357,-0.27613354
3.711549,-6.532038,1.9901971,0.40876767,-0.3
3.6956468,-6.4963713,1.9700638,0.42294174,-0.3
3.6799397,-6.459144,1.9492326,0.43592373,-0.3
3.664553,-6.4204454,1.9277618,0.44890568,-0.3
3.6495674,-6.3802633,1.9056517,0.46188763,-0.3
3.6350663,-6.338588,1.8829021,0.4688856,-0.26769072
3.6211812,-6.2955546,1.8622317,0.47588357,-0.23538145
3.607885,-6.25123,1.8437346,0.48288152,-0.20307219
3.5951357,-6.2056847,1.8275034,0.48150724,-0.14117332
3.583032,-6.159575,1.8162117,0.48013297,-0.07927444
3.5714033,-6.113147,1.8098747,0.47875872,-0.017375564
3.5600677,-6.0666394,1.8084882,0.47445843,0.041670013
3.5489058,-6.0205674,1.8117824,0.47015816,0.10071559
3.537742,-5.975142,1.8196611,0.46585786,0.15976116
3.5264137,-5.9305663,1.8320128,0.4740951,0.18624698
3.5143816,-5.885557,1.8466443,0.48233235,0.21273279
3.501541,-5.8401933,1.863617,0.4905696,0.23921861
3.4877837,-5.7945623,1.8829898,0.4910159,0.25960487
3.4732075,-5.7493997,1.903997,0.4914622,0.27999115
3.4577594,-5.7047653,1.9266326,0.4919085,0.30037743
3.4413898,-5.6607203,1.9508904,0.49479362,0.33144975
3.4240317,-5.6172733,1.9777259,0.49767876,0.36252207
3.4056141,-5.57454,2.0071414,0.50056386,0.39359435
3.3860765,-5.532643,2.0391366,0.5005076,0.4291068
3.3655317,-5.4920306,2.0738435,0.5004513,0.46461922
3.3439627,-5.452833,2.1112173,0.500395,0.50013167
3.3213706,-5.41518,2.1512108,0.47981015,0.50186306
3.2983038,-5.3800044,2.1896803,0.45922527,0.50359446
3.2749703,-5.347243,2.2266154,0.4386404,0.5053258
3.2515647,-5.3168235,2.2620058,0.41255382,0.50925076
3.228603,-5.2890706,2.2955275,0.38646725,0.5131757
3.2062829,-5.2638636,2.3271499,0.36038068,0.5171007
3.1847844,-5.241079,2.356843,0.34859693,0.5565367
3.163841,-5.2201624,2.3875341,0.3368132,0.59597266
3.1435227,-5.2010794,2.4190438,0.3250295,0.63540864
3.1239,-5.18378,2.451195,0.3120555,0.61889845
3.1043034,-5.1675935,2.4813673,0.29908147,0.6023882
3.0848384,-5.152479,2.5096114,0.28610748,0.58587795
3.0656035,-5.1383963,2.5359776,0.27686653,0.5507774
3.046207,-5.124966,2.5601273,0.26762554,0.51567674
3.0267508,-5.1121783,2.5821226,0.2583846,0.48057616
3.0073323,-5.1000185,2.6020308,0.2609604,0.4044181
2.9867496,-5.0876927,2.6191447,0.2635362,0.3282601
2.965131,-5.0752444,2.6333053,0.26611206,0.25210205
