-3.053943,7.6323786,1.762759,0.8814717,0.0
-3.07076,7.7189064,1.762759,0.523,0.097177126
-3.080691,7.7700033,1.7712162,0.5055535,0.19435425
-3.0905662,7.818614,1.7874894,0.48810694,0.29153138
-3.100618,7.864272,1.8108712,0.5041375,0.38249537
-3.1117387,7.9097013,1.8422318,0.5201681,0.4734594
-3.124151,7.954301,1.8817617,0.523,0.5644234
-3.1376717,7.99637,1.9283897,0.523,0.6540742
-3.1521995,8.03525,1.981424,0.523,0.743725
-3.1675642,8.07054,2.040439,0.523,0.8333758
-3.183479,8.101899,2.10496,0.523,0.91826665
-3.199647,8.129231,2.1742184,0.523,1.0
-3.2156823,8.152499,2.2475665,0.523,1.0
-3.2333794,8.174529,2.3209147,0.523,1.0
-3.2526436,8.195202,2.394263,0.523,1.0
-3.2733707,8.214409,2.4676113,0.523,1.0
-3.29545,8.232044,2.5409594,0.523,1.0
-3.3187618,8.248014,2.6143076,0.523,1.0
-3.3431816,8.262234,2.687656,0.523,1.0
-3.3685777,8.274625,2.7610042,0.523,1.0
-3.3948135,8.285122,2.8343523,0.523,1.0
-3.4217482,8.293668,2.9077005,0.523,1.0
-3.4492366,8.300217,2.9810488,0.523,1.0
-3.477131,8.304734,3.054397,0.523,1.0
-3.5052814,8.307195,3.1277452,0.523,1.0
-3.5335364,8.307587,-3.0820918,0.523,1.0
-3.5617445,8.305906,-3.0087435,0.523,1.0
-3.5897532,8.302163,-2.9353955,0.523,1.0
-3.6174123,8.296377,-2.8620472,0.523,0.9000052
-3.6486604,8.287407,-2.793767,0.523,0.80001044
-3.6829157,8.274987,-2.7312367,0.523,0.70001566
-3.7195954,8.259029,-2.6750815,0.523,0.6000605
-3.7581465,8.239616,-2.625859,0.523,0.50010544
-3.7980719,8.216982,-2.5840611,0.523,0.4001503
-3.8389459,8.191496,-2.5501046,0.523,0.30046672
-3.8804157,8.163641,-2.5243063,0.523,0.20078313
-3.922207,8.133976,-2.506922,0.523,0.10109954
-3.9641075,8.103126,-2.4981246,0.523,0.004954475
-4.005948,8.071747,-2.4976926,0.523,-0.09119059
-4.0476017,8.040481,-2.5056305,0.523,-0.18733567
-4.088941,8.00996,-2.5218647,0.523,-0.22974128
-4.1303964,7.980382,-2.5417147,0.523,-0.27214688
-4.171976,7.9519434,-2.565145,0.523,-0.3
-4.213866,7.9247103,-2.5909045,0.523,-0.2623651
-4.2569094,7.8982797,-2.6135125,0.523,-0.22473021
-4.300949,7.8725896,-2.632937,0.523,-0.18709531
-4.3458304,7.8475637,-2.6491506,0.523,-0.176301
-4.391202,7.8232207,-2.6644387,0.523,-0.16550669
-4.4370255,7.79953,-2.6787996,0.523,-0.1547124
-4.483265,7.7764597,-2.6922317,0.523,-0.1344176
-4.529948,7.753946,-2.703913,0.523,-0.11412279
-4.57701,7.7319236,-2.7138393,0.523,-0.093828
-4.6243887,7.7103233,-2.7220058,0.523,-0.07807182
-4.672006,7.689082,-2.728804,0.523,-0.062315643
-4.7198205,7.668142,-2.7342324,0.523,-0.046559464
-4.767789,7.647444,-2.7382896,0.523,-0.026213586
-4.815876,7.6269255,-2.7405741,0.523,-0.0058677075
-4.864026,7.60651,-2.7410858,0.523,0.014478171
-4.9121823,7.586121,-2.7398236,0.523,0.028180134
-4.9602985,7.5656776,-2.7373676,0.523,0.041882098
-5.0083413,7.5451255,-2.733718,0.523,0.055584062
-5.056277,7.524412,-2.7288754,0.523,0.06805523
-5.1040745,7.5034833,-2.7229478,0.523,0.08052639
-5.151703,7.482291,-2.7159362,0.523,0.09299755
-5.1991305,7.4607887,-2.7078416,0.523,0.10432635
-5.246329,7.4389277,-2.6987643,0.523,0.11565516
-5.2932687,7.416667,-2.6887054,0.523,0.12698397
-5.3399177,7.3939667,-2.6776664,0.523,0.13060185
-5.386291,7.370764,-2.6663146,0.523,0.13421975
-5.4323764,7.3470473,-2.6546502,0.523,0.13783765
-5.478159,7.322807,-2.6426735,0.523,0.14014646
-5.5236335,7.298028,-2.6304972,0.523,0.1424553
-5.568788,7.2727056,-2.6181219,0.523,0.14476411
-5.6136107,7.2468348,-2.6055472,0.523,0.15021795
-5.658068,7.2204237,-2.5925026,0.523,0.15567179
-5.702141,7.193458,-2.5789878,0.523,0.16112563
-5.7458067,7.1659226,-2.5650036,0.523,0.16705175
-5.789041,7.1378074,-2.55051,0.523,0.17297786
-5.8318195,7.109098,-2.5355072,0.523,0.17890398
-5.874118,7.07978,-2.5199957,0.523,0.18535297
-5.915907,7.0498457,-2.5039315,0.523,0.19180195
-5.957159,7.019282,-2.4873152,0.523,0.19825093
-5.997845,6.988076,-2.4701471,0.523,0.20359336
-6.0379467,6.9562116,-2.452523,0.523,0.20893578
-6.077436,6.9236813,-2.434443,0.523,0.2142782
-6.116286,6.8904805,-2.4159076,0.523,0.21869715
-6.1544766,6.8565984,-2.3969963,0.523,0.22311607
-6.1919827,6.8220344,-2.377709,0.523,0.22753501
-6.228778,6.7867894,-2.358046,0.523,0.23108664
-6.2648435,6.7508574,-2.3380818,0.523,0.23463829
-6.300154,6.714244,-2.3178163,0.523,0.23818992
-6.3346863,6.676954,-2.2972498,0.523,0.23968475
-6.368432,6.638975,-2.2765567,0.523,0.24117957
-6.401373,6.600321,-2.2557373,0.523,0.2426744
-6.43349,6.5610037,-2.234791,0.523,0.24220112
-6.46478,6.5210176,-2.213885,0.523,0.24172786
-6.4952307,6.4803815,-2.1930192,0.523,0.24125458
-6.524831,6.439114,-2.172193,0.523,0.24618399
-6.5535297,6.3972907,-2.1509502,0.523,0.2511134
-6.581299,6.35492,-2.1292908,0.523,0.2560428
-6.6081095,6.3120127,-2.1072154,0.523,0.2533765
-6.6339846,6.2684937,-2.085365,0.523,0.25071022
-6.65892,6.2243896,-2.0637398,0.523,0.24804391
-6.682912,6.1797266,-2.0423396,0.523,0.2501887
-6.70593,6.134585,-2.0207582,0.523,0.2523335
-6.727957,6.0889816,-1.9989958,0.523,0.25447828
-6.748974,6.042936,-1.9770525,0.523,0.24819417
-6.769008,5.996365,-1.9556396,0.523,0.24191007
-6.7880707,5.9493017,-1.9347582,0.523,0.23562597
-6.806174,5.901778,-1.9144089,0.523,0.23725007
-6.8233,5.8539147,-1.8939221,0.523,0.23887418
-6.839435,5.80573,-1.8732977,0.523,0.24049829
-6.8545675,5.7572412,-1.8525358,0.523,0.23542953
-6.868707,5.7083893,-1.8322033,0.523,0.23036075
-6.8818665,5.6592007,-1.8123006,0.523,0.22529198
-6.8940587,5.6097016,-1.7928283,0.523,0.22816992
-6.9052773,5.560008,-1.7731116,0.523,0.23104787
-6.915507,5.510136,-1.7531507,0.523,0.2339258
-6.924733,5.460104,-1.7329456,0.523,0.22515768
-6.9329634,5.409793,-1.7134848,0.523,0.21638954
-6.940227,5.3592315,-1.6947696,0.523,0.20762141
-6.946555,5.308448,-1.6768017,0.523,0.20127152
-6.9519773,5.257491,-1.6593758,0.523,0.19492161
-6.9565163,5.2063828,-1.6424925,0.523,0.18857172
-6.9601965,5.155142,-1.6261526,0.523,0.17932855
-6.9630437,5.1037593,-1.6106048,0.523,0.17008537
-6.965095,5.0522547,-1.5958503,0.523,0.16084218
-6.966388,5.000646,-1.5818907,0.523,0.155068
-6.966962,4.9489765,-1.568428,0.523,0.14929381
-6.9668393,4.8972588,-1.5554628,0.523,0.14351963
-6.9660454,4.8455024,-1.5429956,0.523,0.13626993
-6.9646053,4.7937074,-1.5311542,0.523,0.12902023
-6.9625497,4.741883,-1.5199391,0.523,0.12177054
-6.959911,4.6900373,-1.5093509,0.523,0.11836444
-6.956722,4.638201,-1.4990575,0.523,0.11495833
-6.9529977,4.58638,-1.4890591,0.523,0.11155223
-6.948754,4.5345783,-1.4793556,0.523,0.10542169
-6.944005,4.482786,-1.4701834,0.523,0.09929115
-6.9387774,4.431007,-1.4615427,0.523,0.093160614
-6.9330997,4.3792443,-1.453434,0.523,0.090368
-6.9270005,4.327516,-1.4455676,0.523,0.08757539
-6.9204936,4.2758245,-1.4379437,0.523,0.08478279
-6.9135904,4.224171,-1.4305623,0.523,0.07822941
-6.9063025,4.172543,-1.4237503,0.523,0.071676046
-6.8986597,4.12094,-1.4175079,0.523,0.06512268
-6.890691,4.069363,-1.4118353,0.523,0.06361382
-6.8824286,4.017827,-1.4062941,0.523,0.06210495
-6.873881,3.9663327,-1.400884,0.523,0.06059609
-6.865053,3.9148803,-1.3956053,0.523,0.055632956
-6.855952,3.8634605,-1.3907585,0.523,0.05066982
-6.8465986,3.812072,-1.3863437,0.523,0.045706682
-6.837016,3.7607129,-1.3823609,0.523,0.043552626
-6.8272285,3.7093873,-1.3785658,0.523,0.041398566
-6.817245,3.6580946,-1.3749583,0.523,0.03924451
-6.807076,3.606834,-1.3715384,0.523,0.03583292
-6.7967305,3.5556016,-1.3684156,0.523,0.032421328
-6.7862234,3.504396,-1.36559,0.523,0.029009735
-6.775571,3.4532146,-1.3630617,0.523,0.02659611
-6.764788,3.4020572,-1.3607436,0.523,0.024182487
-6.753886,3.3509219,-1.358636,0.523,0.021768862
-6.7428756,3.2998066,-1.3567386,0.523,0.017526532
-6.7317677,3.248708,-1.3552109,0.523,0.013284201
-6.7205806,3.1976233,-1.354053,0.523,0.00904187
-6.709334,3.146549,-1.3532649,0.523,0.0046544196
-6.6980467,3.095482,-1.3528591,0.523,0.0002669692
-6.6867385,3.0444193,-1.3528359,0.523,-0.004120481
-6.6754293,2.993357,-1.3531951,0.523,-0.0025938035
-6.6641383,2.9422905,-1.3534212,0.523,-0.0010671258
-6.652859,2.8912213,-1.3535142,0.523,0.0004595518
-6.6415844,2.840151,-1.3534741,0.523,0.010799194
-6.630308,2.7890842,-1.3525329,0.523,0.021138836
-6.618986,2.7380364,-1.3506904,0.523,0.031478476
-6.607573,2.6870236,-1.347947,0.523,0.03808763
-6.5960226,2.6360538,-1.3446277,0.523,0.044696786
-6.5843062,2.5851367,-1.340733,0.523,0.05130594
-6.5723953,2.5342817,-1.3362628,0.523,0.056622125
-6.5602612,2.483495,-1.3313298,0.523,0.06193831
-6.54788,2.4327848,-1.3259344,0.523,0.0672545
-6.53523,2.3821597,-1.3200765,0.523,0.06618058
-6.5222826,2.3316057,-1.3143119,0.523,0.06510667
-6.509043,2.2811239,-1.3086408,0.523,0.06403275
-6.495517,2.230714,-1.303063,0.523,0.06710946
-6.4817123,2.180391,-1.2972177,0.523,0.07018617
-6.4676166,2.13016,-1.2911049,0.523,0.07326288
-6.4532175,2.080027,-1.2847245,0.523,0.07235208
-6.438498,2.029984,-1.2784233,0.523,0.071441285
-6.423462,1.9800311,-1.2722013,0.523,0.07053049
-6.408115,1.9301697,-1.2660586,0.523,0.06689407
-6.3924575,1.880391,-1.260232,0.523,0.06325765
-6.376507,1.8306925,-1.2547216,0.523,0.059621233
-6.360279,1.7810717,-1.2495277,0.523,0.061246745
-6.3437953,1.7315406,-1.2441924,0.523,0.06287226
-6.3270493,1.6821032,-1.2387156,0.523,0.06449778
-6.3100343,1.6327634,-1.2330974,0.523,0.063097976
-6.292741,1.5835154,-1.227601,0.523,0.06169818
-6.2751756,1.5343591,-1.2222265,0.523,0.060298383
-6.2573447,1.4852936,-1.2169737,0.523,0.06028285
-6.2392564,1.4363225,-1.2117221,0.523,0.060267318
-6.220911,1.3874469,-1.206472,0.523,0.060251784
-6.2023096,1.3386683,-1.2012233,0.523,0.056851756
-6.1834483,1.2899783,-1.1962703,0.523,0.053451728
-6.1643424,1.2413732,-1.1916134,0.523,0.0500517
-6.1450076,1.192849,-1.1872524,0.523,0.047640413
-6.1254582,1.1444039,-1.1831013,0.523,0.045229126
-6.105706,1.096035,-1.1791601,0.523,0.04281784
-6.0857615,1.0477391,-1.175429,0.523,0.038310163
-6.0656333,0.9995093,-1.1720904,0.523,0.03380249
-6.0453405,0.951339,-1.1691446,0.523,0.029294819
-6.0249033,0.9032219,-1.1665914,0.523,0.026808048
-6.0043416,0.85515374,-1.1642549,0.523,0.024321277
-5.9836664,0.8071307,-1.1621351,0.523,0.021834504
-5.9628887,0.7591489,-1.1602321,0.523,0.017558813
-5.9420176,0.7112026,-1.1587015,0.523,0.013283121
-5.9210715,0.6632852,-1.1575438,0.523,0.00900743
-5.900069,0.61538976,-1.1567587,0.523,0.0044595837
-5.879029,0.5675094,-1.1563699,0.523,-8.826256e-05
-5.8579693,0.51963675,-1.1563776,0.523,-0.004636109
-5.8369107,0.47176442,-1.1567817,0.523,-0.01020903
-5.815872,0.42388558,-1.1576716,0.523,-0.01578195
-5.7948775,0.3759915,-1.1590471,0.523,-0.021354873
-5.773951,0.32807356,-1.1609085,0.523,-0.024827564
-5.7531157,0.28012058,-1.1630723,0.523,-0.028300256
-5.732386,0.23212706,-1.1655389,0.523,-0.03177295
-5.7117767,0.18408756,-1.168308,0.51750237,-0.03152181
-5.691516,0.1364964,-1.1710262,0.51200473,-0.03127067
-5.671598,0.0893561,-1.1736943,0.50650716,-0.031019533
-5.6520185,0.04266921,-1.1763124,0.49341333,-0.043726522
-5.6330733,-0.0028389231,-1.1799072,0.4803195,-0.05643351
-5.6148014,-0.04717716,-1.1844225,0.46722567,-0.0691405
-5.597237,-0.09035201,-1.1898023,0.4534921,-0.09218272
-5.580446,-0.13227074,-1.1967597,0.4397585,-0.11522494
-5.5644846,-0.17293465,-1.2051862,0.42602494,-0.13826716
-5.549399,-0.21234167,-1.2149725,0.42051542,-0.15648362
-5.534929,-0.25127748,-1.2258952,0.4150059,-0.1747001
-5.5211105,-0.28973955,-1.2379174,0.40949637,-0.19291656
-5.507978,-0.32772332,-1.2510023,0.3884358,-0.19450088
-5.495997,-0.36390224,-1.2635149,0.36737525,-0.19608518
-5.485098,-0.39824793,-1.2754443,0.3463147,-0.1976695
-5.475214,-0.43073466,-1.2867794,0.32687652,-0.19764572
-5.466233,-0.4615019,-1.297477,0.30743837,-0.19762194
-5.4580956,-0.49052835,-1.3075373,0.2880002,-0.19759816
-5.450747,-0.517795,-1.3169605,0.27193922,-0.15579292
-5.4440007,-0.54379874,-1.323993,0.25587824,-0.11398767
-5.43779,-0.5684502,-1.3288436,0.23981726,-0.07218243
-5.432059,-0.5916728,-1.3317262,0.2259739,-0.030834282
-5.4267106,-0.613617,-1.3328873,0.21213053,0.010513866
-5.4217114,-0.6342314,-1.3325156,0.19828716,0.051862013
-5.4170375,-0.653474,-1.3308024,0.18812583,0.09039698
-5.412584,-0.67167276,-1.3279719,0.1779645,0.12893194
-5.4083405,-0.68880373,-1.3241583,0.16780315,0.16746691
-5.4043007,-0.7048486,-1.3194966,0.1665353,0.18575045
-5.400231,-0.7207016,-1.3143705,0.16526745,0.20403402
-5.3961263,-0.7363563,-1.3087895,0.16399959,0.22231758
-5.391983,-0.75180674,-1.3027627,0.16359544,0.22674572
-5.387761,-0.76717836,-1.2966331,0.16319127,0.23117387
-5.3834605,-0.78247005,-1.2904013,0.16278711,0.23560202
-5.3790803,-0.7976809,-1.2840682,0.16221446,0.2405189
-5.3746247,-0.8127922,-1.2776281,0.16164179,0.24543579
-5.3700933,-0.82780296,-1.2710822,0.16106914,0.25035268
