2.7492657,9.694299,-2.832701,0.7610212,0.0
2.6767654,9.671164,-2.832701,0.523,0.09998982
2.6271896,9.655343,-2.8239996,0.500825,0.19997963
2.58056,9.640016,-2.807418,0.4786499,0.29996946
2.5373619,9.625017,-2.7838454,0.50386536,0.39982367
2.4938877,9.608766,-2.7511566,0.523,0.49967784
2.4514368,9.591294,-2.7093914,0.523,0.59953207
2.4122283,9.573208,-2.660207,0.523,0.69328725
2.3765736,9.554583,-2.6045015,0.523,0.78704244
2.344851,9.535692,-2.5427642,0.523,0.8807976
2.317353,9.516927,-2.475537,0.523,0.82331717
2.289399,9.494959,-2.4116087,0.523,0.76583666
2.2613068,9.46982,-2.3511899,0.523,0.70835614
2.2333627,9.441594,-2.2944806,0.523,0.74526596
2.2079124,9.412792,-2.2353668,0.523,0.7821758
2.1850317,9.383587,-2.1739297,0.523,0.81908554
2.1647732,9.354174,-2.1102526,0.523,0.75426656
2.1451948,9.321471,-2.0505648,0.523,0.68944764
2.126568,9.285673,-1.9951171,0.523,0.62462866
2.1091018,9.24701,-1.9441425,0.523,0.6688764
2.0941367,9.208806,-1.8900899,0.523,0.71312416
2.0817204,9.17125,-1.8330655,0.523,0.7573719
2.071867,9.134546,-1.7731807,0.523,0.68291193
2.0637121,9.094803,-1.7181739,0.523,0.60845196
2.0574102,9.052354,-1.6683496,0.523,0.53399193
2.0530255,9.007549,-1.623984,0.523,0.58263147
2.0507038,8.96394,-1.5760229,0.523,0.631271
2.0504832,8.92172,-1.5245796,0.523,0.67991054
2.0523622,8.881093,-1.4697759,0.523,0.6103765
2.0566843,8.838455,-1.4198141,0.523,0.5408424
2.063428,8.79413,-1.3749356,0.523,0.47130838
2.0724964,8.748423,-1.3353573,0.523,0.49091202
2.0832555,8.703571,-1.2942643,0.523,0.51051563
2.0957139,8.659674,-1.2516724,0.523,0.5301193
2.1098702,8.616831,-1.2075977,0.523,0.47890663
2.1263602,8.573442,-1.1674305,0.523,0.427694
2.1450398,8.529673,-1.1312761,0.523,0.37648132
2.165735,8.485658,-1.0992292,0.523,0.39096928
2.1877012,8.442582,-1.0660113,0.523,0.4054572
2.2109437,8.4005165,-1.0316294,0.523,0.41994512
2.2354627,8.359535,-0.99609065,0.523,0.38405514
2.2618213,8.318835,-0.96343076,0.523,0.34816515
2.2898781,8.278465,-0.9336918,0.523,0.31227517
2.3194854,8.238459,-0.906912,0.523,0.32362202
2.3500388,8.199406,-0.8791928,0.523,0.33496884
2.3815403,8.161362,-0.85053766,0.523,0.34631568
2.4139884,8.124385,-0.82095027,0.523,0.32443053
2.4477727,8.088109,-0.79316425,0.523,0.3025454
2.4827995,8.052533,-0.76719284,0.523,0.28066024
2.5189753,8.017652,-0.74304855,0.523,0.28439602
2.5559423,7.9836903,-0.7185915,0.523,0.2881318
2.5936873,7.9506793,-0.6938221,0.523,0.29186758
2.6321955,7.9186487,-0.6687407,0.523,0.2763604
2.6716733,7.887453,-0.6449567,0.523,0.2608532
2.7120535,7.857076,-0.622476,0.523,0.24534602
2.7532716,7.8274956,-0.60130394,0.523,0.2447466
2.7951128,7.7987905,-0.5801825,0.523,0.24414717
2.8375576,7.770971,-0.55911183,0.523,0.24354774
2.8805852,7.744048,-0.53809184,0.523,0.23099098
2.9243016,7.717956,-0.51813567,0.523,0.21843421
2.9686575,7.6926694,-0.49924654,0.523,0.20587745
3.0136042,7.668159,-0.4814274,0.523,0.2032708
3.059005,7.64444,-0.46383074,0.523,0.20066413
3.1048408,7.621512,-0.44645664,0.523,0.19805746
3.1510923,7.599372,-0.4293053,0.523,0.18903866
3.1977992,7.57799,-0.4129254,0.523,0.18001989
3.2449293,7.557342,-0.39731827,0.523,0.17100109
3.2924519,7.5374,-0.3824852,0.523,0.17303771
3.340248,7.5181713,-0.36747724,0.523,0.17507432
3.3883102,7.499669,-0.35229445,0.523,0.17711094
3.4366302,7.4819055,-0.33693686,0.523,0.16838995
3.4852912,7.4648595,-0.32232815,0.523,0.15966895
3.534267,7.448503,-0.30846938,0.523,0.15094796
3.5835316,7.432805,-0.29536167,0.523,0.15214843
3.632989,7.4177575,-0.2821505,0.523,0.1533489
3.6826315,7.4033666,-0.26883593,0.523,0.15454935
3.732452,7.389641,-0.25541794,0.523,0.14638288
3.782514,7.376569,-0.24270375,0.523,0.1382164
3.832797,7.3641195,-0.2306942,0.523,0.13004994
3.8832815,7.352262,-0.21939011,0.523,0.13201624
3.9338837,7.3409786,-0.2079161,0.523,0.13398254
3.9845986,7.3302794,-0.1962722,0.523,0.13594884
4.0354214,7.320174,-0.18445845,0.523,0.12669957
4.086422,7.3106585,-0.173444,0.523,0.1174503
4.1375823,7.3016953,-0.16322978,0.523,0.10820103
4.188885,7.293246,-0.15381664,0.523,0.113132216
4.2402377,7.285284,-0.1439763,0.523,0.118063405
4.291636,7.2778325,-0.133709,0.523,0.12299459
4.3430777,7.2709126,-0.12301499,0.523,0.11377148
4.394647,7.264537,-0.11311929,0.523,0.10454838
4.446329,7.2586656,-0.10402274,0.523,0.095325276
4.49811,7.2532597,-0.09572613,0.523,0.11367802
4.5498347,7.248293,-0.08583853,0.523,0.13203077
4.6014886,7.2438483,-0.074363254,0.523,0.15038352
4.653055,7.2400064,-0.061304178,0.523,0.13142934
4.704807,7.2368298,-0.049880873,0.523,0.11247518
4.756712,7.2342386,-0.040097445,0.523,0.093521014
4.8087416,7.2321515,-0.031957407,0.523,0.12445368
4.8606105,7.230493,-0.021137176,0.523,0.15538634
4.9122686,7.229401,-0.007647107,0.523,0.18631901
4.963662,7.229008,0.008499897,0.523,0.15174973
5.015359,7.2294474,0.021676706,0.523,0.11718047
5.0672884,7.230573,0.03186758,0.523,0.082611196
5.1193833,7.232234,0.039060332,0.523,0.11979181
5.171269,7.2342615,0.04947723,0.523,0.15697242
5.2228627,7.2368164,0.06310387,0.523,0.19415304
5.274078,7.2400527,0.07992142,0.523,0.15577605
5.3255796,7.244178,0.09344505,0.523,0.11739907
5.377293,7.249024,0.10365485,0.523,0.07902208
5.42915,7.254419,0.11053577,0.523,0.10095002
5.4808664,7.2601585,0.11932031,0.523,0.12287796
5.532403,7.2663374,0.13000424,0.523,0.14480591
5.583719,7.2730465,0.14258242,0.523,0.112721235
5.6351595,7.280431,0.15238716,0.523,0.08063657
5.6866856,7.2883444,0.15940836,0.523,0.0485519
5.7382617,7.296636,0.16363882,0.523,0.055155426
5.7897844,7.3051434,0.16844408,0.523,0.061758954
5.841246,7.3138947,0.17382398,0.523,0.06836248
5.8926373,7.322919,0.17977828,0.523,0.04208372
5.944049,7.3322625,0.1834455,0.523,0.015804965
5.995465,7.3418016,0.1848231,0.523,-0.010473793
6.0468717,7.351413,0.18391015,0.523,-0.008612496
6.0982876,7.3609767,0.18315944,0.523,-0.0067511974
6.1497116,7.370502,0.18257096,0.523,-0.0048898994
6.201142,7.3799977,0.18214473,0.523,-0.018425722
6.252568,7.3894696,0.18053871,0.523,-0.03196154
6.303992,7.3988557,0.17775321,0.523,-0.045497365
6.3554144,7.408094,0.17378871,0.523,-0.052215166
6.406856,7.4171247,0.16923937,0.523,-0.058932967
6.4583197,7.4259186,0.16410534,0.523,-0.06565077
6.5098057,7.4344444,0.1583869,0.523,-0.07477547
6.561307,7.4426703,0.15187505,0.523,-0.08390018
6.612823,7.4505553,0.14457032,0.523,-0.093024895
6.6643534,7.4580574,0.13647334,0.523,-0.10002671
6.715908,7.465137,0.12776887,0.523,-0.10702854
6.767485,7.471763,0.118457355,0.523,-0.11403036
6.8190813,7.477904,0.10853924,0.523,-0.11933176
6.8707037,7.483529,0.09816215,0.523,-0.12463317
6.9223485,7.488615,0.0873264,0.523,-0.12993458
6.97401,7.493138,0.07603228,0.523,-0.12383
7.025759,7.49708,0.065266,0.523,-0.11772542
7.0775867,7.5004673,0.05502795,0.523,-0.11162084
7.1294827,7.503326,0.045318525,0.523,-0.113303035
7.181394,7.50568,0.035463393,0.523,-0.11498523
7.233316,7.507522,0.025462586,0.523,-0.11666742
7.2852435,7.508845,0.015316131,0.523,-0.14046273
7.3370223,7.509638,0.003112684,0.523,-0.16425805
7.388618,7.5097985,-0.011140845,0.523,-0.18805335
7.439993,7.5092263,-0.027436385,0.523,-0.20220733
7.491208,7.5078206,-0.044942256,0.523,-0.2163613
7.5422373,7.5055256,-0.06365495,0.523,-0.23051527
7.5930505,7.502287,-0.08357072,0.5062129,-0.22538704
7.6422195,7.498168,-0.10242577,0.4894258,-0.2202588
7.689729,7.4932847,-0.12024757,0.4726387,-0.21513058
7.7355704,7.487746,-0.13706367,0.44987005,-0.20425087
7.779209,7.4817266,-0.15227179,0.4271014,-0.19337116
7.820638,7.475369,-0.16595101,0.40433276,-0.18249145
7.8598537,7.468801,-0.17818075,0.38465294,-0.18107922
7.897091,7.462095,-0.18972619,0.3649731,-0.17966698
7.9323564,7.4553227,-0.20059642,0.34529328,-0.17825475
7.965657,7.4485517,-0.21080054,0.3305613,-0.09852012
7.9978247,7.441668,-0.21621959,0.31582934,-0.0187855
8.028667,7.4348936,-0.21720837,0.3010974,0.060949124
8.058015,7.4284167,-0.21415167,0.2924295,0.10112263
8.086444,7.422234,-0.20923151,0.2837616,0.14129613
8.113924,7.416399,-0.20257133,0.2750937,0.18146965
