5.6627445,1.9414532,-1.2381747,0.1759664,0.0
5.66849,1.924821,-1.2381747,0.14623722,0.09874566
5.6732416,1.9110662,-1.2357719,0.11650805,0.19749132
5.676998,1.900277,-1.2319618,0.08677888,0.29623696
5.6797566,1.892449,-1.2277398,0.05814359,0.39369872
5.681563,1.8873924,-1.2240224,0.029508304,0.49116045
5.6824474,1.8849453,-1.2217028,0.00087301614,0.5886222
5.682472,1.884877,-1.221622,-0.022352807,0.680916
5.681878,1.8865091,-1.2239672,-0.04557863,0.7732098
5.680769,1.8895767,-1.2292728,-0.06880445,0.86550367
5.679275,1.8937794,-1.2380043,-0.088210024,0.9431984
5.677583,1.898675,-1.2499045,-0.1076156,1.0
5.6757493,1.9041926,-1.264997,-0.12702116,1.0
5.673683,1.9107372,-1.2828112,-0.14736438,1.0
5.6714215,1.9183714,-1.3034784,-0.16770759,1.0
5.6690283,1.9271109,-1.3269985,-0.18805082,1.0
5.6665754,1.9369708,-1.3533717,-0.207717,0.9255435
5.663881,1.9491689,-1.3810309,-0.2273832,0.851087
5.6610537,1.9638882,-1.4095294,-0.24704938,0.77663046
5.658224,1.981281,-1.4383881,-0.26290378,0.68371356
5.6555333,2.0014837,-1.4660665,-0.2787582,0.5907967
5.6531134,2.0245078,-1.4919456,-0.29461262,0.4978798
5.6510744,2.0503118,-1.5153949,-0.3126104,0.4029098
5.649482,2.0790255,-1.535824,-0.33060813,0.30793974
5.6483803,2.1105118,-1.5525249,-0.3486059,0.2129697
5.6477575,2.1445792,-1.5648053,-0.36909664,0.12675963
5.647538,2.1811922,-1.5725822,-0.38958734,0.040549565
5.647608,2.2201188,-1.5752144,-0.41007808,-0.045660507
5.647789,2.2610834,-1.5720948,-0.42915696,-0.09714135
5.6478443,2.3037968,-1.5651575,-0.44823584,-0.14862218
5.6475945,2.3481255,-1.5540954,-0.4673147,-0.20010303
5.6468296,2.393918,-1.538614,-0.4863112,-0.23897025
5.645309,2.4411428,-1.5194288,-0.5053077,-0.27783746
5.642814,2.4896717,-1.4963299,-0.523,-0.3
5.6390967,2.5394971,-1.4705703,-0.523,-0.3
5.6340976,2.5892105,-1.4448109,-0.523,-0.3
5.6278195,2.6387787,-1.4190513,-0.523,-0.3
5.620267,2.6881685,-1.3932918,-0.523,-0.3
5.6114445,2.7373476,-1.3675323,-0.523,-0.3
5.6013584,2.7862833,-1.3417728,-0.523,-0.3
5.590015,2.8349426,-1.3160133,-0.5193652,-0.3
5.57751,2.8829577,-1.2904328,-0.51573044,-0.3
5.5638766,2.9303036,-1.2650313,-0.51209563,-0.3
5.54915,2.9769568,-1.2398089,-0.49929345,-0.3
5.533649,3.022067,-1.215217,-0.48649126,-0.3
5.517469,3.0656362,-1.1912557,-0.47368908,-0.3
5.500703,3.1076689,-1.1679249,-0.455207,-0.3
5.483653,3.1476748,-1.1455045,-0.43672487,-0.3
5.4664392,3.1856802,-1.1239942,-0.41824278,-0.3
5.449175,3.221714,-1.1033944,-0.40077958,-0.3
5.4319234,3.2558951,-1.0836546,-0.38331634,-0.3
5.4147816,3.288255,-1.064775,-0.36585313,-0.3
5.3978405,3.3188262,-1.0467556,-0.34718633,-0.29362404
5.3812118,3.3475993,-1.0300082,-0.32851952,-0.28724808
5.364992,3.3746092,-1.0144958,-0.30985272,-0.2808721
5.3492713,3.3998914,-1.000181,-0.29193878,-0.25198445
5.3340006,3.4236841,-0.9880497,-0.27402484,-0.22309682
5.319294,3.445997,-0.97794497,-0.25611088,-0.19420917
5.3052535,3.4668381,-0.96970713,-0.23907919,-0.15044698
5.2918854,3.486333,-0.9637349,-0.22204751,-0.106684804
5.27929,3.5044665,-0.9597942,-0.20501582,-0.06292262
5.267552,3.5212255,-0.95764565,-0.18672279,0.009649575
5.256808,3.5364957,-0.95794594,-0.16842976,0.08222177
5.2471523,3.550227,-0.96025145,-0.15013674,0.15479396
5.238648,3.562381,-0.96410936,-0.12815541,0.24278668
5.2315555,3.5726008,-0.9692443,-0.106174074,0.3307794
5.2258725,3.58088,-0.9749915,-0.084192745,0.4187721
5.2215557,3.5872464,-0.9806975,-0.058479678,0.50924116
5.2187147,3.5914888,-0.98544914,-0.032766614,0.5997103
5.2172203,3.5937433,-0.9885314,-0.0070535485,0.69017935
5.2169213,3.5941978,-0.98927987,0.021519419,0.78493905
5.217757,3.5929255,-0.98674494,0.050092388,0.8796988
5.219518,3.590262,-0.9803119,0.07866535,0.9744585
5.2219777,3.5865922,-0.96946394,0.10843221,1.0
5.225292,3.5817611,-0.95425683,0.13819906,1.0
5.2296095,3.575669,-0.9348751,0.16796592,1.0
5.2349997,3.5683677,-0.91131866,0.19778419,1.0
5.241547,3.5599222,-0.8835804,0.22760244,1.0
5.2493486,3.5504162,-0.85166025,0.2574207,1.0
5.2585106,3.5399518,-0.81555825,0.2872203,1.0
5.269148,3.5286527,-0.775277,0.31701988,1.0
5.2813816,3.516664,-0.7308165,0.3468195,1.0
5.2953353,3.5041564,-0.6821767,0.37630603,1.0
5.3111167,3.4913373,-0.6294016,0.40579253,1.0
5.3288407,3.478431,-0.57249117,0.43527907,1.0
5.348609,3.4656904,-0.5114454,0.46352327,1.0
5.3704486,3.4534328,-0.4464385,0.49176744,1.0
5.3944144,3.441961,-0.3774705,0.5200116,1.0
5.420533,3.4316056,-0.30454138,0.523,1.0
5.4474907,3.4231322,-0.23119317,0.523,1.0
5.4749966,3.4166572,-0.15784495,0.523,1.0
5.502903,3.4122155,-0.08449672,0.523,1.0
5.53106,3.4098306,-0.0111485,0.523,1.0
5.559316,3.4095156,0.06219972,0.523,1.0
5.587519,3.411272,0.13554794,0.523,0.9732054
5.616676,3.4152486,0.20760806,0.523,0.9464107
5.646594,3.4215505,0.27832833,0.523,0.9196161
5.6770744,3.4302602,0.34765798,0.523,0.8685109
5.708837,3.4417703,0.41419822,0.523,0.8174057
5.741591,3.4561698,0.47777528,0.523,0.76630056
5.7750525,3.4734957,0.53822315,0.523,0.73184025
5.80846,3.4934406,0.59647137,0.523,0.6973799
5.841627,3.51596,0.6524508,0.523,0.6629196
5.8743825,3.5409877,0.706095,0.523,0.6221314
5.9067216,3.5685654,0.756893,0.523,0.5813433
5.9384966,3.5985785,0.8047603,0.523,0.5405551
5.9695854,3.6308954,0.8496173,0.523,0.510412
5.9997163,3.6651678,0.8922014,0.523,0.48026887
6.028831,3.701275,0.93247396,0.523,0.45012575
6.05689,3.7390933,0.97039837,0.523,0.4154818
6.083924,3.7785752,1.0055815,0.523,0.3808379
6.1099286,3.819577,1.0379812,0.523,0.34619394
6.134919,3.8619542,1.0675586,0.523,0.2960585
6.1590443,3.9057772,1.0929897,0.523,0.24592304
6.1823697,3.9508226,1.1142106,0.523,0.19578761
6.2049875,3.9968681,1.1311679,0.523,0.15802215
6.2269692,4.0436053,1.144885,0.523,0.12025669
6.248421,4.090889,1.155342,0.523,0.082491234
6.269458,4.1385775,1.1625243,0.523,0.058923848
6.290186,4.1864953,1.1676576,0.523,0.035356455
6.310691,4.2345724,1.1707388,0.523,0.011789066
6.331059,4.2827396,1.1717664,0.5183519,-0.021374196
6.3511934,4.3304915,1.16992,0.5137038,-0.054537456
6.3712096,4.377719,1.165253,0.5090557,-0.08770072
6.391216,4.424316,1.1578218,0.5030465,-0.15597704
6.4111595,4.469832,1.1447974,0.49703726,-0.22425336
6.431185,4.5139604,1.1263757,0.49102804,-0.29252967
6.451399,4.55641,1.1027757,0.49128443,-0.3
6.472572,4.5982966,1.0785782,0.4915408,-0.3
6.4947634,4.639681,1.0543681,0.49179715,-0.3
6.517963,4.6805367,1.0301455,0.5007522,-0.3
6.542585,4.7215524,1.0054818,0.5097073,-0.3
6.56867,4.762671,0.980377,0.51866233,-0.3
6.5962543,4.803832,0.9548311,0.523,-0.3
6.625121,4.8446136,0.9290716,0.523,-0.3
6.6550283,4.8846383,0.9033121,0.523,-0.3
6.685957,4.923879,0.87755257,0.523,-0.3
6.7178855,4.9623103,0.8517931,0.523,-0.3
6.750794,4.9999065,0.8260336,0.523,-0.3
6.7846594,5.0366426,0.8002741,0.523,-0.3
6.81946,5.072494,0.77451456,0.523,-0.3
6.855172,5.1074376,0.74875504,0.523,-0.3
6.8917727,5.1414495,0.7229955,0.523,-0.3
6.929237,5.174507,0.697236,0.523,-0.3
6.9675407,5.206589,0.6714765,0.523,-0.3
