8.356582,-6.808065,3.0886118,0.4379992,0.0
8.312842,-6.805745,3.0886118,0.46710396,0.07848301
8.266341,-6.8032794,3.0947156,0.49620873,0.15696602
8.217384,-6.8009825,3.1076436,0.523,0.23544903
8.166556,-6.7992563,3.1279778,0.523,0.22866298
8.1156225,-6.798563,-3.135449,0.523,0.22187693
8.064606,-6.7988763,-3.116267,0.523,0.21509089
8.013528,-6.80017,-3.0976624,0.5028161,0.3150788
7.9657674,-6.8022695,-3.0716927,0.48263213,0.41506672
7.92171,-6.805354,-3.0392559,0.4624482,0.51505464
7.8816752,-6.809466,-3.00129,0.4619838,0.61500394
7.8443127,-6.8147426,-2.9568655,0.4615194,0.71495324
7.810055,-6.8211436,-2.9064384,0.46105498,0.81490254
7.7792997,-6.828512,-2.8505232,0.47922182,0.9147012
7.7512956,-6.8369017,-2.7872355,0.4973887,1.0
7.7260914,-6.8462267,-2.7174792,0.51555556,1.0
7.7007036,-6.8576894,-2.645175,0.523,1.0
7.6758566,-6.871148,-2.5718267,0.523,1.0
7.652063,-6.886391,-2.4984787,0.523,1.0
7.62945,-6.9033375,-2.4251304,0.523,1.0
7.60814,-6.921895,-2.351782,0.523,1.0
7.588247,-6.941964,-2.278434,0.523,1.0
7.569878,-6.963437,-2.2050858,0.523,1.0
7.5531325,-6.9861984,-2.1317375,0.523,1.0
7.5381,-7.010126,-2.0583892,0.523,1.0
7.524861,-7.035091,-1.985041,0.523,1.0
7.5134873,-7.0609584,-1.9116929,0.523,1.0
7.50404,-7.08759,-1.8383446,0.523,1.0
7.496569,-7.114843,-1.7649964,0.523,1.0
7.491116,-7.1425695,-1.6916481,0.523,1.0
7.487709,-7.170621,-1.6183,0.523,1.0
7.486367,-7.198847,-1.5449517,0.523,1.0
7.4870977,-7.2270956,-1.4716035,0.523,1.0
7.489896,-7.255214,-1.3982552,0.523,1.0
7.4947476,-7.2830524,-1.3249071,0.523,1.0
7.501626,-7.3104606,-1.2515588,0.523,1.0
7.5104947,-7.3372903,-1.1782106,0.523,1.0
7.5213056,-7.3633986,-1.1048623,0.523,1.0
7.5340004,-7.388644,-1.0315142,0.523,1.0
7.5485115,-7.4128914,-0.95816594,0.523,1.0
7.56476,-7.4360104,-0.8848177,0.523,1.0
7.5826597,-7.457876,-0.8114695,0.523,1.0
7.6021132,-7.4783716,-0.7381213,0.523,1.0
7.6230164,-7.4973865,-0.66477305,0.523,1.0
7.645257,-7.5148177,-0.5914248,0.523,1.0
7.668715,-7.530573,-0.5180766,0.523,1.0
7.6932645,-7.5445666,-0.4447284,0.523,1.0
7.718774,-7.556723,-0.37138018,0.523,1.0
7.7451053,-7.566978,-0.29803196,0.523,1.0
7.772117,-7.575276,-0.22468373,0.523,0.98591524
7.8002663,-7.581709,-0.1520061,0.523,0.9718304
7.8294125,-7.586174,-0.0800135,0.523,0.9577457
7.859408,-7.588579,-0.008720179,0.523,0.95301116
7.8897004,-7.5888433,0.062334895,0.523,0.94827664
7.9201365,-7.5869436,0.13315013,0.523,0.9435421
7.950561,-7.5828686,0.20372394,0.523,0.93303853
7.981056,-7.576568,0.2737565,0.523,0.92253494
8.011459,-7.568031,0.34324008,0.523,0.91203135
8.041607,-7.5572567,0.412167,0.523,0.8879551
8.071844,-7.5440364,0.47978944,0.523,0.86387885
8.101977,-7.528357,0.54606813,0.523,0.8398026
8.131816,-7.510224,0.6109647,0.523,0.81370056
8.161238,-7.489618,0.6743204,0.523,0.78759843
8.190062,-7.4665785,0.736092,0.523,0.76149637
8.218116,-7.441163,0.79623747,0.523,0.73843217
8.245167,-7.4135194,0.8549119,0.523,0.71536803
8.271076,-7.383732,0.9120841,0.523,0.69230384
8.295719,-7.351896,0.96772367,0.523,0.678465
8.318812,-7.318361,1.0224293,0.523,0.66462624
8.340273,-7.2832294,1.0761907,0.523,0.6507874
8.360025,-7.246606,1.1289974,0.523,0.6436076
8.377913,-7.208786,1.1813048,0.523,0.63642776
8.393885,-7.1698756,1.2331103,0.523,0.62924796
8.407893,-7.1299806,1.2844111,0.523,0.6112176
8.419992,-7.088894,1.334433,0.523,0.59318733
8.430147,-7.0467343,1.3831598,0.523,0.575157
8.4383335,-7.003619,1.4305755,0.523,0.56690603
8.444499,-6.9599338,1.4773861,0.523,0.5586551
8.448636,-6.915778,1.5235885,0.523,0.55040413
8.450739,-6.871252,1.5691794,0.523,0.53360695
8.450812,-6.826223,1.6135161,0.523,0.5168097
8.448871,-6.7807946,1.6565859,0.523,0.5000125
8.444938,-6.7350664,1.6983768,0.523,0.4893579
8.439064,-6.6892796,1.7393503,0.523,0.47870323
8.431276,-6.6435165,1.7795017,0.523,0.4680486
8.421606,-6.597854,1.8188266,0.523,0.4531255
8.410062,-6.552271,1.8569862,0.523,0.43820244
8.396693,-6.506839,1.8939722,0.523,0.42327937
8.38155,-6.461623,1.9297761,0.523,0.41300997
8.36472,-6.4167743,1.964762,0.523,0.4027406
8.3462515,-6.3723445,1.9989262,0.523,0.3924712
8.326189,-6.3283825,2.032265,0.523,0.38405624
8.304598,-6.2849646,2.064925,0.523,0.3756413
8.281524,-6.242131,2.0969038,0.523,0.36722633
8.25701,-6.199919,2.128199,0.523,0.35524783
8.231072,-6.158307,2.1585176,0.523,0.34326932
8.203766,-6.117322,2.187855,0.523,0.3312908
8.175148,-6.0769863,2.2162073,0.523,0.32583368
8.145344,-6.0374045,2.2441092,0.523,0.32037657
8.11439,-5.998599,2.2715602,0.523,0.31491944
8.082325,-5.9605894,2.2985592,0.523,0.30028164
8.049092,-5.9232864,2.324342,0.523,0.28564385
8.014757,-5.886691,2.3489034,0.523,0.27100605
7.979386,-5.8508,2.3722382,0.523,0.26478383
7.943125,-5.815685,2.3950496,0.523,0.2585616
7.9060106,-5.781348,2.4173372,0.523,0.2523394
7.868079,-5.7477927,2.4391003,0.523,0.23508272
7.82926,-5.71493,2.4594033,0.523,0.21782601
7.789624,-5.682734,2.4782407,0.523,0.20056932
7.7492414,-5.6511755,2.4956067,0.523,0.19896396
7.7083035,-5.6203127,2.5128355,0.523,0.1973586
7.6668262,-5.5901504,2.5299273,0.523,0.19575323
7.6248264,-5.5606914,2.5468814,0.523,0.17850433
7.5821943,-5.531855,2.5623586,0.523,0.16125543
7.538993,-5.503598,2.576354,0.523,0.14400654
7.495285,-5.4758754,2.5888631,0.523,0.1422904
7.4512224,-5.4486947,2.6012244,0.523,0.14057426
7.4068165,-5.4220543,2.6134374,0.523,0.13885812
7.3620777,-5.3959517,2.6255023,0.523,0.12854609
7.316965,-5.3703556,2.6366765,0.523,0.11823406
7.2715106,-5.345233,2.6469586,0.523,0.10792203
7.225747,-5.32055,2.6563475,0.523,0.10549889
7.179742,-5.296292,2.6655264,0.523,0.10307574
7.133504,-5.2724504,2.6744952,0.523,0.1006526
7.087043,-5.249019,2.683254,0.523,0.09499158
7.0403523,-5.225983,2.6915216,0.523,0.08933057
6.9934483,-5.2033215,2.699298,0.523,0.08366955
6.9463463,-5.1810145,2.7065825,0.523,0.0889935
6.899105,-5.159062,2.7143297,0.523,0.09431744
6.851718,-5.137486,2.722539,0.523,0.09964139
6.8041806,-5.1163106,2.73121,0.5143228,0.101343855
6.757261,-5.0958967,2.7398822,0.50564563,0.10304631
6.710968,-5.076231,2.7485511,0.49696842,0.10474878
6.6653123,-5.0573015,2.7572114,0.48626363,0.11356752
6.620525,-5.039185,2.7663956,0.47555885,0.12238627
6.576608,-5.0218883,2.7760715,0.46485406,0.13120502
6.5335665,-5.0054154,2.7862077,0.4575724,0.13404235
6.4910536,-4.989637,2.7963994,0.4502907,0.13687968
6.449077,-4.9745426,2.80664,0.44300902,0.13971703
6.4076457,-4.9601216,2.8169224,0.43416664,0.14120555
6.366907,-4.9464097,2.8271062,0.42532423,0.14269406
6.3268714,-4.933387,2.8371873,0.41648182,0.14418258
6.2875504,-4.9210334,2.8471608,0.40755507,0.13928086
6.2489266,-4.909321,2.856591,0.39862832,0.13437913
6.2110167,-4.898214,2.865492,0.3897016,0.12947741
6.173836,-4.8876796,2.8738782,0.38200715,0.12237767
6.137272,-4.87765,2.8816502,0.3743127,0.11527793
6.101338,-4.868093,2.8888261,0.36661825,0.1081782
6.0660486,-4.8589783,2.8954232,0.36005792,0.10113558
6.0313067,-4.850249,2.9014819,0.3534976,0.094092965
5.9971232,-4.8418794,2.9070175,0.34693724,0.08705035
5.963507,-4.833846,2.9120445,0.3421054,0.07969529
5.9302998,-4.8260865,2.9165838,0.3372735,0.072340235
5.8975086,-4.818581,2.9206467,0.33244166,0.06498517
5.865141,-4.811311,2.9242446,0.3283769,0.058168955
5.8331304,-4.8042417,2.9274266,0.32431215,0.051352732
5.8014817,-4.797358,2.930201,0.32024738,0.044536512
5.7702007,-4.7906456,2.9325774,0.3169784,0.03867904
5.7392163,-4.784073,2.9346201,0.3137094,0.032821566
5.7085314,-4.77763,2.936336,0.31044042,0.026964093
5.6781497,-4.771305,2.937731,0.3079555,0.021713603
5.6479993,-4.765072,2.9388454,0.3054706,0.016463112
5.618082,-4.7589216,2.9396834,0.30298567,0.011212623
5.588401,-4.752846,2.9402497,0.30113629,0.0059959353
5.558896,-4.746824,2.9405506,0.2992869,0.00077924726
5.52957,-4.740847,2.9405894,0.2974375,-0.0044374405
5.5004253,-4.734909,2.9403694,0.29626423,-0.009749574
5.4713984,-4.7289877,2.939888,0.29509097,-0.015061706
5.4424906,-4.7230763,2.9391472,0.2939177,-0.02037384
5.413705,-4.7171683,2.9381495,0.29282477,-0.024658114
5.385035,-4.7112536,2.9369462,0.29173183,-0.028942388
5.3564825,-4.7053275,2.935539,0.2906389,-0.03322666
5.328049,-4.699384,2.93393,0.28958523,-0.03720365
5.2997327,-4.693418,2.9321346,0.28853157,-0.04118064
5.271534,-4.6874237,2.9301548,0.2874779,-0.04515763
5.243455,-4.6813965,2.9279919,0.28648552,-0.048764832
5.215491,-4.675331,2.9256644,0.2854931,-0.05237203
5.1876426,-4.6692224,2.9231737,0.28450072,-0.055979233
5.159912,-4.6630673,2.9205208,0.28340778,-0.059245467
5.1323094,-4.6568637,2.917724,0.28231484,-0.0625117
5.1048365,-4.6506085,2.9147844,0.2812219,-0.065777935
5.0774937,-4.6442986,2.9117036,0.2802192,-0.06946038
5.050275,-4.6379285,2.9084623,0.27921647,-0.07314283
5.023181,-4.631495,2.9050615,0.27821374,-0.076825276
4.996214,-4.624995,2.9015026,0.27788818,-0.08042901
4.96931,-4.6184087,2.8977816,0.27756262,-0.08403275
4.942469,-4.6117315,2.8938987,0.27723706,-0.087636486
4.9156947,-4.604961,2.8898547,0.27695486,-0.09111826
4.8889837,-4.5980906,2.8856544,0.27667266,-0.09460004
4.862337,-4.591118,2.8812988,0.27639046,-0.09808181
4.8357577,-4.5840387,2.876788,0.27618837,-0.10117982
4.809238,-4.5768476,2.8721385,0.27598625,-0.10427783
4.7827797,-4.5695405,2.8673506,0.27578413,-0.10737583
4.7563844,-4.5621147,2.8624246,0.27635497,-0.11050491
4.729981,-4.554546,2.857345,0.27692577,-0.11363398
4.7035713,-4.54683,2.8521118,0.27749658,-0.11676306
4.677157,-4.538963,2.8467238,0.27892622,-0.11934313
4.650658,-4.5309143,2.841189,0.28035587,-0.1219232
4.624077,-4.5226803,2.8355062,0.28178555,-0.12450327
4.597416,-4.514255,2.829674,0.28325707,-0.12944432
4.5706825,-4.505635,2.82358,0.2847286,-0.13438535
4.5438814,-4.4968123,2.817222,0.28620014,-0.1393264
4.517017,-4.487779,2.8105977,0.28812537,-0.14874667
4.490069,-4.478519,2.803481,0.29005063,-0.15816696
4.4630475,-4.469018,2.7958667,0.2919759,-0.16758724
4.4359627,-4.459262,2.7877498,0.29537266,-0.17810266
4.4086933,-4.449189,2.7790282,0.29876947,-0.18861806
4.381254,-4.4387803,2.7696915,0.30216628,-0.19913349
4.3536596,-4.428017,2.7597291,0.30755347,-0.21240063
4.325761,-4.416814,2.7489233,0.31294066,-0.22566777
4.2975817,-4.4051423,2.737253,0.31832784,-0.23893493
4.2691474,-4.392975,2.7246966,0.32389882,-0.25808477
4.2405124,-4.380294,2.7109184,0.3294698,-0.2772346
4.211717,-4.367064,2.6958892,0.3350408,-0.29638445
4.182804,-4.3532505,2.6795805,0.34074822,-0.3
4.153664,-4.33874,2.6627975,0.34645566,-0.3
4.124288,-4.3234916,2.6457334,0.3521631,-0.3
4.0946965,-4.307484,2.6283882,0.35875732,-0.3
4.0648384,-4.290657,2.610718,0.36535156,-0.3
4.034739,-4.272986,2.5927234,0.3719458,-0.3
4.004425,-4.2544475,2.5744038,0.37941483,-0.3
3.9738538,-4.2349734,2.5557163,0.38688385,-0.3
3.9430573,-4.2145367,2.536661,0.39435288,-0.3
3.912069,-4.1931114,2.5172377,0.401724,-0.3
3.8809311,-4.170676,2.4974515,0.4090951,-0.3
3.8496804,-4.147207,2.477302,0.41646624,-0.3
3.8183544,-4.1226788,2.4567897,0.42321992,-0.3
3.787038,-4.0971045,2.4359448,0.42997363,-0.3
3.7557707,-4.070465,2.414767,0.43672734,-0.3
3.7245922,-4.042741,2.393257,0.4414506,-0.3
3.6936867,-4.0140452,2.3715138,0.44617385,-0.3
3.6630883,-3.9843702,2.3495383,0.4508971,-0.3
3.6328325,-3.953709,2.32733,0.45459926,-0.3
3.6030223,-3.922126,2.3049395,0.45830142,-0.3
3.5736897,-3.8896213,2.2823668,0.46200356,-0.3
3.5448673,-3.8561947,2.2596116,0.46539026,-0.3
3.516607,-3.8218713,2.2366896,0.46877697,-0.3
3.4889412,-3.7866547,2.2136006,0.4721637,-0.3
3.461902,-3.7505498,2.190345,0.47535747,-0.3
3.4355323,-3.7135775,2.166932,0.47855127,-0.3
3.4098642,-3.6757457,2.1433618,0.48174503,-0.3
3.3849294,-3.6370628,2.1196342,0.48439392,-0.3
3.3607874,-3.5975833,2.095776,0.4870428,-0.3
3.3374672,-3.5573204,2.0717876,0.4896917,-0.3
3.3149981,-3.5162873,2.0476687,0.49218243,-0.3
3.2934158,-3.4745133,2.023427,0.49467316,-0.3
3.2727482,-3.4320142,1.9990628,0.49716386,-0.3
3.2530236,-3.3888078,1.9745758,0.5006665,-0.3
3.2342312,-3.3448236,1.9499162,0.5041691,-0.3
3.2164052,-3.3000786,1.9250842,0.5076717,-0.3
3.1995795,-3.2545912,1.9000796,0.5113556,-0.3
3.1837826,-3.208364,1.8748937,0.5150394,-0.3
3.1690495,-3.161418,1.8495263,0.5187232,-0.3
3.1554148,-3.113775,1.8239774,0.5216542,-0.3
3.142932,-3.0655284,1.7982842,0.523,-0.3
3.1316636,-3.0168514,1.7725246,0.523,-0.3
3.1216526,-2.9679005,1.7467651,0.523,-0.3
3.1129057,-2.918708,1.7210056,0.523,-0.3
3.1054287,-2.8693066,1.6952461,0.523,-0.3
3.0992267,-2.8197289,1.6694866,0.523,-0.3
3.0943038,-2.7700078,1.6437271,0.523,-0.3
3.0906632,-2.7201767,1.6179676,0.523,-0.3
3.0883071,-2.670268,1.592208,0.523,-0.3
3.0872374,-2.6203153,1.5664486,0.523,-0.3
3.0874546,-2.5703518,1.540689,0.523,-0.3
3.0889587,-2.5204103,1.5149295,0.523,-0.3
3.0917487,-2.4705243,1.48917,0.523,-0.3
3.0958226,-2.4207265,1.4634105,0.523,-0.3
3.1011777,-2.3710501,1.437651,0.523,-0.3
3.1078105,-2.3215282,1.4118915,0.523,-0.3
3.1157167,-2.2721937,1.386132,0.523,-0.3
3.1248908,-2.223079,1.3603724,0.523,-0.3
3.135327,-2.174217,1.334613,0.523,-0.3
3.1470184,-2.1256402,1.3088534,0.523,-0.3
3.159957,-2.0773804,1.2830939,0.523,-0.3
3.1741343,-2.0294697,1.2573344,0.523,-0.3
3.1895409,-1.9819404,1.2315749,0.523,-0.3
3.2061665,-1.9348235,1.2058154,0.523,-0.3
3.2240002,-1.8881506,1.1800559,0.523,-0.3
3.2430303,-1.8419523,1.1542964,0.523,-0.3
3.263244,-1.7962596,1.1285368,0.523,-0.3
3.2846277,-1.7511028,1.1027774,0.523,-0.3
3.3071675,-1.7065116,1.0770178,0.523,-0.3
3.3308482,-1.6625159,1.0512583,0.523,-0.3
3.3556542,-1.6191446,1.0254987,0.523,-0.3
3.3815694,-1.5764266,0.9997393,0.523,-0.3
3.408576,-1.5343903,0.9739798,0.523,-0.3
3.4366565,-1.4930636,0.94822025,0.523,-0.3
3.465792,-1.4524738,0.92246073,0.523,-0.3
3.4959633,-1.4126478,0.8967013,0.523,-0.3
3.5271504,-1.3736123,0.87094176,0.523,-0.3
3.5593326,-1.335393,0.84518224,0.523,-0.3
3.5924885,-1.2980152,0.8194227,0.523,-0.3
3.6265962,-1.2615039,0.7936632,0.523,-0.3
3.661633,-1.2258831,0.7679037,0.523,-0.3
3.6975756,-1.1911767,0.74214417,0.523,-0.29620862
3.7344432,-1.1573681,0.71670055,0.523,-0.29241723
3.7722023,-1.1244706,0.69157326,0.523,-0.28862587
3.8108196,-1.0924959,0.66676253,0.523,-0.2524595
3.8506157,-1.0611765,0.6449895,0.523,-0.21629314
3.8914351,-1.0304669,0.62628263,0.523,-0.18012679
3.9331236,-1.0003079,0.61066633,0.523,-0.16032574
3.9754217,-0.970703,0.59675103,0.523,-0.1405247
4.018256,-0.94160235,0.5845423,0.523,-0.12072365
4.061555,-0.9129523,0.5740447,0.523,-0.1012993
4.1052465,-0.88469726,0.5652299,0.523,-0.081874944
4.1492643,-0.85677874,0.5581011,0.523,-0.062450588
4.193542,-0.82913584,0.55266106,0.523,-0.042268872
4.238016,-0.8017053,0.5489777,0.523,-0.022087157
4.2826204,-0.774421,0.54705256,0.523,-0.0019054413
4.3272877,-0.74721605,0.5468865,0.523,0.019310832
4.371951,-0.7200235,0.5485697,0.523,0.040527105
4.4165406,-0.69277316,0.5521013,0.523,0.06174338
4.460985,-0.66539526,0.55747986,0.523,0.07794364
4.505232,-0.63781,0.56426704,0.523,0.09414389
4.5492287,-0.609964,0.5724611,0.523,0.11034415
4.592923,-0.5818053,0.58206,0.523,0.12879805
4.636249,-0.5532917,0.5932559,0.523,0.14725196
4.6791434,-0.5243691,0.606045,0.523,0.16570587
4.72154,-0.494986,0.620423,0.523,0.17857383
4.7634163,-0.46506336,0.6359061,0.523,0.1914418
4.8047247,-0.4345695,0.6524917,0.523,0.20430976
4.8454165,-0.40347508,0.67017704,0.523,0.21849635
4.8854303,-0.3717626,0.6890715,0.523,0.23268293
4.92471,-0.3394053,0.7091711,0.523,0.24686952
4.9631968,-0.30637985,0.730472,0.523,0.2549151
5.000894,-0.27261186,0.75245225,0.523,0.26296064
5.037761,-0.2380971,0.7751104,0.523,0.27100623
5.073758,-0.20283362,0.798445,0.523,0.27537677
5.108879,-0.16678403,0.8221465,0.523,0.2797473
5.143093,-0.12995811,0.8462143,0.523,0.28411785
5.176369,-0.09236709,0.870648,0.523,0.2843903
5.208714,-0.053977374,0.8951046,0.523,0.28466275
5.240108,-0.01481129,0.9195839,0.523,0.2849352
5.2705317,0.0251083,0.9440861,0.523,0.28395253
5.2999763,0.06577296,0.968506,0.523,0.28296983
5.3284273,0.1071563,0.9928437,0.523,0.28198713
5.355871,0.14923176,1.0170991,0.523,0.27937222
5.382306,0.19199266,1.0411355,0.523,0.2767573
5.4077244,0.23540893,1.0649527,0.523,0.27414238
5.43212,0.27945077,1.0885506,0.523,0.2724249
5.4554806,0.32407746,1.1120044,0.523,0.27070743
5.477799,0.36926132,1.1353139,0.523,0.26898995
5.4990683,0.4149748,1.1584791,0.523,0.2671779
5.519283,0.46119168,1.181492,0.523,0.26536584
5.5384383,0.50788456,1.2043525,0.523,0.26355377
5.5565305,0.55502623,1.2270607,0.523,0.26457196
5.5735426,0.6025534,1.2498543,0.523,0.26559016
5.5894623,0.65044284,1.2727338,0.523,0.2666084
5.6042786,0.69867045,1.2956988,0.523,0.26323938
5.617996,0.74727005,1.3183804,0.523,0.25987038
5.630619,0.7962123,1.3407784,0.523,0.25650138
5.6421533,0.8454689,1.3628924,0.523,0.257248
5.652593,0.8949587,1.3850693,0.523,0.25799465
5.6619315,0.9446581,1.4073092,0.523,0.2587413
5.6701603,0.994543,1.429612,0.523,0.2552631
5.6772814,1.0446448,1.4516215,0.523,0.25178486
5.6833034,1.0949365,1.4733377,0.523,0.24830665
5.688236,1.1453918,1.49476,0.523,0.24841519
5.692087,1.1959399,1.5161915,0.523,0.24852373
5.694854,1.2465576,1.5376322,0.523,0.24863227
5.6965346,1.2972214,1.559082,0.523,0.23981543
5.6971297,1.3480213,1.5797862,0.523,0.23099859
5.6966724,1.39893,1.5997429,0.523,0.22218175
5.6951957,1.449923,1.6189508,0.523,0.21643896
5.692737,1.5009435,1.6376702,0.523,0.21069619
5.689319,1.5519726,1.6559002,0.523,0.2049534
5.684967,1.6029928,1.6736405,0.523,0.20039245
5.679705,1.6539754,1.6909914,0.523,0.1958315
5.673554,1.7049055,1.7079525,0.523,0.19127056
5.6665335,1.7557696,1.7245234,0.523,0.18572755
5.658663,1.806564,1.7406198,0.523,0.18018454
5.6499667,1.8572772,1.756241,0.523,0.17464152
5.64047,1.9078985,1.7713866,0.523,0.17601101
5.6302104,1.958358,1.7866498,0.523,0.1773805
5.6191845,2.0086427,1.8020306,0.523,0.17875
5.6073895,2.0587397,1.8175287,0.523,0.1719986
5.5948043,2.1087074,1.8324475,0.523,0.16524722
5.58146,2.158539,1.846786,0.523,0.15849583
5.567387,2.208229,1.8605438,0.523,0.15257697
5.552618,2.2577667,1.8737919,0.523,0.14665812
5.53718,2.3071485,1.8865298,0.523,0.14073926
5.521101,2.3563716,1.8987572,0.523,0.13233398
5.5044017,2.4054513,1.9102587,0.523,0.1239287
5.48712,2.4543886,1.9210335,0.523,0.11552342
5.4692945,2.503186,1.9310808,0.523,0.106679246
5.4509616,2.5518498,1.9403621,0.523,0.09783508
5.432161,2.6003857,1.9488765,0.523,0.088990904
5.412931,2.6487997,1.9566233,0.523,0.077063166
5.3933077,2.6971111,1.963334,0.523,0.065135434
5.3733435,2.7453308,1.9690076,0.523,0.053207695
5.3530917,2.7934704,1.9736433,0.523,0.042553492
5.332607,2.84154,1.9773514,0.523,0.031899285
5.3119354,2.8895526,1.9801315,0.523,0.021245081
5.291125,2.9375212,1.9819833,0.523,0.008853746
5.270221,2.9854598,1.9827551,0.523,-0.0035375892
5.2492805,3.033384,1.9824467,0.523,-0.015928924
5.228357,3.0813088,1.9810582,0.523,-0.02086841
5.2075014,3.1292584,1.9792393,0.523,-0.025807893
5.1867356,3.1772404,1.97699,0.523,-0.030747378
5.166081,3.225262,1.9743103,0.523,-0.035979755
5.1455584,3.2733305,1.9711747,0.523,-0.04121213
5.125191,3.3214533,1.9675834,0.523,-0.046444505
5.105001,3.369638,1.9635365,0.50593096,-0.06660573
5.085681,3.4162755,1.9579244,0.4888619,-0.08676695
5.0672946,3.4613738,1.9508637,0.47179285,-0.10692818
5.0498915,3.504936,1.9424717,0.45098084,-0.11660905
5.033624,3.5466695,1.9337268,0.43016887,-0.12628993
5.018474,3.586564,1.9246966,0.40935686,-0.13597082
5.0044184,3.6246085,1.9154483,0.3968196,-0.16120796
4.991185,3.6614726,1.9048327,0.38428232,-0.1864451
4.9788046,3.6971476,1.8929604,0.37174505,-0.21168225
4.967297,3.7316225,1.8799429,0.3586985,-0.19784637
4.9565964,3.7651253,1.8681921,0.3456519,-0.1840105
4.946639,3.7976153,1.8576512,0.33260533,-0.17017463
4.937364,3.8290558,1.8482631,0.32517552,-0.12233552
4.9285235,3.860096,1.8416495,0.31774572,-0.07449642
4.920046,3.8906271,1.8377081,0.3103159,-0.026657313
4.911864,3.9205494,1.8363296,0.30316845,-0.015775865
4.903909,3.9498,1.8355324,0.29602098,-0.0048944177
4.8961635,3.9783704,1.835291,0.28887352,0.0059870305
