6.956419,-9.656384,3.0076368,0.67379856,0.0
6.8896427,-9.647386,3.0076368,0.523,-0.09994735
6.83807,-9.640436,2.9989393,0.49543846,-0.1998947
6.7900057,-9.633533,2.982543,0.46787694,-0.29984203
6.74587,-9.626452,2.9595103,0.4442876,-0.3
6.7041273,-9.618767,2.9376278,0.42069826,-0.3
6.6647696,-9.610626,2.9169068,0.3971089,-0.3
6.6277857,-9.602174,2.897348,0.38015425,-0.3
6.592546,-9.593391,2.878624,0.3631996,-0.3
6.559041,-9.584372,2.8607352,0.34624493,-0.3
6.5272593,-9.575203,2.8436816,0.340097,-0.3
6.4961996,-9.565666,2.8269305,0.3339491,-0.3
6.4658628,-9.555793,2.8104825,0.3278012,-0.3
6.436248,-9.545611,2.7943373,0.32512632,-0.3
6.407041,-9.535041,2.7783237,0.32245144,-0.3
6.3782463,-9.524096,2.7624419,0.31977656,-0.3
6.349867,-9.512788,2.7466917,0.3165398,-0.3
6.321954,-9.501154,2.731101,0.31330302,-0.3
6.2945094,-9.48921,2.7156699,0.31006625,-0.3
6.2675343,-9.476972,2.700398,0.3087361,-0.3
6.240864,-9.464376,2.6851916,0.3074059,-0.3
6.2145023,-9.451433,2.6700509,0.30607572,-0.3
6.1884527,-9.43815,2.6549757,0.30469403,-0.3
6.162723,-9.424539,2.6399684,0.30331233,-0.3
6.137316,-9.410605,2.6250293,0.30193067,-0.3
6.1122355,-9.3963585,2.6101582,0.30091727,-0.3
6.0874524,-9.38179,2.5953372,0.29990384,-0.3
6.062971,-9.366906,2.5805657,0.29889044,-0.3
6.038794,-9.351714,2.5658445,0.2983406,-0.3
6.0148873,-9.336196,2.55115,0.2977907,-0.3
5.991255,-9.320357,2.536483,0.29724082,-0.3
5.9679008,-9.304204,2.5218427,0.29705483,-0.3
5.9447994,-9.287721,2.507212,0.29686883,-0.3
5.9219565,-9.270912,2.4925902,0.29668286,-0.3
5.899376,-9.253781,2.4779775,0.29680318,-0.3
5.877039,-9.236316,2.4633589,0.29692352,-0.3
5.8549504,-9.218518,2.4487345,0.29704386,-0.3
5.833116,-9.200393,2.434104,0.29712066,-0.3
5.8115435,-9.181945,2.4194698,0.29719746,-0.3
5.790238,-9.1631775,2.404832,0.29727426,-0.3
5.7692037,-9.144096,2.3901901,0.29786104,-0.3
5.74841,-9.12467,2.3755195,0.2984478,-0.3
5.7278633,-9.104903,2.3608198,0.29903457,-0.3
5.7075696,-9.084796,2.3460915,0.3010339,-0.3
5.687441,-9.064256,2.3312645,0.30303326,-0.3
5.6674867,-9.043282,2.316339,0.3050326,-0.3
5.6477184,-9.021872,2.301315,0.30841085,-0.3
5.6280584,-8.999926,2.286125,0.31178913,-0.3
5.608523,-8.977441,2.2707682,0.3151674,-0.3
5.5891266,-8.9544115,2.2552452,0.31972674,-0.3
5.5698147,-8.930746,2.2394977,0.3242861,-0.3
5.550608,-8.906439,2.2235253,0.32884547,-0.3
5.5315275,-8.881481,2.2073286,0.33572775,-0.3
5.5124626,-8.855689,2.190793,0.34261006,-0.3
5.493445,-8.82905,2.1739182,0.34949234,-0.3
5.474507,-8.801552,2.1567047,0.35921958,-0.3
5.4555306,-8.772959,2.1390119,0.36894682,-0.3
5.4365635,-8.74325,2.1208398,0.37867406,-0.3
5.417653,-8.71241,2.1021888,0.39244816,-0.28194425
5.3985515,-8.679913,2.0839908,0.40622225,-0.26388848
5.379298,-8.645749,2.0663314,0.41999638,-0.24583271
5.3599277,-8.609912,2.049296,0.43513715,-0.23314819
5.3404336,-8.57233,2.03254,0.45027792,-0.22046366
5.320859,-8.532993,2.0161288,0.4654187,-0.20777914
5.301242,-8.491895,2.000127,0.48322132,-0.23757
5.281692,-8.449192,1.9811735,0.501024,-0.26736087
5.262414,-8.4048815,1.9591129,0.5188266,-0.2971517
5.2436304,-8.358967,1.9337943,0.523,-0.2986684
5.225882,-8.312239,1.9081457,0.523,-0.3
5.2093444,-8.265091,1.8823862,0.523,-0.3
5.194027,-8.217533,1.8566266,0.523,-0.28272283
5.179866,-8.169347,1.8323096,0.523,-0.26544565
5.1668177,-8.120595,1.8094424,0.523,-0.24816845
5.1548333,-8.071334,1.7880317,0.523,-0.24946415
5.1439104,-8.021844,1.7665117,0.523,-0.25075987
5.1340575,-7.972147,1.7448821,0.523,-0.25205556
5.125285,-7.922265,1.7231431,0.523,-0.21103053
5.117524,-7.8717175,1.7048845,0.523,-0.17000549
5.1106334,-7.8206344,1.690137,0.523,-0.12898044
5.1044583,-7.7691374,1.6789254,0.523,-0.1285808
5.0988607,-7.717572,1.6677482,0.523,-0.12818114
5.0938396,-7.665945,1.6566057,0.523,-0.1277815
5.0893936,-7.614262,1.6454977,0.523,-0.09157776
5.085507,-7.5623264,1.6375263,0.523,-0.055374034
5.082025,-7.510223,1.632702,0.523,-0.019170303
5.0787897,-7.4580326,1.6310312,0.523,-0.014289886
5.0756416,-7.405833,1.6297855,0.523,-0.00940947
5.0725584,-7.3536263,1.6289654,0.523,-0.004529053
5.069518,-7.301415,1.6285706,0.523,0.028795272
5.066499,-7.249224,1.6310803,0.523,0.062119596
5.0633545,-7.1971197,1.6364915,0.523,0.09544392
5.059937,-7.14517,1.6447984,0.523,0.10495036
5.0560913,-7.0933003,1.6539298,0.523,0.1144568
5.051777,-7.041522,1.6638849,0.523,0.123963244
5.0469527,-6.9898477,1.6746627,0.523,0.15172215
5.0415926,-6.9384274,1.6878371,0.523,0.17948106
5.0355835,-6.8873196,1.703398,0.523,0.20723997
5.0288167,-6.836588,1.7213334,0.523,0.21543889
5.0211544,-6.7860746,1.7399676,0.523,0.2236378
5.012568,-6.735805,1.7592993,0.523,0.23183672
5.00303,-6.685806,1.7793272,0.523,0.24855071
4.9925356,-6.6362114,1.80077,0.523,0.2652647
4.9810305,-6.5870695,1.8236221,0.523,0.2819787
4.968465,-6.538432,1.8478768,0.523,0.29075703
4.9547586,-6.490238,1.8728656,0.523,0.29953536
4.9398923,-6.4425297,1.8985864,0.523,0.3083137
4.923848,-6.395349,1.9250373,0.523,0.31468126
4.9065976,-6.348705,1.9520165,0.523,0.32104883
4.888133,-6.30264,1.9795231,0.523,0.32741642
4.868451,-6.2571974,2.0075557,0.523,0.31614006
4.8474245,-6.212156,2.0346558,0.523,0.30486372
4.825104,-6.167539,2.0608199,0.523,0.29358736
4.8015428,-6.123368,2.086045,0.523,0.2959492
4.776892,-6.0798364,2.111467,0.523,0.29831105
4.7511616,-6.036977,2.1370857,0.523,0.3006729
4.7243614,-5.994821,2.1629014,0.523,0.2861103
4.6963587,-5.9531884,2.1875017,0.523,0.2715477
4.6672196,-5.912086,2.2108817,0.523,0.2569851
4.637008,-5.8715167,2.2330365,0.523,0.25210842
4.6058664,-5.831576,2.25478,0.523,0.24723177
4.573824,-5.7922726,2.2761116,0.523,0.2423551
4.54091,-5.753615,2.2970307,0.523,0.23737179
4.5071535,-5.7156076,2.3175278,0.523,0.23238848
4.472584,-5.6782556,2.3376024,0.523,0.22740518
4.4372306,-5.6415625,2.3572543,0.523,0.23285392
4.401209,-5.605617,2.3773685,0.523,0.23830266
4.364519,-5.5704494,2.3979445,0.523,0.2437514
4.327164,-5.53609,2.4189816,0.523,0.23464411
4.28901,-5.5024495,2.4392476,0.523,0.22553681
4.2500987,-5.4695187,2.4587407,0.523,0.2164295
4.210472,-5.437287,2.4774592,0.523,0.22020794
4.1702833,-5.405829,2.496499,0.523,0.22398639
4.129537,-5.375168,2.5158606,0.523,0.22776484
4.088241,-5.3453274,2.5355427,0.523,0.19924499
4.046106,-5.3161254,2.5527956,0.523,0.17072515
4.003245,-5.2875023,2.567605,0.523,0.1422053
3.9597697,-5.259391,2.5799587,0.523,0.12673101
3.9158587,-5.231761,2.590976,0.523,0.11125671
3.8715641,-5.204566,2.600654,0.523,0.095782414
3.8269367,-5.1777577,2.6089902,0.523,0.09543538
3.782086,-5.151322,2.6172962,0.523,0.09508835
3.7370155,-5.125259,2.6255722,0.523,0.09474131
3.6917295,-5.0995684,2.6338181,0.5129289,0.11799743
3.64722,-5.0748014,2.6438823,0.50285774,0.14125356
3.603475,-5.0510335,2.6556814,0.49278665,0.16450968
3.5604887,-5.0283303,2.6691318,0.4678585,0.1288203
3.5191734,-5.0072155,2.679149,0.44293034,0.09313091
3.4797044,-4.9875402,2.6860142,0.4180022,0.057441525
3.4422295,-4.969179,2.6900136,0.39895627,0.025669474
3.406345,-4.951775,2.6917202,0.37991032,-0.0061025796
3.3721344,-4.935255,2.691334,0.36086437,-0.03787463
3.3396678,-4.9195614,2.6890566,0.35455486,-0.016980749
3.307786,-4.904061,2.6880531,0.34824535,0.0039131343
3.2764823,-4.8888025,2.6882803,0.34193587,0.024807017
