8.356582,-6.808065,3.0886118,0.4379992,0.0
8.312842,-6.805745,3.0886118,0.41527405,-0.098064065
8.271573,-6.8035564,3.0818355,0.39254892,-0.19612813
8.233139,-6.801257,3.0690858,0.36982378,-0.2941922
8.197839,-6.798693,3.051213,0.34970805,-0.3
8.164566,-6.7956777,3.0339887,0.32959232,-0.3
8.133261,-6.7922964,3.0177553,0.30947658,-0.3
8.103922,-6.7886443,3.0025125,0.29242018,-0.3
8.076256,-6.7847714,2.9881098,0.27536374,-0.3
8.050259,-6.78075,2.9745471,0.25830734,-0.3
8.025926,-6.7766466,2.9618247,0.24165711,-0.3
8.003211,-6.7725186,2.9499223,0.22500688,-0.3
7.9821086,-6.768424,2.93884,0.20835665,-0.3
7.962611,-6.7644157,2.9285777,0.19048627,-0.3
7.9448247,-6.7605686,2.9191957,0.1726159,-0.3
7.9287405,-6.7569313,2.9106936,0.15474552,-0.3
7.914349,-6.753548,2.9030719,0.1360785,-0.3
7.901717,-6.7504764,2.8963697,0.11741148,-0.3
7.8908362,-6.7477536,2.8905866,0.09874445,-0.3
7.881698,-6.7454104,2.885723,0.077023044,-0.24609108
7.874471,-6.74352,2.882596,0.055301636,-0.19218215
7.869224,-6.7421293,2.8808355,0.03358023,-0.13827324
7.86601,-6.741272,2.880064,0.006159571,-0.052239776
7.865416,-6.7411127,2.8800104,-0.021261087,0.033793688
7.867469,-6.7416625,2.8798907,-0.048681743,0.11982715
7.8721375,-6.742913,2.8789208,-0.078411214,0.2183603
7.87953,-6.7449007,2.8760898,-0.10814068,0.31689346
7.8894453,-6.7475967,2.8704734,-0.13787015,0.4154266
7.901599,-6.750975,2.8611999,-0.16779354,0.5152474
7.91563,-6.755016,2.8474197,-0.19771692,0.6150682
7.931084,-6.759698,2.8284054,-0.22764032,0.71488893
7.9474387,-6.764994,2.8035345,-0.25746948,0.81398505
7.964116,-6.7708573,2.7723365,-0.28729865,0.91308117
7.980495,-6.777196,2.7344422,-0.31712782,1.0
7.996229,-6.7839813,2.6899667,-0.3469449,1.0
8.013095,-6.7921624,2.6413093,-0.37676197,1.0
8.030957,-6.8019266,2.5884702,-0.40657905,1.0
8.049648,-6.8134675,2.5314496,-0.43650022,1.0
8.068977,-6.8269806,2.4702325,-0.4664214,1.0
8.088709,-6.842657,2.404819,-0.49634257,1.0
8.108571,-6.860676,2.3352094,-0.523,1.0
8.128129,-6.881072,2.2618613,-0.523,1.0
8.146139,-6.9028463,2.188513,-0.523,1.0
8.162505,-6.9258823,2.1151648,-0.523,1.0
8.177139,-6.9500556,2.0418165,-0.523,1.0
8.189963,-6.9752364,1.9684683,-0.523,1.0
8.200907,-7.001289,1.8951201,-0.523,1.0
8.209911,-7.028074,1.8217719,-0.523,1.0
8.216929,-7.055446,1.7484237,-0.523,1.0
8.221922,-7.083259,1.6750755,-0.523,0.9856059
8.224929,-7.1119905,1.6024127,-0.523,0.97121185
8.225862,-7.1414886,1.5304506,-0.523,0.95681775
8.224647,-7.1715956,1.4592038,-0.523,0.9073625
8.22106,-7.203603,1.3905268,-0.523,0.8579073
8.214927,-7.237254,1.3245872,-0.523,0.80845207
8.206123,-7.272284,1.2615467,-0.523,0.7763482
8.194767,-7.307829,1.2004708,-0.523,0.7442443
8.180843,-7.343693,1.1414227,-0.523,0.7121404
8.164363,-7.3796883,1.0844632,-0.523,0.6737499
8.14526,-7.415821,1.0300782,-0.523,0.63535947
8.123591,-7.45191,0.9783476,-0.523,0.596969
8.099439,-7.487793,0.9293479,-0.523,0.5491626
8.072746,-7.5235357,0.8838492,-0.523,0.50135624
8.04366,-7.5589967,0.8419556,-0.523,0.45354986
8.01235,-7.594065,0.8037627,-0.50885546,0.4033461
7.979869,-7.6277614,0.7704752,-0.4947109,0.35314232
7.94656,-7.660091,0.74195945,-0.48056635,0.30293855
7.9127483,-7.6910853,0.7180652,-0.46678165,0.28824714
7.8790464,-7.7205296,0.6959497,-0.45299694,0.27355576
7.845574,-7.748492,0.67555296,-0.43921223,0.25886437
7.8124413,-7.775042,0.6568145,-0.42778975,0.22238618
7.7793975,-7.8005195,0.64108914,-0.41636723,0.18590802
7.746603,-7.824992,0.62826234,-0.40494472,0.14942984
7.7142057,-7.848527,0.61821467,-0.39823446,0.13319458
7.6820407,-7.871403,0.60940033,-0.39152417,0.11695932
7.650155,-7.89366,0.60178566,-0.38481387,0.10072406
7.6185946,-7.9153347,0.59533656,-0.3765671,0.092132166
7.5875487,-7.9363627,0.5895624,-0.36832035,0.08354028
7.5570416,-7.9567695,0.5844401,-0.36007357,0.0749484
7.527095,-7.97658,0.5799465,-0.3492638,0.097530715
7.4980183,-7.9956284,0.5742782,-0.33845404,0.12011303
7.4698067,-8.013882,0.567519,-0.32764426,0.14269535
7.442459,-8.031315,0.55975324,-0.3114104,0.14159742
7.416335,-8.047685,0.5524286,-0.2951765,0.1404995
7.3914557,-8.063022,0.54553926,-0.27894264,0.13940158
7.3678417,-8.077354,0.5390794,-0.26271248,0.13236272
7.3454933,-8.090723,0.53330076,-0.24648233,0.12532386
7.3244343,-8.103155,0.5281659,-0.23025218,0.118285015
7.3046856,-8.114678,0.52363724,-0.21056958,0.12516282
7.286593,-8.125125,0.5192561,-0.19088696,0.13204065
7.2701645,-8.134515,0.5150675,-0.17120434,0.13891846
7.255409,-8.142867,0.5111163,-0.14669648,0.17558314
7.2428107,-8.149932,0.5068455,-0.12218861,0.21224782
7.2323675,-8.15573,0.50255543,-0.097680755,0.24891248
7.224071,-8.160291,0.49854484,-0.069726214,0.2937602
7.2182097,-8.163482,0.49517992,-0.04177167,0.33860794
7.214743,-8.165354,0.49286735,-0.013817125,0.38345566
7.213614,-8.16596,0.4920058,0.015858931,0.45842987
7.2148676,-8.165288,0.49317548,0.045534987,0.53340405
7.2183213,-8.163432,0.49703434,0.07521104,0.6083783
7.2237463,-8.160489,0.5041987,0.10517666,0.69757414
7.230804,-8.156595,0.5154589,0.13514228,0.7867699
7.2391067,-8.151891,0.53140736,0.16510789,0.8759658
7.24822,-8.146534,0.55254567,0.19509226,0.89309484
7.258632,-8.140114,0.5778757,0.22507662,0.91022384
7.2702,-8.13257,0.6074973,0.25506097,0.92735285
7.2827644,-8.123836,0.64150685,0.2850525,0.84536093
7.2979164,-8.112518,0.67705345,0.31504402,0.76336896
7.315658,-8.098258,0.7133549,0.34503552,0.681377
7.3359227,-8.080721,0.74957573,0.37503302,0.58410424
7.358823,-8.059405,0.78404456,0.4050305,0.4868315
7.3841696,-8.034127,0.8156253,0.435028,0.3895587
7.411753,-8.004824,0.8431611,0.46500686,0.29093072
7.4413815,-7.9715586,0.86539185,0.4949857,0.1923027
7.472882,-7.9345675,0.88115877,0.523,0.09367469
7.506012,-7.8943963,0.88931215,0.523,0.0116003575
7.538956,-7.8537807,0.8903233,0.523,-0.07047398
7.5717797,-7.81323,0.8841854,0.523,-0.15254831
7.6045485,-7.773251,0.8709398,0.523,-0.21048424
7.637492,-7.734128,0.8527278,0.523,-0.26842016
7.6706696,-7.696152,0.8296104,0.523,-0.3
7.7044034,-7.6592956,0.8038509,0.49340788,-0.29801214
7.737134,-7.6253343,0.7797051,0.46381575,-0.2960243
7.768682,-7.5941434,0.7571544,0.43422362,-0.29403645
7.798887,-7.5655985,0.7361801,0.40425915,-0.23720922
7.828005,-7.539214,0.7203472,0.37429464,-0.18038198
7.8556795,-7.5149245,0.7091555,0.34433013,-0.123554744
7.8816123,-7.492673,0.70208293,0.31440797,-0.061424293
7.905572,-7.4724064,0.69886625,0.28448582,0.0007061601
7.9273515,-7.454104,0.69889975,0.25456366,0.06283661
7.946801,-7.4377584,0.70156395,0.22473724,0.05422046
7.963942,-7.4232745,0.70359385,0.19491082,0.04560431
7.978789,-7.410678,0.7050748,0.1650844,0.03698816
7.9913526,-7.3999863,0.70609224,0.13519374,-0.023965139
8.0016365,-7.3912163,0.70555234,0.10530306,-0.08491844
8.009624,-7.384413,0.7040638,0.07541238,-0.14587174
8.015311,-7.379583,0.70223683,0.045445815,-0.16303942
8.018734,-7.3766866,0.70100737,0.015479253,-0.18020709
8.019897,-7.3757043,0.70054495,-0.01448731,-0.19737476
8.018812,-7.37662,0.70101845,-0.04447797,-0.20547074
8.015485,-7.3794284,0.7025309,-0.07446863,-0.2135667
8.00993,-7.384131,0.7051615,-0.104459286,-0.22166267
8.00217,-7.3907356,0.7089891,-0.13445407,-0.21371117
7.992197,-7.3992906,0.7137418,-0.16444886,-0.20575967
7.980028,-7.409829,0.7193416,-0.19444363,-0.19780818
7.9656863,-7.4223914,0.7257103,-0.22442411,-0.14740807
7.949081,-7.437124,0.731204,-0.25440457,-0.097007945
7.930233,-7.4540324,0.73531073,-0.28438506,-0.046607833
7.9091654,-7.4730887,0.737519,-0.31411687,0.033588856
7.885929,-7.4941998,0.73576087,-0.34384868,0.11378555
7.860604,-7.517128,0.7292541,-0.37358046,0.19398224
7.8332696,-7.541553,0.7172517,-0.398158,0.20091102
7.8038673,-7.5671983,0.7040088,-0.42273557,0.20783979
7.7723374,-7.593972,0.68947047,-0.4473131,0.21476857
7.7386165,-7.6217732,0.67358184,-0.42776138,0.21287474
7.705938,-7.6478543,0.6585196,-0.40820962,0.2109809
7.6743684,-7.672281,0.6442718,-0.3886579,0.20908707
7.6439705,-7.6951156,0.63082635,-0.38269752,0.16789277
7.6135006,-7.7173705,0.6201679,-0.37673715,0.12669846
7.5830884,-7.7390895,0.6122338,-0.37077677,0.08550416
7.552856,-7.76032,0.6069564,-0.3560018,0.10870331
7.523787,-7.7805057,0.60051936,-0.34122682,0.13190246
7.495879,-7.79962,0.5930397,-0.3264518,0.15510161
7.469133,-7.817646,0.5846346,-0.31614414,0.14734077
7.443055,-7.8349047,0.5768992,-0.3058365,0.13957995
7.4176702,-7.8514237,0.56980747,-0.29552883,0.13181911
7.3930025,-7.867228,0.5633335,-0.28373373,0.14027548
7.3692493,-7.8822308,0.5567218,-0.27193862,0.14873183
7.3464165,-7.8964415,0.5500056,-0.26014355,0.15718819
7.3245125,-7.9098716,0.54321843,-0.24927585,0.16040723
7.303447,-7.922591,0.53658265,-0.23840815,0.16362625
7.2832303,-7.9346156,0.53011,-0.22754046,0.16684529
7.263872,-7.945961,0.523812,-0.21303374,0.17587946
7.2457094,-7.9564524,0.5175994,-0.19852701,0.18491364
7.2287517,-7.966108,0.51151586,-0.1840203,0.19394779
7.2130055,-7.9749465,0.5056047,-0.16364002,0.21149452
7.199008,-7.9826956,0.49987942,-0.14325976,0.22904125
7.1867633,-7.989383,0.49445838,-0.1228795,0.24658798
7.1762743,-7.995038,0.48945928,-0.09783172,0.27132058
7.167956,-7.9994693,0.48508942,-0.07278395,0.2960532
7.161797,-8.002715,0.48155034,-0.047736168,0.32078582
7.157782,-8.004814,0.4790417,-0.018419908,0.39328343
7.1562724,-8.005598,0.4778652,0.010896349,0.46578106
7.157137,-8.00515,0.47868082,0.04021261,0.5382787
7.1602015,-8.00356,0.48211673,0.07012142,0.63159144
7.165216,-8.000936,0.489017,0.10003023,0.7249042
7.171826,-7.9974184,0.5000714,0.12993905,0.8182169
7.1796203,-7.99316,0.5158791,0.15990546,0.9047333
7.188215,-7.9882855,0.53683364,0.18987188,0.9912497
7.19715,-7.982968,0.56331164,0.2198383,1.0
7.207193,-7.976625,0.5941429,0.24982429,0.95651966
7.2191243,-7.9685645,0.6281686,0.27981028,0.91303927
7.232965,-7.958512,0.66507393,0.30979627,0.86955893
7.248692,-7.946178,0.7045236,0.3397937,0.7731049
7.2672224,-7.930426,0.7440734,0.36979118,0.6766509
7.2884345,-7.9108987,0.7826664,0.39978862,0.5801969
7.312142,-7.88732,0.819193,0.42978466,0.4816296
7.33815,-7.8594923,0.8523741,0.4597807,0.38306233
7.366219,-7.8273864,0.88101554,0.4897767,0.28449506
7.3961344,-7.7911243,0.90392673,0.5195111,0.19131383
7.4276814,-7.751048,0.9203908,0.523,0.098132595
7.459197,-7.709626,0.92893094,0.523,0.004951364
7.490508,-7.667735,0.92936254,0.51429766,-0.016837532
7.5212765,-7.6265335,0.9279194,0.5055953,-0.038626425
7.551564,-7.5860972,0.9246653,0.49689302,-0.06041532
7.581428,-7.546497,0.91966504,0.46778625,-0.019285684
7.6097746,-7.509296,0.9181615,0.4386795,0.021843951
7.6364083,-7.474452,0.91975844,0.40957272,0.06297359
7.6611795,-7.4419365,0.9240543,0.3798086,0.13684034
7.6838527,-7.4119096,0.9326895,0.35004452,0.21070708
7.7042427,-7.3844147,0.9448916,0.3202804,0.28457382
7.722251,-7.3595023,0.9598779,0.29086053,0.26105413
7.7383704,-7.3364844,0.97238976,0.26144066,0.23753445
7.752684,-7.31549,0.9826429,0.23202081,0.21401475
7.7652636,-7.2966266,0.9908558,0.20289813,0.15218936
7.7762537,-7.2798505,0.99598247,0.17377543,0.09036397
7.7856627,-7.265325,0.9985961,0.14465275,0.028538585
7.7934923,-7.253169,0.999284,0.115106404,-0.03336507
7.799715,-7.243493,0.99864405,0.08556005,-0.09526873
7.8043265,-7.2363324,0.9972876,0.0560137,-0.15717238
7.807328,-7.231685,0.9958263,0.02613108,-0.19182035
7.8087234,-7.2295322,0.994996,-0.0037515375,-0.22646834
7.808524,-7.229839,0.9951364,-0.033634156,-0.26111633
7.806755,-7.232565,0.9965836,-0.063592345,-0.25076032
7.803409,-7.237737,0.9992135,-0.09355054,-0.24040432
7.798494,-7.245379,1.0029259,-0.12350873,-0.23004833
7.792026,-7.255517,1.0076197,-0.15347102,-0.18114276
7.783967,-7.2682815,1.0122278,-0.18343331,-0.1322372
7.77433,-7.283701,1.0162588,-0.21339561,-0.08333163
7.763133,-7.3017797,1.0192192,-0.24328041,-0.0034929276
7.7503843,-7.3224998,1.0193608,-0.27316523,0.07634578
7.7361145,-7.3457,1.0158883,-0.30305004,0.15618448
7.720342,-7.371144,1.0080317,-0.33212796,0.2422634
7.70314,-7.398414,0.9947521,-0.3612059,0.32834235
7.6845155,-7.427088,0.9753388,-0.39028385,0.41442126
7.6644783,-7.4566636,0.94914687,-0.4073573,0.3864947
7.6425047,-7.487336,0.923555,-0.42443076,0.35856813
7.6185393,-7.5190415,0.8987305,-0.4415042,0.33064157
7.5925403,-7.5517197,0.87484145,-0.42215627,0.34722114
7.56709,-7.5821843,0.85089916,-0.40280834,0.3638007
7.542271,-7.610488,0.8270107,-0.38346043,0.38038024
7.518163,-7.63669,0.80328256,-0.36793965,0.33517477
7.494037,-7.661695,0.7831112,-0.35241887,0.28996927
7.4701033,-7.68552,0.7663171,-0.3368981,0.24476379
7.446554,-7.708187,0.7527105,-0.3284197,0.251781
7.423341,-7.7299304,0.73907405,-0.3199413,0.25879818
7.4004817,-7.7507644,0.72542757,-0.3114629,0.26581538
7.377996,-7.770703,0.71179086,-0.2969919,0.245503
7.356182,-7.7895203,0.6997605,-0.28252092,0.22519061
7.335115,-7.807256,0.68924636,-0.26804993,0.20487821
7.314862,-7.8239465,0.68015736,-0.25946188,0.2075932
7.295122,-7.839914,0.6712446,-0.25087383,0.21030818
7.2759104,-7.8551736,0.6625158,-0.24228582,0.21302316
7.2572393,-7.8697395,0.65397865,-0.23090602,0.21575518
7.239338,-7.883461,0.64573973,-0.21952623,0.2184872
7.222222,-7.896358,0.6378092,-0.20814644,0.22121924
7.205907,-7.9084496,0.63019735,-0.19531824,0.23288119
7.190553,-7.919649,0.62268466,-0.18249004,0.24454315
7.1761703,-7.929976,0.6153208,-0.16966183,0.2562051
7.162768,-7.9394493,0.6081551,-0.1520511,0.2628013
7.1507177,-7.947839,0.6015716,-0.13444039,0.26939747
7.1400332,-7.9551725,0.59560806,-0.11682966,0.27599367
7.1307282,-7.9614787,0.590302,-0.09363315,0.2812874
7.1232553,-7.966486,0.58597,-0.07043664,0.28658113
7.1176257,-7.970222,0.58265156,-0.047240134,0.2918749
7.113848,-7.9727116,0.58038604,-0.018422915,0.3412464
7.1123962,-7.9736633,0.57935846,0.010394304,0.39061788
7.1132007,-7.9731374,0.58001804,0.039211523,0.4399894
7.116168,-7.971193,0.58280164,0.06911609,0.5288769
7.1211505,-7.967909,0.58861387,0.09902067,0.6177645
7.127864,-7.963427,0.5981729,0.12892523,0.706652
7.135967,-7.9579053,0.61212456,0.1588945,0.7940861
7.145082,-7.9515057,0.63101244,0.18886374,0.8815202
7.15478,-7.9444194,0.65530366,0.21883298,0.9689543
7.164603,-7.9368696,0.68536747,0.24882318,0.9172222
7.1763163,-7.9272933,0.7182916,0.27881336,0.86549
7.189925,-7.9153986,0.7536736,0.30880356,0.8137579
7.205389,-7.9008856,0.79108375,0.3388017,0.71807945
7.2233276,-7.882742,0.8282356,0.36879987,0.62240106
7.243589,-7.8606663,0.8640699,0.39879802,0.52672267
7.2659745,-7.834449,0.8974827,0.42879498,0.4280025
7.2903013,-7.803951,0.92714494,0.45879194,0.32928234
7.316355,-7.769223,0.95187104,0.4887889,0.2305622
7.3439627,-7.730465,0.9704878,0.51841396,0.14128447
7.372956,-7.6881137,0.9826545,0.523,0.05200674
7.4019337,-7.6446605,0.9871857,0.523,-0.037270986
7.4307327,-7.6010475,0.9839377,0.50256175,-0.07017338
7.4584937,-7.559303,0.9780648,0.48212355,-0.10307578
7.4852834,-7.519527,0.9697969,0.46168533,-0.13597818
7.5111494,-7.4818,0.9593659,0.43423125,-0.08830569
7.535979,-7.4463825,0.9529834,0.40677717,-0.0406332
7.559522,-7.4132514,0.95022935,0.37932307,0.007039285
7.5815787,-7.3823924,0.95067436,0.34955817,0.08260975
7.601824,-7.354042,0.9554817,0.31979325,0.1581802
7.6200523,-7.328254,0.96387744,0.29002833,0.23375067
7.6361437,-7.3050785,0.9750739,0.26068947,0.21297953
7.6504407,-7.283988,0.98425764,0.23135062,0.19220838
7.6630096,-7.2650743,0.9916234,0.20201175,0.17143723
7.6739044,-7.2484155,0.9973672,0.17281435,0.10375763
7.6832294,-7.2339764,1.0003504,0.14361694,0.036078013
7.69098,-7.2218966,1.0012137,0.11441955,-0.0316016
7.6971474,-7.212266,1.0006112,0.08475845,-0.09126748
7.7017035,-7.2051606,0.99932367,0.055097364,-0.15093337
7.7046494,-7.200579,0.9979429,0.025436271,-0.21059924
7.705998,-7.1984887,0.99705666,-0.0044737924,-0.2242459
7.705761,-7.198855,0.9972225,-0.034383856,-0.23789257
7.703948,-7.201662,0.99857295,-0.06429392,-0.25153923
7.700576,-7.206897,1.00124,-0.09425002,-0.2250207
7.6956215,-7.214634,1.004745,-0.12420613,-0.19850218
7.689091,-7.224911,1.0088272,-0.15416224,-0.17198366
7.680998,-7.2377644,1.0132244,-0.18411422,-0.11805686
7.6713233,-7.2532783,1.0168387,-0.21406619,-0.06413006
7.6600857,-7.271446,1.0191251,-0.24401817,-0.01020326
7.647297,-7.292227,1.0195401,-0.2735961,0.06607106
7.6329985,-7.315483,1.0165294,-0.30317408,0.14234538
7.617203,-7.3410006,1.0093611,-0.33275202,0.2186197
7.599909,-7.3684974,0.9973331,-0.35884166,0.29099864
7.581259,-7.3973737,0.98017395,-0.3849313,0.36337754
7.5612226,-7.427258,0.95737106,-0.41102093,0.43575647
7.5397725,-7.457726,0.928456,-0.39956683,0.38861915
7.51762,-7.4873333,0.9032226,-0.38811272,0.3414818
7.4949803,-7.516053,0.8815605,-0.37665862,0.29434448
7.472057,-7.543871,0.86334825,-0.368504,0.31289935
7.4492707,-7.570518,0.8444429,-0.36034933,0.33145425
7.426641,-7.5959916,0.82489884,-0.3521947,0.3500091
7.404189,-7.620291,0.8047705,-0.33656314,0.33344284
7.382141,-7.6432104,0.7864111,-0.32093158,0.31687656
7.3605995,-7.664796,0.76974404,-0.3053,0.30031025
7.3396573,-7.685092,0.7546919,-0.2943766,0.28324014
7.319067,-7.7044554,0.74098045,-0.28345323,0.26617
7.29889,-7.7229147,0.72855395,-0.27252984,0.24909987
7.2791834,-7.7404995,0.7173561,-0.26282156,0.24123994
7.259952,-7.757277,0.70689106,-0.25311327,0.23338002
7.241227,-7.7732706,0.697135,-0.243405,0.22552009
7.223038,-7.7885017,0.6880635,-0.23332153,0.23030452
7.2054906,-7.8029275,0.67918664,-0.22323805,0.23508897
7.1885986,-7.816565,0.6705202,-0.21315458,0.23987341
7.172376,-7.829431,0.66208,-0.20507205,0.24817523
7.1566973,-7.8416514,0.6536845,-0.19698949,0.25647706
7.141571,-7.853239,0.64535594,-0.18890695,0.2647789
7.1270056,-7.8642054,0.6371166,-0.1721174,0.26999483
7.113672,-7.8740735,0.6294652,-0.15532784,0.27521074
7.1015882,-7.8828735,0.62243015,-0.13853829,0.28042665
7.090772,-7.890635,0.61603975,-0.11784064,0.2792886
7.081527,-7.89718,0.6106255,-0.097142994,0.27815053
7.073874,-7.902536,0.60617995,-0.076445356,0.27701247
7.067831,-7.9067254,0.6026955,-0.0493926,0.2814645
7.0639224,-7.9094152,0.600409,-0.022339847,0.28591654
7.062154,-7.910626,0.59935886,0.0047129076,0.29036856
7.0625267,-7.9103713,0.59958375,0.034296896,0.3451224
7.0651913,-7.9085503,0.60151756,0.06388089,0.39987624
7.0700426,-7.90522,0.6056624,0.09346488,0.45463008
7.076946,-7.9004397,0.612503,0.12341158,0.5421663
7.0855956,-7.894362,0.6231162,0.15335828,0.62970245
7.0956607,-7.887129,0.63816845,0.18330498,0.71723866
7.106756,-7.8788996,0.6582497,0.21327007,0.7889158
7.1186438,-7.8697066,0.6834721,0.24323514,0.86059296
7.1309404,-7.859692,0.7142101,0.27320024,0.9322701
7.143244,-7.8490267,0.75077224,0.3031969,0.84118444
7.158021,-7.835239,0.78844106,0.3331936,0.75009876
7.1752057,-7.8179493,0.82629806,0.36319026,0.6590131
7.194662,-7.796832,0.8633638,0.39318886,0.56123054
7.2162952,-7.771533,0.8982415,0.42318746,0.46344802
7.239878,-7.7419214,0.9297715,0.45318606,0.3656655
