7.263988,4.839308,-2.9623585,0.499858,0.0
7.214803,4.830396,-2.9623585,0.4698619,0.099994704
7.1688004,4.8220615,-2.9545407,0.4398658,0.19998941
7.1264424,4.814045,-2.939977,0.40986967,0.29998413
7.088079,4.806204,-2.9197905,0.37988174,0.39988625
7.053945,4.798506,-2.8951416,0.34989384,0.4997884
7.0241637,4.791014,-2.8671944,0.3199059,0.59969056
6.998743,4.7838583,-2.8371027,0.2899734,0.6977711
6.9775453,4.7771964,-2.8060508,0.26004088,0.79585165
6.9603653,4.7712054,-2.775086,0.23010838,0.89393216
6.94691,4.7660403,-2.7451897,0.2003713,0.9489013
6.9361415,4.7615333,-2.7180467,0.17063421,1.0
6.9277368,4.7577443,-2.694116,0.14089713,1.0
6.9208736,4.7544503,-2.674356,0.11128959,0.94482857
6.9150524,4.7515135,-2.6593244,0.081682056,0.8896572
6.9104958,4.749128,-2.6487486,0.052074518,0.83448577
6.907415,4.7474732,-2.6423178,0.022674132,0.74779123
6.9059553,4.7466774,-2.639748,-0.0067262556,0.6610967
6.9064207,4.746933,-2.6404364,-0.036126643,0.5744021
6.9090805,4.7483897,-2.6437078,-0.064773686,0.4799185
6.914129,4.751134,-2.6486921,-0.09342073,0.3854349
6.921755,4.75523,-2.654546,-0.12206778,0.2909513
6.932089,4.760703,-2.660382,-0.15042856,0.19335167
6.945175,4.7675357,-2.6651995,-0.17878936,0.09575203
6.9609904,4.775697,-2.6680484,-0.20715016,-0.0018476069
6.979426,4.785144,-2.6679847,-0.23525946,-0.099463485
7.000259,4.795821,-2.664091,-0.26336876,-0.19707936
7.023197,4.80769,-2.6554964,-0.29147807,-0.29469526
7.0478573,4.8207207,-2.6413865,-0.31514922,-0.3
7.074276,4.8351603,-2.6258643,-0.33882034,-0.3
7.1024346,4.8511233,-2.6091762,-0.3624915,-0.3
7.1322713,4.8687024,-2.5913222,-0.38117328,-0.3
7.163311,4.8877444,-2.5725482,-0.39985508,-0.3
7.195491,4.908327,-2.552854,-0.4185369,-0.3
7.2287436,4.930531,-2.5322397,-0.4302672,-0.3
7.26245,4.954057,-2.5110476,-0.44199753,-0.3
7.2965565,4.9789524,-2.4892776,-0.45372784,-0.3
7.3310027,5.0052648,-2.4669302,-0.46154106,-0.3
7.3654356,5.032807,-2.4441977,-0.4693543,-0.3
7.3998055,5.0616035,-2.4210804,-0.47716752,-0.3
7.4340615,5.0916796,-2.3975782,-0.48499063,-0.3
7.4681516,5.1230583,-2.3736908,-0.4928137,-0.3
7.5020194,5.1557617,-2.3494182,-0.5006368,-0.3
7.535609,5.1898093,-2.32476,-0.508461,-0.3
7.56886,5.2252197,-2.2997167,-0.5162851,-0.3
7.601712,5.262009,-2.274288,-0.523,-0.3
7.634033,5.300111,-2.2485282,-0.523,-0.3
7.665362,5.339033,-2.2227688,-0.523,-0.3
7.695678,5.378749,-2.1970093,-0.523,-0.3
7.724961,5.4192324,-2.1712499,-0.523,-0.3
7.7531915,5.460457,-2.1454902,-0.523,-0.3
7.7803507,5.5023947,-2.1197307,-0.523,-0.3
7.8064213,5.5450177,-2.0939713,-0.523,-0.3
7.8313847,5.588299,-2.0682118,-0.523,-0.3
7.8552256,5.632208,-2.0424523,-0.523,-0.3
7.8779273,5.676717,-2.0166926,-0.523,-0.3
7.899475,5.721796,-1.9909332,-0.523,-0.3
7.9198546,5.7674146,-1.9651737,-0.523,-0.3
7.9390526,5.8135433,-1.9394141,-0.523,-0.3
7.957056,5.8601513,-1.9136547,-0.523,-0.3
7.973853,5.907207,-1.8878951,-0.523,-0.3
7.9894323,5.9546804,-1.8621356,-0.523,-0.3
8.003784,6.002539,-1.8363762,-0.523,-0.3
8.016898,6.050751,-1.8106166,-0.523,-0.3
8.028766,6.0992856,-1.7848572,-0.523,-0.29979408
8.03938,6.1481123,-1.7591147,-0.523,-0.29958814
8.048735,6.1971993,-1.7333895,-0.523,-0.2993822
8.056825,6.246514,-1.7076814,-0.523,-0.27405137
8.063695,6.296391,-1.6840912,-0.523,-0.24872056
8.069426,6.346757,-1.6626339,-0.523,-0.22338974
8.074103,6.3975425,-1.6433233,-0.523,-0.21738335
8.077804,6.4484773,-1.6245236,-0.523,-0.21137695
8.080549,6.4995394,-1.6062355,-0.523,-0.20537056
8.082364,6.5507083,-1.5884596,-0.523,-0.18360648
8.083272,6.602121,-1.572545,-0.523,-0.16184238
8.083363,6.6537375,-1.5584992,-0.523,-0.14007829
8.082726,6.7055216,-1.546329,-0.523,-0.117728986
8.081455,6.757444,-1.5360906,-0.523,-0.09537967
8.079648,6.809475,-1.5277894,-0.523,-0.07303037
8.077406,6.861587,-1.5214292,-0.523,-0.040043842
8.074827,6.9137816,-1.5179396,-0.523,-0.0070573213
8.072064,6.966007,-1.5173244,-0.523,0.025929201
8.069269,7.0182147,-1.5195843,-0.523,0.04809747
8.066595,7.070386,-1.5237752,-0.523,0.07026573
8.064143,7.122499,-1.5298951,-0.523,0.092434004
8.062014,7.1745324,-1.5379407,-0.523,0.09674506
8.060304,7.2265596,-1.5463605,-0.523,0.10105612
8.059032,7.2785773,-1.5551542,-0.523,0.10536718
8.058219,7.3305807,-1.5643218,-0.523,0.105295144
8.057882,7.3825903,-1.5734831,-0.523,0.105223104
8.058022,7.434601,-1.5826381,-0.523,0.10515107
8.058638,7.486608,-1.5917869,-0.523,0.1074091
8.05973,7.538595,-1.6011313,-0.523,0.10966712
8.061306,7.590557,-1.6106715,-0.523,0.11192515
8.063378,7.6424885,-1.6204073,-0.523,0.113165
8.065955,7.6943903,-1.6302505,-0.523,0.11440484
8.069042,7.7462564,-1.6402011,-0.523,0.11564469
8.072645,7.798082,-1.650259,-0.523,0.112246044
8.076771,7.849889,-1.6600225,-0.523,0.108847395
8.081403,7.901673,-1.6694916,-0.523,0.10544874
8.086528,7.953429,-1.6786662,-0.523,0.10611595
8.092127,8.005133,-1.6878988,-0.523,0.10678317
8.098203,8.056779,-1.697189,-0.523,0.10745038
8.104757,8.108362,-1.706537,-0.5136893,0.12685081
8.111653,8.15885,-1.7173682,-0.5043785,0.14625125
8.11894,8.208214,-1.7296188,-0.49506778,0.16565168
8.126663,8.256429,-1.7432245,-0.479915,0.17609763
8.13477,8.302978,-1.7572371,-0.46476218,0.18654358
8.143235,8.347856,-1.7716032,-0.4496094,0.19698954
8.15203,8.391061,-1.7862693,-0.43891004,0.19473611
8.161237,8.433126,-1.8004247,-0.42821068,0.19248268
8.170804,8.474053,-1.8140773,-0.4175113,0.19022925
8.180679,8.5138445,-1.8272347,-0.42040408,0.19710992
8.191136,8.553722,-1.8409564,-0.42329684,0.20399058
8.202199,8.593671,-1.8552482,-0.4261896,0.21087125
8.213894,8.633672,-1.870116,-0.42420378,0.24961823
8.226015,8.672949,-1.8875815,-0.422218,0.28836522
8.238625,8.711413,-1.9075936,-0.42023218,0.32711217
8.251776,8.748973,-1.9300977,-0.40693527,0.37573317
8.265086,8.78441,-1.9549855,-0.39363834,0.42435414
8.278531,8.817668,-1.9819977,-0.3803414,0.4729751
8.292065,8.848703,-2.0108743,-0.37268713,0.5140877
8.30589,8.878063,-2.0414186,-0.36503285,0.5552002
8.319956,8.905711,-2.0734875,-0.35737857,0.59631276
8.334202,8.931623,-2.106938,-0.33784258,0.6427028
8.348017,8.954872,-2.1406863,-0.31830662,0.6890929
8.361272,8.975557,-2.174418,-0.29877067,0.73548293
8.373847,8.993796,-2.2078278,-0.27729887,0.7343136
8.38609,9.010343,-2.2387965,-0.2558271,0.7331443
8.397865,9.025267,-2.2673302,-0.23435532,0.73197496
8.409049,9.038638,-2.2934349,-0.2175287,0.6895571
8.420149,9.051227,-2.3165002,-0.20070207,0.6471392
8.431013,9.062989,-2.3366675,-0.18387544,0.6047213
8.441499,9.073893,-2.3540907,-0.17289253,0.5210396
8.452079,9.0845175,-2.3684344,-0.16190961,0.43735793
8.462577,9.094761,-2.379864,-0.15092671,0.35367623
8.472822,9.104533,-2.388576,-0.14874516,0.38036186
8.4829,9.113978,-2.39778,-0.14656363,0.40704745
8.492804,9.123091,-2.4074507,-0.1443821,0.43373308
8.50253,9.131868,-2.4175637,-0.13698494,0.41968203
8.511902,9.140155,-2.4268665,-0.1295878,0.40563095
8.520895,9.147959,-2.435389,-0.12219064,0.3915799
8.529488,9.155288,-2.4431615,-0.1081352,0.416
8.537064,9.161649,-2.4504445,-0.094079755,0.44042012
8.54362,9.167073,-2.457129,-0.08002431,0.46484026
8.549163,9.171596,-2.463108,-0.0675153,0.4470755
8.553902,9.175417,-2.4679728,-0.055006295,0.4293107
8.557811,9.178536,-2.471789,-0.042497285,0.41154593
8.560864,9.180955,-2.474622,-0.026552448,0.41888076
8.56277,9.182455,-2.476422,-0.0106076095,0.42621556
8.56353,9.183051,-2.477153,0.005337229,0.4335504
8.5631485,9.182753,-2.4767792,0.019413555,0.40567052
8.561745,9.181652,-2.4755025,0.03348988,0.37779066
8.559298,9.1797285,-2.4734435,0.047566205,0.3499108
8.55579,9.176961,-2.4707258,0.062411256,0.32799408
8.551162,9.173287,-2.467375,0.07725631,0.3060774
8.545407,9.168689,-2.463495,0.09210136,0.28416067
8.538523,9.163143,-2.4591916,0.11109904,0.26136088
8.530193,9.156374,-2.454407,0.13009673,0.2385611
8.520421,9.148355,-2.4492834,0.14909442,0.2157613
8.509211,9.139059,-2.4439633,0.16884519,0.17400415
8.496466,9.128376,-2.4390914,0.18859595,0.132247
8.482198,9.116297,-2.4349465,0.20834672,0.09048985
8.466416,9.102824,-2.4318087,0.22615665,0.049234144
8.449284,9.088104,-2.4299536,0.2439666,0.007978445
8.430809,9.072172,-2.4296293,0.26177654,-0.033277255
8.411001,9.0550785,-2.4310808,0.274313,-0.022912746
8.390213,9.037192,-2.4321284,0.2868495,-0.012548238
8.368451,9.018507,-2.4327283,0.299386,-0.0021837293
8.345724,8.999019,-2.4328372,0.3120483,0.017237252
8.322039,8.97871,-2.4319408,0.3247106,0.036658235
8.297422,8.957567,-2.4299574,0.33737293,0.056079216
8.271914,8.935569,-2.4268057,0.35173306,0.0735202
8.245421,8.912577,-2.4224997,0.3660932,0.09096119
8.21799,8.888562,-2.4169574,0.38045332,0.10840218
8.1896715,8.863491,-2.4100971,0.39548758,0.1085026
8.160413,8.837229,-2.402959,0.41052186,0.108603016
8.130239,8.8097515,-2.395543,0.42555612,0.10870344
8.099171,8.781038,-2.3878484,0.44183034,0.1166372
8.067175,8.751006,-2.379279,0.45810458,0.12457096
8.0343,8.719614,-2.3697925,0.4743788,0.13250472
8.000601,8.68682,-2.3593469,0.49364376,0.13407695
7.9658995,8.652337,-2.3483489,0.5129087,0.1356492
7.9302473,8.616121,-2.3367884,0.523,0.13722144
7.8943315,8.578783,-2.3248646,0.523,0.123455316
7.8587985,8.540951,-2.3141308,0.523,0.10968919
7.8236175,8.502678,-2.3045888,0.523,0.09592307
7.7887535,8.464017,-2.2962403,0.523,0.15662101
7.754479,8.4253645,-2.2826438,0.523,0.21731895
7.7211185,8.386697,-2.2638497,0.523,0.2780169
7.6889877,8.348007,-2.2399268,0.523,0.296182
7.6579585,8.308771,-2.2144854,0.523,0.31434712
7.6281085,8.268988,-2.1875339,0.523,0.33251223
7.5995164,8.22866,-2.159081,0.523,0.32385996
7.572002,8.187413,-2.1313422,0.523,0.3152077
7.5455666,8.145299,-2.1043193,0.523,0.30655542
7.5202084,8.102367,-2.0780144,0.523,0.27861238
7.495784,8.058414,-2.0540416,0.523,0.25066933
7.4722414,8.013551,-2.03242,0.523,0.22272627
7.4495225,7.9678817,-2.0131657,0.523,0.18310067
7.427508,7.9214063,-1.9972944,0.523,0.14347507
7.4060946,7.8742805,-1.984831,0.523,0.10384946
7.385167,7.826658,-1.975795,0.523,0.06611074
7.3646054,7.7786937,-1.9700366,0.523,0.028372008
7.3442836,7.730526,-1.9675639,0.523,-0.009366721
7.324074,7.682291,-1.9683803,0.523,0.0010308325
7.3038235,7.6340704,-1.9682904,0.523,0.011428386
7.283579,7.585851,-1.9672943,0.523,0.02182594
7.2633862,7.5376205,-1.965392,0.523,0.043236785
7.243299,7.4893847,-1.9616243,0.523,0.06464763
7.223417,7.441129,-1.955993,0.523,0.08605848
7.203838,7.392841,-1.948501,0.52030253,0.1448824
7.184851,7.344985,-1.935981,0.51760507,0.20370632
7.1667485,7.2976375,-1.9185292,0.51490754,0.26253024
7.149803,7.250887,-1.8962573,0.4870546,0.31279945
7.1349854,7.206978,-1.8712776,0.4592016,0.36306867
7.12228,7.1659746,-1.844097,0.43134865,0.41333786
7.111618,7.1279383,-1.8152206,0.4055716,0.37992707
7.1025033,7.0913925,-1.7901527,0.3797946,0.34651628
7.09473,7.0565267,-1.7686548,0.3540176,0.3131055
7.0881095,7.0235033,-1.750481,0.32565293,0.30817258
7.0825634,6.9929714,-1.7340183,0.2972883,0.30323964
7.077953,6.9649763,-1.7192225,0.26892364,0.29830673
7.074152,6.939554,-1.7060497,0.23997006,0.24504225
7.0710125,6.9164867,-1.696347,0.21101646,0.19177777
7.0684185,6.895935,-1.6896436,0.18206286,0.1385133
7.066281,6.8780303,-1.685454,0.15299322,0.07087554
7.0645347,6.8628697,-1.6836482,0.12392356,0.00323779
7.0631394,6.850556,-1.6835814,0.094853915,-0.064399965
7.0620737,6.8411508,-1.6845988,0.0655176,-0.12363121
7.0613356,6.834691,-1.6859454,0.036181282,-0.18286246
7.060927,6.8311567,-1.6870419,0.0068449685,-0.2420937
7.0608497,6.8304963,-1.6873155,-0.022983378,-0.24028674
7.061109,6.8327136,-1.6864039,-0.052811723,-0.23847978
7.0617013,6.837811,-1.6843246,-0.08264007,-0.23667282
7.062611,6.8457932,-1.6810951,-0.112478696,-0.23485687
7.0638156,6.8566656,-1.6767328,-0.14231732,-0.23304093
7.0652795,6.870435,-1.671255,-0.17215596,-0.231225
7.0669603,6.887108,-1.6646795,-0.2019827,-0.20244618
7.0688148,6.9068065,-1.657911,-0.23180945,-0.17366737
7.0708013,6.9295526,-1.651235,-0.2616362,-0.14488855
7.0728817,6.955358,-1.6449391,-0.29093194,-0.07372146
7.075031,6.9842925,-1.6413676,-0.32022768,-0.002554375
7.077289,7.0162354,-1.6412313,-0.34952343,0.06861271
7.079743,7.051019,-1.645225,-0.37590206,0.1441023
7.082509,7.0881166,-1.6542219,-0.4022807,0.2195919
7.085781,7.127242,-1.6688268,-0.42865932,0.2950815
7.089795,7.1680584,-1.6896038,-0.4299241,0.3467208
7.094588,7.2082076,-1.7139529,-0.4311889,0.39836013
7.1002574,7.247544,-1.7418299,-0.4324537,0.44999945
7.1068854,7.285916,-1.7731802,-0.4106353,0.39514413
7.1145034,7.3230414,-1.7995253,-0.38881692,0.34028882
7.1228137,7.358739,-1.8211539,-0.36699852,0.2854335
7.1315384,7.392856,-1.8383766,-0.36389536,0.32154372
7.1406665,7.4261518,-1.8575437,-0.3607922,0.35765395
7.150225,7.458568,-1.8785946,-0.35768902,0.39376417
7.1602325,7.4900475,-1.9014668,-0.33795083,0.36075634
7.170499,7.519954,-1.9213486,-0.31821266,0.3277485
7.180845,7.5482492,-1.9384214,-0.2984745,0.29474065
7.1911097,7.574901,-1.9528722,-0.2903186,0.29097444
7.201479,7.600707,-1.9667535,-0.28216273,0.28720823
7.211916,7.6256742,-1.9800751,-0.27400687,0.28344202
7.222385,7.6498084,-1.9928467,-0.2624532,0.27605626
7.232729,7.6728444,-2.0047693,-0.25089952,0.2686705
7.2429,7.694792,-2.0158694,-0.23934588,0.26128474
7.252855,7.7156615,-2.026174,-0.2340844,0.23885264
7.2628574,7.736088,-2.0354044,-0.22882293,0.21642053
7.2728715,7.7560673,-2.043594,-0.22356145,0.19398844
7.2828608,7.7755976,-2.0507765,-0.21138452,0.19468753
7.2924376,7.793993,-2.0575924,-0.19920757,0.19538662
7.301579,7.811265,-2.0640383,-0.18703064,0.19608572
7.3102646,7.827423,-2.0701115,-0.17364731,0.15117387
7.318485,7.8424935,-2.07447,-0.160264,0.10626204
7.326176,7.8564506,-2.077303,-0.14688067,0.061350204
7.333288,7.8692703,-2.0788038,-0.1313469,0.029708028
7.3396745,7.8807416,-2.0794542,-0.11581312,-0.0019341469
7.345315,7.8908563,-2.0794168,-0.10027934,-0.03357632
7.3501954,7.89961,-2.0788558,-0.086731836,-0.07154088
7.354404,7.9071684,-2.0778224,-0.07318433,-0.10950543
7.3579364,7.913528,-2.0764894,-0.059636816,-0.14746998
7.360794,7.9186883,-2.075029,-0.043160044,-0.18997581
7.3628416,7.9223995,-2.0736706,-0.026683269,-0.23248164
7.364093,7.9246745,-2.0726461,-0.0102064945,-0.27498746
7.3645654,7.9255357,-2.072184,0.015405294,-0.3
7.363858,7.924245,-2.072943,0.04101708,-0.3
7.361972,7.92081,-2.074963,0.06662887,-0.3
7.358897,7.915237,-2.078245,0.09591768,-0.3
7.354444,7.907228,-2.0829692,0.12520649,-0.3
7.3485823,7.8968015,-2.089136,0.1544953,-0.3
7.34127,7.8839808,-2.0967453,0.18428764,-0.3
7.3324313,7.868755,-2.105822,0.21407999,-0.3
7.3220034,7.851161,-2.1163664,0.24387233,-0.3
7.309914,7.831245,-2.128378,0.27383608,-0.23952857
7.295838,7.8086724,-2.1392055,0.3037998,-0.17905712
7.279746,7.7834787,-2.1482234,0.33376357,-0.11858568
7.261655,7.75571,-2.1548045,0.36375782,-0.033539165
7.2416096,7.7253804,-2.1568375,0.39375207,0.051507354
7.2198615,7.692619,-2.1534588,0.42374632,0.13655387
7.196762,7.6575656,-2.1438448,0.45373157,0.19241446
7.1726146,7.6201444,-2.1293836,0.48371685,0.24827506
7.147764,7.5803823,-2.109573,0.5137021,0.30413565
