1.8960737,-1.8966755,-2.6233025,0.57160425,0.0
1.8464203,-1.9249924,-2.6233025,0.523,0.09951365
1.8012137,-1.9507735,-2.6146426,0.523,0.1990273
1.7569009,-1.976556,-2.5974083,0.523,0.29854095
1.7141349,-2.002435,-2.5717704,0.523,0.39385492
1.67347,-2.0284898,-2.53832,0.523,0.4891689
1.6354527,-2.0546818,-2.4973612,0.523,0.5844829
1.6005775,-2.080878,-2.4492652,0.523,0.6530059
1.5686016,-2.1073942,-2.3963048,0.523,0.72152895
1.5397449,-2.1340244,-2.3387284,0.523,0.79005194
1.5141753,-2.160503,-2.276806,0.523,0.7610298
1.489604,-2.1893218,-2.21669,0.523,0.73200756
1.4661881,-2.2203877,-2.158431,0.523,0.70298535
1.4440675,-2.253595,-2.102078,0.523,0.6923549
1.4236715,-2.2883036,-2.0464349,0.523,0.68172455
1.4050758,-2.3244061,-1.9915082,0.523,0.6710941
1.388348,-2.3617928,-1.9373043,0.523,0.6401945
1.3733171,-2.4009507,-1.8852352,0.523,0.6092949
1.3600525,-2.4417367,-1.8353506,0.523,0.57839525
1.3486015,-2.484006,-1.7876983,0.523,0.5655786
1.3390989,-2.527127,-1.7409853,0.523,0.552762
1.3315601,-2.5709953,-1.6952193,0.523,0.53994536
1.325993,-2.6155083,-1.6504078,0.523,0.50509495
1.322353,-2.6611326,-1.6082287,0.523,0.47024456
1.3206083,-2.7077231,-1.5687331,0.523,0.43539417
1.320706,-2.7551436,-1.531969,0.523,0.39172044
1.3225825,-2.8034456,-1.4986906,0.523,0.3480467
1.3261244,-2.852482,-1.4689614,0.523,0.30437294
1.3311968,-2.9021194,-1.442838,0.523,0.27627861
1.3376176,-2.9520247,-1.4190608,0.523,0.24818426
1.3452808,-3.0021398,-1.3976488,0.523,0.22008991
1.3540739,-3.0524151,-1.3786188,0.523,0.18746726
1.363888,-3.1028528,-1.3623735,0.523,0.15484461
1.3745803,-3.1534088,-1.3489301,0.523,0.12222197
1.386003,-3.2040462,-1.3383029,0.523,0.08964163
1.3980049,-3.2547348,-1.3304996,0.523,0.057061292
1.4104315,-3.3054492,-1.3255285,0.523,0.02448095
1.4231269,-3.356169,-1.3233948,0.523,0.0024834157
1.4359344,-3.4068763,-1.3231783,0.523,-0.01951412
1.4487505,-3.4575715,-1.3248792,0.523,-0.041511655
1.4614718,-3.5082543,-1.3284966,0.523,-0.064221255
1.4739945,-3.5589218,-1.3340906,0.523,-0.086930856
1.4862126,-3.6095715,-1.3416586,0.523,-0.109640464
1.4980206,-3.6601987,-1.3511964,0.523,-0.12625523
1.5093229,-3.7108364,-1.3621725,0.523,-0.14287001
1.5200447,-3.761481,-1.3745836,0.523,-0.15948477
1.5301114,-3.8121266,-1.3884265,0.50414217,-0.16704865
1.5391273,-3.8610146,-1.4023974,0.4852843,-0.17461252
1.5471371,-3.9081292,-1.4164485,0.46642646,-0.18217641
1.5541892,-3.9534545,-1.4305323,0.4476063,-0.1663093
1.5603606,-3.997164,-1.4428821,0.4287861,-0.1504422
1.5657686,-4.039212,-1.4535928,0.40996593,-0.1345751
1.5705192,-4.0795593,-1.4627602,0.39237458,-0.13212508
1.5747132,-4.118228,-1.4713756,0.37478325,-0.12967505
1.5784019,-4.155208,-1.4794528,0.3571919,-0.12722503
1.5816338,-4.1904907,-1.4870064,0.34729406,-0.15533525
1.5845053,-4.224682,-1.4959614,0.33739623,-0.18344548
1.5869856,-4.2577624,-1.5062194,0.32749844,-0.21155572
1.5890518,-4.2897153,-1.5176808,0.32448658,-0.25607967
1.5907184,-4.3210616,-1.531379,0.32147473,-0.3
1.5919287,-4.3517494,-1.5472127,0.31846288,-0.3
1.5926461,-4.382165,-1.562898,0.33049068,-0.3
1.5928955,-4.413737,-1.5791758,0.34251848,-0.3
1.5926213,-4.446458,-1.596046,0.3545463,-0.3
1.5917661,-4.480318,-1.6135086,0.35437256,-0.3
1.5903206,-4.5141416,-1.6309626,0.3541988,-0.3
1.5882859,-4.5479183,-1.6484082,0.3540251,-0.3
1.5856636,-4.581638,-1.665845,0.36014336,-0.3
1.5823983,-4.6158886,-1.6835834,0.36626163,-0.3
1.5784602,-4.650656,-1.701623,0.37237993,-0.3
1.5738194,-4.6859274,-1.7199639,0.37230676,-0.3
1.5685334,-4.7211,-1.7383013,0.3722336,-0.3
1.5626047,-4.756163,-1.7566351,0.37216043,-0.3
1.5560353,-4.791105,-1.7749652,0.3690408,-0.3
1.5488871,-4.8256283,-1.7931417,0.36592117,-0.3
1.5411782,-4.8597255,-1.8111646,0.36280152,-0.3
