8.356582,-6.808065,3.0886118,0.4379992,0.0
8.312842,-6.805745,3.0886118,0.4347995,-0.09309922
8.269612,-6.8034525,3.0818748,0.4315998,-0.18619844
8.227274,-6.8009214,3.0685585,0.42840013,-0.27929765
8.186203,-6.7979164,3.0488749,0.41783696,-0.3
8.146458,-6.7942204,3.0282948,0.4072738,-0.3
8.107799,-6.789822,3.0082352,0.39671063,-0.3
8.070235,-6.784783,2.9886959,0.3872803,-0.3
8.033669,-6.7791476,2.9696212,0.37784994,-0.3
7.998104,-6.7729707,2.9510107,0.3684196,-0.3
7.963545,-6.7663035,2.932865,0.36285776,-0.3
7.929632,-6.75912,2.9149928,0.35729596,-0.3
7.896371,-6.7514515,2.897395,0.35173416,-0.3
7.8637652,-6.743327,2.8800707,0.3520624,-0.3
7.8312755,-6.734631,2.8627305,0.35239065,-0.3
7.7989106,-6.725364,2.845374,0.3527189,-0.3
7.7666817,-6.715528,2.8280015,0.35848755,-0.3
7.734104,-6.7049637,2.8103447,0.36425617,-0.3
7.701197,-6.6936464,2.792404,0.37002483,-0.3
7.6679807,-6.681552,2.774179,0.38015637,-0.28827074
7.6339664,-6.66846,2.7561662,0.39028788,-0.2765415
7.599175,-6.6543446,2.7384062,0.40041938,-0.26481223
7.5636277,-6.6391816,2.7209392,0.4113721,-0.2469106
7.5272155,-6.6228924,2.7041821,0.42232478,-0.22900897
7.489958,-6.6054697,2.6882033,0.43327746,-0.21110734
7.4518723,-6.586913,2.6730716,0.4404483,-0.18551888
7.413248,-6.567365,2.6595309,0.44761914,-0.15993041
7.3740935,-6.546878,2.6476505,0.45479,-0.13434194
7.334411,-6.525511,2.6374981,0.4582224,-0.09838438
7.2944827,-6.5034847,2.6299965,0.46165475,-0.062426817
7.254307,-6.4809275,2.6251965,0.46508715,-0.026469255
7.2138767,-6.457972,2.6231449,0.47099262,0.013554895
7.1729703,-6.434635,2.624209,0.4768981,0.053579044
7.131582,-6.411081,2.6284654,0.48280358,0.093603194
7.0897036,-6.3874836,2.6359866,0.48391092,0.11416875
7.0476427,-6.3641987,2.6451745,0.48501822,0.1347343
7.005382,-6.3413076,2.656033,0.48612556,0.15529987
6.962906,-6.318893,2.668565,0.4879784,0.15885468
6.920013,-6.2969413,2.6814303,0.48983124,0.16240948
6.876703,-6.2754745,2.6946309,0.49168405,0.16596429
6.8329735,-6.2545147,2.708169,0.4962115,0.16865638
6.78858,-6.2339706,2.7220511,0.5007389,0.17134848
6.7435184,-6.213872,2.7362814,0.50526637,0.17404057
6.697787,-6.19425,2.7508636,0.5102884,0.17299283
6.651308,-6.175105,2.7655032,0.5153104,0.1719451
6.6040854,-6.156458,2.7801979,0.52033246,0.17089736
6.5561223,-6.1383276,2.7949464,0.523,0.1611695
6.5075707,-6.1207895,2.8089345,0.523,0.15144163
6.4587035,-6.103906,2.8220847,0.523,0.14171378
6.4095483,-6.087643,2.8343961,0.523,0.14282186
6.360204,-6.0719895,2.846803,0.523,0.14392996
6.310678,-6.0569515,2.8593056,0.523,0.14503804
6.2609754,-6.042536,2.871904,0.523,0.14305031
6.2110806,-6.0287437,2.8843305,0.523,0.14106257
6.161004,-6.015569,2.896586,0.523,0.13907485
6.110756,-6.0030055,2.9086695,0.523,0.1420762
6.060381,-5.9910555,2.9210122,0.523,0.14507753
6.0098844,-5.9797325,2.9336138,0.523,0.14807887
5.9592714,-5.969052,2.9464743,0.523,0.16641097
5.908673,-5.9590516,2.960913,0.523,0.18474305
5.8580995,-5.9498134,2.976925,0.523,0.20307514
5.807567,-5.9414163,2.9945047,0.523,0.20680155
5.756934,-5.9339147,3.0124028,0.523,0.21052796
5.706215,-5.9273252,3.0306184,0.523,0.21425438
5.655425,-5.9216657,3.049152,0.523,0.19288984
5.6043143,-5.916928,3.0658612,0.523,0.1715253
5.5529294,-5.9130287,3.0807395,0.523,0.15016076
5.5013137,-5.909884,3.0937793,0.523,0.1350322
5.449549,-5.907407,3.1055138,0.523,0.11990366
5.3976583,-5.905534,3.1159403,0.523,0.104775116
5.345662,-5.9042,3.1250567,0.523,0.060337942
5.2934647,-5.9033365,3.130313,0.523,0.015900772
5.2411747,-5.9027467,3.1316988,0.523,-0.028536398
5.1888986,-5.90223,3.1292117,0.523,-0.04467525
5.136655,-5.9015827,3.1253188,0.523,-0.0608141
5.0844584,-5.900733,3.120021,0.523,-0.07695295
