1.8960737,-1.8966755,-2.6233025,0.57160425,0.0
1.8464203,-1.9249924,-2.6233025,0.523,0.09985308
1.8012153,-1.9507726,-2.614613,0.4930002,0.19970617
1.7594508,-1.975074,-2.5983129,0.46300045,0.29955927
1.721582,-1.9979428,-2.575541,0.43300632,0.39936474
1.6879113,-2.0193377,-2.5474796,0.4030122,0.4991702
1.6585907,-2.0391445,-2.5153263,0.37301806,0.59897566
1.6336293,-2.0572019,-2.4802752,0.34409976,0.69805884
1.6128255,-2.0733917,-2.4434144,0.31518146,0.797142
1.5959553,-2.087549,-2.4058363,0.28626317,0.89622515
1.5827012,-2.0995483,-2.3685756,0.28600237,0.99400735
1.5715369,-2.1104395,-2.3286202,0.28574157,1.0
1.5609252,-2.121653,-2.2885463,0.28548077,1.0
1.5507807,-2.1332724,-2.2485092,0.2935908,1.0
1.5408345,-2.1456296,-2.2073345,0.30170083,1.0
1.531145,-2.1587381,-2.1650224,0.30981085,1.0
1.5217732,-2.172608,-2.121573,0.31598103,1.0
1.5128384,-2.1871557,-2.077258,0.32215118,1.0
1.504395,-2.2023766,-2.032078,0.32832137,1.0
1.4964993,-2.2182617,-1.9860325,0.33211672,1.0
1.4892604,-2.2346811,-1.9394547,0.3359121,1.0
1.48272,-2.2516112,-1.8923446,0.33970746,1.0
1.4769194,-2.2690248,-1.8447022,0.34453315,1.0
1.4718841,-2.2869463,-1.7963831,0.34935883,1.0
1.467662,-2.3053439,-1.7473873,0.3541845,1.0
1.4643002,-2.324183,-1.6977147,0.35945302,1.0
1.4618418,-2.3434482,-1.6473031,0.36472154,1.0
1.4603356,-2.3630965,-1.5961527,0.36999008,1.0
1.4598289,-2.3830807,-1.5442634,0.37560815,1.0
1.4603672,-2.4033678,-1.4915861,0.3812262,1.0
1.461997,-2.4239008,-1.438121,0.38684425,1.0
1.464762,-2.4446185,-1.383868,0.3940398,1.0
1.4687186,-2.4655375,-1.3286058,0.40123537,1.0
1.4739178,-2.4865837,-1.2723345,0.4084309,1.0
1.4804068,-2.507676,-1.215054,0.4168301,1.0
1.4882507,-2.5287871,-1.1565956,0.4252293,1.0
1.4974973,-2.5498195,-1.0969592,0.4336285,1.0
1.508188,-2.5706673,-1.036145,0.439279,1.0
1.5202817,-2.5910895,-0.97453815,0.44492945,1.0
1.5337812,-2.6109807,-0.912139,0.4505799,1.0
1.5486816,-2.630233,-0.84894735,0.45642966,1.0
1.5649769,-2.6487434,-0.78493524,0.46227944,1.0
1.5826466,-2.6663966,-0.7201028,0.4681292,1.0
1.6016604,-2.6830764,-0.65444994,0.47549123,1.0
1.6220431,-2.698715,-0.5877646,0.4828533,1.0
1.6437536,-2.7131813,-0.5200468,0.49021533,1.0
1.6667385,-2.726343,-0.45129645,0.49936962,1.0
1.6910182,-2.7381103,-0.38126227,0.50852394,1.0
1.716521,-2.7483337,-0.30994424,0.51767826,1.0
1.7431586,-2.7568648,-0.23734237,0.523,1.0
1.7706242,-2.7635088,-0.16399415,0.523,1.0
1.7985028,-2.7681222,-0.09064593,0.523,1.0
1.8266447,-2.7706802,-0.017297713,0.523,1.0
1.8548982,-2.771169,0.056050505,0.523,1.0
1.8831117,-2.7695858,0.12939873,0.523,1.0
1.9111333,-2.7659395,0.20274694,0.523,1.0
1.9388123,-2.7602496,0.27609518,0.523,1.0
1.9659998,-2.7525465,0.34944338,0.523,1.0
1.9925499,-2.7428718,0.4227916,0.523,1.0
2.0183196,-2.7312772,0.49613982,0.523,1.0
2.0431702,-2.7178257,0.56948805,0.523,1.0
2.0669682,-2.702589,0.6428363,0.523,1.0
2.0895858,-2.6856494,0.7161845,0.523,1.0
2.110901,-2.6670978,0.7895327,0.523,1.0
2.1307995,-2.647034,0.86288095,0.523,0.9539795
2.1504712,-2.6240506,0.9339849,0.523,0.9079589
2.1696086,-2.5981755,1.0026939,0.523,0.8619384
2.1879263,-2.5694778,1.0688627,0.523,0.81228966
2.205234,-2.537941,1.1321338,0.523,0.7626409
2.2212946,-2.5037076,1.1923515,0.523,0.71299213
2.2359111,-2.4669466,1.2493671,0.523,0.6705304
2.2488565,-2.4280686,1.3035327,0.523,0.6280686
2.260033,-2.3872519,1.3547503,0.523,0.5856068
2.2693763,-2.3446794,1.4029278,0.523,0.56074446
2.2767763,-2.3010113,1.4492844,0.523,0.53588206
2.282227,-2.2563744,1.4937917,0.523,0.51101965
2.2857366,-2.210891,1.5364221,0.523,0.46888518
2.28734,-2.1642632,1.575812,0.523,0.42675072
2.287101,-2.1166544,1.6118916,0.523,0.38461626
2.2851095,-2.068216,1.6445968,0.523,0.330416
2.2814617,-2.01888,1.672877,0.523,0.27621573
2.2763343,-1.9688243,1.6966487,0.523,0.2220155
2.2699306,-1.9182115,1.7158425,0.523,0.18407261
2.262499,-1.8673348,1.731797,0.523,0.14612973
2.2542043,-1.8162614,1.7444894,0.523,0.10818683
2.2452188,-1.7650496,1.7539012,0.523,0.0981103
2.2357414,-1.7138712,1.7624395,0.523,0.08803378
2.2258184,-1.6627275,1.7701032,0.523,0.07795725
2.2154949,-1.6116185,1.7768916,0.523,0.046943367
2.2048042,-1.5604817,1.780982,0.523,0.015929485
2.1938934,-1.5093392,1.7823704,0.523,-0.015084398
2.1829119,-1.4582112,1.7810557,0.5202657,-0.026590686
2.172057,-1.4073484,1.7787502,0.51753145,-0.038096976
2.1613798,-1.356747,1.775465,0.51479715,-0.049603265
2.15093,-1.3064038,1.7712108,0.5106725,-0.0611355
2.1407826,-1.2564522,1.7660106,0.5065478,-0.07266773
2.1309826,-1.2068907,1.7598811,0.50242317,-0.08419997
2.1215725,-1.1577187,1.7528387,0.5119909,-0.1151064
2.112365,-1.1076988,1.7430382,0.52155864,-0.14601283
2.1035209,-1.0568615,1.7303909,0.523,-0.17691925
2.0953393,-1.0060321,1.7150497,0.523,-0.19554748
2.0879643,-0.9552617,1.698113,0.523,-0.2141757
2.0814753,-0.9045703,1.6795863,0.523,-0.23280394
2.07595,-0.85398203,1.6594764,0.523,-0.28629315
2.0715067,-0.80400795,1.6348606,0.523,-0.3
2.0683079,-0.75414634,1.6091012,0.523,-0.3
2.0663946,-0.70421886,1.5833417,0.523,-0.3
2.0657678,-0.6542587,1.5575821,0.523,-0.3
2.066428,-0.604299,1.5318227,0.523,-0.3
