1.0087603,-8.65752,1.8410727,0.23171046,0.0
1.0025737,-8.635191,1.8410727,0.2503274,0.09975348
0.9959233,-8.611187,1.8452276,0.26894432,0.19950695
0.9887794,-8.585813,1.8541112,0.28756127,0.29926044
0.98109823,-8.55943,1.8682406,0.30380252,0.39727864
0.97288793,-8.532645,1.8878313,0.3200438,0.49529687
0.96410954,-8.505891,1.9131838,0.33628508,0.59331506
0.9547488,-8.479628,1.9445207,0.35208014,0.67848
0.94474167,-8.454109,1.9813489,0.36787516,0.76364493
0.9341362,-8.429746,2.02375,0.3836702,0.8488099
0.9230399,-8.406946,2.0717404,0.40129358,0.8554694
0.9103999,-8.383861,2.1222284,0.4189169,0.86212885
0.8961161,-8.360638,2.1752374,0.43654028,0.86878836
0.8800958,-8.337443,2.2307906,0.44767255,0.816695
0.8613044,-8.3132305,2.2851744,0.4588048,0.7646016
0.8396124,-8.288216,2.338109,0.46993706,0.7125082
0.8149257,-8.262619,2.3893113,0.47472185,0.66391593
0.7876272,-8.237072,2.4380658,0.47950664,0.61532366
0.7577683,-8.211741,2.4841962,0.48429146,0.5667314
0.7254259,-8.186774,2.5275302,0.48601952,0.5327953
0.69120884,-8.162652,2.5686753,0.48774758,0.49885923
0.65521735,-8.139435,2.607567,0.48947564,0.46492314
0.6175571,-8.117165,2.6441433,0.48928636,0.4563291
0.5789583,-8.096206,2.6800778,0.4890971,0.4477351
0.5394822,-8.076572,2.7153683,0.4889078,0.4391411
0.49918938,-8.058277,2.7500124,0.48946828,0.42045555
0.4578879,-8.041224,2.7833107,0.49002874,0.40177
0.41565096,-8.025409,2.8152483,0.49058923,0.38308442
0.37254965,-8.010821,2.8458104,0.4906478,0.37211308
0.32882765,-7.997498,2.8755424,0.49070635,0.3611417
0.28453746,-7.9854283,2.9044404,0.49076495,0.35017037
0.23972945,-7.9745984,2.9325006,0.49126968,0.3362765
0.19436416,-7.964972,2.9595182,0.49177444,0.32238263
0.14849119,-7.9565263,2.9854863,0.49227917,0.3084888
0.1021575,-7.949234,3.0103972,0.4920587,0.2984247
0.055530667,-7.9430814,3.0345092,0.49183822,0.28836063
0.00864767,-7.9380417,3.0578208,0.4916177,0.27829656
-0.038456824,-7.9340863,3.0803301,0.49136928,0.2689843
-0.08573799,-7.931186,3.102094,0.49112085,0.25967202
-0.13316654,-7.9293118,3.1231108,0.4908724,0.25035974
-0.18071528,-7.928433,-3.1398053,0.4910893,0.24236467
-0.22838883,-7.9285183,-3.1201618,0.49130622,0.23436962
-0.2761653,-7.9295425,-3.1011457,0.4915231,0.22637457
-0.32402438,-7.931479,-3.0827591,0.48096222,0.32634917
-0.36950323,-7.934158,-3.0570607,0.47040135,0.42632377
-0.41217995,-7.937774,-3.02464,0.45984048,0.5262984
-0.45166948,-7.942414,-2.986141,0.47001088,0.6262117
-0.48929307,-7.94831,-2.9402304,0.48018128,0.726125
-0.5244733,-7.955491,-2.887092,0.49035165,0.8260383
-0.5566385,-7.9638586,-2.8270035,0.5050751,0.9257329
-0.58551574,-7.973255,-2.7597392,0.5197985,1.0
-0.61157775,-7.983721,-2.68684,0.523,1.0
-0.6369637,-7.996133,-2.6134918,0.523,1.0
-0.6613719,-8.010371,-2.5401435,0.523,1.0
-0.68467087,-8.0263605,-2.4667952,0.523,1.0
-0.70673555,-8.044015,-2.3934472,0.523,1.0
-0.72744715,-8.063238,-2.3200989,0.523,1.0
-0.7466943,-8.083927,-2.2467506,0.523,1.0
-0.7643736,-8.105971,-2.1734023,0.523,1.0
-0.7803899,-8.129252,-2.1000543,0.523,1.0
-0.79465705,-8.153644,-2.026706,0.523,1.0
-0.8070984,-8.179015,-1.9533577,0.523,1.0
-0.817647,-8.205231,-1.8800095,0.523,1.0
-0.8262461,-8.232148,-1.8066612,0.523,1.0
-0.8328495,-8.259624,-1.7333131,0.523,1.0
-0.83742166,-8.287509,-1.6599648,0.523,1.0
-0.83993804,-8.315655,-1.5866166,0.523,1.0
-0.8403851,-8.343908,-1.5132684,0.523,1.0
-0.8387604,-8.37212,-1.4399202,0.523,1.0
-0.83507264,-8.400136,-1.366572,0.523,1.0
-0.8293417,-8.427807,-1.2932237,0.523,1.0
-0.8215985,-8.454983,-1.2198756,0.523,1.0
-0.81188446,-8.481519,-1.1465273,0.523,1.0
-0.800252,-8.507271,-1.0731791,0.523,1.0
-0.7867636,-8.532102,-0.99983084,0.523,1.0
-0.7714918,-8.555877,-0.9264826,0.523,1.0
-0.7545188,-8.578469,-0.8531344,0.523,1.0
-0.73593575,-8.599757,-0.7797862,0.523,1.0
-0.71584266,-8.619626,-0.706438,0.523,1.0
-0.6943475,-8.637969,-0.6330898,0.523,1.0
-0.671566,-8.654688,-0.55974156,0.523,1.0
-0.64762056,-8.669692,-0.48639333,0.523,1.0
-0.62263995,-8.6829,-0.4130451,0.523,1.0
-0.59675854,-8.694243,-0.33969688,0.523,1.0
-0.5701155,-8.703659,-0.26634866,0.523,1.0
-0.5428541,-8.711097,-0.19300044,0.5190664,1.0
-0.51532954,-8.7164755,-0.12020388,0.51513284,1.0
-0.48769763,-8.719813,-0.04795899,0.5111993,1.0
-0.46010917,-8.721137,0.023734236,0.5071573,1.0
-0.43271506,-8.720488,0.0948606,0.5031154,1.0
-0.40565383,-8.717913,0.1654201,0.4990735,1.0
-0.37905687,-8.713472,0.23541275,0.49805522,1.0
-0.35288906,-8.707195,0.3052626,0.4970369,1.0
-0.3272756,-8.699124,0.3749696,0.49601862,1.0
-0.30233768,-8.689309,0.44453382,0.4959324,1.0
-0.27814656,-8.677786,0.51408595,0.49584618,1.0
-0.25481877,-8.664612,0.583626,0.49575993,1.0
-0.23246664,-8.649852,0.6531539,0.49641144,1.0
-0.211166,-8.633553,0.7227732,0.49706292,1.0
-0.19102436,-8.6157875,0.79248387,0.49771443,1.0
-0.17214432,-8.596639,0.8622859,0.49946746,1.0
-0.15458421,-8.576147,0.9323338,0.5012205,1.0
-0.13844495,-8.5544,1.0026276,0.50297356,1.0
-0.12382195,-8.531494,1.0731672,0.5054182,1.0
-0.11078672,-8.507498,1.1440496,0.5078628,1.0
-0.09942901,-8.482519,1.2152749,0.51030743,1.0
-0.08983176,-8.456672,1.2868431,0.51262283,1.0
-0.08207233,-8.430083,1.3587359,0.51493824,1.0
-0.07621647,-8.4028845,1.4309536,0.51725364,1.0
-0.07232096,-8.37521,1.5034959,0.51902574,0.959001
-0.07031627,-8.345468,1.5743098,0.52079785,0.918002
-0.07042742,-8.313834,1.6432626,0.5225699,0.877003
-0.072846845,-8.280506,1.7102234,0.52139074,0.84463894
-0.07765824,-8.246222,1.7752002,0.5202116,0.81227493
-0.08492154,-8.211184,1.8381331,0.5190324,0.7799109
-0.09466971,-8.175592,1.8989651,0.5166864,0.7548076
-0.10680004,-8.139965,1.9579663,0.5143403,0.72970426
-0.1212751,-8.1044655,2.0151136,0.51199424,0.704601
-0.13804206,-8.069245,2.070386,0.5101161,0.675688
-0.1571104,-8.0343075,2.12356,0.508238,0.646775
-0.17840554,-7.9997883,2.1746054,0.5063599,0.61786205
-0.20184037,-7.965812,2.223494,0.50401074,0.59530145
-0.22718497,-7.932659,2.2705986,0.50166166,0.57274085
-0.2543392,-7.9004073,2.31591,0.49931258,0.55018026
-0.28319922,-7.8691235,2.3594203,0.49758816,0.5297887
-0.31365845,-7.83886,2.4013298,0.4958637,0.5093971
-0.34561968,-7.809661,2.4416313,0.49413925,0.4890055
-0.3789852,-7.78156,2.480318,0.4929294,0.4731396
-0.41361395,-7.7546134,2.5177548,0.49171954,0.45727372
-0.4494236,-7.728841,2.5539374,0.4905097,0.44140783
-0.48633316,-7.7042527,2.5888627,0.4904681,0.42624635
-0.5243416,-7.6808066,2.6226604,0.4904265,0.41108483
-0.56337976,-7.65851,2.6553233,0.4903849,0.39592332
-0.60338,-7.637366,2.6868436,0.49066383,0.38096264
-0.6442996,-7.617359,2.7172496,0.49094275,0.36600193
-0.6860764,-7.5984845,2.7465332,0.49122167,0.35104126
-0.7286499,-7.5807323,2.7746863,0.4912602,0.33740044
-0.7719207,-7.564103,2.8017902,0.49129876,0.32375965
-0.8158348,-7.5485787,2.82784,0.49133733,0.31011882
-0.86034054,-7.5341377,2.8528304,0.49134734,0.2972265
-0.9053757,-7.5207596,2.876814,0.49135736,0.28433412
-0.950895,-7.508417,2.8997862,0.49136737,0.27144176
-0.99685544,-7.4970818,2.9217439,0.4916725,0.2606087
-1.043219,-7.4867215,2.9428587,0.49197763,0.24977566
-1.0899518,-7.4773097,2.9631271,0.49228278,0.23894261
-1.1370217,-7.468819,2.9825456,0.4932481,0.22780195
-1.1844658,-7.461209,3.0011113,0.4942134,0.21666129
-1.2322562,-7.4544506,3.0188181,0.49517873,0.20552063
-1.280367,-7.448514,3.0356605,0.49641952,0.18319753
-1.3289047,-7.443353,3.050733,0.4976603,0.16087443
-1.3778255,-7.438896,3.064019,0.4989011,0.13855134
-1.4270889,-7.4350667,3.0755026,0.49890548,0.12732933
-1.4764675,-7.4317985,3.0860617,0.49890986,0.11610733
-1.5259463,-7.429048,3.0956945,0.49891424,0.104885325
-1.5755112,-7.4267716,3.1044,0.49808338,0.08733665
-1.6250954,-7.4249268,3.111641,0.49725255,0.06978799
-1.6746774,-7.423441,3.11742,0.4964217,0.052239317
-1.7242373,-7.4222426,3.12174,0.49407053,0.045193028
-1.7735842,-7.421263,3.1254604,0.49171934,0.03814674
-1.822714,-7.42047,3.1285858,0.48936817,0.031100452
-1.871623,-7.419834,3.1311219,0.48774925,0.017306995
-1.920388,-7.4193234,3.1325288,0.48613036,0.0035135387
-1.9689987,-7.418883,3.1328135,0.48451146,-0.010279918
-2.0174453,-7.4184575,3.1319833,0.48242193,-0.021034861
-2.0656748,-7.417994,3.1302922,0.4803324,-0.031789802
-2.1136806,-7.417452,3.1277478,0.47824287,-0.042544745
-2.161457,-7.41679,3.1243577,0.47623652,-0.05209129
-2.209009,-7.4159703,3.120225,0.47423017,-0.06163783
-2.2563312,-7.4149594,3.1153562,0.47222382,-0.071184374
-2.3034177,-7.4137235,3.1097584,0.4706476,-0.08072789
-2.3503056,-7.4122305,3.103433,0.4690714,-0.09027141
-2.3969877,-7.410448,3.0963852,0.46749517,-0.09981494
-2.443457,-7.408346,3.088621,0.46472818,-0.1050469
-2.4896088,-7.405899,3.0804994,0.4619612,-0.11027886
-2.5354385,-7.4030957,3.072026,0.45919424,-0.11551083
-2.5809417,-7.3999248,3.0632052,0.45589247,-0.12078522
-2.6260598,-7.396381,3.05405,0.45259073,-0.1260596
-2.6707878,-7.3924556,3.0445664,0.449289,-0.131334
-2.7151203,-7.38814,3.03476,0.44549695,-0.13496138
-2.7590132,-7.3834333,3.0247698,0.4417049,-0.13858877
-2.8024619,-7.378334,3.0145998,0.43791285,-0.14221615
-2.845462,-7.372844,3.004255,0.43363875,-0.14924365
-2.8879402,-7.3669734,2.9935086,0.42936465,-0.15627116
-2.9298892,-7.3607154,2.9823713,0.42509055,-0.16329865
-2.9713023,-7.3540654,2.970853,0.41985083,-0.1696809
-3.0120826,-7.347034,2.9590366,0.41461107,-0.17606312
-3.0522244,-7.3396235,2.946933,0.40937135,-0.18244535
-3.0917218,-7.331836,2.934554,0.40449673,-0.18765217
-3.1306126,-7.323667,2.9219773,0.3996221,-0.19285898
-3.168892,-7.3151226,2.9092116,0.3947475,-0.19806579
-3.2065547,-7.3062096,2.8962657,0.39184585,-0.20469388
-3.2437725,-7.296891,2.8829908,0.3889442,-0.21132198
-3.2805371,-7.287166,2.8693938,0.3860426,-0.21795008
-3.3168404,-7.277033,2.8554816,0.38382998,-0.22008026
-3.3527749,-7.266462,2.841516,0.3816174,-0.22221045
-3.388335,-7.255459,2.827499,0.37940478,-0.22434063
-3.423515,-7.2440305,2.8134315,0.37819636,-0.22582017
-3.4584076,-7.2321506,2.799318,0.37698793,-0.2272997
-3.4930062,-7.2198234,2.7851593,0.3757795,-0.22877924
-3.5273046,-7.2070527,2.7709556,0.37548444,-0.23105434
-3.5613732,-7.193814,2.7566242,0.3751894,-0.23332943
-3.5952039,-7.180106,2.7421658,0.37489435,-0.23560452
-3.6287882,-7.1659293,2.7275805,0.37530628,-0.2370784
-3.6621869,-7.1512537,2.7128897,0.37571824,-0.23855227
-3.695391,-7.136078,2.6980927,0.3761302,-0.24002616
-3.7283912,-7.1204004,2.68319,0.37701964,-0.24130501
-3.7612212,-7.1042004,2.668174,0.3779091,-0.24258387
-3.793871,-7.087475,2.6530442,0.37879854,-0.24386272
-3.8263297,-7.070222,2.6378007,0.38079545,-0.24435502
-3.8586876,-7.0523853,2.6224463,0.38279235,-0.24484734
-3.890932,-7.03396,2.6069808,0.38478926,-0.24533965
-3.9230504,-7.0149417,2.5914042,0.3876222,-0.24602793
-3.9550972,-6.995285,2.5756698,0.3904552,-0.24671622
-3.9870574,-6.974983,2.559777,0.39328814,-0.2474045
-4.0189147,-6.954028,2.543725,0.39624864,-0.25368094
-4.050618,-6.932438,2.5271506,0.39920914,-0.2599574
-4.0821414,-6.910197,2.5100486,0.40216967,-0.26623383
-4.113457,-6.8872895,2.4924135,0.4048466,-0.26383436
-4.144591,-6.8636622,2.4748173,0.40752357,-0.26143485
-4.1755266,-6.839315,2.457262,0.41020054,-0.25903538
-4.20625,-6.814249,2.43975,0.4137707,-0.25491604
-4.236827,-6.7883983,2.4223602,0.41734087,-0.2507967
-4.267242,-6.7617636,2.405098,0.42091104,-0.24667735
-4.29748,-6.7343473,2.387968,0.42430586,-0.24387777
-4.3275056,-6.7061715,2.370892,0.42770064,-0.2410782
-4.357302,-6.677238,2.353873,0.43109545,-0.23827861
-4.386855,-6.6475477,2.3369145,0.4341334,-0.23452143
-4.4161315,-6.6171203,2.3201008,0.43717137,-0.23076425
-4.4451194,-6.5859604,2.3034356,0.44020933,-0.22700708
-4.473807,-6.5540743,2.2869232,0.44303143,-0.22320452
-4.5021687,-6.521483,2.2705786,0.4458535,-0.21940197
-4.5301957,-6.488194,2.2544055,0.4486756,-0.21559942
-4.5578775,-6.454213,2.2384079,0.45134243,-0.2115331
-4.585198,-6.4195595,2.2226138,0.45400926,-0.20746678
-4.6121492,-6.3842406,2.2070277,0.4566761,-0.20340045
-4.638724,-6.348265,2.1916528,0.45925084,-0.19850866
-4.6649156,-6.3116446,2.1765583,0.46182558,-0.19361687
-4.69072,-6.2743883,2.1617482,0.46440032,-0.18872508
-4.7161345,-6.236509,2.1472275,0.46693453,-0.18356907
-4.7411566,-6.198018,2.1330218,0.46946874,-0.17841305
-4.765785,-6.1589284,2.1191359,0.47200295,-0.17325704
-4.790021,-6.1192513,2.1055744,0.4749103,-0.16528006
-4.813895,-6.0789475,2.0925515,0.47781765,-0.1573031
-4.8374157,-6.038035,2.0800762,0.48072502,-0.14932612
-4.8605924,-5.99653,2.0681565,0.48372474,-0.14360397
-4.883434,-5.954456,2.0566187,0.48672444,-0.13788182
-4.905945,-5.9118237,2.045469,0.48972416,-0.13215965
-4.9281325,-5.868645,2.0347135,0.49249414,-0.12590833
-4.949995,-5.8249497,2.024406,0.49526414,-0.11965701
-4.971543,-5.7807503,2.0145524,0.49803412,-0.11340569
-4.992788,-5.7360597,2.0051594,0.5005931,-0.107361965
-5.013733,-5.6909103,1.996219,0.5031521,-0.10131825
-5.034392,-5.6453147,1.9877372,0.5057111,-0.09527452
-5.0547786,-5.5992856,1.979719,0.50805086,-0.08824038
-5.074901,-5.552851,1.972257,0.5103906,-0.08120623
-5.09478,-5.506025,1.9653567,0.5127303,-0.07417209
-5.114435,-5.4588213,1.9590242,0.51479787,-0.06520297
-5.133881,-5.411274,1.9534338,0.51686543,-0.056233853
-5.1531487,-5.363401,1.9485921,0.518933,-0.047264736
-5.1722693,-5.3152213,1.9445057,0.5211543,-0.040726177
-5.1912794,-5.266743,1.9409692,0.523,-0.034187622
-5.2101893,-5.218014,1.9379898,0.523,-0.027649064
-5.2289577,-5.169219,1.9355801,0.523,-0.02379709
-5.2476106,-5.120374,1.933506,0.523,-0.019945115
-5.2661633,-5.0714865,1.9317676,0.523,-0.01609314
-5.284632,-5.0225635,1.9303648,0.523,-0.010120815
-5.3030343,-4.9736104,1.9294826,0.523,-0.0041484893
-5.3213935,-4.924639,1.929121,0.523,0.0018238366
-5.3397355,-4.8756614,1.92928,0.523,0.007653743
-5.3580847,-4.8266873,1.9299471,0.523,0.013483649
-5.3764653,-4.777729,1.9311224,0.523,0.019313555
-5.3949018,-4.7287965,1.9328058,0.523,0.027360732
-5.4134173,-4.6799045,1.9351904,0.523,0.03540791
-5.4320445,-4.631069,1.9382762,0.523,0.043455083
-5.450816,-4.5823073,1.9420629,0.523,0.050347168
-5.469766,-4.5336323,1.9464496,0.523,0.057239253
-5.4889226,-4.485059,1.9514362,0.523,0.064131334
-5.508313,-4.436602,1.9570225,0.523,0.07956156
-5.5279517,-4.3883076,1.9639503,0.523,0.09499179
-5.547898,-4.3402157,1.9722179,0.523,0.11042201
-5.568208,-4.2923665,1.9818236,0.523,0.11837228
-5.5889587,-4.244758,1.9921176,0.523,0.12632255
-5.610177,-4.197412,2.0030994,0.523,0.13427281
-5.6318917,-4.150351,2.0147684,0.523,0.13904107
-5.6541395,-4.103577,2.026849,0.523,0.14380932
-5.676935,-4.057107,2.0393414,0.523,0.14857757
-5.700293,-4.0109577,2.0522447,0.523,0.15280892
-5.724229,-3.965143,2.065513,0.523,0.15704027
-5.7487545,-3.9196799,2.0791454,0.523,0.16127162
-5.7738805,-3.874586,2.093142,0.523,0.1600813
-5.79964,-3.8298397,2.107036,0.523,0.15889096
-5.826024,-3.7854471,2.120828,0.523,0.15770064
-5.8530226,-3.7414143,2.1345174,0.52155685,0.15648219
-5.880551,-3.6978672,2.1480644,0.52011365,0.15526375
-5.9085937,-3.654808,2.1614695,0.5186705,0.1540453
-5.9371376,-3.6122391,2.1747332,0.51514226,0.15153717
-5.9660563,-3.5703235,2.187694,0.511614,0.14902903
-5.9953256,-3.5290549,2.2003546,0.5080858,0.1465209
-6.0249205,-3.488427,2.2127178,0.5042791,0.14101017
-6.054814,-3.4484377,2.22453,0.50047237,0.13549943
-6.0849714,-3.4090734,2.2357976,0.49666566,0.1299887
-6.1153603,-3.3703198,2.2465277,0.49416134,0.12570709
-6.146024,-3.332067,2.2568536,0.49165705,0.121425465
-6.176941,-3.2943053,2.2667792,0.48915276,0.11714384
-6.208088,-3.2570238,2.2763076,0.48766783,0.115903854
-6.239497,-3.2201476,2.2857068,0.4861829,0.11466387
-6.2711596,-3.1836746,2.294978,0.48469797,0.113423884
-6.3030653,-3.1476018,2.3041208,0.48315746,0.1140089
-6.3351955,-3.1119387,2.3132818,0.4816169,0.11459392
-6.367545,-3.0766864,2.32246,0.4800764,0.11517894
-6.4001102,-3.0418465,2.3316555,0.4774295,0.101683944
-6.432861,-3.0074475,2.3397326,0.4747826,0.088188946
-6.4657474,-2.97346,2.346702,0.47213566,0.07469395
-6.498722,-2.9398534,2.352574,0.4661849,0.06674716
-6.5314937,-2.9068437,2.3577564,0.46023417,0.05880037
-6.5640316,-2.8744073,2.3622642,0.4542834,0.05085358
-6.596307,-2.8425214,2.3661127,0.43603662,0.037155617
-6.627422,-2.8120174,2.3688123,0.41778988,0.023457652
-6.657326,-2.7828584,2.3704455,0.3995431,0.009759689
-6.6859765,-2.7550132,2.3710954,0.3811726,0.0022780478
-6.7133284,-2.7284648,2.3712401,0.3628021,-0.0052035926
-6.739365,-2.7032,2.3709257,0.3444316,-0.012685234
-6.764074,-2.6792085,2.3701973,0.32565096,-0.011303658
-6.78742,-2.6565075,2.3695838,0.3068703,-0.009922082
-6.8094063,-2.635102,2.3690765,0.28808966,-0.008540506
-6.830037,-2.614996,2.3686664,0.2712884,-0.0125196455
-6.8494563,-2.596055,2.3681004,0.25448713,-0.016498785
-6.867662,-2.578278,2.3674006,0.23768586,-0.020477926
-6.8846526,-2.561664,2.3665893,0.22243534,-0.00892874
-6.900543,-2.5461004,2.3662584,0.20718484,0.0026204467
-6.91534,-2.5315986,2.366349,0.19193432,0.014169633
-6.9290476,-2.5181665,2.3668022,0.17979059,0.026209582
-6.9418902,-2.5055933,2.3675873,0.16764687,0.03824953
-6.9538703,-2.4938834,2.368656,0.15550314,0.050289474
-6.964988,-2.4830391,2.3699586,0.14582224,0.056412898
-6.9754233,-2.472887,2.371329,0.13614134,0.06253632
-6.9851756,-2.4634256,2.372747,0.12646043,0.068659745
-6.994243,-2.4546535,2.374193,0.116996445,0.08004465
-7.0026364,-2.4465568,2.3757522,0.10753246,0.091429554
-7.010355,-2.4391346,2.3773885,0.09806847,0.10281446
-7.017398,-2.4323843,2.379066,0.097713225,0.11090727
-7.02442,-2.4256763,2.3808684,0.09735797,0.11900008
-7.031422,-2.4190114,2.3827949,0.09700273,0.12709288
-7.0384045,-2.412391,2.384844,0.09473719,0.14043677
-7.0452247,-2.4059508,2.3870542,0.092471644,0.15378065
-7.0518823,-2.3996916,2.389415,0.09020611,0.16712454
-7.0583777,-2.3936143,2.3919158,0.08909462,0.17516662
-7.064799,-2.3876364,2.3945036,0.087983124,0.1832087
-7.0711455,-2.381758,2.3971753,0.08687164,0.19125079
-7.0774183,-2.3759792,2.3999274,0.08562085,0.19292705
-7.083615,-2.3703027,2.4026635,0.08437007,0.19460331
-7.0897336,-2.3647277,2.4053826,0.08311929,0.19627957
-7.0957747,-2.3592536,2.4080844,0.08211407,0.19998764
-7.1017528,-2.3538656,2.410803,0.08110885,0.2036957
-7.1076674,-2.348564,2.4135377,0.080103636,0.20740376
-7.1135187,-2.343348,2.416287,0.080115594,0.21431497
-7.1193767,-2.338155,2.4191267,0.080127545,0.22122619
-7.1252413,-2.3329859,2.422057,0.0801395,0.22813739
-7.1311126,-2.327841,2.425078,0.07909608,0.23353153
-7.136915,-2.3227875,2.4281285,0.078052655,0.23892568
-7.142649,-2.3178244,2.4312072,0.07700923,0.24431983
