6.816351,6.3741,3.1050842,0.5784047,0.0
6.758549,6.3762116,3.1050842,0.523,0.08565581
6.7064757,6.3781137,3.1125414,0.5078517,0.17131162
6.656455,6.379567,3.1269708,0.49270347,0.25696743
6.6088076,6.380264,-3.1353445,0.47081122,0.29698458
6.5637884,6.3799825,-3.1123817,0.44891894,0.33700174
6.5214396,6.378745,-3.0876417,0.4270267,0.37701887
6.481794,6.376604,-3.06144,0.39730364,0.47672597
6.4466066,6.373778,-3.0310547,0.3675806,0.57643306
6.4159765,6.370378,-2.997664,0.3378575,0.6761401
6.3898964,6.366598,-2.9624262,0.32738936,0.7672808
6.366708,6.3623986,-2.9245484,0.31692117,0.85842144
6.346479,6.357938,-2.8845735,0.30645302,0.94956213
6.329228,6.3534036,-2.8430407,0.33231887,1.0
6.312067,6.3481226,-2.7964346,0.3581847,1.0
6.2938557,6.3415747,-2.746201,0.38405055,1.0
6.2747064,6.333582,-2.6923397,0.39368728,1.0
6.255546,6.324344,-2.637127,0.403324,1.0
6.236469,6.3138113,-2.5805628,0.41296074,1.0
6.217577,6.30194,-2.522647,0.40374368,1.0
6.199809,6.2892838,-2.466024,0.3945266,1.0
6.183175,6.275954,-2.4106934,0.38530955,1.0
6.167674,6.262057,-2.3566556,0.39865252,1.0
6.1524363,6.2468333,-2.3007467,0.41199547,1.0
6.137593,6.2302446,-2.2429662,0.42533845,1.0
6.1232824,6.2122626,-2.1833146,0.42068908,1.0
6.1102147,6.193665,-2.124315,0.41603974,1.0
6.0983977,6.174543,-2.0659673,0.4113904,1.0
6.087836,6.154985,-2.008272,0.42393366,1.0
6.0781317,6.134237,-1.9488173,0.4364769,1.0
6.069428,6.112319,-1.8876034,0.44902015,1.0
6.0618696,6.089266,-1.8246305,0.43863198,1.0
6.055918,6.0663257,-1.7631146,0.4282438,1.0
6.051496,6.043614,-1.7030554,0.4178556,1.0
6.0485187,6.0212345,-1.6444532,0.42994663,1.0
6.046809,5.9980674,-1.5841552,0.4420377,1.0
6.04649,5.974186,-1.5221616,0.45412874,1.0
6.047683,5.9496784,-1.4584723,0.44044325,1.0
6.05035,5.926031,-1.3967022,0.42675778,1.0
6.054344,5.9033217,-1.3368515,0.41307232,1.0
6.0595183,5.8816113,-1.27892,0.4249051,1.0
6.066124,5.859625,-1.2193292,0.43673787,1.0
6.074248,5.83747,-1.1580788,0.44857064,1.0
6.083969,5.815269,-1.095169,0.44449273,1.0
6.094966,5.7939186,-1.032831,0.44041482,1.0
6.1071587,5.7734838,-0.971065,0.43633693,1.0
6.1204653,5.7540226,-0.9098708,0.4425961,1.0
6.1351447,5.7351446,-0.8477988,0.4488553,1.0
6.1511903,5.71696,-0.78484905,0.4551145,1.0
6.1685877,5.699582,-0.7210215,0.459554,1.0
6.187238,5.6831903,-0.6565712,0.4639935,1.0
6.2070956,5.6678877,-0.5914984,0.46843296,1.0
6.228105,5.653775,-0.5258029,0.4786647,1.0
6.250474,5.6407948,-0.45867252,0.4888964,1.0
6.274159,5.629099,-0.39010715,0.49912813,1.0
6.299101,5.6188436,-0.32010686,0.5000735,1.0
6.3247476,5.6103415,-0.24997397,0.5010189,1.0
6.350976,5.603645,-0.17970848,0.5019643,1.0
6.3776608,5.598797,-0.109310426,0.5032709,1.0
6.4046903,5.5958304,-0.038729113,0.5045775,1.0
6.431932,5.594775,0.032035448,0.5058842,1.0
6.4592514,5.5956507,0.10298326,0.5073766,1.0
6.48652,5.598469,0.17414038,0.50886905,1.0
6.513598,5.6032324,0.2455068,0.5103615,1.0
