-5.6915007,-1.1730453,-1.2700269,0.2190565,0.0
-5.685011,-1.1939676,-1.2700269,0.19123101,0.09836372
-5.679373,-1.2121439,-1.266897,0.16340552,0.19672744
-5.674577,-1.227435,-1.2615737,0.13558003,0.29509115
-5.67063,-1.2397916,-1.255002,0.10848379,0.39380345
-5.6675186,-1.2493143,-1.2480644,0.08138755,0.4925157
-5.665244,-1.2561154,-1.2416505,0.054291304,0.591228
-5.663787,-1.2603811,-1.236607,0.027037159,0.68886125
-5.6631026,-1.2623528,-1.2337426,-0.00021698429,0.7864945
-5.6631074,-1.2623383,-1.2337682,-0.027471127,0.88412774
-5.6636834,-1.2606947,-1.237309,-0.05608045,0.97664076
-5.664711,-1.2577282,-1.2450539,-0.084689766,1.0
-5.6661754,-1.253393,-1.2569313,-0.11329909,1.0
-5.668065,-1.2475705,-1.272821,-0.14246069,1.0
-5.6703253,-1.2402126,-1.2928003,-0.17162229,1.0
-5.6728697,-1.2312957,-1.3168695,-0.2007839,1.0
-5.675595,-1.2207953,-1.3450285,-0.22980565,1.0
-5.6783743,-1.2086939,-1.3772576,-0.2588274,1.0
-5.681064,-1.1949705,-1.4135569,-0.28784916,1.0
-5.6834993,-1.1796098,-1.4539263,-0.31634316,1.0
-5.6854925,-1.1626343,-1.498292,-0.34483713,1.0
-5.6868424,-1.1440516,-1.5466537,-0.37333113,1.0
-5.6873293,-1.1238863,-1.5990115,-0.40026435,1.0
-5.686719,-1.1022686,-1.6551467,-0.4271976,1.0
-5.6847744,-1.079269,-1.7150592,-0.45413083,1.0
-5.6812468,-1.0549871,-1.7787488,-0.4794485,0.96935314
-5.675646,-1.0284429,-1.8446345,-0.5047661,0.9387062
-5.667581,-0.9997308,-1.9125084,-0.523,0.90805936
-5.656798,-0.9694123,-1.9812227,-0.523,0.8569277
-5.6431346,-0.9380122,-2.0471063,-0.523,0.8057961
-5.626528,-0.905824,-2.1099868,-0.523,0.7546644
-5.606965,-0.87312895,-2.1697,-0.523,0.7084279
-5.5845757,-0.8403254,-2.226414,-0.523,0.66219133
-5.55943,-0.8076307,-2.280008,-0.523,0.6159548
-5.53163,-0.77523553,-2.3303676,-0.523,0.5620948
-5.501157,-0.7431462,-2.376824,-0.523,0.50823474
-5.4681897,-0.71151215,-2.4192424,-0.523,0.45437473
-5.432933,-0.68044245,-2.4575,-0.523,0.39296508
-5.39549,-0.64990973,-2.4908786,-0.523,0.3315554
-5.356144,-0.61995417,-2.5192525,-0.523,0.2701457
-5.3151903,-0.59057224,-2.5425148,-0.523,0.20393442
-5.272893,-0.5616924,-2.5601683,-0.523,0.13772312
-5.229601,-0.53324044,-2.5721352,-0.523,0.07151183
-5.1856666,-0.50511366,-2.5783634,-0.523,0.02704677
-5.1414614,-0.47719988,-2.5807207,-0.523,-0.01741829
-5.097181,-0.44938442,-2.5792024,-0.523,-0.06188335
-5.053021,-0.42155093,-2.5738118,-0.523,-0.0850517
-5.009086,-0.39352763,-2.566407,-0.523,-0.10822005
-4.9654584,-0.36524335,-2.556992,-0.523,-0.1313884
-4.9222198,-0.3366295,-2.5455723,-0.523,-0.14670664
-4.879402,-0.3075861,-2.5328302,-0.523,-0.16202489
-4.8370595,-0.2780699,-2.5187688,-0.523,-0.17734313
-4.795246,-0.2480402,-2.5033913,-0.523,-0.1842068
-4.753951,-0.21740952,-2.4874253,-0.523,-0.19107047
-4.7132034,-0.18616419,-2.4708714,-0.523,-0.19793415
-4.6730328,-0.15429176,-2.4537306,-0.50410706,-0.19251633
-4.6348047,-0.12287794,-2.4376554,-0.48521408,-0.1870985
-4.5984626,-0.09202179,-2.4226131,-0.4663211,-0.18168068
-4.5639505,-0.061814573,-2.4085705,-0.44444534,-0.21372339
-4.5316725,-0.032752525,-2.3928595,-0.42256954,-0.2457661
-4.5016475,-0.0048520826,-2.3757243,-0.40069374,-0.27780882
-4.4738736,0.021857617,-2.3574092,-0.37874907,-0.27011594
-4.448032,0.047636747,-2.3405647,-0.3568044,-0.26242307
-4.4240494,0.07238071,-2.3251376,-0.33485976,-0.25473017
-4.401858,0.095995285,-2.3110745,-0.31170666,-0.2624926
-4.3815536,0.11821972,-2.2975936,-0.28855357,-0.27025503
-4.3630757,0.1390008,-2.2847543,-0.26540047,-0.27801746
-4.346364,0.15828893,-2.2726142,-0.24525772,-0.3
-4.331237,0.17618199,-2.2605345,-0.22511497,-0.3
-4.317552,0.19277203,-2.2494469,-0.20497224,-0.3
-4.3052597,0.20801486,-2.2393513,-0.18848728,-0.3
-4.294098,0.22214518,-2.2300677,-0.17200232,-0.3
-4.284033,0.23513368,-2.221596,-0.15551737,-0.3
-4.275032,0.24695402,-2.2139363,-0.15098268,-0.3
-4.2663817,0.25849628,-2.2064998,-0.14644799,-0.3
-4.2580748,0.26975396,-2.1992867,-0.1419133,-0.3
-4.250104,0.28072083,-2.192297,-0.14182355,-0.3
-4.242215,0.2917362,-2.1853118,-0.1417338,-0.3
-4.2344084,0.30279937,-2.178331,-0.14164405,-0.3
-4.2266836,0.31390974,-2.1713545,-0.13997903,-0.3
-4.2191267,0.3249425,-2.16446,-0.13831402,-0.3
-4.2117352,0.33589524,-2.1576476,-0.13664903,-0.3
-4.2045064,0.34676564,-2.150917,-0.13596042,-0.3
-4.1973867,0.35762942,-2.1442206,-0.13527182,-0.3
-4.190376,0.36848536,-2.137558,-0.13458322,-0.3
-4.1834726,0.3793323,-2.1309295,-0.13387169,-0.3
-4.1766777,0.39016715,-2.1243358,-0.13316016,-0.3
-4.16999,0.40098876,-2.117777,-0.13244863,-0.3
-4.163409,0.4117959,-2.1112537,-0.13332532,-0.3
-4.1568556,0.4227176,-2.104687,-0.13420203,-0.3
-4.1503315,0.43375418,-2.098077,-0.13507873,-0.3
-4.143838,0.44490603,-2.091424,-0.1399944,-0.3
-4.137185,0.45650822,-2.0845287,-0.14491005,-0.3
-4.130382,0.46856502,-2.0773914,-0.1498257,-0.3
-4.123437,0.48108065,-2.070012,-0.15164413,-0.3
-4.1165013,0.49379975,-2.062543,-0.15346253,-0.3
-4.109579,0.5067234,-2.0549846,-0.15528093,-0.3
-4.102674,0.51985276,-2.0473363,-0.15511589,-0.3
-4.095876,0.53302056,-2.0396965,-0.15495084,-0.3
-4.0891867,0.54622585,-2.0320644,-0.15478581,-0.3
-4.0826054,0.5594677,-2.0244408,-0.15535209,-0.29457495
-4.0760903,0.5728301,-2.0169234,-0.15591834,-0.2891499
-4.069642,0.58631194,-2.0095139,-0.15648462,-0.28372484
-4.0632606,0.59991205,-2.002213,-0.15683943,-0.26417553
-4.05693,0.6136647,-1.9953874,-0.15719424,-0.24462624
-4.0506473,0.6275619,-1.9890422,-0.15754905,-0.22507693
-4.0444093,0.64159566,-1.9831818,-0.1576526,-0.19887888
-4.038215,0.65575457,-1.9779906,-0.15775615,-0.17268084
-4.0320606,0.6700249,-1.973473,-0.1578597,-0.1464828
-4.0259404,0.6843927,-1.9696327,-0.1593984,-0.124740385
-4.0197988,0.69896734,-1.9663274,-0.16093712,-0.10299797
-4.0136304,0.71373975,-1.9635695,-0.16247582,-0.081255555
-4.0074325,0.7287006,-1.9613717,-0.16374198,-0.055872094
-4.001208,0.743818,-1.9598477,-0.16500814,-0.030488634
-3.994952,0.7590786,-1.9590093,-0.1662743,-0.0051051737
