-8.679495,4.4679275,0.53958255,0.683181,0.0
-8.620883,4.5030274,0.53958255,0.523,-0.08952246
-8.576193,4.5297904,0.5317896,0.4950004,-0.17904492
-8.534211,4.5544896,0.5170972,0.46700078,-0.26856738
-8.495072,4.576749,0.49644405,0.45788047,-0.3
-8.45661,4.5975833,0.47389188,0.44876012,-0.3
-8.418463,4.617148,0.45178896,0.4396398,-0.3
-8.380676,4.635484,0.43013522,0.4337127,-0.3
-8.343016,4.6527624,0.4087734,0.42778558,-0.3
-8.305515,4.6690063,0.3877035,0.42185846,-0.3
-8.268205,4.684243,0.36692557,0.41725847,-0.3
-8.230996,4.6985435,0.34637418,0.4126585,-0.3
-8.193914,4.7119274,0.32604936,0.40805852,-0.3
-8.156985,4.724414,0.3059511,0.4042065,-0.3
-8.120163,4.736045,0.28604257,0.4003545,-0.3
-8.083469,4.7468367,0.26632378,0.39650252,-0.3
-8.046926,4.756806,0.24679467,0.3930533,-0.3
-8.010514,4.7659793,0.22743548,0.3896041,-0.3
-7.974252,4.7743716,0.20824617,0.3861549,-0.3
-7.938158,4.7819986,0.18922673,0.38275003,-0.3
-7.9022455,4.7888765,0.170375,0.37934515,-0.3
-7.86653,4.795021,0.15169097,0.3759403,-0.3
-7.8310275,4.800448,0.13317466,0.37265635,-0.3
-7.7957416,4.8051753,0.11482008,0.36937243,-0.3
-7.7606864,4.809218,0.09662724,0.36608848,-0.3
-7.725876,4.8125925,0.07859615,0.3628836,-0.3
-7.691315,4.8153143,0.06072291,0.35967872,-0.3
-7.657017,4.8173995,0.043007523,0.3564738,-0.3
-7.6229935,4.818864,0.025449988,0.35357258,-0.3
-7.5892262,4.819723,0.008035349,0.35067132,-0.3
-7.555726,4.8199925,-0.009236395,0.34777007,-0.3
-7.522504,4.8196855,-0.026365243,0.34565184,-0.3
-7.489494,4.818815,-0.04338976,0.3435336,-0.3
-7.456706,4.8173914,-0.060309947,0.34141535,-0.3
-7.4241486,4.8154254,-0.0771258,0.3409683,-0.3
-7.3916717,4.812916,-0.09391964,0.34052125,-0.3
-7.3592834,4.809865,-0.11069146,0.34007418,-0.3
-7.326994,4.806276,-0.12744126,0.34162503,-0.3
-7.294622,4.802128,-0.14426744,0.3431759,-0.3
-7.2621775,4.797415,-0.16117,0.34472677,-0.3
-7.2296715,4.79213,-0.17814897,0.34804624,-0.3
-7.1969476,4.7862377,-0.19529141,0.35136575,-0.3
-7.164018,4.7797236,-0.21259736,0.35468525,-0.3
-7.130897,4.7725744,-0.2300668,0.3615527,-0.3
-7.0972667,4.7646976,-0.24787448,0.36842015,-0.3
-7.0631456,4.756062,-0.26602042,0.37528762,-0.3
-7.0285544,4.746637,-0.2845046,0.38390696,-0.3
-6.9933524,4.7363424,-0.3034133,0.39252633,-0.3
-6.957566,4.7251387,-0.32274655,0.4011457,-0.3
-6.9212217,4.7129836,-0.34250432,0.40955546,-0.3
-6.884368,4.699843,-0.36267632,0.4179652,-0.3
-6.847036,4.685677,-0.38326252,0.42637497,-0.3
-6.8092575,4.670445,-0.40426293,0.4342144,-0.3
-6.7711196,4.654128,-0.42564943,0.44205385,-0.3
-6.7326565,4.6366906,-0.4474221,0.4498933,-0.3
-6.6939073,4.6180954,-0.46958083,0.45779356,-0.3
-6.6549067,4.5983047,-0.49212873,0.46569386,-0.3
-6.615697,4.5772834,-0.5150657,0.47359413,-0.3
-6.5763226,4.5549965,-0.5383918,0.4818938,-0.3
-6.536798,4.5313907,-0.5621267,0.49019352,-0.3
-6.4971743,4.506431,-0.5862704,0.49849322,-0.3
-6.457504,4.4800835,-0.61082286,0.50920874,-0.29691482
-6.417616,4.452156,-0.63565284,0.5199243,-0.29382962
-6.3775716,4.4226108,-0.66074955,0.523,-0.29074445
-6.338012,4.391861,-0.68573725,0.523,-0.28464448
-6.299163,4.360075,-0.7102151,0.523,-0.2785445
-6.2610364,4.32729,-0.7341821,0.523,-0.27244452
-6.2236423,4.2935424,-0.7576375,0.523,-0.26469108
-6.186971,4.258853,-0.7804413,0.523,-0.25693762
-6.1510267,4.2232633,-0.80259204,0.523,-0.24918419
-6.115809,4.186813,-0.8240885,0.523,-0.24111328
-6.081313,4.1495385,-0.8449025,0.523,-0.23304234
-6.0475345,4.1114807,-0.8650327,0.523,-0.22497143
-6.014467,4.072677,-0.8844777,0.523,-0.21738793
-5.982105,4.033171,-0.90327775,0.523,-0.20980443
-5.950439,3.9929974,-0.92143184,0.523,-0.20222093
-5.9194584,3.9521909,-0.93893886,0.523,-0.19454291
-5.8891506,3.9107845,-0.95578974,0.523,-0.18686491
-5.8595004,3.8688111,-0.97198355,0.523,-0.17918691
-5.830493,3.8263028,-0.9875192,0.523,-0.17051187
-5.802106,3.7832828,-1.0023103,0.523,-0.16183685
-5.7743177,3.7397847,-1.0163555,0.523,-0.15316182
-5.7471056,3.6958401,-1.029654,0.523,-0.14549382
-5.72045,3.6514862,-1.0422915,0.523,-0.13782582
-5.694328,3.6067502,-1.0542673,0.523,-0.1301578
-5.6687174,3.561658,-1.0655807,0.523,-0.123444065
-5.643597,3.5162401,-1.0763136,0.523,-0.11673033
-5.6189456,3.470518,-1.0864656,0.523,-0.1100166
-5.594741,3.424513,-1.096036,0.523,-0.102371655
-5.5709586,3.378241,-1.1049438,0.523,-0.09472672
-5.5475717,3.3317237,-1.1131885,0.523,-0.087081775
-5.524553,3.2849824,-1.1207695,0.523,-0.07895746
-5.5018735,3.2380364,-1.1276448,0.523,-0.07083315
-5.479504,3.1909068,-1.133814,0.523,-0.06270883
-5.457414,3.1436145,-1.1392765,0.523,-0.05787779
-5.435576,3.0961883,-1.1443187,0.523,-0.05304675
-5.413972,3.0486398,-1.1489404,0.523,-0.04821571
-5.3925824,3.0009804,-1.1531416,0.523,-0.049377304
-5.371394,2.9532342,-1.1574439,0.523,-0.050538898
-5.3504133,2.9054,-1.1618474,0.523,-0.05170049
-5.329644,2.857477,-1.1663519,0.523,-0.052034587
-5.3090916,2.8094616,-1.1708856,0.523,-0.052368682
-5.2887573,2.7613542,-1.1754483,0.523,-0.052702777
-5.268643,2.7131555,-1.18004,0.523,-0.052922796
-5.24875,2.6648655,-1.184651,0.523,-0.053142816
-5.2290807,2.6164849,-1.1892811,0.523,-0.053362835
-5.2096357,2.5680144,-1.1939304,0.523,-0.05299301
-5.190416,2.5194528,-1.1985474,0.523,-0.05262319
-5.17142,2.4708023,-1.2031323,0.523,-0.052253366
-5.1526475,2.422064,-1.207685,0.523,-0.051967643
-5.134096,2.3732402,-1.2122128,0.523,-0.051681925
-5.115766,2.3243322,-1.2167157,0.523,-0.051396202
-5.0976562,2.2753413,-1.2211938,0.523,-0.050551604
-5.0797653,2.2262678,-1.2255983,0.523,-0.049707007
-5.0620894,2.1771138,-1.2299293,0.523,-0.04886241
-5.044626,2.1278818,-1.2341868,0.523,-0.047867965
-5.027372,2.0785735,-1.2383577,0.523,-0.04687352
-5.0103226,2.029191,-1.242442,0.523,-0.045879077
-4.9934745,1.9797374,-1.2464397,0.523,-0.050683
-4.976828,1.9302282,-1.2508557,0.523,-0.055486917
-4.9604044,1.8806586,-1.2556899,0.523,-0.060290836
-4.944225,1.831024,-1.260942,0.523,-0.06390667
-4.9283104,1.7813163,-1.2665087,0.523,-0.0675225
-4.9126763,1.7315327,-1.27239,0.523,-0.07113834
-4.897339,1.6816704,-1.2785857,0.523,-0.07491784
-4.882315,1.6317279,-1.2851099,0.523,-0.07869734
-4.867622,1.5817031,-1.2919626,0.523,-0.08247684
-4.8532763,1.5315939,-1.2991437,0.523,-0.08369415
-4.839292,1.4813882,-1.3064305,0.523,-0.08491147
-4.825675,1.431087,-1.3138231,0.523,-0.086128786
-4.8124323,1.3806919,-1.3213214,0.523,-0.08964544
-4.7995715,1.3302145,-1.3291249,0.523,-0.09316209
-4.787109,1.2796546,-1.3372339,0.523,-0.09667874
-4.775061,1.2290123,-1.3456479,0.523,-0.09630168
-4.763439,1.1782684,-1.3540292,0.523,-0.09592462
-4.7522426,1.1274272,-1.3623779,0.523,-0.095547564
-4.7414703,1.0764924,-1.3706937,0.523,-0.09986149
-4.7311263,1.0254914,-1.3793839,0.523,-0.10417542
-4.7212305,0.97442484,-1.3884481,0.523,-0.10848935
-4.711802,0.92329437,-1.3978862,0.523,-0.11711359
-4.7028656,0.8721271,-1.4080713,0.523,-0.12573783
-4.6944594,0.8209255,-1.4190025,0.523,-0.13436207
-4.686622,0.76969284,-1.4306792,0.523,-0.1411199
-4.679391,0.7184202,-1.4429394,0.523,-0.14787772
-4.672795,0.66711324,-1.4557825,0.523,-0.15463553
-4.6668644,0.6157787,-1.4692079,0.523,-0.14441425
-4.661616,0.56429,-1.4817523,0.523,-0.13419296
-4.6570067,0.5126655,-1.4934144,0.523,-0.12397166
-4.6529946,0.46092218,-1.504193,0.523,-0.11969694
-4.649539,0.40911153,-1.5146016,0.523,-0.11542221
-4.6466208,0.35724154,-1.5246402,0.523,-0.111147486
-4.6442227,0.3053196,-1.5343087,0.523,-0.10729118
-4.642326,0.25335497,-1.543643,0.523,-0.10343486
-4.6409135,0.20135365,-1.552643,0.523,-0.099578544
-4.639969,0.14932132,-1.5613085,0.523,-0.09555652
-4.639475,0.097262256,-1.5696253,0.523,-0.091534495
-4.639414,0.045181237,-1.5775928,0.523,-0.08751247
-4.639768,-0.0069174194,-1.5852113,0.523,-0.0860533
-4.640519,-0.05901848,-1.592703,0.523,-0.08459413
-4.6416607,-0.11111896,-1.600068,0.523,-0.083134964
-4.643186,-0.163216,-1.6073062,0.523,-0.082693115
-4.6450887,-0.21530254,-1.6145061,0.523,-0.082251266
-4.647366,-0.26737595,-1.6216676,0.523,-0.08180942
-4.650017,-0.3194336,-1.6287907,0.523,-0.08120753
-4.653038,-0.3714736,-1.6358615,0.523,-0.08060564
-4.6564274,-0.42349347,-1.6428801,0.523,-0.08000375
-4.660182,-0.4754908,-1.6498463,0.523,-0.08159984
-4.6642985,-0.527454,-1.6569512,0.523,-0.083195925
-4.668783,-0.5793798,-1.6641947,0.523,-0.08479201
-4.673643,-0.6312648,-1.6715769,0.523,-0.08755107
-4.678885,-0.6831001,-1.6791987,0.523,-0.09031013
-4.6845202,-0.7348812,-1.68706,0.523,-0.09306918
-4.690561,-0.78660333,-1.6951609,0.523,-0.09735472
-4.6970177,-0.8382537,-1.7036335,0.523,-0.10164025
-4.703909,-0.8898254,-1.7124779,0.523,-0.10592578
-4.7112527,-0.9413111,-1.7216939,0.523,-0.11442458
-4.7190633,-0.9926787,-1.7316462,0.523,-0.12292338
-4.7273765,-1.0439141,-1.742334,0.523,-0.13142218
-4.736227,-1.095002,-1.7537566,0.523,-0.14198701
-4.7456465,-1.1459117,-1.7660917,0.523,-0.15255184
-4.755678,-1.1966215,-1.7793375,0.523,-0.16311668
-4.766362,-1.2471093,-1.7934929,0.523,-0.16925392
-4.777748,-1.2973889,-1.8081759,0.523,-0.17539117
-4.789858,-1.3474424,-1.823386,0.523,-0.1815284
-4.802714,-1.3972508,-1.8391224,0.523,-0.18781412
-4.8163357,-1.4467925,-1.8553975,0.523,-0.19409984
-4.8307443,-1.4960461,-1.8722104,0.523,-0.20038557
-4.84596,-1.5449889,-1.8895607,0.51917344,-0.2057848
-4.861887,-1.5932505,-1.9072416,0.5153469,-0.21118402
-4.8785224,-1.6408151,-1.925246,0.5115203,-0.21658325
-4.895861,-1.6876668,-1.9435663,0.5072438,-0.21709637
-4.9139013,-1.7337986,-1.961776,0.5029673,-0.21760951
-4.932617,-1.779203,-1.9798741,0.49869075,-0.21812263
-4.951983,-1.8238732,-1.99786,0.49539134,-0.221817
-4.9719996,-1.8678583,-2.0160246,0.4920919,-0.22551137
-4.9926558,-1.9111457,-2.0343635,0.48879245,-0.22920574
-5.01394,-1.953723,-2.052873,0.48438194,-0.23104158
-5.0358,-1.9955004,-2.0713594,0.47997144,-0.23287743
-5.058213,-2.0364723,-2.0898206,0.47556093,-0.23471329
-5.081156,-2.0766332,-2.1082537,0.4725652,-0.23594147
-5.1046786,-2.1161025,-2.1266646,0.46956947,-0.23716965
-5.128763,-2.1548731,-2.1450524,0.46657375,-0.23839785
-5.1533914,-2.1929386,-2.1634157,0.46448344,-0.23746282
-5.178606,-2.2303855,-2.1816263,0.4623931,-0.23652779
-5.204388,-2.2672088,-2.1996849,0.4603028,-0.23559275
-5.2307177,-2.3034043,-2.2175922,0.45887887,-0.23330045
-5.257622,-2.3390317,-2.2352736,0.45745498,-0.23100814
-5.2850814,-2.3740876,-2.25273,0.45603105,-0.22871582
-5.313076,-2.4085698,-2.2699623,0.45391852,-0.21394366
-5.3416233,-2.44252,-2.2860248,0.45180598,-0.1991715
-5.3706665,-2.4759543,-2.3009236,0.44969344,-0.18439934
-5.4001513,-2.5088925,-2.314666,0.4491782,-0.17446081
-5.430105,-2.5414436,-2.3276603,0.44866294,-0.1645223
-5.4604964,-2.5736208,-2.3399074,0.44814768,-0.15458378
-5.4912934,-2.6054375,-2.3514078,0.44659406,-0.14981988
-5.5223684,-2.6368117,-2.3625174,0.44504043,-0.14505596
-5.5537033,-2.667753,-2.373239,0.44348678,-0.14029205
-5.5852795,-2.6982703,-2.3835747,0.44224283,-0.14061086
-5.6170783,-2.7283738,-2.3939044,0.44099888,-0.14092967
-5.649094,-2.758062,-2.4042287,0.43975493,-0.14124846
-5.6813226,-2.787334,-2.4145467,0.43677896,-0.15635893
-5.713558,-2.816011,-2.4258828,0.433803,-0.17146939
-5.745814,-2.8440576,-2.4382193,0.43082702,-0.18657984
-5.7781014,-2.8714397,-2.451539,0.4262915,-0.19891031
-5.8103294,-2.8980415,-2.4655783,0.421756,-0.21124078
-5.842498,-2.9238436,-2.4803169,0.41722047,-0.22357126
-5.874606,-2.9488285,-2.495734,0.41319507,-0.22556753
-5.9067674,-2.973068,-2.5111365,0.40916964,-0.22756381
-5.9389663,-2.9965672,-2.5265217,0.40514424,-0.22956009
-5.9711876,-3.0193315,-2.5418868,0.40406016,-0.2318172
-6.0036507,-3.0415266,-2.5573587,0.40297607,-0.23407431
-6.0363474,-3.063147,-2.5729365,0.40189198,-0.23633142
-6.0692706,-3.0841873,-2.5886195,0.4032892,-0.2385701
-6.1026173,-3.104769,-2.6045034,0.40468642,-0.24080878
-6.1363845,-3.1248767,-2.6205888,0.40608364,-0.24304746
-6.17057,-3.1444955,-2.6368768,0.40929896,-0.24346906
-6.2053394,-3.163704,-2.653322,0.41251427,-0.24389067
-6.2406926,-3.1824822,-2.6699243,0.41572958,-0.24431229
-6.2766266,-3.200811,-2.6866844,0.42020297,-0.24101985
-6.313282,-3.21874,-2.7034009,0.42467633,-0.23772742
-6.350656,-3.2362523,-2.7200692,0.42914972,-0.23443499
-6.3887434,-3.253331,-2.7366838,0.43430305,-0.22700214
-6.4276376,-3.2700007,-2.7529743,0.43945637,-0.21956928
-6.46733,-3.2862523,-2.7689273,0.4446097,-0.21213643
-6.507811,-3.3020775,-2.7845294,0.45210475,-0.20408994
-6.5492907,-3.3175519,-2.799801,0.4595998,-0.19604343
-6.591763,-3.3326614,-2.814722,0.46709484,-0.18799694
-6.6352196,-3.3473947,-2.8292713,0.4773975,-0.17821763
-6.67993,-3.3618312,-2.8433766,0.48770013,-0.16843832
-6.7258883,-3.3759577,-2.8570032,0.4980028,-0.15865901
-6.773085,-3.3897643,-2.8701167,0.506521,-0.13766144
-6.82142,-3.4032183,-2.8817015,0.51503915,-0.116663866
-6.8708563,-3.4163637,-2.891693,0.523,-0.0956663
-6.9213,-3.4292386,-2.9000194,0.523,-0.07826792
-6.9719257,-3.4417121,-2.9068348,0.523,-0.060869534
-7.022697,-3.453855,-2.9121373,0.523,-0.04347115
-7.0735784,-3.4657393,-2.9159253,0.523,-0.01992386
-7.124542,-3.4774394,-2.917662,0.523,0.003623432
-7.1755357,-3.4890532,-2.917346,0.523,0.027170723
-7.2265077,-3.500679,-2.914978,0.523,0.04653632
-7.2774153,-3.512417,-2.910923,0.523,0.06590192
-7.3282194,-3.5243483,-2.9051828,0.523,0.085267514
-7.37888,-3.5365531,-2.8977592,0.523,0.09148392
-7.4294205,-3.5491269,-2.889796,0.523,0.09770033
-7.47983,-3.5620952,-2.8812933,0.523,0.103916734
-7.5300956,-3.5754828,-2.8722515,0.523,0.119342096
-7.580151,-3.5893006,-2.8618736,0.523,0.13476746
-7.629963,-3.603609,-2.8501618,0.523,0.15019281
-7.6794934,-3.6184669,-2.8371193,0.523,0.17322612
-7.728641,-3.6339114,-2.8220952,0.523,0.19625944
-7.7773414,-3.6500227,-2.8050973,0.523,0.21929274
-7.8255258,-3.6668777,-2.7861352,0.523,0.22349162
-7.8733373,-3.6846266,-2.766816,0.523,0.22769052
-7.9207506,-3.7032776,-2.74714,0.523,0.2318894
-7.967742,-3.7228386,-2.7271078,0.523,0.22866845
-8.014367,-3.7433524,-2.7073486,0.523,0.22544749
-8.060613,-3.7647996,-2.687863,0.523,0.22222655
-8.106465,-3.78716,-2.6686516,0.523,0.19976968
-8.152099,-3.8105092,-2.6513538,0.523,0.1773128
-8.197515,-3.834748,-2.635979,0.523,0.15485594
-8.242723,-3.859776,-2.6225345,0.523,0.08543043
-8.28797,-3.8856254,-2.6150968,0.523,0.01600492
-8.33318,-3.9119031,-2.6137018,0.523,-0.053420592
-8.378297,-3.9382098,-2.6183562,0.523,-0.09032659
-8.423414,-3.9642367,-2.6262188,0.523,-0.1272326
-8.468554,-3.989805,-2.6372795,0.523,-0.1641386
