2.2134206,8.439479,-2.8843415,-0.10453439,0.0
2.22353,8.442139,-2.8843415,-0.076430395,0.0785871
2.2308989,8.444077,-2.8853414,-0.048326403,0.1571742
2.235516,8.445287,-2.8866022,-0.02022241,0.23576131
2.237419,8.445783,-2.8873894,0.007866052,0.3129366
2.2366943,8.445595,-2.8869858,0.035954513,0.39011192
2.2334764,8.4447565,-2.884707,0.06404298,0.46728724
2.2279463,8.443304,-2.8798988,0.09158737,0.532786
2.2203255,8.441263,-2.8721454,0.11913177,0.59828484
2.210837,8.4386425,-2.8609624,0.14667617,0.66378367
2.1997356,8.435443,-2.845901,0.1723212,0.7005633
2.1871338,8.431604,-2.8273866,0.19796622,0.737343
2.1731966,8.427074,-2.8052037,0.22361125,0.7741227
2.1581037,8.421797,-2.7791498,0.2453998,0.79632807
2.142057,8.415712,-2.7499146,0.26718834,0.8185334
2.1251829,8.408743,-2.7174003,0.2889769,0.84073883
2.1076186,8.400811,-2.6815126,0.3044597,0.8524806
2.0896652,8.391914,-2.6433072,0.31994247,0.86422235
2.0714192,8.381987,-2.6027496,0.33542526,0.8759641
2.0529864,8.370967,-2.559806,0.34625968,0.86410534
2.034202,8.358612,-2.5159168,0.3570941,0.8522466
2.0151477,8.344845,-2.4711158,0.36792853,0.8403878
1.9959143,8.329592,-2.4254375,0.37527078,0.8203303
1.9766089,8.312791,-2.3796937,0.38261303,0.8002728
1.9573274,8.2943945,-2.3339367,0.38995528,0.7802154
1.9381698,8.274364,-2.2882187,0.39470646,0.7599905
1.9193603,8.252807,-2.242899,0.39945763,0.73976564
1.9009895,8.229719,-2.1980188,0.4042088,0.7195408
1.8831474,8.205105,-2.1536205,0.40710947,0.7000039
1.8660098,8.179108,-2.1099093,0.41001013,0.680467
1.849649,8.151758,-2.0669158,0.4129108,0.66093016
1.8341327,8.123093,-2.0246716,0.41466424,0.64306533
1.8195832,8.093268,-1.9832292,0.4164177,0.6252005
1.8060488,8.062334,-1.9426104,0.4181711,0.60733575
1.7935731,8.030342,-1.9028367,0.41931772,0.59116095
1.7822242,7.997428,-1.8638872,0.42046434,0.57498616
1.7720299,7.963647,-1.8257775,0.42161095,0.55881137
1.7630132,7.929055,-1.7885227,0.42239797,0.54428
1.7552075,7.893772,-1.7520696,0.42318502,0.52974856
1.748624,7.8578525,-1.7164292,0.42397204,0.5152172
1.74327,7.8213496,-1.6816124,0.4250683,0.5031746
1.7391518,7.7843394,-1.6474503,0.4261645,0.49113202
1.7362741,7.7468705,-1.613952,0.42726076,0.47908944
1.7346383,7.70899,-1.5811262,0.42872363,0.467633
1.7342429,7.670723,-1.5489167,0.43018654,0.45617655
1.7350879,7.6321125,-1.5173324,0.43164942,0.44472012
1.7371702,7.5932016,-1.4863828,0.4332847,0.43447655
1.740484,7.5540385,-1.4559853,0.43492,0.424233
1.7450247,7.514663,-1.4261482,0.4365553,0.41398942
1.7507858,7.475113,-1.3968797,0.43782857,0.40656576
1.7577444,7.4355054,-1.3680227,0.43910182,0.39914206
1.7658923,7.395876,-1.3395814,0.4403751,0.39171836
1.7752196,7.356257,-1.3115605,0.44166562,0.38418332
1.7857159,7.3166785,-1.2839711,0.44295615,0.37664825
1.7973691,7.2771707,-1.2568173,0.44424665,0.36911318
1.8101654,7.2377634,-1.2301042,0.44552222,0.36159727
1.8240894,7.1984873,-1.2038356,0.44679776,0.35408136
1.8391252,7.1593695,-1.178016,0.4480733,0.34656543
1.8552558,7.120435,-1.1526499,0.44911388,0.33886752
1.8724558,7.0817275,-1.1277674,0.45015442,0.3311696
1.8907044,7.0432677,-1.1033729,0.45119497,0.3234717
1.9099803,7.0050774,-1.0794702,0.45183712,0.31596363
1.9302425,6.9672103,-1.05607,0.45247927,0.30845553
1.9514666,6.929684,-1.0331755,0.45312142,0.30094746
1.9736278,6.8925138,-1.0107894,0.45336434,0.29349288
1.9966804,6.855745,-0.98892987,0.45360726,0.2860383
2.020597,6.8193884,-0.96759874,0.45385018,0.27858374
2.0453503,6.7834535,-0.94679767,0.45442027,0.2713326
2.07093,6.7479243,-0.92649907,0.45499036,0.26408142
2.097311,6.712808,-0.90670526,0.45556045,0.25683028
2.1244683,6.67811,-0.8874187,0.45650142,0.24949348
2.1524,6.6438074,-0.8686326,0.4574424,0.24215667
2.181083,6.609903,-0.85035044,0.45838338,0.23481987
2.2104933,6.5764003,-0.83257526,0.45937806,0.2275381
2.2406116,6.5432973,-0.81530416,0.46037275,0.22025633
2.2714143,6.510595,-0.7985405,0.46136743,0.21297455
2.3028789,6.478292,-0.7822874,0.46170223,0.20301144
2.334955,6.446415,-0.7667727,0.462037,0.19304833
2.3676107,6.4149537,-0.75199896,0.4623718,0.18308523
2.4008145,6.383897,-0.73796874,0.46209216,0.17165382
2.4344993,6.353265,-0.7248136,0.46181253,0.16022243
2.468629,6.323039,-0.7125341,0.4615329,0.14879102
2.5031676,6.2931995,-0.701131,0.46083924,0.13760161
2.538048,6.2637525,-0.6905956,0.46014562,0.12641221
2.5732362,6.2346754,-0.68092674,0.459452,0.11522282
2.6086984,6.205944,-0.672123,0.45867494,0.10511906
2.6443915,6.177542,-0.6641019,0.45789787,0.095015295
2.6802871,6.149447,-0.6568616,0.4571208,0.08491153
2.7163568,6.121634,-0.6504002,0.45626327,0.07567819
2.752564,6.094086,-0.6446509,0.4554057,0.06644486
2.7888846,6.0667806,-0.63961136,0.45454815,0.05721152
2.8252947,6.0396934,-0.6352795,0.45365334,0.04877939
2.861766,6.0128055,-0.6315928,0.4527585,0.040347267
2.898278,5.986095,-0.62854904,0.45186365,0.03191514
2.9348097,5.9595404,-0.6261459,0.45093292,0.024871707
2.9713373,5.9331226,-0.6242768,0.45000216,0.017828275
3.007844,5.9068236,-0.62293977,0.44907144,0.01078484
3.044314,5.8806252,-0.6221326,0.4490966,0.002593881
3.080809,5.8544536,-0.62193847,0.44912174,-0.0055970787
3.117311,5.8282876,-0.6223574,0.4491469,-0.013788039
3.153801,5.802107,-0.62338954,0.4490809,-0.022709697
3.1902525,5.7758965,-0.6250891,0.44901493,-0.031631358
3.2266455,5.7496347,-0.6274559,0.44894892,-0.040553015
3.262959,5.7232995,-0.6304894,0.44866538,-0.046239953
3.2991607,5.696877,-0.6339459,0.44838184,-0.051926892
3.335238,5.670354,-0.63782465,0.4480983,-0.05761383
3.3711782,5.6437163,-0.64212507,0.44783258,-0.061459802
3.406974,5.616946,-0.64670944,0.44756687,-0.06530578
3.442617,5.590035,-0.6515775,0.44730118,-0.069151744
3.4780982,5.5629735,-0.6567286,0.44672978,-0.071525976
3.5133884,5.535769,-0.66204953,0.44615838,-0.07390021
3.5484824,5.508417,-0.6675397,0.44558695,-0.07627444
3.5833747,5.480913,-0.67319876,0.44503403,-0.07791928
3.6180632,5.45325,-0.67897236,0.44448107,-0.07956412
3.6525443,5.425425,-0.6848602,0.44392812,-0.08120896
3.6868134,5.397436,-0.6908621,0.44341674,-0.082339674
3.7208717,5.3692775,-0.6969404,0.44290537,-0.08347039
3.7547157,5.340947,-0.70309484,0.442394,-0.08460111
3.788343,5.312445,-0.7093252,0.4422961,-0.08441527
3.821785,5.28374,-0.7155406,0.4421982,-0.08422944
3.855041,5.2548337,-0.72174096,0.4421003,-0.08404361
3.8881104,5.2257276,-0.72792625,0.44244418,-0.08420946
3.9210243,5.196395,-0.7341286,0.4427881,-0.08437531
3.9537807,5.1668363,-0.7403479,0.44313198,-0.08454116
3.9863772,5.1370516,-0.7465843,0.4436227,-0.085192166
4.0188217,5.1070333,-0.75287557,0.44411343,-0.08584318
4.0511103,5.076779,-0.7592218,0.44460416,-0.08649419
4.08324,5.046289,-0.7656231,0.44508737,-0.08721356
4.1152067,5.015562,-0.7720845,0.44557056,-0.08793292
4.1470065,4.9845977,-0.7786061,0.44605377,-0.08865228
4.178636,4.953395,-0.78518814,0.44650653,-0.08923488
4.21009,4.9219546,-0.79182,0.44695926,-0.08981748
4.2413645,4.8902755,-0.7985018,0.447412,-0.090400085
4.2724566,4.858358,-0.8052336,0.4478412,-0.09078066
4.303362,4.826202,-0.81200016,0.44827038,-0.091161236
4.334077,4.7938075,-0.8188016,0.4486996,-0.09154181
4.364599,4.7611747,-0.8256378,0.44911277,-0.0917017
4.394925,4.728305,-0.83249223,0.44952598,-0.0918616
4.425052,4.6951976,-0.83936495,0.4499392,-0.092021495
4.454978,4.661854,-0.8462559,0.45034117,-0.09196215
4.4847,4.6282744,-0.8531486,0.45074317,-0.09190281
4.5142164,4.594461,-0.8600429,0.45114514,-0.09184347
4.543525,4.560414,-0.866939,0.4516216,-0.09181421
4.5726295,4.5261297,-0.8738402,0.452098,-0.09178496
4.6015267,4.4916086,-0.8807464,0.45257446,-0.0917557
4.6302156,4.4568524,-0.8876578,0.45299512,-0.09100623
4.6586914,4.4218636,-0.8945192,0.45341578,-0.09025674
4.686955,4.3866453,-0.9013306,0.45383644,-0.08950727
4.715006,4.3512,-0.90809184,0.45432872,-0.08870168
4.742849,4.3155246,-0.91479963,0.45482096,-0.0878961
4.7704835,4.279622,-0.9214539,0.45531324,-0.08709052
4.79791,4.2434945,-0.92805445,0.45592746,-0.08644491
4.825136,4.2071357,-0.9346151,0.45654166,-0.08579929
4.8521605,4.170548,-0.9411355,0.45715588,-0.085153684
4.8789835,4.1337333,-0.9476158,0.45780915,-0.08443871
4.905607,4.0966907,-0.95405096,0.45846242,-0.08372374
4.932031,4.0594215,-0.9604408,0.45911568,-0.08300877
4.958255,4.0219293,-0.9667853,0.4599186,-0.08324121
4.9842854,3.9842062,-0.97315866,0.4607215,-0.08347365
5.01012,3.9462523,-0.97956085,0.46152437,-0.083706096
5.035754,3.9080684,-0.9859921,0.46224084,-0.07889588
5.0611925,3.8696456,-0.99206394,0.4629573,-0.07408567
5.086445,3.8309953,-0.99777514,0.46367374,-0.06927545
5.1115236,3.7921276,-1.0031244,0.46447,-0.06699882
5.1364408,3.7530537,-1.008307,0.46526623,-0.06472218
5.1612015,3.7137778,-1.0133224,0.4660625,-0.062445544
5.18581,3.674305,-1.0181698,0.46669617,-0.058815144
5.2102656,3.634651,-1.0227419,0.46732986,-0.055184744
5.2345777,3.5948231,-1.027038,0.46796355,-0.051554345
5.258756,3.5548294,-1.0310571,0.46874678,-0.049985994
5.2828155,3.5146685,-1.0349606,0.46953,-0.04841764
5.30676,3.4743438,-1.0387481,0.4703132,-0.046849288
5.3305926,3.433858,-1.0424191,0.4708178,-0.04310509
5.3543057,3.3932347,-1.0458004,0.47132242,-0.039360892
5.3779106,3.3524816,-1.0488915,0.471827,-0.035616696
5.4014177,3.3116062,-1.0516918,0.47216335,-0.03306358
5.4248295,3.2706323,-1.0542933,0.47249967,-0.030510461
5.4481525,3.2295651,-1.0566956,0.472836,-0.027957344
5.471395,3.1884098,-1.0588984,0.47304192,-0.025294209
5.494559,3.1471825,-1.0608925,0.4732479,-0.022631073
5.517652,3.1058884,-1.0626774,0.47345382,-0.019967938
5.5406823,3.0645328,-1.0642529,0.4741389,-0.018375218
5.5636816,3.0230796,-1.0657048,0.47482395,-0.016782498
5.5866547,2.9815323,-1.0670329,0.47550902,-0.015189779
5.6096063,2.9398932,-1.0682367,0.4760232,-0.013862157
5.6325326,2.898181,-1.0693364,0.47653735,-0.012534535
5.655438,2.8563976,-1.0703319,0.47705153,-0.011206913
5.678327,2.8145456,-1.071223,0.477647,-0.007829857
5.701208,2.7726197,-1.0718462,0.47824252,-0.004452801
5.724092,2.7306263,-1.0722013,0.478838,-0.0010757446
5.7469897,2.6885722,-1.0722871,0.47994348,-7.710457e-05
5.7699366,2.6464188,-1.0722933,0.48104897,0.0009215355
5.7929363,2.6041684,-1.0722194,0.48215446,0.0019201755
5.8159914,2.5618227,-1.072065,0.48340577,0.004457593
5.839113,2.5193708,-1.0717059,0.48465705,0.00699501
5.8623095,2.476818,-1.0711409,0.48590836,0.009532427
5.8855896,2.4341695,-1.0703689,0.48839557,0.00948301
5.909022,2.3913207,-1.069597,0.49088278,0.009433592
5.9326067,2.3482718,-1.0688252,0.49337,0.009384173
5.956344,2.3050232,-1.0680536,0.49638245,0.004448724
5.9802613,2.2615273,-1.0676856,0.49939486,-0.00048672556
6.0043397,2.217776,-1.067726,0.5024073,-0.005422175
6.028561,2.1737604,-1.0681801,0.50501335,-0.006795734
6.0528884,2.1295059,-1.068752,0.5076194,-0.008169293
6.077315,2.0850093,-1.0694432,0.5102254,-0.009542853
6.1018357,2.0402682,-1.0702547,0.5126165,-0.021510607
6.1264305,1.9953054,-1.0720923,0.5150077,-0.03347836
6.151049,1.9501027,-1.0749654,0.51739883,-0.045446116
6.1756396,1.9046407,-1.078883,0.51818055,-0.04425933
6.20009,1.8590113,-1.0827042,0.51896226,-0.04307254
6.224404,1.8132175,-1.0864285,0.519744,-0.041885752
6.2485843,1.7672621,-1.0900557,0.51997906,-0.05348432
6.2725954,1.721224,-1.0946887,0.52021414,-0.06508289
6.2963877,1.675086,-1.1003275,0.5204492,-0.07668146
6.3199105,1.6288317,-1.1069725,0.5176984,-0.07072916
6.3430133,1.5826472,-1.1130701,0.5149476,-0.06477686
6.365721,1.5365503,-1.1186256,0.5121968,-0.05882456
6.3880615,1.4905578,-1.1236444,0.5104338,-0.07101075
6.410077,1.4446489,-1.1296804,0.50867075,-0.08319695
6.4317193,1.3988101,-1.1367255,0.50690776,-0.095383145
6.4529414,1.3530294,-1.1447717,0.5030767,-0.08346828
6.473659,1.3073779,-1.1517621,0.4992456,-0.071553424
6.4939203,1.2618895,-1.1577108,0.49541453,-0.05963856
6.5137725,1.2165958,-1.1626322,0.4937509,-0.070657894
6.533322,1.1713898,-1.1684419,0.49208727,-0.081677236
6.552527,1.1262618,-1.1751332,0.49042365,-0.09269657
6.5713477,1.0812026,-1.1826991,0.4873784,-0.08407863
6.5897264,1.0362488,-1.1895208,0.48433313,-0.075460695
6.6076975,0.9914214,-1.1956064,0.48128784,-0.06684276
6.6252947,0.9467405,-1.2009641,0.47986755,-0.0742515
6.6425924,0.90212154,-1.2068971,0.47844723,-0.08166025
6.6595645,0.85755885,-1.2134016,0.4770269,-0.089068994
6.6761866,0.8130476,-1.2204736,0.47545132,-0.08841881
6.69244,0.7685647,-1.227471,0.47387573,-0.08776863
6.7083306,0.7241144,-1.234394,0.47230014,-0.087118454
6.7238617,0.6797008,-1.241243,0.4718473,-0.09595562
6.7390614,0.6352606,-1.2487775,0.47139442,-0.10479278
6.753898,0.5907895,-1.2569956,0.47094157,-0.113629945
6.7683415,0.54628396,-1.2658952,0.46976408,-0.11964999
6.782343,0.50179464,-1.2752408,0.4685866,-0.12567005
6.7958837,0.45732123,-1.2850295,0.4674091,-0.1316901
6.8089457,0.41286418,-1.2952588,0.46591994,-0.13727361
6.821502,0.36845145,-1.3058851,0.46443078,-0.14285712
6.8335385,0.3240851,-1.3169054,0.46294162,-0.14844063
6.8450384,0.27976778,-1.3283166,0.4611685,-0.15124083
6.855985,0.2355111,-1.3398968,0.4593954,-0.154041
6.866374,0.19132027,-1.3516445,0.45762232,-0.15684119
6.8762007,0.14720084,-1.3635579,0.45618916,-0.16156708
6.8854647,0.103139445,-1.3757887,0.454756,-0.16629297
6.8941555,0.059141222,-1.3883345,0.45332283,-0.17101887
6.902261,0.015211791,-1.4011928,0.45167756,-0.17223142
6.909772,-0.02864921,-1.4140942,0.45003232,-0.17344399
6.91669,-0.07243409,-1.4270383,0.44838706,-0.17465654
6.923016,-0.11613514,-1.4400244,0.44780952,-0.18024567
6.928761,-0.15981446,-1.4534043,0.44723195,-0.18583478
6.9339085,-0.20346512,-1.4671766,0.44665438,-0.1914239
6.938444,-0.2470795,-1.4813397,0.44582525,-0.19331764
6.942353,-0.29065663,-1.4956148,0.44499615,-0.19521138
6.945632,-0.33418772,-1.5100011,0.44416702,-0.19710514
6.9482784,-0.37766394,-1.524498,0.44383118,-0.20876962
6.950288,-0.42103684,-1.5398291,0.4434953,-0.2204341
6.9516277,-0.46429247,-1.555991,0.44315946,-0.23209858
6.952266,-0.5074154,-1.5729804,0.44157296,-0.23252131
6.9521723,-0.5503842,-1.5899391,0.43998647,-0.23294404
6.951353,-0.5931867,-1.6068671,0.43839997,-0.23336677
6.949815,-0.6358106,-1.623764,0.4382006,-0.23989928
6.9475613,-0.67831606,-1.6411171,0.43800125,-0.2464318
6.9445767,-0.7206879,-1.6589252,0.43780187,-0.2529643
6.940846,-0.7629103,-1.677187,0.43639386,-0.25085118
6.936357,-0.8049448,-1.6952412,0.43498588,-0.24873805
6.9311237,-0.84677863,-1.7130888,0.43357787,-0.24662492
6.9251614,-0.8883996,-1.7307305,0.43246123,-0.24891232
6.9184866,-0.929778,-1.7484866,0.43134463,-0.25119972
6.9111013,-0.97090083,-1.7663562,0.430228,-0.2534871
6.9030085,-1.0117549,-1.7843385,0.4285597,-0.25138274
6.894212,-1.0523211,-1.8021053,0.42689136,-0.24927834
6.884728,-1.0925889,-1.819658,0.42522305,-0.24717395
6.8745728,-1.1325487,-1.8369975,0.4237846,-0.24592716
6.86376,-1.1722044,-1.854193,0.4223462,-0.24468037
6.852302,-1.2115465,-1.871245,0.42090777,-0.2434336
6.8402123,-1.2505664,-1.888154,0.4201762,-0.23968604
6.8274755,-1.2893445,-1.9047788,0.41944468,-0.23593849
6.814107,-1.3278735,-1.92112,0.41871315,-0.23219095
6.8001223,-1.3661462,-1.9371784,0.41844293,-0.23052491
6.785528,-1.4041798,-1.9531133,0.41817272,-0.22885889
6.7703342,-1.4419664,-1.9689249,0.4179025,-0.22719285
6.7545485,-1.4794983,-1.9846132,0.41867414,-0.22756302
6.7381477,-1.5168434,-2.0003555,0.41944578,-0.22793321
6.721131,-1.5539911,-2.0161521,0.42021742,-0.22830339
6.7034984,-1.5909299,-2.0320032,0.4214505,-0.22818914
6.685229,-1.627693,-2.0478928,0.4226836,-0.2280749
6.6663218,-1.6642691,-2.0638213,0.4239167,-0.22796065
6.646777,-1.700646,-2.0797882,0.42575333,-0.22660756
6.6265607,-1.7368739,-2.0957308,0.42758998,-0.22525448
6.6056733,-1.7729409,-2.111648,0.4294266,-0.22390139
6.5841155,-1.8088354,-2.1275394,0.43172124,-0.22295676
6.5618668,-1.8445805,-2.1434493,0.43401587,-0.22201213
6.538926,-1.8801627,-2.159377,0.4363105,-0.2210675
6.5152926,-1.9155688,-2.1753223,0.43835464,-0.22136667
6.490986,-1.9507554,-2.1913633,0.44039875,-0.22166586
6.4660034,-1.9857073,-2.2075007,0.44244286,-0.22196503
6.4403434,-2.0204096,-2.2237344,0.4441093,-0.22010803
6.4140134,-2.0548341,-2.239895,0.4457757,-0.21825103
6.3870187,-2.0889707,-2.255982,0.4474421,-0.21639404
6.3593645,-2.122808,-2.2719936,0.44909966,-0.21602659
6.3310647,-2.1563249,-2.2880375,0.45075724,-0.21565914
6.3021226,-2.189508,-2.3041139,0.45241478,-0.2152917
6.2725396,-2.2223446,-2.3202224,0.4547596,-0.20999512
6.2422414,-2.2549052,-2.336022,0.4571044,-0.20469856
6.211239,-2.2871845,-2.351508,0.45944923,-0.199402
6.179544,-2.3191776,-2.366676,0.4624624,-0.19597162
6.147135,-2.3509147,-2.3816845,0.46547556,-0.19254124
6.114016,-2.3823867,-2.3965297,0.46848872,-0.18911086
6.0801935,-2.413585,-2.411208,0.47142074,-0.18218169
6.045658,-2.4445155,-2.425443,0.47435278,-0.1752525
6.0104237,-2.475179,-2.4392273,0.4772848,-0.16832331
5.974507,-2.505577,-2.4525537,0.48045957,-0.16215311
5.9379086,-2.5357237,-2.4654818,0.48363432,-0.15598291
5.9006424,-2.5656204,-2.478004,0.48680907,-0.14981271
5.862722,-2.5952694,-2.4901135,0.48985037,-0.14520329
5.8241796,-2.6246595,-2.5019264,0.49289164,-0.14059387
5.785025,-2.6537914,-2.5134382,0.49593294,-0.13598445
5.745269,-2.682666,-2.5246434,0.49874046,-0.13022721
5.7049336,-2.7112763,-2.5354378,0.501548,-0.12446996
5.6640334,-2.739629,-2.5458155,0.50435555,-0.11871271
5.622581,-2.7677317,-2.5557709,0.50770015,-0.11507801
5.5805564,-2.7956161,-2.565487,0.5110447,-0.1114433
5.5379663,-2.8232832,-2.5749595,0.5143893,-0.107808605
5.4948187,-2.850735,-2.5841842,0.51761186,-0.10329662
5.4511266,-2.8779702,-2.5930796,0.52083445,-0.09878465
5.4069004,-2.904995,-2.6016407,0.523,-0.09427267
5.3622403,-2.9317627,-2.6098459,0.523,-0.08045071
5.3173075,-2.9581952,-2.616851,0.523,-0.066628754
5.272145,-2.9843388,-2.6226547,0.523,-0.052806795
5.226794,-3.0102413,-2.6272554,0.523,-0.039054193
5.181295,-3.0359511,-2.6306589,0.523,-0.025301587
5.135689,-3.0615172,-2.632864,0.523,-0.011548984
5.090015,-3.086989,-2.6338706,0.523,-0.0010778189
5.0443125,-3.1124167,-2.6339645,0.523,0.0093933465
4.9986095,-3.1378388,-2.6331458,0.523,0.01986451
4.9529343,-3.1632946,-2.6314144,0.523,0.027459407
4.9073114,-3.1888247,-2.6290212,0.523,0.035054304
4.8617606,-3.214458,-2.6259663,0.523,0.0426492
4.816302,-3.2402227,-2.6222498,0.523,0.057100464
4.770972,-3.2661374,-2.6172752,0.523,0.071551725
4.7258134,-3.2922528,-2.6110437,0.523,0.08600299
4.68087,-3.3186193,-2.6035562,0.523,0.09134044
4.636146,-3.3453085,-2.5956054,0.523,0.09667788
4.5916586,-3.3723392,-2.5871916,0.523,0.10201532
4.5474234,-3.3997285,-2.5783145,0.523,0.10816189
4.503462,-3.4274917,-2.5689049,0.523,0.11430846
4.459793,-3.4556477,-2.5589626,0.523,0.12045504
4.416438,-3.4842157,-2.5484884,0.523,0.12631594
4.373416,-3.5132153,-2.537507,0.523,0.13217685
4.3307476,-3.542663,-2.526019,0.523,0.13803774
4.2884536,-3.572575,-2.514025,0.52227217,0.14049695
4.2465944,-3.6029396,-2.5018356,0.52154434,0.14295617
4.205181,-3.6337583,-2.4894516,0.52081645,0.1454154
4.164224,-3.6650324,-2.4768736,0.51670545,0.14806244
4.1239996,-3.696556,-2.4641693,0.51259446,0.1507095
4.0845118,-3.7283206,-2.4513426,0.50848347,0.15335655
4.045763,-3.7603173,-2.438397,0.50365835,0.15339606
4.0077963,-3.7925045,-2.4255707,0.49883324,0.15343556
3.9706054,-3.8248627,-2.4128644,0.49400812,0.15347508
3.9341843,-3.857373,-2.4002776,0.4920555,0.15124753
3.8983057,-3.8902202,-2.387921,0.49010286,0.14901999
3.8629644,-3.9233873,-2.3757937,0.4881502,0.14679244
3.8281555,-3.9568577,-2.3638937,0.48609588,0.14324266
3.7938745,-3.990615,-2.3523283,0.48404154,0.13969289
3.7601123,-4.024639,-2.3410954,0.4819872,0.13614312
3.7268596,-4.0589113,-2.3301926,0.479479,0.1307335
3.69413,-4.093389,-2.319775,0.47697082,0.12532389
3.6619081,-4.1280475,-2.3098385,0.47446263,0.11991427
3.6301787,-4.162864,-2.3003788,0.47198275,0.10992956
3.5989082,-4.1978354,-2.2917485,0.4695029,0.09994485
3.5680711,-4.232928,-2.283941,0.46702302,0.08996014
3.5376413,-4.268106,-2.2769482,0.46115083,0.07392903
3.5077984,-4.3030977,-2.2712712,0.45527866,0.057897914
3.478501,-4.337847,-2.2668803,0.4494065,0.041866798
3.4497097,-4.3723025,-2.2637455,0.43988204,0.0290887
3.4216216,-4.4061313,-2.2616131,0.4303576,0.016310602
3.3942041,-4.4392953,-2.2604432,0.42083317,0.0035325051
3.3674283,-4.471761,-2.2601955,0.4049526,-0.010166228
3.3416715,-4.503007,-2.2608817,0.389072,-0.02386496
3.3169103,-4.5330033,-2.262429,0.37319142,-0.037563693
3.293125,-4.5617266,-2.2647648,0.35499018,-0.04613922
3.2704442,-4.588986,-2.2674937,0.33678898,-0.05471475
3.2488651,-4.614778,-2.2705634,0.31858775,-0.06329028
3.228388,-4.639101,-2.2739217,0.2999837,-0.06480102
3.2090316,-4.6619363,-2.2771595,0.28137964,-0.06631176
3.1908083,-4.683295,-2.280267,0.2627756,-0.0678225
3.1737294,-4.7031856,-2.283235,0.247706,-0.0604677
3.157567,-4.721897,-2.28573,0.2326364,-0.053112905
3.1423376,-4.7394395,-2.2877882,0.2175668,-0.04575811
3.1280558,-4.755822,-2.2894468,0.20967111,-0.03206808
3.1142588,-4.771596,-2.2905674,0.20177542,-0.01837805
3.1009598,-4.786766,-2.2911854,0.19387971,-0.0046880185
3.08817,-4.801337,-2.2913368,0.18548061,0.003235334
3.0759325,-4.8152747,-2.2912369,0.17708151,0.011158687
3.0642507,-4.828582,-2.2909074,0.16868243,0.01908204
3.0531287,-4.84126,-2.290371,0.15952493,0.031113511
3.0426202,-4.853252,-2.2895439,0.15036744,0.043144982
3.0327284,-4.8645587,-2.2884629,0.14120995,0.055176456
3.0234563,-4.8751802,-2.2871652,0.13263759,0.0843965
3.0147777,-4.885148,-2.2853017,0.12406524,0.11361654
3.0067008,-4.8944597,-2.2829573,0.115492895,0.14283659
2.9992304,-4.903113,-2.2802172,0.10929317,0.15494916
2.9921963,-4.9113064,-2.277406,0.10309345,0.16706173
2.9855962,-4.919038,-2.2745488,0.096893735,0.1791743
2.9794266,-4.926307,-2.2716708,0.09251182,0.18317777
2.9735606,-4.933259,-2.2688622,0.0881299,0.18718125
2.9679952,-4.939893,-2.266129,0.08374799,0.19118473
2.9627275,-4.946206,-2.2634766,0.08052554,0.19157225
2.9576793,-4.9522896,-2.2609212,0.0773031,0.19195978
2.9528482,-4.9581413,-2.2584631,0.074080646,0.1923473
