-7.9976635,7.565641,-1.8044915,0.6591177,0.0
-8.012927,7.5015206,-1.8044915,0.523,0.09996273
-8.024978,7.4508963,-1.7957926,0.49746168,0.19992547
-8.035855,7.40337,-1.7793269,0.47192332,0.2998882
-8.045189,7.3592606,-1.7560915,0.4941121,0.39924088
-8.053576,7.3145146,-1.7240797,0.51630086,0.49859354
-8.0605,7.269702,-1.6829313,0.523,0.5979462
-8.065337,7.2267475,-1.6338612,0.523,0.6931703
-8.067872,7.1865973,-1.5781635,0.523,0.78839433
-8.068144,7.1497273,-1.5163429,0.523,0.8836184
-8.066339,7.1165996,-1.4489597,0.523,0.9333426
-8.062555,7.0857043,-1.3789114,0.523,0.9830667
-8.057025,7.0572376,-1.3063711,0.523,1.0
-8.04964,7.0299616,-1.2330229,0.523,1.0
-8.040276,7.0033007,-1.1596746,0.523,1.0
-8.028982,6.9773974,-1.0863265,0.523,1.0
-8.015821,6.9523916,-1.0129782,0.523,1.0
-8.000864,6.928417,-0.93963,0.523,1.0
-7.984189,6.9056034,-0.86628175,0.523,1.0
-7.9658875,6.8840733,-0.7929335,0.52133226,0.98738235
-7.945734,6.8636136,-0.7204174,0.5196646,0.97476465
-7.92381,6.8443685,-0.64874095,0.51799685,0.962147
-7.90021,6.8264747,-0.5779117,0.5029144,0.9492729
-7.875682,6.8104777,-0.5097674,0.48783204,0.93639874
-7.850445,6.7963686,-0.44428173,0.47274962,0.9235246
-7.824705,6.784116,-0.38142717,0.45117208,0.93922234
-7.799981,6.7742,-0.32073706,0.42959458,0.95492005
-7.77643,6.7663765,-0.26229304,0.40801704,0.9706178
-7.754174,6.7604012,-0.20617473,0.38950443,0.9703202
-7.7326317,6.7558956,-0.15261354,0.37099183,0.9700227
-7.711904,6.7527075,-0.10160844,0.35247922,0.96972513
-7.6920733,6.7506857,-0.05315839,0.3351953,0.96209323
-7.6729336,6.749667,-0.0073265606,0.31791142,0.9544613
-7.6545577,6.749532,0.035909522,0.30062753,0.9468293
-7.6370044,6.750163,0.07657275,0.2758078,0.96673113
-7.6213846,6.7513614,0.11440593,0.25098807,0.98663294
-7.607633,6.7529416,0.14930055,0.22616835,1.0
-7.595549,6.7547593,0.18101956,0.20534801,1.0
-7.5846353,6.756757,0.20981862,0.18452768,1.0
-7.574884,6.7588334,0.23569773,0.16370733,1.0
-7.566283,6.760899,0.2586569,0.15888603,0.9654102
-7.5575423,6.7632117,0.28043175,0.15406471,0.93082035
-7.5487013,6.765758,0.3010279,0.1492434,0.89623046
-7.539799,6.768522,0.32045388,0.13631587,0.86931026
-7.53145,6.7712927,0.3378088,0.123388335,0.84239006
-7.5237,6.774015,0.35315493,0.11046081,0.81546986
-7.5165954,6.776634,0.3665584,0.103272095,0.7835741
-7.5097656,6.779256,0.3787069,0.09608338,0.7516783
-7.5032434,6.7818513,0.38964224,0.088894665,0.7197825
-7.4970603,6.7843904,0.39940912,0.08708426,0.6809191
-7.4908266,6.7870216,0.40854582,0.08527386,0.64205575
-7.484559,6.789735,0.41705677,0.08346346,0.60319245
-7.478275,6.792519,0.4249479,0.08187397,0.58438426
-7.4720535,6.7953343,0.432476,0.080284484,0.5655761
-7.4658995,6.7981753,0.43964678,0.07869499,0.5467679
-7.4598165,6.8010364,0.4464661,0.07824558,0.53245986
-7.453736,6.803947,0.45308635,0.07779616,0.5181519
-7.4476595,6.8069053,0.45950812,0.07734674,0.50384384
-7.4415884,6.8099093,0.4657319,0.07528393,0.4955375
-7.435671,6.812884,0.4716982,0.07322112,0.48723117
-7.4299073,6.8158236,0.47741166,0.0711583,0.4789248
-7.4242983,6.8187256,0.4828769,0.06956039,0.46767813
-7.4187994,6.8216085,0.4881034,0.06796248,0.45643142
-7.413411,6.8244696,0.4930958,0.06636458,0.4451847
-7.408135,6.8273044,0.49785882,0.06633494,0.43804297
-7.4028573,6.8301735,0.50254834,0.0663053,0.43090126
-7.397578,6.833075,0.5071642,0.06627566,0.42375952
-7.392297,6.8360095,0.5117062,0.066471174,0.43091753
-7.3870306,6.8389664,0.5163337,0.066666685,0.43807557
-7.3817806,6.841947,0.521047,0.066862196,0.44523358
-7.376547,6.844951,0.52584624,0.06573563,0.45885882
-7.3714495,6.847909,0.53069896,0.06460906,0.47248405
-7.366488,6.850821,0.5355995,0.063482486,0.4861093
-7.361661,6.8536854,0.5405426,0.062475383,0.49799547
-7.356955,6.85651,0.5455163,0.06146828,0.5098816
-7.352369,6.859294,0.5505165,0.06046118,0.52176774
