8.080776,0.53206205,-0.14521565,0.9982704,0.0
8.179552,0.51761645,-0.14521565,0.523,0.099880815
8.231044,0.51008606,-0.13652384,0.4930112,0.19976163
8.278914,0.50350964,-0.12021867,0.4630224,0.29964244
8.322835,0.49820405,-0.097439624,0.43544585,0.3965948
8.362809,0.4942966,-0.06940564,0.40786928,0.49354714
8.398642,0.4918056,-0.03720078,0.3802927,0.59049946
8.430209,0.49063072,-0.0019111363,0.36284566,0.6395637
8.459323,0.49057508,0.034182657,0.34539858,0.68862796
8.485976,0.49148652,0.07076488,0.3279515,0.7376922
8.510184,0.49320248,0.10752725,0.3038279,0.72396797
8.532815,0.49564534,0.14106795,0.27970433,0.7102437
8.553812,0.4986271,0.17146336,0.25558072,0.6965195
8.57313,0.5019722,0.1987914,0.22627656,0.7168648
8.589851,0.50534093,0.2235696,0.19697237,0.7372101
8.604072,0.5085741,0.2456379,0.1676682,0.7575554
8.615887,0.51153636,0.26484004,0.1380896,0.7487311
8.62565,0.5141842,0.28050652,0.108511,0.73990667
8.633351,0.5164028,0.29269987,0.07893241,0.7310823
8.638977,0.5180983,0.30148342,0.04923168,0.69348353
8.642592,0.5192225,0.3067284,0.019530946,0.6558848
8.644068,0.51968986,0.3087136,-0.010169786,0.6182861
8.643278,0.5194381,0.30773112,-0.040032126,0.5586777
8.640043,0.51840985,0.3041945,-0.06989446,0.49906927
8.634189,0.5165717,0.29861918,-0.0997568,0.4394609
8.62556,0.5139157,0.29154557,-0.12970534,0.3616146
8.61394,0.51042867,0.28389758,-0.15965389,0.2837683
8.599227,0.5061356,0.27644774,-0.18960243,0.20592201
8.581372,0.50106996,0.26998642,-0.21950339,0.13871905
8.56042,0.49527162,0.26492777,-0.24940434,0.07151611
8.536411,0.4887579,0.2619576,-0.2793053,0.004313171
8.509434,0.48152477,0.2617568,-0.3084181,0.076307856
8.479729,0.4735668,0.25783816,-0.3375309,0.14830254
8.44745,0.46505457,0.24952592,-0.3666437,0.22029723
8.41278,0.45621932,0.23617277,-0.3802931,0.24624799
8.376922,0.44758952,0.2207223,-0.39394248,0.27219877
8.339898,0.4392823,0.2030704,-0.40759188,0.29814953
8.301738,0.43142474,0.18311524,-0.38512763,0.27455238
8.265287,0.42467448,0.16571286,-0.36266336,0.25095522
8.2306385,0.41887954,0.15070286,-0.3401991,0.22735809
8.197869,0.41390345,0.13792248,-0.33049765,0.24795762
8.166135,0.40949857,0.12440377,-0.32079616,0.26855716
8.135444,0.4056607,0.110217065,-0.3110947,0.28915668
8.105807,0.4023809,0.095432594,-0.29808,0.2801033
8.0772915,0.39965126,0.08169831,-0.28506532,0.2710499
8.049917,0.39740986,0.0689776,-0.27205065,0.2619965
8.023703,0.3955988,0.057233654,-0.26482576,0.26618212
7.9981947,0.39413726,0.045623254,-0.2576009,0.27036774
7.9733963,0.3930051,0.03415633,-0.25037605,0.27455336
7.9493103,0.39218208,0.022842795,-0.24279545,0.2890299
7.926044,0.39165053,0.011309099,-0.23521486,0.30350646
7.9035993,0.3913967,-0.0004072758,-0.22763428,0.31798303
7.8819766,0.3914055,-0.01226897,-0.21627802,0.32125756
7.861457,0.39165726,-0.023650963,-0.20492175,0.3245321
7.84204,0.39211658,-0.03454137,-0.19356549,0.32780665
7.823725,0.39274946,-0.044928327,-0.17945798,0.34403667
7.806848,0.39350823,-0.055016555,-0.16535045,0.3602667
7.791398,0.3943591,-0.06473155,-0.15124293,0.3764967
7.7773623,0.39526892,-0.07399934,-0.1322576,0.4032685
7.7652307,0.3961683,-0.08264957,-0.113272265,0.43004027
7.75497,0.39701825,-0.09052025,-0.09428693,0.45681205
7.746543,0.3977832,-0.09745174,-0.06790656,0.5233828
7.7406893,0.39835545,-0.1031085,-0.04152618,0.58995354
7.7372565,0.3987106,-0.10695883,-0.015145803,0.65652424
7.736064,0.3988387,-0.10849958,0.013583144,0.7500409
7.737052,0.39873108,-0.10695638,0.04231209,0.84355754
7.7398486,0.3984308,-0.10168843,0.07104104,0.9370742
7.744034,0.39800376,-0.092147276,0.1007426,1.0
7.7494535,0.3975029,-0.07801861,0.13044415,1.0
7.75648,0.39695358,-0.05972445,0.16014571,1.0
7.7651176,0.3964371,-0.037264787,0.19004813,1.0
7.7753787,0.39605457,-0.010611455,0.21995054,1.0
7.787262,0.39592844,0.020235544,0.24985296,1.0
7.800759,0.3962016,0.05527621,0.27984083,1.0
7.8158555,0.39703694,0.094522536,0.30982873,1.0
7.832521,0.3986169,0.13797452,0.33981663,1.0
7.850707,0.40114215,0.18563215,0.36981216,0.91257834
7.87294,0.4053174,0.23439088,0.3998077,0.82515675
7.899323,0.4116171,0.28334427,0.42980322,0.73773515
7.9298596,0.4205088,0.3315262,0.4597937,0.638492
7.964771,0.43252617,0.3771979,0.48978412,0.5392488
8.003844,0.44800583,0.41911456,0.51977456,0.44000566
