6.2180147,-9.942265,0.826473,0.72828245,0.0
6.267354,-9.888696,0.826473,0.523,-0.011961323
6.3027835,-9.85023,0.8254304,0.4933135,-0.023922646
6.3362327,-9.81399,0.8234637,0.46362698,-0.03588397
6.367724,-9.7800045,0.82069147,0.43429297,-0.09420291
6.397199,-9.748371,0.81388295,0.40495893,-0.15252185
6.424684,-9.7192745,0.8036286,0.37562492,-0.21084079
6.450179,-9.692833,0.7905267,0.34649697,-0.2794755
6.4736085,-9.669162,0.77459645,0.31736898,-0.3
6.495278,-9.647956,0.75896496,0.28824103,-0.3
6.515257,-9.629005,0.7447681,0.26119205,-0.3
6.533603,-9.612093,0.7319035,0.2341431,-0.3
6.5502434,-9.597144,0.7203712,0.20709413,-0.3
6.5651126,-9.584093,0.7101711,0.18436536,-0.3
6.578468,-9.57261,0.70109046,0.16163659,-0.3
6.590267,-9.562649,0.6931293,0.13890783,-0.3
6.6004753,-9.55417,0.68628764,0.12080589,-0.3
6.6094036,-9.546857,0.68033755,0.102703944,-0.3
6.617031,-9.540685,0.675279,0.084602,-0.3
6.6233397,-9.535632,0.6711121,0.07951796,-0.3
6.6292887,-9.530909,0.66719556,0.074433915,-0.3
6.634875,-9.526508,0.66352946,0.06934988,-0.3
6.6400943,-9.522428,0.66011375,0.06879084,-0.3
6.6452856,-9.518398,0.6567256,0.068231806,-0.3
6.650448,-9.514419,0.6533649,0.067672774,-0.3
6.6555815,-9.5104885,0.6500318,0.06760712,-0.3
6.660723,-9.506579,0.64670193,0.06754147,-0.3
6.6658726,-9.502691,0.6433753,0.067475826,-0.3
6.67103,-9.498824,0.64005184,0.067463234,-0.3
6.6761994,-9.494975,0.63672906,0.06745065,-0.3
6.6813807,-9.491144,0.6334069,0.067438066,-0.3
6.6865735,-9.48733,0.63008535,0.06746276,-0.3
6.6917806,-9.483533,0.62676257,0.06748744,-0.3
6.697003,-9.479752,0.6234386,0.06751213,-0.3
6.702239,-9.4759865,0.6201134,0.0677419,-0.3
6.7075057,-9.472225,0.6167769,0.06797167,-0.3
6.712803,-9.46847,0.61342907,0.06820144,-0.3
6.7181306,-9.464719,0.6100699,0.06826295,-0.3
6.7234755,-9.460982,0.6067077,0.06832446,-0.3
6.728838,-9.45726,0.60334253,0.06838597,-0.3
6.7342176,-9.453553,0.5999743,0.068370305,-0.3
6.7396083,-9.449865,0.5966068,0.06835464,-0.3
6.7450104,-9.446197,0.5932401,0.06833897,-0.3
6.7504234,-9.442547,0.5898742,0.06821598,-0.3
6.7558393,-9.438922,0.5865143,0.068092994,-0.3
6.761257,-9.435322,0.5831605,0.06797001,-0.3
6.7666774,-9.431746,0.57981277,0.06784391,-0.3
6.7720995,-9.428195,0.5764712,0.067717806,-0.3
6.7775235,-9.424668,0.57313585,0.0675917,-0.3
6.782949,-9.421167,0.56980675,0.067562364,-0.3
6.7883835,-9.4176855,0.5664791,0.06753302,-0.3
6.7938275,-9.414223,0.56315285,0.06750368,-0.3
6.7992806,-9.41078,0.5598281,0.06809818,-0.3
6.804793,-9.407325,0.55647403,0.06869268,-0.3
6.810365,-9.403859,0.5530907,0.06928717,-0.3
6.8159976,-9.400382,0.549678,0.07004983,-0.3
6.821704,-9.396886,0.5462279,0.07081249,-0.3
6.8274846,-9.393372,0.5427401,0.07157515,-0.3
6.8333397,-9.38984,0.5392148,0.07264044,-0.29864797
6.8392973,-9.386275,0.53565264,0.07370573,-0.29729593
6.8453574,-9.382678,0.5320541,0.074771024,-0.2959439
6.851521,-9.37905,0.52841973,0.076386385,-0.28603536
6.8578496,-9.375355,0.52482766,0.078001745,-0.27612683
6.864344,-9.371594,0.5212833,0.07961711,-0.2662183
6.871005,-9.367769,0.51779234,0.08257783,-0.25747293
6.877944,-9.363817,0.51428777,0.08553855,-0.24872759
6.8851624,-9.359738,0.51077825,0.08849928,-0.23998225
6.892661,-9.355536,0.5072724,0.09183181,-0.22719787
6.9004817,-9.35119,0.50382495,0.09516434,-0.2144135
6.908625,-9.346701,0.5004502,0.09849688,-0.20162913
6.917092,-9.342071,0.49716258,0.103483364,-0.19093175
6.926022,-9.337225,0.4938895,0.10846985,-0.18023437
6.935418,-9.332166,0.49064878,0.11345634,-0.169537
6.9452815,-9.326897,0.4874583,0.11901685,-0.15725888
6.9556675,-9.321391,0.48435172,0.12457736,-0.14498076
6.9665766,-9.315651,0.48135203,0.13013788,-0.13270265
6.97801,-9.309679,0.4784822,0.13596663,-0.12455039
6.9899864,-9.303467,0.47566703,0.14179538,-0.11639813
7.0025063,-9.297018,0.47292247,0.14762414,-0.10824587
7.0155716,-9.290333,0.47026438,0.15385738,-0.0982875
7.029221,-9.283395,0.46774805,0.16009063,-0.08832912
7.0434546,-9.276205,0.46539435,0.16632386,-0.07837075
7.0582724,-9.268764,0.46322408,0.1717244,-0.06621959
7.0736017,-9.261107,0.4613302,0.17712493,-0.054068435
7.0894394,-9.253234,0.45973483,0.18252547,-0.041917276
7.1057825,-9.245142,0.45846006,0.19035098,-0.034596015
7.1228414,-9.236723,0.4573627,0.19817647,-0.027274752
7.140616,-9.227975,0.45646194,0.20600198,-0.01995349
7.159103,-9.218897,0.45577693,0.21415827,0.005151725
7.1783323,-9.209471,0.4559608,0.22231455,0.030256938
7.1982837,-9.199686,0.45708174,0.23047084,0.055362154
7.218933,-9.18953,0.4592072,0.2412351,0.04202904
7.2405386,-9.178847,0.46089652,0.25199938,0.02869593
7.2630997,-9.1676445,0.46210158,0.26276365,0.015362817
7.2866173,-9.1559305,0.46277434,0.26879922,0.04747922
7.3106427,-9.143944,0.4649006,0.2748348,0.07959562
7.3351316,-9.131661,0.4685427,0.2808704,0.11171202
7.3600354,-9.119057,0.47376126,0.2935876,0.10196941
7.386025,-9.105732,0.47874212,0.30630475,0.09222681
7.413096,-9.0916815,0.4834437,0.31902194,0.0824842
7.4412465,-9.076902,0.48782444,0.32711822,0.10319454
7.469989,-9.061652,0.4934406,0.3352145,0.12390488
7.4992847,-9.045897,0.50034535,0.34331077,0.14461522
7.5290933,-9.029598,0.5085912,0.35497585,0.1403036
7.5597935,-9.012483,0.5168647,0.36664096,0.13599199
7.591374,-8.994533,0.52514917,0.37830606,0.13168037
7.623823,-8.975731,0.5334278,0.3878312,0.12948792
7.6569386,-8.956175,0.54177433,0.39735636,0.12729546
7.6907086,-8.935851,0.55018187,0.4068815,0.125103
7.725121,-8.914743,0.5586434,0.41555986,0.12050916
7.760104,-8.892877,0.5669697,0.42423823,0.11591533
7.7956495,-8.870245,0.5751473,0.43291658,0.111321494
7.8317513,-8.846842,0.58316284,0.44144002,0.111627474
7.86837,-8.822684,0.5913586,0.44996342,0.11193346
7.905492,-8.797756,0.59973544,0.45848683,0.11223945
7.943101,-8.772041,0.6082941,0.4642577,0.12645175
7.980895,-8.745722,0.6180525,0.47002852,0.14066404
8.018825,-8.718756,0.62903553,0.47579938,0.15487635
8.056837,-8.691096,0.64126813,0.4780405,0.17496802
8.094559,-8.662936,0.6551374,0.4802816,0.1950597
8.131922,-8.634229,0.67065257,0.48252273,0.21515137
8.168852,-8.604932,0.6878219,0.48205572,0.240155
8.205028,-8.575206,0.7069317,0.48158875,0.26515862
8.240366,-8.54502,0.72796607,0.48112178,0.29016224
8.274781,-8.514346,0.7509082,0.47855324,0.3079484
8.308122,-8.483231,0.7750834,0.47598472,0.3257346
8.340336,-8.451674,0.80046964,0.47341618,0.34352076
8.371377,-8.4196825,0.8270444,0.4745855,0.37366706
8.401292,-8.387167,0.8559176,0.47575483,0.4038134
8.429971,-8.354129,0.88707376,0.47692415,0.4339597
8.457304,-8.320583,0.92049557,0.47917846,0.45115152
8.483413,-8.286262,0.95531607,0.48143277,0.46834332
8.508215,-8.251185,0.9915365,0.48368707,0.48553514
8.531632,-8.215385,1.0291579,0.4853737,0.501821
8.55357,-8.178923,1.0680705,0.48706034,0.5181068
8.573957,-8.141845,1.1082721,0.48874697,0.5343926
8.592725,-8.104203,1.1497601,0.48823854,0.5576856
8.609656,-8.066395,1.1928247,0.48773015,0.58097863
8.624702,-8.028502,1.2374392,0.48722172,0.60427165
8.637821,-7.9906154,1.283576,0.48719478,0.628448
8.648986,-7.9528184,1.3313122,0.48716784,0.6526244
8.658167,-7.915218,1.3806195,0.48714086,0.67680085
8.665346,-7.8779263,1.4314691,0.49055937,0.6890631
8.670605,-7.84043,1.4834533,0.49397784,0.7013253
8.673897,-7.802834,1.5365748,0.49739632,0.7135875
8.675183,-7.765252,1.5908366,0.5046682,0.7027127
8.674412,-7.726749,1.645197,0.51194006,0.69183797
8.671481,-7.687435,1.6996293,0.5192119,0.6809632
8.666298,-7.647428,1.754107,0.523,0.67693853
8.658867,-7.6073437,1.808709,0.523,0.67291385
8.649228,-7.567597,1.8630371,0.523,0.66888916
8.637407,-7.5283065,1.9170904,0.523,0.6459529
8.623232,-7.4890227,1.9695612,0.523,0.62301654
8.60674,-7.449881,2.020422,0.523,0.60008025
8.58798,-7.4110084,2.0696456,0.523,0.5771383
8.567012,-7.372521,2.1172063,0.523,0.55419636
8.543903,-7.334524,2.1630785,0.523,0.5312545
8.518731,-7.297113,2.2072387,0.523,0.5091378
8.49159,-7.2603874,2.2497258,0.523,0.4870212
8.462565,-7.2244177,2.2905195,0.523,0.46490458
8.43175,-7.189263,2.3295994,0.523,0.46012357
8.3995075,-7.1552577,2.3683066,0.523,0.4553426
8.365893,-7.122449,2.4066398,0.523,0.45056158
8.330967,-7.090879,2.4445984,0.523,0.4386299
8.294661,-7.060485,2.4816182,0.523,0.42669824
8.257048,-7.031295,2.5176935,0.523,0.41476655
8.2182,-7.0033317,2.5528197,0.523,0.42747033
8.178619,-6.976901,2.5889564,0.523,0.4401741
8.138348,-6.952064,2.6260977,0.523,0.45287788
8.097431,-6.9288807,2.664238,0.5166305,0.45019838
8.056116,-6.9075103,2.7017062,0.51026094,0.44751886
8.014494,-6.8879213,2.738507,0.5038914,0.44483936
7.9726543,-6.870079,2.7746456,0.48611534,0.38888735
7.930667,-6.853941,2.8053646,0.46833923,0.33293533
7.888883,-6.839338,2.830875,0.45056316,0.2769833
7.8476195,-6.8260875,2.8514097,0.43745896,0.303759
7.8076215,-6.8141437,2.8732178,0.42435476,0.33053473
7.76892,-6.8035,2.8961718,0.4112506,0.3573104
7.731547,-6.7941394,2.9201446,0.4029595,0.33553877
7.6944275,-6.7857823,2.9422588,0.39466837,0.3137671
7.657631,-6.7783484,2.962561,0.38637727,0.29199544
