1.0280298,1.3627063,0.15013042,0.64682686,0.0
1.0919849,1.3723807,0.15013042,0.523,-0.032660794
1.143669,1.380199,0.14728399,0.49372897,-0.06532159
1.1924032,1.387429,0.14191262,0.4644579,-0.097982384
1.2381616,1.3939667,0.13433997,0.44857103,-0.09624293
1.2824087,1.3999468,0.12715577,0.43268418,-0.09450348
1.3251363,1.4054093,0.12035088,0.4167973,-0.09276402
1.3663367,1.4103919,0.11391616,0.41471127,-0.11172989
1.4072821,1.4150766,0.106209606,0.41262525,-0.13069576
1.4479622,1.4194136,0.097247116,0.4105392,-0.14966163
1.4883654,1.4233551,0.08704497,0.4132697,-0.14474064
1.5291054,1.4269103,0.07711025,0.4160002,-0.13981964
1.5701771,1.4300836,0.06744765,0.41873065,-0.13489865
1.6115754,1.43288,0.05806181,0.42258433,-0.14022158
1.6533484,1.4353082,0.04821823,0.42643797,-0.14554451
1.6954924,1.4373419,0.037910428,0.43029165,-0.15086745
1.7380022,1.4389542,0.027131926,0.4340808,-0.15038925
1.7809045,1.4401186,0.016292712,0.43786997,-0.14991105
1.8241947,1.4408239,0.0053933854,0.44165912,-0.14943285
1.8678678,1.4410595,-0.0055654533,0.44544798,-0.15286362
1.9118924,1.4408145,-0.016870106,0.44923684,-0.15629439
1.9562622,1.4400659,-0.02852472,0.4530257,-0.15972516
2.00097,1.4387902,-0.04053344,0.45672777,-0.16011713
2.0460215,1.4369631,-0.05266975,0.46042985,-0.16050911
2.0914097,1.4345703,-0.06493413,0.46413192,-0.16090108
2.1371267,1.4315976,-0.07732705,0.46806183,-0.16639769
2.1831486,1.4280317,-0.09024797,0.47199172,-0.1718943
2.2294629,1.4238405,-0.10370358,0.4759216,-0.1773909
2.2760565,1.4189912,-0.1177006,0.47809836,-0.17914939
2.3227756,1.4134668,-0.13189954,0.48027515,-0.18090789
2.369609,1.4072535,-0.1463016,0.48245192,-0.18266639
2.4165447,1.4003372,-0.16090801,0.48279908,-0.18488951
2.4633887,1.3927339,-0.17570081,0.48314622,-0.18711263
2.5101292,1.384436,-0.19068018,0.4834934,-0.18933576
2.5567539,1.3754363,-0.20584628,0.4829592,-0.19039427
2.6031759,1.3657433,-0.2210793,0.48242503,-0.19145277
2.6493843,1.3553578,-0.23637903,0.4818909,-0.19251128
2.6953678,1.3442811,-0.25174528,0.48106968,-0.19324082
2.7410913,1.332521,-0.26714274,0.48024848,-0.19397035
2.7865438,1.3200812,-0.28257123,0.4794273,-0.19469988
2.8317153,1.3069662,-0.29803053,0.47831553,-0.19879594
2.8765378,1.2931976,-0.31377423,0.47720376,-0.202892
2.9209974,1.2787708,-0.32980055,0.47609198,-0.20698807
2.9650793,1.2636815,-0.34610775,0.47388226,-0.20591995
3.0087156,1.2479452,-0.36225668,0.47167253,-0.20485182
3.0518994,1.2315793,-0.37824813,0.4694628,-0.20378369
3.0946245,1.2146012,-0.39408278,0.4673334,-0.20048094
3.1369114,1.1970167,-0.40959364,0.465204,-0.19717818
3.178757,1.1788496,-0.42478278,0.46307462,-0.19387543
3.2201583,1.1601228,-0.43965235,0.461389,-0.18783781
3.2611752,1.1408303,-0.45401195,0.45970342,-0.18180017
3.3018076,1.1210011,-0.46786436,0.4580178,-0.17576255
3.3420575,1.1006637,-0.48121247,0.45720714,-0.16991034
3.382002,1.0798063,-0.49409762,0.4563965,-0.16405815
3.4216437,1.058453,-0.506521,0.45558584,-0.15820596
3.4609842,1.0366268,-0.51848364,0.45511237,-0.15462916
3.5000424,1.0143422,-0.5301659,0.45463893,-0.15105237
3.5388186,0.9916139,-0.54156816,0.45416546,-0.14747557
3.5773137,0.9684567,-0.5526908,0.4537677,-0.1435857
3.615537,0.94487995,-0.5635126,0.45336992,-0.13969581
3.6534908,0.92089874,-0.574034,0.45297217,-0.13580593
3.6911774,0.8965277,-0.58425516,0.45282277,-0.13381334
3.7286108,0.8717743,-0.59432405,0.45267338,-0.13182074
3.7657907,0.8466468,-0.60424054,0.45252398,-0.12982814
3.802717,0.8211536,-0.6140048,0.4522968,-0.12660316
3.8393893,0.7953033,-0.623523,0.45206958,-0.12337818
3.8758106,0.76910764,-0.63279533,0.4518424,-0.1201532
3.9119835,0.7425783,-0.641822,0.45196897,-0.11973943
3.9479272,0.71571463,-0.6508202,0.45209557,-0.11932565
3.9836397,0.6885197,-0.65979,0.45222217,-0.11891188
4.0191183,0.66099644,-0.66873133,0.45267162,-0.12046702
4.054378,0.6331346,-0.67779803,0.4531211,-0.12202217
4.0894117,0.6049316,-0.68699026,0.45357057,-0.12357731
4.1242123,0.5763849,-0.6963084,0.45412505,-0.12304585
4.15879,0.547478,-0.70559794,0.45467952,-0.12251439
4.193142,0.51821357,-0.71485883,0.455234,-0.12198293
4.2272654,0.4885942,-0.72409105,0.45609486,-0.12302167
4.2611732,0.45860833,-0.73341906,0.45695576,-0.12406041
4.294859,0.42825422,-0.7428432,0.45781663,-0.12509914
4.3283157,0.39753017,-0.75236374,0.4584639,-0.122787006
4.361535,0.36643618,-0.7617224,0.45911118,-0.12047487
4.394518,0.33497941,-0.77091867,0.45975846,-0.11816274
4.427265,0.3031671,-0.779952,0.46078318,-0.12188134
4.459781,0.27100313,-0.789289,0.4618079,-0.12559995
4.4920526,0.2384798,-0.79893076,0.46283266,-0.12931857
4.5240645,0.20558965,-0.8088785,0.46289593,-0.12620983
4.555764,0.17236489,-0.8185896,0.46295917,-0.1231011
4.587157,0.13881622,-0.82806414,0.46302244,-0.119992375
4.618246,0.10495414,-0.8373018,0.4637117,-0.12617718
4.649043,0.07078164,-0.8470276,0.464401,-0.13236198
4.6795273,0.036287747,-0.8572425,0.46509027,-0.13854676
4.709677,0.0014619743,-0.86794764,0.46484664,-0.13256317
4.739461,-0.033694822,-0.87818784,0.464603,-0.12657957
4.768891,-0.06916382,-0.88796324,0.46435937,-0.12059596
4.7979784,-0.10492663,-0.89727396,0.46581483,-0.12807709
4.8267956,-0.14103788,-0.90719014,0.46727026,-0.1355582
4.8553133,-0.17751062,-0.9177149,0.4687257,-0.14303933
4.883504,-0.21435733,-0.9288512,0.46938175,-0.1339525
4.911357,-0.25161487,-0.93929905,0.4700378,-0.12486568
4.9388895,-0.28925833,-0.94905555,0.47069386,-0.115778856
4.9661217,-0.32726327,-0.958118,0.47351128,-0.123384364
4.9931445,-0.36570725,-0.96783066,0.4763287,-0.13098986
5.019925,-0.40460432,-0.97819996,0.47914612,-0.13859537
5.0464296,-0.44396806,-0.9892325,0.48011592,-0.1294663
5.072583,-0.483751,-0.9995634,0.48108575,-0.12033723
5.098406,-0.52392894,-1.0091889,0.48205554,-0.111208156
5.123919,-0.5644781,-1.0181053,0.48413488,-0.12801194
5.149127,-0.6053464,-1.0284061,0.48621425,-0.14481574
5.173962,-0.64655364,-1.0401005,0.4882936,-0.16161953
5.1983542,-0.6881179,-1.0531962,0.48655754,-0.15570939
5.2221375,-0.7298887,-1.0657722,0.4848215,-0.14979926
5.245332,-0.7718433,-1.0778313,0.48308545,-0.14388913
5.267957,-0.81396013,-1.0893764,0.48405126,-0.1539679
5.2901053,-0.8563559,-1.1017488,0.4850171,-0.16404667
5.3117356,-0.89903855,-1.1149504,0.4859829,-0.17412545
5.332806,-0.9420146,-1.1289829,0.48521838,-0.1736743
5.353241,-0.9852174,-1.1429573,0.48445383,-0.17322315
5.3730407,-1.0286365,-1.156874,0.4836893,-0.172772
5.392205,-1.0722613,-1.1707327,0.48331535,-0.18785751
5.410698,-1.1159933,-1.1857764,0.4829414,-0.20294303
5.428464,-1.1598333,-1.2019994,0.48256743,-0.21802853
5.4454484,-1.2037797,-1.2193964,0.48196182,-0.22898896
5.461605,-1.2478495,-1.23763,0.4813562,-0.23994939
5.476896,-1.292035,-1.256696,0.4807506,-0.2509098
5.4912844,-1.3363262,-1.2765899,0.48126674,-0.2605963
5.504769,-1.3808299,-1.2972568,0.48178288,-0.27028278
5.517311,-1.4255329,-1.3186965,0.48229906,-0.27996927
5.528873,-1.4704198,-1.3409084,0.48280534,-0.2903729
5.5394144,-1.5154622,-1.363947,0.48331165,-0.3
5.548897,-1.5606503,-1.3877518,0.48381793,-0.3
5.55731,-1.6060991,-1.4115815,0.48452342,-0.3
5.564649,-1.651802,-1.4354459,0.4852289,-0.3
5.5709043,-1.6977336,-1.4593451,0.48593438,-0.3
5.5760674,-1.7438687,-1.483279,0.48744154,-0.3
5.5801377,-1.7902576,-1.5072871,0.48894873,-0.3
5.583102,-1.8368745,-1.5313694,0.4904559,-0.3
5.584949,-1.8836931,-1.555526,0.49233988,-0.3
5.585667,-1.9307227,-1.5797755,0.49422386,-0.3
5.585243,-1.9779358,-1.6041176,0.49610785,-0.3
5.5836644,-2.0253046,-1.6285527,0.49802873,-0.3
5.580918,-2.0728037,-1.6530823,0.49994963,-0.3
5.576992,-2.120404,-1.6777065,0.5018705,-0.3
5.571876,-2.1680758,-1.7024252,0.50329393,-0.3
5.5655656,-2.2157414,-1.7272142,0.5047174,-0.3
5.558054,-2.2633703,-1.7520732,0.5061408,-0.3
5.5493364,-2.3109314,-1.7770023,0.5072613,-0.3
5.5394144,-2.3583653,-1.8019867,0.5083817,-0.3
5.528286,-2.4056406,-1.8270261,0.5095021,-0.3
5.51595,-2.4527261,-1.8521209,0.5099022,-0.3
5.502426,-2.4995239,-1.8772353,0.5103022,-0.3
5.4877195,-2.5460038,-1.9023694,0.5107022,-0.3
5.471837,-2.5921357,-1.9275231,0.50957143,-0.3
5.4548373,-2.637752,-1.9526213,0.5084407,-0.3
5.436738,-2.6828275,-1.9776638,0.5073099,-0.3
5.4175587,-2.7273362,-2.0026505,0.5056084,-0.3
5.3973413,-2.7712042,-2.0275533,0.50390685,-0.3
5.3761096,-2.8144093,-2.0523725,0.50220525,-0.3
5.3538876,-2.85693,-2.0771077,0.5006552,-0.3
5.330693,-2.8987586,-2.1017666,0.49910507,-0.3
5.306548,-2.9398751,-2.1263492,0.497555,-0.3
5.2814784,-2.98026,-2.1508555,0.49584574,-0.3
5.255516,-3.0198815,-2.1752777,0.4941365,-0.3
5.228687,-3.058723,-2.1996155,0.49242726,-0.3
5.2010164,-3.096768,-2.2238693,0.49111012,-0.29431865
5.1724586,-3.1340957,-2.2476134,0.48979297,-0.2886373
5.143051,-3.1706991,-2.2708497,0.48847583,-0.28295594
5.112832,-3.2065725,-2.2935798,0.48862365,-0.27177444
5.081697,-3.2418725,-2.315441,0.48877147,-0.2605929
5.0496907,-3.2766,-2.3364298,0.4889193,-0.24941139
5.0168576,-3.3107576,-2.3565433,0.48806006,-0.23953624
4.98332,-3.3442717,-2.3758423,0.48720083,-0.22966108
4.949122,-3.3771517,-2.3943274,0.4863416,-0.21978593
4.9143043,-3.4094102,-2.4119995,0.48578873,-0.18986604
4.878742,-3.4412093,-2.4272797,0.4852359,-0.15994616
4.8425484,-3.4725914,-2.4401598,0.48468307,-0.13002627
4.8058352,-3.5036044,-2.4506338,0.4875237,-0.1181365
4.7685266,-3.5344567,-2.4602106,0.49036437,-0.10624673
4.7306547,-3.5651689,-2.4688776,0.493205,-0.09435697
4.692251,-3.5957644,-2.4766223,0.49690044,-0.07689507
4.653264,-3.6263344,-2.482984,0.50059587,-0.059433173
4.6137443,-3.6569176,-2.4879398,0.50429136,-0.041971277
4.5737457,-3.687556,-2.4914665,0.50827646,-0.031475164
4.5333066,-3.718306,-2.4941325,0.5122616,-0.020979047
4.4924564,-3.749197,-2.4959235,0.51624674,-0.0104829315
4.451226,-3.7802596,-2.4968255,0.51764363,0.0013083816
4.4098544,-3.8113706,-2.4967124,0.5190405,0.013099695
4.3683777,-3.8425677,-2.4955792,0.5204374,0.024891008
4.326834,-3.8738887,-2.4934206,0.51909006,0.030799722
4.2854724,-3.9052129,-2.4907563,0.51774263,0.036708437
4.2443094,-3.9365592,-2.4875894,0.5163952,0.042617153
4.203363,-3.9679465,-2.4839227,0.5132328,0.04939772
4.162794,-3.999281,-2.479699,0.5100704,0.056178283
4.122622,-4.030581,-2.4749255,0.50690794,0.06295885
4.0828633,-4.0618644,-2.46961,0.5050082,0.06911604
4.0434365,-4.0932283,-2.4637973,0.5031085,0.07527324
4.0043573,-4.1246877,-2.4574916,0.5012088,0.081430435
3.9656432,-4.156258,-2.4506967,0.49841222,0.07715261
3.927346,-4.1879234,-2.4442942,0.49561572,0.072874784
3.889454,-4.219665,-2.4382799,0.4928192,0.06859696
3.851955,-4.251463,-2.4326499,0.48877358,0.06984989
3.814945,-4.283206,-2.4269645,0.48472798,0.071102835
3.7784243,-4.314892,-2.421225,0.48068234,0.07235577
3.7423923,-4.3465176,-2.4154334,0.4748947,0.06918694
3.706968,-4.3779755,-2.4099617,0.46910703,0.066018105
3.6721385,-4.4092474,-2.4048038,0.46331936,0.06284927
3.6378913,-4.440317,-2.3999538,0.45555413,0.057209272
3.6043556,-4.4710393,-2.3956125,0.4477889,0.05156927
3.5715127,-4.50139,-2.3917656,0.44002363,0.04592927
3.5393453,-4.5313463,-2.3883984,0.4306196,0.041091938
3.5079577,-4.560775,-2.3854501,0.42121553,0.036254603
3.477335,-4.5896564,-2.3829055,0.41181147,0.03141727
3.447463,-4.617974,-2.3807495,0.39485583,0.025606846
3.4188747,-4.645191,-2.3790646,0.37790018,0.019796425
3.3915544,-4.6712894,-2.3778176,0.36094454,0.013986004
3.3654885,-4.696252,-2.3769765,0.34110346,0.0005223751
3.3408728,-4.7198653,-2.3769467,0.32126242,-0.012941253
3.3176916,-4.742104,-2.3776395,0.30142134,-0.026404882
3.2959332,-4.7629485,-2.3789659,0.28501293,-0.01955924
3.27533,-4.782634,-2.379895,0.2686045,-0.012713599
3.2558937,-4.8011703,-2.380464,0.25219607,-0.005867958
3.2376335,-4.818565,-2.3807108,0.24038155,0.0037431836
3.2202246,-4.83514,-2.3805609,0.22856703,0.013354326
3.203675,-4.8509026,-2.380052,0.21675251,0.022965467
3.1879911,-4.865855,-2.3792226,0.20374528,0.030223524
3.1732628,-4.8799205,-2.3781965,0.19073802,0.037481584
3.159492,-4.8930984,-2.377005,0.17773078,0.04473964
3.1466784,-4.9053893,-2.3756802,0.16891521,0.050286412
3.1345193,-4.9170837,-2.3742652,0.16009964,0.055833183
3.1230137,-4.9281807,-2.3727763,0.15128407,0.061379958
3.112161,-4.938679,-2.3712294,0.1445622,0.07917638
3.1018188,-4.948715,-2.3693237,0.13784032,0.0969728
3.0919914,-4.9582877,-2.3670995,0.13111845,0.11476922
3.082681,-4.967397,-2.364597,0.12338586,0.14181855
3.0739717,-4.9759617,-2.3616903,0.115653284,0.16886787
3.0658658,-4.9839787,-2.358451,0.1079207,0.1959172
3.058364,-4.991447,-2.3549495,0.1010899,0.20632651
3.051376,-4.998452,-2.3514977,0.09425911,0.21673584
3.0448976,-5.004992,-2.3481195,0.08742832,0.22714517
3.038923,-5.0110636,-2.344838,0.0829794,0.22393107
3.0332673,-5.0168495,-2.3417668,0.07853049,0.22071698
3.0279279,-5.022345,-2.3389015,0.07408158,0.21750289
3.022902,-5.027548,-2.336237,0.068488374,0.21802315
3.018269,-5.0323696,-2.3337681,0.06289518,0.21854341
3.014026,-5.036807,-2.3314953,0.05730198,0.21906368
