-3.7846687,4.8872137,-0.20811005,-0.121121325,0.0
-3.7965195,4.8897166,-0.20811005,-0.091330744,0.09974036
-3.805411,4.891594,-0.20962577,-0.061540168,0.19948073
-3.811311,4.8928494,-0.21165824,-0.031749588,0.2992211
-3.8142772,4.8934865,-0.21321808,-0.0020066837,0.3963278
-3.8144581,4.8935256,-0.21334718,0.027736219,0.4934345
-3.8120708,4.8930087,-0.21115762,0.05747912,0.5905412
-3.8074024,4.892008,-0.20582345,0.08719199,0.67547035
-3.8007414,4.8906174,-0.19673711,0.116904855,0.76039946
-3.7924345,4.8889613,-0.18330842,0.14661773,0.8453286
-3.7828696,4.8871884,-0.16502546,0.17499758,0.9224611
-3.7724457,4.8854523,-0.14177732,0.20337744,0.9995935
-3.7615604,4.8838987,-0.113262065,0.2317573,1.0
-3.7491188,4.8824835,-0.08075923,0.2519737,1.0
-3.735549,4.881385,-0.045421135,0.2721901,1.0
-3.7208576,4.8807173,-0.0072477893,0.2924065,1.0
-3.7050593,4.880603,0.03376081,0.29323602,1.0
-3.6892247,4.8811374,0.07488574,0.29406554,1.0
-3.6733809,4.882326,0.11612701,0.29489505,1.0
-3.6575549,4.8841724,0.1574846,0.28809577,0.97951895
-3.6416945,4.886691,0.19734888,0.28129652,0.9590379
-3.625853,4.8898587,0.23572895,0.27449727,0.93855685
-3.6100802,4.893647,0.27263537,0.26953772,0.90512323
-3.5940487,4.8981295,0.30796733,0.26457816,0.8716896
-3.5778232,4.9032907,0.34171945,0.2596186,0.838256
-3.5614648,4.9091086,0.37388957,0.26328185,0.80331033
-3.5444474,4.9157853,0.4054684,0.26694512,0.7683647
-3.526809,4.923357,0.4363878,0.2706084,0.73341906
-3.5085897,4.931854,0.4665793,0.27857363,0.70863026
-3.4896998,4.941368,0.49679497,0.2865389,0.68384147
-3.4701736,4.9519544,0.52696633,0.29450417,0.65905267
-3.4500496,4.9636636,0.5570238,0.30424044,0.6385629
-3.4293134,4.976578,0.5872472,0.3139767,0.61807317
-3.4080114,4.9907565,0.61757034,0.32371297,0.59758335
-3.3861933,5.006253,0.64792633,0.33424088,0.57414716
-3.363816,5.0231905,0.6781817,0.34476876,0.550711
-3.3409379,5.0416226,0.70825094,0.35529664,0.5272748
-3.3176181,5.061596,0.7380473,0.36539212,0.5255777
-3.2942352,5.082863,0.76860094,0.37548763,0.52388066
-3.2708623,5.1054635,0.79990685,0.3855831,0.52218354
-3.2475762,5.1294355,0.83195996,0.39389148,0.5525241
-3.2249975,5.154221,0.86641484,0.40219986,0.5828646
-3.2032528,5.179809,0.90331113,0.41050822,0.61320513
-3.1824715,5.2061753,0.9426851,0.40914342,0.62175614
-3.1629288,5.233085,0.9824037,0.4077786,0.6303072
-3.144645,5.260488,1.0224607,0.40641376,0.63885826
-3.127638,5.2883306,1.06285,0.41077465,0.65950435
-3.1118486,5.316695,1.1047987,0.41513556,0.68015045
-3.0973465,5.3455296,1.1483124,0.41949645,0.7007966
-3.0841997,5.374774,1.1933962,0.42656618,0.7011389
-3.0721886,5.405074,1.2392584,0.43363592,0.7014812
-3.0614064,5.436395,1.2858995,0.44070566,0.70182353
-3.0519474,5.4686937,1.3333203,0.44882873,0.6968024
-3.04385,5.5021486,1.3813276,0.45695183,0.6917812
-3.0372224,5.5367093,1.4299101,0.4650749,0.6867601
-3.0321722,5.572317,1.4790556,0.4763665,0.6622292
-3.0287306,5.6097264,1.5278734,0.4876581,0.63769823
-3.0270493,5.6488724,1.576261,0.49894974,0.6131673
-3.0272722,5.6896772,1.6241153,0.50594485,0.5885754
-3.0295148,5.7316985,1.6709301,0.51293993,0.56398356
-3.0338485,5.774832,1.7166295,0.5199351,0.5393917
-3.0403314,5.8189697,1.7611371,0.523,0.52504736
-3.0488932,5.8634076,1.8048298,0.523,0.51070297
-3.0594742,5.90779,1.8474361,0.523,0.4963586
-3.0720348,5.95203,1.8889471,0.523,0.47885433
-3.0865548,5.996118,1.9291103,0.523,0.46135008
-3.1029785,6.039976,1.9679132,0.523,0.4438458
-3.1212463,6.083533,2.005344,0.523,0.4232802
-3.1413214,6.1267858,2.041148,0.523,0.4027146
-3.1631274,6.169677,2.07531,0.523,0.38214898
-3.1865847,6.2121577,2.1078157,0.523,0.3659277
-3.2115688,6.254121,2.1390054,0.523,0.3497064
-3.2380092,6.2955346,2.1688707,0.523,0.33348513
-3.2658346,6.336375,2.1974037,0.523,0.31914178
-3.2949545,6.3766003,2.2247524,0.523,0.3047984
-3.3253038,6.4161963,2.250911,0.523,0.29045504
-3.3568168,6.4551563,2.2758746,0.523,0.2768714
-3.3894212,6.493469,2.2997015,0.523,0.26328778
-3.4230552,6.5311356,2.3223872,0.523,0.24970417
-3.4576583,6.568161,2.3439274,0.523,0.27220693
-3.4928386,6.6042156,2.367363,0.523,0.29470968
-3.528619,6.6392055,2.3926816,0.523,0.31721243
-3.565014,6.6730366,2.4198706,0.523,0.2935764
-3.6025941,6.706112,2.4450946,0.523,0.26994038
-3.6412604,6.738449,2.4683397,0.523,0.24630433
-3.6809144,6.770076,2.4895928,0.523,0.22259516
-3.7214606,6.8010273,2.5088358,0.523,0.19888598
-3.7628038,6.831346,2.526058,0.523,0.1751768
-3.8048515,6.8610816,2.5412495,0.523,0.12977698
-3.8476434,6.890379,2.55253,0.523,0.08437716
-3.8909743,6.9193325,2.5598762,0.523,0.038977347
