6.816351,6.3741,3.1050842,0.5784047,0.0
6.758549,6.3762116,3.1050842,0.523,0.09922315
6.706541,6.3781114,3.113719,0.523,0.1984463
6.6552873,6.37954,3.1309037,0.523,0.29766944
6.6052904,6.3800745,-3.1267164,0.523,0.39639798
6.557051,6.379357,-3.0930614,0.523,0.4951265
6.511086,6.3771243,-3.0516448,0.523,0.593855
6.4679155,6.373231,-3.0028698,0.523,0.53104186
6.4232516,6.366995,-2.958726,0.523,0.46822864
6.377359,6.3585076,-2.9193869,0.523,0.40541548
6.33048,6.347916,-2.8850083,0.523,0.40528038
6.2839904,6.3357186,-2.8506405,0.523,0.4051453
6.237944,6.3219304,-2.8162837,0.523,0.4050102
6.1923966,6.306567,-2.7819376,0.523,0.4413905
6.1481347,6.2899246,-2.7447002,0.523,0.47777084
6.1053014,6.2719717,-2.7046208,0.523,0.51415116
6.064042,6.2527,-2.6617527,0.5217479,0.5588547
6.024801,6.2322783,-2.6156461,0.5204957,0.6035583
5.9877386,6.2107644,-2.5664093,0.5192436,0.64826185
5.953008,6.1882486,-2.514156,0.5181336,0.6735161
5.9202228,6.1644726,-2.4602928,0.5170236,0.6987704
5.889475,6.139542,-2.4048612,0.51591367,0.72402465
5.8608484,6.1135745,-2.347904,0.5207451,0.7086655
5.8331246,6.085387,-2.2914186,0.523,0.6933064
5.8065815,6.0551615,-2.2357118,0.523,0.6779472
5.781449,6.0231047,-2.1810412,0.523,0.6717498
5.757989,5.989557,-2.1267924,0.523,0.6655524
5.7362766,5.954615,-2.0729678,0.523,0.6593549
5.71638,5.918381,-2.0195687,0.523,0.63714206
5.698141,5.880505,-1.9677132,0.523,0.61492914
5.681627,5.841107,-1.9174267,0.523,0.5927162
5.6668897,5.800308,-1.868734,0.523,0.5739564
5.653997,5.7583237,-1.8214061,0.523,0.55519646
5.642975,5.7152677,-1.7754596,0.523,0.53643656
5.6338387,5.6712523,-1.7309109,0.523,0.5178006
5.6265936,5.6263895,-1.687766,0.523,0.4991647
5.621235,5.580785,-1.64604,0.523,0.48052877
5.6177483,5.5345387,-1.6057473,0.523,0.45575947
5.6161075,5.487606,-1.5673814,0.523,0.43099016
5.6162696,5.4400887,-1.5309657,0.523,0.40622085
5.6181827,5.392083,-1.4965227,0.523,0.40143496
5.621755,5.344074,-1.4624631,0.523,0.39664906
5.626971,5.296117,-1.4287881,0.523,0.39186317
5.633812,5.248268,-1.3954982,0.523,0.41848022
5.642146,5.2012134,-1.3600761,0.523,0.44509724
5.6520195,5.155053,-1.3225468,0.523,0.4717143
5.6634665,5.109893,-1.282937,0.49587628,0.4823563
5.675938,5.0677705,-1.2446002,0.46875256,0.49299833
5.6891704,5.028655,-1.2076259,0.44162884,0.50364035
5.702911,4.9924984,-1.1721029,0.42077798,0.44679925
5.7176423,4.9575276,-1.1418012,0.3999271,0.3899581
5.733029,4.923889,-1.1164625,0.3790762,0.33311698
5.7487507,4.8917,-1.0958035,0.3656174,0.36740643
5.7643557,4.8613553,-1.0739154,0.35215858,0.40169585
5.779806,4.8328624,-1.0509676,0.33869976,0.43598527
