-1.4593365,0.081461795,1.9051379,-0.1288646,0.0
-1.4551078,0.0692889,1.9051379,-0.099944025,0.059460927
-1.451834,0.05986461,1.904148,-0.07102345,0.11892185
-1.4495264,0.053200644,1.9027436,-0.042102866,0.17838278
-1.4481761,0.04928336,1.9014984,-0.012608314,0.20403424
-1.4477752,0.048115585,1.9010726,0.01688624,0.22968571
-1.4483085,0.049670994,1.9017134,0.046380796,0.25533718
-1.4497666,0.053915218,1.9036658,0.07618835,0.32048014
-1.4521294,0.060749218,1.907666,0.1059959,0.3856231
-1.4553756,0.07001841,1.9143108,0.13580345,0.4507661
-1.4594926,0.081528105,1.9241714,0.16571595,0.5228607
-1.4644612,0.09499849,1.9379634,0.19562845,0.59495527
-1.4702771,0.11012006,1.9562374,0.22554095,0.6670499
-1.4769391,0.12653965,1.9794934,0.25547898,0.73383904
-1.4844788,0.1439492,2.0080101,0.28541702,0.8006281
-1.4928931,0.16195223,2.0421553,0.31535506,0.8674173
-1.5021554,0.18012509,2.08224,0.34531212,0.92594033
-1.5123142,0.19822523,2.1282349,0.37526917,0.9844634
-1.5232987,0.21584585,2.1803331,0.4052262,1.0
-1.535833,0.23379742,2.2371643,0.43517032,1.0
-1.5503669,0.25227982,2.298195,0.46511444,1.0
-1.5670767,0.27104977,2.3634248,0.49505857,1.0
-1.5861267,0.2898263,2.4328544,0.523,1.0
-1.6075796,0.30821866,2.5062027,0.523,1.0
-1.6303226,0.3249894,2.5795507,0.523,1.0
-1.6542335,0.34004843,2.652899,0.523,1.0
-1.6791836,0.3533147,2.7262473,0.523,1.0
-1.7050389,0.3647169,2.7995956,0.523,1.0
-1.7316601,0.3741937,2.8729436,0.523,1.0
-1.7589043,0.38169414,2.946292,0.523,1.0
-1.786625,0.38717788,3.0196402,0.523,1.0
-1.814673,0.39061546,3.0929885,0.523,1.0
-1.8428974,0.3919884,-3.1168487,0.523,1.0
-1.8711466,0.39128923,-3.0435004,0.523,1.0
-1.8992685,0.38852182,-2.9701521,0.49397695,1.0
-1.9255669,0.3839685,-2.9008744,0.46495393,1.0
-1.9499642,0.37797952,-2.835667,0.43593088,1.0
-1.972424,0.3708858,-2.7745297,0.40856165,1.0
-1.9930282,0.3629637,-2.7172308,0.38119242,1.0
-2.0117972,0.35448357,-2.6637704,0.35382318,1.0
-2.0287733,0.34569263,-2.6141484,0.32840797,1.0
-2.0441058,0.33676162,-2.568091,0.30299276,1.0
-2.0578573,0.32787922,-2.5255976,0.27757755,1.0
-2.0700984,0.31921405,-2.4866686,0.25843495,1.0
-2.0811725,0.31070903,-2.4504244,0.23929235,1.0
-2.0911343,0.30246758,-2.4168649,0.22014976,1.0
-2.1000397,0.29458216,-2.38599,0.20792732,1.0
-2.1082168,0.28687847,-2.3568292,0.19570488,1.0
-2.1156983,0.27940628,-2.3293824,0.18348244,1.0
-2.1225178,0.2722109,-2.30365,0.17630869,1.0
-2.1288908,0.26513052,-2.2789235,0.16913494,1.0
-2.1348345,0.25818917,-2.255203,0.1619612,1.0
-2.1403668,0.25140908,-2.2324889,0.15758795,1.0
-2.1455986,0.24469154,-2.210388,0.15321471,1.0
-2.1505396,0.23804958,-2.1889002,0.14884147,1.0
-2.1551998,0.23149557,-2.168026,0.14417487,0.99828255
-2.1595922,0.225037,-2.1478283,0.13950828,0.99656504
-2.1637263,0.21868603,-2.1283064,0.1348417,0.9948476
-2.1676118,0.21245418,-2.1094582,0.12981345,0.98671556
-2.171284,0.2063095,-2.0914094,0.12478521,0.9785836
-2.1747487,0.20026684,-2.0741537,0.11975697,0.9704516
-2.178012,0.19434057,-2.0576842,0.11348566,0.95351875
-2.1810853,0.18853515,-2.0422604,0.10721435,0.9365859
-2.1839707,0.18287534,-2.0278661,0.10094304,0.91965306
-2.1866708,0.17738524,-2.0144846,0.09167492,0.88936126
-2.1891499,0.1721697,-2.0026178,0.082406804,0.85906947
-2.1914024,0.16728143,-1.9922175,0.073138684,0.8287777
-2.1934242,0.16277131,-1.9832324,0.058507923,0.7804922
-2.1950908,0.15896255,-1.976371,0.043877162,0.73220664
-2.1963782,0.15596412,-1.9714824,0.029246403,0.6839211
-2.1972623,0.15387678,-1.9684025,0.0075343917,0.6042882
-2.1975024,0.15330513,-1.967689,-0.0141776195,0.5246553
-2.1970282,0.15443681,-1.9688727,-0.03588963,0.4450224
-2.1957724,0.15742293,-1.9714476,-0.061952177,0.354322
-2.1935062,0.16277316,-1.9750301,-0.08801472,0.26362157
-2.190164,0.1705857,-1.9788525,-0.11407726,0.17292117
-2.1857047,0.18090063,-1.9821239,-0.13978903,0.08323837
-2.1801348,0.1936692,-1.9840609,-0.16550077,-0.0064444244
-2.1734884,0.20882569,-1.9838831,-0.19121253,-0.09612722
-2.165848,0.22625773,-1.9808245,-0.21845515,-0.17565805
-2.1572735,0.24598417,-1.9744617,-0.24569778,-0.25518888
-2.1479352,0.26784748,-1.9641249,-0.2729404,-0.3
-2.1379416,0.29193133,-1.9506817,-0.2990074,-0.3
-2.1273491,0.3184601,-1.9359546,-0.3250744,-0.3
-2.1162593,0.34746808,-1.9199435,-0.35114142,-0.3
-2.1047835,0.3789899,-1.9026486,-0.3744632,-0.3
-2.0931284,0.41281193,-1.884205,-0.39778495,-0.3
-2.0814126,0.44896266,-1.8646128,-0.42110673,-0.3
-2.0697615,0.48746848,-1.8438718,-0.44055888,-0.3
-2.0584106,0.52799714,-1.8221729,-0.460011,-0.3
-2.0474794,0.5705625,-1.7995157,-0.47946316,-0.3
-2.037094,0.6151745,-1.7759006,-0.49794668,-0.3
-2.0274055,0.66174805,-1.7513751,-0.5164302,-0.3
-2.0185447,0.71028227,-1.7259392,-0.523,-0.3
-2.0108242,0.7596463,-1.7001796,-0.523,-0.3
-2.0043776,0.8091928,-1.6744201,-0.523,-0.3
-1.9992095,0.85888886,-1.6486605,-0.523,-0.3
-1.995323,0.9087016,-1.6229011,-0.523,-0.3
-1.9927208,0.95859784,-1.5971415,-0.523,-0.3
-1.9914047,1.0085446,-1.571382,-0.523,-0.3
-1.9913753,1.0585088,-1.5456226,-0.523,-0.3
-1.992633,1.108457,-1.519863,-0.523,-0.3
-1.9951768,1.1583563,-1.4941036,-0.523,-0.3
-1.9990048,1.2081735,-1.468344,-0.523,-0.27761477
-2.004149,1.2582073,-1.4444549,-0.523,-0.25522956
-2.0105257,1.3084097,-1.4224482,-0.523,-0.23284435
-2.018047,1.3587394,-1.4023348,-0.523,-0.20736048
-2.0266283,1.4091945,-1.384389,-0.523,-0.18187658
-2.0361612,1.4597408,-1.3686228,-0.523,-0.15639271
-2.0465348,1.5103503,-1.355046,-0.523,-0.13392273
-2.0576308,1.5609803,-1.3434073,-0.523,-0.11145276
-2.0693479,1.6116179,-1.3337125,-0.523,-0.08898278
-2.081583,1.6622537,-1.3259664,-0.523,-0.0759161
-2.0942235,1.712848,-1.3193554,-0.523,-0.06284942
-2.1072102,1.7634034,-1.3138806,-0.523,-0.04978273
-2.120483,1.8139242,-1.309543,-0.523,-0.03484546
-2.1339834,1.8644187,-1.3065063,-0.523,-0.01990819
-2.1476429,1.9148928,-1.3047711,-0.523,-0.0049709203
-2.1613922,1.9653524,-1.3043377,-0.523,0.008961606
-2.175163,2.0158048,-1.3051189,-0.523,0.022894133
-2.1888916,2.0662565,-1.3071142,-0.523,0.03682666
-2.2025137,2.1167147,-1.3103236,-0.523,0.054397535
-2.215963,2.1671758,-1.315063,-0.523,0.071968414
-2.2291582,2.217644,-1.3213308,-0.523,0.08953929
-2.2420187,2.268122,-1.3291252,-0.523,0.10824989
-2.254462,2.3186047,-1.3385426,-0.523,0.12696049
-2.2664032,2.3690908,-1.3495796,-0.523,0.1456711
-2.2777572,2.419576,-1.3622323,-0.523,0.15615514
-2.2884543,2.47012,-1.3757887,-0.523,0.1666392
-2.2984483,2.520718,-1.3902469,-0.523,0.17712325
-2.307693,2.571363,-1.4056056,-0.523,0.17958595
-2.316155,2.6221213,-1.4211755,-0.523,0.18204865
-2.323822,2.6729825,-1.4369565,-0.523,0.18451133
-2.3306825,2.723935,-1.4529487,-0.523,0.19094433
-2.33672,2.774928,-1.4694917,-0.523,0.19737731
-2.3419063,2.82595,-1.4865849,-0.523,0.2038103
-2.3462145,2.8769858,-1.5042276,-0.523,0.20022464
-2.349624,2.9281275,-1.5215641,-0.523,0.19663897
-2.352148,2.9793575,-1.5385942,-0.523,0.19305332
-2.3538008,3.0306592,-1.5553178,-0.523,0.1902251
-2.3545957,3.0820096,-1.5717993,-0.523,0.18739687
-2.3545442,3.133394,-1.5880386,-0.523,0.18456864
-2.3536577,3.184798,-1.6040356,-0.523,0.18634425
-2.3519497,3.2361643,-1.6201848,-0.523,0.18811984
-2.3494132,3.287479,-1.636486,-0.523,0.18989545
-2.346042,3.338728,-1.6529392,-0.523,0.19712125
-2.3418336,3.3898423,-1.6700106,-0.523,0.20434704
-2.336761,3.4408023,-1.6876991,-0.523,0.21157284
-2.330797,3.491587,-1.7060039,-0.523,0.21912234
-2.3239157,3.5421705,-1.7249516,-0.523,0.22667181
-2.3160908,3.5925283,-1.744541,-0.523,0.23422131
-2.3072965,3.6426344,-1.7647712,-0.523,0.24629061
-2.2975192,3.692405,-1.7860231,-0.523,0.2583599
-2.2867203,3.7418025,-1.8082938,-0.523,0.2704292
-2.2748628,3.790787,-1.83158,-0.523,0.28725505
-2.2619305,3.8392482,-1.8562762,-0.523,0.3040809
-2.2478776,3.887129,-1.8823752,-0.523,0.32090676
-2.232663,3.9343696,-1.90987,-0.523,0.32795838
-2.2161944,3.981063,-1.9379473,-0.523,0.33501
-2.1984644,4.0271635,-1.9666059,-0.523,0.3420616
-2.1794682,4.072624,-1.9958441,-0.5183777,0.3507654
-2.1593938,4.116974,-2.0255313,-0.5137554,0.3594692
-2.1382706,4.1601787,-2.0556526,-0.5091331,0.368173
-2.116131,4.202205,-2.086193,-0.49418133,0.3574682
-2.0933137,4.2424855,-2.1150124,-0.4792296,0.34676337
-2.0699785,4.281045,-2.1421573,-0.46427783,0.33605856
-2.0462759,4.3179135,-2.1676745,-0.4527941,0.32308117
-2.0221426,4.3534265,-2.1916342,-0.44131038,0.31010374
-1.9976954,4.38761,-2.2140791,-0.42982665,0.29712632
-1.9730431,4.420495,-2.2350526,-0.42520043,0.29599434
-1.9479705,4.452518,-2.255724,-0.42057425,0.29486236
-1.9225125,4.4836845,-2.2760942,-0.41594803,0.29373035
-1.8967031,4.513999,-2.2961655,-0.39965484,0.29094237
-1.8713038,4.5426464,-2.3152726,-0.38336164,0.2881544
-1.8463987,4.5696783,-2.33343,-0.3670684,0.28536642
-1.8220661,4.5951447,-2.3506522,-0.34976226,0.26912895
-1.7983569,4.619118,-2.366152,-0.33245608,0.25289148
-1.775371,4.6416507,-2.3800159,-0.3151499,0.23665401
-1.7531978,4.6627917,-2.3923304,-0.30463418,0.23072207
-1.7314838,4.6829906,-2.403941,-0.2941185,0.22479013
-1.7102652,4.702274,-2.4148676,-0.28360277,0.21885818
-1.6895756,4.720668,-2.4251301,-0.2709782,0.22259437
-1.6696444,4.7380247,-2.4351003,-0.25835365,0.22633053
-1.650494,4.7543683,-2.4447627,-0.2457291,0.23006672
-1.6321461,4.7697234,-2.4541023,-0.2277204,0.20120712
-1.6149019,4.783883,-2.4616873,-0.20971169,0.17234753
-1.5988357,4.7968726,-2.4676814,-0.19170298,0.14348793
-1.5840102,4.808713,-2.4722502,-0.17364162,0.09295304
-1.5704515,4.8194404,-2.4749365,-0.15558027,0.042418152
-1.5582355,4.829052,-2.476036,-0.1375189,-0.00811674
-1.5474191,4.8375435,-2.4758499,-0.11928456,-0.07178206
-1.538062,4.844892,-2.4744241,-0.10105022,-0.13544738
-1.5301964,4.8510876,-2.4721498,-0.08281587,-0.1991127
-1.5238305,4.8561254,-2.4694197,-0.061805665,-0.25145662
-1.5191466,4.859853,-2.4668567,-0.040795457,-0.3
-1.5161033,4.8622875,-2.4648473,-0.01978525,-0.3
-1.5146296,4.863471,-2.463873,0.0022473068,-0.3
-1.5147969,4.8633366,-2.4639835,0.024279863,-0.3
-1.516604,4.861882,-2.4651794,0.046312418,-0.3
-1.5200542,4.8591127,-2.4674606,0.07364552,-0.3
-1.5255508,4.8547206,-2.471088,0.10097861,-0.3
-1.5331092,4.8487263,-2.4760613,0.12831171,-0.3
-1.5427512,4.8411574,-2.482381,0.15762953,-0.3
-1.554655,4.831934,-2.490145,0.18694735,-0.3
-1.5688572,4.821105,-2.4993527,0.21626517,-0.3
-1.5854013,4.808729,-2.5100045,0.24619606,-0.3
-1.6043841,4.7948422,-2.5221305,0.27612695,-0.3
-1.6258619,4.7795267,-2.5357306,0.30605787,-0.3
-1.6498966,4.762876,-2.550805,0.33605728,-0.26522774
-1.6768303,4.7448115,-2.5654867,0.3660567,-0.23045544
-1.706716,4.7253976,-2.5794227,0.39605612,-0.19568317
-1.7395867,4.7046895,-2.5922573,0.42605582,-0.18182704
-1.7753247,4.6828113,-2.6050975,0.45605555,-0.1679709
-1.8139713,4.6598287,-2.617805,0.48605525,-0.15411475
-1.8555615,4.635806,-2.6302404,0.51601285,-0.1355323
-1.9001495,4.6107864,-2.6418607,0.523,-0.11694986
-1.9457402,4.585896,-2.6520317,0.523,-0.09836741
