-5.686459,2.6074371,2.7684665,0.6173048,0.0
-5.743942,2.6299396,2.7684665,0.523,-0.09864609
-5.7924066,2.6489117,2.7598817,0.493026,-0.19729218
-5.837273,2.6669211,2.743775,0.46305197,-0.29593825
-5.8781066,2.6840801,2.7212677,0.43305218,-0.3
-5.9158764,2.700962,2.6999385,0.40305236,-0.3
-5.950687,2.7174203,2.6800869,0.37305257,-0.3
-5.9825974,2.7332904,2.6617126,0.34305277,-0.3
-6.011669,2.7484207,2.6448162,0.31305298,-0.3
-6.037961,2.7626743,2.6293972,0.2830532,-0.3
-6.061532,2.775927,2.6154559,0.25305325,-0.22361699
-6.08287,2.7883189,2.6061032,0.22305332,-0.147234
-6.1018453,2.7995772,2.6006494,0.1930534,-0.07085098
-6.118353,2.8094935,2.5983717,0.16305517,-0.017821753
-6.132309,2.8179204,2.5978873,0.13305694,0.035207473
-6.1436887,2.8247993,2.5986679,0.1030587,0.088236704
-6.152478,2.8301032,2.6001816,0.073571585,0.044078052
-6.158777,2.833891,2.6007218,0.044084463,-8.05974e-05
-6.1625566,2.8361607,2.6007214,0.014597342,-0.044239245
-6.1638064,2.8369114,2.6006138,-0.014795743,-0.0430928
-6.1625395,2.8361504,2.60072,-0.04418883,-0.04194635
-6.158755,2.833877,2.6010287,-0.07358191,-0.040799905
-6.152451,2.8300936,2.6015291,-0.1032544,-0.1071563
-6.143646,2.8248148,2.6033695,-0.13292688,-0.1735127
-6.132404,2.818103,2.6071944,-0.16259937,-0.23986909
-6.1188116,2.8100586,2.6136327,-0.19234434,-0.3
-6.102938,2.8008018,2.6231062,-0.2220893,-0.3
-6.08451,2.7902873,2.634045,-0.25183427,-0.3
-6.063484,2.7785938,2.6464486,-0.2815086,-0.3
-6.03982,2.7658153,2.6603138,-0.31118292,-0.3
-6.0134687,2.7520535,2.6756406,-0.34085724,-0.3
-5.984377,2.7374237,2.692429,-0.37027782,-0.3
-5.952512,2.7220638,2.7106664,-0.3996984,-0.3
-5.917818,2.7061136,2.7303529,-0.429119,-0.3
-5.8802404,2.6897259,2.7514884,-0.45818034,-0.3
-5.8397574,2.6730802,2.7740555,-0.48724172,-0.3
-5.7963185,2.6563547,2.7980537,-0.51630306,-0.3
-5.749876,2.6397412,2.8234835,-0.523,-0.3
-5.702419,2.6241138,2.849243,-0.523,-0.3
-5.654575,2.609714,2.8750024,-0.523,-0.3
-5.6063757,2.5965514,2.9007618,-0.523,-0.3
-5.557853,2.5846345,2.9265213,-0.523,-0.3
-5.5090404,2.5739713,2.952281,-0.523,-0.3
-5.459969,2.5645688,2.9780405,-0.523,-0.3
-5.4106717,2.5564334,3.0038,-0.523,-0.3
-5.3611813,2.5495706,3.0295594,-0.523,-0.3
-5.31153,2.5439847,3.055319,-0.523,-0.3
-5.261752,2.5396793,3.0810785,-0.523,-0.3
-5.2118793,2.5366578,3.106838,-0.523,-0.3
-5.1619453,2.5349216,3.1325974,-0.523,-0.3
-5.1119833,2.5344722,-3.1248283,-0.523,-0.3
-5.0620265,2.5353098,-3.0990689,-0.523,-0.3
-5.0121074,2.5374339,-3.0733092,-0.49362475,-0.3
-4.9650593,2.5406513,-3.0489967,-0.46424952,-0.3
-4.920898,2.5447521,-3.0261307,-0.43487427,-0.3
-4.8796296,2.5495384,-3.0047116,-0.4055253,-0.2405427
-4.840613,2.5549128,-2.9886103,-0.3761763,-0.1810854
-4.8040423,2.5605514,-2.977319,-0.34682733,-0.12162809
-4.7700796,2.5661814,-2.9703057,-0.31746718,-0.03714893
-4.738819,2.5715888,-2.9683404,-0.28810704,0.047330238
-4.710471,2.5765498,-2.9706123,-0.2587469,0.1318094
-4.685195,2.5809143,-2.9762802,-0.22927512,0.21922693
-4.6631217,2.5845969,-2.9845903,-0.19980337,0.30664444
-4.6443076,2.5875752,-2.9946425,-0.17033161,0.39406195
-4.6287494,2.589878,-3.005542,-0.14060652,0.4866413
-4.616436,2.5915637,-3.0165014,-0.11088143,0.5792206
-4.6072288,2.5927215,-3.026617,-0.08115635,0.6717999
-4.600919,2.5934503,-3.0350356,-0.05133247,0.76519924
-4.597237,2.5938442,-3.0409617,-0.021508591,0.85859853
-4.5958385,2.5939853,-3.0436752,0.0083152875,0.9519979
-4.5963187,2.593938,-3.0425463,0.03817868,1.0
-4.5983715,2.593734,-3.0371919,0.06804207,1.0
-4.602028,2.5933511,-3.0276494,0.09790546,1.0
-4.607283,2.5927496,-3.0139186,0.12778053,1.0
-4.614131,2.5918705,-2.995998,0.15765558,1.0
-4.622559,2.5906346,-2.9738874,0.18753065,1.0
-4.6325493,2.5889435,-2.9475873,0.21737537,1.0
-4.644074,2.586679,-2.9171014,0.24722008,1.0
-4.657096,2.5837057,-2.8824298,0.2770648,1.0
-4.671566,2.5798693,-2.8435729,0.3067536,1.0
-4.6874094,2.5750027,-2.8005521,0.3364424,1.0
-4.7045407,2.5689228,-2.753368,0.36613122,1.0
-4.7228503,2.5614343,-2.7020197,0.3952921,1.0
-4.742178,2.5523455,-2.646582,0.42445296,1.0
-4.762358,2.5414512,-2.5870545,0.45361382,1.0
-4.7831945,2.528546,-2.5234373,0.47898418,1.0
-4.804285,2.513548,-2.456262,0.50435454,1.0
-4.8253827,2.4963002,-2.3855288,0.523,1.0
-4.845941,2.4769137,-2.3121805,0.523,1.0
-4.865024,2.4560726,-2.2388322,0.523,1.0
-4.8825283,2.4338892,-2.1654842,0.523,1.0
-4.89836,2.4104824,-2.092136,0.523,1.0
-4.912433,2.3859787,-2.0187876,0.523,1.0
-4.924673,2.3605094,-1.9454395,0.523,1.0
-4.935014,2.3342116,-1.8720912,0.523,1.0
-4.9433994,2.3072267,-1.798743,0.523,1.0
-4.949785,2.2796998,-1.7253947,0.523,1.0
-4.9541364,2.251779,-1.6520466,0.523,1.0
-4.95643,2.2236145,-1.5786984,0.523,1.0
-4.956653,2.1953576,-1.5053501,0.523,1.0
-4.9548054,2.1671603,-1.432002,0.523,1.0
-4.950896,2.1391742,-1.3586537,0.523,1.0
-4.944946,2.1115499,-1.2853055,0.523,1.0
-4.936988,2.0844357,-1.2119572,0.523,0.9419128
-4.926183,2.0556302,-1.1414669,0.523,0.88382554
-4.9123764,2.025472,-1.0740721,0.523,0.8257383
-4.8954782,1.9942971,-1.0100005,0.523,0.8675705
-4.87749,1.965656,-0.94351315,0.523,0.9094027
-4.858635,1.939648,-0.8747267,0.523,0.95123494
-4.839162,1.9163435,-0.8037615,0.523,0.8629487
-4.815562,1.8918605,-0.7375354,0.523,0.77466244
-4.7878985,1.866726,-0.6765646,0.523,0.6863762
-4.7563534,1.8413955,-0.6213237,0.523,0.7607517
-4.7255516,1.819344,-0.56122524,0.523,0.8351272
-4.6958375,1.8006642,-0.49660146,0.523,0.9095027
-4.667598,1.7853612,-0.42780966,0.523,0.81652695
-4.6350126,1.7705033,-0.36428502,0.523,0.7235512
-4.598388,1.7565382,-0.3065763,0.523,0.6305755
-4.5581155,1.7437897,-0.255182,0.523,0.69225967
-4.519159,1.733627,-0.1995454,0.523,0.7539439
-4.4817886,1.7260695,-0.13987815,0.523,0.8156281
-4.446292,1.7210715,-0.076407194,0.523,0.7286144
-4.407385,1.7180929,-0.018368449,0.523,0.64160067
-4.3654923,1.7173233,0.033798933,0.523,0.554587
-4.3210564,1.7188258,0.079700224,0.523,0.59282285
-4.277818,1.7222792,0.12840062,0.523,0.6310587
-4.2359385,1.7276863,0.17982894,0.523,0.66929454
-4.1955833,1.7350227,0.23391001,0.523,0.5987752
-4.1535587,1.7450359,0.28303987,0.523,0.5282559
-4.110185,1.7576511,0.32697427,0.523,0.4577366
-4.065755,1.7727195,0.36549488,0.5211366,0.5083874
-4.0232387,1.7889899,0.40777376,0.5192732,0.5590382
-3.9828262,1.8064476,0.453675,0.5174098,0.60968906
-3.9446986,1.8250386,0.5030542,0.523,0.5311453
-3.9051907,1.8467788,0.547206,0.523,0.45260155
-3.8650246,1.8712507,0.5853245,0.523,0.37405783
-3.824445,1.8981469,0.61717486,0.52000487,0.4296313
-3.7858918,1.9255064,0.65327495,0.51700974,0.48520476
-3.749575,1.9533027,0.69346297,0.51401466,0.5407782
-3.7156858,1.9814706,0.7375657,0.5212057,0.4577641
-3.6810825,2.0129123,0.7759563,0.523,0.37474993
-3.646344,2.047001,0.80786276,0.523,0.29173577
-3.6117294,2.0832067,0.8329332,0.51973397,0.35522175
-3.5789492,2.1192615,0.8630603,0.51646787,0.41870776
-3.5482733,2.1551144,0.8980579,0.51320183,0.48219374
-3.5199406,2.1906762,0.9377219,0.5206937,0.3961187
-3.4915204,2.2294047,0.971206,0.523,0.31004366
-3.4634144,2.270523,0.9978006,0.523,0.22396861
-3.4357681,2.3133721,1.0171604,0.5207967,0.28516182
-3.4094913,2.3558831,1.0415782,0.51859343,0.34635505
-3.3848643,2.39799,1.0709194,0.51639014,0.40754828
-3.3621402,2.4395986,1.1050321,0.5222216,0.32546598
-3.3399181,2.4838083,1.1328622,0.523,0.24338368
-3.318393,2.5297768,1.1538683,0.523,0.16130137
-3.297489,2.576976,1.1678675,0.5210892,0.22561578
-3.277574,2.623697,1.187296,0.51917845,0.2899302
-3.2589588,2.6698341,1.2120336,0.51726764,0.35424462
-3.2419243,2.7152603,1.2419388,0.523,0.27548975
-3.2256703,2.762891,1.2656497,0.523,0.19673488
-3.2102609,2.8118126,1.282688,0.523,0.11798001
-3.1955037,2.8616085,1.2929481,0.5201318,0.17952853
-3.1814663,2.9108229,1.3084277,0.51726365,0.24107705
-3.1684382,2.9593346,1.3290104,0.51439553,0.30262557
-3.1566813,3.0070083,1.3545611,0.5203226,0.23317616
-3.1458197,3.0564535,1.3745995,0.523,0.16372675
-3.1357605,3.107064,1.3888073,0.523,0.094277345
-3.126337,3.158272,1.397013,0.520101,0.14166194
-3.1174343,3.2089856,1.4092517,0.517202,0.18904653
-3.1092634,3.2591228,1.4254507,0.51430297,0.23643114
-3.102022,3.3085952,1.4455286,0.51886547,0.18240517
-3.0956466,3.359221,1.4612153,0.523,0.1283792
-3.0899742,3.4107795,1.4723749,0.523,0.07435323
-3.084849,3.4626827,1.47885,0.5211556,0.116599694
-3.0800967,3.5142257,1.4889549,0.5193112,0.15884615
-3.0759046,3.5653315,1.5026456,0.5174668,0.20109262
-3.0724518,3.6159177,1.5198721,0.523,0.14699697
-3.0698183,3.6675866,1.5326391,0.523,0.09290132
-3.0678318,3.719623,1.5407255,0.523,0.03880567
-3.0662606,3.7718601,1.5441072,0.5191248,0.084564336
-3.0648801,3.8235686,1.551415,0.51524955,0.130323
-3.06389,3.8746471,1.5625749,0.51137435,0.17608166
-3.063476,3.924992,1.5775046,0.51807654,0.1217463
-3.063821,3.9764152,1.587991,0.523,0.06741094
-3.0647182,4.028589,1.5938625,0.523,0.013075578
-3.0659244,4.08087,1.5950023,0.51621103,0.0630962
-3.0671713,4.1323733,1.6004272,0.50942206,0.11311682
-3.068671,4.182968,1.6100107,0.5026331,0.16313745
-3.0706153,4.232526,1.6236166,0.50989074,0.1130045
-3.07329,4.2831187,1.6331995,0.5171484,0.06287155
-3.076509,4.334631,1.6386149,0.523,0.012738603
-3.0800529,4.3868065,1.6397253,0.5162034,0.05882477
-3.083602,4.4382153,1.6447833,0.5094068,0.10491094
-3.0873468,4.4887376,1.653674,0.5026102,0.1509971
-3.0914602,4.538256,1.6662748,0.5099258,0.107384995
-3.0962934,4.5887237,1.6753837,0.5172413,0.06377289
-3.1016824,4.640061,1.6808776,0.523,0.020160776
-3.107427,4.692034,1.6826348,0.5193167,0.060410254
-3.113212,4.743547,1.6878603,0.5156333,0.100659736
-3.119204,4.794498,1.6964962,0.51194996,0.14090921
-3.1255586,4.8447857,1.7084796,0.51872826,0.09906955
-3.1326432,4.8959155,1.7170306,0.523,0.057229895
-3.1402516,4.9475727,1.7220165,0.523,0.015390235
-3.1481295,4.99927,1.7233579,0.5224051,0.048369102
-3.156059,5.0508432,1.7275677,0.52181023,0.08134797
-3.1641793,5.102214,1.7346345,0.5212153,0.11432684
-3.172625,5.1533017,1.7445444,0.523,0.08216436
-3.1816359,5.2046404,1.7516984,0.523,0.05000189
-3.1910338,5.2560225,1.756055,0.523,0.017839413
-3.200666,5.3074193,1.75761,0.523,0.041415505
-3.2103713,5.3587656,1.761219,0.523,0.0649916
-3.2202494,5.410012,1.7668802,0.523,0.08856769
-3.2303991,5.461108,1.7745901,0.523,0.06673004
-3.2409604,5.5122123,1.7804024,0.523,0.04489239
-3.2518318,5.563316,1.7843143,0.523,0.023054738
-3.262911,5.6144147,1.7863237,0.523,0.022900451
-3.2740932,5.665491,1.7883197,0.523,0.022746164
-3.2853773,5.7165456,1.7903023,0.523,0.022591878
-3.2967625,5.7675776,1.7922714,0.523,-0.011151564
-3.3082504,5.818597,1.7912993,0.523,-0.044895004
-3.319678,5.8695793,1.7873873,0.523,-0.07863845
-3.3308825,5.9204993,1.7805396,0.523,-0.08591524
-3.3417318,5.9714646,1.77306,0.523,-0.093192026
-3.3521926,6.022476,1.7649485,0.523,-0.10046882
-3.3622322,6.0735345,1.7562057,0.523,-0.10668227
-3.3718188,6.124646,1.7469242,0.523,-0.11289572
-3.3809245,6.1758094,1.7371043,0.523,-0.11910917
-3.389521,6.227022,1.7267464,0.523,-0.12336606
-3.3975823,6.278295,1.7160203,0.523,-0.12762295
-3.4050894,6.329623,1.704926,0.523,-0.13187984
-3.4120226,6.3810034,1.6934638,0.523,-0.1344504
-3.4183643,6.432442,1.6817795,0.523,-0.13702098
-3.4241025,6.483933,1.6698731,0.523,-0.13959156
-3.4292254,6.5354705,1.6577449,0.523,-0.12470642
-3.4337318,6.587168,1.6469028,0.523,-0.109821275
-3.4376843,6.639003,1.6373492,0.523,-0.09493614
-3.4411469,6.690952,1.6290865,0.523,-0.040041097
-3.4441912,6.743121,1.6255971,0.523,0.014853949
-3.4470556,6.795337,1.6268919,0.523,0.06974899
-3.4499807,6.847428,1.6329668,0.523,0.10815175
-3.453211,6.8993216,1.6423756,0.523,0.14655451
-3.4569116,6.9509287,1.6551045,0.523,0.18495727
-3.4612405,7.002154,1.671135,0.523,0.1606101
-3.4664118,7.053521,1.6850747,0.523,0.13626292
-3.4723203,7.1049986,1.6969155,0.523,0.11191575
-3.4788578,7.1565585,1.7066505,0.523,0.10089822
-3.4859052,7.208113,1.7154305,0.523,0.0898807
-3.4934127,7.259658,1.7232546,0.523,0.07886317
-3.5013309,7.3111906,1.7301217,0.523,0.05250173
-3.5096169,7.362757,1.734696,0.523,0.026140291
-3.5181475,7.4143386,1.7369742,0.523,-0.00022115112
-3.5267987,7.465918,1.736955,0.523,0.014517754
-3.535448,7.5174923,1.7382205,0.523,0.02925666
-3.5441597,7.569039,1.7407702,0.523,0.043995567
-3.552998,7.6205354,1.744604,0.523,0.05712195
-3.5620277,7.6719637,1.7495804,0.523,0.070248336
-3.5713055,7.723303,1.7556987,0.523,0.083374724
-3.5808873,7.774533,1.7629578,0.523,0.15295304
-3.590759,7.825271,1.7762382,0.523,0.22253138
-3.6011653,7.8752084,1.7954758,0.523,0.2921097
-3.6123238,7.924034,1.8205775,0.4957189,0.35738918
-3.6238031,7.969033,1.8494804,0.4684378,0.42266867
-3.6355555,8.010106,1.8815056,0.4411567,0.48794815
-3.647469,8.047207,1.9159757,0.42059913,0.43725392
-3.6603618,8.083062,1.9456598,0.4000416,0.38655972
-3.6739283,8.117542,1.970796,0.3794841,0.3358655
-3.6878805,8.150541,1.9916414,0.35181817,0.32264796
-3.7015116,8.180997,2.0102339,0.3241523,0.30943042
-3.714647,8.208939,2.0266855,0.29648638,0.29621288
-3.7271318,8.2344,2.0411093,0.26738423,0.25200114
-3.738866,8.257483,2.052221,0.2382821,0.2077894
-3.7496622,8.278148,2.060414,0.20917997,0.16357768
-3.7593684,8.296362,2.0660915,0.18014766,0.09619422
-3.767891,8.312139,2.0689752,0.15111537,0.02881077
-3.7751086,8.325408,2.0697007,0.12208307,-0.03857268
-3.7809455,8.336121,2.068916,0.093044296,-0.11172078
-3.7853632,8.344243,2.067187,0.064005524,-0.18486887
-3.7883596,8.349775,2.0652263,0.034966756,-0.25801697
-3.789964,8.352752,2.0637393,0.005249339,-0.3
-3.7902012,8.353193,2.0634806,-0.024468077,-0.3
-3.7890956,8.351133,2.0646858,-0.05418549,-0.3
-3.7866416,8.346576,2.0673547,-0.08397984,-0.3
-3.7828195,8.339521,2.071491,-0.11377418,-0.3
-3.777602,8.329987,2.0770948,-0.14356853,-0.3
-3.7709506,8.317991,2.0841658,-0.17324242,-0.3
-3.7628224,8.303575,2.0926986,-0.20291632,-0.3
-3.7531583,8.28677,2.102693,-0.23259021,-0.3
-3.741889,8.26762,2.1141489,-0.2620651,-0.25973597
-3.7287943,8.24594,2.1253664,-0.29154,-0.21947193
-3.7138107,8.221749,2.135945,-0.32101488,-0.17920789
-3.6968944,8.195074,2.1454818,-0.34896508,-0.111720465
-3.6780438,8.165966,2.151966,-0.37691528,-0.044233035
-3.6573715,8.134493,2.154744,-0.40486547,0.023254395
-3.6350563,8.100724,2.1531749,-0.42864063,0.10207133
-3.6116033,8.065113,2.1458955,-0.45241576,0.18088827
-3.587397,8.027768,2.1323304,-0.4761909,0.25970522
-3.562891,7.988813,2.1119497,-0.45609316,0.29511535
-3.5404122,7.951411,2.0898407,-0.43599546,0.33052552
-3.5199552,7.9156027,2.0662577,-0.41589773,0.36593568
-3.501491,7.881437,2.0414546,-0.40115932,0.31272018
-3.484182,7.8474164,2.0208855,-0.38642088,0.2595047
-3.4679337,7.813788,2.0043592,-0.37168247,0.20628923
-3.45265,7.7807736,1.9916707,-0.3702267,0.2353732
-3.4379413,7.747914,1.9772809,-0.36877096,0.26445717
-3.4238677,7.715219,1.9612156,-0.36731517,0.29354113
-3.4104865,7.6827044,1.9435023,-0.34689304,0.26844037
-3.398307,7.651554,1.9281679,-0.32647088,0.24333958
-3.3872232,7.6218705,1.9150578,-0.30604875,0.21823882
-3.377139,7.5937448,1.9040139,-0.29255015,0.2095147
-3.3677795,7.5667033,1.8938729,-0.27905157,0.20079061
-3.359098,7.540774,1.8845971,-0.26555297,0.19206652
-3.3510516,7.51598,1.8761486,-0.25473073,0.1834837
-3.3435223,7.4920926,1.8684024,-0.24390846,0.17490089
-3.3364792,7.46913,1.8613286,-0.23308621,0.16631807
-3.3298943,7.4471064,1.8548973,-0.21567689,0.14039338
-3.3239086,7.4266067,1.8498672,-0.19826756,0.114468664
-3.3184826,7.407672,1.8460929,-0.18085824,0.08854396
-3.3135855,7.390335,1.8434274,-0.16405326,0.03879433
-3.3091714,7.3745475,1.8423669,-0.14724828,-0.010955292
-3.3052218,7.3603635,1.8426359,-0.13044329,-0.060704917
-3.3017259,7.347821,1.8439548,-0.11275261,-0.1161082
-3.2987046,7.337037,1.8461318,-0.09506192,-0.17151149
-3.296158,7.328023,1.8488358,-0.07737123,-0.22691478
-3.2940888,7.320774,1.8517369,-0.05712006,-0.28390893
-3.2925687,7.3155055,1.8544036,-0.036868878,-0.3
-3.291583,7.3121243,1.8562195,-0.016617699,-0.3
-3.291136,7.3106008,1.857038,0.0046834955,-0.3
-3.2912624,7.31103,1.8568072,0.025984691,-0.3
-3.2919626,7.3134117,1.8555274,0.047285885,-0.3
-3.2932317,7.317747,1.8531984,0.074863106,-0.3
-3.2952247,7.3246155,1.8495111,0.10244033,-0.3
-3.2979171,7.3340244,1.8444657,0.13001755,-0.3
-3.301274,7.3459835,1.8380619,0.15938288,-0.3
-3.3052952,7.360669,1.8302118,0.1887482,-0.3
-3.3099208,7.3780975,1.8209152,0.21811353,-0.3
-3.3150783,7.3982863,1.8101724,0.24810244,-0.3
-3.320698,7.421313,1.7979525,0.27809134,-0.3
-3.3266811,7.4471974,1.7842556,0.30808026,-0.3
-3.332916,7.475961,1.7690816,0.33808014,-0.3
-3.3392785,7.5076265,1.7524301,0.36808002,-0.3
-3.3456304,7.542212,1.7343009,0.3980799,-0.3
-3.3518207,7.579735,1.714694,0.4280798,-0.3
-3.3576853,7.6202083,1.6936097,0.45807973,-0.3
-3.3630464,7.6636405,1.6710477,0.48807964,-0.3
-3.367713,7.7100344,1.6470082,0.5179057,-0.2695111
-3.3715138,7.7598104,1.6240252,0.523,-0.23902223
-3.3742175,7.8105516,1.6033883,0.523,-0.20853335
-3.3758848,7.8616915,1.5853425,0.523,-0.117324054
-3.3766403,7.9136267,1.5751393,0.523,-0.026114762
-3.3768673,7.965908,1.5728632,0.523,0.06509453
-3.376975,8.018097,1.5785333,0.49397925,0.16227998
-3.3773522,8.066845,1.5918351,0.4649585,0.25946543
-3.3782978,8.111774,1.6117171,0.43593773,0.35665086
-3.379969,8.152591,1.6370841,0.40944973,0.42876667
-3.3824356,8.189748,1.6654556,0.38296175,0.50088245
-3.3856106,8.223189,1.6961052,0.35647374,0.5729983
-3.3893542,8.252908,1.7283158,0.33338025,0.5867195
-3.3937094,8.280327,1.7590775,0.31028676,0.6004408
-3.3985012,8.305475,1.7882966,0.28719327,0.6141621
-3.403566,8.328394,1.8158802,0.25939927,0.57576907
-3.4088452,8.349502,1.8394198,0.23160528,0.53737605
-3.4141257,8.368684,1.859179,0.20381129,0.498983
-3.4192154,8.38584,1.875434,0.17486507,0.43372113
-3.4239748,8.400978,1.8876818,0.14591883,0.36845925
-3.4282167,8.413913,1.8964413,0.11697261,0.30319738
-3.4317882,8.424489,1.9022622,0.087592304,0.24562007
-3.4345531,8.432524,1.905812,0.058211986,0.18804276
-3.4364333,8.437924,1.9076257,0.028831676,0.13046545
-3.437378,8.440622,1.9082508,-0.00077714067,0.057627767
-3.4373524,8.440549,1.9082433,-0.030385956,-0.015209919
-3.4363465,8.437682,1.9083203,-0.059994772,-0.08804761
-3.4343674,8.432043,1.9091996,-0.089848205,-0.12878966
-3.4314094,8.423637,1.9111229,-0.11970163,-0.1695317
-3.427471,8.412516,1.9144889,-0.14955506,-0.21027376
-3.4225426,8.398746,1.9196916,-0.17940551,-0.18656224
-3.4165158,8.382178,1.9252377,-0.20925596,-0.16285074
-3.4093492,8.362813,1.9308922,-0.23910642,-0.13913922
-3.4010055,8.340652,1.9364191,-0.26857075,-0.061939735
-3.3914216,8.3156185,1.9391899,-0.2980351,0.015259748
-3.38069,8.287818,1.938432,-0.32749942,0.09245923
-3.3689697,8.257386,1.9333924,-0.34828258,0.17253447
-3.3567996,8.2253065,1.9234269,-0.3690657,0.2526097
-3.3444576,8.19177,1.9080534,-0.38984886,0.3326849
-3.332265,8.156999,1.8868338,-0.38658178,0.37068045
-3.321066,8.12275,1.8634939,-0.38331467,0.408676
-3.3109167,8.089071,1.838106,-0.3800476,0.44667155
-3.3018632,8.056013,1.8107448,-0.36230096,0.39596063
-3.293919,8.023543,1.7874552,-0.34455433,0.3452497
-3.2869494,7.9918795,1.7680205,-0.32680768,0.2945388
-3.2808213,7.961212,1.7522086,-0.32122615,0.30710134
-3.275297,7.931095,1.7360243,-0.3156446,0.3196639
-3.2703683,7.901538,1.7194926,-0.31006303,0.33222649
-3.266026,7.8725505,1.702638,-0.29747477,0.31548402
-3.2623084,7.8445163,1.6872548,-0.28488654,0.29874158
-3.2591448,7.817474,1.6732804,-0.27229828,0.28199914
-3.256469,7.7914567,1.6606513,-0.26615623,0.26846018
-3.2541664,7.765898,1.6488851,-0.26001415,0.25492126
-3.2522035,7.7408137,1.6379571,-0.2538721,0.2413823
-3.250549,7.716218,1.6278427,-0.24358922,0.23841612
-3.2491996,7.692587,1.6182549,-0.23330635,0.23544993
-3.2481234,7.669925,1.6091839,-0.22302347,0.23248374
-3.2472904,7.648239,1.6006199,-0.22201839,0.214789
-3.2466435,7.626557,1.592733,-0.22101331,0.19709426
-3.2461681,7.604889,1.5855199,-0.22000822,0.17939954
-3.2458494,7.5832434,1.5789769,-0.2056885,0.19142535
-3.2456844,7.5630507,1.5724546,-0.19136877,0.20345117
-3.2456532,7.5443087,1.5660102,-0.17704906,0.21547699
-3.245736,7.5270133,1.559701,-0.16524303,0.16354921
-3.2459168,7.5107107,1.5552168,-0.15343702,0.111621425
-3.2461543,7.4954643,1.5523683,-0.14163099,0.059693635
-3.246415,7.481329,1.5509601,-0.12053499,0.03925889
-3.2466538,7.469287,1.5501715,-0.099438995,0.018824149
-3.2468588,7.459347,1.5498595,-0.078343,-0.001610595
-3.2470229,7.4515142,1.5498806,-0.059956163,-0.04106899
-3.2471483,7.445525,1.5502908,-0.041569337,-0.08052738
-3.2472332,7.4413824,1.5508482,-0.023182508,-0.119985774
-3.247279,7.439081,1.5513107,0.0032395406,-0.12930039
-3.2472727,7.4394026,1.551241,0.029661588,-0.13861498
-3.2472153,7.44234,1.550558,0.056083634,-0.14792958
-3.247103,7.4478855,1.5491803,0.085071534,-0.15015769
-3.2469213,7.456295,1.5470593,0.11405943,-0.1523858
-3.2466538,7.467566,1.5441736,0.14304733,-0.1546139
-3.2462773,7.4816947,1.5405021,0.17283171,-0.10155604
-3.2457566,7.498881,1.5375818,0.20261608,-0.048498176
-3.2450845,7.519108,1.5359447,0.23240046,0.0045596836
-3.2442749,7.5423336,1.5361212,0.26234376,0.08095708
-3.2433684,7.568466,1.5396571,0.29228708,0.15735447
-3.2424695,7.5973196,1.547291,0.32223037,0.23375186
-3.2417328,7.628658,1.5597306,0.35222778,0.30644226
-3.2413611,7.6622376,1.57744,0.38222516,0.37913266
-3.2415972,7.697745,1.6010178,0.41222253,0.45182306
-3.2427177,7.7348137,1.6310143,0.44221824,0.35962325
-3.2452087,7.7761316,1.656952,0.47221395,0.26742348
-3.2491276,7.8215055,1.6777489,0.50220966,0.17522371
