1.3639815,0.5389049,-1.1096348,0.6852991,0.0
1.3944765,0.4775339,-1.1096348,0.523,0.099993184
1.4176332,0.4309313,-1.1009332,0.49586973,0.19998637
1.439637,0.38759926,-1.0845152,0.46873942,0.29997954
1.4605647,0.3480097,-1.0614297,0.4600306,0.3999202
1.4812269,0.31101575,-1.0315781,0.45132172,0.49986085
1.5015653,0.27702582,-0.9955247,0.44261286,0.59980154
1.5214429,0.24637102,-0.95388377,0.45249027,0.6978295
1.541501,0.21809052,-0.90542537,0.46236765,0.7958574
1.5614728,0.1926407,-0.8503679,0.47224504,0.8938854
1.5809875,0.17041,-0.7890145,0.48584306,0.91855496
1.6017638,0.14948274,-0.72466254,0.49944106,0.9432246
1.6237211,0.13004288,-0.6572833,0.51303905,0.9678942
1.6467513,0.112269126,-0.58685213,0.523,0.90766066
1.67356,0.09444115,-0.51815903,0.523,0.8474271
1.7036338,0.077295445,-0.4528207,0.523,0.78719366
1.7368286,0.0611449,-0.39107397,0.523,0.7610198
1.7718414,0.046708733,-0.33095858,0.523,0.734846
1.8085388,0.034099657,-0.27251568,0.523,0.70867217
1.846781,0.023412164,-0.21578535,0.523,0.6848959
1.8863472,0.014739331,-0.16064438,0.523,0.6611196
1.9270964,0.00813631,-0.10712396,0.523,0.6373433
1.9688878,0.003642235,-0.05525436,0.523,0.6146209
2.0115514,0.0012824899,-0.0049898014,0.523,0.59189856
2.0549536,0.0010659191,0.04364376,0.523,0.5691762
2.0989664,0.0029880195,0.09062122,0.523,0.5471948
2.1434467,0.0070299464,0.13597348,0.523,0.5252133
2.1882799,0.01316392,0.17967863,0.523,0.5032319
2.2333586,0.021351904,0.22171557,0.523,0.48476246
2.2785,0.031527784,0.26233506,0.523,0.46629307
2.3236182,0.043643076,0.3015233,0.523,0.44782364
2.3686342,0.05764331,0.3392669,0.5217108,0.43014538
2.4133499,0.07342401,0.37552604,0.52042156,0.41246712
2.457705,0.09091035,0.41029635,0.5191324,0.39478883
2.5016477,0.11002471,0.4435739,0.5175212,0.37996262
2.5450578,0.1306511,0.4755641,0.51591,0.3651364
2.5879002,0.15271434,0.5062673,0.51429886,0.3503102
2.630147,0.17613888,0.5356843,0.5128803,0.33545762
2.6717923,0.2008586,0.5638245,0.5114618,0.320605
2.712819,0.22679947,0.59068817,0.5100433,0.30575243
2.7532165,0.253888,0.61627626,0.5086549,0.29822585
2.7928922,0.28199053,0.6411855,0.5072665,0.29069927
2.8318384,0.31105945,0.66541785,0.5058781,0.28317267
2.8700488,0.34104788,0.68897516,0.50614524,0.27009568
2.9077017,0.3720593,0.7114838,0.5064123,0.25701866
2.944797,0.40403974,0.7329386,0.5066795,0.24394163
2.9813392,0.43693578,0.75333494,0.5066698,0.23596251
3.0172722,0.47063538,0.7730764,0.5066602,0.22798339
3.052599,0.505102,0.79216176,0.5066506,0.22000426
3.0873237,0.5402997,0.8105898,0.50638586,0.1946972
3.121558,0.57630384,0.8269182,0.50612104,0.16939014
3.1553392,0.6130136,0.8411386,0.5058563,0.14408308
3.188711,0.6503296,0.8532441,0.50250065,0.1503723
3.2213798,0.6877616,0.8657904,0.49914506,0.15666153
3.25333,0.72531134,0.87877,0.49578944,0.16295074
3.2845473,0.7629792,0.8921754,0.49618363,0.12635717
3.3154454,0.8012961,0.90259695,0.49657786,0.089763604
3.3460882,0.8401175,0.9100161,0.49697208,0.053170037
3.376546,0.8792987,0.91441804,0.4917446,0.083467565
3.4064503,0.91811943,0.9212509,0.48651716,0.1137651
3.4356856,0.95661324,0.9304558,0.48128968,0.14406262
3.4641435,0.99480766,0.94197184,0.4848131,0.08563475
3.4925554,1.0338718,0.9488828,0.48833647,0.027206887
3.520995,1.0735474,0.95109695,0.49185985,-0.031220984
3.5495477,1.1135678,0.94853795,0.4871089,0.014989495
3.5779366,1.1531441,0.94975483,0.4823579,0.061199974
3.6059518,1.1922996,0.9546718,0.4776069,0.10741045
3.6333926,1.2310536,0.96320534,0.48118606,0.04340995
3.6608372,1.270523,0.96668565,0.48476523,-0.020590555
3.6883674,1.3104111,0.96502215,0.48834443,-0.08459106
3.7160742,1.3504125,0.95814544,0.48244497,-0.04348617
3.7437904,1.3898453,0.9546499,0.4765455,-0.002381283
3.7713296,1.4287366,0.9544608,0.47064602,0.038723607
3.7985148,1.4671125,0.95749754,0.473135,-0.01637733
3.8257434,1.5057982,0.95620614,0.47562394,-0.07147826
3.8530989,1.5445579,0.9505449,0.4781129,-0.1265792
3.8806665,1.5831522,0.94048524,0.4743626,-0.090413556
3.908511,1.6213168,0.93334687,0.47061232,-0.054247916
3.9364781,1.6590804,0.92909396,0.46686202,-0.018082272
3.9644182,1.6964735,0.92768705,0.4695359,-0.06010438
3.9925246,1.7339796,0.9229864,0.47220978,-0.102126494
4.020871,1.7714378,0.9149628,0.47488365,-0.1441486
4.0495305,1.8086839,0.9035933,0.4747444,-0.13150027
4.0786533,1.8456557,0.89321846,0.47460514,-0.11885196
4.1081967,1.882371,0.88383925,0.47446588,-0.10620364
4.1381173,1.918849,0.8754567,0.47670358,-0.12980239
4.1684003,1.955144,0.8651728,0.4789413,-0.15340115
4.1990952,1.9911734,0.8529757,0.481179,-0.1769999
4.2302504,2.0268514,0.83885497,0.48072618,-0.188109
4.2618113,2.0619807,0.8238722,0.4802734,-0.19921808
4.2937946,2.0965254,0.80803096,0.47982058,-0.21032718
4.326216,2.1304486,0.7913348,0.4792028,-0.22231966
4.3590703,2.1636949,0.7737247,0.47858503,-0.23431216
4.3923683,2.196225,0.7552055,0.47796726,-0.24630466
4.4261203,2.2279978,0.7357823,0.4771757,-0.2530636
4.460367,2.259004,0.7158705,0.47638416,-0.25982252
4.495105,2.2892187,0.6954726,0.4755926,-0.26658145
4.5303288,2.318616,0.6745913,0.47491312,-0.27128378
4.5660615,2.347193,0.65338105,0.47423363,-0.2759861
4.602292,2.3749297,0.63184327,0.47355413,-0.2806884
4.6390095,2.4018047,0.60997945,0.47346935,-0.28243142
4.6762805,2.4278529,0.5879875,0.4733846,-0.2841744
4.714089,2.4530578,0.5658674,0.4732998,-0.2859174
4.7524195,2.4774034,0.54361933,0.47415876,-0.2856923
4.791355,2.5009346,0.52134794,0.47501773,-0.2854672
4.830879,2.5236354,0.49905333,0.47587672,-0.28524214
4.8709745,2.5454903,0.47673553,0.4765258,-0.28188252
4.9116426,2.5664942,0.45464343,0.47717488,-0.27852294
4.952861,2.5866413,0.43277803,0.47782397,-0.27516335
4.994606,2.6059272,0.41114023,0.4783085,-0.27300206
5.036827,2.624335,0.38964635,0.47879303,-0.27084076
5.079503,2.6418595,0.36829686,0.47927755,-0.2686795
5.122613,2.658496,0.34709212,0.47933072,-0.2663141
5.1660986,2.674226,0.3260673,0.47938392,-0.26394868
5.209938,2.68905,0.30522254,0.4794371,-0.2615833
5.2541103,2.7029672,0.28455797,0.47941244,-0.25866362
5.298593,2.7159781,0.26411992,0.4793878,-0.25574398
5.3433642,2.728086,0.24390851,0.4793631,-0.2528243
5.388403,2.7392945,0.22392389,0.47953016,-0.24908501
5.433716,2.7496142,0.20422181,0.4796972,-0.24534571
5.479282,2.7590513,0.18480274,0.47986424,-0.24160641
5.525081,2.767613,0.16566713,0.48036972,-0.23841736
5.5711203,2.7753105,0.14675938,0.48087516,-0.23522829
5.6173806,2.7821488,0.12808019,0.48138064,-0.23203923
5.663845,2.788133,0.109630264,0.4822584,-0.23066966
5.7105117,2.7932694,0.09125385,0.48313618,-0.22930011
5.7573647,2.7975569,0.07295136,0.48401392,-0.22793055
5.804389,2.8009934,0.05472323,0.4851147,-0.22488965
5.8516083,2.80358,0.03669323,0.4862155,-0.22184876
5.899006,2.80532,0.01886262,0.48731628,-0.21880785
5.9465675,2.8062172,0.0012326493,0.48908743,-0.214919
5.994351,2.806276,-0.016151825,0.49085858,-0.21103016
6.0423417,2.805501,-0.033288296,0.49262974,-0.20714131
6.0905247,2.8038964,-0.050174262,0.49498507,-0.20250389
6.138951,2.8014646,-0.06676638,0.49734038,-0.19786645
6.187606,2.7982113,-0.083060734,0.4996957,-0.19322902
6.2364764,2.7941427,-0.0990534,0.5024024,-0.18921521
6.285578,2.789263,-0.11480272,0.5051092,-0.18520139
6.3348985,2.783576,-0.1303049,0.50781596,-0.18118758
6.384425,2.7770855,-0.14555612,0.50826776,-0.1708997
6.433982,2.769821,-0.15996289,0.5087196,-0.16061182
6.483558,2.7618222,-0.17352214,0.5091714,-0.15032394
6.533145,2.7531304,-0.18623094,0.50806415,-0.13614008
6.5826106,2.7438104,-0.19772334,0.5069569,-0.12195623
6.6319494,2.7339258,-0.20800224,0.5058496,-0.10777237
6.681157,2.7235403,-0.21707076,0.5075351,-0.09089891
6.730515,2.7126546,-0.22474925,0.50922066,-0.07402544
6.78002,2.701337,-0.23102605,0.51090616,-0.057151973
6.8296723,2.6896577,-0.23588996,0.5143391,-0.043690156
6.8796344,2.6776485,-0.23963402,0.51777196,-0.030228341
6.9299088,2.665365,-0.24224219,0.5212049,-0.016766524
6.9805,2.6528642,-0.24369858,0.523,-0.0003056407
7.0312552,2.6402445,-0.24372523,0.523,0.016155243
7.0820026,2.6276252,-0.2423171,0.523,0.032616127
7.1327477,2.6150823,-0.23947456,0.523,0.04131489
7.1835117,2.6026876,-0.2358743,0.523,0.05001365
7.2343,2.5904808,-0.2315166,0.523,0.05871241
7.285117,2.578501,-0.22640178,0.5226176,0.06565368
7.3359356,2.566795,-0.22068726,0.52223516,0.072594956
7.3867583,2.5553935,-0.21437418,0.5218528,0.07953622
7.4375877,2.5443268,-0.20746379,0.519695,0.085033536
7.488259,2.533661,-0.20010741,0.5175372,0.09053085
7.538772,2.5234156,-0.19230922,0.51537937,0.096028164
7.589127,2.5136108,-0.1840734,0.51187056,0.10094503
7.639193,2.5042894,-0.17547622,0.50836176,0.1058619
7.6889687,2.4954643,-0.1665236,0.50485295,0.11077877
7.7384505,2.4871473,-0.1572215,0.5001585,0.112318955
7.787538,2.4793656,-0.14787829,0.4954641,0.11385914
7.8362265,2.4721127,-0.1384964,0.49076965,0.11539932
7.88451,2.4653823,-0.12907825,0.48934036,0.11656706
7.932708,2.4591265,-0.11959295,0.48791105,0.117734805
7.980815,2.4533455,-0.11004103,0.48648176,0.11890254
8.028828,2.4480407,-0.10042308,0.4849909,0.11772691
8.076748,2.443212,-0.090928964,0.48350003,0.11655128
8.124572,2.4388516,-0.08155812,0.48200917,0.11537565
8.172293,2.4349508,-0.072309986,0.48030266,0.11391031
8.219888,2.4315033,-0.06321112,0.47859615,0.112444974
8.26735,2.4284992,-0.054260723,0.47688964,0.11097963
8.314675,2.4259286,-0.04545798,0.47319227,0.10367425
8.361692,2.42379,-0.03729631,0.46949494,0.09636886
8.408391,2.4220474,-0.029767195,0.4657976,0.089063466
8.454766,2.4206665,-0.022862075,0.45969963,0.08092372
8.500573,2.419619,-0.016668739,0.45360166,0.07278397
8.545807,2.418865,-0.011171107,0.44750372,0.064644225
8.590462,2.4183662,-0.0063530435,0.4327571,0.050721675
8.63368,2.4180915,-0.0026962508,0.4180105,0.036799125
8.675453,2.417979,-0.00013309243,0.40326393,0.02287658
8.715769,2.4179738,0.0014043233,0.38611713,0.013158423
8.754377,2.4180279,0.002251081,0.36897033,0.003440267
8.791274,2.4181108,0.00246264,0.35182357,-0.006277889
8.826456,2.4181976,0.002094524,0.3330232,-0.018060142
8.859753,2.4182673,0.001092171,0.3142228,-0.029842395
8.891161,2.4183016,-0.00047045725,0.2954224,-0.041624647
8.920677,2.4182878,-0.0025193412,0.27680328,-0.038603075
8.948337,2.4182181,-0.0042998083,0.2581842,-0.0355815
8.974139,2.418107,-0.005830582,0.23956506,-0.032559924
8.998082,2.4179676,-0.007130389,0.2256821,-0.022366589
9.020644,2.4178066,-0.007971609,0.21179913,-0.012173253
9.0418215,2.4176378,-0.008401312,0.19791616,-0.0019799173
9.061613,2.4174714,-0.008466622,0.18609925,0.01307984
9.08022,2.417314,-0.008060942,0.17428234,0.028139597
9.097641,2.4171736,-0.0072436775,0.16246542,0.043199353
9.113873,2.4170558,-0.0060743075,0.15105312,0.057233375
9.128952,2.4169643,-0.004634214,0.13964081,0.071267396
9.14288,2.4169,-0.0029769784,0.1282285,0.085301414
9.155657,2.4168618,-0.0011561762,0.11979675,0.11312893
9.167561,2.416848,0.0010977554,0.111365005,0.14095645
9.178586,2.41686,0.0037053695,0.10293326,0.16878396
9.188733,2.4168978,0.0065872213,0.10187609,0.17595798
9.198763,2.4169638,0.00955948,0.100818925,0.183132
9.208676,2.4170585,0.012619504,0.099761754,0.19030601
9.218472,2.4171822,0.015764648,0.09640707,0.1979248
9.227922,2.4173312,0.01892415,0.093052395,0.2055436
9.23703,2.4175036,0.022089472,0.08969771,0.21316239
9.245795,2.4176972,0.02525209,0.08685165,0.21584825
9.254276,2.4179113,0.028352348,0.08400559,0.21853411
9.262473,2.418144,0.031387735,0.08115952,0.22121996
9.270388,2.4183924,0.034355737,0.07873276,0.22763313
9.278053,2.4186559,0.037317038,0.07630599,0.23404631
9.285471,2.4189327,0.04026646,0.073879234,0.24045949
