8.092039,-0.29069772,1.1046177,0.3444203,0.0
8.10752,-0.2599309,1.1046177,0.3629648,0.094086885
8.123762,-0.22765096,1.1103011,0.3815093,0.18817377
8.140417,-0.19407742,1.1221956,0.4000538,0.28226066
8.157081,-0.15945682,1.1407666,0.41729826,0.36287862
8.173345,-0.12399642,1.1654544,0.4345427,0.44349656
8.188823,-0.08792661,1.1965315,0.45178714,0.5241145
8.203122,-0.05151997,1.2342141,0.46714798,0.54304945
8.216331,-0.013769832,1.2744471,0.4825088,0.56198436
8.228254,0.025280219,1.3172992,0.49786964,0.58091927
8.238692,0.06556994,1.3628371,0.5109442,0.54942185
8.247689,0.108205765,1.4073058,0.523,0.5179244
8.255085,0.1530406,1.4504601,0.523,0.48642698
8.260635,0.19893992,1.491208,0.523,0.47725534
8.264329,0.24524881,1.5312473,0.523,0.46808374
8.266174,0.29188663,1.5705749,0.523,0.45891213
8.266185,0.3387754,1.6091874,0.523,0.44512832
8.264373,0.38594428,1.6467191,0.523,0.4313445
8.260769,0.43331698,1.6831628,0.523,0.4175607
8.255408,0.4808219,1.7185117,0.523,0.4101633
8.248349,0.5282616,1.7532701,0.523,0.40276596
8.239618,0.5755778,1.7874364,0.523,0.39536858
8.229244,0.6227149,1.8210084,0.523,0.38144326
8.217224,0.66974443,1.8534572,0.523,0.36751795
8.203611,0.7166151,1.8847762,0.523,0.35359263
8.188458,0.76328087,1.9149594,0.523,0.34621057
8.171859,0.80959266,1.9445382,0.523,0.33882847
8.15385,0.855514,1.9735109,0.523,0.3314464
8.134468,0.9010112,2.0018759,0.5229201,0.31868362
8.113718,0.94612724,2.0291824,0.52284014,0.30592084
8.091657,0.99083686,2.0554266,0.5227602,0.29315808
8.068341,1.0351197,2.080604,0.5218432,0.28403464
8.043895,1.0788431,2.104977,0.5209262,0.27491117
8.018369,1.121995,2.1285455,0.5200092,0.26578772
7.991812,1.1645658,2.1513104,0.5193976,0.25245696
7.9642286,1.2066202,2.1729333,0.518786,0.23912619
7.9356804,1.2481581,2.1934128,0.5181744,0.22579542
7.9062295,1.2891839,2.2127478,0.5173742,0.21744117
7.8759804,1.3296461,2.2313502,0.516574,0.20908692
7.844976,1.369549,2.2492206,0.51577383,0.20073268
7.8132577,1.408899,2.2663605,0.5152827,0.19116214
7.780839,1.4477363,2.282678,0.51479155,0.1815916
7.7477627,1.4860721,2.2981727,0.5143004,0.17202106
7.714071,1.5239192,2.312845,0.51371205,0.16647278
7.6798344,1.5612607,2.3270326,0.51312363,0.1609245
7.645079,1.5981044,2.3407354,0.5125353,0.15537623
7.609832,1.6344587,2.3539548,0.512018,0.14934337
7.57411,1.6703409,2.366652,0.51150084,0.14331052
7.53794,1.7057624,2.3788273,0.5109836,0.13727766
7.501347,1.7407353,2.3904817,0.51042753,0.13349673
7.4643703,1.7752595,2.401805,0.5098714,0.1297158
7.4270267,1.8093427,2.412797,0.5093154,0.12593488
7.389334,1.8429931,2.4234588,0.50914896,0.12056069
7.3512716,1.876251,2.4336648,0.5089826,0.115186505
7.31286,1.9091288,2.4434144,0.50881624,0.10981232
7.2741184,1.9416397,2.452708,0.50906044,0.10684256
7.2350454,1.973815,2.4617558,0.5093047,0.10387281
7.1956515,2.0056605,2.470557,0.50954896,0.10090306
7.1559477,2.037183,2.4791117,0.5103428,0.09759716
7.1159005,2.0684235,2.4873998,0.5111366,0.094291255
7.07552,2.099389,2.4954205,0.51193047,0.09098536
7.0348167,2.1300867,2.5031729,0.5126838,0.09354035
6.993826,2.1605053,2.511154,0.51343715,0.09609534
6.9525437,2.1906328,2.5193646,0.5141905,0.09865032
6.9109645,2.2204566,2.527805,0.5172931,0.09756286
6.8688784,2.2501092,2.5362031,0.52039564,0.096475385
6.8262863,2.2795863,2.5445576,0.523,0.09538792
6.7832303,2.3088553,2.5528598,0.523,0.09972648
6.7399516,2.3377535,2.5615382,0.523,0.104065046
6.6964426,2.3662627,2.5705929,0.523,0.10840361
6.652698,2.3943634,2.5800235,0.523,0.101922765
6.6086597,2.4220695,2.5888925,0.523,0.09544192
6.564349,2.4494014,2.597199,0.523,0.08896108
6.519787,2.4763803,2.6049433,0.523,0.09731648
6.4750514,2.5029926,2.6134126,0.523,0.10567188
6.4301305,2.529203,2.6226065,0.523,0.114027284
6.385012,2.5549753,2.6325245,0.523,0.09888633
6.3395667,2.58034,2.64113,0.523,0.08374538
6.293842,2.6053472,2.6484213,0.523,0.06860443
6.2478824,2.6300488,2.6543965,0.523,0.083484784
6.2018285,2.6544478,2.6616652,0.523,0.09836513
6.155661,2.6784787,2.6702256,0.523,0.11324547
6.109363,2.7020762,2.6800756,0.523,0.08618248
6.0627084,2.7252793,2.6875787,0.523,0.059119485
6.015789,2.7481768,2.692729,0.523,0.03205649
5.968694,2.7708604,2.6955228,0.523,0.0644561
5.9216094,2.793377,2.7011373,0.523,0.09685571
5.874523,2.8155706,2.7095666,0.523,0.12925531
5.8274245,2.8372865,2.720802,0.523,0.08033908
5.779841,2.8585813,2.7277975,0.523,0.031422846
5.7319784,2.8796,2.730536,0.523,-0.017493386
5.6840425,2.9004948,2.7290113,0.523,0.03168457
5.636155,2.9214554,2.7317727,0.523,0.08086253
5.5883427,2.942226,2.7388134,0.523,0.13004048
5.540634,2.962553,2.7501166,0.523,0.063656114
5.4923887,2.982468,2.7556617,0.523,-0.0027282536
5.443936,3.0021548,2.7554238,0.523,-0.06911262
5.3956027,3.021806,2.7494044,0.523,-0.015120352
5.347279,3.0417936,2.7480865,0.523,0.03887192
5.299013,3.0618317,2.751474,0.523,0.09286419
5.250851,3.0816355,2.759557,0.523,0.02663089
5.2023387,3.1011267,2.761878,0.523,-0.03960241
5.153802,3.1204967,2.758427,0.523,-0.10583571
5.105566,3.13994,2.7492187,0.523,-0.04905864
5.0572987,3.1599147,2.744944,0.523,0.0077184318
5.0090604,3.180119,2.745617,0.523,0.064495504
4.960908,3.2002497,2.7512348,0.523,0.0026092648
4.9125423,3.2201507,2.7514622,0.523,-0.059276976
4.8642573,3.240006,2.7462983,0.523,-0.12116321
4.8163443,3.259998,2.7357628,0.523,-0.06734246
4.768401,3.2805984,2.7298973,0.523,-0.013521707
4.7204757,3.3015249,2.7287185,0.523,0.040299047
4.6726093,3.322493,2.7322304,0.523,-0.024243008
4.6246448,3.3433034,2.7301173,0.523,-0.08878507
4.576899,3.364139,2.7223885,0.523,-0.15332712
4.529688,3.3851771,2.7090757,0.523,-0.105721675
4.482469,3.4069767,2.6998775,0.523,-0.058116235
4.4352684,3.4292967,2.6948147,0.523,-0.01051079
4.388105,3.4518924,2.6938984,0.523,-0.0697335
4.3410735,3.4744775,2.687825,0.523,-0.12895621
4.2944565,3.4972131,2.6766152,0.523,-0.18817893
4.2485347,3.5202506,2.660309,0.523,-0.15080987
4.202702,3.5441864,2.6472132,0.523,-0.11344083
4.15696,3.5688424,2.6373463,0.523,-0.07607178
4.111302,3.594038,2.6307216,0.523,-0.12109361
4.0660133,3.619422,2.620192,0.523,-0.16611543
4.0212874,3.645114,2.605779,0.523,-0.21113726
3.9773157,3.6712222,2.587511,0.523,-0.20693377
3.9337893,3.6981535,2.569602,0.523,-0.20273027
3.890715,3.725884,2.5520513,0.523,-0.19852677
3.848097,3.7543905,2.53486,0.523,-0.21567361
3.8061273,3.7835205,2.5162058,0.523,-0.23282045
3.7648697,3.8133113,2.4960945,0.523,-0.24996729
3.724391,3.843797,2.474532,0.523,-0.25664058
3.6846476,3.8750942,2.4524062,0.523,-0.26331386
3.6456754,3.907206,2.4297183,0.523,-0.26998714
3.6075115,3.9401336,2.406469,0.52279365,-0.27436316
3.570184,3.9738848,2.382862,0.5225873,-0.27873918
3.5337229,4.008451,2.3588977,0.52238095,-0.28311524
3.49816,4.0438223,2.3345766,0.5225336,-0.28560144
3.4634824,4.0800323,2.3100407,0.52268624,-0.28808767
3.4297187,4.117066,2.2852898,0.5228389,-0.29057387
3.3968966,4.1549067,2.260324,0.523,-0.29156226
3.365029,4.193556,2.235268,0.523,-0.29255062
3.334149,4.2329793,2.2101295,0.523,-0.29353902
3.3042784,4.2731543,2.1849086,0.523,-0.29388502
3.2754333,4.314066,2.159659,0.523,-0.29423103
3.2476335,4.355688,2.13438,0.523,-0.29457706
3.2208974,4.3979955,2.1090727,0.523,-0.29445335
3.1952393,4.440967,2.0837753,0.523,-0.2943296
3.1706755,4.4845757,2.0584884,0.523,-0.2942059
3.1472213,4.5287933,2.033212,0.523,-0.28843838
3.1248536,4.573667,2.008417,0.523,-0.28267083
3.1035693,4.6191583,1.9841042,0.523,-0.2769033
3.0833638,4.66523,1.9602747,0.523,-0.27590916
3.0642562,4.711783,1.9365287,0.523,-0.27491504
3.0462544,4.75879,1.9128659,0.523,-0.2739209
3.029365,4.806223,1.8892866,0.523,-0.27146187
3.0135877,4.854074,1.8659137,0.523,-0.26900283
2.9989233,4.902313,1.8427474,0.523,-0.26654378
2.985371,4.950912,1.8197879,0.523,-0.2671736
2.9729402,4.999801,1.7967753,0.523,-0.2678034
2.9616394,5.0489545,1.7737098,0.523,-0.26843318
2.9514773,5.0983467,1.7505914,0.523,-0.26815653
2.9424589,5.147965,1.7274961,0.523,-0.26787987
2.934588,5.1977816,1.7044243,0.523,-0.26760322
2.9278681,5.2477703,1.6813756,0.523,-0.26557496
2.922299,5.297929,1.6584975,0.523,-0.26354674
2.9178762,5.348229,1.63579,0.523,-0.26151848
2.914595,5.398644,1.6132532,0.523,-0.25419822
2.9124465,5.4492173,1.5913335,0.523,-0.24687797
2.9114048,5.499921,1.5700319,0.523,-0.23955771
2.9114437,5.5507274,1.5493495,0.523,-0.2029616
2.9125423,5.601942,1.5317793,0.523,-0.16636549
2.9145544,5.653481,1.5173446,0.523,-0.12976938
2.917325,5.705267,1.5060648,0.523,-0.10780366
2.9206884,5.7571545,1.496686,0.523,-0.08583792
2.9245465,5.8091187,1.489213,0.523,-0.063872196
2.9287999,5.861139,1.4836493,0.523,-0.05338031
2.9333456,5.913166,1.4789985,0.523,-0.042888425
2.9381354,5.965198,1.4752612,0.523,-0.032396544
2.9431217,6.017232,1.4724379,0.523,-0.02895112
2.9482553,6.0692577,1.4699146,0.523,-0.025505697
2.9535208,6.121275,1.4676915,0.523,-0.022060275
2.9589024,6.1732845,1.4657688,0.523,-0.019017005
2.964384,6.2252865,1.4641112,0.523,-0.015973736
2.9699526,6.2772827,1.462719,0.523,-0.012930465
2.9755936,6.329273,1.4615918,0.523,-0.008274972
2.9812934,6.38126,1.4608706,0.523,-0.0036194802
2.9870307,6.4332438,1.4605551,0.523,0.0010360122
2.9927847,6.485226,1.4606454,0.5213445,0.006435907
2.9985158,6.5370436,1.4612046,0.51968896,0.011835801
3.0041993,6.5886974,1.4622297,0.51803344,0.017235696
3.0098116,6.640188,1.4637178,0.514679,0.022556985
3.0153108,6.691348,1.4656526,0.51132464,0.027878273
3.020675,6.7421784,1.4680281,0.5079702,0.03319956
3.0258832,6.79268,1.4708383,0.50502837,0.038435448
3.0309193,6.842893,1.4740726,0.5020865,0.043671332
3.0357635,6.8928194,1.477726,0.4991446,0.04890722
3.0403967,6.9424586,1.4817929,0.499362,0.04951626
3.04483,6.992136,1.4859123,0.49957937,0.0501253
3.04906,7.0418515,1.4900842,0.49979675,0.05073434
3.0530846,7.0916047,1.4943085,0.5004525,0.04943951
3.056904,7.1414423,1.4984305,0.5011083,0.048144676
3.060523,7.1913643,1.5024499,0.5017641,0.04684984
3.063946,7.241369,1.5063664,0.5012227,0.04783694
3.0671694,7.29133,1.5103611,0.5006814,0.048824042
3.0701897,7.341247,1.5144336,0.50014,0.049811143
3.0730038,7.3911195,1.518584,0.50046015,0.049469136
3.0756123,7.441036,1.5227085,0.5007803,0.04912713
3.0780168,7.490996,1.5268072,0.5011004,0.048785128
3.0802176,7.540998,1.53088,0.49526954,0.054395594
3.0821912,7.590412,1.5353678,0.48943865,0.06000606
3.0839217,7.6392374,1.5402598,0.48360774,0.065616526
3.085395,7.6874714,1.5455447,0.4744182,0.06250533
3.0865905,7.7348056,1.5504838,0.46522865,0.059394132
3.0875337,7.781237,1.5550865,0.45603907,0.056282938
3.088249,7.826763,1.559362,0.4494818,0.04096257
3.0887625,7.8716707,1.5624299,0.44292447,0.025642205
3.089133,7.915947,1.5643226,0.43636715,0.010321838
3.0894156,7.9595804,1.5650733,0.4327592,-0.00082038046
3.0896633,8.002855,1.5650141,0.42915124,-0.011962598
3.0899112,8.045767,1.5641584,0.42554328,-0.023104817
3.0901937,8.088309,1.5625199,0.42451662,-0.030722052
3.090545,8.130739,1.5603466,0.42348996,-0.038339287
3.090987,8.173055,1.5576413,0.4224633,-0.045956522
3.0915422,8.215253,1.5544065,0.41395608,-0.049688905
3.0922198,8.256592,1.5509797,0.40544888,-0.05342129
3.093022,8.2970705,1.5473715,0.39694166,-0.057153672
3.0939503,8.336689,1.5435925,0.38523498,-0.067054935
3.0949957,8.375112,1.5392904,0.37352833,-0.0769562
3.096169,8.412335,1.5345043,0.36182165,-0.08685745
3.097477,8.448358,1.529273,0.35055894,-0.09253399
3.0989258,8.483233,1.5238743,0.33929625,-0.09821052
3.1005096,8.516963,1.5183295,0.32803354,-0.10388705
3.1022208,8.549544,1.5126599,0.31606212,-0.10385445
3.1040473,8.580927,1.507199,0.3040907,-0.103821844
3.1059694,8.611112,1.5019466,0.29211926,-0.10378924
3.1079683,8.640097,1.4969025,0.28199863,-0.10089184
3.1100395,8.6680765,1.4921687,0.27187797,-0.097994454
3.1121647,8.695051,1.4877354,0.2617573,-0.09509706
3.1143267,8.721019,1.4835929,0.25313413,-0.07839977
3.1165245,8.746159,1.4802886,0.24451096,-0.061702482
3.1187303,8.770463,1.4777758,0.23588778,-0.045005195
3.1209192,8.793926,1.476007,0.22093776,-0.003269452
3.1230104,8.81592,1.4758866,0.20598772,0.038466293
3.124961,8.836411,1.4772068,0.1910377,0.080202036
3.1267405,8.8553705,1.4797578,0.17443126,0.1223342
3.1283145,8.872611,1.4833053,0.15782483,0.16446637
3.129675,8.888122,1.487612,0.1412184,0.20659852
3.1308234,8.901895,1.4924401,0.1281077,0.21780661
3.1318023,8.914365,1.4970539,0.11499701,0.2290147
3.1326275,8.925533,1.5014049,0.10188632,0.24022277
