9.230618,-9.179866,3.011205,0.7318627,0.0
9.158052,-9.17035,3.011205,0.523,0.0979182
9.106445,-9.163583,3.0197265,0.523,0.1958364
9.055525,-9.157347,3.0366879,0.523,0.2937546
9.005741,-9.152104,3.0619268,0.523,0.38829756
8.957488,-9.1482525,3.0949295,0.523,0.4828405
8.911217,-9.146091,3.1354005,0.523,0.57738346
8.867396,-9.145821,-3.1002064,0.523,0.66546243
8.82629,-9.147523,-3.0463877,0.523,0.75354135
8.788322,-9.151149,-2.9867458,0.523,0.8416203
8.753894,-9.156523,-2.9217436,0.503553,0.93915236
8.724876,-9.163007,-2.8540108,0.48410589,1.0
8.699794,-9.170425,-2.7861173,0.46465883,1.0
8.676258,-9.179163,-2.7209513,0.4465874,1.0
8.654232,-9.189016,-2.6583195,0.42851603,1.0
8.633731,-9.199775,-2.5982223,0.41044462,1.0
8.614749,-9.211241,-2.5406594,0.39049193,1.0
8.597346,-9.22317,-2.4858947,0.37053922,1.0
8.581478,-9.235376,-2.4339285,0.35058653,1.0
8.567084,-9.24769,-2.3847604,0.32712692,1.0
8.5542345,-9.259827,-2.3388824,0.30366734,1.0
8.542835,-9.271626,-2.2962945,0.28020772,1.0
8.53279,-9.282954,-2.2569966,0.25696173,1.0
8.5239935,-9.293695,-2.2209592,0.23371574,1.0
8.51635,-9.303747,-2.1881816,0.21046974,1.0
8.509767,-9.313019,-2.1586642,0.18763195,0.98755306
8.504035,-9.321618,-2.1325622,0.16479416,0.9751062
8.49911,-9.329443,-2.109827,0.14195636,0.96265924
8.4949465,-9.336404,-2.0904095,0.117177404,0.92673737
8.491453,-9.342511,-2.0747924,0.092398435,0.89081544
8.488647,-9.347598,-2.0628178,0.06761947,0.85489357
8.486551,-9.35151,-2.0543146,0.040434416,0.8036949
8.485247,-9.353994,-2.049463,0.013249366,0.7524962
8.484801,-9.354853,-2.0479538,-0.013935687,0.7012975
8.48529,-9.353908,-2.0494523,-0.041892994,0.642967
8.486835,-9.350931,-2.0536387,-0.069850296,0.58463645
8.489538,-9.345772,-2.0600636,-0.0978076,0.52630585
8.493513,-9.338307,-2.0682526,-0.12514466,0.47116107
8.498835,-9.328507,-2.0777202,-0.1524817,0.41601625
8.505606,-9.316315,-2.0879903,-0.17981876,0.36087146
8.513925,-9.301691,-2.0985723,-0.20821926,0.29149702
8.523968,-9.284461,-2.1085455,-0.23661977,0.2221226
8.53579,-9.264638,-2.1172335,-0.26502028,0.15274817
8.549401,-9.242259,-2.123954,-0.29376036,0.08407274
8.56478,-9.217352,-2.1280653,-0.32250047,0.015397316
8.581835,-9.189984,-2.1288931,-0.35124058,-0.053278107
8.600409,-9.160233,-2.1257756,-0.3790912,-0.113726996
8.620255,-9.128221,-2.1186056,-0.40694183,-0.17417589
8.641129,-9.0940075,-2.106852,-0.43479246,-0.23462477
8.662727,-9.0576515,-2.0900054,-0.46161458,-0.27924687
8.684745,-9.019126,-2.0687995,-0.48843673,-0.3
8.707034,-8.978131,-2.0447423,-0.51525885,-0.3
8.7295,-8.934333,-2.019364,-0.523,-0.3
8.751168,-8.889312,-1.9936045,-0.523,-0.3
8.771669,-8.843747,-1.967845,-0.523,-0.3
8.790991,-8.797669,-1.9420855,-0.523,-0.3
8.809118,-8.75111,-1.916326,-0.523,-0.3
8.826041,-8.7041,-1.8905665,-0.523,-0.3
8.841747,-8.656668,-1.864807,-0.523,-0.3
8.856227,-8.608848,-1.8390474,-0.523,-0.3
8.86947,-8.560671,-1.813288,-0.523,-0.3
8.881467,-8.512168,-1.7875284,-0.523,-0.3
8.892211,-8.463373,-1.7617689,-0.523,-0.3
8.901695,-8.414317,-1.7360094,-0.523,-0.3
8.909912,-8.365034,-1.7102499,-0.523,-0.3
8.916858,-8.315555,-1.6844904,-0.523,-0.3
8.922525,-8.265913,-1.6587309,-0.523,-0.3
8.926913,-8.216142,-1.6329714,-0.523,-0.3
8.930018,-8.166274,-1.6072118,-0.523,-0.3
8.931837,-8.1163435,-1.5814524,-0.523,-0.3
8.932369,-8.066382,-1.5556928,-0.523,-0.3
8.931615,-8.016424,-1.5299333,-0.523,-0.3
8.929574,-7.966501,-1.5041738,-0.523,-0.3
8.926248,-7.9166484,-1.4784143,-0.523,-0.3
8.9216385,-7.866897,-1.4526548,-0.523,-0.3
8.91575,-7.8172812,-1.4268953,-0.523,-0.3
8.908585,-7.7678337,-1.4011358,-0.523,-0.3
8.900148,-7.718587,-1.3753762,-0.523,-0.3
8.890446,-7.669574,-1.3496168,-0.523,-0.3
8.879485,-7.6208267,-1.3238572,-0.523,-0.3
8.867271,-7.5723786,-1.2980977,-0.523,-0.3
8.853815,-7.5242605,-1.2723382,-0.523,-0.3
8.839123,-7.4765053,-1.2465787,-0.523,-0.3
8.823206,-7.4291444,-1.2208192,-0.523,-0.3
8.806075,-7.3822093,-1.1950597,-0.523,-0.3
8.78774,-7.3357306,-1.1693002,-0.523,-0.3
8.768214,-7.28974,-1.1435406,-0.523,-0.3
8.74751,-7.244267,-1.1177812,-0.523,-0.3
8.725642,-7.1993427,-1.0920216,-0.523,-0.3
8.702624,-7.154997,-1.0662621,-0.523,-0.3
8.678472,-7.111258,-1.0405027,-0.523,-0.3
8.6532,-7.0681562,-1.0147431,-0.523,-0.3
8.626827,-7.0257196,-0.9889836,-0.523,-0.3
8.59937,-6.983976,-0.96322405,-0.523,-0.3
8.570847,-6.9429536,-0.93746454,-0.523,-0.3
8.541276,-6.90268,-0.9117051,-0.523,-0.3
8.510678,-6.8631806,-0.88594556,-0.523,-0.3
8.479074,-6.824483,-0.86018604,-0.523,-0.3
8.446482,-6.7866116,-0.8344265,-0.523,-0.3
8.412926,-6.749593,-0.808667,-0.523,-0.3
8.3784275,-6.7134504,-0.7829075,-0.523,-0.3
8.34301,-6.6782084,-0.75714797,-0.523,-0.3
8.306696,-6.643891,-0.73138845,-0.523,-0.3
8.26951,-6.6105194,-0.705629,-0.523,-0.3
8.231477,-6.578117,-0.6798695,-0.523,-0.3
8.192622,-6.5467052,-0.65410995,-0.523,-0.3
8.152971,-6.5163045,-0.62835044,-0.523,-0.3
8.112551,-6.4869347,-0.6025909,-0.523,-0.3
8.071386,-6.4586163,-0.5768314,-0.523,-0.3
8.029507,-6.4313674,-0.5510719,-0.523,-0.2609233
7.9864573,-6.4049096,-0.52858526,-0.523,-0.22184661
7.942402,-6.379181,-0.50940585,-0.523,-0.18276991
7.897503,-6.354101,-0.49356297,-0.523,-0.15024024
7.8519635,-6.3296022,-0.48051625,-0.523,-0.117710575
7.8059072,-6.3055944,-0.47027948,-0.523,-0.085180916
7.759454,-6.2819815,-0.46286353,-0.523,-0.061308313
7.7127447,-6.2586727,-0.45752284,-0.523,-0.03743571
7.665857,-6.2355866,-0.45426044,-0.523,-0.013563109
7.618865,-6.2126393,-0.45307824,-0.523,0.0071350457
7.571843,-6.1897464,-0.45370016,-0.523,0.0278332
7.5248528,-6.1668324,-0.45612597,-0.523,0.048531353
7.477955,-6.143823,-0.46035463,-0.523,0.066856086
7.431204,-6.12064,-0.4661779,-0.523,0.08518082
7.384654,-6.0972176,-0.47359386,-0.523,0.10350555
7.33836,-6.0734916,-0.4826,-0.523,0.11768242
7.292353,-6.049388,-0.49283433,-0.523,0.13185929
7.2466774,-6.0248585,-0.5042948,-0.523,0.14603616
7.201375,-5.9998565,-0.5169791,-0.523,0.15641929
7.156465,-5.9743223,-0.5305581,-0.523,0.16680242
7.111981,-5.948225,-0.54503036,-0.523,0.17718555
7.067959,-5.921535,-0.56039435,-0.523,0.18735765
7.0244336,-5.894223,-0.5766303,-0.523,0.19752976
6.981443,-5.8662634,-0.5937366,-0.523,0.20770186
6.9390254,-5.8376327,-0.6117114,-0.523,0.21663912
6.89721,-5.8083,-0.6304477,-0.523,0.22557637
6.8560343,-5.77825,-0.6499441,-0.523,0.23451361
6.815537,-5.7474675,-0.67019904,-0.523,0.24850039
6.775809,-5.7159796,-0.69163775,-0.523,0.26248717
6.7369065,-5.6837654,-0.71425605,-0.523,0.27647394
6.6988907,-5.650807,-0.7380495,-0.523,0.2833071
6.661742,-5.61702,-0.7624154,-0.523,0.29014027
6.625501,-5.5824075,-0.7873526,-0.523,0.29697344
6.5902076,-5.5469756,-0.81286,-0.523,0.31257087
6.5559974,-5.510833,-0.8396643,-0.523,0.32816827
6.5229397,-5.4739776,-0.8677589,-0.523,0.3437657
6.491104,-5.4364133,-0.8971371,-0.523,0.3633077
6.4606066,-5.398206,-0.92811334,-0.523,0.38284975
6.43153,-5.3593717,-0.96067584,-0.523,0.40239176
6.4039574,-5.3199315,-0.9948121,-0.523,0.41597283
6.3779006,-5.27981,-1.0300343,-0.523,0.4295539
6.353423,-5.2390456,-1.0663363,-0.523,0.44313496
6.3305864,-5.197683,-1.103711,-0.523,0.4523727
6.3094053,-5.155682,-1.1418116,-0.523,0.4616104
6.289928,-5.113099,-1.1806349,-0.523,0.47084814
6.272201,-5.069993,-1.2201773,-0.523,0.47301838
6.2562094,-5.026268,-1.2598883,-0.523,0.4751886
6.2419825,-4.9819922,-1.2997676,-0.523,0.47735885
6.2295456,-4.9372344,-1.339815,-0.523,0.47701368
6.2189093,-4.892007,-1.3798357,-0.523,0.4766685
6.2100887,-4.8463817,-1.4198296,-0.523,0.47632334
6.203099,-4.8004317,-1.4597969,-0.523,0.47015107
6.197934,-4.754093,-1.4992852,-0.523,0.46397877
6.1945925,-4.707442,-1.5382931,-0.523,0.45780647
6.1930676,-4.6605525,-1.5768192,-0.523,0.44546854
6.193352,-4.613357,-1.6143776,-0.523,0.4331306
6.1954203,-4.565932,-1.6509627,-0.523,0.42079267
6.199243,-4.5183477,-1.6865689,-0.523,0.412654
6.2047772,-4.4707584,-1.7215264,-0.523,0.4045154
6.211997,-4.4232244,-1.7558329,-0.523,0.39637673
6.220873,-4.375803,-1.789486,-0.523,0.3870276
6.2313805,-4.328525,-1.822386,-0.523,0.37767842
6.2434826,-4.281441,-1.8545299,-0.523,0.3683293
6.2571416,-4.2346,-1.8859149,-0.523,0.3559717
6.2723346,-4.1879926,-1.9162925,-0.523,0.34361413
6.2890115,-4.1416597,-1.9456583,-0.523,0.33125654
6.30712,-4.0956373,-1.9740077,-0.523,0.32325536
6.326578,-4.050023,-2.0016966,-0.523,0.31525418
6.3473463,-4.0048456,-2.0287235,-0.523,0.307253
6.369385,-3.9601312,-2.0550861,-0.523,0.30145642
6.392637,-3.9159327,-2.080967,-0.523,0.29565984
6.417068,-3.8722727,-2.1063647,-0.523,0.28986323
6.442645,-3.8291721,-2.131279,-0.523,0.28559184
6.4693213,-3.7866685,-2.1558359,-0.523,0.28132048
6.4970675,-3.7447805,-2.1800356,-0.523,0.2770491
6.5258546,-3.7035255,-2.2038772,-0.523,0.26292592
6.5557337,-3.66281,-2.2265325,-0.523,0.24880275
6.5866413,-3.6226335,-2.2479968,-0.523,0.2346796
6.6185145,-3.5829918,-2.2682657,-0.523,0.22612678
6.651251,-3.543926,-2.287809,-0.523,0.21757396
6.6848087,-3.505433,-2.306625,-0.523,0.20902114
6.7191486,-3.467508,-2.324712,-0.523,0.19197416
6.75429,-3.4300811,-2.3413432,-0.523,0.17492719
6.7901626,-3.393127,-2.3565135,-0.523,0.15788022
6.826696,-3.356617,-2.3702183,-0.5074531,0.15498981
6.862642,-3.3216653,-2.383274,-0.49190617,0.15209939
6.8979416,-3.2882273,-2.395696,-0.47635925,0.14920896
6.9325404,-3.2562594,-2.4074981,-0.45159048,0.1588268
6.9656463,-3.2263875,-2.4194021,-0.4268217,0.16844462
6.99722,-3.1985726,-2.431328,-0.40205294,0.17806245
7.027221,-3.172772,-2.443197,-0.37406096,0.20222966
7.055286,-3.1492102,-2.4557188,-0.34606895,0.22639689
7.0813837,-3.1278512,-2.4686658,-0.31807694,0.2505641
7.1054807,-3.1086454,-2.4818103,-0.29334816,0.26096064
7.127874,-3.0912735,-2.4944246,-0.2686194,0.27135715
7.14852,-3.0756702,-2.5064247,-0.24389063,0.2817537
7.1673784,-3.0617704,-2.5177267,-0.22997797,0.31097335
7.1851487,-3.0489802,-2.529455,-0.2160653,0.340193
7.2018185,-3.0372763,-2.5414708,-0.20215264,0.36941266
7.217376,-3.02663,-2.5536358,-0.19065283,0.3700335
7.2321663,-3.0167708,-2.5651274,-0.17915301,0.37065434
7.246166,-3.007669,-2.575943,-0.16765319,0.37127516
7.259356,-2.9992957,-2.5860806,-0.15972553,0.34720474
7.2721167,-2.9913747,-2.5951388,-0.15179786,0.32313433
7.284415,-2.9838946,-2.6031725,-0.14387019,0.29906392
7.296218,-2.9768448,-2.6102371,-0.14087348,0.28206834
7.3078833,-2.9699886,-2.6167724,-0.13787676,0.26507276
7.3193984,-2.9633214,-2.6227925,-0.13488005,0.24807721
7.330753,-2.9568384,-2.6283123,-0.13347697,0.22716035
7.342082,-2.9504526,-2.6333222,-0.1320739,0.2062435
7.3533754,-2.9441612,-2.63783,-0.13067082,0.18532664
7.364623,-2.9379613,-2.641843,-0.13182048,0.16363692
7.3760386,-2.9317288,-2.6454222,-0.13297017,0.1419472
7.3876143,-2.9254625,-2.6485574,-0.13411985,0.12025747
7.3993435,-2.9191604,-2.6512392,-0.13369949,0.09603424
7.4110837,-2.9128928,-2.6533759,-0.13327911,0.07181103
7.4228244,-2.9066575,-2.6549697,-0.13285875,0.047587804
7.4345546,-2.9004514,-2.656023,-0.13214636,0.025419582
7.446238,-2.8942862,-2.6565828,-0.13143396,0.0032513558
7.4578657,-2.8881583,-2.656654,-0.13072158,-0.01891687
7.4694285,-2.8820658,-2.656242,-0.13749622,-0.00014352798
7.4815903,-2.8756514,-2.6562386,-0.14427085,0.018629814
7.494349,-2.868922,-2.6566865,-0.15104549,0.037403155
7.507703,-2.8618863,-2.6576278,-0.16094649,0.08744891
7.5218945,-2.8544261,-2.6599708,-0.17084749,0.13749465
7.536893,-2.846587,-2.6638734,-0.18074849,0.18754041
7.552663,-2.8384228,-2.66949,-0.1955714,0.21389087
7.569684,-2.8297315,-2.6764088,-0.21039428,0.24024132
7.5879474,-2.8205645,-2.6847522,-0.22521718,0.26659176
7.6074457,-2.8109808,-2.6946409,-0.22978495,0.24404703
7.627553,-2.8013434,-2.7038949,-0.23435272,0.22150229
7.6482606,-2.791653,-2.7124758,-0.2389205,0.19895756
7.6695576,-2.7819083,-2.7203462,-0.23630813,0.16847728
7.6908174,-2.7723825,-2.7269504,-0.23369576,0.13799702
7.712003,-2.7630572,-2.7323081,-0.2310834,0.10751674
7.7330804,-2.7539144,-2.7364411,-0.22404878,0.107019946
7.753554,-2.7451339,-2.7404296,-0.21701415,0.10652314
7.773419,-2.7367077,-2.7442753,-0.20997953,0.106026344
