6.239218,8.405167,-1.9108369,0.5724346,0.0
6.220126,8.351201,-1.9108369,0.523,0.0107809305
6.202684,8.301898,-1.9098972,0.523,0.021561861
6.185291,8.252588,-1.9080179,0.523,0.03234279
6.1679955,8.203259,-1.9051992,0.523,0.03642397
6.1508417,8.153889,-1.9020249,0.523,0.04050515
6.1338477,8.104472,-1.8984952,0.523,0.044586323
6.1170306,8.055005,-1.89461,0.523,0.04796201
6.100409,8.00548,-1.8904309,0.523,0.051337697
6.083997,7.9558945,-1.885958,0.523,0.05471338
6.0678096,7.9062448,-1.8811911,0.523,0.057506464
6.051862,7.8565264,-1.8761812,0.523,0.060299553
6.0361657,7.806737,-1.8709283,0.523,0.063092634
6.0207343,7.756874,-1.8654324,0.523,0.065411285
6.0055795,7.706935,-1.8597348,0.523,0.06772993
5.990711,7.656918,-1.8538355,0.523,0.07004857
5.976141,7.606822,-1.8477346,0.523,0.07387547
5.9618807,7.556652,-1.841301,0.523,0.07770238
5.9479475,7.506406,-1.8345348,0.523,0.08152928
5.9343586,7.456082,-1.827436,0.523,0.0882046
5.9211345,7.4056916,-1.8197575,0.523,0.09487991
5.908306,7.3552322,-1.8114995,0.523,0.10155523
5.8959026,7.3047013,-1.8026625,0.523,0.110018015
5.8839574,7.254109,-1.7930919,0.523,0.1184808
5.8725076,7.2034535,-1.7827884,0.523,0.12694359
5.861592,7.1527357,-1.7717528,0.523,0.13174129
5.8512425,7.101932,-1.7603027,0.523,0.13653898
5.8414826,7.0510464,-1.7484379,0.523,0.14133668
5.8323326,7.000083,-1.7361591,0.523,0.14229049
5.8238106,6.9490175,-1.7237979,0.523,0.1432443
5.8159213,6.897858,-1.7113544,0.523,0.14419809
5.8086705,6.846611,-1.6988287,0.523,0.14263973
5.8020606,6.795266,-1.6864374,0.523,0.14108136
5.796086,6.7438316,-1.6741805,0.523,0.13952298
5.790741,6.6923165,-1.6620581,0.523,0.13757971
5.78602,6.640726,-1.6501036,0.523,0.13563643
5.781914,6.5890694,-1.6383169,0.523,0.13369316
5.778417,6.537354,-1.6266979,0.523,0.13115004
5.7755203,6.4855843,-1.6152987,0.523,0.12860693
5.7732124,6.433768,-1.6041194,0.523,0.12606382
5.771484,6.3819113,-1.5931599,0.523,0.123153314
5.7703233,6.3300204,-1.5824522,0.523,0.1202428
5.769718,6.2781014,-1.5719962,0.523,0.11733229
5.7696557,6.2261615,-1.5617923,0.523,0.113964945
5.7701235,6.1742024,-1.5518798,0.523,0.1105976
5.7711067,6.1222315,-1.542259,0.523,0.10723026
5.7725906,6.070253,-1.53293,0.523,0.103588566
5.77456,6.0182705,-1.5239167,0.523,0.099946864
5.7769985,5.966289,-1.5152191,0.523,0.09630516
5.7798905,5.9143114,-1.5068375,0.523,0.09299222
5.783219,5.8623443,-1.4987433,0.523,0.08967927
5.7869687,5.8103895,-1.4909368,0.523,0.086366326
5.7911253,5.7584505,-1.4834179,0.523,0.0834468
5.7956734,5.706531,-1.4761525,0.523,0.080527276
5.8006,5.654634,-1.4691408,0.523,0.07760775
5.8058915,5.602761,-1.4623828,0.523,0.0750482
5.8115344,5.550914,-1.4558473,0.523,0.07248865
5.8175173,5.4990954,-1.4495342,0.523,0.06992911
5.823828,5.4473066,-1.4434437,0.523,0.06768329
5.830456,5.395549,-1.4375484,0.523,0.065437466
5.837389,5.3438234,-1.4318485,0.523,0.063191645
5.8446183,5.292131,-1.426344,0.523,0.06027149
5.8521333,5.2404695,-1.4210935,0.523,0.057351332
5.8599205,5.1888394,-1.4160972,0.523,0.054431178
5.867967,5.1372404,-1.4113549,0.523,0.051689513
5.8762593,5.085673,-1.4068513,0.523,0.04894785
5.884785,5.034136,-1.4025863,0.523,0.046206184
5.893532,4.9826293,-1.3985602,0.523,0.043474387
5.902487,4.931152,-1.3947718,0.523,0.040742595
5.911638,4.8797026,-1.3912214,0.523,0.0380108
5.9209723,4.828281,-1.3879089,0.523,0.035192005
5.9304786,4.776885,-1.384842,0.523,0.032373212
5.9401426,4.7255135,-1.3820206,0.523,0.029554421
5.949953,4.674165,-1.3794448,0.523,0.02710027
5.959896,4.6228385,-1.377083,0.523,0.024646122
5.969961,4.5715322,-1.3749348,0.523,0.022191972
5.9801364,4.5202446,-1.3730006,0.523,0.020430679
5.9904118,4.468975,-1.3712199,0.523,0.018669385
6.0007787,4.417722,-1.3695925,0.523,0.01690809
6.0112295,4.3664846,-1.3681188,0.523,0.019788165
6.0217547,4.315265,-1.366394,0.523,0.022668237
6.032368,4.264067,-1.3644183,0.523,0.02554831
6.0430818,4.2128935,-1.3621916,0.523,0.027797515
6.053909,4.1617475,-1.3597689,0.523,0.03004672
6.064859,4.1106305,-1.3571502,0.523,0.032295924
6.075942,4.0595465,-1.3543355,0.523,0.03477785
6.0871677,4.0084977,-1.3513048,0.523,0.037259776
6.0985475,3.9574878,-1.3480576,0.523,0.039741702
6.110091,3.9065201,-1.3445944,0.52294254,0.042335004
6.121809,3.8556037,-1.3409057,0.52288514,0.044928305
6.1337123,3.8047423,-1.3369917,0.5228277,0.04752161
6.1458116,3.7539394,-1.3328522,0.523,0.049969774
6.1581235,3.7031765,-1.3284984,0.523,0.05241794
6.170655,3.652474,-1.3239313,0.523,0.054866105
6.183416,3.6018357,-1.3191513,0.523,0.05699877
6.1964173,3.5512652,-1.3141856,0.523,0.059131436
6.209668,3.5007663,-1.3090343,0.523,0.061264105
6.223177,3.4503424,-1.3036975,0.523,0.06396665
6.2369523,3.4,-1.2981255,0.523,0.066669196
6.2510056,3.3497443,-1.2923185,0.523,0.069371745
6.265348,3.29958,-1.2862765,0.523,0.0709681
6.2799916,3.249509,-1.2800956,0.523,0.07256445
6.2949424,3.1995354,-1.2737759,0.523,0.07416081
6.3102074,3.149663,-1.2673174,0.523,0.073575884
6.325794,3.0998878,-1.2609099,0.523,0.07299096
6.341701,3.0502117,-1.2545532,0.523,0.07240604
6.3579235,3.0006354,-1.2482473,0.523,0.07364272
6.374457,2.9511669,-1.2418339,0.523,0.074879415
6.3913054,2.9018102,-1.2353129,0.523,0.0761161
6.4084744,2.8525686,-1.2286847,0.523,0.07462533
6.425971,2.8034368,-1.2221859,0.523,0.07313455
6.4437885,2.754414,-1.2158166,0.523,0.07164377
6.46192,2.7055006,-1.209577,0.523,0.06634106
6.480363,2.6566832,-1.2037985,0.523,0.061038353
6.4990935,2.607957,-1.1984813,0.523,0.05573564
6.5180893,2.5593157,-1.1936256,0.523,0.05274709
6.5373244,2.5107596,-1.1890298,0.523,0.049758535
6.556785,2.4622848,-1.1846944,0.523,0.046769984
6.576459,2.413888,-1.1806191,0.523,0.042730212
6.596333,2.365563,-1.1768955,0.523,0.03869044
6.61639,2.3173041,-1.1735239,0.523,0.034650672
6.6366134,2.2691061,-1.1705041,0.523,0.0326581
6.6569834,2.2209663,-1.1676579,0.523,0.030665528
6.677491,2.1728816,-1.1649853,0.523,0.028672958
6.6981287,2.124849,-1.1624863,0.523,0.01746499
6.718892,2.076856,-1.160964,0.523,0.0062570213
6.739731,2.0288877,-1.1604186,0.523,-0.0049509467
6.760596,1.9809309,-1.1608502,0.5209425,-0.011807412
6.7813573,1.9331564,-1.1618754,0.518885,-0.018663878
6.8019853,1.8855543,-1.1634893,0.5168275,-0.025520343
6.822452,1.8381152,-1.1656873,0.5136662,-0.028381806
6.8426886,1.7909253,-1.1681168,0.51050496,-0.03124327
6.8626847,1.743981,-1.1707747,0.50734365,-0.034104735
6.882431,1.6972791,-1.1736579,0.50442684,-0.034059912
6.9019303,1.6507893,-1.1765208,0.50150996,-0.03401509
6.921184,1.6045129,-1.1793635,0.49859315,-0.033970267
6.940195,1.5584514,-1.1821858,0.49624932,-0.03540974
6.9589863,1.5125555,-1.1851138,0.4939055,-0.03684922
6.977554,1.466824,-1.1881465,0.49156168,-0.038288694
6.9958944,1.4212564,-1.1912826,0.4893068,-0.0400123
7.014007,1.3758438,-1.1945448,0.48705196,-0.041735906
7.0318875,1.330585,-1.1979318,0.4847971,-0.043459512
7.0495315,1.2854791,-1.2014421,0.4820929,-0.04623594
7.066917,1.240569,-1.2051558,0.47938868,-0.049012374
7.084037,1.1958529,-1.2090702,0.47668448,-0.051788807
7.1008835,1.151329,-1.2131829,0.47436804,-0.055380903
7.117463,1.1069614,-1.2175591,0.47205162,-0.058973003
7.1337643,1.0627478,-1.2221961,0.46973518,-0.0625651
7.1497784,1.018686,-1.2270912,0.46800098,-0.07155552
7.1655087,0.9747359,-1.2326677,0.4662668,-0.08054594
7.180926,0.930892,-1.2389202,0.4645326,-0.089536354
7.196,0.88714945,-1.245843,0.463554,-0.09788856
7.210729,0.84343034,-1.2533938,0.46257535,-0.106240764
7.225085,0.7997312,-1.2615691,0.46159673,-0.11459296
7.23904,0.7560493,-1.2703658,0.46101624,-0.122903146
7.25258,0.71234477,-1.2797854,0.46043572,-0.13121332
7.2656775,0.6686163,-1.2898258,0.45985523,-0.1395235
7.2783046,0.6248634,-1.3004845,0.45911202,-0.14500013
7.290436,0.5810836,-1.311541,0.45836878,-0.15047677
7.3020535,0.5372792,-1.3229933,0.45762557,-0.15595339
7.313142,0.49345294,-1.3348398,0.45690998,-0.16072129
7.3236856,0.44960052,-1.3470263,0.4561944,-0.16548917
7.3336706,0.4057262,-1.3595515,0.45547882,-0.17025706
7.343083,0.36183473,-1.372414,0.45469567,-0.17426687
7.351908,0.31793216,-1.3855536,0.45391256,-0.1782767
7.360136,0.27402458,-1.3989693,0.45312944,-0.18228652
7.3677554,0.23011862,-1.4126598,0.45239294,-0.1856933
7.3747573,0.18621184,-1.4265804,0.45165646,-0.18910007
7.3811326,0.14231183,-1.4407305,0.45091996,-0.19250685
7.3868732,0.098426625,-1.4551089,0.45038846,-0.19500548
7.3919735,0.054536767,-1.4696543,0.44985697,-0.1975041
7.396427,0.010651049,-1.4843663,0.44932547,-0.20000274
7.4002285,-0.033221435,-1.4992443,0.44918847,-0.20215094
7.4033747,-0.077113,-1.5142754,0.44905147,-0.20429914
7.4058585,-0.12101406,-1.5294595,0.44891447,-0.20644733
7.4076743,-0.16491471,-1.5447962,0.44797313,-0.21515036
7.408812,-0.2086644,-1.5607362,0.4470318,-0.22385338
7.4092503,-0.25225002,-1.5772754,0.44609046,-0.23255639
7.4089694,-0.29565728,-1.5944102,0.44231668,-0.23313625
7.4079533,-0.33868033,-1.6114416,0.43854293,-0.23371612
7.4062195,-0.3813071,-1.628369,0.43476915,-0.23429598
7.403786,-0.42352608,-1.6451916,0.43074828,-0.23409472
7.400672,-0.46531013,-1.6618444,0.4267274,-0.23389345
7.396898,-0.506649,-1.6783279,0.42270654,-0.2336922
7.392484,-0.54753315,-1.6946424,0.41882813,-0.23295861
7.38745,-0.5879725,-1.7107573,0.41494972,-0.23222505
7.381817,-0.6279587,-1.7266736,0.4110713,-0.23149146
7.3756056,-0.6674842,-1.7423923,0.40750575,-0.23079811
7.3688316,-0.7065717,-1.7579287,0.40394017,-0.23010474
7.3615146,-0.7452144,-1.7732838,0.40037462,-0.2294114
7.353674,-0.7834063,-1.7884583,0.39766967,-0.22948793
7.345311,-0.821217,-1.8035352,0.39496472,-0.22956447
7.3364406,-0.8586404,-1.8185145,0.39225978,-0.229641
7.3270755,-0.89567065,-1.833396,0.39129364,-0.22957416
7.317184,-0.93246716,-1.8482367,0.39032748,-0.2295073
7.3067737,-0.9690229,-1.8630364,0.38936135,-0.22944045
7.2958503,-1.005331,-1.8777953,0.38958457,-0.2311894
7.28439,-1.04148,-1.8926733,0.38980776,-0.23293833
7.272392,-1.0774602,-1.9076704,0.39003095,-0.23468728
7.2598534,-1.1132618,-1.9227866,0.3908086,-0.23460272
7.2467484,-1.1489418,-1.9379276,0.39158624,-0.23451817
7.2330775,-1.1844903,-1.9530933,0.3923639,-0.23443362
7.2188406,-1.2198985,-1.9682839,0.39366925,-0.23888785
7.2040343,-1.2551655,-1.983809,0.3949746,-0.24334207
7.188648,-1.2902759,-1.9996704,0.39627996,-0.24779631
7.1726727,-1.3252143,-2.0158694,0.39774147,-0.24814282
7.1560736,-1.360014,-2.0321507,0.399203,-0.24848934
7.1388483,-1.3946626,-2.048514,0.40066454,-0.24883585
7.120995,-1.4291476,-2.0649595,0.40321124,-0.24817681
7.1024566,-1.4635574,-2.081467,0.40575793,-0.24751776
7.083229,-1.4978776,-2.0980353,0.40830463,-0.24685873
7.0633082,-1.5320935,-2.114664,0.41095927,-0.24420059
7.042674,-1.5662166,-2.1312244,0.41361392,-0.24154246
7.0213265,-1.6002338,-2.147714,0.41626856,-0.23888431
6.999266,-1.6341324,-2.16413,0.41892746,-0.23604447
6.9764924,-1.6679019,-2.1804583,0.42158636,-0.2332046
6.9530063,-1.7015296,-2.1966963,0.42424524,-0.23036475
6.928809,-1.7350037,-2.212841,0.42725715,-0.22653931
6.9038773,-1.7683473,-2.228835,0.43026906,-0.22271386
6.8782134,-1.8015491,-2.2446747,0.43328094,-0.2188884
6.851821,-1.8345982,-2.2603555,0.43609306,-0.2190446
6.82474,-1.86744,-2.276149,0.43890515,-0.21920079
6.7969666,-1.9000578,-2.2920556,0.44171727,-0.21935698
6.7684975,-1.9324348,-2.3080754,0.44393486,-0.2171154
6.739353,-1.9645277,-2.3240137,0.44615245,-0.21487382
6.709539,-1.9963257,-2.3398688,0.44837007,-0.21263222
6.6790586,-2.027818,-2.355639,0.45045236,-0.2105471
6.6479273,-2.0589838,-2.3713293,0.45253462,-0.20846197
6.616151,-2.0898128,-2.3869383,0.4546169,-0.20637685
6.5837345,-2.1202948,-2.4024646,0.45641655,-0.20233406
6.5506907,-2.1504138,-2.4177513,0.4582162,-0.19829127
6.5170307,-2.1801653,-2.4327958,0.46001583,-0.19424847
6.4827657,-2.2095456,-2.4475951,0.46178457,-0.19003327
6.4479074,-2.2385502,-2.462133,0.4635533,-0.18581806
6.412468,-2.2671773,-2.4764066,0.46532202,-0.18160287
6.3764586,-2.295425,-2.4904132,0.46770474,-0.17487353
6.339826,-2.3233414,-2.5039754,0.47008747,-0.1681442
6.3025866,-2.3509302,-2.5170872,0.47247016,-0.16141488
6.2647552,-2.3781962,-2.5297427,0.47525877,-0.15602008
6.226324,-2.4051626,-2.5420508,0.47804737,-0.15062529
6.1873035,-2.4318316,-2.5540066,0.48083597,-0.1452305
6.1477056,-2.4582064,-2.5656044,0.48353487,-0.13818541
6.10754,-2.4842918,-2.5767052,0.4862338,-0.13114032
6.0668235,-2.5100973,-2.5873022,0.4889327,-0.124095224
6.0255704,-2.535634,-2.5973887,0.4916513,-0.11618687
5.9837914,-2.560917,-2.6068878,0.49436986,-0.10827851
5.9415035,-2.5859618,-2.615792,0.49708846,-0.100370154
5.898726,-2.6107855,-2.6240935,0.49987444,-0.09305197
5.8554716,-2.6354077,-2.6318347,0.5026604,-0.085733786
5.8117576,-2.6598456,-2.6390085,0.5054464,-0.078415595
5.767599,-2.6841178,-2.6456075,0.50809205,-0.07138362
5.7230263,-2.7082362,-2.6516473,0.51073766,-0.06435164
5.6780543,-2.7322206,-2.6571212,0.5133833,-0.057319663
5.6326985,-2.7560918,-2.662023,0.5175075,-0.054831363
5.5868545,-2.7799335,-2.66675,0.5216316,-0.05234306
5.540526,-2.8037498,-2.6712985,0.523,-0.049854755
5.493962,-2.82742,-2.6756425,0.523,-0.03577744
5.447267,-2.8509018,-2.6787603,0.523,-0.02170012
5.4004807,-2.8742476,-2.6806517,0.523,-0.007622802
5.3536406,-2.8975093,-2.6813161,0.523,0.003061664
5.3067837,-2.9207408,-2.6810493,0.523,0.01374613
5.259937,-2.9439826,-2.679851,0.523,0.024430597
5.213128,-2.9672756,-2.6777217,0.523,0.032574702
5.1663795,-2.9906628,-2.674883,0.523,0.040718805
5.1197114,-3.014176,-2.6713345,0.523,0.04886291
5.073144,-3.0378456,-2.667077,0.523,0.05349821
5.026689,-3.0617075,-2.662416,0.523,0.058133505
4.9803576,-3.0857797,-2.6573515,0.523,0.0627688
4.934162,-3.1100793,-2.6518838,0.523,0.069046184
4.8881187,-3.134621,-2.64587,0.523,0.07532357
4.8422446,-3.159428,-2.6393106,0.523,0.08160095
4.796557,-3.1845226,-2.6322055,0.523,0.09241955
4.751092,-3.2099175,-2.624161,0.523,0.10323815
4.70588,-3.23565,-2.615178,0.523,0.11405675
4.660955,-3.2617567,-2.6052577,0.523,0.11942464
4.6163187,-3.288291,-2.5948727,0.523,0.12479253
4.5719895,-3.3152697,-2.584023,0.523,0.13016042
4.527986,-3.342709,-2.5727096,0.523,0.13427949
4.4843197,-3.3706288,-2.56104,0.523,0.13839856
4.4410067,-3.3990405,-2.5490146,0.523,0.14251764
4.3980637,-3.427954,-2.536634,0.523,0.14573643
4.3555017,-3.4573832,-2.5239754,0.523,0.14895523
4.3133354,-3.4873343,-2.5110395,0.523,0.15217403
4.271581,-3.5178137,-2.497826,0.5229813,0.15324095
4.230241,-3.5488358,-2.4845214,0.52296257,0.15430789
4.189326,-3.5803988,-2.4711251,0.52294385,0.15537483
4.1488447,-3.6125007,-2.4576373,0.51898,0.1561918
4.1091094,-3.644894,-2.4441822,0.5150162,0.15700875
4.070119,-3.6775632,-2.4307606,0.51105237,0.15782572
4.0318713,-3.710493,-2.4173734,0.50567,0.15660118
3.9944594,-3.7435863,-2.4042292,0.5002876,0.15537664
3.9578722,-3.7768173,-2.3913257,0.49490526,0.1541521
3.9220986,-3.8101616,-2.378661,0.49284884,0.15162405
3.8868837,-3.843829,-2.366254,0.49079242,0.149096
3.852221,-3.8778012,-2.3541033,0.488736,0.14656796
3.8181043,-3.912061,-2.3422072,0.4867699,0.14102593
3.784506,-3.9466124,-2.3308039,0.48480383,0.1354839
3.7514126,-3.9814303,-2.31989,0.48283774,0.12994188
3.7188098,-4.016491,-2.3094625,0.48048687,0.12420232
3.6867077,-4.0517426,-2.299542,0.478136,0.11846275
3.65509,-4.087162,-2.2901237,0.47578517,0.11272318
3.6239407,-4.122726,-2.281204,0.4736632,0.1062803
3.5932252,-4.1584315,-2.2728298,0.4715413,0.099837415
3.5629263,-4.194256,-2.2649965,0.46941933,0.09339453
3.533025,-4.2301764,-2.2577002,0.46455544,0.077296145
3.5036533,-4.2659893,-2.2517214,0.45969155,0.06119775
3.4747694,-4.30164,-2.2470357,0.45482767,0.04509936
3.4463322,-4.3370776,-2.243618,0.44517463,0.030921906
3.4186025,-4.3718767,-2.2413242,0.4355216,0.016744453
3.391543,-4.4059944,-2.2401087,0.42586854,0.0025669993
3.3651202,-4.439393,-2.2399266,0.40994427,-0.014056986
3.3396935,-4.4715443,-2.240887,0.39402,-0.030680973
3.3152342,-4.502412,-2.2429016,0.37809572,-0.047304958
3.291719,-4.5319653,-2.2458813,0.36076596,-0.05639875
3.2692084,-4.560084,-2.2492707,0.34343618,-0.06549254
3.2477002,-4.586764,-2.2530167,0.3261064,-0.07458633
3.227196,-4.612005,-2.257067,0.3076728,-0.07696031
3.2077577,-4.635737,-2.2610095,0.2892392,-0.07933428
3.1893997,-4.65797,-2.2648299,0.27080563,-0.08170826
3.1721356,-4.6787167,-2.2685134,0.25527745,-0.07238162
3.1557777,-4.698228,-2.2715905,0.2397493,-0.06305499
3.140349,-4.716516,-2.2741084,0.22422113,-0.05372835
3.1258683,-4.733593,-2.2761152,0.21583605,-0.037948698
3.1118863,-4.750015,-2.27748,0.20745097,-0.022169048
3.0984194,-4.765788,-2.2782464,0.1990659,-0.006389397
3.0854824,-4.780917,-2.2784584,0.19076355,0.0027273714
3.0730817,-4.795413,-2.2783716,0.1824612,0.0118441405
3.0612228,-4.809278,-2.2780116,0.17415886,0.020960908
3.0499098,-4.822514,-2.277403,0.16562837,0.029950123
3.039161,-4.8351054,-2.2765765,0.1570979,0.03893934
3.028979,-4.8470535,-2.2755573,0.14856744,0.047928553
3.019365,-4.858358,-2.274371,0.13879576,0.0747041
3.0104108,-4.8689117,-2.2726443,0.12902407,0.10147966
3.0021234,-4.878714,-2.2704659,0.1192524,0.1282552
2.994507,-4.8877625,-2.2679238,0.113002546,0.14096367
2.987324,-4.8963404,-2.2652776,0.106752686,0.15367216
2.9805725,-4.9044466,-2.2625542,0.10050283,0.16638063
2.97425,-4.91208,-2.2597802,0.0956515,0.1714686
2.9682581,-4.9193544,-2.25706,0.09080017,0.17655657
2.962594,-4.92627,-2.254402,0.08594884,0.18164454
2.957255,-4.932824,-2.2518141,0.0831058,0.18048912
2.9521077,-4.9391756,-2.249328,0.080262765,0.17933372
2.9471507,-4.945324,-2.2469418,0.07741973,0.17817831
