3.1051147,-1.811115,-2.894413,0.16441983,0.0
3.0891724,-1.8151379,-2.894413,0.1795237,0.09925143
3.0718513,-1.8195087,-2.8914483,0.19462757,0.19850285
3.0533645,-1.8242319,-2.8850513,0.20973144,0.2977543
3.0339706,-1.8293194,-2.8747964,0.23303379,0.39677423
3.013238,-1.8349859,-2.8597872,0.25633615,0.49579418
2.9915802,-1.841256,-2.8394628,0.2796385,0.5948141
2.969468,-1.8481477,-2.8133466,0.30622703,0.6933949
2.9471743,-1.8557402,-2.7807257,0.33281556,0.7919757
2.9253018,-1.8639948,-2.741246,0.3594041,0.89055645
2.9044836,-1.8728051,-2.6946778,0.3867631,0.9893214
2.8853266,-1.8819861,-2.6408112,0.41412207,1.0
2.865699,-1.8927287,-2.5827324,0.44148108,1.0
2.8454747,-1.9053762,-2.520817,0.452041,1.0
2.8256078,-1.9195827,-2.4574203,0.46260095,1.0
2.8062384,-1.93538,-2.3925428,0.4731609,1.0
2.7875164,-1.9527884,-2.3261843,0.47460055,1.0
2.7699363,-1.9714564,-2.2596238,0.47604018,1.0
2.7535875,-1.9913125,-2.1928616,0.47747982,1.0
2.7385545,-2.012278,-2.1258974,0.47504917,1.0
2.725027,-2.0340912,-2.059274,0.47261852,1.0
2.7130437,-2.0566404,-1.9929914,0.47018787,1.0
2.7026339,-2.0798142,-1.9270499,0.46432006,1.0
2.6938844,-2.1033263,-1.8619312,0.45845222,1.0
2.6867743,-2.1270542,-1.7976356,0.4525844,1.0
2.6812747,-2.1508808,-1.7341628,0.45036402,1.0
2.6773171,-2.1748903,-1.6710014,0.44814363,1.0
2.674895,-2.198982,-1.6081514,0.44592327,1.0
2.6739953,-2.2230585,-1.5456128,0.454376,1.0
2.6746132,-2.2476008,-1.4818888,0.4628288,1.0
2.6768336,-2.2725089,-1.4169793,0.47128153,1.0
2.6807349,-2.2976716,-1.3508843,0.48319688,1.0
2.6864302,-2.3231502,-1.2831184,0.49511224,1.0
2.69402,-2.3488019,-1.2136812,0.5070276,1.0
2.7035966,-2.3744683,-1.142573,0.5206495,1.0
2.715278,-2.400059,-1.0695544,0.523,1.0
2.7288563,-2.4248407,-0.9962063,0.523,1.0
2.7442143,-2.4485607,-0.92285806,0.523,1.0
2.761269,-2.4710915,-0.84950984,0.523,1.0
2.7799292,-2.492312,-0.7761616,0.523,1.0
2.8000941,-2.5121078,-0.7028134,0.523,1.0
2.8216555,-2.5303729,-0.62946516,0.523,1.0
2.8444974,-2.5470085,-0.55611694,0.523,1.0
2.8684971,-2.5619256,-0.4827687,0.523,1.0
2.8935256,-2.5750437,-0.4094205,0.523,1.0
2.919448,-2.5862925,-0.33607227,0.523,1.0
2.9461248,-2.5956116,-0.26272404,0.523,1.0
2.973413,-2.6029503,-0.18937583,0.523,1.0
3.0011656,-2.6082697,-0.11602761,0.523,1.0
3.0292335,-2.611541,-0.042679388,0.523,1.0
3.0574656,-2.6127467,0.030668832,0.523,1.0
3.08571,-2.6118803,0.10401706,0.523,1.0
3.113815,-2.6089463,0.17736527,0.523,0.975141
3.1426978,-2.603769,0.24952018,0.523,0.95028204
3.172166,-2.5962596,0.3204372,0.523,0.925423
3.202023,-2.586351,0.3900725,0.523,0.88459617
3.2326713,-2.5737503,0.4575098,0.523,0.84376925
3.2638574,-2.5583956,0.52263665,0.523,0.8029424
3.2953353,-2.5402622,0.5853446,0.523,0.79174393
3.325964,-2.5199604,0.64737064,0.523,0.7805455
3.355606,-2.4975493,0.708707,0.523,0.7693471
3.3841298,-2.4730964,0.7693459,0.523,0.7631192
3.4112813,-2.4468029,0.82959366,0.523,0.75689137
3.436952,-2.4187565,0.8894479,0.523,0.7506635
3.4610395,-2.3890517,0.9489064,0.523,0.7436885
3.4834635,-2.3577666,1.0079188,0.523,0.7367135
3.504135,-2.3250053,1.0664824,0.523,0.7297386
3.5229712,-2.2908766,1.1245943,0.523,0.7264473
3.5398428,-2.255608,1.1824919,0.523,0.723156
3.5546887,-2.2193167,1.2401749,0.523,0.71986467
3.5674543,-2.1821225,1.2976424,0.523,0.7180829
3.5780795,-2.1441972,1.354993,0.523,0.71630114
3.5865262,-2.1056654,1.4122266,0.523,0.7145193
3.5927649,-2.0666533,1.4693428,0.523,0.7162279
3.5967603,-2.027407,1.5265716,0.523,0.7179364
3.5985017,-1.9880549,1.5839126,0.523,0.7196449
3.5979857,-1.9487265,1.6413658,0.523,0.71108276
3.5951917,-1.9091997,1.6982554,0.523,0.7025206
3.590118,-1.8696073,1.7545776,0.523,0.69395846
3.5827706,-1.8300804,1.8103281,0.523,0.68927693
3.5731952,-1.7908725,1.8657644,0.523,0.68459535
3.561417,-1.7521068,1.920885,0.523,0.67991376
3.547468,-1.7139038,1.9756889,0.523,0.65053153
3.5310736,-1.6756505,2.028478,0.523,0.6211493
3.5122805,-1.637497,2.0792062,0.523,0.591767
3.4911506,-1.5995803,2.1278303,0.523,0.572115
3.467904,-1.562256,2.1750233,0.523,0.55246294
3.4426115,-1.525619,2.2207673,0.523,0.53281087
3.4153485,-1.4897544,2.265044,0.5043919,0.5234548
3.3873985,-1.4561807,2.3070662,0.48578382,0.51409876
3.3589935,-1.4248381,2.3468802,0.46717575,0.50474274
3.3303492,-1.3956552,2.3845334,0.4473691,0.5165251
3.302074,-1.3689388,2.4213564,0.42756248,0.5283075
3.2743177,-1.3445832,2.4572768,0.40775582,0.54008985
3.24722,-1.322476,2.4922223,0.38817036,0.5031926
3.2201357,-1.3019134,2.5234199,0.36858487,0.46629536
3.193305,-1.2828326,2.551038,0.34899938,0.42939812
3.1669478,-1.2651638,2.575254,0.33021814,0.39683175
3.1412473,-1.2488229,2.5965254,0.31143692,0.3642654
3.1163638,-1.2337352,2.615018,0.29265568,0.33169904
3.0924418,-1.2198288,2.6309016,0.27778003,0.35058177
3.0696821,-1.2070773,2.646802,0.26290438,0.36946446
3.0481062,-1.1954358,2.662625,0.24802874,0.38834715
3.0277333,-1.1848562,2.6782782,0.23630764,0.37123108
3.0080338,-1.1750146,2.6925654,0.22458653,0.35411498
2.9890568,-1.1658705,2.7055452,0.21286543,0.33699888
2.9708474,-1.1573856,2.717276,0.20115113,0.3168332
2.9534285,-1.1495165,2.727721,0.18943684,0.29666752
2.936842,-1.1422309,2.7369509,0.17772253,0.27650186
