1.8801626,8.188078,1.1242326,0.40490955,0.0
1.8976494,8.224598,1.1242326,0.4127188,-0.07973955
1.9154168,8.261704,1.1187534,0.42052802,-0.1594791
1.9335525,8.299053,1.1076232,0.42833725,-0.23921864
1.9521452,8.336283,1.0907079,0.43489754,-0.29493552
1.971364,8.373191,1.0696387,0.44145787,-0.3
1.9916261,8.410178,1.0478954,0.4480182,-0.3
2.0130007,8.44726,1.0258291,0.45128915,-0.3
2.03535,8.484128,1.0036016,0.45456013,-0.3
2.0586815,8.520754,0.9812129,0.4578311,-0.3
2.0830007,8.557108,0.95866317,0.45996565,-0.3
2.1082504,8.593071,0.93600833,0.4621002,-0.3
2.1344295,8.628617,0.9132483,0.46423477,-0.3
2.1615353,8.66372,0.8903832,0.46628085,-0.3
2.1895595,8.698346,0.8674173,0.46832693,-0.3
2.2184978,8.732469,0.84435064,0.470373,-0.3
2.2483454,8.76606,0.82118315,0.47259447,-0.3
2.2791076,8.799107,0.7979063,0.47481593,-0.3
2.3107789,8.831581,0.77452,0.4770374,-0.3
2.3433526,8.863453,0.7510243,0.47983542,-0.3
2.3768616,8.894734,0.72739077,0.4826334,-0.3
2.4113,8.925392,0.7036195,0.48543143,-0.3
2.4466612,8.955396,0.6797103,0.48855796,-0.3
2.482962,8.984734,0.6556472,0.49168453,-0.3
2.5201948,9.013371,0.6314301,0.49481106,-0.3
2.5583513,9.041276,0.607059,0.4985258,-0.3
2.597468,9.068444,0.5825049,0.50224054,-0.3
2.637536,9.094839,0.55776787,0.5059553,-0.3
2.678546,9.120423,0.5328479,0.5103331,-0.3
2.720541,9.145189,0.50771224,0.514711,-0.3
2.7635105,9.169096,0.482361,0.51908886,-0.3
2.807443,9.1921,0.4567941,0.523,-0.3
2.8522842,9.214137,0.4310346,0.523,-0.3
2.8976781,9.235013,0.4052751,0.523,-0.3
2.943595,9.254712,0.3795156,0.523,-0.3
2.9900038,9.273223,0.35375607,0.523,-0.3
3.036874,9.290531,0.32799655,0.523,-0.3
3.0841744,9.306627,0.30223706,0.523,-0.3
3.1318738,9.321499,0.27647755,0.523,-0.3
3.1799405,9.335138,0.25071803,0.523,-0.3
3.2283425,9.347534,0.22495852,0.523,-0.3
3.2770476,9.35868,0.199199,0.523,-0.3
3.3260236,9.3685665,0.17343949,0.523,-0.3
3.3752382,9.377189,0.14767998,0.523,-0.3
3.4246583,9.384541,0.121920474,0.523,-0.3
3.4742515,9.390617,0.09616096,0.523,-0.3
3.523985,9.395414,0.07040145,0.523,-0.3
3.5738251,9.398929,0.044641938,0.523,-0.3
3.6237395,9.401159,0.018882427,0.523,-0.3
3.6736948,9.402102,-0.0068770847,0.523,-0.3
3.7236576,9.401758,-0.032636598,0.523,-0.3
3.773595,9.400128,-0.05839611,0.523,-0.3
3.8234742,9.397212,-0.08415562,0.523,-0.3
3.8732615,9.393012,-0.10991513,0.523,-0.3
3.922924,9.387531,-0.13567464,0.523,-0.3
3.9724288,9.380774,-0.16143416,0.523,-0.3
4.0217433,9.372743,-0.18719366,0.523,-0.3
4.0708346,9.363444,-0.21295318,0.523,-0.3
4.11967,9.352884,-0.23871268,0.523,-0.3
4.168217,9.34107,-0.2644722,0.523,-0.3
4.216444,9.32801,-0.2902317,0.523,-0.3
4.2643185,9.313711,-0.31599122,0.523,-0.3
4.311809,9.298184,-0.34175074,0.523,-0.3
4.358884,9.28144,-0.36751023,0.523,-0.3
4.4055114,9.263488,-0.39326975,0.523,-0.3
4.451661,9.244341,-0.41902927,0.523,-0.3
4.4973025,9.224012,-0.44478878,0.523,-0.3
4.542405,9.202514,-0.4705483,0.523,-0.3
4.5869393,9.179862,-0.4963078,0.523,-0.3
4.630875,9.15607,-0.5220673,0.523,-0.3
4.6741834,9.131154,-0.5478268,0.523,-0.3
4.716836,9.105131,-0.57358634,0.523,-0.3
4.758804,9.078018,-0.59934586,0.523,-0.3
4.8000593,9.049833,-0.6251054,0.523,-0.3
4.840575,9.020595,-0.65086484,0.523,-0.3
4.880325,8.990323,-0.67662436,0.523,-0.3
4.919281,8.959038,-0.7023839,0.523,-0.3
4.957419,8.926759,-0.7281434,0.523,-0.3
4.994713,8.893508,-0.7539029,0.523,-0.3
5.031138,8.859308,-0.77966243,0.523,-0.3
5.06667,8.824182,-0.80542195,0.523,-0.3
5.101285,8.788152,-0.83118147,0.523,-0.3
5.134961,8.751242,-0.856941,0.523,-0.3
5.1676755,8.713476,-0.88270044,0.523,-0.3
5.1994057,8.674881,-0.90845996,0.523,-0.3
5.2301316,8.635482,-0.9342195,0.523,-0.3
5.259833,8.595304,-0.959979,0.523,-0.3
5.288489,8.554375,-0.9857385,0.523,-0.3
5.3160815,8.51272,-1.011498,0.523,-0.3
5.3425922,8.470369,-1.0372576,0.523,-0.3
5.368003,8.427349,-1.063017,0.523,-0.3
5.3922977,8.38369,-1.0887766,0.523,-0.29706505
5.41548,8.339378,-1.1142915,0.523,-0.2941301
5.437545,8.29445,-1.1395618,0.523,-0.29119512
5.4584856,8.248939,-1.1645871,0.523,-0.27892864
5.478352,8.202751,-1.1885864,0.523,-0.26666215
5.497169,8.15594,-1.211556,0.523,-0.25439566
5.514964,8.108554,-1.2334924,0.523,-0.2397478
5.5317774,8.060613,-1.2541907,0.523,-0.22509997
5.54765,8.012166,-1.2736467,0.523,-0.21045212
5.562625,7.9632616,-1.2918559,0.523,-0.1959373
5.57675,7.913945,-1.3088261,0.523,-0.1814225
5.590072,7.864259,-1.3245535,0.523,-0.16690768
5.602644,7.8142414,-1.3390348,0.523,-0.15397862
5.614515,7.763942,-1.3524036,0.523,-0.14104956
5.6257334,7.7133913,-1.3646578,0.523,-0.12812051
5.6363506,7.662618,-1.375795,0.523,-0.11800329
5.6464143,7.611666,-1.3860571,0.523,-0.10788606
5.6559653,7.560555,-1.395443,0.523,-0.09776884
5.6650457,7.5093026,-1.4039515,0.523,-0.089636125
5.6736965,7.4579363,-1.4117544,0.523,-0.081503406
5.681952,7.4064674,-1.4188509,0.523,-0.07337068
5.689847,7.3549094,-1.4252406,0.523,-0.06465681
5.697417,7.3032703,-1.4308727,0.523,-0.05594293
5.7046995,7.2515626,-1.4357464,0.523,-0.04722905
5.7117333,7.1997967,-1.4398618,0.523,-0.040690638
5.718556,7.1479874,-1.4434077,0.523,-0.03415222
5.7251964,7.0961413,-1.446384,0.523,-0.027613807
5.7316837,7.0442653,-1.4487907,0.523,-0.02282015
5.738047,6.9923673,-1.4507797,0.523,-0.018026495
5.744308,6.940452,-1.4523509,0.523,-0.013232839
5.750488,6.888523,-1.4535043,0.523,-0.009421051
5.756608,6.8365846,-1.4543256,0.523,-0.005609262
5.7626853,6.78464,-1.4548144,0.523,-0.0017974734
5.768738,6.7326913,-1.4549711,0.523,0.0012963533
5.7747817,6.680742,-1.4548582,0.523,0.00439018
5.780832,6.6287932,-1.4544754,0.523,0.0074840067
5.7869015,6.5768485,-1.4538231,0.523,0.009655642
5.793005,6.524908,-1.4529815,0.523,0.011827278
5.799152,6.4729743,-1.4519506,0.523,0.013998914
5.805352,6.421048,-1.4507303,0.523,0.0153245805
5.811616,6.369131,-1.4493946,0.523,0.016650248
5.817949,6.317223,-1.4479433,0.523,0.017975915
5.824357,6.2653255,-1.4463766,0.523,0.01894015
5.8308463,6.2134395,-1.4447256,0.523,0.019904386
5.837421,6.161565,-1.4429908,0.523,0.020868624
5.844085,6.1097026,-1.4411719,0.523,0.02159766
5.8508444,6.057853,-1.4392895,0.523,0.022326697
5.8577003,6.0060177,-1.4373435,0.523,0.023055732
5.8646574,5.9541965,-1.435334,0.523,0.023600508
5.871719,5.90239,-1.4332769,0.523,0.024145281
5.878886,5.8505993,-1.4311725,0.523,0.024690056
5.8861628,5.798824,-1.4290205,0.523,0.025082886
5.8935504,5.747065,-1.4268343,0.523,0.025475716
5.901051,5.6953225,-1.424614,0.523,0.025868546
5.9086666,5.6435976,-1.4223593,0.523,0.025914907
5.916399,5.5918903,-1.4201007,0.523,0.025961269
5.9242477,5.5402,-1.417838,0.523,0.026007628
5.932214,5.4885287,-1.4155712,0.523,0.025286932
5.9402966,5.436874,-1.4133673,0.523,0.024566233
5.948494,5.3852363,-1.4112262,0.523,0.023845535
5.956802,5.3336153,-1.4091479,0.523,0.02306341
5.965217,5.282011,-1.4071376,0.523,0.022281284
5.973736,5.2304225,-1.4051956,0.523,0.021499157
5.9823556,5.1788497,-1.4033217,0.523,0.0207855
5.9910717,5.1272926,-1.4015101,0.523,0.02007184
5.9998813,5.075751,-1.3997606,0.523,0.019358182
6.008781,5.0242233,-1.3980733,0.523,0.018299956
6.0177684,4.9727106,-1.3964783,0.523,0.017241728
6.026838,4.921211,-1.3949754,0.523,0.016183501
6.0359845,4.869724,-1.3935648,0.523,0.014837044
6.045204,4.8182487,-1.3922716,0.523,0.0134905875
6.0544906,4.7667847,-1.3910956,0.523,0.012144131
6.063838,4.7153306,-1.3900372,0.523,0.011516375
6.07324,4.663886,-1.3890333,0.523,0.010888618
6.082693,4.6124506,-1.3880842,0.523,0.010260862
6.092195,4.5610237,-1.3871899,0.523,0.013146562
6.101743,4.5096073,-1.3860439,0.523,0.01603226
6.1113496,4.4582043,-1.3846465,0.523,0.01891796
6.1210275,4.406817,-1.3829976,0.523,0.020428102
6.1307898,4.355447,-1.3812171,0.523,0.021938246
6.140643,4.304096,-1.3793049,0.523,0.023448389
6.150594,4.2527666,-1.3772612,0.523,0.026723856
6.1606493,4.2014613,-1.374932,0.523,0.029999321
6.170823,4.150184,-1.3723176,0.523,0.03327479
6.18113,4.0989394,-1.3694175,0.523,0.03511669
6.1915846,4.047728,-1.3663572,0.523,0.036958594
6.202195,3.996552,-1.3631364,0.523,0.038800497
6.21297,3.9454143,-1.3597552,0.523,0.040808957
6.223916,3.8943172,-1.3561989,0.523,0.04281742
6.2350435,3.8432636,-1.3524678,0.523,0.04482588
6.2463603,3.7922566,-1.3485618,0.523,0.04776749
6.2578745,3.7413008,-1.3443997,0.523,0.0507091
6.269599,3.690401,-1.3399814,0.523,0.053650707
6.2815466,3.6395612,-1.3353071,0.523,0.05643777
6.29373,3.5887856,-1.3303902,0.523,0.059224837
6.3061604,3.5380788,-1.3252308,0.523,0.062011905
6.31885,3.4874454,-1.3198289,0.523,0.06596626
6.3318105,3.436894,-1.314083,0.523,0.06992063
6.345057,3.3864315,-1.3079932,0.523,0.073874995
6.358607,3.3360648,-1.3015597,0.523,0.07705794
6.372477,3.2857985,-1.2948494,0.523,0.08024089
6.3866806,3.235639,-1.2878625,0.523,0.08342384
6.401231,3.1855931,-1.2805992,0.523,0.08433534
6.416143,3.135658,-1.2732567,0.523,0.08524685
6.43142,3.0858378,-1.265835,0.523,0.086158365
6.447065,3.036136,-1.2583342,0.523,0.085817724
6.4630833,2.9865515,-1.250863,0.523,0.085477084
6.4794717,2.9370866,-1.2434212,0.523,0.08513644
6.496228,2.8877437,-1.2360091,0.523,0.08315401
6.513353,2.8385181,-1.2287692,0.523,0.08117158
6.5308366,2.7894096,-1.2217015,0.523,0.079189144
6.5486693,2.7404182,-1.2148061,0.523,0.07400976
6.566847,2.6915317,-1.2083608,0.523,0.06883037
6.585346,2.642745,-1.2023658,0.523,0.06365098
6.604144,2.5940535,-1.1968213,0.523,0.06116274
6.6232142,2.5454593,-1.1914933,0.523,0.058674496
6.642546,2.4969602,-1.1863817,0.523,0.05618625
6.662129,2.4485538,-1.1814867,0.523,0.05213024
6.6819525,2.400233,-1.1769449,0.523,0.048074227
6.701999,2.351993,-1.172756,0.523,0.044018216
6.7222514,2.3038285,-1.1689203,0.523,0.04149466
6.742691,2.2557366,-1.1653043,0.523,0.038971107
6.763306,2.2077143,-1.1619083,0.523,0.036447555
6.784086,2.1597576,-1.1587319,0.523,0.025045788
6.805026,2.1118503,-1.156549,0.523,0.013644022
6.8260746,2.0639782,-1.1553597,0.523,0.0022422553
6.8471823,2.016127,-1.1551642,0.52136505,-0.0050192536
6.868233,1.9684299,-1.1556004,0.51973003,-0.012280762
6.889196,1.9208763,-1.1566641,0.5180951,-0.019542271
6.91004,1.8734555,-1.1583515,0.51540095,-0.022434514
6.9306946,1.8262492,-1.1602784,0.5127068,-0.025326759
6.9511495,1.7792535,-1.1624424,0.51001275,-0.028219003
6.9713936,1.7324644,-1.1648408,0.50740355,-0.02925294
6.9914227,1.6858679,-1.1673143,0.5047944,-0.030286878
7.011233,1.6394633,-1.169862,0.5021853,-0.031320818
7.0308223,1.5932499,-1.1724831,0.49991474,-0.032940485
7.050202,1.547197,-1.1752272,0.49764422,-0.03456015
7.069366,1.501303,-1.178093,0.49537367,-0.03617982
7.088311,1.4555664,-1.1810795,0.4930725,-0.038310546
7.1070304,1.4099898,-1.184227,0.49077135,-0.040441275
7.125518,1.3645713,-1.187534,0.4884702,-0.042572003
7.143768,1.3193092,-1.1909988,0.48585063,-0.04533816
7.1617613,1.2742327,-1.1946688,0.48323107,-0.048104316
7.179491,1.2293397,-1.1985415,0.48061147,-0.05087047
7.196949,1.1846281,-1.2026147,0.4783094,-0.056493737
7.2141366,1.1400739,-1.2071158,0.47600728,-0.062117
7.2310367,1.0956724,-1.2120407,0.47370517,-0.06774026
7.2476306,1.0514195,-1.2173847,0.47164264,-0.07670225
7.263906,1.0073001,-1.2234082,0.46958014,-0.085664235
7.2798343,0.96330905,-1.2301043,0.4675176,-0.094626226
7.295386,0.9194416,-1.2374666,0.46599132,-0.10217188
7.310553,0.875637,-1.245388,0.46446505,-0.10971753
7.3253126,0.8318926,-1.2538643,0.46293876,-0.11726319
7.339641,0.7882064,-1.2628912,0.4620983,-0.1251349
7.353536,0.74451417,-1.2725035,0.46125785,-0.13300662
7.366972,0.7008147,-1.2826984,0.4604174,-0.14087832
7.3799243,0.6571079,-1.2934731,0.4598759,-0.14744255
7.3923783,0.6133573,-1.3047332,0.4593344,-0.15400676
7.404313,0.5695646,-1.3164767,0.45879292,-0.16057098
7.415707,0.5257322,-1.3287021,0.45801544,-0.16457042
7.426539,0.48186713,-1.3412081,0.457238,-0.16856988
7.436797,0.4379742,-1.3539935,0.4564605,-0.17256932
7.4464703,0.39405885,-1.367057,0.4557915,-0.17679578
7.455549,0.3501182,-1.3804173,0.4551225,-0.18102224
7.4640203,0.30615845,-1.3940737,0.45445347,-0.1852487
7.471873,0.26218635,-1.4080248,0.45374575,-0.18843909
7.479096,0.21820416,-1.4221911,0.45303804,-0.19162948
7.4856806,0.1742198,-1.4365721,0.45233032,-0.19481987
7.4916196,0.13024162,-1.4511664,0.451755,-0.1978749
7.496906,0.08626422,-1.4659679,0.45117965,-0.20092994
7.5015316,0.042296655,-1.4809757,0.45060432,-0.20398498
7.50549,-0.0016516608,-1.4961891,0.45037988,-0.20727946
7.508775,-0.045602977,-1.511637,0.45015544,-0.21057393
7.511378,-0.089547165,-1.527319,0.449931,-0.21386841
7.513289,-0.13347365,-1.5432347,0.44749817,-0.2205547
7.514492,-0.17712288,-1.5595512,0.44506532,-0.227241
7.51498,-0.22048248,-1.5762628,0.44263247,-0.23392728
7.5147443,-0.2635395,-1.5933632,0.43809262,-0.23467718
7.513783,-0.30613708,-1.6103413,0.43355274,-0.23542707
7.512116,-0.34826344,-1.6271963,0.4290129,-0.23617697
7.509765,-0.38990745,-1.6439269,0.42452985,-0.23497331
7.506748,-0.4310835,-1.6603999,0.4200468,-0.23376967
7.503092,-0.47178173,-1.6766169,0.41556376,-0.23256603
7.498821,-0.5119931,-1.6925797,0.41159296,-0.23226349
7.4939547,-0.55175054,-1.7083699,0.40762216,-0.23196095
7.4885144,-0.5910462,-1.7239877,0.40365136,-0.2316584
7.4825196,-0.62987304,-1.7394335,0.4001885,-0.23123002
7.4759817,-0.66827416,-1.754719,0.39672562,-0.23080163
7.4689183,-0.7062434,-1.7698448,0.39326277,-0.23037323
7.4613476,-0.7437747,-1.7848111,0.39185718,-0.23401237
7.453252,-0.7810228,-1.7999552,0.39045158,-0.2376515
7.4446316,-0.8179785,-1.8152753,0.38904598,-0.24129063
7.4354877,-0.8546327,-1.8307694,0.38792863,-0.24070956
7.425803,-0.8910411,-1.8461826,0.38681126,-0.24012849
7.415587,-0.9271967,-1.861515,0.38569388,-0.2395474
7.404847,-0.9630925,-1.8767668,0.38592866,-0.24133438
7.393559,-0.99882644,-1.8921396,0.38616344,-0.24312136
7.381721,-1.0343885,-1.9076333,0.38639823,-0.24490833
7.3693314,-1.0697688,-1.923248,0.38721868,-0.24417749
7.3563614,-1.1050324,-1.9388503,0.38803914,-0.24344665
7.342811,-1.14017,-1.9544398,0.3888596,-0.24271579
7.328683,-1.1751723,-1.9700161,0.39026195,-0.24536589
7.3139677,-1.2100526,-1.985816,0.3916643,-0.24801598
7.298659,-1.2447975,-2.0018404,0.39306664,-0.25066608
7.2827487,-1.2793927,-2.0180902,0.39453104,-0.25386912
7.2662315,-1.3138243,-2.0346048,0.39599544,-0.25707215
7.2490983,-1.3480766,-2.0513852,0.3974598,-0.2602752
7.231343,-1.3821331,-2.0684326,0.399627,-0.25617644
7.2128887,-1.416103,-2.085309,0.40179417,-0.2520777
7.1937413,-1.449975,-2.1020114,0.40396136,-0.24797897
7.173903,-1.4837389,-2.1185365,0.40711108,-0.24818948
7.1533523,-1.5174291,-2.1352043,0.41026083,-0.24839997
7.13208,-1.5510284,-2.152015,0.41341054,-0.24861048
7.11008,-1.5845187,-2.1689687,0.41599312,-0.24273354
7.087341,-1.6178871,-2.1856332,0.4185757,-0.2368566
7.0638704,-1.6511246,-2.2020028,0.42115828,-0.23097965
7.039677,-1.6842225,-2.2180722,0.42424196,-0.22936733
7.014765,-1.7171792,-2.2341483,0.42732567,-0.22775501
6.989131,-1.74998,-2.2502294,0.43040934,-0.22614269
6.9627748,-1.7826103,-2.2663138,0.433413,-0.222206
6.935685,-1.8150663,-2.2822332,0.43641666,-0.2182693
6.9078665,-1.8473372,-2.2979834,0.4394203,-0.21433261
6.8793235,-1.8794129,-2.3135605,0.44208494,-0.21512932
6.8501134,-1.9112264,-2.3292894,0.44474956,-0.21592602
6.820233,-1.9427599,-2.345171,0.4474142,-0.21672274
6.7896786,-1.9739954,-2.3612056,0.44952843,-0.21182783
6.758447,-2.0049152,-2.3769574,0.45164266,-0.20693292
6.72655,-2.0355144,-2.3924232,0.45375687,-0.202038
6.694,-2.065788,-2.4075987,0.45585707,-0.2003461
6.660829,-2.0957124,-2.4227188,0.45795727,-0.1986542
6.6270432,-2.1252775,-2.4377818,0.46005747,-0.1969623
6.5926476,-2.1544735,-2.4527867,0.4616586,-0.19088075
6.5576544,-2.1832843,-2.4673846,0.46325976,-0.18479918
6.522081,-2.2117121,-2.4815717,0.4648609,-0.17871763
6.485943,-2.2397604,-2.4953446,0.46679017,-0.17473058
6.449244,-2.2674422,-2.5088694,0.46871945,-0.17074355
6.411995,-2.2947567,-2.5221431,0.4706487,-0.16675651
6.3742065,-2.3217027,-2.5351632,0.47295612,-0.158953
6.335834,-2.3483186,-2.54764,0.4752635,-0.15114948
6.2968965,-2.374613,-2.5595672,0.47757092,-0.14334598
6.257412,-2.4005966,-2.5709379,0.48023772,-0.13771386
6.21738,-2.4262927,-2.5819256,0.48290452,-0.13208175
6.1768136,-2.451707,-2.5925252,0.48557132,-0.12644963
6.1357245,-2.4768462,-2.6027312,0.4881906,-0.11929671
6.0941215,-2.50172,-2.6124148,0.49080986,-0.11214378
6.0520196,-2.5263417,-2.6215692,0.49342912,-0.104990855
6.009435,-2.5507252,-2.6301875,0.49608722,-0.09842461
5.966383,-2.5748863,-2.6383123,0.49874535,-0.09185837
5.922877,-2.5988395,-2.6459372,0.50140345,-0.08529214
5.878931,-2.6225998,-2.6530564,0.5039859,-0.076780096
5.834559,-2.646184,-2.6594992,0.50656825,-0.068268046
5.78978,-2.6696155,-2.6652586,0.5091507,-0.059756003
5.7446136,-2.6929197,-2.6703262,0.5121985,-0.054382313
5.6990447,-2.71614,-2.6749666,0.5152463,-0.04900862
5.653084,-2.7392917,-2.6791735,0.5182941,-0.04363493
5.606742,-2.7623916,-2.6829414,0.5223892,-0.040161956
5.5599394,-2.7855012,-2.6864371,0.523,-0.036688983
5.5129957,-2.808477,-2.6896346,0.523,-0.03321601
5.465973,-2.8313053,-2.6925294,0.523,-0.015755916
5.418864,-2.854007,-2.6939027,0.523,0.0017041803
5.3717184,-2.8766468,-2.6937542,0.523,0.019164275
5.3245845,-2.8992894,-2.6920838,0.523,0.026333356
5.2774963,-2.922007,-2.6897886,0.523,0.033502437
5.23047,-2.944828,-2.686869,0.523,0.040671516
5.1835237,-2.9677799,-2.6833246,0.523,0.047872603
5.136674,-2.9908905,-2.6791534,0.523,0.05507369
5.089938,-3.014188,-2.6743553,0.523,0.062274776
5.0433345,-3.0376992,-2.6689305,0.523,0.0659401
4.9968696,-3.0614576,-2.6631868,0.523,0.06960541
4.950554,-3.0854764,-2.6571245,0.523,0.07327072
4.9043965,-3.109769,-2.6507435,0.523,0.081241384
4.8584237,-3.1343408,-2.6436696,0.523,0.08921204
4.812657,-3.15922,-2.6359036,0.523,0.09718269
4.7671185,-3.1844351,-2.627446,0.523,0.10606469
4.721836,-3.2100112,-2.618218,0.523,0.114946686
4.676836,-3.2359786,-2.6082203,0.523,0.12382869
4.6321454,-3.2623663,-2.5974543,0.523,0.1284396
4.5877676,-3.2892182,-2.5862894,0.523,0.13305053
4.543719,-3.3165472,-2.5747259,0.523,0.13766144
4.5000167,-3.344366,-2.5627644,0.523,0.14145327
4.4566736,-3.3726907,-2.5504754,0.523,0.14524509
4.413705,-3.40153,-2.5378594,0.523,0.14903691
4.3711276,-3.4308925,-2.5249164,0.523,0.15112075
4.3289475,-3.4607942,-2.5117936,0.523,0.1532046
4.2871766,-3.4912374,-2.4984915,0.523,0.15528846
4.2458277,-3.5222232,-2.48501,0.5224255,0.15584543
4.2049484,-3.5537262,-2.4714952,0.521851,0.15640242
4.164547,-3.5857408,-2.4579475,0.5212765,0.1569594
4.1246305,-3.618261,-2.444367,0.51714057,0.15700409
4.085473,-3.651058,-2.43089,0.51300466,0.15704876
4.0470705,-3.6841128,-2.4175174,0.50886875,0.15709344
4.00942,-3.7174075,-2.404249,0.5038493,0.15514204
3.9725702,-3.7508755,-2.391273,0.4988299,0.15319063
3.9365096,-3.784491,-2.3785868,0.49381047,0.15123922
3.9012263,-3.8182285,-2.3661869,0.4918358,0.14761175
3.8664844,-3.852283,-2.3541307,0.48986113,0.14398429
3.8322752,-3.8866336,-2.3424158,0.48788646,0.14035684
3.7985895,-3.9212606,-2.3310404,0.4859724,0.13590217
3.7654102,-3.9561527,-2.3200667,0.48405832,0.1314475
3.7327251,-3.991289,-2.3094926,0.48214424,0.12699284
3.7005224,-4.026649,-2.2993152,0.4796789,0.11979147
3.668816,-4.0621843,-2.289761,0.4772136,0.11259011
3.6375854,-4.097867,-2.2808251,0.47474825,0.105388746
3.6068103,-4.1336694,-2.2725017,0.47271365,0.09939857
3.5764463,-4.1695943,-2.2646835,0.47067904,0.09340839
3.5464764,-4.205621,-2.2573664,0.46864444,0.08741821
3.516883,-4.2417283,-2.2505472,0.46335995,0.070630096
3.4878287,-4.2776756,-2.2450972,0.45807546,0.05384198
3.4592702,-4.313406,-2.2409885,0.452791,0.03705386
3.431165,-4.348867,-2.2381928,0.44099626,0.022998387
3.403877,-4.383495,-2.2365026,0.42920154,0.008942914
3.3773699,-4.4172497,-2.235863,0.4174068,-0.0051125586
3.3516116,-4.4500937,-2.2362187,0.4022838,-0.022264386
3.326781,-4.481732,-2.2377112,0.38716078,-0.039416213
3.3028514,-4.512129,-2.240254,0.3720378,-0.056568038
3.2798011,-4.541256,-2.2437596,0.35444638,-0.06444659
3.257754,-4.5689154,-2.2475643,0.336855,-0.07232515
3.2367127,-4.595108,-2.2516212,0.3192636,-0.0802037
3.2166817,-4.6198363,-2.2558844,0.30087668,-0.080133
3.1977053,-4.6430607,-2.2598984,0.28248975,-0.08006229
3.1798007,-4.664794,-2.2636638,0.26410285,-0.079991594
3.1629853,-4.6850495,-2.2671812,0.24930415,-0.06974803
3.1470325,-4.7041287,-2.2700768,0.23450544,-0.05950447
3.131965,-4.7220435,-2.272401,0.21970676,-0.049260914
3.1178014,-4.738805,-2.2742043,0.21175824,-0.034105837
3.1041124,-4.754945,-2.2754076,0.20380972,-0.01895076
3.090913,-4.7704697,-2.2760513,0.1958612,-0.0037956834
3.078217,-4.785383,-2.2761753,0.18735458,0.0052121044
3.0660706,-4.799648,-2.2760124,0.17884797,0.014219892
3.054479,-4.813265,-2.2755888,0.17034134,0.02322768
3.0434458,-4.826237,-2.2749293,0.16158465,0.033894442
3.0329912,-4.838546,-2.2740166,0.15282795,0.044561207
3.023118,-4.850191,-2.272882,0.14407125,0.055227973
3.0138278,-4.861174,-2.2715566,0.13496725,0.083493076
3.0051556,-4.8714547,-2.2696805,0.12586327,0.11175819
2.9971085,-4.88103,-2.2673411,0.11675928,0.14002329
2.9896908,-4.889899,-2.264625,0.110586785,0.15074234
2.9826992,-4.898304,-2.2618573,0.10441429,0.16146138
2.976131,-4.906245,-2.2590597,0.0982418,0.17218044
2.9699829,-4.913721,-2.2562544,0.09382677,0.17486139
2.964134,-4.9208736,-2.2535338,0.08941174,0.17754233
2.9585814,-4.9277015,-2.250902,0.084996715,0.18022327
2.953323,-4.934203,-2.2483628,0.08200384,0.17964447
2.9482646,-4.9404893,-2.2459207,0.07901096,0.17906567
2.9434054,-4.9465585,-2.243575,0.07601809,0.17848687
