-3.169198,1.118477,-2.7969787,0.12044299,0.0
-3.1805341,1.114408,-2.7969787,0.12017637,0.09984501
-3.191789,1.1103683,-2.7949822,0.11990975,0.19969001
-3.2028427,1.1063758,-2.791018,0.11964314,0.299535
-3.213579,1.1024498,-2.785134,0.1382916,0.39900267
-3.2255208,1.098003,-2.7761796,0.15694006,0.49847034
-3.238395,1.0930774,-2.7636745,0.17558852,0.597938
-3.2518833,1.0877225,-2.7472003,0.19970106,0.69390374
-3.2660568,1.0818236,-2.725914,0.2238136,0.7898694
-3.2804704,1.0754615,-2.6994197,0.24792613,0.8858352
-3.2946467,1.0687498,-2.667419,0.26983255,0.96926934
-3.3082318,1.0617776,-2.6303406,0.29173896,1.0
-3.321979,1.0540653,-2.5894256,0.3136454,1.0
-3.336407,1.0451764,-2.5454385,0.32571736,1.0
-3.3509698,1.0352955,-2.499758,0.33778933,1.0
-3.3655887,1.0243692,-2.4523847,0.3498613,1.0
-3.380177,1.0123483,-2.4033184,0.3497689,1.0
-3.3941548,0.9996297,-2.354265,0.3496765,1.0
-3.4074883,0.9862445,-2.3052247,0.3495841,1.0
-3.4201465,0.9722255,-2.2561972,0.34594163,1.0
-3.4319777,0.9577553,-2.2076805,0.34229913,1.0
-3.4429762,0.9428866,-2.1596746,0.33865663,1.0
-3.4531393,0.9276709,-2.1121798,0.3364266,1.0
-3.4625065,0.9120931,-2.0649974,0.33419654,1.0
-3.4710712,0.8961969,-2.0181282,0.3319665,1.0
-3.4788299,0.8800255,-1.9715714,0.33111015,1.0
-3.4858093,0.86355317,-1.9251348,0.33025378,1.0
-3.4920006,0.84681803,-1.8788183,0.3293974,1.0
-3.4973962,0.82985824,-1.8326219,0.3321815,1.0
-3.5020418,0.81252205,-1.7860351,0.3349656,1.0
-3.5059073,0.7948414,-1.7390578,0.3377497,1.0
-3.5089633,0.7768504,-1.69169,0.3453108,1.0
-3.5112135,0.7583294,-1.6432618,0.35287195,1.0
-3.512594,0.73931366,-1.5937732,0.36043307,1.0
-3.5130413,0.7198445,-1.5432242,0.36689845,1.0
-3.5124948,0.7000284,-1.4917685,0.37336382,1.0
-3.5109022,0.67991847,-1.439406,0.37982917,1.0
-3.5082135,0.6595731,-1.3861368,0.3849725,1.0
-3.5043945,0.6391266,-1.3321463,0.39011583,1.0
-3.4994118,0.6186459,-1.2774345,0.39525914,1.0
-3.4932363,0.59820235,-1.2220012,0.40341422,1.0
-3.485787,0.57771826,-1.1654243,0.41156927,1.0
-3.4770174,0.5572833,-1.1077038,0.41972435,1.0
-3.4668868,0.53699404,-1.0488394,0.42231596,1.0
-3.4555104,0.5172145,-0.9896117,0.42490757,1.0
-3.4429061,0.498026,-0.93002045,0.4274992,1.0
-3.429098,0.47951,-0.87006575,0.42458862,1.0
-3.4143064,0.46197486,-0.8105192,0.42167807,1.0
-3.3986058,0.44546503,-0.7513809,0.4187675,1.0
-3.3820717,0.43001935,-0.6926508,0.41047883,1.0
-3.3650045,0.41585675,-0.63508314,0.40219015,1.0
-3.347511,0.4029653,-0.57867795,0.39390144,1.0
-3.3296936,0.39132547,-0.5234352,0.3838067,1.0
-3.3117328,0.38095984,-0.46960813,0.37371197,1.0
-3.293727,0.37182233,-0.4171968,0.3636172,1.0
-3.2757657,0.36386165,-0.36620125,0.35876006,1.0
-3.257667,0.35692084,-0.3158869,0.3539029,1.0
-3.2394917,0.35098058,-0.26625374,0.34904575,1.0
-3.2212973,0.3460184,-0.21730176,0.34762776,1.0
-3.2029567,0.341969,-0.16854864,0.34620976,1.0
-3.184516,0.33883107,-0.119994394,0.34479177,1.0
-3.1660206,0.33660105,-0.071639016,0.34728414,1.0
-3.147305,0.33525798,-0.022934098,0.3497765,1.0
-3.1284113,0.3348246,0.026120365,0.35226887,1.0
-3.1093848,0.33532166,0.07552437,0.35277027,1.0
-3.0903788,0.33675984,0.124998696,0.35327166,1.0
-3.0714405,0.33913952,0.17454334,0.3537731,1.0
-3.0526164,0.3424589,0.2241583,0.3552717,1.0
-3.0339012,0.34672576,0.27398345,0.3567703,1.0
-3.0153437,0.35194135,0.32401875,0.35826892,1.0
-2.9969938,0.35810432,0.37426424,0.36101446,1.0
-2.9788382,0.36523536,0.42489478,0.36376,1.0
-2.9609318,0.37333724,0.47591034,0.36650556,1.0
-2.94333,0.38240966,0.52731097,0.36852515,0.9995393
-2.9261107,0.39243653,0.57897955,0.37054476,0.99907863
-2.9093292,0.40340695,0.6309159,0.37256435,0.9986179
-2.8930397,0.41530672,0.68311983,0.3726326,0.97209185
-2.8767514,0.42856258,0.73442304,0.37270084,0.94556576
-2.860561,0.44318116,0.7847891,0.3727691,0.91903967
-2.8445625,0.4591602,0.8341822,0.378979,0.9363325
-2.8294716,0.47580025,0.88505316,0.3851889,0.9536254
-2.8153553,0.49305314,0.937408,0.39139882,0.97091824
-2.802277,0.5108632,0.9912517,0.3965452,0.9602941
-2.7898273,0.5298843,1.045404,0.40169156,0.94966996
-2.7781029,0.5501079,1.0998482,0.40683794,0.93904585
-2.7672014,0.57151854,1.1545675,0.4180004,0.87411004
-2.7563567,0.5960507,1.208,0.4291629,0.80917424
-2.7458463,0.6237393,1.2597654,0.44032538,0.74423844
-2.7359335,0.65457565,1.309479,0.4577385,0.6945691
-2.7268474,0.68855107,1.3583086,0.47515163,0.6448998
-2.7188392,0.72566926,1.4059123,0.49256477,0.59523046
-2.7121449,0.7659014,1.4519424,0.5133521,0.5493918
-2.7069535,0.8093734,1.4966185,0.523,0.5035531
-2.7035587,0.85505563,1.53868,0.523,0.4577144
-2.702052,0.9019479,1.5771989,0.523,0.40294194
-2.7023602,0.9500583,1.6113791,0.523,0.3481695
-2.7043548,0.9991797,1.6411185,0.523,0.29339707
-2.7078726,1.049121,1.6663276,0.523,0.27064592
-2.7126796,1.0992875,1.6896319,0.523,0.24789473
-2.7186906,1.1496311,1.7110195,0.523,0.22514358
-2.7258158,1.2001108,1.7304791,0.523,0.16350658
-2.734021,1.2510568,1.744668,0.523,0.10186958
-2.7430217,1.3023012,1.7535323,0.523,0.040232588
-2.752518,1.3536887,1.7570384,0.523,-0.0051742853
-2.762202,1.4050837,1.7565873,0.523,-0.050581157
-2.7718508,1.4564178,1.7521802,0.523,-0.09598803
