8.047868,1.0362625,-0.90331256,-0.13705269,0.0
8.039384,1.0470264,-0.90331256,-0.16614127,0.0677925
8.029123,1.0600449,-0.9051883,-0.19522986,0.135585
8.017178,1.0752596,-0.90958655,-0.22431843,0.2033775
8.003687,1.092599,-0.9171378,-0.2530935,0.19529559
7.9885893,1.1123092,-0.92532355,-0.2818686,0.18721369
7.971929,1.134432,-0.9340672,-0.3106437,0.17913178
7.9537544,1.1590095,-0.943292,-0.3214341,0.17122942
7.9351583,1.1846489,-0.9524204,-0.3322245,0.16332705
7.9161553,1.2113589,-0.9614238,-0.3430149,0.1554247
7.8967595,1.2391473,-0.97027355,-0.3210287,0.1379377
7.878791,1.2653819,-0.9776305,-0.29904252,0.12045068
7.862196,1.2899982,-0.98361933,-0.27705634,0.10296367
7.846928,1.3129412,-0.9883654,-0.26699498,0.10475843
7.8323226,1.3351164,-0.9930185,-0.2569336,0.10655318
7.8183694,1.3565171,-0.9975728,-0.24687225,0.10834794
7.805059,1.3771367,-1.002022,-0.23209327,0.10094087
7.7926216,1.3965924,-1.00592,-0.2173143,0.0935338
7.7810397,1.4148678,-1.0093029,-0.20253533,0.08612673
7.7702956,1.431948,-1.0122066,-0.18894349,0.086285725
7.7603188,1.4479109,-1.0149204,-0.17535166,0.08644471
7.7511005,1.4627503,-1.0174435,-0.16175982,0.0866037
7.742631,1.4764607,-1.0197755,-0.15134493,0.09841802
7.7347455,1.4892927,-1.022254,-0.14093003,0.11023234
7.727442,1.5012451,-1.0248379,-0.13051511,0.122046664
7.720715,1.5123163,-1.0274861,-0.12349363,0.13426304
7.7143884,1.5227923,-1.0302413,-0.11647214,0.14647941
7.708459,1.5326719,-1.0330746,-0.109450646,0.15869579
7.7029233,1.5419543,-1.0359573,-0.10285535,0.1534149
7.6977425,1.5506996,-1.038577,-0.09626004,0.14813401
7.692911,1.5589032,-1.0409448,-0.08966474,0.14285311
7.6884255,1.5665615,-1.0430723,-0.08825224,0.13382204
7.6840215,1.5741179,-1.0450349,-0.086839736,0.12479096
7.679697,1.5815706,-1.0468364,-0.085427225,0.11575989
7.6754513,1.5889177,-1.0484809,-0.08527937,0.09888621
7.671218,1.5962726,-1.0498841,-0.08513151,0.082012534
7.666995,1.6036317,-1.0510464,-0.084983654,0.06513886
7.662783,1.6109922,-1.0519683,-0.08503246,0.04567836
7.6585712,1.6183687,-1.0526155,-0.08508127,0.02621786
7.654359,1.6257573,-1.0529872,-0.08513008,0.006757361
7.650145,1.6331543,-1.0530831,-0.08673275,-0.016183395
7.645853,1.6406898,-1.0528492,-0.08833543,-0.03912415
7.6414833,1.648359,-1.0522733,-0.089938104,-0.062064905
7.6370344,1.6561555,-1.0513436,-0.08859645,-0.07467635
7.6326485,1.663825,-1.050242,-0.0872548,-0.08728779
7.6283255,1.671366,-1.0489742,-0.085913144,-0.09989923
7.6240644,1.6787767,-1.047546,-0.0861881,-0.10347776
7.6197805,1.6862024,-1.0460624,-0.08646305,-0.10705628
7.6154737,1.6936426,-1.0445225,-0.086738,-0.11063481
7.6111436,1.7010968,-1.0429264,-0.08594882,-0.115879565
7.6068435,1.708472,-1.0412701,-0.08515964,-0.12112432
7.6025734,1.7157679,-1.0395552,-0.08437046,-0.12636907
7.598333,1.7229841,-1.0377829,-0.084376305,-0.13533513
7.5940847,1.7301848,-1.0358856,-0.084382154,-0.14430118
7.589828,1.7373688,-1.0338632,-0.084388,-0.15326723
7.585562,1.7445351,-1.031716,-0.08483474,-0.16050862
7.581263,1.7517219,-1.0294563,-0.085281484,-0.16775
7.5769305,1.7589281,-1.0270832,-0.08572823,-0.17499137
7.572563,1.7661526,-1.0245956,-0.08673177,-0.17198142
7.5681243,1.7734545,-1.0221218,-0.08773532,-0.16897148
7.563614,1.7808337,-1.0196627,-0.088738866,-0.16596152
7.559031,1.7882898,-1.0172194,-0.093961835,-0.15839928
7.554153,1.7961825,-1.0147492,-0.099184796,-0.15083706
7.548977,1.8045111,-1.0122652,-0.104407765,-0.14327483
7.5435004,1.8132745,-1.0097805,-0.109374784,-0.12779576
7.537729,1.8224599,-1.0074573,-0.114341795,-0.1123167
7.531661,1.8320664,-1.0053214,-0.119308814,-0.09683763
7.5252986,1.8420929,-1.0033988,-0.119599156,-0.082112834
7.5188923,1.8521447,-1.0017638,-0.1198895,-0.06738803
7.5124474,1.8622215,-1.0004183,-0.12017984,-0.052663226
7.505967,1.872323,-0.99936396,-0.1216672,-0.039540213
7.499392,1.8825487,-0.9985624,-0.123154566,-0.026417201
7.4927254,1.8928987,-0.99802023,-0.124641925,-0.01329419
7.485971,1.9033726,-0.9977441,-0.1258492,-0.0021052181
7.4791474,1.9139471,-0.9976999,-0.12705646,0.009083753
7.472258,1.9246223,-0.99789226,-0.12826374,0.020272726
7.4653068,1.9353985,-0.9983256,-0.12989281,0.027224094
7.458273,1.9463128,-0.9989149,-0.13152187,0.034175463
7.451159,1.9573658,-0.9996639,-0.13315094,0.04112683
