3.5438974,-5.985457,1.348488,0.19049653,0.0
3.5480976,-5.966876,1.348488,0.16062047,0.0994439
3.5516214,-5.951287,1.3511457,0.1307444,0.1988878
3.554414,-5.938778,1.3554511,0.10086833,0.2983317
3.5564742,-5.9293594,1.3603925,0.07097659,0.39822006
3.5578406,-5.922961,1.3649796,0.041084852,0.4981084
3.5585783,-5.9194283,1.3682511,0.011193114,0.5979968
3.5587642,-5.918522,1.3693014,-0.018752318,0.69794554
3.5584767,-5.9199295,1.3672929,-0.04869775,0.7978943
3.5577896,-5.9232597,1.3614825,-0.07864319,0.8978431
3.556771,-5.9280543,1.3512329,-0.10858556,0.9977222
3.5554886,-5.9338007,1.3360267,-0.13852793,1.0
3.5537477,-5.94108,1.3165988,-0.16847031,1.0
3.5514586,-5.94989,1.2929716,-0.1984471,1.0
3.548518,-5.9602013,1.2651404,-0.22842388,1.0
3.544804,-5.971971,1.2331051,-0.25840068,1.0
3.5401785,-5.985144,1.1968656,-0.28839356,1.0
3.5344868,-5.999649,1.1564198,-0.31838644,1.0
3.5275607,-6.0153956,1.1117676,-0.34837934,1.0
3.5192206,-6.0322704,1.0629091,-0.378369,1.0
3.5092783,-6.050133,1.0098447,-0.4083587,1.0
3.4975407,-6.0688157,0.9525744,-0.43834838,1.0
3.4838138,-6.088116,0.8910981,-0.46831587,1.0
3.467909,-6.1077957,0.82541907,-0.49828333,1.0
3.449649,-6.127579,0.7555373,-0.523,1.0
3.42908,-6.146955,0.68218905,-0.523,1.0
3.4071465,-6.1647716,0.6088408,-0.523,1.0
3.3839662,-6.1809325,0.5354926,-0.523,1.0
3.3596642,-6.1953516,0.46214437,-0.523,0.9301112
3.3316815,-6.2092905,0.39226404,-0.523,0.86022246
3.300159,-6.2223315,0.32619277,-0.523,0.7903337
3.2653005,-6.234123,0.26425317,-0.523,0.70311105
3.2267892,-6.2445436,0.20789173,-0.523,0.6158885
3.185018,-6.2533545,0.15753694,-0.523,0.52866584
3.1404173,-6.26044,0.113571666,-0.523,0.44105372
3.093427,-6.2657995,0.07636087,-0.523,0.35344157
3.0445027,-6.2695427,0.04618998,-0.523,0.26582944
2.9940937,-6.2718725,0.023290453,-0.523,0.19442275
2.942793,-6.273068,0.006449836,-0.523,0.12301605
2.8908892,-6.2734027,-0.004246039,-0.523,0.051609356
2.8386593,-6.273181,-0.0087426575,-0.523,-0.008811677
2.7863634,-6.2727237,-0.007974583,-0.523,-0.06923271
2.7341902,-6.2723074,-0.0019446185,-0.523,-0.12965374
2.6823294,-6.272207,0.00932523,-0.523,-0.20020914
2.6310763,-6.2726846,0.026660439,-0.523,-0.27076456
2.5806997,-6.274028,0.04997475,-0.523,-0.3
2.530798,-6.276524,0.075734265,-0.523,-0.3
2.480977,-6.2803044,0.101493776,-0.523,-0.3
2.4312701,-6.2853665,0.12725328,-0.523,-0.3
2.38171,-6.2917075,0.1530128,-0.523,-0.3
2.3323295,-6.299323,0.17877232,-0.523,-0.3
2.2831619,-6.3082075,0.20453182,-0.523,-0.3
2.234239,-6.3183556,0.23029134,-0.523,-0.3
2.185594,-6.3297606,0.25605085,-0.523,-0.3
2.137259,-6.342415,0.28181034,-0.523,-0.3
2.0892658,-6.3563094,0.30756986,-0.523,-0.3
2.0416465,-6.3714356,0.33332938,-0.523,-0.3
1.9944323,-6.3877835,0.3590889,-0.523,-0.3
1.9476551,-6.405342,0.3848484,-0.523,-0.3
1.9013456,-6.4240994,0.4106079,-0.523,-0.3
1.8555347,-6.4440436,0.43636742,-0.523,-0.3
1.8102525,-6.465161,0.46212694,-0.523,-0.3
1.7655294,-6.4874372,0.48788646,-0.523,-0.3
1.7213948,-6.5108585,0.51364595,-0.523,-0.3
1.6778781,-6.5354085,0.53940547,-0.523,-0.3
1.6350082,-6.5610714,0.565165,-0.523,-0.3
1.5928135,-6.58783,0.5909245,-0.523,-0.3
1.551322,-6.6156664,0.616684,-0.523,-0.3
1.5105612,-6.6445622,0.64244354,-0.523,-0.3
1.4705583,-6.6744986,0.668203,-0.523,-0.3
1.4313396,-6.7054553,0.6939625,-0.523,-0.3
1.3929313,-6.7374115,0.71972203,-0.523,-0.3
1.355359,-6.7703466,0.74548155,-0.523,-0.3
1.3186473,-6.804239,0.77124107,-0.523,-0.3
1.2828207,-6.839065,0.7970006,-0.523,-0.3
1.247903,-6.8748026,0.8227601,-0.523,-0.3
1.2139174,-6.9114275,0.8485196,-0.523,-0.3
1.1808864,-6.9489155,0.87427914,-0.523,-0.3
1.148832,-6.987242,0.9000386,-0.523,-0.3
1.1177753,-7.0263815,0.9257981,-0.523,-0.3
1.087737,-7.066308,0.95155764,-0.523,-0.3
1.058737,-7.1069946,0.97731715,-0.523,-0.3
1.0307947,-7.148415,1.0030767,-0.5145334,-0.3
1.0043634,-7.1898594,1.0284191,-0.5060668,-0.3
0.97940826,-7.231267,1.0533447,-0.49760017,-0.3
0.95589304,-7.272581,1.0778532,-0.47878096,-0.3
0.93424803,-7.3128753,1.1014347,-0.45996174,-0.3
0.9143724,-7.352065,1.1240894,-0.44114253,-0.3
0.8961663,-7.390074,1.1458172,-0.4250684,-0.3
0.87942344,-7.4270697,1.1667532,-0.4089943,-0.3
0.8640624,-7.4629965,1.1868975,-0.39292017,-0.3
0.8500033,-7.4978013,1.2062502,-0.37519023,-0.3
0.8372243,-7.531289,1.2247295,-0.3574603,-0.3
0.82564074,-7.563414,1.2423357,-0.33973035,-0.3
0.815171,-7.5941343,1.2590686,-0.32098562,-0.3
0.805766,-7.6233215,1.2748781,-0.30224085,-0.3
0.79734576,-7.650941,1.2897645,-0.28349608,-0.3
0.7898342,-7.6769614,1.3037277,-0.2684422,-0.3
0.78306633,-7.701698,1.3169494,-0.25338835,-0.3
0.7769872,-7.725129,1.3294296,-0.23833449,-0.3
0.7715447,-7.747238,1.3411684,-0.22449632,-0.3
0.7666631,-7.768122,1.3522255,-0.21065815,-0.3
0.7622993,-7.7877684,1.3626012,-0.19681999,-0.3
0.75841284,-7.806165,1.3722953,-0.18443906,-0.3
0.7549381,-7.823439,1.3813795,-0.17205814,-0.3
0.7518432,-7.8395824,1.389854,-0.15967721,-0.3
0.74909806,-7.854588,1.3977185,-0.1502143,-0.3
0.7466267,-7.8687243,1.4051172,-0.14075139,-0.3
0.744409,-7.8819866,1.4120497,-0.13128848,-0.3
0.74242634,-7.8943715,1.418516,-0.12725085,-0.3
0.7405822,-7.9063873,1.4247836,-0.12321322,-0.3
0.7388696,-7.918033,1.4308522,-0.11917558,-0.3
0.7372815,-7.929307,1.436722,-0.11209511,-0.3
0.73585004,-7.93992,1.4422431,-0.105014645,-0.3
0.7345639,-7.9498696,1.4474154,-0.09793418,-0.3
0.73341244,-7.959154,1.452239,-0.097653896,-0.3
0.732309,-7.968418,1.4570488,-0.09737362,-0.3
0.73125315,-7.9776607,1.4618448,-0.09709334,-0.3
0.7302445,-7.9868813,1.4666269,-0.09191423,-0.3
0.7293315,-7.9956145,1.471154,-0.08673512,-0.3
0.7285072,-8.0038595,1.475426,-0.08155601,-0.3
0.72776526,-8.011616,1.479443,-0.08132392,-0.2809801
0.7270525,-8.019396,1.4832014,-0.08109183,-0.2619602
0.7263673,-8.027199,1.4867015,-0.08085974,-0.24294029
0.725708,-8.03502,1.4899434,-0.07842368,-0.2534325
0.72509485,-8.042586,1.4932206,-0.07598762,-0.26392472
0.72452635,-8.0499,1.4965245,-0.07355156,-0.27441692
0.724001,-8.056961,1.4998463,-0.072903335,-0.24785617
0.7235,-8.064011,1.5028272,-0.07225511,-0.22129542
0.7230212,-8.071043,1.5054704,-0.07160689,-0.19473466
0.7225626,-8.078053,1.5077798,-0.07071975,-0.21123815
0.72212714,-8.084955,1.5102512,-0.0698326,-0.22774163
0.7217155,-8.091745,1.5128789,-0.06894545,-0.2442451
0.72132826,-8.098424,1.5156577,-0.06752447,-0.22228459
0.7209653,-8.1050005,1.5181388,-0.06610348,-0.20032409
0.7206243,-8.111469,1.520331,-0.06468249,-0.17836358
0.72030324,-8.117827,1.5222437,-0.064688444,-0.18907925
0.71999484,-8.124173,1.52427,-0.06469439,-0.19979495
0.7197,-8.130507,1.5264101,-0.064700335,-0.21051064
0.71941924,-8.136828,1.5286634,-0.06769577,-0.18651173
0.71913904,-8.143475,1.5307555,-0.0706912,-0.16251282
0.7188598,-8.150445,1.5326618,-0.07368663,-0.13851392
0.71858156,-8.157738,1.5343575,-0.07462283,-0.16842696
0.7183135,-8.16509,1.5364424,-0.075559035,-0.19834001
0.71805906,-8.172493,1.5389237,-0.07649524,-0.22825305
0.71782166,-8.17994,1.5418086,-0.076504685,-0.19111033
0.7176039,-8.187448,1.5442306,-0.07651413,-0.15396759
0.7174031,-8.195006,1.5461863,-0.07652358,-0.116824865
0.7172161,-8.202604,1.5476729,-0.07888677,-0.14028955
0.7170355,-8.210413,1.5495113,-0.08124996,-0.16375421
0.7168649,-8.218428,1.551719,-0.08361315,-0.18721889
0.7167081,-8.226642,1.5543127,-0.08408488,-0.17437156
0.7165716,-8.234921,1.556744,-0.084556624,-0.16152424
0.7164544,-8.243266,1.5590105,-0.08502836,-0.1486769
0.71635526,-8.251675,1.5611097,-0.08683428,-0.14288718
0.716272,-8.260269,1.5631706,-0.0886402,-0.13709743
0.71620506,-8.26905,1.5651896,-0.090446115,-0.1313077
0.71615475,-8.278016,1.5671633,-0.0912511,-0.12530626
0.7161219,-8.287069,1.569064,-0.09205609,-0.11930483
0.71610606,-8.29621,1.5708902,-0.09286108,-0.11330339
0.71610695,-8.305436,1.57264,-0.09198484,-0.12016825
0.71612376,-8.3145685,1.5744778,-0.09110859,-0.1270331
0.716157,-8.323606,1.5764016,-0.09023235,-0.13389795
0.71620715,-8.332548,1.5784092,-0.08856654,-0.11240922
0.71627414,-8.341349,1.580065,-0.08690074,-0.09092049
0.71635437,-8.350002,1.58138,-0.08523493,-0.06943177
0.7164444,-8.358505,1.5823656,-0.08065147,-0.09048209
0.7165373,-8.366537,1.5835803,-0.076068,-0.11153241
0.7166339,-8.374096,1.5849913,-0.071484536,-0.13258274
0.71673447,-8.381181,1.5865662,-0.06887067,-0.09448926
0.7168426,-8.388036,1.5876492,-0.066256806,-0.05639579
0.7169541,-8.39465,1.5882716,-0.063642934,-0.018302321
0.7170653,-8.401012,1.5884658,-0.060192514,-0.059333097
0.71717143,-8.407021,1.5890607,-0.05674209,-0.10036387
0.71727455,-8.412665,1.5900083,-0.05329167,-0.14139464
0.71737593,-8.41794,1.59126,-0.05237588,-0.089460194
0.7174827,-8.423156,1.5920398,-0.051460087,-0.037525736
0.7175919,-8.428297,1.5923616,-0.050544295,0.01440872
0.7177009,-8.43335,1.5922402,-0.047752842,-0.02908495
0.71780324,-8.438122,1.5924716,-0.044961393,-0.072578624
0.7179004,-8.442605,1.5930151,-0.042169943,-0.11607229
0.7179935,-8.446793,1.593829,-0.042361736,-0.07245545
0.7180908,-8.451016,1.5943401,-0.042553533,-0.028838605
0.7181909,-8.455269,1.5945446,-0.042745326,0.014778239
0.7182924,-8.459541,1.5944394,-0.04012434,-0.020850694
0.71838725,-8.463552,1.5945787,-0.037503358,-0.056479625
0.7184763,-8.467296,1.5949316,-0.034882378,-0.09210856
0.7185601,-8.470768,1.5954664,-0.035328884,-0.059794523
0.7186471,-8.474294,1.5958182,-0.035775393,-0.027480483
0.7187366,-8.477868,1.5959821,-0.036221903,0.0048335553
