-7.266841,0.88500774,1.9640305,0.7086518,0.0
-7.293995,0.95046407,1.9640305,0.523,0.084915124
-7.313963,0.9985982,1.9714234,0.5122025,0.16983025
-7.333651,1.0450841,1.9858518,0.501405,0.25474536
-7.3532176,1.0894866,2.0069106,0.48536012,0.35272884
-7.372458,1.1307712,2.034856,0.4693152,0.4507123
-7.391366,1.1685483,2.068929,0.45327032,0.54869574
-7.4098434,1.2025218,2.1083312,0.45366555,0.64443654
-7.428413,1.2336749,2.1537545,0.4540608,0.7401774
-7.446869,1.2616633,2.2047923,0.45445603,0.8359182
-7.464919,1.2862128,2.2609868,0.47270152,0.92736626
-7.482975,1.3080815,2.3240168,0.490947,1.0
-7.5011187,1.3274319,2.39287,0.50919247,1.0
-7.5212727,1.3461593,2.4642816,0.523,1.0
-7.5432925,1.3638685,2.5376298,0.523,1.0
-7.5665517,1.3799163,2.6109781,0.523,1.0
-7.590924,1.3942165,2.6843264,0.523,1.0
-7.616278,1.4066923,2.7576745,0.523,1.0
-7.642479,1.4172765,2.8310227,0.523,1.0
-7.669385,1.425912,2.904371,0.523,1.0
-7.6968517,1.4325527,2.9777193,0.523,1.0
-7.724731,1.4371628,3.0510674,0.523,1.0
-7.752873,1.4397173,3.1244156,0.523,1.0
-7.7811265,1.4402027,-3.0854216,0.523,1.0
-7.80934,1.4386163,-3.0120733,0.523,1.0
-7.837361,1.4349666,-2.938725,0.49556056,0.9231256
-7.8666463,1.4289426,-2.8728576,0.4681211,0.84625125
-7.8965597,1.4207046,-2.814436,0.4406817,0.7693769
-7.9265366,1.4105318,-2.7633398,0.42847037,0.70173675
-7.956947,1.3984472,-2.7172403,0.41625905,0.6340966
-7.9875064,1.3846402,-2.6761382,0.40404773,0.5664565
-8.017974,1.3693378,-2.6399996,0.40453222,0.5672856
-8.047888,1.3529338,-2.603771,0.4050167,0.5681147
-8.077208,1.3354452,-2.5674515,0.4055012,0.5689438
-8.105892,1.3168912,-2.5310414,0.40381467,0.5343554
-8.134366,1.2969671,-2.4967651,0.40212813,0.499767
-8.162574,1.2757529,-2.464647,0.4004416,0.46517864
-8.190471,1.253334,-2.4347086,0.40351063,0.4745877
-8.217762,1.2300237,-2.4039764,0.40657964,0.48399678
-8.244396,1.2058208,-2.3724446,0.4096487,0.49340588
-8.270319,1.1807271,-2.340108,0.4092874,0.46989176
-8.295705,1.1545111,-2.309221,0.40892607,0.44637766
-8.320533,1.1272329,-2.2797987,0.40856478,0.42286357
-8.34479,1.0989538,-2.2518547,0.41357553,0.44979
-8.36824,1.0700188,-2.221886,0.41858628,0.47671646
-8.39078,1.0404356,-2.1898735,0.423597,0.5036429
-8.412309,1.0102209,-2.1558008,0.41617587,0.47321716
-8.432765,0.97933686,-2.1241887,0.4087547,0.44279143
-8.452176,0.9479159,-2.094999,0.40133357,0.41236567
-8.47058,0.916084,-2.0681915,0.40896046,0.45884794
-8.488074,0.88386095,-2.0380025,0.41658735,0.5053302
-8.504493,0.8513155,-2.004391,0.42421427,0.55181247
-8.51967,0.8185334,-1.9673266,0.415522,0.5181559
-8.533611,0.78523654,-1.9330267,0.40682974,0.48449925
-8.546369,0.75157195,-1.9014455,0.3981375,0.45084265
-8.558003,0.71767753,-1.8725325,0.4062502,0.50594604
-8.568563,0.6837476,-1.8397187,0.4143629,0.56104946
-8.577885,0.6499246,-1.8029733,0.4224756,0.6161529
-8.585818,0.61637115,-1.7622819,0.4224125,0.6222767
-8.592351,0.5826752,-1.7212454,0.42234945,0.6284005
-8.597471,0.54889446,-1.6798656,0.42228636,0.6345243
-8.601173,0.51508754,-1.6381441,0.42775738,0.6625901
-8.603443,0.48143953,-1.5942875,0.43322837,0.69065595
-8.604228,0.44805428,-1.54829,0.4386994,0.71872175
-8.603484,0.415044,-1.5001484,0.4473438,0.7077746
-8.601086,0.38113916,-1.4516753,0.4559882,0.6968275
-8.59693,0.34641802,-1.4029007,0.46463257,0.6858803
-8.590921,0.31096748,-1.3538545,0.4751839,0.67560875
-8.58294,0.2747568,-1.3043267,0.4857352,0.6653372
-8.572877,0.23789224,-1.2543507,0.49628654,0.6550657
-8.56063,0.20049044,-1.2039601,0.5083638,0.62108123
-8.545802,0.16189843,-1.154656,0.520441,0.5870968
-8.528287,0.1222669,-1.1066066,0.523,0.5531123
-8.508364,0.082474135,-1.0608146,0.523,0.5208138
-8.4862175,0.042880993,-1.0174417,0.523,0.48851532
-8.4619465,0.0035904765,-0.9765331,0.523,0.4562168
-8.435658,-0.035311345,-0.9381314,0.523,0.4581604
-8.407924,-0.07313905,-0.8995777,0.523,0.460104
-8.378778,-0.10983433,-0.86087203,0.523,0.46204758
-8.348265,-0.14534004,-0.82201475,0.523,0.45147374
-8.316229,-0.17981222,-0.7839846,0.523,0.4408999
-8.282737,-0.21320997,-0.74678594,0.523,0.4303261
-8.247854,-0.24549754,-0.7104229,0.523,0.41223106
-8.211528,-0.27674797,-0.67549914,0.523,0.394136
-8.173842,-0.30694315,-0.6420262,0.523,0.37604097
-8.134883,-0.33607307,-0.61001503,0.523,0.35676774
-8.094715,-0.36414802,-0.5795723,0.523,0.33749455
-8.053425,-0.39117512,-0.55070937,0.523,0.31822133
-8.011094,-0.4171692,-0.52343684,0.523,0.3058726
-7.9679,-0.44209847,-0.49718875,0.523,0.29352385
-7.9238977,-0.46597642,-0.47196907,0.523,0.28117508
-7.8791447,-0.48882037,-0.44778162,0.523,0.26722845
-7.8336744,-0.5106608,-0.42476445,0.523,0.25328183
-7.7875423,-0.5315263,-0.40292203,0.523,0.23933521
-7.740802,-0.55144906,-0.38225856,0.523,0.23224758
-7.6935797,-0.57043403,-0.36219582,0.523,0.22515993
-7.645907,-0.5884977,-0.3427348,0.523,0.2180723
-7.5978155,-0.6056576,-0.32387647,0.523,0.2068038
-7.549291,-0.62194705,-0.3059783,0.523,0.1955353
-7.5003705,-0.637401,-0.28904253,0.523,0.18426682
-7.451089,-0.6520559,-0.27307135,0.523,0.17266956
-7.401476,-0.66595095,-0.258095,0.523,0.16107228
-7.3515625,-0.67912716,-0.2441155,0.523,0.14947502
-7.301379,-0.691627,-0.23113471,0.523,0.1498219
-7.25104,-0.7034738,-0.21812405,0.523,0.15016878
-7.200554,-0.7146641,-0.20508347,0.523,0.15051565
-7.149929,-0.7251945,-0.19201301,0.523,0.13286738
-7.0990424,-0.7350872,-0.18046544,0.523,0.115219116
-7.047933,-0.7444122,-0.17044438,0.523,0.09757085
-6.996636,-0.7532411,-0.16195296,0.523,0.052484773
-6.9450917,-0.76166266,-0.15738013,0.523,0.007398701
-6.8934393,-0.7698595,-0.15673521,0.523,-0.037687372
-6.841817,-0.77801746,-0.16001952,0.523,-0.07283873
-6.7903223,-0.7863287,-0.16636302,0.523,-0.107990086
-6.7390447,-0.7949389,-0.17575787,0.523,-0.14314145
