3.071791,-4.618383,1.592565,0.99740726,0.0
3.06962,-4.518666,1.592565,0.523,0.06707692
3.068484,-4.4664955,1.5984075,0.49499598,0.13415384
3.0671296,-4.4174595,1.6094419,0.46699193,0.20123076
3.0653617,-4.3717365,1.6249986,0.4791719,0.28546268
3.062871,-4.325826,1.6474879,0.4913519,0.36969456
3.0593607,-4.280145,1.6770779,0.5035319,0.45392647
3.0545602,-4.2351465,1.7138776,0.51731735,0.5103619
3.0481236,-4.1904683,1.7559952,0.523,0.5667974
3.0399988,-4.1471014,1.8027978,0.523,0.6232328
3.0302346,-4.105772,1.8536738,0.523,0.65326846
3.0186422,-4.065891,1.9066525,0.523,0.6833041
3.0052752,-4.027599,1.9616859,0.523,0.7133397
2.990207,-3.9910336,2.0187244,0.523,0.7352785
2.9734077,-3.9560723,2.0771954,0.523,0.7572172
2.9549723,-3.9228334,2.1370702,0.523,0.779156
2.9350085,-3.8914301,2.1983204,0.523,0.7946999
2.913498,-3.861774,2.2605274,0.523,0.81024384
2.8905573,-3.8339632,2.3236756,0.523,0.8257877
2.8663127,-3.8080883,2.3877501,0.523,0.8370043
2.8407774,-3.7841158,2.4524837,0.523,0.8482209
2.8140829,-3.7621238,2.5178678,0.523,0.8594374
2.7863672,-3.742181,2.5838945,0.523,0.8686809
2.757708,-3.724305,2.6504443,0.523,0.8779243
2.7282505,-3.7085493,2.7175117,0.523,0.8871678
2.6981435,-3.6949565,2.7850907,0.523,0.8957473
2.6675143,-3.68355,2.8531396,0.523,0.9043268
2.6365175,-3.6743522,2.9216535,0.523,0.91290635
2.6053092,-3.6673753,2.990627,0.523,0.9213367
2.5740402,-3.6626186,3.0600476,0.523,0.92976713
2.5428677,-3.660071,3.12991,0.523,0.93819755
2.5119476,-3.6597097,-3.082976,0.523,0.9457906
2.4813995,-3.6615024,-3.0122874,0.523,0.9533837
2.4513743,-3.6654067,-2.9412134,0.523,0.9609767
2.4220204,-3.6713686,-2.8697584,0.523,0.8652262
2.389351,-3.6804748,-2.8034036,0.523,0.7694757
2.3539128,-3.6929383,-2.7427566,0.523,0.6737252
2.3162482,-3.708811,-2.688373,0.523,0.60319304
2.277526,-3.72767,-2.6389258,0.523,0.5326609
2.238045,-3.7493753,-2.59466,0.523,0.46212873
2.19806,-3.773722,-2.5557964,0.523,0.46078178
2.159025,-3.799621,-2.5170379,0.523,0.45943484
2.1209974,-3.8270316,-2.4783845,0.523,0.4580879
2.0840333,-3.8559103,-2.4398365,0.523,0.43849814
2.04787,-3.886479,-2.4028273,0.523,0.41890842
2.012548,-3.918651,-2.367371,0.523,0.39931867
1.978097,-3.9523404,-2.3334816,0.523,0.40387192
1.9448718,-3.9871104,-2.2992265,0.523,0.40842515
1.9129194,-4.0229278,-2.264607,0.523,0.41297838
1.8822867,-4.0597563,-2.2296236,0.523,0.3947124
1.8527311,-4.0979304,-2.1961043,0.523,0.37644643
1.8242611,-4.1373653,-2.1640604,0.523,0.35818043
1.7968774,-4.177976,-2.1335022,0.523,0.3628919
1.7707936,-4.2193313,-2.1025598,0.523,0.36760336
1.7460463,-4.261398,-2.071234,0.523,0.3723148
1.7226715,-4.3041406,-2.039525,0.523,0.3554915
1.7005222,-4.3478827,-2.0091865,0.523,0.33866814
1.6795827,-4.392547,-1.9802271,0.523,0.3218448
1.6598318,-4.4380608,-1.9526548,0.523,0.32315195
1.6413512,-4.4840817,-1.9249744,0.523,0.3244591
1.624159,-4.530576,-1.897186,0.523,0.3257663
1.6082722,-4.5775094,-1.8692896,0.523,0.31094453
1.5936294,-4.6250997,-1.8426204,0.523,0.2961228
1.5801985,-4.6732864,-1.8171839,0.523,0.28130102
1.5679438,-4.7220135,-1.7929859,0.523,0.2677458
1.5568293,-4.77121,-1.7699252,0.523,0.25419056
1.5468161,-4.8208294,-1.7480061,0.523,0.2406353
1.5378621,-4.870827,-1.7272326,0.523,0.2306402
1.5299295,-4.9211206,-1.7073063,0.523,0.22064508
1.5229847,-4.971678,-1.688229,0.523,0.21064997
1.5169926,-5.0224695,-1.6700028,0.523,0.19757466
1.5119134,-5.0734997,-1.6528927,0.523,0.18449935
1.5076973,-5.124739,-1.6369016,0.523,0.17142406
1.5042932,-5.17616,-1.6220323,0.523,0.1543873
1.5016466,-5.22777,-1.6086283,0.523,0.13735053
1.4996871,-5.2795405,-1.5966934,0.523,0.120313756
1.4983426,-5.3314447,-1.5862314,0.523,0.103446566
1.4975396,-5.383459,-1.5772303,0.523,0.086579375
1.4972044,-5.435562,-1.569693,0.523,0.069712184
1.497262,-5.4877353,-1.5636213,0.523,0.05694723
1.4976367,-5.539949,-1.55866,0.523,0.04418228
1.4982708,-5.592194,-1.55481,0.523,0.03141732
1.4991064,-5.6444616,-1.552072,0.523,0.01915593
1.5000855,-5.696743,-1.5504024,0.523,0.006894541
1.5011519,-5.7490306,-1.5498013,0.523,-0.0053668497
1.5022498,-5.8013186,-1.5502692,0.523,-0.010961836
1.5033233,-5.8536043,-1.5512247,0.523,-0.016556824
1.5043467,-5.905887,-1.5526679,0.523,-0.02215181
1.5052946,-5.9581656,-1.5545986,0.523,-0.03485029
1.5061411,-6.010427,-1.5576358,0.523,-0.047548763
1.5068287,-6.0626636,-1.5617788,0.523,-0.060247242
1.5072994,-6.1148663,-1.5670272,0.523,-0.07090316
1.507496,-6.1670346,-1.5732024,0.523,-0.08155908
1.5073706,-6.2191606,-1.5803038,0.523,-0.09221499
1.5068755,-6.271236,-1.5883305,0.523,-0.10720944
1.5059637,-6.323228,-1.5976577,0.523,-0.12220389
1.5045695,-6.375119,-1.6082833,0.523,-0.13719833
1.5026278,-6.4268913,-1.6202049,0.523,-0.15001366
1.5000738,-6.478541,-1.6332321,0.523,-0.16282898
1.4968537,-6.5300484,-1.6473627,0.523,-0.17564431
1.4929148,-6.581393,-1.6625944,0.523,-0.18444467
1.4882017,-6.6325893,-1.6785809,0.523,-0.19324502
1.4826803,-6.683618,-1.6953207,0.523,-0.20204538
1.4763166,-6.734457,-1.7128128,0.523,-0.20338064
1.4690666,-6.7851634,-1.7304189,0.523,-0.20471591
1.4609274,-6.8357205,-1.7481389,0.523,-0.20605117
1.4518961,-6.8861113,-1.7659729,0.523,-0.21826512
1.4419937,-6.936201,-1.7848476,0.523,-0.23047906
1.4311779,-6.985956,-1.8047603,0.523,-0.24269299
1.4194082,-7.0353403,-1.825708,0.52185935,-0.2640517
1.4067051,-7.0840893,-1.8484083,0.52071863,-0.2854104
1.3930116,-7.1321416,-1.8728431,0.519578,-0.3
1.3782458,-7.179532,-1.8984342,0.50726765,-0.3
1.3626506,-7.225415,-1.9234188,0.49495733,-0.3
1.3463203,-7.2697906,-1.9477971,0.48264703,-0.3
1.329346,-7.3126616,-1.9715691,0.46529707,-0.3
1.3120041,-7.353591,-1.9944866,0.4479471,-0.3
1.2944103,-7.392601,-2.0165493,0.43059716,-0.3
1.2766749,-7.429718,-2.0377579,0.40894166,-0.28246394
1.2589948,-7.464787,-2.0567546,0.38728613,-0.2649279
1.2415375,-7.497837,-2.0736558,0.36563063,-0.24739183
1.224453,-7.5288987,-2.0885782,0.3512539,-0.2224791
1.207496,-7.558667,-2.1014955,0.33687714,-0.19756638
1.1907772,-7.5871563,-2.112516,0.3225004,-0.17265365
1.1743959,-7.614378,-2.12175,0.3162279,-0.124487996
1.1579695,-7.641113,-2.1282942,0.30995542,-0.07632234
1.1416186,-7.667339,-2.1322331,0.30368295,-0.028156687
1.1254568,-7.693035,-2.1336582,0.29492053,-0.0056616305
1.1097199,-7.717977,-2.1339364,0.28615814,0.016833425
1.0944457,-7.7421703,-2.1331336,0.27739576,0.03932848
