-7.9534373,2.8872933,0.54138076,0.36829203,0.0
-7.9218745,2.9062722,0.54138076,0.39759752,-0.065480314
-7.8878736,2.9267173,0.53704476,0.426903,-0.13096063
-7.851507,2.9483707,0.5277535,0.4562085,-0.19644095
-7.8128514,2.9709032,0.512913,0.48534483,-0.24990374
-7.7718763,2.99398,0.49290782,0.5144811,-0.3
-7.7285767,3.0172374,0.4675679,0.523,-0.3
-7.6839757,3.039757,0.4418084,0.523,-0.3
-7.6388087,3.0611205,0.41604888,0.523,-0.3
-7.593107,3.0813134,0.39028937,0.523,-0.3
-7.5469003,3.1003225,0.36452985,0.523,-0.3
-7.5002193,3.1181352,0.33877033,0.523,-0.3
-7.453095,3.1347396,0.31301084,0.523,-0.3
-7.4055586,3.1501248,0.28725132,0.523,-0.29511553
-7.3575697,3.1643019,0.26189888,0.523,-0.29023105
-7.309166,3.1772766,0.23695406,0.523,-0.28534657
-7.260383,3.1890574,0.21241751,0.523,-0.27373266
-7.211162,3.199673,0.18885401,0.523,-0.2621188
-7.1615467,3.209156,0.16626672,0.523,-0.2505049
-7.111578,3.2175415,0.14465871,0.523,-0.23780538
-7.0612807,3.2248688,0.124124825,0.523,-0.22510585
-7.010692,3.2311804,0.104668394,0.523,-0.21240631
-6.9598475,3.2365217,0.08629255,0.523,-0.20055534
-6.9087863,3.240939,0.06892777,0.523,-0.18870436
-6.857537,3.244477,0.052576486,0.523,-0.17685339
-6.8061237,3.2471826,0.037241,0.523,-0.1662942
-6.754581,3.249103,0.022812406,0.523,-0.15573503
-6.7029276,3.2502816,0.009292309,0.523,-0.14517584
-6.65118,3.2507625,-0.0033177817,0.523,-0.13804874
-6.5993776,3.2505906,-0.015312847,0.523,-0.13092163
-6.547531,3.2497966,-0.026692277,0.523,-0.12379453
-6.49565,3.2484114,-0.03745549,0.523,-0.12616019
-6.443802,3.2464685,-0.048423305,0.523,-0.12852584
-6.391994,3.243958,-0.059595656,0.523,-0.1308915
-6.340234,3.2408695,-0.07097248,0.523,-0.1369104
-6.2885537,3.2371955,-0.082869254,0.523,-0.1429293
-6.236964,3.2329106,-0.09528555,0.523,-0.1489482
-6.185478,3.2279897,-0.10822091,0.523,-0.15645242
-6.134119,3.2224097,-0.121802785,0.523,-0.16395664
-6.082903,3.2161405,-0.13603039,0.523,-0.17146085
-6.0318456,3.209152,-0.15090294,0.523,-0.17837898
-5.9809604,3.2014143,-0.16636932,0.523,-0.18529712
-5.9302654,3.1929016,-0.18242878,0.523,-0.19221525
-5.879781,3.1835883,-0.19908056,0.523,-0.19827104
-5.829518,3.1734476,-0.21625018,0.523,-0.20432682
-5.7794986,3.1624591,-0.233937,0.523,-0.21038261
-5.729745,3.1506028,-0.25214037,0.523,-0.2161047
-5.680277,3.1378586,-0.2708312,0.523,-0.22182679
-5.631118,3.1242096,-0.29000893,0.523,-0.22754888
-5.582294,3.1096394,-0.30967286,0.523,-0.23319468
-5.5338297,3.0941324,-0.32981595,0.523,-0.23884046
-5.4857535,3.0776749,-0.3504375,0.523,-0.24448624
-5.4380927,3.0602539,-0.37153688,0.523,-0.24274638
-5.39079,3.0418231,-0.39248908,0.523,-0.24100652
-5.3438635,3.022397,-0.41329405,0.523,-0.23926666
-5.2973313,3.0019903,-0.4339517,0.523,-0.24155536
-5.251257,2.9806387,-0.4548031,0.523,-0.24384406
-5.205663,2.9583437,-0.47584817,0.523,-0.24613275
-5.1605744,2.9351075,-0.49708676,0.523,-0.24481544
-5.115975,2.910911,-0.518214,0.523,-0.24349813
-5.071882,2.8857696,-0.5392298,0.523,-0.24218082
-5.0283127,2.8596985,-0.5601341,0.523,-0.2444458
-4.985322,2.8327377,-0.5812301,0.523,-0.24671079
-4.942934,2.8048916,-0.60251755,0.523,-0.24897578
-4.901172,2.7761662,-0.62399644,0.523,-0.24999024
-4.8600473,2.746558,-0.645561,0.523,-0.2510047
-4.819581,2.716078,-0.6672112,0.523,-0.25201914
-4.7797947,2.6847372,-0.6889471,0.523,-0.2530081
-4.740709,2.6525474,-0.7107664,0.523,-0.25399706
-4.7023444,2.6195207,-0.7326692,0.523,-0.25498602
-4.664722,2.5856707,-0.75465536,0.523,-0.23921019
-4.627706,2.5508633,-0.77530825,0.523,-0.22343439
-4.5912814,2.5151665,-0.79462266,0.523,-0.20765857
-4.55543,2.4786472,-0.81259376,0.523,-0.20885785
-4.520249,2.4414988,-0.8306671,0.523,-0.21005712
-4.485754,2.4037302,-0.84884274,0.523,-0.2112564
-4.4519596,2.365351,-0.86712056,0.523,-0.19684948
-4.4187737,2.3262439,-0.8841687,0.523,-0.18244256
-4.3861694,2.286467,-0.8999835,0.523,-0.16803564
-4.3541164,2.2460766,-0.9145618,0.523,-0.17300305
-4.3226824,2.2052581,-0.9295668,0.523,-0.17797047
-4.291892,2.1640089,-0.9449981,0.523,-0.18293789
-4.2617683,2.1223273,-0.9608554,0.523,-0.1677226
-4.2322307,2.0800595,-0.97540677,0.523,-0.1525073
-4.2032394,2.0372612,-0.98864883,0.523,-0.13729201
-4.1747546,1.9939871,-1.0005786,0.523,-0.13634434
-4.1467843,1.9503703,-1.0124265,0.523,-0.13539669
-4.119329,1.9064196,-1.0241926,0.523,-0.13444902
-4.0923896,1.8621433,-1.0358768,0.523,-0.123683035
-4.065932,1.8174927,-1.0466303,0.523,-0.11291705
-4.039923,1.7725028,-1.056452,0.523,-0.10215107
-4.0143275,1.727207,-1.0653406,0.523,-0.102034464
-3.9891353,1.6816849,-1.0742192,0.523,-0.10191785
-3.9643478,1.6359403,-1.0830877,0.523,-0.10180124
-3.9399667,1.5899773,-1.0919461,0.523,-0.0831251
-3.9159522,1.54372,-1.0991834,0.523,-0.06444897
-3.8922405,1.497226,-1.1047974,0.523,-0.04577283
-3.8687658,1.4505515,-1.1087859,0.523,-0.052600853
-3.8454854,1.4037994,-1.1133687,0.523,-0.05942888
-3.8224282,1.3569592,-1.118546,0.523,-0.06625691
-3.799624,1.3100203,-1.1243172,0.523,-0.038273674
-3.7770576,1.2628816,-1.1276525,0.523,-0.010290438
-3.7546337,1.2156359,-1.1285495,0.523,0.017692799
-3.7322543,1.168375,-1.1270074,0.523,-0.0022851706
-3.7097986,1.1211413,-1.1272066,0.523,-0.02226314
-3.6873577,1.0739148,-1.1291469,0.523,-0.042241108
-3.665023,1.0266753,-1.1328279,0.523,-0.003524196
-3.6428425,0.97931194,-1.1331351,0.523,0.035192717
-3.6206906,0.9319708,-1.1300681,0.523,0.073909625
-3.5984404,0.88479763,-1.1236315,0.523,0.029391706
-3.575835,0.8376603,-1.1210699,0.523,-0.015126216
-3.5531018,0.7905661,-1.1223884,0.523,-0.05964414
-3.5304685,0.7435204,-1.1275842,0.523,0.00481199
-3.5080402,0.69627416,-1.1271648,0.523,0.06926812
-3.4856455,0.64915013,-1.1211318,0.523,0.13372424
-3.4631157,0.6024697,-1.1095102,0.523,0.07052139
-3.439895,0.5557524,-1.1033682,0.523,0.0073185326
-3.4163294,0.5090639,-1.1027303,0.523,-0.055884324
-3.3927705,0.462462,-1.1075989,0.523,0.015027893
-3.369405,0.41567823,-1.106289,0.523,0.08594011
-3.346062,0.36909238,-1.0988071,0.523,0.15685233
-3.3225753,0.32308242,-1.0851909,0.523,0.09559657
-3.298276,0.27703986,-1.0768707,0.523,0.0343408
-3.273496,0.23101799,-1.0738779,0.523,-0.026914965
-3.2485726,0.18506002,-1.0762237,0.523,0.030716836
-3.22376,0.13904876,-1.0735466,0.523,0.08834864
-3.1989095,0.09326168,-1.0658556,0.523,0.14598045
-3.1738782,0.04797541,-1.0531762,0.523,0.08912136
-3.148102,0.0027071245,-1.045418,0.523,0.032262266
-3.1218853,-0.04251585,-1.0426064,0.523,-0.024596822
-3.0955355,-0.08767478,-1.0447501,0.523,0.02524053
-3.069283,-0.13288936,-1.0425502,0.523,0.07507788
-3.0429971,-0.17793323,-1.036012,0.523,0.12491523
-3.0165498,-0.22258042,-1.025152,0.523,0.066319734
-2.9894674,-0.2671878,-1.0193753,0.523,0.0077242376
-2.9620683,-0.31173462,-1.018702,0.523,-0.05087126
-2.934674,-0.35620672,-1.0231344,0.523,-0.0040457426
-2.907442,-0.40085715,-1.023487,0.523,0.042779773
-2.8802505,-0.44547674,-1.0197592,0.523,0.08960529
-2.8529775,-0.48985663,-1.0119591,0.523,0.03926128
-2.8252695,-0.53416616,-1.0085377,0.523,-0.0110827265
-2.79739,-0.578412,-1.0095036,0.523,-0.061426736
-2.7696042,-0.622604,-1.0148547,0.523,-0.032966815
-2.7420182,-0.6670037,-1.0177277,0.523,-0.004506898
-2.7145452,-0.7115062,-1.0181206,0.523,0.02395302
-2.6870975,-0.75600713,-1.0160329,0.523,-0.010792762
-2.6595504,-0.8004609,-1.0169736,0.523,-0.045538545
-2.6320722,-0.844897,-1.0209417,0.523,-0.08028433
-2.60483,-0.88934433,-1.0279323,0.523,-0.06472567
-2.577869,-0.93403155,-1.0335703,0.523,-0.049167007
-2.5511365,-0.9789098,-1.0378543,0.523,-0.033608347
-2.5245795,-1.0239311,-1.0407833,0.523,-0.05516038
-2.49818,-1.068987,-1.045589,0.523,-0.076712415
-2.4720342,-1.114105,-1.0522692,0.523,-0.09826444
-2.4462392,-1.1593109,-1.0608208,0.5194613,-0.09018376
-2.4209845,-1.2044631,-1.068618,0.5159225,-0.08210307
-2.396235,-1.2495332,-1.0756699,0.51238376,-0.07402239
-2.371956,-1.2944949,-1.0819855,0.5102747,-0.09150086
-2.348095,-1.3393581,-1.0897564,0.5081656,-0.108979344
-2.3247216,-1.3841405,-1.098968,0.5060565,-0.12645783
-2.3019042,-1.428857,-1.1096054,0.50064456,-0.120936655
-2.2797875,-1.4733634,-1.119672,0.49523258,-0.11541549
-2.2583401,-1.5176357,-1.129177,0.48982063,-0.10989432
-2.2375312,-1.5616513,-1.1381304,0.48735827,-0.12038751
-2.2172446,-1.6055759,-1.1478854,0.4848959,-0.1308807
-2.1975138,-1.6494154,-1.1584325,0.48243356,-0.14137389
-2.178372,-1.6931738,-1.1697619,0.4784998,-0.13596226
-2.1598651,-1.7368207,-1.1805716,0.47456604,-0.13055064
-2.1419663,-1.7803361,-1.190868,0.47063226,-0.12513901
-2.1246493,-1.8237016,-1.2006582,0.47003794,-0.128589
-2.1077864,-1.8671604,-1.2107041,0.4694436,-0.13203901
-2.091389,-1.9107115,-1.2210048,0.46884924,-0.135489
-2.0754685,-1.9543537,-1.2315599,0.46870637,-0.122104004
-2.0599878,-1.998224,-1.2410747,0.46856353,-0.108719006
-2.0449061,-2.0422945,-1.2495482,0.46842065,-0.09533401
-2.0301828,-2.0865386,-1.2569797,0.4702334,-0.100626215
-2.0157406,-2.1310391,-1.2648526,0.47204617,-0.10591842
-2.0016026,-2.1757994,-1.2731702,0.4738589,-0.11121063
-1.9877925,-2.220822,-1.2819351,0.4745417,-0.10179209
-1.9743446,-2.2660747,-1.289972,0.4752245,-0.09237356
-1.96123,-2.3115408,-1.2972779,0.4759073,-0.08295502
-1.948419,-2.357205,-1.3038502,0.47738764,-0.08429018
-1.9358709,-2.4030893,-1.3105488,0.47886798,-0.085625336
-1.9235938,-2.4491942,-1.3173743,0.48034832,-0.08696049
-1.9115961,-2.495519,-1.3243275,0.4813833,-0.08259224
-1.8998913,-2.5420434,-1.3309463,0.48241824,-0.078223996
-1.8884661,-2.588761,-1.3372294,0.4834532,-0.07385575
-1.8773072,-2.6356654,-1.3431749,0.48490453,-0.072441265
-1.8663934,-2.6827812,-1.3490243,0.48635584,-0.07102677
-1.8557227,-2.730106,-1.3547769,0.48780718,-0.06961228
-1.8452921,-2.7776375,-1.3604319,0.48967436,-0.06807255
-1.8350906,-2.8254147,-1.3659831,0.49154156,-0.06653282
-1.8251156,-2.873435,-1.3714297,0.49340874,-0.06499309
-1.8153642,-2.9216964,-1.3767706,0.4940764,-0.085347205
-1.8058727,-2.9700005,-1.3837901,0.49474406,-0.10570132
-1.7967257,-3.018341,-1.3924898,0.49541172,-0.12605543
-1.7880087,-3.0667098,-1.4028704,0.49354205,-0.15267295
-1.7798557,-3.1148038,-1.4153801,0.4916724,-0.17929047
-1.7723671,-3.1625998,-1.4299935,0.48980272,-0.20590799
-1.7656385,-3.2100708,-1.4466841,0.4891396,-0.22996858
-1.7597426,-3.257331,-1.4652671,0.48847646,-0.25402918
-1.7547625,-3.3043478,-1.4857266,0.48781332,-0.2780898
-1.7507769,-3.3510854,-1.5080456,0.49133277,-0.29950398
-1.7478329,-3.397939,-1.5322065,0.4948522,-0.3
-1.7460091,-3.4451787,-1.5565797,0.4983716,-0.3
-1.7453322,-3.4927852,-1.5811262,0.50679445,-0.3
-1.7458323,-3.5411987,-1.6060876,0.5152173,-0.3
-1.747569,-3.5903885,-1.6314638,0.523,-0.3
-1.7505983,-3.6402607,-1.6572232,0.523,-0.3
-1.7549112,-3.6900384,-1.6829827,0.523,-0.3
-1.7605047,-3.7396884,-1.7087423,0.523,-0.3
-1.7673752,-3.789178,-1.7345017,0.523,-0.27959698
-1.7755679,-3.8387747,-1.758557,0.523,-0.25919396
-1.785004,-3.8884394,-1.780898,0.523,-0.23879091
-1.7956022,-3.9381378,-1.8015153,0.523,-0.19136734
-1.8073437,-3.9881225,-1.8180945,0.523,-0.14394376
-1.8200136,-4.038307,-1.8305984,0.523,-0.096520185
-1.8333863,-4.088617,-1.8389987,0.523,-0.0629135
-1.8472184,-4.138947,-1.844479,0.523,-0.029306818
-1.8613479,-4.189279,-1.8470331,0.523,0.004299867
-1.8756119,-4.239596,-1.8466583,0.523,0.014809251
-1.8898556,-4.2899127,-1.8453676,0.523,0.025318634
-1.9040314,-4.3402376,-1.8431609,0.523,0.035828017
-1.9180915,-4.3905773,-1.8400385,0.523,0.05634197
-1.9319813,-4.440913,-1.83513,0.523,0.07685592
-1.9456053,-4.4912477,-1.8284373,0.523,0.09736987
-1.9588681,-4.5415816,-1.8199633,0.523,0.13444889
-1.9716488,-4.5918093,-1.8082792,0.523,0.17152789
-1.9837722,-4.6418953,-1.7934008,0.523,0.20860691
-1.9950681,-4.691799,-1.7753488,0.523,0.23632908
-2.0053964,-4.7415853,-1.75494,0.523,0.26405126
-2.014641,-4.791219,-1.7321901,0.523,0.2917734
-2.02269,-4.8406577,-1.7071165,0.523,0.27853435
-2.0295236,-4.8904753,-1.6831503,0.523,0.26529533
-2.0351822,-4.9406276,-1.6602957,0.523,0.25205627
-2.039709,-4.991072,-1.6385567,0.523,0.22135782
-2.0431638,-5.041979,-1.6194189,0.523,0.19065937
-2.0456598,-5.093271,-1.6029003,0.523,0.15996093
-2.047317,-5.1448765,-1.5890163,0.523,0.11224537
-2.0482638,-5.1968384,-1.5792528,0.523,0.06452983
-2.0487053,-5.2490277,-1.5736319,0.523,0.016814286
-2.0488534,-5.30132,-1.5721663,0.523,0.0010809839
-2.0489252,-5.35362,-1.572072,0.523,-0.014652317
-2.048992,-5.4059143,-1.5733492,0.523,-0.030385619
-2.0491254,-5.45819,-1.5759975,0.523,-0.018600028
-2.0493972,-5.5104804,-1.5776186,0.523,-0.006814438
-2.0497541,-5.562778,-1.5782126,0.523,0.0049711526
-2.050142,-5.615076,-1.5777793,0.523,0.056404285
-2.0505066,-5.6672916,-1.5728654,0.523,0.10783742
-2.050614,-5.7192874,-1.5634837,0.523,0.15927055
-2.0502365,-5.770924,-1.5496593,0.49870262,0.212896
-2.0492063,-5.819658,-1.5320973,0.47440523,0.26652145
-2.0474358,-5.865389,-1.5112728,0.4501078,0.32014692
-2.0448942,-5.908037,-1.4876641,0.42902726,0.3037468
-2.0414946,-5.9488344,-1.4662774,0.40794668,0.28734666
-2.0374131,-5.987743,-1.447008,0.3868661,0.27094653
-2.0328107,-6.024733,-1.429751,0.35918438,0.27086586
-2.0279455,-6.058998,-1.4137334,0.33150265,0.27078515
-2.022949,-6.090547,-1.3989546,0.3038209,0.27070448
-2.0179431,-6.119392,-1.3854138,0.2749912,0.25472465
-2.013038,-6.1455474,-1.3738651,0.24616152,0.23874484
-2.008358,-6.169003,-1.3641629,0.21733183,0.22276503
-2.0040092,-6.1897483,-1.3561605,0.18857326,0.16394587
-2.0000467,-6.2079263,-1.351031,0.15981467,0.10512671
-1.996582,-6.223437,-1.348236,0.13105609,0.046307553
-1.9936924,-6.2362056,-1.3472248,0.101722054,-0.019748384
-1.9914374,-6.246123,-1.3475596,0.07238802,-0.08580432
-1.9898407,-6.253156,-1.3485936,0.043053985,-0.15186025
-1.9889029,-6.257307,-1.3496791,0.013297159,-0.1907684
-1.9886166,-6.258581,-1.3500993,-0.016459666,-0.22967654
-1.9889674,-6.257017,-1.3494748,-0.04621649,-0.2685847
-1.9899455,-6.25267,-1.3474307,-0.07610301,-0.25235942
-1.991578,-6.245484,-1.3442637,-0.10598952,-0.23613417
-1.9938924,-6.235442,-1.340131,-0.13587604,-0.2199089
-1.996924,-6.222533,-1.335191,-0.16575694,-0.2101309
-2.0007083,-6.20677,-1.3294286,-0.19563785,-0.2003529
-2.005291,-6.1881533,-1.3229394,-0.22551875,-0.1905749
-2.0107236,-6.166686,-1.3158196,-0.2552879,-0.12785777
-2.0171099,-6.1421843,-1.3103944,-0.285057,-0.06514065
-2.0244336,-6.1146984,-1.3073018,-0.31482613,-0.0024235188
-2.0326335,-6.0843024,-1.3071746,-0.34334823,0.06723598
-2.0415602,-6.0512285,-1.3110192,-0.37187037,0.13689548
-2.0510228,-6.0156255,-1.3194773,-0.40039247,0.20655496
-2.0607681,-5.9776683,-1.3331634,-0.4218419,0.2823285
-2.0703053,-5.938293,-1.3527504,-0.44329128,0.35810202
-2.0792863,-5.897759,-1.3786458,-0.4647407,0.43387553
-2.0873392,-5.856367,-1.4112078,-0.44099888,0.40257534
-2.093787,-5.816308,-1.4400042,-0.41725704,0.37127516
-2.098858,-5.7777576,-1.4652348,-0.39351523,0.33997497
-2.102767,-5.7408648,-1.4871053,-0.38429162,0.35248357
-2.105782,-5.7049246,-1.5092167,-0.37506804,0.36499217
-2.107938,-5.669955,-1.5315295,-0.36584443,0.37750077
-2.1092732,-5.6359725,-1.5540045,-0.35021886,0.3602686
-2.1098235,-5.603204,-1.5745814,-0.3345933,0.34303638
-2.1097043,-5.571694,-1.593338,-0.31896773,0.3258042
-2.109023,-5.541483,-1.6103534,-0.31202012,0.32369107
-2.1078532,-5.5119243,-1.626894,-0.30507252,0.32157794
-2.1062305,-5.4830265,-1.6429644,-0.29812488,0.3194648
-2.1041896,-5.4547963,-1.6585692,-0.28598154,0.31546524
-2.1018064,-5.427714,-1.6733572,-0.2738382,0.31146565
-2.0991375,-5.401785,-1.6873437,-0.26169485,0.3074661
-2.0962372,-5.377012,-1.7005438,-0.25057933,0.27588218
-2.0931177,-5.353104,-1.7119199,-0.23946378,0.24429825
-2.0898495,-5.3300996,-1.7215734,-0.22834826,0.21271434
-2.086497,-5.3080325,-1.7296079,-0.22205424,0.19711122
-2.0830534,-5.2865314,-1.7368556,-0.21576022,0.1815081
-2.0795455,-5.2656016,-1.7433469,-0.2094662,0.16590497
-2.0759983,-5.2452493,-1.7491122,-0.19297533,0.13827026
-2.0726082,-5.226439,-1.7535453,-0.17648444,0.11063554
-2.0694206,-5.209191,-1.7567929,-0.15999354,0.08300083
-2.066472,-5.1935215,-1.7590036,-0.15638603,0.04748536
-2.0635493,-5.1781764,-1.7602408,-0.1527785,0.011969882
-2.0606725,-5.1631727,-1.7605456,-0.14917098,-0.023545593
-2.0578597,-5.1485276,-1.7599603,-0.14058824,-0.03317375
-2.0552175,-5.134727,-1.759183,-0.1320055,-0.04280191
-2.0527477,-5.121772,-1.7582417,-0.12342275,-0.05243007
-2.0504508,-5.1096625,-1.7571636,-0.11750666,-0.063626535
-2.048278,-5.098139,-1.7559184,-0.11159058,-0.074823
-2.0462298,-5.087201,-1.7545282,-0.1056745,-0.086019464
-2.0443063,-5.07685,-1.753015,-0.09947934,-0.09584674
-2.0425117,-5.0671115,-1.7514284,-0.09328419,-0.10567402
-2.0408454,-5.057986,-1.7497884,-0.08708904,-0.1155013
-2.0393052,-5.0494733,-1.7481157,-0.081637464,-0.13401337
-2.037878,-5.0415096,-1.7462977,-0.0761859,-0.15252544
-2.0365632,-5.0340953,-1.7443684,-0.07073432,-0.17103751
-2.0353594,-5.02723,-1.7423619,-0.06078152,-0.18906316
-2.0343401,-5.0213475,-1.740458,-0.050828714,-0.20708883
-2.0335004,-5.0164447,-1.7387162,-0.040875908,-0.22511448
-2.0328345,-5.012516,-1.7371955,-0.02826173,-0.2574673
-2.0323818,-5.009821,-1.7359961,-0.015647551,-0.28982013
-2.0321352,-5.008342,-1.7352508,-0.0030333723,-0.3
-2.0320878,-5.008056,-1.7351015,0.01672647,-0.3
-2.032349,-5.0096326,-1.7359253,0.03648631,-0.3
-2.032922,-5.0130706,-1.7377223,0.05624615,-0.3
-2.033815,-5.018369,-1.7404927,0.08258679,-0.3
-2.0351474,-5.026146,-1.7445604,0.10892742,-0.3
-2.0369465,-5.0363955,-1.7499254,0.13526805,-0.3
-2.039249,-5.0491114,-1.7565877,0.16444701,-0.3
-2.042151,-5.0645514,-1.7646873,0.19362596,-0.3
-2.045715,-5.082702,-1.774224,0.22280492,-0.3
-2.0500154,-5.103549,-1.785198,0.25246873,-0.26379877
-2.055201,-5.127364,-1.7961699,0.28213257,-0.22759756
-2.0613434,-5.154155,-1.8067797,0.3117964,-0.19139636
-2.0685,-5.1839166,-1.8166653,0.34174308,-0.099378444
-2.076777,-5.2169,-1.8223163,0.37168977,-0.00736053
-2.0860271,-5.252898,-1.8227723,0.40163645,0.084657386
-2.096005,-5.291654,-1.8171121,0.43162456,0.175735
-2.106367,-5.332869,-1.8045352,0.4616127,0.26681262
-2.1166806,-5.3761864,-1.7842505,0.49160084,0.35789022
-2.1264346,-5.4211864,-1.7555493,0.5214353,0.3017262
-2.1355808,-5.470127,-1.7297236,0.523,0.24556217
-2.1436095,-5.520219,-1.7085332,0.523,0.18939814
