-1.9873899,4.84656,-2.5088136,0.9046786,0.0
-2.060342,4.7930584,-2.5088136,0.523,-0.09986558
-2.102306,4.762283,-2.517504,0.49392495,-0.19973116
-2.1415908,4.7339935,-2.533837,0.4648499,-0.29959673
-2.178052,4.708632,-2.5567026,0.4648426,-0.3
-2.2150784,4.684114,-2.5795977,0.46483526,-0.3
-2.2526555,4.66045,-2.6024923,0.46482795,-0.3
-2.290764,4.6376534,-2.6253867,0.4710003,-0.3
-2.3298974,4.6154437,-2.648585,0.47717264,-0.3
-2.3700547,4.593869,-2.6720874,0.483345,-0.3
-2.411234,4.572977,-2.6958938,0.4941807,-0.3
-2.4538326,4.552625,-2.720234,0.5050164,-0.3
-2.497859,4.532892,-2.7451077,0.5158521,-0.3
-2.543317,4.513861,-2.770515,0.523,-0.3
-2.5898805,4.495743,-2.7962747,0.523,-0.3
-2.6368952,4.4788303,-2.8220341,0.523,-0.3
-2.6843297,4.4631343,-2.8477936,0.523,-0.3
-2.732153,4.448665,-2.873553,0.523,-0.3
-2.7803328,4.4354324,-2.8993125,0.523,-0.3
-2.8288376,4.423445,-2.9250722,0.523,-0.3
-2.8776352,4.412711,-2.9508317,0.523,-0.3
-2.926693,4.403238,-2.976591,0.523,-0.3
-2.9759784,4.395031,-3.0023506,0.523,-0.263087
-3.02599,4.388022,-3.0250194,0.523,-0.226174
-3.0766122,4.382094,-3.0445666,0.523,-0.18926099
-3.1277368,4.377118,-3.0609655,0.523,-0.1545386
-3.1792455,4.372956,-3.0743825,0.523,-0.1198162
-3.2310534,4.3694687,-3.0848017,0.523,-0.085093796
-3.28308,4.366511,-3.09221,0.523,-0.059061922
-3.3352253,4.3639336,-3.0973551,0.523,-0.033030044
-3.3874457,4.361622,-3.1002338,0.523,-0.0069981692
-3.4396996,4.3594594,-3.100844,0.523,0.0086561795
-3.4919543,4.3573294,-3.1000893,0.523,0.02431053
-3.5441937,4.3551598,-3.0979705,0.523,0.039964877
-3.5964022,4.352881,-3.0944877,0.523,0.059286796
-3.6485524,4.3504224,-3.089323,0.523,0.078608714
-3.7006197,4.3476987,-3.082478,0.523,0.09793063
-3.7525783,4.3446236,-3.0739553,0.523,0.10957533
-3.8044457,4.3411098,-3.064423,0.523,0.12122003
-3.8562074,4.3371077,-3.0538826,0.523,0.13286473
-3.9078472,4.3325667,-3.0423353,0.523,0.1472554
-3.9593265,4.32744,-3.0295458,0.523,0.1616461
-4.010621,4.3216686,-3.015517,0.523,0.17603678
-4.061704,4.3151937,-3.0002515,0.523,0.18974236
-4.112553,4.3079586,-2.9838114,0.523,0.20344792
-4.1631384,4.29991,-2.9661996,0.523,0.2171535
-4.2134266,4.2909985,-2.9474194,0.523,0.2241321
-4.26346,4.2811594,-2.9280457,0.523,0.23111072
-4.3132133,4.27037,-2.9080796,0.523,0.23808932
-4.3626585,4.2586093,-2.8875215,0.523,0.24639265
-4.411751,4.245861,-2.866261,0.523,0.25469598
-4.4604573,4.232101,-2.8442993,0.523,0.26299933
-4.5087433,4.2173076,-2.8216379,0.523,0.26559395
-4.5566483,4.2014346,-2.7987583,0.523,0.2681886
-4.604144,4.184482,-2.7756603,0.523,0.27078325
-4.6512017,4.16645,-2.7523444,0.523,0.26936948
-4.6978445,4.1473184,-2.7291472,0.523,0.26795572
-4.744049,4.127102,-2.706069,0.523,0.26654196
-4.789792,4.1058164,-2.6831095,0.523,0.26832244
-4.835013,4.0834975,-2.6600003,0.523,0.27010295
-4.8796835,4.0601506,-2.6367416,0.523,0.27188343
-4.9237776,4.035784,-2.6133335,0.523,0.26969612
-4.9673157,4.010376,-2.5901089,0.523,0.26750877
-5.0102773,3.9839478,-2.567068,0.523,0.26532146
-5.0526443,3.9565206,-2.5442114,0.523,0.26933658
-5.094328,3.9281635,-2.5210168,0.523,0.2733517
-5.1352963,3.89888,-2.4974854,0.523,0.27736682
-5.175519,3.868675,-2.473617,0.523,0.27556053
-5.2150292,3.8375027,-2.4499002,0.523,0.27375427
-5.2538095,3.8053858,-2.4263349,0.523,0.27194798
-5.2918406,3.7723472,-2.4029212,0.523,0.2725025
-5.3290825,3.738433,-2.379461,0.523,0.273057
-5.365513,3.7036593,-2.3559542,0.523,0.27361155
-5.4011106,3.6680448,-2.3324008,0.523,0.2650892
-5.435941,3.631516,-2.3095636,0.523,0.2565669
-5.470006,3.5941162,-2.287444,0.523,0.24804458
-5.5033083,3.5558882,-2.266044,0.5208965,0.24247691
-5.5356994,3.517059,-2.2451987,0.51879305,0.23690926
-5.5671897,3.477669,-2.2249053,0.5166896,0.2313416
-5.5977902,3.4377573,-2.2051604,0.51878774,0.22141382
-5.6277866,3.3969917,-2.186172,0.5208859,0.21148606
-5.6571856,3.355406,-2.1679485,0.522984,0.20155828
-5.685997,3.313034,-2.1504986,0.5220148,0.18485123
-5.7141047,3.270105,-2.1345077,0.52104557,0.16814418
-5.741553,3.2266831,-2.1199746,0.52007633,0.15143713
-5.768389,3.1828308,-2.106898,0.5126748,0.1386807
-5.794325,3.139179,-2.0950863,0.5052733,0.12592426
-5.8194184,3.095785,-2.08451,0.49787176,0.113167815
-5.843728,3.0527012,-2.0751395,0.48952654,0.09508636
-5.8672767,3.0100372,-2.0673933,0.48118132,0.0770049
-5.890134,2.9678566,-2.061224,0.4728361,0.058923446
-5.912366,2.9262187,-2.0565832,0.45593193,0.047913976
-5.9336295,2.8859465,-2.0529435,0.43902776,0.036904503
-5.9539723,2.8470752,-2.0502439,0.4221236,0.02589503
-5.9734383,2.8096347,-2.0484223,0.4107567,0.003496909
-5.992319,2.7731562,-2.0481827,0.39938983,-0.01890121
-6.0106664,2.7376888,-2.0494409,0.38802296,-0.041299332
-6.0285225,2.7032764,-2.052111,0.37701502,-0.06775731
-6.045936,2.669935,-2.0563653,0.36600712,-0.09421529
-6.0629425,2.6377084,-2.062104,0.35499918,-0.12067326
-6.079569,2.6066353,-2.0692265,0.34478903,-0.116997376
-6.0959387,2.5765584,-2.0759344,0.33457884,-0.11332148
-6.1120257,2.5474668,-2.08224,0.32436866,-0.10964559
-6.127806,2.5193505,-2.0881557,0.3134374,-0.09757733
-6.1432347,2.4922383,-2.0932453,0.30250615,-0.08550908
-6.158275,2.466119,-2.097551,0.2915749,-0.07344081
-6.1728935,2.4409819,-2.101117,0.28631586,-0.076361164
-6.1873336,2.416355,-2.104757,0.28105682,-0.079281524
-6.201593,2.3922377,-2.108467,0.27579778,-0.082201876
-6.21567,2.3686292,-2.1122413,0.2708232,-0.04531672
-6.2296133,2.3454444,-2.1142862,0.2658486,-0.008431566
-6.2433605,2.322691,-2.1146595,0.260874,0.028453588
-6.2568536,2.3003767,-2.1134226,0.2547806,0.049621392
-6.2699943,2.2785852,-2.1113164,0.24868716,0.070789196
-6.282759,2.2573152,-2.1083848,0.24259375,0.091956995
