7.4146686,4.1157618,0.5564136,0.9627734,0.0
7.496423,4.1666102,0.5564136,0.523,-0.098001696
7.540621,4.1940994,0.54788476,0.498287,-0.19600339
7.582341,4.2195573,0.53171116,0.47357395,-0.2940051
7.621409,4.2425375,0.5088385,0.4435888,-0.22073792
7.6592083,4.263623,0.4926512,0.41360363,-0.14747076
7.695255,4.282973,0.48252228,0.38361844,-0.074203596
7.729143,4.3007245,0.4777823,0.35362205,0.02247498
7.760537,4.3169804,0.4791068,0.32362568,0.11915356
7.7890525,4.3317933,0.4855185,0.2936293,0.21583214
7.8144193,4.345178,0.4959991,0.26362935,0.3157723
7.836459,4.3571043,0.50964415,0.23362942,0.41571245
7.855116,4.3675313,0.52536905,0.2036295,0.5156526
7.8704424,4.376416,0.54210407,0.1736296,0.6155662
7.8825855,4.38373,0.55881363,0.1436297,0.7154798
7.8917775,4.3894777,0.57451665,0.1136298,0.8153934
7.898317,4.393711,0.5883036,0.08363229,0.9138543
7.902566,4.3965454,0.5993412,0.05363478,1.0
7.9049587,4.39818,0.60686326,0.023637272,1.0
7.906008,4.3989086,0.61017823,-0.006361141,1.0
7.905726,4.3987117,0.6092861,-0.036359552,1.0
7.904115,4.3975873,0.6041869,-0.06635796,1.0
7.9011645,4.3955503,0.59488046,-0.09635653,1.0
7.8968525,4.392633,0.58136696,-0.12635511,1.0
7.891147,4.3888836,0.56364626,-0.15635368,1.0
7.884006,4.3843703,0.5417184,-0.18635048,1.0
7.875379,4.379179,0.51558363,-0.21634726,1.0
7.8652096,4.3734155,0.485242,-0.24634406,1.0
7.853436,4.3672075,0.45069343,-0.27630016,1.0
7.839998,4.3607044,0.41194367,-0.30625626,1.0
7.8248353,4.3540792,0.36899272,-0.33621237,1.0
7.8078923,4.3475275,0.32184055,-0.3653648,0.9542872
7.787852,4.340845,0.27215692,-0.3945172,0.90857434
7.764487,4.334325,0.22030237,-0.42366964,0.86286145
7.737603,4.3283043,0.16665828,-0.43861917,0.79586357
7.7073393,4.3232136,0.114428386,-0.45356873,0.7288656
7.6737275,4.3193502,0.064080454,-0.46851826,0.66186774
7.6368446,4.3169837,0.01608925,-0.45128733,0.6081284
7.5998116,4.3163877,-0.026883265,-0.4340564,0.5543892
7.56292,4.31738,-0.06496622,-0.41682547,0.50064987
7.5264306,4.3197536,-0.09831196,-0.40582487,0.53099465
7.4916053,4.3231883,-0.132563,-0.39482427,0.56133944
7.4584746,4.327606,-0.16759184,-0.38382366,0.5916842
7.4270635,4.3329206,-0.20327206,-0.370488,0.5984877
7.3970847,4.3390994,-0.23806049,-0.35715234,0.6052911
7.368543,4.3460255,-0.27193052,-0.34381667,0.61209464
7.3414373,4.353584,-0.30485573,-0.32939565,0.62142265
7.315891,4.3616223,-0.33681768,-0.3149746,0.63075066
7.291883,4.370029,-0.3677771,-0.3005536,0.64007866
7.269389,4.378696,-0.39769515,-0.28573418,0.6290876
7.248089,4.387644,-0.4257165,-0.27091476,0.6180966
7.2279806,4.396762,-0.45188168,-0.25609535,0.60710555
7.2090583,4.4059463,-0.47623175,-0.23789127,0.57939637
7.191367,4.415072,-0.4979401,-0.2196872,0.55168724
7.1749296,4.424008,-0.5171307,-0.20148312,0.52397805
7.1597652,4.4326324,-0.533932,-0.18251179,0.48484743
7.1458654,4.4408503,-0.5481093,-0.16354047,0.44571677
7.1332707,4.4485397,-0.5598598,-0.14456916,0.4065861
7.1220193,4.455591,-0.56938875,-0.12531273,0.35328698
7.1121173,4.46193,-0.57661474,-0.106056295,0.29998785
7.1036234,4.467454,-0.5818382,-0.086799875,0.24668874
7.096591,4.4720793,-0.58537084,-0.07399391,0.22165127
7.0905747,4.4760675,-0.588082,-0.061187938,0.1966138
7.085582,4.479397,-0.5900742,-0.048381973,0.17157634
7.0816207,4.4820495,-0.5914509,-0.036155373,0.14341553
7.07865,4.4840446,-0.59231216,-0.023928773,0.115254715
7.0766783,4.4853716,-0.5927708,-0.011702172,0.087093905
7.0757113,4.486023,-0.59294045,0.0015881162,0.047094
7.075843,4.4859343,-0.592928,0.014878405,0.0070940913
7.0770764,4.4851027,-0.5929104,0.028168695,-0.032905817
7.0794115,4.4835296,-0.59306484,0.041431196,-0.077292815
7.0828366,4.481221,-0.59359807,0.054693695,-0.12167982
7.087337,4.478184,-0.5947045,0.0679562,-0.16606683
7.0928884,4.4744296,-0.59657675,0.08019747,-0.2166091
7.099368,4.470029,-0.5994494,0.092438735,-0.2671514
7.1067295,4.4649987,-0.60351646,0.10468001,-0.3
7.114963,4.459323,-0.6086723,0.11882247,-0.3
7.124276,4.4528327,-0.6145247,0.13296494,-0.3
7.1346545,4.4455085,-0.6210737,0.1471074,-0.3
7.146084,4.4373307,-0.62831926,0.16076575,-0.3
7.1585093,4.4283032,-0.6362375,0.17442413,-0.3
7.171912,4.418402,-0.6448285,0.18808249,-0.3
7.1862726,4.4076023,-0.6540922,0.19855078,-0.3
7.201326,4.396061,-0.66387147,0.20901905,-0.3
7.217053,4.383757,-0.6741664,0.21948734,-0.3
7.233434,4.370668,-0.6849768,0.22795027,-0.3
7.250299,4.3568907,-0.6962042,0.2364132,-0.3
7.267628,4.3424063,-0.7078483,0.24487613,-0.3
7.2854023,4.3271956,-0.7199093,0.2524081,-0.3
7.303532,4.311297,-0.73234123,0.2599401,-0.3
7.321998,4.2946935,-0.7451441,0.26747206,-0.3
7.3407793,4.2773666,-0.75831807,0.2748678,-0.3
7.3598433,4.2593083,-0.7718562,0.28226358,-0.3
7.379167,4.2405005,-0.7857587,0.28965932,-0.3
7.3987274,4.2209263,-0.80002534,0.29669908,-0.3
7.4184747,4.2005925,-0.8146388,0.30373886,-0.3
7.4383845,4.1794834,-0.82959896,0.31077862,-0.3
7.4584303,4.1575823,-0.84490585,0.3172395,-0.3
7.478548,4.1349154,-0.860531,0.32370037,-0.3
7.4987116,4.111469,-0.87647426,0.33016127,-0.3
7.518894,4.0872297,-0.89273584,0.33674765,-0.3
7.5390744,4.0621753,-0.9093218,0.34333405,-0.3
7.5592227,4.0362935,-0.92623216,0.34992045,-0.3
7.5793085,4.009571,-0.9434669,0.3579538,-0.3
7.5993814,3.9818857,-0.96109736,0.36598712,-0.3
7.6194024,3.9532216,-0.9791234,0.37402046,-0.3
7.639332,3.923564,-0.9975452,0.38319924,-0.3
7.6591873,3.8928077,-1.016419,0.392378,-0.3
7.67892,3.8609366,-1.035745,0.4015568,-0.3
7.69848,3.827936,-1.055523,0.41170493,-0.3
7.7178617,3.7937112,-1.0758009,0.42185304,-0.3
7.7370057,3.7582474,-1.0965786,0.43200117,-0.3
7.7558517,3.721531,-1.117856,0.44356275,-0.3
7.774396,3.6834285,-1.139703,0.45512432,-0.3
7.7925644,3.6439269,-1.1621194,0.4666859,-0.3
7.8102818,3.6030142,-1.1851053,0.4828495,-0.3
7.8276353,3.5602746,-1.2088872,0.49901313,-0.3
7.8445144,3.51569,-1.2334653,0.5151768,-0.3
7.8608036,3.469247,-1.2588395,0.523,-0.3
7.8761387,3.4216945,-1.2845991,0.523,-0.3
7.890244,3.3737628,-1.3103585,0.523,-0.3
7.9031096,3.3254838,-1.3361181,0.523,-0.3
7.9147277,3.276889,-1.3618776,0.523,-0.3
7.9250903,3.2280114,-1.387637,0.523,-0.3
7.9341908,3.178883,-1.4133966,0.523,-0.3
7.942023,3.1295366,-1.439156,0.523,-0.3
7.948581,3.080005,-1.4649156,0.523,-0.3
7.953861,3.0303206,-1.4906751,0.523,-0.3
7.9578605,2.9805167,-1.5164347,0.523,-0.3
7.960575,2.9306264,-1.5421941,0.523,-0.3
7.962004,2.8806827,-1.5679537,0.523,-0.3
7.962146,2.830719,-1.5937132,0.523,-0.3
7.961001,2.780768,-1.6194726,0.523,-0.3
7.95857,2.730863,-1.6452322,0.523,-0.2905491
7.9548435,2.680894,-1.6702036,0.523,-0.2810982
7.9498568,2.6308947,-1.6943846,0.523,-0.27164727
7.943646,2.5808966,-1.717773,0.523,-0.20827238
7.9361525,2.5302787,-1.7357965,0.523,-0.1448975
7.927652,2.4792295,-1.7483824,0.523,-0.08152263
7.9184437,2.427923,-1.7554806,0.51854694,-3.4749508e-05
7.9089212,2.3769503,-1.7554837,0.5140939,0.08145313
7.899512,2.3265827,-1.7485123,0.5096408,0.16294101
7.8906217,2.2770855,-1.7347332,0.4937455,0.22381243
7.8827643,2.229588,-1.7164689,0.47785023,0.28468382
7.876107,2.1842122,-1.6941012,0.46195492,0.34555525
7.8707614,2.1410773,-1.6680224,0.45366853,0.38468754
7.866679,2.0992246,-1.6396477,0.44538215,0.42381984
7.8638864,2.0587232,-1.6091208,0.4370958,0.46295214
7.862388,2.0196433,-1.576587,0.41968653,0.47390142
7.8621716,1.9823004,-1.5446655,0.4022773,0.4848507
7.8631015,1.9467213,-1.5134169,0.38486806,0.49579996
7.865043,1.9129245,-1.482901,0.36139363,0.495398
7.867834,1.8812525,-1.4542676,0.3379192,0.49499607
7.871291,1.8517183,-1.4275141,0.31444478,0.49459413
7.875243,1.8243257,-1.4026376,0.29259792,0.4804837
7.8795857,1.7987449,-1.3800974,0.2707511,0.4663733
7.8841696,1.7749997,-1.3598069,0.24890424,0.45226288
7.8888583,1.7531083,-1.3416783,0.22651397,0.46822262
7.8934493,1.733423,-1.3246406,0.20412368,0.48418236
7.8978515,1.7159015,-1.3088045,0.1817334,0.5001421
7.901982,1.7004983,-1.2942795,0.1622862,0.49384323
7.9058833,1.6867516,-1.2814585,0.14283901,0.48754433
7.909484,1.6746565,-1.2703062,0.12339183,0.48124546
7.912721,1.6642089,-1.2607869,0.11725508,0.45786643
7.91593,1.6541926,-1.2521484,0.11111833,0.43448737
7.9190874,1.6446205,-1.2443526,0.10498158,0.41110831
7.9221735,1.6355053,-1.2373604,0.099969454,0.40233088
7.9251842,1.6268133,-1.2308363,0.09495732,0.3935534
7.9281087,1.6185454,-1.2247673,0.08994519,0.38477597
7.930936,1.6107026,-1.2191405,0.08867572,0.37915552
7.9337735,1.602969,-1.2136701,0.08740625,0.3735351
7.9366183,1.5953445,-1.2083542,0.08613677,0.36791465
7.939468,1.5878295,-1.2031908,0.08266625,0.37093028
7.942237,1.5806398,-1.1981966,0.07919572,0.3739459
7.9449205,1.5737734,-1.193375,0.0757252,0.3769615
7.9475155,1.5672281,-1.1887293,0.07591436,0.3757326
7.9501486,1.5606754,-1.1840864,0.07610352,0.3745037
7.95282,1.5541155,-1.1794466,0.07629269,0.37327483
7.955529,1.5475488,-1.1748097,0.07344953,0.37829337
7.9581623,1.5412513,-1.1702884,0.070606366,0.3833119
7.9607153,1.5352212,-1.1658874,0.0677632,0.38833046
7.963186,1.5294566,-1.161611,0.06890506,0.3873533
7.965724,1.5236033,-1.1572729,0.07004692,0.38637614
7.9683313,1.5176619,-1.1528736,0.07118878,0.38539898
7.971009,1.511633,-1.1484133,0.06813805,0.39348567
7.9735885,1.505893,-1.1440592,0.065087326,0.40157232
7.976068,1.5004393,-1.1398191,0.062036593,0.40965897
7.9784455,1.4952693,-1.135701,0.06275727,0.4119364
7.9808693,1.4900544,-1.1315131,0.06347794,0.41421384
7.9833407,1.4847951,-1.1272551,0.06419861,0.41649127
7.9858603,1.4794921,-1.1229265,0.060903557,0.42370558
7.9882646,1.4744879,-1.1187532,0.0576085,0.43091986
7.9905505,1.4697794,-1.1147425,0.05431344,0.43813416
7.992717,1.4653637,-1.1109022,0.055474073,0.44348663
7.9949408,1.4608736,-1.1069349,0.056634706,0.44883907
7.997224,1.4563103,-1.1028391,0.057795335,0.45419154
7.9995666,1.451675,-1.0986129,0.061506134,0.46501514
8.002067,1.4467791,-1.0940161,0.065216936,0.47583872
8.004727,1.4416285,-1.0890368,0.068927735,0.48666233
