-5.182924,2.5031419,-2.8010228,0.47259438,0.0
-5.227469,2.4873562,-2.8010228,0.44419992,-0.09994969
-5.269129,2.4725928,-2.8084102,0.41580546,-0.19989938
-5.30764,2.4592645,-2.8221712,0.387411,-0.29984906
-5.3427806,2.447642,-2.8412433,0.3658646,-0.3
-5.3761683,2.4373012,-2.8592632,0.34431824,-0.3
-5.4077597,2.428137,-2.8762221,0.32277185,-0.3
-5.437516,2.42005,-2.8921196,0.30899993,-0.3
-5.466122,2.4127617,-2.9073389,0.29522803,-0.3
-5.493556,2.406215,-2.92188,0.2814561,-0.3
-5.5197983,2.4003546,-2.9357426,0.27572313,-0.3
-5.545583,2.3949707,-2.949323,0.26999018,-0.3
-5.570901,2.3900418,-2.9626207,0.2642572,-0.3
-5.5957427,2.3855479,-2.9756365,0.26306805,-0.3
-5.6205297,2.381396,-2.9885933,0.2618789,-0.3
-5.6452556,2.3775833,-3.0014918,0.26068977,-0.3
-5.669916,2.3741055,-3.0143316,0.26154423,-0.3
-5.6947002,2.3709342,-3.0272136,0.2623987,-0.3
-5.7196045,2.3680732,-3.0401375,0.26325315,-0.3
-5.7446246,2.3655262,-3.0531037,0.2641979,-0.3
-5.769766,2.3632956,-3.0661163,0.2651426,-0.3
-5.7950234,2.3613856,-3.0791755,0.2660873,-0.3
-5.8203945,2.3597999,-3.092281,0.26784104,-0.3
-5.845951,2.3585386,-3.1054733,0.2695948,-0.3
-5.87169,2.3576086,-3.1187518,0.27134854,-0.3
-5.897606,2.3570166,-3.1321166,0.27415875,-0.3
-5.923796,2.3567684,3.1375656,0.276969,-0.3
-5.950256,2.356875,3.1239238,0.2797792,-0.3
-5.9769797,2.3573472,3.110144,0.30109903,-0.2006603
-6.006471,2.358275,3.1001415,0.3224189,-0.1013206
-6.03852,2.3596041,3.094706,0.34373873,-0.0019809008
-6.072856,2.3612154,3.0945926,0.3695833,0.09760509
-6.1095977,2.3629434,3.1005952,0.39542788,0.19719107
-6.1483417,2.3645327,3.113507,0.42127243,0.29677707
-6.1886115,2.365664,3.1340399,0.44667608,0.3963818
-6.2298145,2.3659751,-3.120403,0.4720797,0.49598655
-6.2713246,2.3650954,-3.0829594,0.4974833,0.5955913
-6.3124366,2.362682,-3.0364447,0.47028598,0.4955943
-6.353578,2.3583403,-2.9991703,0.44308865,0.39559728
-6.394051,2.3525367,-2.9707122,0.4158913,0.29560024
-6.433257,2.345771,-2.9505198,0.4060602,0.19560699
-6.4723635,2.3382068,-2.937366,0.3962291,0.09561374
-6.510986,2.3302073,-2.9310615,0.386398,-0.004379511
-6.5487723,2.3221326,-2.9313436,0.38585082,-0.10404846
-6.5863037,2.3141234,-2.9380226,0.38530368,-0.20371741
-6.623258,2.3064947,-2.9510145,0.3847565,-0.3
-6.6593494,2.299532,-2.969965,0.38539976,-0.3
-6.695627,2.293244,-2.9889474,0.38604304,-0.3
-6.7320786,2.2876363,-3.0079613,0.3866863,-0.3
-6.768691,2.2827144,-3.0270069,0.39240336,-0.28930828
-6.8060536,2.2784142,-3.0456648,0.39812043,-0.27861655
-6.8441544,2.274748,-3.0639138,0.40383753,-0.26792482
-6.88298,2.2717261,-3.0817318,0.41462854,-0.2153996
-6.9234123,2.2693028,-3.096502,0.42541954,-0.16287437
-6.9653482,2.2674105,-3.1079996,0.43621057,-0.110349156
-7.00868,2.2659545,-3.1160057,0.44545373,-0.06193628
-7.0531254,2.264817,-3.1206012,0.4546969,-0.013523412
-7.098581,2.2638626,-3.121626,0.46394005,0.03488946
-7.144937,2.2629368,-3.1189287,0.4723459,0.07169235
-7.1920385,2.2618692,-3.1132896,0.48075172,0.108495235
-7.239812,2.2605166,-3.1046135,0.4891576,0.14529812
-7.288179,2.2587273,-3.0928094,0.49477172,0.15694174
-7.33699,2.2563443,-3.0799208,0.5003859,0.16858537
-7.386225,2.253304,-3.0659277,0.50600004,0.180229
-7.4358635,2.249541,-3.0508106,0.5090561,0.19778529
-7.485571,2.245016,-3.0341392,0.5121122,0.2153416
-7.5353107,2.2396505,-3.0159009,0.51516825,0.2328979
-7.5850415,2.2333667,-2.9960842,0.51518863,0.23451735
-7.63462,2.2261012,-2.9761317,0.51520896,0.23613681
-7.684027,2.217851,-2.956043,0.5152293,0.23775627
-7.7332416,2.208613,-2.9358182,0.5153253,0.2497034
-7.782122,2.19841,-2.914594,0.51542133,0.26165056
-7.8306327,2.187205,-2.8923728,0.51551735,0.2735977
-7.8787336,2.174963,-2.8691576,0.51342493,0.27936357
-7.9262657,2.1616833,-2.845562,0.5113325,0.28512946
-7.9732,2.147369,-2.8215907,0.5092401,0.29089534
-8.019508,2.1320226,-2.7972481,0.5075964,0.30276677
-8.065115,2.1156666,-2.7720237,0.50595266,0.3146382
-8.109978,2.0982883,-2.7459273,0.504309,0.32650962
-8.154054,2.0798779,-2.7189686,0.49920154,0.33339068
-8.197075,2.0605304,-2.6917415,0.4940941,0.3402717
-8.2390175,2.0402775,-2.664258,0.48898667,0.34715277
-8.27986,2.0191529,-2.6365309,0.48322257,0.35869187
-8.319457,1.9972596,-2.6082582,0.47745845,0.370231
-8.357786,1.97463,-2.5794652,0.47169435,0.3817701
-8.394824,1.9512992,-2.5501757,0.46429843,0.3828327
-8.430577,1.9272867,-2.5212693,0.45690247,0.38389528
-8.465049,1.9026603,-2.4927483,0.44950655,0.38495785
-8.498243,1.877486,-2.464615,0.44559076,0.37771276
-8.530528,1.8515401,-2.4372265,0.441675,0.37046763
-8.561901,1.8248796,-2.410575,0.43775925,0.36322254
-8.592366,1.7975605,-2.384653,0.4373066,0.362084
-8.622094,1.7694777,-2.3588357,0.43685398,0.3609455
-8.651071,1.7406543,-2.3331227,0.43640134,0.35980698
-8.679278,1.7111136,-2.3075137,0.43674213,0.35561982
-8.706785,1.680789,-2.28217,0.43708292,0.35143265
-8.733578,1.649705,-2.257093,0.43742374,0.3472455
-8.759642,1.6178857,-2.232283,0.4387832,0.34735584
-8.784986,1.5853301,-2.2073886,0.4401427,0.34746617
-8.809587,1.5520521,-2.1824093,0.44150218,0.34757653
-8.833422,1.5180669,-2.157345,0.44103462,0.34706712
-8.856377,1.4835253,-2.1323428,0.44056705,0.3465577
-8.878442,1.4484513,-2.107402,0.44009948,0.3460483
-8.899607,1.4128692,-2.082523,0.44019505,0.35820952
-8.919794,1.3769248,-2.056801,0.44029066,0.37037075
-8.938966,1.3406337,-2.0302398,0.44038624,0.38253197
-8.957084,1.3040149,-2.0028427,0.43843874,0.38518474
-8.974097,1.267117,-1.9753869,0.43649128,0.3878375
-8.990003,1.2299721,-1.9478742,0.4345438,0.39049026
-9.004799,1.1926119,-1.9203067,0.43741542,0.4265641
-9.0184355,1.1551976,-1.8901435,0.44028708,0.46263796
-9.030805,1.1177894,-1.8573928,0.44315875,0.49871182
-9.041806,1.0804585,-1.8220661,0.43888164,0.50331557
-9.051365,1.0432204,-1.7867849,0.4346045,0.5079194
-9.059504,1.0061288,-1.7515558,0.4303274,0.5125231
-9.066246,0.9692363,-1.7163854,0.4329487,0.5366603
-9.071644,0.93242145,-1.6794931,0.43557,0.5607976
-9.075645,0.8957537,-1.6408826,0.43819132,0.5849348
-9.078204,0.85930926,-1.6005584,0.44203278,0.5821681
-9.079303,0.82240385,-1.5600508,0.44587424,0.5794014
-9.078901,0.78509563,-1.519363,0.4497157,0.57663465
-9.076963,0.74744576,-1.4784985,0.4543876,0.60085404
-9.073509,0.71012497,-1.4356841,0.45905948,0.62507343
-9.068495,0.67323816,-1.3909137,0.46373138,0.64929277
-9.061886,0.63689744,-1.3441833,0.472676,0.63216466
-9.053318,0.59973925,-1.2976332,0.48162064,0.61503655
-9.0427065,0.5618613,-1.2513182,0.49056527,0.5979085
-9.029972,0.5233669,-1.2052938,0.49729586,0.58323824
-9.015136,0.48460037,-1.1596478,0.5040264,0.568568
-8.998161,0.445667,-1.1144177,0.510757,0.55389774
-8.979017,0.40667388,-1.0696409,0.51936775,0.5324922
-8.95752,0.36743054,-1.0256952,0.523,0.51108676
-8.933867,0.32842478,-0.98305976,0.523,0.48968127
-8.908277,0.29001564,-0.9420614,0.523,0.4701949
-8.880856,0.25230712,-0.90256965,0.523,0.4507085
-8.8516865,0.21535517,-0.8645996,0.523,0.4312221
-8.820853,0.17920618,-0.82816553,0.523,0.42569336
-8.788643,0.14411579,-0.79216987,0.523,0.42016461
-8.755108,0.11012284,-0.7566136,0.523,0.41463587
-8.7203,0.07726306,-0.72149795,0.523,0.40136623
-8.684153,0.045463707,-0.68744403,0.523,0.38809657
-8.646737,0.014744153,-0.65445775,0.523,0.37482694
-8.608125,-0.014882002,-0.62254506,0.523,0.35819113
-8.568333,-0.043442845,-0.5919861,0.523,0.34155533
-8.527439,-0.070940964,-0.5627894,0.523,0.32491952
-8.48552,-0.09738544,-0.53496295,0.523,0.30533248
-8.442608,-0.12281521,-0.50875974,0.523,0.28574547
-8.398785,-0.14725728,-0.4841898,0.523,0.26615846
-8.354126,-0.17074525,-0.4612626,0.523,0.24835941
-8.308728,-0.19330867,-0.43983582,0.523,0.23056035
-8.262659,-0.21498826,-0.41991624,0.523,0.2127613
-8.21598,-0.23582935,-0.40151015,0.523,0.20122121
-8.16881,-0.25585625,-0.3840885,0.523,0.18968114
-8.12119,-0.27510232,-0.36765358,0.523,0.17814106
-8.073157,-0.29360285,-0.3522076,0.523,0.1711883
-8.024786,-0.3113811,-0.33735847,0.523,0.16423553
-7.9760976,-0.32845923,-0.32310688,0.523,0.15728277
-7.9271164,-0.34486026,-0.30945352,0.523,0.15096095
-7.8778667,-0.36060646,-0.2963447,0.523,0.14463915
-7.828369,-0.37571993,-0.28378087,0.523,0.13831733
-7.7786403,-0.3902234,-0.27176264,0.523,0.13398813
-7.728711,-0.40413648,-0.26011825,0.523,0.12965892
-7.678595,-0.41747487,-0.24884795,0.523,0.12532972
-7.6283035,-0.43025467,-0.23795195,0.523,0.1178261
-7.57783,-0.44249696,-0.2277052,0.523,0.110322475
-7.5271893,-0.45423153,-0.21810825,0.523,0.102818854
-7.476398,-0.46548858,-0.20916165,0.523,0.0935266
-7.425462,-0.47630072,-0.20102113,0.523,0.08423435
-7.3743963,-0.4867064,-0.19368738,0.523,0.0749421
-7.3232183,-0.49674478,-0.18716104,0.523,0.06958898
-7.271956,-0.50645274,-0.1811001,0.523,0.064235866
-7.220618,-0.5158531,-0.17550471,0.523,0.05888275
-7.1692104,-0.52496916,-0.17037508,0.523,0.059181023
-7.117758,-0.5338212,-0.16521947,0.523,0.059479296
-7.0662613,-0.5424077,-0.16003792,0.523,0.05977757
-7.014722,-0.5507271,-0.15483041,0.523,0.047399126
-6.963105,-0.55878335,-0.15070033,0.523,0.035020687
-6.91143,-0.5666304,-0.14764832,0.523,0.022642244
-6.859712,-0.5743224,-0.14567484,0.523,-0.019090127
-6.8079753,-0.5819129,-0.14733876,0.523,-0.060822498
-6.7563376,-0.58957666,-0.15263718,0.523,-0.10255487
-6.7049174,-0.59748685,-0.1615609,0.523,-0.1206431
-6.6536736,-0.6058386,-0.17205146,0.523,-0.13873133
-6.602641,-0.6147066,-0.18410546,0.523,-0.15681957
-6.5518556,-0.6241635,-0.19771893,0.523,-0.17265178
-6.501337,-0.6342842,-0.21269375,0.523,-0.188484
-6.451121,-0.64512885,-0.22902617,0.523,-0.20431621
