4.016794,3.628305,-1.1080054,0.24783954,0.0
4.0278587,3.6061282,-1.1080054,0.2726486,0.09990499
4.0399704,3.581853,-1.1034731,0.29745767,0.19980998
4.0531044,3.555825,-1.093633,0.32226673,0.29971498
4.067245,3.528474,-1.0777749,0.33674613,0.39930582
4.081929,3.5011435,-1.0559549,0.35122555,0.4988967
4.097115,3.4743,-1.0279473,0.36570498,0.59848756
4.1127234,3.4484293,-0.99360794,0.3799481,0.6961885
4.128631,3.423999,-0.952998,0.39419124,0.79388946
4.144639,3.4014716,-0.90614927,0.4084344,0.8915904
4.160464,3.3812761,-0.8531841,0.4209431,0.959267
4.176356,3.3630693,-0.79574144,0.43345183,1.0
4.192744,3.3463387,-0.7349519,0.44596055,1.0
4.210619,3.3301816,-0.6724081,0.4463705,1.0
4.229487,3.3151593,-0.6098068,0.44678044,1.0
4.2492757,3.3013344,-0.547148,0.4471904,1.0
4.26991,3.2887642,-0.48443168,0.43962,1.0
4.29093,3.2777023,-0.42277712,0.43204954,1.0
4.312218,3.2681246,-0.36218426,0.42447913,1.0
4.333665,3.2599983,-0.3026531,0.42286113,1.0
4.355474,3.2531886,-0.24334888,0.42124316,1.0
4.377563,3.2477045,-0.18427156,0.41962516,1.0
4.399852,3.2435503,-0.12542115,0.42263913,1.0
4.422508,3.2406938,-0.066148065,0.42565307,1.0
4.4454556,3.2391737,-0.0064522787,0.42866704,1.0
4.468616,3.2390242,0.0536662,0.43523204,1.0
4.492098,3.2402856,0.11470539,0.44179708,1.0
4.5158114,3.2430177,0.17666529,0.4483621,1.0
4.5396595,3.247275,0.23954591,0.4537936,0.9901831
4.563841,3.253181,0.30278406,0.45922506,0.9803662
4.5882435,3.2608044,0.36636385,0.46465653,0.9705492
4.6127477,3.2702062,0.4302693,0.47551593,0.93558514
4.638391,3.281975,0.49406344,0.48637533,0.900621
4.664988,3.2963006,0.5575932,0.49723473,0.86565685
4.692334,3.313354,0.6207023,0.5120619,0.8543892
4.719688,3.332911,0.685066,0.523,0.8431215
4.746626,3.3549213,0.7501553,0.523,0.83185387
4.7723956,3.3789356,0.8145873,0.523,0.7624948
4.7983456,3.4064467,0.8747957,0.523,0.6931358
4.8241405,3.437321,0.9304911,0.523,0.6237768
4.849502,3.4713628,0.98140556,0.523,0.64124
4.8727984,3.5062025,1.0335478,0.523,0.65870327
4.893965,3.541734,1.0869018,0.523,0.6761665
4.9129424,3.5778434,1.1414512,0.523,0.60787445
4.930814,3.616878,1.1912342,0.523,0.5395824
4.9474387,3.658554,1.2360185,0.523,0.47129032
4.962749,3.7025654,1.2755954,0.523,0.49183384
4.976161,3.7466722,1.3167592,0.523,0.5123774
4.987617,3.7907927,1.3594928,0.523,0.5329209
4.997065,3.8348384,1.403778,0.523,0.46737495
5.004827,3.8808796,1.4430504,0.523,0.40182903
5.010959,3.9286215,1.4771415,0.523,0.33628312
5.0155764,3.9777758,1.5059048,0.523,0.37314144
5.0187345,4.0263743,1.5376807,0.523,0.4099998
5.0203223,4.0743136,1.5724262,0.523,0.44685814
5.0202456,4.121478,1.6100938,0.50930405,0.4105514
5.0184107,4.16814,1.6439723,0.49560803,0.37424463
5.015038,4.214147,1.6741688,0.48191205,0.3379379
5.010347,4.25937,1.7007979,0.467638,0.3535926
5.0046597,4.3028703,1.7277861,0.4533639,0.3692473
4.9980493,4.344631,1.755057,0.43908983,0.384902
4.9905925,4.384639,1.7825344,0.4477827,0.35587424
4.981772,4.425674,1.8085363,0.45647556,0.32684645
4.9715905,4.4676886,1.8329622,0.46516842,0.2978187
4.9600654,4.510638,1.8557117,0.4680259,0.26722872
4.947377,4.55396,1.8763095,0.47088334,0.23663872
4.9336085,4.597616,1.8947082,0.4737408,0.20604876
