6.5572567,-0.1435119,2.7694967,-0.29335004,0.0
6.584584,-0.1541772,2.7694967,-0.316088,0.09925747
6.6138854,-0.16561261,2.7642763,-0.33882597,0.19851494
6.644766,-0.17785071,2.7531395,-0.36156392,0.2977724
6.676756,-0.19094254,2.7354596,-0.38178748,0.3966278
6.709106,-0.20485453,2.7108781,-0.402011,0.49548322
6.7412424,-0.21962075,2.6790216,-0.42223457,0.5943386
6.772549,-0.2352319,2.6396158,-0.43508703,0.6924597
6.8019056,-0.25134483,2.5933201,-0.44793946,0.7905808
6.8287964,-0.26776803,2.5402572,-0.46079192,0.8887019
6.85275,-0.28420246,2.4806418,-0.4722637,0.9761157
6.8736362,-0.30044436,2.4154437,-0.48373544,1.0
6.8931794,-0.31779876,2.3476021,-0.49520722,1.0
6.911936,-0.3368801,2.2781518,-0.5069335,1.0
6.929734,-0.35769856,2.2070568,-0.51865983,1.0
6.9463854,-0.38023835,2.1343172,-0.523,1.0
6.9614797,-0.40412694,2.060969,-0.523,1.0
6.974783,-0.42905742,1.9876208,-0.523,1.0
6.986223,-0.4548958,1.9142725,-0.523,1.0
6.9957395,-0.48150304,1.8409244,-0.523,1.0
7.00328,-0.50873613,1.7675762,-0.523,1.0
7.0088053,-0.5364486,1.6942279,-0.523,1.0
7.0122843,-0.56449145,1.6208798,-0.523,0.99091166
7.0137186,-0.5931121,1.5479625,-0.523,0.9818233
7.0130553,-0.6221576,1.4754825,-0.523,0.972735
7.010253,-0.65147096,1.4034454,-0.523,0.9258524
7.005016,-0.68247205,1.3337876,-0.523,0.87896985
6.997182,-0.71490383,1.2666621,-0.523,0.8320873
6.986636,-0.7485031,1.2022165,-0.523,0.7793935
6.9732323,-0.7832076,1.1409515,-0.523,0.72669977
6.9569435,-0.81873935,1.0830374,-0.523,0.674006
6.937793,-0.8548375,1.0286349,-0.523,0.61800796
6.915798,-0.891351,0.9781294,-0.523,0.56200993
6.891078,-0.92805886,0.9316793,-0.523,0.5060119
6.863791,-0.9647757,0.8894302,-0.523,0.44456398
6.8340516,-1.0014492,0.85194296,-0.523,0.38311604
6.802108,-1.0379548,0.819359,-0.523,0.3216681
6.7682343,-1.0742108,0.7918013,-0.523,0.25691524
6.7326965,-1.110207,0.7696524,-0.523,0.19216236
6.6958284,-1.1459318,0.75300515,-0.523,0.12740952
6.6579776,-1.1814065,0.7419293,-0.523,0.06767471
6.619512,-1.2166653,0.7360348,-0.523,0.007939905
6.580752,-1.2517761,0.73534274,-0.523,-0.051794898
6.542018,-1.286814,0.7398555,-0.523,-0.0952528
6.5035663,-1.3219138,0.7481458,-0.523,-0.1387107
6.465601,-1.3571508,0.76019806,-0.523,-0.1821686
6.4283266,-1.3925925,0.7759894,-0.51818246,-0.19947048
6.3920755,-1.4281676,0.7931024,-0.513365,-0.21677235
6.356899,-1.4638904,0.8115047,-0.5085474,-0.23407423
6.322845,-1.4997708,0.83116364,-0.50599724,-0.24128659
6.2897277,-1.5360668,0.8513152,-0.50344706,-0.24849896
6.25757,-1.5727702,0.87195224,-0.5008968,-0.25571132
6.226393,-1.6098713,0.8930679,-0.49714097,-0.26358232
6.196298,-1.647261,0.91465545,-0.4933851,-0.27145335
6.1673007,-1.6849229,0.93670416,-0.48962924,-0.27932435
6.139417,-1.7228391,0.9592031,-0.4867074,-0.284393
6.112594,-1.761087,0.9819628,-0.48378554,-0.2894617
6.086843,-1.7996444,1.0049778,-0.4808637,-0.2945304
6.0621734,-1.8384885,1.0282428,-0.47880784,-0.29495096
6.038519,-1.8777225,1.0514405,-0.476752,-0.29537153
6.0158815,-1.9173188,1.0745705,-0.47469616,-0.2957921
5.994262,-1.9572501,1.0976326,-0.47386602,-0.29379547
5.973593,-1.997623,1.1205035,-0.47303587,-0.29179886
5.9538755,-2.0384111,1.1431837,-0.47220573,-0.28980225
5.93511,-2.079588,1.1656735,-0.47151214,-0.29286954
5.9173174,-2.1210773,1.1883612,-0.47081855,-0.29593685
5.9005113,-2.1628592,1.2112458,-0.47012493,-0.29900414
5.8847036,-2.204913,1.2343265,-0.4701385,-0.29090044
5.869834,-2.247426,1.2568003,-0.47015205,-0.28279674
5.8558893,-2.2903662,1.2786657,-0.4701656,-0.27469304
5.842857,-2.3337028,1.2999212,-0.47037727,-0.27618873
5.8307476,-2.3773077,1.3212991,-0.4705889,-0.27768445
5.819573,-2.4211626,1.3427995,-0.47080055,-0.27918017
5.809344,-2.4652486,1.3644224,-0.47237447,-0.27168924
5.8000193,-2.5097878,1.38555,-0.4739484,-0.26419833
5.7915926,-2.5547554,1.4061775,-0.47552228,-0.2567074
5.784055,-2.6001275,1.4262998,-0.47812274,-0.25539958
5.777394,-2.645907,1.4464313,-0.48072317,-0.25409177
5.771622,-2.6920762,1.466571,-0.48332363,-0.25278395
5.7667537,-2.7386186,1.4867175,-0.4841302,-0.25126994
5.7628155,-2.7853458,1.5067794,-0.48493677,-0.2497559
5.7598095,-2.8322387,1.5267562,-0.48574334,-0.24824189
5.7577367,-2.8792782,1.5466474,-0.4862987,-0.24773349
5.756598,-2.9264097,1.5665214,-0.4868541,-0.24722508
5.7563963,-2.9736145,1.5863781,-0.4874095,-0.24671668
5.757133,-3.0208738,1.6062174,-0.48868895,-0.24238043
5.758813,-3.0682845,1.625766,-0.4899684,-0.23804417
5.761429,-3.1158278,1.645022,-0.49124783,-0.23370793
5.7649727,-3.1634853,1.6639831,-0.49331984,-0.23099042
5.7694416,-3.2112987,1.6828066,-0.49539188,-0.22827291
5.774835,-3.2592504,1.7014909,-0.49746388,-0.2255554
5.781154,-3.3073232,1.7200336,-0.4998323,-0.22003686
5.7884064,-3.355559,1.7382163,-0.5022007,-0.21451832
5.796583,-3.403942,1.7560341,-0.5045692,-0.20899978
5.805674,-3.4524567,1.7734822,-0.5073446,-0.20452277
5.8156743,-3.5011168,1.7906559,-0.5101201,-0.20004578
5.8265777,-3.549908,1.8075505,-0.5128955,-0.19556877
5.8383784,-3.5988164,1.8241619,-0.5158975,-0.18955013
5.8510785,-3.6478646,1.8403625,-0.51889956,-0.1835315
5.864665,-3.6970406,1.856146,-0.52190155,-0.17751285
5.8791256,-3.7463334,1.8715057,-0.523,-0.173729
5.8943834,-3.7955346,1.8865731,-0.523,-0.16994515
5.9103913,-3.8445325,1.9013155,-0.523,-0.16616128
5.9271307,-3.8933203,1.9157326,-0.523,-0.16093159
5.9445868,-3.9419036,1.9297,-0.523,-0.15570189
5.962735,-3.990279,1.9432172,-0.523,-0.1504722
5.98155,-4.038443,1.9562839,-0.523,-0.13813949
6.0010285,-4.0864434,1.9682869,-0.523,-0.12580678
6.021114,-4.134285,1.9792241,-0.523,-0.113474086
6.0417523,-4.1819744,1.989094,-0.523,-0.10631595
6.0628767,-4.229495,1.9983438,-0.523,-0.09915781
6.084456,-4.2768536,2.0069728,-0.523,-0.09199967
6.106458,-4.3240566,2.0149808,-0.523,-0.08073679
6.1288595,-4.3711276,2.0220108,-0.523,-0.06947391
6.1516104,-4.41808,2.0280616,-0.523,-0.05821103
6.1746616,-4.464927,2.033133,-0.523,-0.046483792
6.197964,-4.511686,2.0371833,-0.523,-0.034756552
6.2214675,-4.558372,2.0402124,-0.523,-0.023029316
6.2451196,-4.6050024,2.0422196,-0.523,-0.013284206
6.26887,-4.6515937,2.0433774,-0.523,-0.0035390973
6.292676,-4.698161,2.043686,-0.523,0.006206012
6.316496,-4.7447205,2.043145,-0.52176857,0.023185933
6.340229,-4.7911716,2.0411289,-0.5205372,0.040165853
6.3638,-4.837536,2.037645,-0.51930577,0.057145774
6.3871346,-4.8838334,2.0327017,-0.503487,0.07870201
6.409503,-4.9287663,2.0261045,-0.48766825,0.100258246
6.43084,-4.9723454,2.0179694,-0.47184947,0.121814474
6.4510927,-5.0145755,2.0084133,-0.44784537,0.1510183
6.4698553,-5.054678,1.9971839,-0.4238413,0.18022214
6.487101,-5.0926423,1.9845217,-0.3998372,0.20942597
6.5028243,-5.128453,1.9706675,-0.37358356,0.22395714
6.5170045,-5.1620045,1.9568393,-0.34732988,0.23848829
6.529712,-5.1932707,1.9431642,-0.3210762,0.25301945
6.541022,-5.2222257,1.9297684,-0.2942647,0.2676538
6.5509915,-5.2487955,1.9167978,-0.26745316,0.28228813
6.559703,-5.2729597,1.904381,-0.24064164,0.2969225
6.5672374,-5.2947025,1.8926467,-0.215359,0.31847098
6.573707,-5.314105,1.881408,-0.19007635,0.3400195
6.579184,-5.331167,1.8708427,-0.1647937,0.36156797
6.5837398,-5.3458924,1.861127,-0.15189813,0.36920184
6.5877953,-5.3594656,1.851991,-0.13900255,0.3768357
6.591382,-5.371883,1.843466,-0.12610698,0.38446957
6.59453,-5.383141,1.8355829,-0.12345647,0.36828023
6.597544,-5.3942575,1.8281753,-0.12080597,0.35209087
6.600431,-5.405224,1.8212317,-0.11815548,0.33590153
6.603195,-5.416031,1.8147407,-0.116119504,0.3225602
6.6058555,-5.4267178,1.8086058,-0.11408353,0.30921888
6.6084156,-5.437279,1.8028195,-0.11204755,0.29587755
6.61088,-5.44771,1.7973744,-0.11411371,0.28367555
6.613341,-5.4583855,1.7920513,-0.116179876,0.27147356
6.615797,-5.469305,1.7868589,-0.11824604,0.25927156
6.6182475,-5.4804688,1.7818063,-0.11861409,0.24505678
6.620658,-5.49172,1.7770102,-0.11898215,0.230842
6.623029,-5.5030575,1.7724731,-0.1193502,0.21662721
6.6253643,-5.5144773,1.7681975,-0.12027054,0.20211542
6.627675,-5.526031,1.7641737,-0.12119089,0.18760362
6.629963,-5.5377154,1.7604066,-0.12211123,0.17309184
6.6322303,-5.5495286,1.7569014,-0.12140607,0.16502084
6.634446,-5.5612974,1.7535775,-0.12070092,0.15694983
6.636613,-5.5730205,1.7504331,-0.11999576,0.14887883
6.6387334,-5.5846963,1.7474666,-0.116982356,0.14002869
6.640769,-5.5961,1.7447454,-0.113968946,0.13117853
6.6427245,-5.6072283,1.7422608,-0.11095554,0.122328386
6.6446037,-5.618079,1.7400042,-0.107731454,0.119430974
6.646405,-5.628623,1.737865,-0.10450738,0.116533555
6.648131,-5.6388583,1.7358397,-0.1012833,0.113636136
6.6497846,-5.6487846,1.7339256,-0.097682804,0.12076084
6.651359,-5.658353,1.7319643,-0.09408231,0.12788555
6.652857,-5.6675634,1.7299645,-0.09048182,0.13501027
6.654278,-5.676416,1.7279347,-0.08963245,0.14180826
6.6556664,-5.6851797,1.7258234,-0.08878309,0.14860626
6.657022,-5.6938553,1.7236325,-0.08793373,0.15540424
6.6583447,-5.702441,1.7213641,-0.08961084,0.16879985
6.65967,-5.711175,1.718855,-0.09128795,0.18219545
6.660994,-5.7200546,1.7160983,-0.09296507,0.19559106
6.6623144,-5.729078,1.7130871,-0.09742951,0.22234029
6.663662,-5.738485,1.7095063,-0.101893954,0.24908951
6.6650276,-5.748265,1.7053198,-0.106358394,0.27583873
6.6664,-5.758406,1.7004919,-0.11533798,0.31300622
6.6678195,-5.769287,1.6945728,-0.12431757,0.3501737
6.669261,-5.780875,1.6874647,-0.13329716,0.38734123
6.6706977,-5.7931337,1.679073,-0.14371707,0.41275814
6.67212,-5.806221,1.6694646,-0.15413697,0.43817508
6.6734953,-5.820111,1.6585649,-0.16455688,0.463592
6.6747856,-5.834773,1.6463009,-0.16915327,0.44483903
6.675937,-5.8499985,1.6341695,-0.17374969,0.42608607
6.676939,-5.8657885,1.6222007,-0.1783461,0.40733314
6.6777806,-5.882142,1.6104251,-0.17912169,0.38640568
6.6784377,-5.8987207,1.5991744,-0.17989728,0.36547822
6.6789145,-5.9155154,1.5884587,-0.18067287,0.34455076
6.679215,-5.932518,1.5782875,-0.17898443,0.33156988
6.679342,-5.9494414,1.5685768,-0.177296,0.31858897
6.6793046,-5.9662786,1.5593212,-0.17560758,0.30560806
