-6.211294,-2.6060438,2.5311155,-0.27197066,0.0
-6.1890097,-2.6216347,2.5311155,-0.30034092,0.01702987
-6.164404,-2.6388495,2.5302632,-0.3287112,0.03405974
-6.1375017,-2.657705,2.5283976,-0.3570815,0.051089607
-6.1083374,-2.678228,2.5253584,-0.3846696,0.0385423
-6.076969,-2.700444,2.522888,-0.4122577,0.025994992
-6.043397,-2.724346,2.521102,-0.43984583,0.013447684
-6.0076146,-2.7499177,2.5201163,-0.4638586,0.0067122043
-5.969903,-2.7769246,2.5195973,-0.4878714,-2.3275614e-05
-5.9302526,-2.805351,2.5195992,-0.5118842,-0.0067587555
-5.888652,-2.8351755,2.520176,-0.523,0.002327913
-5.8461294,-2.865624,2.519973,-0.523,0.011414582
-5.8036156,-2.8960788,2.5189779,-0.523,0.02050125
-5.761138,-2.9265718,2.5171912,-0.523,0.029795593
-5.718725,-2.9571335,2.5145943,-0.523,0.039089937
-5.6764054,-2.9877954,2.5111878,-0.523,0.04838428
-5.6342077,-3.0185885,2.506972,-0.523,0.055081837
-5.5921545,-3.0495489,2.5021732,-0.523,0.0617794
-5.5502667,-3.0806983,2.4967914,-0.523,0.06847696
-5.5085654,-3.1120589,2.490827,-0.523,0.077459365
-5.467079,-3.143647,2.484082,-0.523,0.08644177
-5.4258375,-3.1754906,2.4765565,-0.523,0.09542418
-5.3848705,-3.2076175,2.4682515,-0.523,0.10301551
-5.344202,-3.2400591,2.4592876,-0.523,0.11060684
-5.3038588,-3.272837,2.4496663,-0.523,0.11819817
-5.263868,-3.3059728,2.439387,-0.523,0.12472394
-5.2242513,-3.3394911,2.4285436,-0.523,0.13124971
-5.1850333,-3.3734086,2.4171357,-0.523,0.13777548
-5.146239,-3.4077408,2.4051642,-0.523,0.14595501
-5.1079035,-3.4424944,2.392487,-0.523,0.15413454
-5.0700583,-3.4776876,2.3791049,-0.523,0.16231407
-5.0327363,-3.5133376,2.3650184,-0.523,0.16946189
-4.995964,-3.5494664,2.3503177,-0.523,0.1766097
-4.959772,-3.5860863,2.3350031,-0.523,0.18375751
-4.9241915,-3.6232076,2.3190756,-0.523,0.18921524
-4.889243,-3.6608522,2.3026805,-0.523,0.19467296
-4.8549523,-3.699024,2.2858186,-0.523,0.20013069
-4.821347,-3.7377264,2.26849,-0.523,0.204029
-4.788444,-3.776974,2.2508285,-0.523,0.2079273
-4.756265,-3.816764,2.2328346,-0.523,0.21182561
-4.7248335,-3.857093,2.2145083,-0.523,0.21555108
-4.694171,-3.8979585,2.1958644,-0.523,0.21927653
-4.6643004,-3.9393542,2.1769037,-0.523,0.22300199
-4.6352444,-3.9812737,2.1576262,-0.523,0.2260676
-4.6070213,-4.023716,2.138088,-0.523,0.2291332
-4.5796523,-4.066671,2.1182895,-0.523,0.23219882
-4.5531583,-4.110128,2.0982308,-0.523,0.2347688
-4.527557,-4.1540804,2.0779543,-0.523,0.23733877
-4.502867,-4.198516,2.0574598,-0.523,0.23990874
-4.4791083,-4.2434196,2.036748,-0.519749,0.24445064
-4.4564514,-4.288473,2.0157826,-0.516498,0.24899256
-4.4349046,-4.333656,1.9945694,-0.513247,0.25353447
-4.4144745,-4.378945,1.9731134,-0.50675887,0.25617388
-4.39528,-4.4240527,1.9517128,-0.5002707,0.25881332
-4.3773007,-4.4689474,1.9303735,-0.4937826,0.26145273
-4.360516,-4.513597,1.909101,-0.48743126,0.2596742
-4.344881,-4.558036,1.8882418,-0.48107988,0.25789562
-4.3303614,-4.6022286,1.8677921,-0.4747285,0.25611708
-4.316921,-4.646142,1.8477486,-0.47086418,0.25075448
-4.3044496,-4.6900177,1.8282757,-0.46699986,0.24539186
-4.292914,-4.733825,1.8093671,-0.46313554,0.24002926
-4.282283,-4.777537,1.7910168,-0.46105438,0.23770204
-4.272495,-4.821264,1.7729228,-0.45897323,0.23537481
-4.263535,-4.864987,1.7550834,-0.45689207,0.23304759
-4.2553887,-4.9086885,1.7374973,-0.45682463,0.23055251
-4.248009,-4.9525456,1.7200987,-0.45675716,0.22805743
-4.241391,-4.996544,1.7028878,-0.45668972,0.22556235
-4.2355285,-5.040668,1.6858643,-0.45807177,0.22367652
-4.2304,-5.0850387,1.6689297,-0.45945382,0.22179067
-4.226009,-5.129643,1.6520848,-0.46083584,0.21990484
-4.222357,-5.1744685,1.6353306,-0.46209154,0.21978036
-4.2194486,-5.219472,1.6185402,-0.46334723,0.21965587
-4.2172904,-5.2646422,1.6017134,-0.46460292,0.21953139
-4.2158885,-5.3099656,1.5848504,-0.46595958,0.21755819
-4.2152495,-5.3554587,1.5680878,-0.46731627,0.215585
-4.215373,-5.4011083,1.5514265,-0.46867293,0.21361178
-4.21626,-5.446902,1.5348675,-0.46986994,0.21144247
-4.2179103,-5.4928126,1.5184321,-0.47106692,0.20927316
-4.220322,-5.5388284,1.5021216,-0.47226393,0.20710383
-4.2234936,-5.5849366,1.4859365,-0.4732063,0.20548902
-4.22742,-5.631095,1.4698439,-0.47414872,0.20387422
-4.2320995,-5.6772914,1.4538442,-0.47509113,0.2022594
-4.23753,-5.7235146,1.4379379,-0.47524703,0.20054948
-4.2436996,-5.769676,1.4221591,-0.47540292,0.19883956
-4.250601,-5.815766,1.4065078,-0.47555882,0.19712964
-4.2582283,-5.8617725,1.3909844,-0.47474918,0.19423704
-4.266559,-5.9076037,1.3757119,-0.4739395,0.19134444
-4.275579,-5.9532504,1.3606896,-0.47312987,0.18845184
-4.2852716,-5.9987035,1.3459171,-0.4725185,0.18497594
-4.2956285,-6.0439796,1.3314326,-0.4719071,0.18150003
-4.306633,-6.089072,1.3172356,-0.47129574,0.17802413
-4.318269,-6.1339736,1.3033258,-0.47126678,0.17378663
-4.3305364,-6.17874,1.2897444,-0.4712378,0.16954911
-4.3434196,-6.223366,1.2764918,-0.47120884,0.1653116
-4.3569016,-6.2678456,1.263568,-0.47078437,0.1632974
-4.3709497,-6.312123,1.2508119,-0.4703599,0.1612832
-4.385553,-6.3561916,1.2382232,-0.4699354,0.15926898
-4.400701,-6.4000483,1.2258015,-0.46916944,0.1683349
-4.4163437,-6.4435763,1.2127006,-0.46840352,0.17740081
-4.432503,-6.4867573,1.198924,-0.46763757,0.18646672
-4.4492006,-6.529569,1.184475,-0.4671148,0.19807917
-4.466457,-6.571992,1.1691546,-0.46659204,0.20969163
-4.4842978,-6.6139975,1.1529671,-0.46606928,0.22130407
-4.5027485,-6.655556,1.1359166,-0.466607,0.22997254
-4.521889,-6.696759,1.1181893,-0.46714473,0.238641
-4.541739,-6.73758,1.0997852,-0.46768245,0.24730945
-4.562316,-6.7779875,1.0807041,-0.46976897,0.25279275
-4.583726,-6.818117,1.0611218,-0.47185552,0.25827608
-4.6059837,-6.8579397,1.0410354,-0.47394204,0.26375937
-4.629105,-6.897423,1.0204417,-0.47688267,0.2681239
-4.6531544,-6.9366174,0.9993855,-0.47982326,0.2724884
-4.678147,-6.9754877,0.97786313,-0.48276386,0.2768529
-4.704096,-7.013999,0.9558708,-0.48648855,0.28086168
-4.731062,-7.0521793,0.9333964,-0.49021322,0.28487045
-4.759059,-7.0899873,0.9104354,-0.49393788,0.28887922
-4.7881017,-7.127381,0.88698334,-0.4986375,0.2893755
-4.8182936,-7.1644263,0.8632687,-0.50333714,0.28987184
-4.8496437,-7.2010827,0.83929056,-0.50803673,0.29036814
-4.882159,-7.2373066,0.81504834,-0.51223254,0.28687924
-4.915854,-7.2730613,0.7908914,-0.5164283,0.28339034
-4.9507213,-7.308314,0.7668248,-0.5206241,0.27990144
-4.9867535,-7.343032,0.74285346,-0.52028847,0.27322876
-5.0236535,-7.3769183,0.71945417,-0.51995283,0.26655608
-5.0613813,-7.4099717,0.6966273,-0.5196172,0.25988337
-5.099898,-7.4421926,0.67437315,-0.51839966,0.2522122
-5.139109,-7.473538,0.65281236,-0.5171821,0.24454102
-5.178971,-7.504018,0.6319431,-0.5159645,0.23686984
-5.2194405,-7.5336456,0.61176366,-0.5162283,0.22765751
-5.26061,-7.562528,0.5923452,-0.5164921,0.21844517
-5.302442,-7.590679,0.5736902,-0.51675594,0.20923284
-5.3448977,-7.6181135,0.555801,-0.51662844,0.19946504
-5.387914,-7.6448317,0.53873974,-0.516501,0.18969724
-5.431453,-7.6708555,0.5225077,-0.5163735,0.17992945
-5.475478,-7.6962094,0.507106,-0.5156311,0.1716656
-5.51989,-7.720883,0.49242568,-0.5148886,0.16340175
-5.5646567,-7.7449007,0.4784657,-0.5141461,0.1551379
-5.6097493,-7.7682886,0.46522504,-0.5140751,0.14727579
-5.655196,-7.791102,0.45265213,-0.51400405,0.13941368
-5.7009716,-7.8133636,0.4407476,-0.513933,0.1315516
-5.7470517,-7.8350997,0.42951193,-0.51478714,0.12358246
-5.7934976,-7.8563733,0.4189358,-0.5156413,0.11561333
-5.840288,-7.8772087,0.4090221,-0.5164954,0.1076442
-5.8874025,-7.8976316,0.3997737,-0.5178651,0.09820551
-5.934876,-7.9176903,0.3913111,-0.51923484,0.08876681
-5.9826856,-7.937416,0.38363937,-0.52060455,0.07932812
-6.03081,-7.956841,0.3767635,-0.52187324,0.06972235
-6.079219,-7.9759946,0.37070405,-0.523,0.060116578
-6.127878,-7.994907,0.36546704,-0.523,0.050510805
-6.176662,-8.013575,0.36106604,-0.523,0.041889828
-6.225547,-8.032035,0.3574157,-0.523,0.03326885
-6.274514,-8.050322,0.35451633,-0.523,0.024647873
-6.3235474,-8.068471,0.35236806,-0.523,0.019817835
-6.372624,-8.086517,0.3506407,-0.523,0.014987797
-6.4217362,-8.104481,0.34933433,-0.523,0.010157758
-6.470875,-8.12238,0.34844893,-0.523,0.0046720384
-6.5200315,-8.140238,0.34804168,-0.523,-0.0008136809
-6.5691957,-8.158075,0.3481126,-0.523,-0.0062994002
-6.6183577,-8.175916,0.34866172,-0.523,-0.009518856
-6.6675086,-8.193783,0.34949142,-0.523,-0.012738312
-6.716643,-8.21169,0.35060173,-0.523,-0.015957767
-6.7657547,-8.2296505,0.35199267,-0.523,-0.019532967
-6.814839,-8.247679,0.35369518,-0.523,-0.023108166
-6.8638883,-8.265789,0.35570928,-0.523,-0.026683366
-6.912897,-8.283996,0.3580349,-0.523,-0.03075471
-6.9618573,-8.302315,0.36071527,-0.523,-0.03482605
-7.0107617,-8.320763,0.3637503,-0.523,-0.038897395
-7.0596027,-8.339356,0.36714002,-0.523,-0.041749723
-7.108375,-8.358112,0.37077814,-0.523,-0.044602048
-7.1570725,-8.377044,0.37466466,-0.523,-0.047454376
-7.2056894,-8.396162,0.37879956,-0.523,-0.04528747
-7.254232,-8.415483,0.38274577,-0.523,-0.04312057
-7.302703,-8.434998,0.38650328,-0.523,-0.040953666
-7.3511043,-8.454696,0.39007208,-0.523,-0.040965986
-7.399435,-8.474566,0.39364195,-0.523,-0.040978305
-7.4476943,-8.494609,0.3972129,-0.523,-0.04099063
-7.495882,-8.514825,0.4007849,-0.523,-0.038410973
-7.544002,-8.535213,0.40413225,-0.523,-0.03583132
-7.5920577,-8.555766,0.40725487,-0.523,-0.033251666
-7.6400537,-8.57647,0.41015276,-0.523,-0.029997015
-7.6879945,-8.597316,0.4127671,-0.523,-0.026742363
-7.7358847,-8.618288,0.41509786,-0.523,-0.023487711
-7.78373,-8.639374,0.41714504,-0.523,-0.0206357
-7.8315353,-8.660559,0.41894364,-0.523,-0.01778369
-7.879305,-8.68183,0.42049372,-0.523,-0.014931679
-7.9270434,-8.703177,0.42179522,-0.523,-0.0062977197
-7.9747586,-8.724588,0.42234415,-0.523,0.00233624
-8.022463,-8.746026,0.4221405,-0.523,0.0109701995
-8.0701685,-8.767453,0.4211843,-0.50892246,0.024718154
-8.116599,-8.788254,0.41908792,-0.4948449,0.038466107
-8.161768,-8.808375,0.41591623,-0.48076737,0.052214064
-8.205686,-8.827773,0.41173434,-0.4552757,0.08204275
-8.247269,-8.845932,0.40551597,-0.42978406,0.11187144
-8.286514,-8.862781,0.39751923,-0.4042924,0.14170013
-8.323418,-8.878276,0.3880031,-0.37692502,0.17632118
-8.357767,-8.892315,0.37698376,-0.34955767,0.21094224
-8.389548,-8.904898,0.3647853,-0.32219028,0.24556328
-8.418744,-8.916047,0.3517311,-0.2944155,0.26276636
-8.445435,-8.925842,0.3389852,-0.26664075,0.27996945
-8.469602,-8.934363,0.32670522,-0.238866,0.29717255
-8.491234,-8.941693,0.31504786,-0.21274322,0.3041104
-8.510532,-8.947983,0.3044304,-0.18662046,0.31104824
-8.527482,-8.953308,0.29491097,-0.16049768,0.31798607
-8.542069,-8.957739,0.2865476,-0.14150156,0.32939178
-8.554913,-8.961524,0.27891907,-0.122505434,0.34079748
-8.566012,-8.964703,0.27209473,-0.10350931,0.3522032
-8.575371,-8.967314,0.2661435,-0.09949834,0.3362719
-8.584433,-8.969784,0.2606716,-0.09548738,0.32034063
-8.593189,-8.972119,0.25566027,-0.09147641,0.30440935
-8.601632,-8.974327,0.25109056,-0.09306984,0.29030102
-8.6102705,-8.976542,0.2466505,-0.094663255,0.2761927
-8.6191025,-8.978766,0.24234813,-0.09625668,0.26208434
-8.628128,-8.980997,0.23819155,-0.09477986,0.25166434
-8.637048,-8.983163,0.23425794,-0.093303025,0.24124432
-8.645861,-8.985266,0.23054273,-0.0918262,0.2308243
-8.654563,-8.9873085,0.22704141,-0.09283707,0.21850125
-8.663394,-8.989348,0.22368741,-0.09384795,0.2061782
-8.672351,-8.991386,0.22048531,-0.094858825,0.19385515
-8.681434,-8.9934225,0.21743965,-0.09321675,0.18195434
-8.690386,-8.995399,0.21462837,-0.09157468,0.17005353
-8.6992035,-8.997322,0.21204542,-0.0899326,0.15815271
-8.707886,-8.999191,0.20968477,-0.09131894,0.14942165
-8.716719,-9.001071,0.20741905,-0.09270529,0.14069057
-8.7257,-9.002961,0.20525242,-0.09409163,0.1319595
-8.734832,-9.004862,0.20318905,-0.091282114,0.12317866
-8.743705,-9.00669,0.20131978,-0.0884726,0.114397824
-8.752316,-9.008448,0.19963661,-0.08566308,0.10561699
-8.760666,-9.010138,0.1981315,-0.08692598,0.09539594
-8.76915,-9.011841,0.19675153,-0.08818889,0.085174896
-8.777767,-9.013558,0.19550113,-0.08945179,0.07495385
-8.786517,-9.015291,0.19438472,-0.08555857,0.06535408
-8.794894,-9.01694,0.19345345,-0.08166536,0.05575431
-8.802896,-9.018508,0.19269498,-0.07777214,0.04615454
-8.810521,-9.019996,0.19209693,-0.0789795,0.037720818
-8.818268,-9.0215025,0.19160053,-0.08018686,0.029287094
-8.826137,-9.023028,0.19120917,-0.08139422,0.02085337
-8.834126,-9.024575,0.1909263,-0.07796854,0.023037666
-8.84178,-9.026054,0.19062696,-0.07454286,0.025221962
-8.849096,-9.027466,0.19031364,-0.07111717,0.027406257
-8.856077,-9.028811,0.18998884,-0.072538145,0.029651279
-8.863197,-9.03018,0.18963042,-0.07395911,0.0318963
-8.870457,-9.031573,0.18923731,-0.07538009,0.03414132
-8.877856,-9.03299,0.18880847,-0.078101546,0.04722927
-8.885519,-9.034455,0.18819392,-0.080823004,0.060317226
-8.893444,-9.035964,0.18738191,-0.08354446,0.07340518
-8.901629,-9.037517,0.18636072,-0.09007693,0.10327066
-8.910435,-9.039177,0.1848131,-0.0966094,0.13313614
-8.919847,-9.040936,0.18267572,-0.10314187,0.16300161
-8.929855,-9.042785,0.17988606,-0.11290823,0.20275591
-8.940736,-9.044764,0.17609668,-0.122674584,0.2425102
-8.95246,-9.04685,0.17118683,-0.13244095,0.2822645
-8.964994,-9.049017,0.16503868,-0.13794835,0.3086661
-8.977959,-9.051176,0.15805417,-0.14345576,0.33506772
-8.991338,-9.0533085,0.150192,-0.14896315,0.36146936
-9.005115,-9.055393,0.14141189,-0.15166418,0.35541913
-9.019191,-9.057398,0.13261579,-0.1543652,0.34936893
-9.033567,-9.059316,0.12380913,-0.15706623,0.3433187
-9.048244,-9.061142,0.11499734,-0.15789361,0.3282996
-9.063092,-9.062857,0.1065123,-0.15872099,0.3132805
-9.078106,-9.064462,0.09835983,-0.15954837,0.2982614
-9.093283,-9.06596,0.09054572,-0.15766105,0.28961802
-9.10833,-9.067326,0.083041415,-0.15577374,0.28097463
-9.123245,-9.068567,0.075842276,-0.15388644,0.27233124
-9.138024,-9.06969,0.06894361,-0.15153469,0.26526803
-9.152613,-9.070698,0.062322356,-0.14918295,0.25820485
-9.167008,-9.071596,0.055973493,-0.14683121,0.25114164
