8.080776,0.53206205,-0.14521565,0.9982704,0.0
8.179552,0.51761645,-0.14521565,0.523,0.09997906
8.231043,0.5100862,-0.13651532,0.49314964,0.19995812
8.278926,0.5035085,-0.12018975,0.46329927,0.29993716
8.322868,0.49820155,-0.09737533,0.4779436,0.39936835
8.366693,0.49392056,-0.06640168,0.49258792,0.49879953
8.409855,0.49105033,-0.02712833,0.50723225,0.5982307
8.451754,0.4899134,0.020482292,0.51502246,0.68872905
8.491508,0.49072778,0.0750366,0.52281266,0.7792273
8.528599,0.4935162,0.13626927,0.523,0.86972564
8.562021,0.4980991,0.20287786,0.523,0.89757234
8.593962,0.50466955,0.2710261,0.523,0.925419
8.624272,0.5130916,0.3406612,0.523,0.95326567
8.652815,0.52320945,0.41172913,0.523,0.91965777
8.681865,0.5358951,0.48106098,0.523,0.88604987
8.711189,0.55120116,0.5485785,0.523,0.85244197
8.74056,0.5691509,0.61420536,0.523,0.8593517
8.768466,0.5888308,0.6802271,0.523,0.8662614
8.794801,0.6101363,0.7466405,0.523,0.8731712
8.81946,0.63295496,0.8134424,0.523,0.858363
8.842947,0.6577974,0.8794079,0.523,0.84355474
8.865116,0.6845826,0.9445223,0.523,0.8287465
8.885833,0.71321917,1.0087715,0.523,0.83326125
8.904574,0.74297917,1.073286,0.523,0.83777595
8.921276,0.7737317,1.1380646,0.523,0.84229064
8.935877,0.80534124,1.2031057,0.523,0.8321253
8.948535,0.83820146,1.2675537,0.523,0.8219599
8.9591675,0.8721821,1.3314016,0.523,0.8117946
8.967702,0.9071483,1.3946431,0.523,0.8079108
8.974035,0.9427289,1.457651,0.523,0.8040271
8.978132,0.97878325,1.5204246,0.523,0.80014336
8.979966,1.0151694,1.5829629,0.523,0.7900066
8.979519,1.0519775,1.6448824,0.523,0.7798698
8.976767,1.0890611,1.7061769,0.523,0.769733
8.971697,1.126274,1.76684,0.523,0.7520308
8.964257,1.1637372,1.8263855,0.523,0.7343285
8.954443,1.2012973,1.884795,0.523,0.7166263
8.942263,1.2388047,1.9420499,0.523,0.69317716
8.927668,1.2762942,1.997748,0.523,0.66972804
8.910688,1.3136162,2.0518587,0.523,0.6462789
8.891369,1.35063,2.1043522,0.523,0.628418
8.86985,1.3870579,2.1555946,0.523,0.61055714
8.846195,1.4227879,2.2055693,0.523,0.59269625
8.820472,1.4577174,2.2542605,0.523,0.57903427
8.792829,1.4916599,2.3019595,0.523,0.5653723
8.76334,1.5245336,2.3486574,0.523,0.5517103
8.732084,1.5562649,2.3943453,0.523,0.52645284
8.698914,1.5869962,2.438144,0.523,0.5011953
8.663934,1.6166657,2.4800253,0.523,0.47593784
8.6272545,1.6452255,2.5199625,0.523,0.4568982
8.589099,1.6725589,2.5584176,0.523,0.43785858
8.5495615,1.6986423,2.5953763,0.523,0.41881895
8.508734,1.7234619,2.6308255,0.523,0.39397648
8.466604,1.7470698,2.6642854,0.523,0.36913404
8.423279,1.7694775,2.695736,0.523,0.3442916
8.37886,1.7907073,2.7251573,0.52086234,0.32315922
8.333692,1.8106858,2.7527251,0.5187247,0.30202687
8.287865,1.8294625,2.7784414,0.516587,0.2808945
8.241467,1.8470936,2.802309,0.5118048,0.26605743
8.194903,1.8635278,2.824737,0.5070226,0.25122035
8.148237,1.8788297,2.8457437,0.5022405,0.23638326
8.101531,1.8930655,2.8653467,0.49605554,0.23133293
8.055078,1.9062347,2.8843024,0.48987067,0.22628258
8.008911,1.9183823,2.9026198,0.48368576,0.22123225
7.963062,1.9295523,2.9203093,0.47595328,0.2129233
7.917676,1.9397627,2.9370723,0.46822083,0.20461436
7.872786,1.9490738,2.9529285,0.46048838,0.19630541
7.828423,1.9575442,2.967898,0.44987366,0.19501463
7.7849526,1.9651717,2.9824274,0.43925893,0.19372383
7.742393,1.9720035,2.9965212,0.4286442,0.19243304
7.700762,1.9780856,3.0101843,0.41709816,0.19846502
7.6602235,1.9834436,3.0238903,0.4055521,0.20449701
7.620788,1.9881068,3.0376165,0.39400604,0.21052898
7.582465,1.9921058,3.0513396,0.38247734,0.21993983
7.545291,1.9954702,3.0652473,0.37094864,0.22935067
7.5092726,1.9982253,3.0793028,0.3594199,0.23876151
7.474418,2.0003994,3.0934699,0.3484845,0.24773256
7.4406724,2.0020244,3.1077116,0.33754903,0.25670362
7.4080424,2.0031304,3.1219952,0.32661358,0.26567465
7.376533,2.003748,3.136288,0.3168283,0.2719498
7.346015,2.0039098,-3.1327136,0.30704308,0.27822492
7.3164926,2.0036478,-3.1186588,0.2972578,0.28450006
7.287969,2.0029933,-3.104753,0.3200433,0.38438156
7.2583203,2.0019007,-3.0847511,0.34282878,0.48426306
7.2280283,2.000177,-3.05815,0.36561427,0.5841446
7.1976357,1.997635,-3.024545,0.39120495,0.6839494
7.1675215,1.994094,-2.9833472,0.41679567,0.7837543
7.13837,1.9894421,-2.9343083,0.44238636,0.8835591
7.1109056,1.9836662,-2.8773139,0.4689203,0.98308736
7.0858088,1.9768747,-2.8122737,0.4954542,1.0
7.0604777,1.9682175,-2.7427886,0.5219881,1.0
7.0344877,1.9572657,-2.6695824,0.523,1.0
7.00932,1.9444176,-2.596234,0.523,1.0
6.985161,1.9297596,-2.5228858,0.523,1.0
6.9621415,1.9133705,-2.4495378,0.523,1.0
6.9403844,1.8953387,-2.3761895,0.523,1.0
6.9200077,1.8757608,-2.3028412,0.523,1.0
6.9011207,1.8547424,-2.229493,0.523,1.0
6.8838243,1.8323964,-2.1561449,0.523,1.0
6.868212,1.808843,-2.0827966,0.523,1.0
6.854368,1.7842088,-2.0094483,0.523,1.0
6.842366,1.7586262,-1.9361001,0.523,1.0
6.8322716,1.732233,-1.8627518,0.523,1.0
6.8241386,1.705171,-1.7894037,0.523,1.0
6.8180103,1.6775857,-1.7160554,0.523,1.0
6.81392,1.6496255,-1.6427072,0.523,1.0
6.8118896,1.6214408,-1.569359,0.523,1.0
6.81193,1.5931829,-1.4960108,0.523,1.0
6.8140416,1.5650041,-1.4226625,0.523,1.0
6.818212,1.5370559,-1.3493143,0.523,1.0
6.8244195,1.5094882,-1.2759662,0.523,1.0
6.8326306,1.4824497,-1.2026179,0.523,1.0
6.842801,1.4560856,-1.1292697,0.523,1.0
6.8548765,1.4305377,-1.0559214,0.523,1.0
6.868791,1.4059434,-0.9825732,0.523,1.0
6.884471,1.382435,-0.909225,0.523,1.0
6.9018316,1.3601388,-0.83587676,0.523,1.0
6.920779,1.3391747,-0.76252854,0.523,1.0
6.941212,1.3196555,-0.6891803,0.523,0.9686993
6.9640727,1.3008193,-0.61734194,0.523,0.93739855
6.9893146,1.2829,-0.5470838,0.523,0.9060978
7.0168657,1.2661184,-0.47847468,0.523,0.88349533
7.0463214,1.2508407,-0.4110982,0.523,0.8608929
7.0775685,1.2372189,-0.34498885,0.523,0.8382904
7.1104827,1.2253909,-0.28018034,0.523,0.8256052
7.144565,1.2155837,-0.21611649,0.523,0.81292003
7.1796784,1.2078747,-0.15280756,0.523,0.80023485
7.215683,1.2023296,-0.090263754,0.523,0.7930507
7.252231,1.1990217,-0.028157754,0.523,0.7858665
7.289181,1.197981,0.033507247,0.523,0.77868235
7.3263893,1.1992283,0.09472807,0.523,0.765163
7.3639426,1.2027962,0.15510446,0.523,0.7516437
7.4016924,1.2086989,0.21462539,0.523,0.7381244
7.439493,1.2169387,0.27327996,0.523,0.73156774
7.476967,1.2274423,0.33151054,0.523,0.7250111
7.5139813,1.2401832,0.38931456,0.523,0.7184545
7.550408,1.2551273,0.44668958,0.523,0.71293944
7.586088,1.2722174,0.5037018,0.523,0.70742434
7.620901,1.2914035,0.5603496,0.523,0.70190924
7.6547303,1.3126293,0.61663103,0.523,0.69251233
7.6875696,1.3359069,0.6722846,0.523,0.6831154
7.719307,1.3611693,0.7273053,0.523,0.6737186
7.749838,1.388344,0.7816883,0.523,0.66904885
7.778954,1.417245,0.8357525,0.523,0.6643791
7.8065677,1.4477893,0.8894969,0.523,0.6597094
7.8325944,1.4798894,0.94292027,0.523,0.65757966
7.8569107,1.5133888,0.99619675,0.523,0.65545
7.879445,1.5481924,1.0493263,0.523,0.65332025
7.9001336,1.5842024,1.1023084,0.523,0.65184444
7.918907,1.6212994,1.1551884,0.523,0.6503687
7.9357123,1.6593795,1.2079661,0.523,0.6488929
7.950502,1.6983368,1.2606413,0.523,0.64576596
7.96325,1.7381127,1.3130991,0.523,0.64263904
7.97392,1.7785972,1.3653389,0.523,0.6395121
7.9824815,1.8196795,1.4173604,0.523,0.62987727
7.9889407,1.8614465,1.4687055,0.523,0.6202424
7.993278,1.9037834,1.5193696,0.523,0.61060756
7.995481,1.9465761,1.569348,0.52148366,0.6020014
7.995543,1.989557,1.6185668,0.5199673,0.59339523
7.9934845,2.0326157,1.6670259,0.518451,0.5847891
7.989331,2.0756454,1.7147254,0.5170677,0.5735917
7.9831014,2.1186278,1.7614901,0.5156843,0.5623944
7.9748325,2.161463,1.8073183,0.514301,0.55119705
7.964566,2.2040563,1.852209,0.51312625,0.5403242
7.952346,2.246328,1.8962021,0.51195157,0.52945143
7.93822,2.2881951,1.9392965,0.5107768,0.51857865
7.9222403,2.3295794,1.9814906,0.5092224,0.50535834
7.904451,2.3704312,2.0225782,0.5076679,0.49213803
7.8849177,2.410684,2.062558,0.50611347,0.47891772
7.863709,2.4502788,2.101429,0.5039924,0.46681216
7.840932,2.4890966,2.139232,0.5018713,0.45470658
7.8166604,2.5270941,2.175969,0.49975026,0.442601
7.7909694,2.5642333,2.211642,0.4973731,0.43086258
7.7639503,2.6004586,2.2462637,0.49499595,0.41912416
7.735679,2.635745,2.2798376,0.4926188,0.4073857
7.706229,2.6700742,2.3123677,0.4895356,0.39808533
7.6757493,2.7033503,2.3439963,0.48645243,0.38878492
7.6443095,2.7355666,2.374729,0.48336923,0.37948453
7.611979,2.7667203,2.4045722,0.47989085,0.36507285
7.578786,2.7968476,2.4331272,0.47641248,0.35066116
7.544811,2.82596,2.4604034,0.47293407,0.3362495
7.5101295,2.8540735,2.4864106,0.46858442,0.32357174
7.4749017,2.8811429,2.5112422,0.4642348,0.31089398
7.4391975,2.9071944,2.5349112,0.45988515,0.29821622
7.403084,2.9322572,2.5574315,0.4536638,0.28524375
7.3667693,2.956266,2.5787075,0.44744244,0.27227125
7.3303223,2.979263,2.598762,0.44122112,0.25929877
7.2938056,3.001293,2.617617,0.4329336,0.25101686
7.2574954,3.022275,2.6355395,0.4246461,0.24273492
7.221442,3.0422552,2.652551,0.4163586,0.23445301
7.1856923,3.0612798,2.6686716,0.40914,0.21944487
7.150142,3.0794687,2.6835158,0.40192136,0.20443675
7.1148443,3.0968726,2.6971152,0.39470276,0.18942863
7.079847,3.1135406,2.709502,0.38712072,0.19763224
7.045377,3.1294365,2.7221706,0.37953869,0.20583585
7.0114446,3.1445663,2.735099,0.37195665,0.21403946
6.9780593,3.1589377,2.748267,0.36580783,0.1997969
6.944944,3.1726787,2.7603674,0.35965905,0.18555433
6.912133,3.1858304,2.7714264,0.35351023,0.17131177
6.879659,3.1984322,2.7814705,0.347311,0.17532909
6.8476543,3.2104833,2.7915676,0.34111175,0.1793464
6.8161254,3.2219932,2.8017092,0.3349125,0.18336372
6.7850795,3.2329712,2.811887,0.3303896,0.1724688
6.7542834,3.2435095,2.821337,0.32586664,0.16157389
6.723757,3.2536345,2.830074,0.32134372,0.15067896
6.6935153,3.2633722,2.8381135,0.316622,0.15402454
6.663658,3.272722,2.8462093,0.3119003,0.15737014
6.634187,3.2816896,2.8543563,0.3071786,0.16071571
6.605108,3.2902799,2.862549,0.30285364,0.16055003
6.5763683,3.2985144,2.870618,0.29852867,0.16038436
6.5479736,3.3064024,2.878564,0.29420373,0.16021867
6.519929,3.3139539,2.8863864,0.29031852,0.16119443
6.492202,3.321188,2.8941522,0.28643328,0.1621702
6.464795,3.3281112,2.9018602,0.28254807,0.16314596
6.437713,3.334731,2.909509,0.27955672,0.15889713
6.4108496,3.34108,2.9168813,0.2765654,0.15464829
6.38421,3.3471692,2.9239812,0.27357405,0.15039946
6.3577995,3.3530087,2.930813,0.2717577,0.14362763
6.3314986,3.3586361,2.937296,0.2699413,0.1368558
6.305313,3.3640614,2.943434,0.2681249,0.13008396
6.2792473,3.3692951,2.9492307,0.2672711,0.121459
6.2532067,3.3743672,2.9546278,0.26641726,0.112834044
6.2271957,3.3792877,2.9596274,0.26556343,0.10420908
6.2012196,3.3840673,2.9642313,0.26548722,0.094917186
6.1752048,3.3887303,2.968425,0.26541102,0.08562528
6.1491566,3.3932867,2.972208,0.26533484,0.07633339
6.123079,3.3977466,2.9755805,0.2658392,0.066590115
6.0969186,3.40213,2.9785285,0.26634356,0.05684684
6.0706797,3.406447,2.9810507,0.26684794,0.047103565
6.0443673,3.4107077,2.9831448,0.26773936,0.035212062
6.0179453,3.4149296,2.9847157,0.26863077,0.023320561
5.9914193,3.4191256,2.9857597,0.2695222,0.011429059
5.9647956,3.4233081,2.986273,0.27088538,-0.0014298916
5.938033,3.4274988,2.9862087,0.27224854,-0.014288843
5.911139,3.4317117,2.9855602,0.2736117,-0.027147794
5.88412,3.435962,2.9843223,0.2753918,-0.040941667
5.8569436,3.4402716,2.9824438,0.27717185,-0.05473554
5.8296175,3.4446576,2.9799166,0.27895194,-0.06852941
5.8021507,3.4491374,2.976733,0.2807733,-0.08653199
5.7745576,3.453728,2.9726887,0.28259468,-0.10453457
5.7468524,3.4584527,2.9677742,0.28441605,-0.12253714
5.7190495,3.4633346,2.96198,0.28649712,-0.1446092
5.691155,3.4683993,2.955099,0.2885782,-0.16668126
5.6631904,3.473676,2.9471195,0.29065928,-0.18875332
5.635179,3.479193,2.9380298,0.29385975,-0.21032618
5.607034,3.4850028,2.9278045,0.29706025,-0.23189905
5.578781,3.4911366,2.9164257,0.30026072,-0.2534719
5.5504484,3.4976263,2.9038765,0.30401343,-0.27513316
5.522013,3.5045161,2.8901112,0.30776614,-0.2967944
5.493508,3.5118396,2.8751097,0.31151882,-0.3
5.464798,3.519677,2.8597665,0.31568414,-0.3
5.435829,3.5280643,2.8442178,0.31984943,-0.3
5.406614,3.5370176,2.8284643,0.32401475,-0.3
5.377165,3.5465527,2.8125055,0.32743928,-0.3
5.347562,3.556662,2.796378,0.3308638,-0.3
5.317818,3.5673585,2.7800817,0.33428836,-0.3
5.2879467,3.5786538,2.763617,0.33798787,-0.3
5.2579365,3.5905697,2.74697,0.34168738,-0.3
5.2278028,3.6031196,2.7301407,0.34538692,-0.3
5.197561,3.616316,2.7131293,0.34952047,-0.3
5.167188,3.6301892,2.695914,0.353654,-0.3
5.1367025,3.6447532,2.6784954,0.35778755,-0.3
5.106122,3.6600225,2.6608732,0.36393204,-0.3
5.0752945,3.6760995,2.6429484,0.3700765,-0.3
5.044245,3.6930075,2.6247208,0.37622097,-0.3
5.012998,3.7107687,2.6061907,0.38511327,-0.3
4.981355,3.7295392,2.5872226,0.39400557,-0.3
4.949352,3.7493534,2.5678165,0.40289786,-0.3
4.9170256,3.7702463,2.5479724,0.41135433,-0.3
4.8844504,3.7922282,2.5277119,0.41981077,-0.3
4.851667,3.8153312,2.5070348,0.42826724,-0.3
4.8187175,3.8395858,2.4859412,0.43463057,-0.3
4.785805,3.8649008,2.464534,0.4409939,-0.3
4.752969,3.8912952,2.4428136,0.44735724,-0.3
4.7202473,3.9187875,2.4207797,0.4526757,-0.3
4.6877584,3.9473295,2.398484,0.45799413,-0.3
4.6555395,3.9769325,2.3759263,0.4633126,-0.3
4.62363,4.007607,2.3531065,0.46815863,-0.3
4.5921025,4.0393295,2.330048,0.4730047,-0.3
4.560996,4.072107,2.306751,0.47785074,-0.3
4.5303507,4.1059427,2.2832153,0.48158297,-0.3
4.5002775,4.1407604,2.2594957,0.4853152,-0.3
4.4708114,4.1765566,2.2355924,0.4890474,-0.3
4.44199,4.213328,2.2115052,0.49203745,-0.3
4.4138913,4.2510114,2.1872706,0.49502745,-0.3
4.386549,4.2895975,2.1628888,0.49801746,-0.3
4.359996,4.3290763,2.1383598,0.5003512,-0.3
4.3342996,4.369382,2.113716,0.50268495,-0.3
4.309489,4.4104996,2.0889568,0.50501865,-0.3
4.2855935,4.452413,2.064083,0.5074841,-0.3
4.262636,4.495115,2.0390878,0.5099495,-0.3
4.240647,4.538587,2.0139709,0.5124149,-0.3
4.2196555,4.582811,1.9887328,0.51505274,-0.3
4.1996846,4.627781,1.9633647,0.51769054,-0.3
4.180764,4.6734753,1.9378667,0.52032834,-0.3
4.1629243,4.719873,1.9122388,0.52233076,-0.3
4.1462154,4.7668924,1.8865123,0.523,-0.3
4.130702,4.814387,1.8607527,0.523,-0.3
4.1164165,4.862265,1.8349932,0.523,-0.3
4.103369,4.9104958,1.8092337,0.523,-0.3
4.0915685,4.9590464,1.7834742,0.523,-0.3
4.0810223,5.0078845,1.7577146,0.523,-0.25308806
4.071613,5.0576367,1.7358886,0.523,-0.20617612
4.0631995,5.108133,1.7180439,0.523,-0.15926418
4.0556235,5.159212,1.70422,0.523,-0.13196374
4.0487266,5.2105966,1.6927506,0.523,-0.10466331
4.042399,5.262224,1.683644,0.523,-0.07736288
4.036527,5.314036,1.6769073,0.523,-0.053976774
4.030996,5.3659663,1.6722046,0.523,-0.030590665
4.025704,5.417973,1.6695386,0.523,-0.0072045564
4.0205483,5.470017,1.6689106,0.523,0.01307298
4.0154257,5.522061,1.67005,0.523,0.033350516
4.010246,5.5740747,1.6729566,0.523,0.05362805
4.00492,5.626027,1.6776289,0.523,0.06820087
3.9993563,5.6779084,1.6835692,0.523,0.0827737
3.993491,5.729698,1.690776,0.523,0.09734652
3.9872606,5.7813764,1.699248,0.523,0.102637015
3.9805963,5.8329725,1.7081789,0.523,0.107927516
3.9734755,5.884478,1.7175683,0.523,0.11321801
3.9658759,5.9358845,1.727416,0.523,0.11822031
3.9577749,5.987184,1.7376969,0.523,0.123222604
3.9491525,6.0383663,1.7484107,0.523,0.1282249
3.9399877,6.089421,1.759557,0.523,0.13106515
3.9302583,6.1403513,1.7709488,0.523,0.13390538
3.919953,6.1911483,1.7825861,0.523,0.13674563
3.9090617,6.241802,1.7944686,0.523,0.14483124
3.8975825,6.2922654,1.8070489,0.523,0.15291685
3.885484,6.3425193,1.8203263,0.523,0.16100246
3.8727355,6.3925443,1.8342998,0.523,0.16090408
3.8592892,6.4423866,1.8482648,0.523,0.16080569
3.8451478,6.4920373,1.8622215,0.523,0.16070731
3.8303149,6.5414867,1.8761696,0.523,0.16238184
3.8147976,6.5907106,1.8902617,0.523,0.16405638
3.798593,6.639698,1.9044979,0.523,0.16573091
3.7816973,6.688436,1.9188781,0.523,0.1679658
3.7641091,6.7369075,1.9334503,0.523,0.17020068
3.7458234,6.785099,1.9482147,0.523,0.17243557
3.7268355,6.8329973,1.9631709,0.523,0.17065747
3.7071273,6.8806205,1.9779744,0.523,0.16887937
3.6867101,6.9279613,1.9926252,0.523,0.16710128
3.6655953,6.9750123,2.0071232,0.523,0.16886513
3.643807,7.021738,2.0217726,0.523,0.17062896
3.6213434,7.0681257,2.036574,0.523,0.17239282
3.5982027,7.114162,2.0515263,0.523,0.1730748
3.574379,7.159841,2.0665376,0.523,0.17375678
3.5498755,7.2051525,2.0816073,0.523,0.17443877
3.5246947,7.250084,2.0967355,0.523,0.17795095
3.4988534,7.2946014,2.1121652,0.523,0.18146312
3.4723454,7.3386865,2.127896,0.523,0.18497531
3.4451647,7.3823214,2.1439278,0.523,0.18750563
3.4173012,7.4254937,2.1601765,0.523,0.19003595
3.3887537,7.4681873,2.176642,0.523,0.19256628
3.3595216,7.5103846,2.1933236,0.523,0.19468026
3.329602,7.5520706,2.2101862,0.523,0.19679423
3.2989967,7.5932293,2.2272296,0.523,0.19890821
3.2677076,7.633843,2.2444537,0.523,0.19540846
3.2357013,7.67394,2.2613788,0.523,0.19190872
3.2029984,7.7135167,2.2780042,0.523,0.18840899
3.1696198,7.7525706,2.2943301,0.5208906,0.18753508
3.1357396,7.790925,2.3105159,0.5187811,0.18666118
3.101377,7.82858,2.3265617,0.5166717,0.18578729
3.066551,7.8655334,2.3424683,0.51300746,0.17760636
3.03134,7.9017243,2.3575742,0.50934327,0.16942544
2.9957907,7.9371758,2.371888,0.505679,0.16124451
2.959948,7.9719105,2.385419,0.5019507,0.15648547
2.9238791,8.005931,2.3984568,0.49822232,0.15172641
2.887614,8.039253,2.4110074,0.494494,0.14696735
2.8511817,8.071896,2.4230764,0.4914478,0.14108557
2.814554,8.103925,2.4345942,0.48840162,0.13520378
2.777759,8.135359,2.4455662,0.48535544,0.12932199
2.740824,8.166219,2.4559982,0.47958302,0.12171565
2.7039769,8.196359,2.465703,0.4738106,0.114109315
2.667253,8.225807,2.4746945,0.4680382,0.10650297
2.6306856,8.254594,2.4829867,0.46481034,0.08612671
2.5940623,8.282935,2.4896505,0.46158248,0.06575044
2.5574503,8.310881,2.4947052,0.4583546,0.045374177
2.520913,8.338477,2.4981701,0.4525472,0.036295116
2.4847307,8.365609,2.5009072,0.4467398,0.027216053
2.4489295,8.3923025,2.5029333,0.4409324,0.01813699
2.413533,8.418584,2.504266,0.4360982,0.0036809861
2.3784845,8.444533,2.5045335,0.43126395,-0.010775018
2.3438194,8.470184,2.5037591,0.42642972,-0.025231022
2.3095715,8.495568,2.5019662,0.42194846,-0.031570595
2.2757347,8.520742,2.4997463,0.41746718,-0.03791017
2.2423198,8.545717,2.4971092,0.4129859,-0.044249743
2.2093377,8.570504,2.4940646,0.39812708,-0.048786502
2.1776218,8.594491,2.4908285,0.38326827,-0.05332326
2.1471715,8.617677,2.487424,0.36840943,-0.057860024
2.1179852,8.640057,2.4838734,0.35723048,-0.09370498
2.0898383,8.6617985,2.4783025,0.34605154,-0.12954994
2.062799,8.682927,2.4708514,0.3348726,-0.1653949
2.0369244,8.703458,2.4616625,0.32468507,-0.1672363
2.0120285,8.723587,2.4526548,0.31449756,-0.16907771
1.988098,8.743295,2.4438345,0.30431005,-0.17091912
1.965119,8.762562,2.4352078,0.29504114,-0.16794175
1.9429905,8.781444,2.4269884,0.28577223,-0.16496438
1.9216977,8.799916,2.4191668,0.27650335,-0.161987
1.9012259,8.81796,2.4117346,0.27094144,-0.153644
1.8812714,8.835813,2.4048238,0.26537952,-0.14530097
1.8618233,8.853456,2.3984196,0.2598176,-0.13695796
1.8428714,8.870871,2.3925076,0.2551333,-0.119819745
1.8243216,8.88812,2.3874247,0.250449,-0.10268154
1.806164,8.905177,2.383146,0.2457647,-0.085543334
1.7883891,8.922019,2.3796465,0.24082887,-0.06447178
1.7710015,8.93861,2.3770604,0.23589306,-0.043400228
1.7539929,8.954923,2.3753548,0.23095722,-0.022328675
1.7373561,8.970934,2.3744953,0.22267085,0.01395762
1.721327,8.986387,2.3750134,0.21438447,0.050243914
1.7059046,9.00124,2.3768077,0.2060981,0.08653021
