-9.978183,-0.4115884,0.8302114,0.058185328,0.0
-9.974257,-0.40729392,0.8302114,0.08810224,0.09495685
-9.96834,-0.4008206,0.83160365,0.11801915,0.1899137
-9.960532,-0.39225566,0.8353168,0.14793606,0.28487056
-9.951006,-0.38172814,0.84224594,0.1778253,0.2898711
-9.939661,-0.36901343,0.8507172,0.20771454,0.29487163
-9.926555,-0.35407236,0.8607781,0.23760378,0.29987216
-9.911757,-0.3368578,0.87247604,0.26744536,0.30440342
-9.895353,-0.31731528,0.885836,0.29728696,0.3089347
-9.877436,-0.29538202,0.9009007,0.32712856,0.31346595
-9.858114,-0.27098843,0.9177128,0.35626158,0.28813753
-9.837358,-0.2438601,0.9345858,0.3853946,0.26280913
-9.815247,-0.21392515,0.951273,0.41452762,0.23748071
-9.791853,-0.18112338,0.96752626,0.4403786,0.20073478
-9.76737,-0.14558706,0.98216075,0.4662296,0.16398886
-9.741831,-0.10733101,0.99484646,0.49208057,0.12724292
-9.715247,-0.06639507,1.0052539,0.50903064,0.11116219
-9.688138,-0.023682969,1.0146654,0.523,0.09508146
-9.660653,0.020534996,1.0229409,0.523,0.07900073
-9.633497,0.0650413,1.0298198,0.523,0.055136763
-9.606606,0.10980506,1.0346235,0.523,0.0312728
-9.579901,0.15474382,1.037349,0.523,0.0074088336
-9.553307,0.19977598,1.0379949,0.523,0.019510483
-9.526746,0.24481797,1.0396954,0.523,0.031612135
-9.50027,0.28989112,1.0424504,0.523,0.043713786
-9.47393,0.33501646,1.0462596,0.523,0.04420351
-9.447763,0.3802408,1.0501114,0.523,0.04469323
-9.421772,0.42556465,1.0540059,0.523,0.045182955
-9.395957,0.47098836,1.057943,0.523,0.054389797
-9.370334,0.5164925,1.0626817,0.523,0.06359664
-9.344939,0.56209266,1.0682214,0.523,0.07280348
-9.319814,0.6078041,1.0745618,0.523,0.040168248
-9.294933,0.6537587,1.0780623,0.523,0.007533014
-9.270194,0.6998359,1.0787189,0.523,-0.025102222
-9.245492,0.7459162,1.076531,0.523,-0.036186118
-9.220698,0.7919266,1.0733775,0.523,-0.04727001
-9.19577,0.83783746,1.0692587,0.523,-0.05835391
-9.170669,0.88361835,1.064175,0.523,-0.09013127
-9.145394,0.9291633,1.0563293,0.523,-0.121908635
-9.11985,0.9743554,1.0457292,0.523,-0.153686
