7.674452,2.1479998,-3.013994,0.6260026,0.0
7.6123605,2.1400337,-3.013994,0.523,0.099993706
7.560745,2.1334116,-3.0052924,0.5061545,0.19998741
7.511598,2.126671,-2.988534,0.489309,0.29998112
7.465399,2.1195443,-2.9644353,0.5008122,0.39995262
7.419992,2.1114147,-2.9319346,0.5123154,0.49992412
7.376015,2.102057,-2.891004,0.523,0.5998956
7.334195,2.0913525,-2.8417938,0.523,0.6997752
7.295971,2.0795367,-2.7856543,0.523,0.7996548
7.261805,2.0668347,-2.7231457,0.523,0.8995344
7.2320824,2.0536168,-2.654891,0.523,0.9991289
7.207072,2.0403824,-2.5815837,0.523,1.0
7.1831303,2.025372,-2.5082357,0.523,1.0
7.160353,2.0086474,-2.4348874,0.523,1.0
7.138863,1.9902987,-2.3615391,0.523,1.0
7.1187754,1.9704245,-2.2881908,0.523,1.0
7.100198,1.9491317,-2.2148428,0.523,1.0
7.083231,1.9265347,-2.1414945,0.523,1.0
7.0679655,1.902755,-2.0681462,0.523,1.0
7.054484,1.8779207,-1.9947981,0.523,1.0
7.042858,1.8521651,-1.9214499,0.523,1.0
7.033151,1.8256269,-1.8481016,0.523,1.0
7.0254154,1.7984486,-1.7747535,0.523,1.0
7.019692,1.7707765,-1.7014052,0.523,1.0
7.0160117,1.7427593,-1.628057,0.523,1.0
7.0143943,1.7145479,-1.5547087,0.523,1.0
7.0148487,1.6862937,-1.4813606,0.523,1.0
7.0173726,1.6581488,-1.4080123,0.523,1.0
7.0219526,1.6302645,-1.3346641,0.523,1.0
7.028563,1.602791,-1.2613158,0.523,1.0
7.0371695,1.5758755,-1.1879677,0.523,1.0
7.047725,1.5496633,-1.1146194,0.523,1.0
7.060173,1.5242951,-1.0412712,0.523,1.0
7.0744467,1.4999073,-0.967923,0.523,1.0
7.0904694,1.4766309,-0.89457476,0.523,1.0
7.108155,1.4545915,-0.82122654,0.523,1.0
7.127407,1.4339073,-0.7478783,0.523,1.0
7.148124,1.4146895,-0.6745301,0.523,1.0
7.170193,1.3970417,-0.60118186,0.523,1.0
7.1934967,1.3810586,-0.52783364,0.523,1.0
7.217909,1.3668262,-0.45448545,0.523,0.97897756
7.2441235,1.3540176,-0.38214344,0.523,0.9579552
7.272036,1.3427995,-0.3108396,0.523,0.93693274
7.301527,1.3333255,-0.24060547,0.523,0.9232842
7.3321657,1.3258079,-0.17108248,0.523,0.90963554
7.363811,1.3203406,-0.102283575,0.523,0.895987
7.3963146,1.3170043,-0.034221567,0.523,0.8810876
7.429574,1.3158658,0.033021536,0.523,0.8661882
7.4634323,1.3169842,0.09943081,0.523,0.85128886
7.4977283,1.3204056,0.16499151,0.523,0.83425367
7.532383,1.3261757,0.22956418,0.523,0.8172185
7.5672307,1.334319,0.29313007,0.523,0.80018324
7.6021075,1.3448458,0.35567072,0.523,0.78673697
7.6367283,1.3577062,0.41738933,0.523,0.77329063
7.670942,1.3728781,0.4782747,0.523,0.75984436
7.704602,1.3903282,0.5383159,0.523,0.75064266
7.7374377,1.4099357,0.597773,0.523,0.741441
7.76932,1.4316436,0.6566411,0.523,0.73223937
7.800126,1.4553871,0.7149153,0.523,0.72472095
7.8296947,1.4810561,0.77270037,0.523,0.71720254
7.857918,1.5085711,0.8299932,0.523,0.70968413
7.884692,1.5378469,0.88679045,0.523,0.70526683
7.909857,1.5687119,0.9432951,0.523,0.70084953
7.933326,1.6010696,0.99950606,0.523,0.69643223
7.95502,1.6348196,1.0554222,0.523,0.6895845
7.974907,1.6699286,1.1108791,0.523,0.68273675
7.992918,1.706289,1.1658741,0.523,0.6758891
8.008991,1.7437915,1.2204049,0.523,0.6730604
8.023029,1.7822009,1.274743,0.523,0.67023176
8.0349865,1.8214042,1.328888,0.523,0.66740316
8.044827,1.8612862,1.3828397,0.523,0.655029
8.052577,1.9020312,1.4359401,0.523,0.6426549
8.058206,1.9435176,1.4881811,0.523,0.6302808
8.061692,1.9856247,1.5395546,0.523,0.62335044
8.063019,2.0280678,1.590439,0.523,0.6164201
8.0621805,2.0707338,1.6408316,0.523,0.60948974
8.05918,2.1135116,1.69073,0.5215267,0.5987442
8.054026,2.1562827,1.7397193,0.52005345,0.5879987
8.046751,2.198938,1.7877979,0.51858014,0.57725316
8.037395,2.2413738,1.8349649,0.5176487,0.5638922
8.025971,2.2836068,1.881077,0.51671726,0.55053127
8.012526,2.325541,1.9261296,0.51578575,0.5371703
7.9971085,2.3670871,1.9701182,0.5140956,0.5256138
7.979819,2.4080584,2.013109,0.51240546,0.5140573
7.960721,2.4483826,2.0551016,0.51071525,0.5025008
7.939882,2.4879935,2.0960968,0.50878567,0.4880802
7.917347,2.5268724,2.135861,0.5068561,0.47365957
7.893194,2.5649664,2.1743944,0.5049265,0.45923898
7.8675036,2.6022298,2.211697,0.5023298,0.45018706
7.840461,2.6384826,2.2481272,0.4997332,0.44113517
7.81214,2.6736963,2.2836888,0.49713656,0.43208325
7.782614,2.707847,2.3183858,0.49481788,0.4189581
7.7518826,2.7409952,2.3519354,0.49249917,0.40583298
7.720023,2.7731276,2.3843405,0.4901805,0.39270782
7.687112,2.8042362,2.415605,0.48693907,0.37875497
7.6532774,2.8342717,2.4456139,0.48369765,0.36480215
7.6186,2.8632424,2.4743748,0.48045623,0.3508493
7.583157,2.8911622,2.5018966,0.47635406,0.3370052
7.54709,2.9179986,2.5281487,0.4722519,0.3231611
7.510474,2.9437783,2.5531437,0.4681497,0.309317
7.4733815,2.9685307,2.5768952,0.46221855,0.29598665
7.4360332,2.992191,2.5993655,0.45628738,0.2826563
7.3985004,3.0148032,2.620576,0.45035622,0.26932597
7.3608484,3.036412,2.6405478,0.44211504,0.25957203
7.3233705,3.0569372,2.6594605,0.43387383,0.24981812
7.2861223,3.0764303,2.6773381,0.42563266,0.2400642
7.2491555,3.0949416,2.6942048,0.41681078,0.23106676
7.2125754,3.1124942,2.7101142,0.4079889,0.22206934
7.176426,3.1291378,2.7250907,0.39916703,0.2130719
7.140747,3.1449215,2.7391589,0.3912145,0.21343683
7.105568,3.1598961,2.7529702,0.38326192,0.21380174
7.070907,3.1740878,2.7665234,0.37530935,0.21416667
7.036783,3.1875226,2.7798176,0.36865285,0.20717554
7.0030413,3.2002914,2.7924562,0.36199635,0.2001844
6.969705,3.2124276,2.8044531,0.35533983,0.19319326
6.936795,3.2239633,2.8158238,0.34925616,0.18988885
6.9043016,3.2349398,2.8268108,0.34317252,0.18658444
6.8722367,3.2453804,2.8374207,0.33708885,0.18328004
6.840614,3.2553072,2.84766,0.3321595,0.1782603
6.809326,3.264778,2.8574765,0.32723016,0.17324057
6.778385,3.2738132,2.8668776,0.3223008,0.16822085
6.747802,3.2824328,2.8758712,0.3174229,0.16897777
6.71761,3.29065,2.8847682,0.31254497,0.1697347
6.6878147,3.2984748,2.8935676,0.30766705,0.17049164
6.658422,3.3059182,2.9022677,0.303017,0.17037614
6.6294103,3.312997,2.9108305,0.29836696,0.17026064
6.6007843,3.3197227,2.9192564,0.2937169,0.17014512
6.5725493,3.3261058,2.9275453,0.28926218,0.17253123
6.544703,3.332159,2.935822,0.28480744,0.17491734
6.517248,3.3378894,2.9440827,0.2803527,0.17730345
6.490189,3.3433046,2.952324,0.27678734,0.17105788
6.4634013,3.348436,2.9601765,0.273222,0.16481231
6.4368916,3.3532987,2.9676478,0.26965666,0.15856674
6.410666,3.357907,2.9747443,0.26750582,0.15262386
6.384594,3.362298,2.9815226,0.26535502,0.14668098
6.358679,3.366482,2.9879863,0.2632042,0.14073808
6.3329253,3.3704693,2.99414,0.26205805,0.13245153
6.307231,3.3742857,2.999908,0.26091194,0.12416497
6.2816,3.3779418,3.0052934,0.2597658,0.11587841
6.256037,3.3814478,3.010299,0.25945684,0.10686769
6.2304616,3.3848252,3.0149117,0.25914788,0.09785698
6.2048774,3.3880837,3.0191314,0.25883895,0.088846266
6.1792884,3.391233,3.0229592,0.25914958,0.07934562
6.153637,3.3942904,3.0263827,0.2594602,0.069844976
6.1279254,3.397266,3.0294006,0.25977084,0.060344327
6.1021585,3.400169,3.0320115,0.2605082,0.050418593
6.0762973,3.4030142,3.0341997,0.26124555,0.040492855
6.0503445,3.405812,3.0359623,0.26198292,0.03056712
6.0243044,3.4085732,3.0372968,0.26298574,0.0202286
5.998154,3.4113104,3.0381835,0.26398855,0.0098900795
5.9718976,3.4140353,3.0386186,0.26499137,-0.0004484415
5.9455385,3.4167593,3.0385988,0.26630405,-0.012039882
5.919051,3.4194968,3.0380642,0.26761672,-0.023631323
5.8924403,3.4222617,3.0370104,0.2689294,-0.03522276
5.8657107,3.4250674,3.0354319,0.27056754,-0.048759185
5.8388386,3.427931,3.0332341,0.27220568,-0.06229561
5.81183,3.430869,3.0304096,0.27384382,-0.07583203
5.784693,3.4338987,3.026952,0.2754499,-0.094465494
5.7574506,3.4370356,3.0226216,0.27705595,-0.11309896
5.730117,3.4403028,3.0174103,0.278662,-0.13173242
5.702705,3.4437246,3.0113099,0.28044352,-0.15350707
5.6752253,3.4473252,3.004163,0.282225,-0.17528172
5.647697,3.4511323,2.9959605,0.28400654,-0.19705637
5.6201406,3.455174,2.9866931,0.286474,-0.21909711
5.592513,3.4594882,2.9763157,0.28894144,-0.24113786
5.5648375,3.4641044,2.9648154,0.29140893,-0.26317862
5.5371385,3.4690526,2.9521804,0.29508442,-0.2847421
5.5093246,3.4743848,2.938365,0.29875994,-0.3
5.4813704,3.4801455,2.92365,0.30243543,-0.3
5.453161,3.4863927,2.908754,0.3062629,-0.3
5.424692,3.4931438,2.8936696,0.31009036,-0.3
5.3959737,3.5004132,2.8783965,0.31391782,-0.3
5.367017,3.5082157,2.862935,0.31701133,-0.3
5.3378997,3.516546,2.8473213,0.3201048,-0.3
5.308634,3.5254157,2.831555,0.32319832,-0.3
5.279229,3.5348358,2.8156364,0.32617435,-0.3
5.2497096,3.544814,2.7995713,0.32915038,-0.3
5.220086,3.5553603,2.7833595,0.33212644,-0.3
5.190371,3.5664854,2.7670012,0.3355822,-0.3
5.1605344,3.5782156,2.7504725,0.33903798,-0.3
5.130591,3.5905633,2.7337737,0.34249374,-0.3
5.100555,3.6035402,2.7169049,0.347416,-0.3
5.070313,3.6172156,2.6997933,0.35233828,-0.3
5.039885,3.6316075,2.6824396,0.35726058,-0.3
5.0092893,3.6467338,2.6648433,0.3643336,-0.3
4.9783645,3.6627061,2.6468985,0.37140664,-0.3
4.9471364,3.6795516,2.6286056,0.3784797,-0.3
4.915633,3.697297,2.6099641,0.38785005,-0.3
4.883694,3.7160804,2.5908613,0.3972204,-0.3
4.8513575,3.735939,2.5712967,0.40659076,-0.3
4.818661,3.7569096,2.5512707,0.41447052,-0.3
4.7857666,3.7789497,2.5308568,0.4223503,-0.3
4.752712,3.8020885,2.5100546,0.43023008,-0.3
4.719538,3.8263543,2.4888644,0.43639824,-0.3
4.686418,3.8516755,2.4673703,0.4425664,-0.3
4.653389,3.8780704,2.4455724,0.44873458,-0.3
4.620491,3.905557,2.4234707,0.45407173,-0.3
4.587825,3.9340992,2.401106,0.4594089,-0.3
4.5554285,3.9637086,2.3784788,0.46474606,-0.3
4.523342,3.9943962,2.3555884,0.46966654,-0.3
4.4916344,4.0261426,2.3324556,0.47458702,-0.3
4.460345,4.058954,2.3090806,0.4795075,-0.3
4.4295144,4.0928354,2.2854633,0.48338062,-0.3
4.39925,4.127715,2.261655,0.48725376,-0.3
4.369589,4.1635904,2.2376564,0.49112687,-0.3
4.3405685,4.200458,2.2134666,0.4942489,-0.3
4.312269,4.2382555,2.1891232,0.49737093,-0.3
4.2847257,4.2769737,2.1646261,0.50049293,-0.3
4.2579722,4.3166018,2.139975,0.5033837,-0.3
4.232054,4.3571105,2.1151817,0.50627446,-0.3
4.207006,4.398485,2.090246,0.5091652,-0.3
4.1828594,4.440711,2.065168,0.5130132,-0.3
4.1596055,4.483853,2.0399003,0.51686114,-0.3
4.1372824,4.5278964,2.0144432,0.5207091,-0.3
4.11593,4.572826,1.9887965,0.523,-0.3
4.095648,4.6184883,1.9630369,0.523,-0.3
4.0765486,4.664658,1.9372774,0.523,-0.3
4.058645,4.711304,1.9115179,0.523,-0.3
4.0419483,4.758396,1.8857584,0.523,-0.3
4.0264707,4.8059025,1.859999,0.523,-0.3
4.0122213,4.8537917,1.8342394,0.523,-0.3
3.9992104,4.902032,1.8084799,0.523,-0.3
3.9874463,4.950591,1.7827203,0.523,-0.3
3.9769368,4.9994373,1.7569609,0.523,-0.27585667
3.9676225,5.0488906,1.7332191,0.523,-0.25171334
3.9594316,5.098876,1.7115091,0.523,-0.22757003
3.9522858,5.149324,1.6918434,0.523,-0.18875161
3.9460826,5.2003193,1.675488,0.523,-0.1499332
3.9406786,5.251749,1.6624677,0.523,-0.1111148
3.9359202,5.3035083,1.6528021,0.523,-0.08387701
3.9316514,5.355449,1.6454995,0.523,-0.05663923
3.9277542,5.40752,1.640565,0.523,-0.029401446
3.92411,5.45967,1.6380026,0.523,-0.009499455
3.9205978,5.51185,1.6371746,0.523,0.010402536
3.917129,5.5640316,1.6380813,0.523,0.030304527
3.9136143,5.6161895,1.6407224,0.523,0.0496068
3.9099646,5.6682973,1.6450447,0.523,0.06890907
3.906094,5.7203293,1.6510465,0.523,0.08821134
3.901918,5.7722583,1.6587256,0.523,0.09677657
3.8973465,5.824113,1.6671482,0.523,0.10534179
3.892343,5.8758817,1.6763135,0.523,0.11390702
3.8868704,5.9275537,1.686221,0.523,0.119233355
3.88089,5.979137,1.6965895,0.523,0.1245597
3.8743792,6.0306215,1.7074189,0.523,0.12988605
3.867316,6.081998,1.7187089,0.523,0.13267563
3.859676,6.133272,1.7302399,0.523,0.13546523
3.8514485,6.1844354,1.7420118,0.523,0.13825482
3.8426225,6.235479,1.7540246,0.523,0.14510009
3.8331935,6.286363,1.7666283,0.523,0.15194534
3.823134,6.3370724,1.7798219,0.523,0.1587906
3.812418,6.3875904,1.7936051,0.523,0.16537681
3.801019,6.437902,1.8079548,0.523,0.171963
3.7889128,6.487988,1.8228705,0.523,0.17854922
3.7760758,6.53783,1.8383514,0.523,0.17741308
3.762466,6.5874777,1.853735,0.523,0.17627692
3.7480912,6.63692,1.8690209,0.523,0.17514077
3.7329593,6.6861463,1.8842095,0.523,0.1754806
3.7170825,6.7351346,1.8994272,0.523,0.17582044
3.700463,6.7838726,1.9146739,0.523,0.17616026
3.6831036,6.832349,1.92995,0.523,0.17558911
3.6650035,6.880559,1.945177,0.523,0.17501798
3.64617,6.9284925,1.9603549,0.523,0.17444684
3.6266088,6.97614,1.9754839,0.523,0.17605416
3.606335,7.0234723,1.9907508,0.523,0.17766151
3.585347,7.070476,2.0061555,0.523,0.17926884
3.5636437,7.1171374,2.0216982,0.523,0.18147948
3.5412266,7.1634374,2.0374305,0.523,0.18369015
3.5180936,7.20936,2.0533524,0.523,0.18590079
3.4942424,7.2548895,2.0694635,0.523,0.18924035
3.469676,7.3000007,2.0858607,0.523,0.1925799
3.4443898,7.344674,2.1025436,0.523,0.19591945
3.418379,7.3888903,2.1195123,0.523,0.19856645
3.3916357,7.4326353,2.136707,0.523,0.20121345
3.364159,7.475891,2.154128,0.523,0.20386043
3.3359482,7.5186386,2.171775,0.523,0.20521903
3.3069959,7.5608697,2.189538,0.523,0.20657763
3.2773063,7.6025677,2.207417,0.523,0.20793621
3.2468846,7.643717,2.2254117,0.523,0.20502575
3.2157085,7.6843367,2.2431583,0.523,0.20211528
3.1837971,7.7244205,2.2606564,0.523,0.19920482
3.1511703,7.7639637,2.2779057,0.5204032,0.19721442
3.1180182,7.80276,2.2949002,0.51780635,0.19522403
3.0843668,7.8408117,2.3116415,0.51520956,0.19323364
3.050242,7.8781214,2.328131,0.51188564,0.1857445
3.015681,7.9146786,2.3438866,0.50856173,0.17825535
2.9807284,7.9505024,2.3589158,0.5052378,0.1707662
2.9454265,7.985613,2.3732255,0.5017092,0.16665308
2.909851,8.019997,2.3870964,0.4981806,0.16253996
2.8740313,8.053668,2.4005327,0.49465203,0.15842684
2.8379953,8.086642,2.4135392,0.49111196,0.15147857
2.801755,8.118948,2.4258907,0.4875719,0.14453031
2.7653446,8.150606,2.4375947,0.48403183,0.13758205
2.7287974,8.18164,2.4486587,0.47845942,0.12922882
2.692293,8.211949,2.458935,0.47288704,0.120875575
2.6558695,8.241564,2.4684386,0.46731466,0.112522334
2.619563,8.2705145,2.477184,0.4638191,0.09166248
2.5832007,8.298993,2.4842598,0.4603235,0.07080262
2.5468516,8.327049,2.4896874,0.45682794,0.04994277
2.5105824,8.354731,2.4934883,0.45123476,0.041020714
2.474639,8.3819475,2.4965725,0.44564155,0.032098662
2.4390466,8.408726,2.4989562,0.44004837,0.02317661
2.4038293,8.435091,2.500656,0.43481582,0.0069776415
2.3689783,8.46109,2.5011616,0.42958325,-0.0092213275
2.334534,8.486759,2.5005014,0.4243507,-0.025420297
2.3005357,8.51213,2.4987037,0.41948974,-0.030819643
2.266977,8.537267,2.4965491,0.4146288,-0.03621899
2.233867,8.56218,2.494047,0.40976784,-0.041618336
2.2012134,8.586876,2.4912055,0.39368743,-0.04628416
2.1699154,8.610688,2.4881697,0.37760702,-0.05094999
2.139972,8.633614,2.4849644,0.36152664,-0.05561582
2.1113815,8.655649,2.481615,0.35063663,-0.09256276
2.0837996,8.677054,2.4762135,0.3397466,-0.1295097
2.057296,8.697853,2.4689004,0.3288566,-0.16645664
2.0319302,8.7180605,2.4598193,0.31872097,-0.1661946
2.0075238,8.737869,2.4510314,0.30858535,-0.16593257
1.9840621,8.757255,2.4425366,0.29844972,-0.16567054
1.9615301,8.7761965,2.4343336,0.29054958,-0.16188782
1.9397328,8.794828,2.4265282,0.28264946,-0.1581051
1.9186575,8.813129,2.4191113,0.27474934,-0.1543224
1.8982917,8.831081,2.4120727,0.26856107,-0.14431693
1.8784788,8.848796,2.4056354,0.26237276,-0.13431145
1.8592072,8.86625,2.3997796,0.25618446,-0.12430598
1.8404658,8.883425,2.3944857,0.25202367,-0.107805826
1.8220832,8.900451,2.3899662,0.24786285,-0.09130567
1.8040503,8.917305,2.3861997,0.24370204,-0.07480552
1.7863584,8.933966,2.3831642,0.23811586,-0.050918926
1.7690955,8.950322,2.3811443,0.23252968,-0.027032327
1.7522542,8.966343,2.3800967,0.2269435,-0.0031457306
1.735828,8.982002,2.3799777,0.21792981,0.032483302
1.7200643,8.997033,2.3811574,0.20891613,0.068112336
1.7049627,9.011399,2.383527,0.19990245,0.10374137
