4.944114,2.3885915,0.865966,0.7754921,0.0
4.9943585,2.4476626,0.865966,0.523,0.09779616
5.0280824,2.4873102,0.87447697,0.4986692,0.19559231
5.059457,2.524839,0.89062953,0.4743384,0.29338846
5.088014,2.5601413,0.91349244,0.48926753,0.35977682
5.115994,2.596394,0.94220144,0.50419664,0.4261652
5.142989,2.6335287,0.9769391,0.51912576,0.49255356
5.168585,2.6714387,1.0178529,0.523,0.46870264
5.19309,2.7111454,1.0572287,0.523,0.44485173
5.216284,2.752265,1.0947386,0.523,0.4210008
5.2381587,2.7946906,1.1303613,0.523,0.43667012
5.2583637,2.8375602,1.1672262,0.523,0.45233947
5.2768364,2.8808212,1.2053243,0.523,0.4680088
5.293518,2.9244146,1.244646,0.523,0.44178385
5.308666,2.969201,1.2819144,0.523,0.4155589
5.3222976,3.015067,1.3171036,0.523,0.38933396
5.334441,3.0619044,1.3501897,0.523,0.38248914
5.345059,3.109249,1.382723,0.523,0.37564436
5.354155,3.1570444,1.414702,0.523,0.36879957
5.361739,3.2052348,1.4461253,0.523,0.3451986
5.367859,3.2540674,1.475621,0.523,0.32159767
5.3725743,3.3034616,1.5031729,0.523,0.2979967
5.3759527,3.3533423,1.5287656,0.523,0.28168017
5.3780637,3.4035368,1.5529952,0.523,0.26536363
5.378962,3.453998,1.5758556,0.523,0.24904712
5.3787055,3.504684,1.5973405,0.5133907,0.2708497
5.3773923,3.554134,1.6202334,0.5037814,0.2926523
5.3750086,3.6023111,1.6444563,0.4941721,0.31445488
5.3715506,3.6491778,1.6699307,0.46678433,0.2633379
5.3670897,3.6940258,1.6901817,0.4393966,0.2122209
5.361974,3.7366738,1.7056069,0.41200885,0.16110392
5.3565083,3.7769723,1.7166219,0.3868029,0.17331839
5.3509717,3.8146687,1.7277393,0.36159697,0.18553285
5.345417,3.849771,1.7388567,0.33639103,0.19774732
5.3398995,3.88229,1.7498713,0.31708738,0.1928989
5.334357,3.9129128,1.7600025,0.2977837,0.18805048
5.3288546,3.9416442,1.7692806,0.27848005,0.18320204
5.3234553,3.9684885,1.7777362,0.26791424,0.19225942
5.318052,3.9942253,1.7862682,0.25734845,0.20131677
5.3126607,4.018857,1.7948447,0.24678263,0.21037415
