5.1061263,-5.589989,-1.470692,0.23309729,0.0
5.1084557,-5.6131825,-1.470692,0.26074958,0.099998996
5.1110487,-5.638997,-1.4663535,0.28840187,0.19999799
5.113995,-5.6671085,-1.4568042,0.31605417,0.299997
5.1174297,-5.6971064,-1.4412376,0.34471703,0.39999488
5.121532,-5.728591,-1.4188646,0.37337986,0.49999276
5.126491,-5.7609806,-1.3890305,0.40204272,0.5999906
5.132489,-5.7936163,-1.3511958,0.42772552,0.6999577
5.139616,-5.825546,-1.3052734,0.45340836,0.79992485
5.147906,-5.8560305,-1.2510682,0.4790912,0.8998919
5.1572676,-5.884306,-1.188526,0.49343494,0.999731
5.167217,-5.9090524,-1.1193361,0.5077787,1.0
5.1791863,-5.933739,-1.0481226,0.52212244,1.0
5.1932693,-5.958183,-0.9748975,0.523,1.0
5.209129,-5.9815702,-0.9015493,0.523,1.0
5.22666,-6.0037327,-0.82820106,0.523,1.0
5.2457676,-6.0245504,-0.75485283,0.523,1.0
5.26635,-6.0439124,-0.6815046,0.523,1.0
5.2882957,-6.0617137,-0.6081564,0.523,1.0
5.311487,-6.077859,-0.53480816,0.523,1.0
5.335799,-6.0922613,-0.46145996,0.523,1.0
5.361101,-6.104843,-0.38811174,0.523,1.0
5.3872576,-6.115537,-0.31476352,0.523,1.0
5.414127,-6.1242857,-0.24141529,0.523,1.0
5.441565,-6.1310415,-0.16806707,0.523,1.0
5.4694247,-6.1357684,-0.09471885,0.523,1.0
5.497556,-6.1384406,-0.02137063,0.523,1.0
5.5258074,-6.139045,0.05197759,0.523,1.0
5.554027,-6.1375766,0.12532581,0.523,1.0
5.582063,-6.134044,0.19867404,0.523,1.0
5.609765,-6.128467,0.27202225,0.523,1.0
5.636984,-6.120875,0.34537047,0.523,1.0
5.6635733,-6.111308,0.4187187,0.523,1.0
5.6893897,-6.0998187,0.49206692,0.523,1.0
5.714295,-6.0864687,0.56541514,0.523,1.0
5.738155,-6.071329,0.63876337,0.523,1.0
5.7608414,-6.0544815,0.7121116,0.523,1.0
5.782232,-6.036017,0.7854598,0.523,1.0
5.802212,-6.0160346,0.85880804,0.523,1.0
5.820674,-5.9946413,0.93215626,0.523,1.0
5.8375187,-5.971953,1.0055045,0.523,0.98544896
5.852997,-5.947553,1.0781597,0.523,0.9708979
5.866961,-5.921538,1.1501064,0.523,0.95634687
5.879275,-5.8940153,1.2213295,0.523,0.91427594
5.890205,-5.8640227,1.2903761,0.523,0.872205
5.8995137,-5.8317003,1.3571239,0.523,0.8301341
5.906997,-5.797212,1.4214547,0.523,0.8285949
5.912257,-5.762255,1.485695,0.523,0.82705575
5.9152665,-5.726974,1.5498445,0.523,0.82551664
5.91601,-5.691513,1.6139032,0.523,0.7625177
5.91438,-5.6537304,1.674113,0.523,0.69951874
5.910253,-5.613926,1.7302352,0.523,0.6365198
5.9035754,-5.5724015,1.7820472,0.523,0.6809465
5.895055,-5.532669,1.8369211,0.523,0.7253732
5.8847632,-5.494913,1.8947487,0.523,0.7697999
5.872809,-5.4593124,1.955416,0.523,0.6815996
5.85757,-5.421665,2.0103343,0.523,0.5933993
5.83912,-5.3824277,2.0590763,0.523,0.50519896
5.817651,-5.342009,2.1012633,0.523,0.53561777
5.7948956,-5.3032146,2.1457508,0.523,0.5660366
5.770891,-5.266169,2.1924975,0.523,0.5964554
5.7456903,-5.2309957,2.24146,0.523,0.52294815
5.71753,-5.1954994,2.2849944,0.523,0.44944093
5.6866746,-5.159905,2.322865,0.523,0.37593368
5.653441,-5.1243787,2.3548675,0.523,0.3972218
5.619384,-5.0902314,2.3885884,0.523,0.41850996
5.584517,-5.057554,2.424013,0.523,0.4397981
5.548864,-5.026436,2.461125,0.523,0.3835981
5.511167,-4.995922,2.4937477,0.523,0.32739806
5.4716787,-4.9660373,2.5217788,0.523,0.27119806
5.430663,-4.9367676,2.5451295,0.523,0.29218066
5.389228,-4.9086347,2.5702372,0.523,0.31316328
5.3473744,-4.8817277,2.5970905,0.523,0.33414587
5.305112,-4.856135,2.625678,0.523,0.29477495
5.2615814,-4.8314466,2.651002,0.523,0.25540403
5.2169466,-4.8076053,2.6730235,0.523,0.21603307
5.171368,-4.784535,2.6917083,0.51982486,0.2304384
5.1257954,-4.762527,2.7114966,0.5166497,0.24484372
5.0802364,-4.7416277,2.7323697,0.5134745,0.25924903
5.034703,-4.7218795,2.7543082,0.5159481,0.23549867
4.988248,-4.702931,2.7743723,0.51842177,0.21174829
4.940943,-4.6847343,2.792532,0.52089536,0.1879979
4.892857,-4.667233,2.808757,0.51768094,0.19516812
4.844859,-4.65064,2.8254895,0.5144666,0.20233834
4.796959,-4.6349735,2.8427207,0.51125216,0.20950855
4.7491684,-4.6202493,2.8604424,0.51236075,0.18995336
4.7008295,-4.606289,2.8765657,0.5134693,0.17039815
4.651993,-4.593034,2.8910778,0.5145778,0.15084295
4.6027074,-4.5804224,2.9039655,0.5134724,0.15279743
4.553385,-4.568476,2.9169908,0.512367,0.1547519
4.5040317,-4.557201,2.9301531,0.5112616,0.15670636
4.4546566,-4.5466027,2.9434514,0.51340884,0.14760698
4.4048676,-4.5366063,2.956036,0.5155561,0.13850759
4.3546824,-4.527186,2.9678996,0.51770335,0.12940821
4.304117,-4.518314,2.9790342,0.51834685,0.12539434
4.2533674,-4.50999,2.9898388,0.51899034,0.121380486
4.2024426,-4.5022025,3.0003123,0.5196339,0.11736663
4.151351,-4.494936,3.0104537,0.5203392,0.111806974
4.1000857,-4.488174,3.0201297,0.5210445,0.10624732
4.048657,-4.4818964,3.0293388,0.5217498,0.10068767
3.9970727,-4.476082,3.0380797,0.5227369,0.097156
3.9453242,-4.4707055,3.046531,0.523,0.093624346
3.8934882,-4.465763,3.0546799,0.523,0.09009269
3.841597,-4.4612417,3.0625224,0.523,0.08892287
3.7896664,-4.457127,3.0702634,0.523,0.08775305
3.7377,-4.453414,3.0779026,0.523,0.086583234
3.6857016,-4.450098,3.0854404,0.523,0.08363112
3.6336665,-4.4471726,3.0927217,0.523,0.080679014
3.581599,-4.4446263,3.0997467,0.523,0.0777269
3.5295024,-4.442445,3.106515,0.523,0.074849345
3.477381,-4.4406157,3.1130333,0.523,0.07197179
3.4252377,-4.4391265,3.1193013,0.523,0.069094226
3.3730755,-4.4379635,3.1253192,0.523,0.067871064
3.3209028,-4.4371142,3.1312308,0.523,0.0666479
3.2687216,-4.4365735,3.137036,0.523,0.06542473
3.2165341,-4.4363356,-3.1404505,0.523,0.06150288
3.164333,-4.436395,-3.1350927,0.523,0.057581026
3.1121209,-4.4367347,-3.1300764,0.523,0.05365917
3.0598996,-4.437336,-3.1254015,0.4947869,0.15363142
3.01101,-4.438128,-3.112782,0.46657377,0.25360367
2.9658637,-4.439429,-3.093272,0.43836066,0.35357592
2.9247873,-4.4414153,-3.0679746,0.42267197,0.45340684
2.8868937,-4.44421,-3.0371172,0.40698332,0.55323774
2.8524554,-4.447821,-3.001476,0.39129466,0.65306866
2.8216825,-4.4521613,-2.9618492,0.3923929,0.7523995
2.793497,-4.4572825,-2.9171562,0.39349118,0.85173035
2.7682288,-4.463051,-2.867811,0.39458942,0.9510611
2.7461638,-4.469248,-2.8142762,0.38910115,1.0
2.7262566,-4.4760065,-2.7597067,0.38361287,1.0
2.7070231,-4.483731,-2.7059069,0.3781246,1.0
2.6885014,-4.492353,-2.6528769,0.3703475,1.0
2.6708338,-4.5017476,-2.6009374,0.3625704,1.0
2.6540382,-4.5118303,-2.5500886,0.3547933,1.0
2.6381254,-4.5225196,-2.5003304,0.34908214,1.0
2.6230114,-4.5338025,-2.4513733,0.343371,1.0
2.6087055,-4.5456147,-2.4032173,0.33765987,1.0
2.5952132,-4.557894,-2.3558621,0.33248058,1.0
2.5825148,-4.570601,-2.3092334,0.32730132,1.0
2.570611,-4.583679,-2.263331,0.32212207,1.0
2.5594985,-4.597074,-2.218155,0.31767148,1.0
2.5491474,-4.610765,-2.173603,0.3132209,1.0
2.5395525,-4.624706,-2.1296751,0.3087703,1.0
2.5307066,-4.63885,-2.0863717,0.30435506,1.0
2.522599,-4.653157,-2.0436873,0.2999398,1.0
2.5152178,-4.6675844,-2.0016222,0.2955246,1.0
2.5085495,-4.6820927,-1.9601763,0.29014397,1.0
2.5025985,-4.6965957,-1.9194851,0.28476337,1.0
2.4973416,-4.7110558,-1.8795484,0.27938277,1.0
2.4927547,-4.725437,-1.8403664,0.27422088,1.0
2.4888089,-4.739718,-1.8019081,0.269059,1.0
2.4854789,-4.753869,-1.764174,0.2638971,1.0
2.482739,-4.7678614,-1.7271637,0.2629236,1.0
2.4805267,-4.781894,-1.6902899,0.2619501,1.0
2.4788394,-4.795946,-1.6535527,0.26097658,1.0
2.4776738,-4.8099985,-1.616952,0.26402315,1.0
2.4770157,-4.824249,-1.579924,0.2670697,1.0
2.476884,-4.838678,-1.5424688,0.27011627,1.0
2.4772973,-4.8532667,-1.5045862,0.27557212,1.0
2.4782825,-4.868123,-1.4659386,0.281028,1.0
2.4798717,-4.883224,-1.4265258,0.28648385,1.0
2.482097,-4.898542,-1.3863478,0.2942009,1.0
2.4850123,-4.914168,-1.3450875,0.3019179,1.0
2.4886632,-4.9300666,-1.302745,0.30963495,1.0
2.493094,-4.946199,-1.2593203,0.32027885,1.0
2.4983974,-4.9626713,-1.2144027,0.33092272,1.0
2.5046356,-4.9794273,-1.1679924,0.34156662,1.0
2.51187,-4.996405,-1.1200893,0.35398445,1.0
2.5202012,-5.0136213,-1.0704447,0.36640227,1.0
2.5296984,-5.030991,-1.0190586,0.3788201,1.0
2.5404267,-5.048422,-0.9659309,0.39125428,1.0
2.5524478,-5.0658107,-0.9110593,0.40368846,1.0
2.5658162,-5.083045,-0.85444397,0.41612265,1.0
2.5805795,-5.1000023,-0.79608476,0.42830014,1.0
2.596767,-5.1165395,-0.73601776,0.44047764,1.0
2.6144056,-5.132517,-0.6742429,0.45265514,1.0
2.633511,-5.147785,-0.6107602,0.45864475,1.0
2.6538117,-5.161997,-0.5464375,0.46463436,1.0
2.6752603,-5.175042,-0.48127478,0.47062397,1.0
2.6977997,-5.186813,-0.41527203,0.47315443,1.0
2.7211916,-5.197127,-0.3489144,0.47568488,1.0
2.7453444,-5.2059135,-0.28220192,0.47821534,1.0
2.7701604,-5.2131085,-0.21513453,0.48066086,1.0
2.795532,-5.2186527,-0.14772417,0.48310637,1.0
2.82135,-5.2224946,-0.07997084,0.48555186,1.0
2.8475006,-5.2245903,-0.011874535,0.48402524,1.0
2.8736508,-5.224901,0.056007665,0.4824986,1.0
2.8996794,-5.2234416,0.123675756,0.48097196,1.0
2.925468,-5.220236,0.19112974,0.47434935,1.0
2.9506304,-5.2153673,0.25765496,0.46772674,1.0
2.9750676,-5.2089276,0.32325137,0.46110412,1.0
2.9986908,-5.201014,0.38791898,0.4554465,1.0
3.0214703,-5.1917057,0.45179316,0.44978887,1.0
3.0433342,-5.1810956,0.51487386,0.44413126,1.0
3.0642197,-5.169279,0.57716113,0.44338953,1.0
3.0842955,-5.1562076,0.6393444,0.44264784,1.0
3.103488,-5.1419373,0.7014236,0.44190612,1.0
3.1217277,-5.1265297,0.76339877,0.44198394,1.0
3.138981,-5.110019,0.8253849,0.44206178,1.0
3.1551816,-5.0924687,0.8873819,0.4421396,1.0
3.1702662,-5.0739446,0.9493899,0.4401601,1.0
3.1841114,-5.0546083,1.0111202,0.4381806,1.0
3.1966808,-5.0345454,1.072573,0.4362011,1.0
3.2079432,-5.0138426,1.1337479,0.4415264,1.0
3.2180405,-4.9922295,1.1956699,0.44685173,1.0
3.2268865,-4.9697647,1.2583387,0.45217708,1.0
3.2343965,-4.9465165,1.3217543,0.46244052,1.0
3.240555,-4.9223013,1.3866094,0.47270396,1.0
3.2452326,-4.897193,1.4529039,0.4829674,1.0
3.2483017,-4.8712792,1.5206378,0.49704328,1.0
3.2496483,-4.8444576,1.5903456,0.5111192,1.0
3.2491086,-4.8168473,1.6620276,0.523,1.0
3.246534,-4.788707,1.7353759,0.523,0.9430728
3.2415016,-4.758406,1.8059256,0.523,0.8861456
3.2337964,-4.7262416,1.8734484,0.523,0.8292184
3.223267,-4.6925206,1.9377254,0.5223783,0.7851556
3.2100124,-4.6580334,1.9992734,0.52175665,0.74109286
3.1940198,-4.6230216,2.057979,0.521135,0.69703007
3.175314,-4.5877123,2.1137357,0.52023846,0.67674565
3.154359,-4.5529866,2.1680365,0.51934195,0.6564612
3.1312234,-4.518968,2.2208636,0.5184454,0.6361767
3.1059835,-4.485771,2.2722006,0.5187755,0.60227424
3.0783975,-4.453113,2.3211832,0.5191057,0.5683718
3.0485642,-4.421114,2.367752,0.5194358,0.53446925
3.0165937,-4.389874,2.411851,0.52218354,0.5065282
2.98256,-4.3594327,2.4540732,0.523,0.4785871
2.9466825,-4.329971,2.4942157,0.523,0.45064598
2.9091294,-4.301578,2.532181,0.523,0.42623776
2.8700812,-4.2743206,2.56822,0.523,0.40182954
2.829645,-4.2482095,2.602311,0.523,0.37742132
2.787926,-4.2232428,2.634434,0.523,0.3550738
2.7450607,-4.199425,2.6647384,0.523,0.33272627
2.7011435,-4.176737,2.6932087,0.523,0.31037876
2.6562655,-4.1551476,2.7198312,0.523,0.293871
2.6105943,-4.1346555,2.7450798,0.523,0.2773632
2.5641959,-4.115229,2.7689478,0.523,0.26085547
2.5171332,-4.096832,2.7914288,0.523,0.25348118
2.4695766,-4.0794635,2.813288,0.523,0.24610688
2.4215617,-4.063108,2.8345244,0.523,0.23873259
2.373122,-4.047748,2.8551369,0.523,0.21218139
2.3240783,-4.033302,2.8734934,0.523,0.18563019
2.274513,-4.0196857,2.8895814,0.523,0.15907899
2.2245045,-4.006809,2.9033895,0.523,0.14545083
2.174218,-3.9945989,2.9160233,0.523,0.13182268
2.1236851,-3.983003,2.9274807,0.523,0.11819451
2.072936,-3.9719677,2.9377592,0.523,0.09866984
2.021968,-3.9614325,2.946346,0.523,0.07914516
1.9708222,-3.9513175,2.9532375,0.523,0.05962049
1.9195385,-3.9415421,2.9584315,0.523,0.017392814
1.868121,-3.9320176,2.9599476,0.523,-0.02483486
1.8166974,-3.9225726,2.957783,0.523,-0.067062534
1.765394,-3.913035,2.9519417,0.523,-0.11319014
1.7143604,-3.9032388,2.9420962,0.523,-0.15931775
1.6637468,-3.8930054,2.9282677,0.523,-0.20544535
1.6137073,-3.8821657,2.9104855,0.523,-0.25552297
1.5644507,-3.8705752,2.888454,0.523,-0.3
1.516079,-3.8580618,2.8626945,0.523,-0.3
1.4680455,-3.844307,2.836935,0.523,-0.3
1.4203823,-3.8293195,2.8111756,0.523,-0.3
1.3731209,-3.8131092,2.785416,0.523,-0.3
