-9.520238,-5.0112123,2.2588816,0.16609472,0.0
-9.530786,-4.998382,2.2588816,0.1367117,0.050431896
-9.539456,-4.987835,2.26003,0.10732869,0.10086379
-9.5462475,-4.979594,2.2618313,0.07794567,0.15129569
-9.551159,-4.9736567,2.2637894,0.049398027,0.14770195
-9.55428,-4.9698977,2.265001,0.020850385,0.14410822
-9.5556,-4.968312,2.2655,-0.0076972563,0.1405145
-9.555112,-4.9688973,2.2653203,-0.035966378,0.1269271
-9.552829,-4.971638,2.2645614,-0.0642355,0.113339685
-9.548748,-4.9765453,2.2633507,-0.09250462,0.099752285
-9.5428705,-4.983629,2.2618153,-0.12132622,0.07576889
-9.53516,-4.992952,2.2602847,-0.15014783,0.05178549
-9.525621,-5.0045214,2.2589893,-0.17896943,0.027802099
-9.514259,-5.0183396,2.25816,-0.20862749,-0.008879351
-9.501022,-5.0344644,2.2584689,-0.23828556,-0.0455608
-9.485912,-5.052858,2.2602777,-0.26794362,-0.08224225
-9.468925,-5.073462,2.2639463,-0.29517338,-0.14801286
-9.450272,-5.0959196,2.2712014,-0.32240316,-0.21378347
-9.429964,-5.120009,2.2826014,-0.34963292,-0.27955407
-9.408013,-5.145455,2.2986803,-0.3401835,-0.3
-9.386392,-5.169718,2.3154354,-0.33073407,-0.3
-9.364979,-5.1929517,2.3317251,-0.32128465,-0.3
-9.343813,-5.21518,2.3475497,-0.31429696,-0.3
-9.322765,-5.236594,2.3630297,-0.3073093,-0.3
-9.301865,-5.257211,2.3781657,-0.3003216,-0.3
-9.2811365,-5.277048,2.3929577,-0.30019292,-0.3
-9.260126,-5.296568,2.4077432,-0.3000642,-0.3
-9.238838,-5.3157663,2.4225223,-0.29993552,-0.3
-9.2172785,-5.3346405,2.4372952,-0.30207264,-0.3
-9.195287,-5.353326,2.4521732,-0.30420977,-0.3
-9.172862,-5.3718123,2.4671566,-0.30634686,-0.3
-9.150003,-5.3900876,2.4822452,-0.30832925,-0.3
-9.126721,-5.4081326,2.4974315,-0.31031165,-0.3
-9.103017,-5.4259353,2.5127153,-0.312294,-0.3
-9.07889,-5.4434853,2.528097,-0.31224525,-0.3
-9.0545,-5.460659,2.543476,-0.31219646,-0.3
-9.029852,-5.477453,2.5588527,-0.3121477,-0.3
-9.004953,-5.493864,2.574227,-0.31125712,-0.3
-8.9798765,-5.5098443,2.5895574,-0.31036654,-0.3
-8.954631,-5.5253935,2.604844,-0.309476,-0.3
-8.929223,-5.5405116,2.620087,-0.31036237,-0.3
-8.903514,-5.5552826,2.6353734,-0.31124875,-0.3
-8.877509,-5.5697002,2.6507032,-0.31213516,-0.3
-8.851211,-5.5837574,2.666077,-0.31511578,-0.3
-8.824447,-5.5975394,2.6815975,-0.3180964,-0.3
-8.797216,-5.61103,2.697265,-0.32107702,-0.3
-8.769521,-5.624215,2.713079,-0.3262228,-0.3
-8.741174,-5.637165,2.7291465,-0.33136857,-0.3
-8.712172,-5.6498547,2.7454677,-0.33651435,-0.3
-8.682512,-5.662259,2.762042,-0.34387386,-0.3
-8.6519985,-5.674431,2.778979,-0.35123336,-0.3
-8.620626,-5.686333,2.7962785,-0.35859287,-0.3
-8.58839,-5.697929,2.8139403,-0.3680662,-0.3
-8.555099,-5.709245,2.8320687,-0.37753952,-0.3
-8.520745,-5.7202315,2.850664,-0.38701284,-0.3
-8.485326,-5.730837,2.8697255,-0.39852214,-0.3
-8.448652,-5.7410607,2.8893542,-0.41003144,-0.3
-8.41072,-5.750837,2.9095495,-0.4215407,-0.3
-8.371528,-5.760098,2.930312,-0.43477756,-0.3
-8.330915,-5.7688084,2.9517262,-0.44801438,-0.3
-8.288884,-5.776886,2.9737923,-0.46125123,-0.3
-8.245438,-5.7842455,2.9965105,-0.4787322,-0.3
-8.200184,-5.790858,3.0200896,-0.4962132,-0.3
-8.153128,-5.796603,3.04453,-0.51369417,-0.3
-8.104284,-5.801359,3.0698311,-0.523,-0.3
-8.054448,-5.8049417,3.0955906,-0.523,-0.3
-8.004537,-5.807239,3.12135,-0.523,-0.3
-7.954583,-5.8082504,-3.1360757,-0.523,-0.3
-7.9046197,-5.807975,-3.1103163,-0.523,-0.3
-7.85468,-5.8064127,-3.0845568,-0.523,-0.3
-7.804797,-5.803564,-3.0587971,-0.49432895,-0.3
-7.7577343,-5.799659,-3.0344498,-0.46565786,-0.3
-7.7135034,-5.7949014,-3.0115147,-0.4369868,-0.3
-7.672109,-5.7894864,-2.9899917,-0.40896606,-0.3
-7.633487,-5.783586,-2.9698486,-0.38094532,-0.3
-7.5976295,-5.777366,-2.9510858,-0.3529246,-0.3
-7.564523,-5.770982,-2.933703,-0.3248056,-0.3
-7.5341616,-5.7645774,-2.9177053,-0.29668656,-0.3
-7.506525,-5.7582846,-2.9030924,-0.26856756,-0.3
-7.481594,-5.7522235,-2.8898647,-0.24007717,-0.3
-7.4593816,-5.7465105,-2.87804,-0.21158677,-0.3
-7.439866,-5.741245,-2.8676186,-0.18309638,-0.3
-7.4230266,-5.736512,-2.8586006,-0.15428181,-0.27877074
-7.408784,-5.7323704,-2.8515248,-0.12546724,-0.2575415
-7.3971577,-5.7289,-2.8461986,-0.09665269,-0.23631227
-7.3881683,-5.726165,-2.8424273,-0.067655645,-0.170345
-7.381797,-5.7242,-2.8405159,-0.03865861,-0.104377724
-7.3781247,-5.723059,-2.8398445,-0.009661574,-0.038410448
-7.377203,-5.7227726,-2.8397827,0.01978475,0.03014648
-7.3790913,-5.72336,-2.8396833,0.049231075,0.09870341
-7.3837686,-5.724817,-2.8388746,0.0786774,0.16726033
-7.391174,-5.72713,-2.8366916,0.10826906,0.22976394
-7.40123,-5.7302947,-2.832582,0.13786073,0.29226753
-7.4138064,-5.734309,-2.8259618,0.16745238,0.35477114
-7.428733,-5.7391834,-2.816267,0.19709913,0.41623902
-7.4458146,-5.7449455,-2.802985,0.22674589,0.47770694
-7.464807,-5.751634,-2.7856107,0.25639263,0.53917485
-7.48543,-5.759302,-2.763671,0.28602394,0.56926954
-7.5078216,-5.768192,-2.7379756,0.31565526,0.5993642
-7.5317907,-5.778428,-2.708298,0.34528658,0.6294589
-7.557122,-5.790147,-2.6744192,0.37465554,0.6941342
-7.582833,-5.803116,-2.6344733,0.40402454,0.75880945
-7.6084614,-5.817354,-2.5881412,0.4333935,0.8234847
-7.6335206,-5.8328376,-2.5351574,0.4620553,0.8568581
-7.6583815,-5.850082,-2.4769547,0.4907171,0.89023143
-7.6826863,-5.8691263,-2.4133892,0.5193789,0.92360485
-7.7060595,-5.889968,-2.3443308,0.523,0.8718966
-7.729569,-5.9140415,-2.2776003,0.523,0.8201884
-7.752735,-5.941169,-2.2138577,0.523,0.76848024
-7.775283,-5.97126,-2.1532729,0.523,0.76701796
-7.7959967,-6.002706,-2.09278,0.523,0.76555574
-7.8147984,-6.0353928,-2.032379,0.523,0.76409346
-7.8316154,-6.069202,-1.9720699,0.523,0.70944136
-7.847115,-6.1057315,-1.9152886,0.523,0.6547892
-7.8611245,-6.1447773,-1.8622048,0.523,0.6001371
-7.8735247,-6.1861186,-1.812977,0.523,0.6069462
-7.883827,-6.2278237,-1.7632604,0.523,0.6137553
-7.892005,-6.269789,-1.7130575,0.523,0.6205644
-7.898038,-6.3119082,-1.6623706,0.523,0.5662697
-7.902074,-6.3558593,-1.6156067,0.523,0.511975
-7.904116,-6.4014077,-1.5729038,0.523,0.45768026
-7.9042153,-6.4483247,-1.5343876,0.523,0.47609946
-7.902523,-6.4947777,-1.4944377,0.523,0.49451864
-7.8990116,-6.540678,-1.4530677,0.523,0.51293784
-7.893659,-6.585932,-1.4102917,0.523,0.4573322
-7.8861594,-6.632254,-1.3718027,0.523,0.40172654
-7.8766437,-6.6794405,-1.3377198,0.523,0.3461209
-7.8652806,-6.7273083,-1.3081484,0.523,0.35769397
-7.852561,-6.774618,-1.27763,0.523,0.36926705
-7.8384657,-6.8213115,-1.2461687,0.523,0.3808401
-7.8229795,-6.8673286,-1.2137688,0.523,0.34360135
-7.8057694,-6.9134665,-1.1844041,0.523,0.3063626
-7.7869782,-6.959655,-1.1581154,0.523,0.26912385
-7.7667575,-7.0058393,-1.1349388,0.523,0.27643222
-7.7455153,-7.0514503,-1.111149,0.523,0.28374058
-7.723241,-7.0964475,-1.0867467,0.523,0.29104894
-7.699926,-7.1407924,-1.0617336,0.523,0.2740022
-7.675388,-7.184757,-1.0381474,0.523,0.25695544
-7.649701,-7.2283325,-1.0159951,0.523,0.23990868
-7.6229396,-7.2715144,-0.9952832,0.523,0.24565467
-7.5953293,-7.3140726,-0.97408503,0.523,0.25140065
-7.5668645,-7.3559747,-0.95240134,0.523,0.25714663
-7.5375414,-7.397188,-0.93023294,0.523,0.24959308
-7.507253,-7.4378204,-0.90870196,0.523,0.24203953
-7.476038,-7.4778676,-0.8878096,0.523,0.23448598
-7.443934,-7.517326,-0.867557,0.523,0.24189837
-7.4110966,-7.5560565,-0.8466765,0.523,0.24931076
-7.37752,-7.5940223,-0.8251694,0.523,0.25672314
-7.343201,-7.631186,-0.8030367,0.523,0.2505069
-7.308011,-7.6676397,-0.7814285,0.523,0.24429068
-7.2719855,-7.7033806,-0.76034564,0.523,0.23807445
-7.235158,-7.7384076,-0.73978895,0.523,0.24504742
-7.1976824,-7.7726116,-0.7186421,0.523,0.2520204
-7.1595597,-7.805956,-0.69690615,0.523,0.25899336
-7.120792,-7.838405,-0.6745821,0.523,0.2689545
-7.081416,-7.869896,-0.6514199,0.523,0.2789156
-7.041433,-7.9003806,-0.62742174,0.523,0.28887674
-7.0008483,-7.929812,-0.6025901,0.523,0.28149974
-6.959456,-7.9582877,-0.57837546,0.523,0.27412277
-6.9172974,-7.9858108,-0.55477923,0.523,0.26674578
-6.8744135,-8.012385,-0.53180265,0.523,0.2640391
-6.830899,-8.037988,-0.5090537,0.523,0.26133245
-6.786781,-8.062611,-0.48653266,0.523,0.25862578
-6.7420874,-8.08625,-0.46423957,0.523,0.2560036
-6.6968465,-8.108905,-0.44216755,0.523,0.2533814
-6.651086,-8.130569,-0.4203167,0.523,0.2507592
-6.604831,-8.151242,-0.3986872,0.523,0.24742088
-6.558101,-8.170928,-0.37733972,0.523,0.24408253
-6.5109215,-8.189627,-0.3562745,0.523,0.24074417
-6.4633193,-8.207341,-0.33549175,0.523,0.2406927
-6.4153585,-8.224064,-0.31471336,0.523,0.24064125
-6.3670607,-8.239787,-0.29393932,0.523,0.24058978
-6.318445,-8.254503,-0.27316964,0.523,0.24219404
-6.2695546,-8.268201,-0.25226417,0.523,0.2437983
-6.2204075,-8.280869,-0.23122299,0.523,0.24540256
-6.1710243,-8.292496,-0.21004613,0.523,0.24800405
-6.121439,-8.303066,-0.18864936,0.523,0.25060552
-6.0716715,-8.312568,-0.16703285,0.523,0.253207
-6.021744,-8.320986,-0.14519672,0.523,0.256302
-5.971685,-8.328306,-0.123099536,0.523,0.25939703
-5.921517,-8.334513,-0.100741476,0.523,0.26249203
-5.8712645,-8.339593,-0.07812277,0.523,0.2688132
-5.8209968,-8.343528,-0.0549724,0.523,0.27513433
-5.7707396,-8.346293,-0.031291287,0.523,0.2814555
-5.720522,-8.347865,-0.007080383,0.523,0.287064
-5.6703634,-8.34822,0.017599775,0.523,0.29267246
-5.620295,-8.347339,0.04274841,0.523,0.29828095
-5.57035,-8.345202,0.06836473,0.523,0.3055973
-5.52059,-8.341796,0.09458995,0.523,0.31291366
-5.471052,-8.337095,0.12142265,0.523,0.32023
-5.4217763,-8.331083,0.1488614,0.523,0.3226622
-5.372724,-8.323727,0.17650129,0.523,0.3250944
-5.323933,-8.315024,0.20434217,0.523,0.32752657
-5.275444,-8.3049755,0.23238386,0.523,0.32371822
-5.2271934,-8.293556,0.26011103,0.523,0.31990987
-5.179217,-8.280788,0.2875233,0.523,0.31610152
-5.1315484,-8.266692,0.31462026,0.523,0.30265462
-5.084076,-8.251243,0.34060073,0.523,0.28920776
-5.0368276,-8.234497,0.36546007,0.523,0.2757609
-4.989827,-8.216513,0.3891937,0.523,0.27849352
-4.9433026,-8.1974325,0.41315648,0.523,0.28122616
-4.897285,-8.1772585,0.4373482,0.523,0.2839588
-4.851805,-8.155994,0.46176863,0.523,0.2911764
-4.8069534,-8.133675,0.4867924,0.523,0.29839405
-4.7627716,-8.11029,0.51241815,0.523,0.30561167
-4.7193007,-8.085836,0.53864455,0.523,0.3110245
-4.6765604,-8.060295,0.5653205,0.523,0.3164373
-4.63459,-8.033669,0.59244525,0.523,0.32185012
-4.593431,-8.005965,0.620018,0.523,0.3271117
-4.5531225,-7.9771876,0.6480255,0.523,0.33237323
-4.513707,-7.947346,0.6764669,0.523,0.3376348
-4.475227,-7.916453,0.7053414,0.523,0.33755732
-4.4376535,-7.8844604,0.73420954,0.523,0.33747983
-4.401018,-7.851396,0.7630713,0.523,0.33740234
-4.365351,-7.8172874,0.7919267,0.523,0.335201
-4.3306565,-7.782137,0.8206009,0.523,0.33299965
-4.296958,-7.7459784,0.8490939,0.523,0.3307983
-4.2642784,-7.708846,0.87740546,0.523,0.33039224
-4.232659,-7.6707983,0.9056836,0.523,0.32998618
-4.2021236,-7.6318665,0.9339282,0.523,0.32958013
-4.1726956,-7.5920825,0.9621393,0.523,0.32751757
-4.144382,-7.5514555,0.99018025,0.523,0.32545498
-4.1171994,-7.5100217,1.0180509,0.523,0.3233924
-4.0911636,-7.4678173,1.0457512,0.523,0.32054013
-4.0662837,-7.424867,1.0732156,0.523,0.31768784
-4.04257,-7.381209,1.100444,0.523,0.31483555
-4.0200324,-7.3368797,1.1274359,0.523,0.3057072
-3.9986372,-7.2918267,1.1536703,0.523,0.29657882
-3.9783738,-7.2460985,1.1791447,0.523,0.2874505
-3.9592292,-7.1997423,1.2038572,0.523,0.283224
-3.9412136,-7.1528687,1.2282162,0.523,0.2789975
-3.9243245,-7.1055126,1.2522212,0.523,0.274771
-3.908558,-7.0577073,1.2758719,0.523,0.26060417
-3.8938692,-7.009355,1.2983316,0.523,0.24643736
-3.8802202,-6.9605064,1.3195959,0.523,0.23227052
-3.8675692,-6.911208,1.3396606,0.523,0.22698249
-3.8558955,-6.8616047,1.3592764,0.523,0.22169445
-3.845184,-6.811722,1.3784429,0.523,0.21640642
-3.8354192,-6.761584,1.3971595,0.523,0.20028429
-3.826564,-6.7111,1.4145011,0.523,0.18416217
-3.8185608,-6.660311,1.4304633,0.523,0.16804004
-3.8113484,-6.609255,1.445042,0.523,0.1611935
-3.804874,-6.55804,1.4590319,0.523,0.15434697
-3.79911,-6.5066843,1.4724325,0.523,0.14750043
-3.7940297,-6.4552026,1.485243,0.523,0.13450271
-3.789601,-6.4035645,1.4969318,0.523,0.12150498
-3.78577,-6.3517914,1.507497,0.523,0.108507246
-3.782481,-6.2999034,1.5169367,0.523,0.10425914
-3.7796807,-6.2479625,1.5260081,0.523,0.100011036
-3.777351,-6.1959763,1.5347112,0.523,0.09576292
-3.7754726,-6.1439495,1.5430458,0.523,0.087987736
-3.774027,-6.091872,1.5507056,0.523,0.08021255
-3.7729797,-6.0397506,1.5576899,0.523,0.07243736
-3.7722962,-5.987592,1.5639985,0.523,0.06651762
-3.7719414,-5.935409,1.5697923,0.523,0.060597878
-3.771889,-5.8832054,1.5750712,0.523,0.054678135
-3.7721124,-5.830984,1.5798349,0.523,0.050770678
-3.7725844,-5.7787533,1.5842586,0.523,0.046863217
-3.7732875,-5.726516,1.588342,0.523,0.042955756
-3.7742045,-5.674272,1.5920851,0.523,0.036277384
-3.775317,-5.6220183,1.5952466,0.523,0.029599011
-3.776595,-5.5697565,1.5978262,0.523,0.022920638
-3.7780082,-5.5174894,1.5998241,0.523,0.01861381
-3.7795258,-5.4652205,1.6014464,0.523,0.01430698
-3.7811284,-5.4129505,1.6026934,0.523,0.010000152
-3.7827964,-5.3606796,1.6035651,0.523,0.004946834
-3.7845097,-5.3084083,1.6039964,0.523,-0.0001064837
-3.7862458,-5.2561374,1.6039871,0.523,-0.0051598013
-3.7879813,-5.203867,1.6035373,0.523,-0.00993293
-3.7896934,-5.1515975,1.6026715,0.523,-0.0147060575
-3.79136,-5.0993295,1.6013896,0.523,-0.019479185
-3.7929595,-5.047064,1.5996919,0.523,-0.025521856
-3.7944698,-4.994803,1.5974674,0.523,-0.031564526
-3.7958639,-4.9425473,1.5947165,0.523,-0.0376072
-3.797114,-4.8902993,1.5914391,0.523,-0.03307311
-3.798193,-4.838039,1.5885569,0.523,-0.02853902
-3.7991214,-4.7857685,1.5860695,0.523,-0.02400493
-3.7999198,-4.73349,1.5839773,0.523,-0.01267547
-3.800609,-4.6811986,1.5828724,0.523,-0.00134601
-3.8012407,-4.6289024,1.5827551,0.523,0.00998345
-3.801866,-4.5766087,1.5836253,0.523,0.01686042
-3.802537,-4.5243206,1.5850949,0.523,0.02373739
-3.8032846,-4.4720407,1.5871638,0.523,0.030614357
-3.80414,-4.419772,1.589832,0.523,0.03610919
-3.805135,-4.3675156,1.5929788,0.523,0.041604023
-3.806294,-4.315274,1.5966042,0.523,0.047098856
-3.8076422,-4.263049,1.6007081,0.523,0.043904223
-3.8092048,-4.210823,1.6045339,0.523,0.040709585
-3.8109674,-4.158596,1.6080815,0.523,0.037514947
-3.8129158,-4.106369,1.6113508,0.523,0.038632702
-3.8150346,-4.054151,1.6147174,0.523,0.039750457
-3.817329,-4.0019426,1.6181813,0.523,0.04086821
-3.8198042,-3.9497452,1.6217427,0.523,0.038775645
-3.8224657,-3.8975523,1.6251218,0.523,0.036683083
-3.8253036,-3.8453646,1.6283187,0.523,0.03459052
-3.8283086,-3.7931824,1.6313332,0.523,0.034468066
-3.8314707,-3.7410092,1.6343371,0.523,0.034345616
-3.8347898,-3.6888454,1.6373303,0.523,0.03422316
-3.838265,-3.6366918,1.6403128,0.523,0.03444903
-3.8418956,-3.584549,1.6433151,0.523,0.034674894
-3.8456826,-3.5324178,1.6463369,0.523,0.034900762
-3.8496273,-3.4802988,1.6493785,0.523,0.03761487
-3.85373,-3.428197,1.6526564,0.523,0.04032898
-3.858003,-3.3761146,1.6561708,0.523,0.04304309
-3.8624585,-3.3240533,1.6599216,0.523,0.042449404
-3.8671095,-3.2720077,1.6636207,0.523,0.041855715
-3.871953,-3.2199786,1.667268,0.523,0.04126203
-3.8769863,-3.1679661,1.6708637,0.523,0.040771157
-3.8822067,-3.1159708,1.6744167,0.523,0.040280282
-3.887612,-3.0639937,1.6779268,0.523,0.03978941
-3.8931997,-3.0120347,1.6813941,0.52125907,0.038862653
-3.8989487,-2.9602664,1.6847695,0.5195182,0.037935894
-3.9048529,-2.9086888,1.6880535,0.51777726,0.03700914
-3.910906,-2.8573017,1.6912465,0.5166562,0.03658942
-3.91711,-2.8060448,1.6943965,0.51553524,0.0361697
-3.9234617,-2.754918,1.6975037,0.5144142,0.035749983
-3.929958,-2.7039216,1.7005681,0.51296026,0.028205901
-3.9365935,-2.6530771,1.7029791,0.5115064,0.02066182
-3.9433336,-2.6023834,1.7047404,0.5100525,0.013117736
-3.9501445,-2.5518394,1.7058555,0.5022706,0.008555639
-3.9569073,-2.5020716,1.7065717,0.4944887,0.003993541
-3.9636006,-2.4530783,1.7069008,0.4867068,-0.0005685568
-3.9702044,-2.4048576,1.7068547,0.47618935,-0.0020411431
-3.9766634,-2.357679,1.7066927,0.46567193,-0.0035137297
-3.9829721,-2.3115413,1.7064201,0.4551545,-0.004986316
-3.9891262,-2.2664444,1.7060418,0.4485741,-0.011181223
-3.9951742,-2.2219994,1.7052059,0.44199368,-0.01737613
-4.0010962,-2.1782053,1.7039258,0.43541327,-0.023571039
-4.006874,-2.1350613,1.7022156,0.43218818,-0.034665257
-4.012534,-2.0922408,1.6997191,0.4289631,-0.045759477
-4.0180435,-2.049745,1.6964487,0.425738,-0.056853693
-4.0233703,-2.007575,1.6924167,0.42623472,-0.07553974
-4.0285263,-1.9653872,1.6870556,0.42673147,-0.09422578
-4.0334544,-1.9231901,1.6803639,0.42722818,-0.11291183
-4.0380964,-1.8809938,1.6723411,0.41526145,-0.12844981
-4.042271,-1.840022,1.6634755,0.40329468,-0.1439878
-4.045965,-1.8002812,1.6538306,0.39132795,-0.1595258
-4.0491695,-1.7617784,1.6434703,0.38009763,-0.16626689
-4.0518913,-1.7243917,1.6329858,0.3688673,-0.173008
-4.0541496,-1.6881258,1.6224027,0.357637,-0.1797491
-4.0559645,-1.6529852,1.6117461,0.34563234,-0.16750358
-4.0573597,-1.6189344,1.602142,0.33362773,-0.15525807
-4.058393,-1.585989,1.5935436,0.32162312,-0.14301255
-4.059117,-1.5541633,1.5859036,0.30845276,-0.13439363
-4.059579,-1.5235996,1.5790155,0.29528242,-0.12577471
-4.059819,-1.4943056,1.5728419,0.28211206,-0.117155775
-4.059877,-1.4662879,1.567346,0.27135542,-0.11048509
-4.059784,-1.439318,1.5623593,0.2605988,-0.1038144
-4.059565,-1.4133993,1.5578585,0.24984217,-0.09714371
-4.059243,-1.388535,1.5538198,0.23598392,-0.064706326
-4.0588436,-1.3649894,1.5512766,0.2221257,-0.03226894
-4.05841,-1.3427926,1.5500821,0.20826745,0.00016844273
-4.0579786,-1.3219703,1.5500879,0.190923,0.047944892
-4.057584,-1.302904,1.551613,0.17357856,0.09572134
-4.0572524,-1.2856288,1.554378,0.15623412,0.1434978
-4.0569987,-1.2701681,1.5581018,0.14245085,0.17034842
-4.0568204,-1.2561303,1.5621266,0.1286676,0.19719905
-4.056711,-1.2435133,1.566328,0.11488433,0.22404967
-4.056661,-1.2323122,1.5705823,0.10865913,0.20325136
-4.0566587,-1.22167,1.5742378,0.10243393,0.18245305
-4.0566936,-1.2115966,1.5773355,0.09620873,0.16165474
-4.0567555,-1.2021015,1.5799162,0.08778102,0.13816912
-4.0568347,-1.1934073,1.5819312,0.07935331,0.114683524
-4.0569224,-1.1855246,1.5834447,0.07092561,0.091197915
