3.9047897,-4.090021,-3.0772476,0.53092235,0.0
3.8518074,-4.093435,-3.0772476,0.523,-0.036241423
3.79965,-4.0967956,-3.080406,0.523,-0.07248285
3.7475848,-4.099985,-3.0867186,0.523,-0.108724274
3.6956718,-4.1028366,-3.0961769,0.523,-0.061136495
3.6435235,-4.105207,-3.1015027,0.523,-0.01354872
3.5912702,-4.1073027,-3.1026838,0.523,0.034039058
3.53904,-4.109336,-3.0997171,0.523,0.043295063
3.486835,-4.1115236,-3.0959444,0.523,0.05255107
3.4346614,-4.113907,-3.0913658,0.523,0.061807074
3.382527,-4.1165276,-3.0859818,0.523,0.084257945
3.3304932,-4.119424,-3.078646,0.523,0.106708825
3.2785938,-4.1226954,-3.0693622,0.523,0.1291597
3.2268646,-4.126438,-3.058135,0.523,0.15420142
3.175365,-4.1307464,-3.044747,0.523,0.17924315
3.124144,-4.135722,-3.0292065,0.523,0.20428488
3.0732548,-4.1414657,-3.0115232,0.523,0.22526099
3.0227067,-4.148078,-2.9920537,0.523,0.2462371
2.9725504,-4.1556344,-2.9708064,0.523,0.26721323
2.9228404,-4.164208,-2.9477904,0.523,0.27957073
2.873512,-4.173889,-2.9237373,0.523,0.29192826
2.8246086,-4.1847153,-2.898651,0.523,0.30428576
2.7761765,-4.196718,-2.8725348,0.523,0.31022084
2.728165,-4.209957,-2.8459253,0.523,0.31615588
2.6806138,-4.224441,-2.8188238,0.523,0.32209092
2.6335652,-4.240177,-2.7912312,0.523,0.32184935
2.5869648,-4.257207,-2.7636585,0.523,0.32160777
2.540848,-4.275516,-2.736106,0.523,0.32136622
2.4952493,-4.29509,-2.708573,0.523,0.31553024
2.4501202,-4.315953,-2.6815236,0.523,0.3096943
2.4054875,-4.33807,-2.654958,0.523,0.3038583
2.3613768,-4.3614078,-2.6288774,0.523,0.29855478
2.317818,-4.385928,-2.603238,0.523,0.29325122
2.2748325,-4.4115987,-2.5780413,0.523,0.28794768
2.2324402,-4.438387,-2.5532873,0.523,0.31967872
2.191137,-4.4659405,-2.5258942,0.523,0.3514098
2.15105,-4.4942994,-2.4958894,0.523,0.38314083
2.1123078,-4.5234895,-2.4633033,0.5019941,0.38622072
2.0760994,-4.5526676,-2.4317875,0.4809882,0.3893006
2.0423467,-4.5816674,-2.4013615,0.45998228,0.3923805
2.0109668,-4.6103334,-2.3720462,0.43895558,0.39480513
1.9818652,-4.638527,-2.343907,0.41792887,0.39722976
1.954951,-4.6661105,-2.31696,0.39690217,0.3996544
1.9301314,-4.6929584,-2.291221,0.39054447,0.37769434
1.906183,-4.72024,-2.267217,0.38418674,0.3557343
1.8830813,-4.7478676,-2.2449162,0.37782905,0.33377424
1.8607985,-4.775757,-2.224286,0.36860314,0.35296097
1.8397703,-4.8032184,-2.2030497,0.35937724,0.37214768
1.8199861,-4.830225,-2.1812704,0.35015133,0.39133438
