8.3978815,9.820113,-2.4630058,0.67240393,0.0
8.345538,9.777906,-2.4630058,0.523,-0.09998667
8.305028,9.745242,-2.4717069,0.523,-0.19997334
8.264847,9.713416,-2.489022,0.523,-0.29996002
8.225149,9.683076,-2.5147781,0.523,-0.3
8.184683,9.653769,-2.5405376,0.523,-0.3
8.143476,9.625513,-2.566297,0.523,-0.3
8.101554,9.598329,-2.5920568,0.523,-0.3
8.058947,9.572233,-2.6178162,0.523,-0.3
8.01568,9.547243,-2.6435757,0.523,-0.3
7.9717855,9.523376,-2.6693351,0.523,-0.3
7.9272904,9.500648,-2.6950946,0.523,-0.3
7.8822246,9.479073,-2.7208543,0.523,-0.3
7.836618,9.458666,-2.7466137,0.523,-0.3
7.790501,9.43944,-2.7723732,0.523,-0.3
7.743904,9.421409,-2.7981327,0.523,-0.3
7.696858,9.404583,-2.8238924,0.523,-0.3
7.6493945,9.388975,-2.8496518,0.523,-0.3
7.6015444,9.374595,-2.8754113,0.523,-0.3
7.55334,9.361452,-2.9011707,0.523,-0.3
7.5048127,9.349555,-2.9269302,0.523,-0.3
7.4559956,9.338912,-2.95269,0.523,-0.3
7.4069204,9.32953,-2.9784493,0.523,-0.3
7.35762,9.321414,-3.0042088,0.523,-0.3
7.3081264,9.314571,-3.0299683,0.523,-0.3
7.258473,9.309006,-3.055728,0.523,-0.3
7.208693,9.304721,-3.0814874,0.523,-0.3
7.158819,9.30172,-3.1072469,0.523,-0.3
7.1088843,9.300004,-3.1330063,0.523,-0.3
7.0589223,9.299575,3.1244195,0.523,-0.3
7.0089655,9.300433,3.09866,0.523,-0.3
6.9590473,9.302577,3.0729003,0.523,-0.20074844
6.907919,9.306095,3.055519,0.523,-0.10149689
6.8560805,9.310568,3.0466871,0.523,-0.0022453307
6.804016,9.315524,3.0464914,0.523,0.096930765
6.752197,9.320467,3.0549273,0.523,0.19610687
6.701092,9.324907,3.071912,0.523,0.29528296
6.6511765,9.328391,3.0972784,0.523,0.39448336
6.602941,9.33053,3.1307793,0.523,0.49368376
6.5568886,9.331028,-3.1111002,0.523,0.5928841
6.5135345,9.329705,-3.0623953,0.523,0.49288955
6.467604,9.32606,-3.0211504,0.523,0.39289498
6.4196396,9.320255,-2.9877772,0.523,0.2929004
6.370158,9.312584,-2.9626098,0.523,0.19292675
6.3196483,9.303446,-2.945897,0.523,0.09295307
6.268568,9.29332,-2.9378064,0.523,-0.0070206104
6.2173514,9.282736,-2.9384181,0.523,-0.106810294
6.166419,9.272243,-2.9477108,0.523,-0.20659998
6.1161904,9.262381,-2.9655917,0.523,-0.3
6.0669985,9.253632,-2.9913511,0.523,-0.3
6.017597,9.246154,-3.0171106,0.523,-0.3
5.9680195,9.23995,-3.04287,0.523,-0.3
5.9182987,9.235025,-3.0686297,0.523,-0.3
5.8684673,9.231383,-3.0943892,0.523,-0.3
5.818559,9.229026,-3.1201487,0.523,-0.3
5.7686067,9.227954,3.1372771,0.523,-0.3
5.7186427,9.228169,3.1115177,0.523,-0.3
5.668701,9.229672,3.0857582,0.523,-0.3
5.618815,9.23246,3.0599985,0.523,-0.20074537
5.5677357,9.236637,3.0426176,0.523,-0.10149076
5.5159597,9.241779,3.033786,0.523,-0.0022361397
5.4639635,9.247406,3.0335913,0.523,0.09693511
5.4122124,9.253017,3.0420275,0.523,0.19610634
5.361169,9.258117,3.0590122,0.523,0.2952776
5.3113027,9.262243,3.084378,0.523,0.39455408
5.2631,9.265004,3.1178846,0.523,0.49383056
5.2170615,9.266096,-3.1239834,0.523,0.59310704
5.173701,9.265332,-3.0752625,0.523,0.49311334
5.1277328,9.2622795,-3.0340004,0.523,0.3931196
5.079702,9.2570915,-3.0006094,0.523,0.2931259
5.0301294,9.250055,-2.9754229,0.523,0.19317186
4.9795094,9.241566,-2.9586892,0.523,0.09321783
4.9283047,9.232095,-2.9505756,0.523,-0.006736207
4.8769574,9.222165,-2.9511626,0.523,-0.10584131
4.82589,9.212321,-2.9603713,0.523,-0.20494641
4.775523,9.203093,-2.978111,0.523,-0.3
4.7262254,9.194961,-3.0038705,0.523,-0.3
4.676734,9.188101,-3.02963,0.523,-0.3
4.627083,9.182519,-3.0553894,0.523,-0.3
4.5773044,9.178217,-3.081149,0.523,-0.3
4.5274315,9.175199,-3.1069086,0.523,-0.3
4.4774976,9.173466,-3.132668,0.523,-0.3
4.4275355,9.17302,3.1247578,0.523,-0.3
4.3775783,9.1738615,3.0989983,0.523,-0.3
4.3276596,9.175989,3.0732388,0.523,-0.3
4.277812,9.179401,3.0474792,0.523,-0.20035401
4.226785,9.184218,3.0301316,0.523,-0.10070803
4.175073,9.190006,3.021368,0.523,-0.0010620474
4.1231503,9.196279,3.0212755,0.523,0.098215625
4.071479,9.202526,3.0298228,0.523,0.1974933
4.0205154,9.208245,3.046926,0.523,0.296771
3.9707258,9.212974,3.0724165,0.523,0.39609116
3.9225905,9.216309,3.1060467,0.523,0.49541137
3.8766074,9.217943,-3.1357,0.523,0.59473157
3.833288,9.217689,-3.0868618,0.523,0.49479404
3.7873294,9.215171,-3.0454707,0.523,0.39485654
3.7392766,9.210537,-3.0119398,0.523,0.294919
3.6896548,9.204067,-2.9866037,0.523,0.1954461
3.6389654,9.196148,-2.9696755,0.523,0.0959732
3.5876737,9.187242,-2.9613228,0.523,-0.0034997105
3.5362213,9.177865,-2.9616277,0.523,-0.09699063
3.4850078,9.168547,-2.970069,0.523,-0.19048154
3.4344075,9.159781,-2.9865723,0.523,-0.28397247
3.384804,9.15203,-3.010994,0.523,-0.3
3.3352654,9.145523,-3.0367534,0.523,-0.3
3.2855756,9.140295,-3.0625129,0.523,-0.3
3.2357676,9.136348,-3.0882723,0.523,-0.3
3.1858747,9.133685,-3.114032,0.523,-0.3
3.1359296,9.132308,-3.1397915,0.523,-0.3
3.0859654,9.132218,3.1176343,0.523,-0.28505975
3.0357904,9.13342,3.0931218,0.523,-0.2701195
2.9854462,9.135862,3.0698617,0.523,-0.25517926
2.93497,9.139489,3.0478592,0.523,-0.15531918
2.8835263,9.144325,3.034375,0.523,-0.055459104
2.8316064,9.149914,3.0295432,0.523,0.044400968
2.7796857,9.155756,3.0334122,0.523,0.14400163
2.7282295,9.161345,3.045921,0.523,0.2436023
2.6777058,9.166193,3.0669456,0.523,0.34320298
2.628593,9.169866,3.0962777,0.523,0.44267413
2.5813828,9.172007,3.133616,0.523,0.54214525
2.536584,9.172364,-3.1045935,0.523,0.6416164
2.4947133,9.170814,-3.052425,0.523,0.5419863
2.4500868,9.166824,-3.007461,0.523,0.44235617
2.4032454,9.160503,-2.9701476,0.523,0.34272608
2.3547091,9.1521,-2.9408548,0.523,0.24583569
2.3050003,9.141985,-2.9196413,0.523,0.1489453
2.254548,9.130599,-2.906706,0.523,0.05205492
2.203753,9.1184435,-2.9021707,0.523,-0.021026587
2.1529562,9.106044,-2.9040034,0.523,-0.09410809
2.1023502,9.093789,-2.9121943,0.523,-0.1671896
2.0521305,9.082063,-2.9266999,0.523,-0.1479961
2.001592,9.071032,-2.9395533,0.523,-0.12880261
1.9507803,9.060624,-2.9507494,0.523,-0.10960911
1.899738,9.050763,-2.9602847,0.523,-0.09762119
1.8485402,9.041377,-2.9687805,0.523,-0.08563326
1.797208,9.032417,-2.9762356,0.523,-0.07364534
1.7457612,9.023831,-2.9826493,0.523,-0.05972103
1.6942124,9.015569,-2.9878519,0.523,-0.045796715
1.6425835,9.007567,-2.9918425,0.523,-0.031872403
1.590895,8.999769,-2.99462,0.523,-0.019303774
1.5391686,8.992111,-2.9963026,0.523,-0.006735146
1.4874208,8.98454,-2.9968898,0.523,0.005833483
1.4356682,8.976998,-2.9963813,0.523,0.017526388
1.3839266,8.969432,-2.9948537,0.523,0.029219294
1.3322108,8.961788,-2.9923072,0.523,0.0409122
1.2805358,8.954016,-2.9887419,0.523,0.05140982
1.2289139,8.946063,-2.9842627,0.523,0.061907433
1.1773587,8.937884,-2.97887,0.523,0.072405055
1.1258849,8.929434,-2.972564,0.523,0.08187939
1.074503,8.920665,-2.9654348,0.523,0.09135373
1.023227,8.911538,-2.9574828,0.523,0.10082807
0.97207206,8.902012,-2.948709,0.523,0.10888586
0.9210459,8.892046,-2.9392364,0.523,0.11694366
0.87016296,8.881606,-2.9290662,0.523,0.12500146
0.8194386,8.870661,-2.9181986,0.523,0.13072589
0.76887333,8.859173,-2.906836,0.523,0.13645032
0.71848065,8.847121,-2.894979,0.523,0.14217475
0.6682747,8.834482,-2.8826277,0.523,0.14684801
0.61826277,8.821234,-2.8698735,0.523,0.15152128
0.56845886,8.807358,-2.8567164,0.523,0.15619454
0.51887774,8.792838,-2.8431566,0.523,0.16046073
0.4695317,8.777658,-2.8292298,0.523,0.1647269
0.4204362,8.761804,-2.814936,0.523,0.16899309
0.37160742,8.74526,-2.8002753,0.523,0.1744492
0.32307237,8.72802,-2.7851462,0.523,0.17990533
0.27485085,8.710065,-2.769549,0.523,0.18536146
0.2269635,8.691379,-2.753484,0.523,0.19266263
0.17944893,8.671952,-2.736794,0.523,0.19996381
0.13233365,8.651765,-2.7194798,0.523,0.20726499
0.08564536,8.630796,-2.7015421,0.523,0.2112797
0.03938016,8.609014,-2.6832623,0.523,0.21529442
-0.006439281,8.586408,-2.6646404,0.523,0.21930914
-0.05178962,8.562973,-2.6456769,0.523,0.22308685
-0.096649304,8.538703,-2.6263921,0.523,0.22686455
-0.14099428,8.513595,-2.6067863,0.523,0.23064226
-0.18479995,8.487644,-2.5868597,0.523,0.23117927
-0.22807442,8.460831,-2.5668876,0.523,0.23171629
-0.2707993,8.433161,-2.54687,0.523,0.2322533
-0.31295648,8.404645,-2.5268066,0.523,0.23226
-0.354533,8.375289,-2.506743,0.523,0.2322667
-0.39551213,8.345105,-2.4866786,0.523,0.2322734
-0.43587738,8.314105,-2.4666135,0.523,0.23080371
-0.4756263,8.28229,-2.4466734,0.523,0.22933403
-0.5147464,8.249678,-2.4268577,0.523,0.22786433
-0.5532258,8.216286,-2.407167,0.523,0.22573249
-0.5910589,8.182125,-2.3876574,0.523,0.22360066
-0.62823653,8.147217,-2.3683288,0.523,0.22146882
-0.6647501,8.111579,-2.3491817,0.523,0.21832496
-0.7005998,8.075223,-2.3303018,0.523,0.2151811
-0.73578113,8.038171,-2.3116896,0.523,0.21203724
-0.7702903,8.000444,-2.2933452,0.523,0.20634228
-0.80414253,7.962045,-2.2754862,0.523,0.20064732
-0.8373427,7.923002,-2.2581136,0.523,0.19495237
-0.86989665,7.8833423,-2.2412279,0.523,0.1889067
-0.9018138,7.8430915,-2.2248592,0.523,0.18286103
-0.93310344,7.802277,-2.2090085,0.523,0.17681536
-0.96377593,7.7609267,-2.1936762,0.523,0.16722701
-0.9938609,7.7190413,-2.1791675,0.523,0.15763867
-1.0233814,7.6766567,-2.1654835,0.523,0.14805032
-1.0523618,7.6338096,-2.1526256,0.521958,0.14102623
-1.0807614,7.590635,-2.1403978,0.520916,0.13400215
-1.1086024,7.547161,-2.1287987,0.519874,0.12697807
-1.1359078,7.5034146,-2.117826,0.51766616,0.12210709
-1.1626338,7.4595313,-2.1073172,0.5154583,0.117236115
-1.1888006,7.415532,-2.0972686,0.51325047,0.11236514
-1.2144281,7.371437,-2.0876768,0.5116588,0.10624908
-1.2395701,7.327206,-2.0786333,0.5100671,0.100133024
-1.2642499,7.28286,-2.070135,0.5084754,0.09401697
-1.2884904,7.2384176,-2.0621793,0.5071788,0.0890659
-1.3123266,7.193878,-2.0546606,0.50588214,0.084114835
-1.3357772,7.1492558,-2.047577,0.5045855,0.079163775
-1.3588612,7.1045647,-2.0409262,0.50359887,0.07416021
-1.3816116,7.0597916,-2.0347075,0.5026122,0.069156654
-1.4040471,7.0149503,-2.028919,0.50162554,0.06415309
-1.4261867,6.9700527,-2.023559,0.5010147,0.05891453
-1.4480656,6.9250774,-2.0186424,0.5004039,0.05367597
-1.4697032,6.880037,-2.014168,0.49979305,0.048437405
-1.4911186,6.8349433,-2.0101347,0.49949676,0.041796286
-1.5123456,6.7897763,-2.0066564,0.49920046,0.035155166
-1.5334083,6.7445517,-2.003732,0.49890417,0.028514046
-1.5543307,6.6992826,-2.0013614,0.49872208,0.024440104
-1.5751404,6.6539755,-1.99933,0.49854,0.020366162
-1.5958523,6.6086392,-1.997638,0.49835792,0.01629222
-1.6164814,6.5632806,-1.9962848,0.49837115,0.010398018
-1.6370515,6.5178895,-1.9954212,0.49838436,0.0045038164
-1.6575836,6.4724774,-1.9950471,0.4983976,-0.0013903857
-1.6780995,6.4270563,-1.9951625,0.49825934,-0.0073156296
-1.6986145,6.3816514,-1.9957701,0.4981211,-0.013240874
-1.7191501,6.3362737,-1.9968693,0.49798286,-0.019166118
-1.7397277,6.290936,-1.9984599,0.4978811,-0.024532402
-1.760371,6.2456455,-2.0004954,0.49777937,-0.029898684
-1.7810991,6.200413,-2.0029755,0.49767762,-0.03526497
-1.8019314,6.1552496,-2.0059,0.49752995,-0.039622597
-1.822886,6.1101675,-2.0091848,0.49738228,-0.04398023
-1.8439785,6.065176,-2.0128293,0.4972346,-0.04833786
-1.8652242,6.0202847,-2.0168338,0.49716502,-0.051490188
-1.8866433,5.9754915,-2.0210984,0.4970954,-0.054642517
-1.9082464,5.9308043,-2.025623,0.49702582,-0.057794847
-1.9300447,5.886229,-2.0304081,0.49695235,-0.0601873
-1.9520496,5.8417716,-2.0353901,0.49687892,-0.06257975
-1.9742692,5.797437,-2.040569,0.49680546,-0.06497221
-1.9967113,5.753232,-2.0459452,0.49668157,-0.06521257
-2.0193846,5.70916,-2.0513396,0.49655768,-0.06545294
-2.0422895,5.665222,-2.0567527,0.4964338,-0.065693304
-2.0654256,5.621421,-2.062184,0.4968571,-0.063683785
-2.0888224,5.5777025,-2.067454,0.49728045,-0.06167426
-2.112472,5.5340657,-2.0725625,0.4977038,-0.059664737
-2.1363678,5.490508,-2.0775087,0.49856037,-0.05863235
-2.1605217,5.4469914,-2.082378,0.49941695,-0.05759996
-2.1849303,5.4035163,-2.0871696,0.5002735,-0.056567572
-2.209591,5.360081,-2.0918837,0.5022638,-0.054037474
-2.2345583,5.3165846,-2.096405,0.50425404,-0.051507376
-2.2598252,5.2730236,-2.1007318,0.5062443,-0.04897728
-2.285384,5.229395,-2.1048627,0.5093951,-0.045877658
-2.311287,5.185595,-2.1087563,0.51254594,-0.042778037
-2.337525,5.14162,-2.1124096,0.5156968,-0.039678417
-2.364089,5.097466,-2.115819,0.51963705,-0.037074137
-2.3910105,5.053062,-2.119029,0.523,-0.034469854
-2.418252,5.008453,-2.122033,0.523,-0.031865574
-2.4456298,4.9639225,-2.1248102,0.523,-0.027914654
-2.4731343,4.9194627,-2.127243,0.523,-0.023963738
-2.5007498,4.875066,-2.1293318,0.523,-0.02001282
-2.5284605,4.8307223,-2.131076,0.523,-0.009726191
-2.5562525,4.786421,-2.131924,0.523,0.0005604386
-2.5840836,4.742141,-2.131875,0.523,0.010847067
-2.6119106,4.697862,-2.1309295,0.523,0.021125842
-2.6396914,4.653564,-2.1290882,0.523,0.031404614
-2.6673832,4.609227,-2.126351,0.523,0.041683387
-2.694943,4.5648313,-2.1227188,0.523,0.04632
-2.7223358,4.5203447,-2.1186829,0.523,0.050956607
-2.7495427,4.475758,-2.114243,0.523,0.055593215
-2.7765446,4.4310617,-2.1093996,0.523,0.058095943
-2.803326,4.386242,-2.1043384,0.523,0.06059867
-2.8298762,4.341294,-2.0990593,0.523,0.063101396
-2.8561847,4.296213,-2.0935628,0.523,0.06769252
-2.8822372,4.251002,-2.0876667,0.523,0.07228364
-2.9080143,4.2056527,-2.0813715,0.523,0.076874755
-2.9334967,4.160157,-2.0746772,0.523,0.078893885
-2.9586701,4.1145,-2.0678074,0.523,0.08091302
-2.9835253,4.068678,-2.0607622,0.523,0.08293215
-3.0080528,4.02269,-2.0535414,0.523,0.08602246
-3.0322413,3.9765377,-2.0460525,0.523,0.08911277
-3.056077,3.9302185,-2.038295,0.523,0.09220308
-3.0795462,3.8837285,-2.0302694,0.523,0.09934026
-3.1026256,3.8370838,-2.0216246,0.523,0.10647744
-3.1252842,3.790276,-2.0123608,0.523,0.11361462
-3.1474907,3.7432973,-2.0024786,0.523,0.11522508
-3.169228,3.69611,-1.992457,0.523,0.116835535
-3.1904871,3.6487162,-1.9822961,0.523,0.11844599
-3.2112598,3.601118,-1.9719957,0.523,0.12097578
-3.231535,3.553323,-1.9614763,0.523,0.12350557
-3.2512999,3.505332,-1.9507381,0.523,0.12603536
-3.2705424,3.4571471,-1.9397811,0.5205654,0.1281498
-3.2891636,3.4089923,-1.928693,0.5181308,0.13026424
-3.3071601,3.3608735,-1.9174758,0.51569617,0.13237867
-3.3245292,3.3127964,-1.9061313,0.5116404,0.13300967
-3.3412178,3.2649088,-1.8948225,0.50758475,0.13364068
-3.3572345,3.2172208,-1.8835504,0.503529,0.13427167
-3.3725874,3.1697419,-1.872316,0.5006708,0.13521
-3.3873203,3.1223698,-1.8610677,0.4978125,0.13614833
-3.4014366,3.0751126,-1.8498065,0.49495426,0.13708666
-3.4149399,3.0279775,-1.8385333,0.49115622,0.13209267
-3.4278202,2.9810245,-1.8277516,0.4873582,0.12709866
-3.440106,2.934269,-1.8174556,0.48356017,0.12210467
-3.451825,2.8877256,-1.8076392,0.480351,0.11348377
-3.463023,2.8413317,-1.7985734,0.47714183,0.10486288
-3.4737382,2.7951055,-1.7902496,0.47393265,0.09624199
-3.4840078,2.7490628,-1.7826593,0.47005713,0.08301447
-3.4938583,2.7032664,-1.7761632,0.4661816,0.069786966
-3.503342,2.657739,-1.7707454,0.46230608,0.056559455
-3.5125093,2.6125019,-1.7663897,0.4595972,0.03977711
-3.5214345,2.567454,-1.7633436,0.4568883,0.022994768
-3.5301752,2.5226214,-1.7615927,0.4541794,0.0062124254
-3.538788,2.4780285,-1.7611225,0.450046,0.00040733218
-3.547302,2.4338367,-1.761092,0.44591257,-0.005397761
-3.5557363,2.390051,-1.7614931,0.44177917,-0.011202854
-3.5641096,2.3466766,-1.762318,0.43537027,-0.015676934
-3.5723958,2.3039408,-1.7634555,0.4289614,-0.020151014
-3.5806074,2.261847,-1.764896,0.4225525,-0.024625093
-3.5887554,2.2203977,-1.76663,0.40977076,-0.034544103
-3.596724,2.1802278,-1.7689888,0.396989,-0.044463117
-3.604533,2.1413445,-1.7719297,0.38420725,-0.054382127
-3.6121974,2.103754,-1.7754104,0.36664152,-0.06514553
-3.6196313,2.067931,-1.7793884,0.34907576,-0.07590893
-3.6268392,2.0338783,-1.7838005,0.33151004,-0.08667233
-3.633821,2.0015981,-1.7885833,0.3175579,-0.107440956
-3.640643,1.9707713,-1.7942588,0.30360577,-0.12820958
-3.6473157,1.9414085,-1.8007286,0.2896536,-0.1489782
-3.653844,1.913518,-1.807894,0.27827743,-0.14784668
-3.660309,1.8867638,-1.8147261,0.26690122,-0.14671516
-3.666686,1.861142,-1.8212291,0.25552505,-0.14558363
-3.6729515,1.8366485,-1.8274072,0.2495077,-0.13922107
-3.6792228,1.8127482,-1.833178,0.24349035,-0.1328585
-3.685483,1.7894398,-1.8385538,0.23747301,-0.12649593
-3.6917155,1.7667217,-1.8435471,0.23075376,-0.12128635
-3.697886,1.7446625,-1.8482002,0.2240345,-0.116076775
-3.70398,1.7232606,-1.8525246,0.21731526,-0.110867195
-3.7099845,1.7025139,-1.856532,0.21294565,-0.098064646
-3.7159579,1.682181,-1.8600068,0.20857604,-0.08526209
-3.721885,1.6622622,-1.8629671,0.20420644,-0.072459534
-3.7277513,1.6427583,-1.8654311,0.20022997,-0.044431336
-3.73356,1.623617,-1.8669133,0.19625351,-0.016403133
-3.739286,1.6048484,-1.8674499,0.19227704,0.011625069
-3.7449064,1.5864618,-1.8670774,0.18347535,0.04702856
-3.7502573,1.568933,-1.8656398,0.17467365,0.08243205
-3.7553158,1.5522763,-1.8632427,0.16587195,0.11783554
