1.0280298,1.3627063,0.15013042,0.64682686,0.0
1.0919849,1.3723807,0.15013042,0.523,-0.0977848
1.1434495,1.3801657,0.14162041,0.523,-0.1955696
1.1942389,1.3874071,0.12468173,0.523,-0.2933544
1.243916,1.3936331,0.09947619,0.523,-0.3
1.2936331,1.3985952,0.07371668,0.523,-0.3
1.3434615,1.4022751,0.047957163,0.523,-0.3
1.3933681,1.4046702,0.022197653,0.523,-0.3
1.4433199,1.4057792,-0.003561859,0.523,-0.3
1.4932837,1.4056013,-0.02932137,0.523,-0.3
1.5432264,1.4041364,-0.055080883,0.523,-0.3
1.5931146,1.4013858,-0.080840394,0.523,-0.3
1.6429156,1.397351,-0.106599905,0.523,-0.3
1.6925961,1.392035,-0.13235942,0.523,-0.3
1.7421231,1.3854411,-0.15811893,0.523,-0.3
1.791464,1.3775737,-0.18387844,0.523,-0.3
1.8405857,1.368438,-0.20963795,0.523,-0.3
1.8894559,1.3580402,-0.23539746,0.523,-0.3
1.9380422,1.3463871,-0.26115698,0.523,-0.3
1.986312,1.3334864,-0.2869165,0.523,-0.3
2.0342336,1.3193468,-0.31267598,0.523,-0.3
2.0817752,1.3039776,-0.3384355,0.523,-0.3
2.128905,1.2873889,-0.36419502,0.523,-0.3
2.1755922,1.2695918,-0.38995454,0.523,-0.3
2.221805,1.2505982,-0.41571406,0.523,-0.3
2.2675138,1.2304205,-0.44147354,0.523,-0.2869678
2.3128657,1.208988,-0.46614566,0.523,-0.27393562
2.3578436,1.1863583,-0.48972622,0.523,-0.26090342
2.4024346,1.1625898,-0.51221114,0.523,-0.2455945
2.4466546,1.1377264,-0.53340423,0.523,-0.2302856
2.4905002,1.1118356,-0.5533005,0.523,-0.2149767
2.5339725,1.0849847,-0.5718953,0.523,-0.20156357
2.57706,1.0572516,-0.58934623,0.523,-0.18815044
2.61977,1.0286953,-0.60565007,0.523,-0.1747373
2.6621127,0.99937457,-0.62080395,0.523,-0.16414441
2.7040823,0.9693611,-0.63504773,0.523,-0.15355152
2.7456906,0.938701,-0.64837974,0.523,-0.14295863
2.7869518,0.9074394,-0.66079855,0.523,-0.13272756
2.8278797,0.87562275,-0.6723341,0.523,-0.1224965
2.868491,0.84329367,-0.68298495,0.523,-0.11226543
2.9088042,0.8104943,-0.6927502,0.523,-0.115306966
2.9487815,0.7773144,-0.7027789,0.523,-0.1183485
2.9884098,0.74374723,-0.71307087,0.523,-0.12139004
3.027676,0.7097865,-0.7236261,0.523,-0.11404003
3.0666158,0.67538327,-0.73354506,0.523,-0.106690034
3.1052434,0.6405671,-0.74282724,0.523,-0.09934003
3.1435757,0.6053672,-0.7514721,0.523,-0.09587327
3.181615,0.5698252,-0.7598163,0.523,-0.092406504
3.2193687,0.5339552,-0.7678596,0.523,-0.08893974
3.2568445,0.4977714,-0.775602,0.523,-0.08274006
3.294059,0.46127903,-0.7828059,0.523,-0.07654038
3.331028,0.42450133,-0.78947115,0.523,-0.0703407
3.3677676,0.38746116,-0.7955975,0.523,-0.07228123
3.4042747,0.35020176,-0.8018925,0.523,-0.074221745
3.4405413,0.31271863,-0.8083562,0.523,-0.07616227
3.4765594,0.27500737,-0.8149886,0.523,-0.069506004
3.5123441,0.23703963,-0.82104236,0.523,-0.062849745
3.547914,0.19883911,-0.82651716,0.523,-0.05619348
3.5832884,0.16042918,-0.8314128,0.523,-0.05969172
3.618467,0.12185437,-0.8366128,0.523,-0.06318997
3.6534371,0.08310549,-0.8421172,0.523,-0.06668821
3.6881855,0.04417357,-0.8479259,0.523,-0.06215649
3.7227173,0.0050290185,-0.8533404,0.523,-0.057624776
3.7570457,-0.034312617,-0.8583605,0.523,-0.053093057
3.7911851,-0.07383601,-0.8629863,0.523,-0.053322457
3.8251407,-0.11351643,-0.86763203,0.523,-0.05355186
3.8589113,-0.15335368,-0.87229776,0.523,-0.05378126
3.8924952,-0.19334754,-0.87698346,0.523,-0.055275418
3.9258885,-0.23349507,-0.88179916,0.523,-0.056769572
3.9590852,-0.27379957,-0.8867449,0.523,-0.05826373
3.9920795,-0.31426427,-0.89182067,0.523,-0.060719024
4.0248632,-0.35489,-0.8971101,0.523,-0.06317432
4.0574265,-0.39568233,-0.90261316,0.523,-0.06562962
4.08976,-0.43664676,-0.9083298,0.523,-0.066154234
4.121857,-0.47779393,-0.914092,0.523,-0.06667886
4.153716,-0.5191239,-0.9198999,0.523,-0.06720348
4.1853333,-0.5606368,-0.92575336,0.523,-0.069533326
4.2167015,-0.6023274,-0.9318095,0.523,-0.07186317
4.247812,-0.64420027,-0.93806815,0.523,-0.074193016
4.278654,-0.68625987,-0.94452935,0.523,-0.07518293
4.309222,-0.72851473,-0.9510766,0.523,-0.07617285
4.33951,-0.77096564,-0.95770997,0.523,-0.07716277
4.3695135,-0.81361324,-0.9644293,0.523,-0.08762979
4.3992043,-0.8564245,-0.97205794,0.523,-0.0980968
4.428539,-0.89941907,-0.980595,0.523,-0.108563825
4.457474,-0.9426156,-0.9900396,0.523,-0.11499513
4.485979,-0.9860521,-1.0000412,0.523,-0.12142643
4.514027,-1.0297382,-1.0105996,0.523,-0.12785774
4.54159,-1.0736824,-1.0217142,0.523,-0.1360709
4.5686336,-1.1178823,-1.0335385,0.523,-0.14428408
4.5951214,-1.1623471,-1.0460716,0.523,-0.15249726
4.6210184,-1.2070855,-1.0593128,0.5227712,-0.15852775
4.6462855,-1.2521005,-1.0730673,0.5225423,-0.16455823
4.6708965,-1.2973944,-1.0873342,0.5223135,-0.1705887
4.6948237,-1.3429683,-1.1021124,0.51881915,-0.17585385
4.717898,-1.3885416,-1.1172402,0.5153249,-0.181119
4.7401085,-1.4341061,-1.1327112,0.51183057,-0.18638414
4.7614446,-1.479653,-1.1485188,0.50821257,-0.19004443
4.781898,-1.5251755,-1.1645192,0.5045946,-0.19370472
4.8014665,-1.5706605,-1.1807079,0.5009766,-0.197365
4.820147,-1.6160951,-1.1970804,0.49935564,-0.201489
4.8380084,-1.6616435,-1.2137363,0.4977347,-0.20561299
4.855039,-1.7072954,-1.2306731,0.49611372,-0.20973697
4.871227,-1.7530398,-1.2478884,0.49376318,-0.21770337
4.8865256,-1.798759,-1.2656629,0.49141264,-0.22566976
4.900914,-1.8444418,-1.2839893,0.48906213,-0.23363614
4.9143734,-1.8900758,-1.3028603,0.48493668,-0.2329015
4.926865,-1.9355766,-1.3215142,0.48081124,-0.23216686
4.938409,-1.9809214,-1.3399523,0.4766858,-0.23143223
4.9490247,-2.0260882,-1.3581754,0.4728878,-0.23216617
4.958736,-2.071072,-1.3763095,0.46908984,-0.23290011
4.967557,-2.115854,-1.3943539,0.4652919,-0.23363405
4.975502,-2.1604164,-1.4123075,0.46163094,-0.23268384
4.9825916,-2.2047725,-1.4300487,0.45797,-0.23173362
4.9888444,-2.2489045,-1.4475787,0.45430905,-0.2307834
4.99428,-2.2927957,-1.4648985,0.45079163,-0.23273695
4.9989166,-2.3364136,-1.4822271,0.4472742,-0.23469049
5.002764,-2.3797443,-1.499562,0.44375676,-0.23664404
5.0058346,-2.4227738,-1.5169013,0.44239283,-0.23932439
5.00815,-2.46569,-1.5343791,0.44102886,-0.24200475
5.009709,-2.508479,-1.5519946,0.43966493,-0.24468511
5.010511,-2.5511286,-1.569746,0.43974409,-0.25108424
5.0105557,-2.593724,-1.5879555,0.4398232,-0.25748336
5.0098257,-2.6362503,-1.6066221,0.43990237,-0.2638825
5.0083046,-2.6786904,-1.6257454,0.44056863,-0.26710707
5.005971,-2.7211208,-1.6451262,0.4412349,-0.27033165
5.0028133,-2.7635245,-1.6647649,0.44190118,-0.27355623
4.998821,-2.8058836,-1.6846621,0.4430421,-0.27726895
4.9939795,-2.8482199,-1.7048744,0.44418305,-0.28098166
4.9882746,-2.8905132,-1.725403,0.445324,-0.28469437
4.981693,-2.9327433,-1.7462488,0.44765586,-0.2850883
4.9741945,-2.9750426,-1.7672322,0.44998768,-0.28548223
4.9657674,-3.0173895,-1.7883531,0.45231953,-0.28587613
4.9564004,-3.059763,-1.809612,0.45453855,-0.2865918
4.946087,-3.1021254,-1.8310272,0.45675755,-0.28730747
4.934816,-3.144454,-1.8525991,0.45897657,-0.28802314
4.922578,-3.1867251,-1.8743284,0.4618164,-0.28795698
4.9093432,-3.2289813,-1.8961873,0.46465626,-0.28789082
4.8951,-3.2711966,-1.9181756,0.4674961,-0.28782466
4.87984,-3.3133457,-1.9402934,0.47124293,-0.28950027
4.863529,-3.3554606,-1.9627146,0.47498977,-0.29117587
4.84615,-3.3975105,-1.9854412,0.4787366,-0.29285148
4.8276844,-3.4394617,-2.008475,0.48432663,-0.28640422
4.807993,-3.481542,-2.031279,0.48991662,-0.279957
4.78707,-3.5237222,-2.053841,0.49550664,-0.27350977
4.76491,-3.5659723,-2.076148,0.50176936,-0.27943417
4.741561,-3.6081743,-2.0992138,0.5080321,-0.28535858
4.7169833,-3.650274,-2.123049,0.5142948,-0.29128298
4.6911397,-3.692214,-2.147665,0.5204901,-0.2895435
4.6639338,-3.734024,-2.172433,0.523,-0.28780404
4.63555,-3.7753673,-2.197175,0.523,-0.28606454
4.606137,-3.8160167,-2.2217715,0.523,-0.2838321
4.5757127,-3.8559563,-2.2461815,0.523,-0.28159964
4.544303,-3.8951669,-2.2704043,0.523,-0.27936718
4.511932,-3.93363,-2.2944403,0.523,-0.2726419
4.478582,-3.971376,-2.3179123,0.523,-0.26591662
4.4442916,-4.008397,-2.3408191,0.523,-0.25919136
4.409099,-4.044689,-2.36316,0.523,-0.25129616
4.3730307,-4.080259,-2.3848348,0.523,-0.24340099
4.336126,-4.115108,-2.4058423,0.523,-0.2355058
4.2984247,-4.1492395,-2.4261813,0.523,-0.22291748
4.259924,-4.182696,-2.4454517,0.523,-0.21032916
4.2206774,-4.2154946,-2.4636507,0.523,-0.19774084
4.1807365,-4.247658,-2.4807749,0.523,-0.16620143
4.140015,-4.279315,-2.4951956,0.523,-0.13466203
4.0986443,-4.310531,-2.5068982,0.523,-0.10312262
4.056753,-4.341377,-2.515871,0.523,-0.08562542
4.0145173,-4.3718953,-2.5233257,0.523,-0.06812821
3.9719977,-4.4021397,-2.5292594,0.523,-0.050631005
3.929255,-4.432162,-2.533671,0.523,-0.03671972
3.8863542,-4.4620137,-2.536871,0.523,-0.022808438
3.8433404,-4.49174,-2.538859,0.523,-0.0088971555
3.800258,-4.5213876,-2.5396345,0.523,-0.00046954752
3.7571507,-4.551003,-2.5396755,0.523,0.00795806
3.7140436,-4.5806155,-2.5389817,0.523,0.016385669
3.6709616,-4.610255,-2.5375535,0.523,0.022829061
3.6279275,-4.639952,-2.5355637,0.523,0.029272456
3.5849597,-4.6697297,-2.5330126,0.523,0.03571585
3.5420768,-4.6996107,-2.5299,0.523,0.050401457
3.4993145,-4.729606,-2.5255086,0.523,0.065087065
3.4567204,-4.7597632,-2.519839,0.523,0.079772666
3.414343,-4.790129,-2.512893,0.523,0.08383353
3.3721917,-4.8207784,-2.505594,0.523,0.087894395
3.3302798,-4.8517237,-2.4979424,0.523,0.09195526
3.2886214,-4.8829775,-2.4899383,0.523,0.09511011
3.2472265,-4.914554,-2.4816604,0.523,0.09826496
3.2061071,-4.9464626,-2.4731088,0.523,0.101419814
3.1652749,-4.9787116,-2.4642835,0.523,0.102056876
3.1247315,-5.0113173,-2.4554029,0.523,0.102693945
3.084482,-5.0442796,-2.4464672,0.523,0.103331015
3.0445313,-5.077598,-2.4374762,0.523,0.10387847
3.004884,-5.111273,-2.4284377,0.523,0.10442592
2.965545,-5.1453023,-2.4193518,0.523,0.10497338
2.9265187,-5.1796856,-2.4102182,0.523,0.10650547
2.8878148,-5.2144184,-2.400952,0.523,0.10803756
2.8494403,-5.2495027,-2.3915532,0.523,0.109569654
2.811404,-5.2849402,-2.3820214,0.523,0.10898121
2.7737045,-5.3207407,-2.3725407,0.523,0.10839277
2.7363439,-5.3568997,-2.363111,0.523,0.10780433
2.6993234,-5.3934116,-2.3537323,0.523,0.106009245
2.66264,-5.430276,-2.3445091,0.523,0.10421416
2.6262913,-5.4674845,-2.3354416,0.523,0.10241908
2.5902748,-5.505028,-2.3265295,0.523,0.10231735
2.5545938,-5.542891,-2.3176265,0.523,0.10221561
2.519251,-5.581071,-2.3087323,0.523,0.10211388
2.4842489,-5.619564,-2.2998466,0.523,0.10163019
2.4495883,-5.658368,-2.2910032,0.523,0.1011465
2.4152708,-5.6974797,-2.2822015,0.523,0.100662805
2.381297,-5.7368937,-2.273442,0.523,0.09821505
2.3476615,-5.776613,-2.2648947,0.523,0.0957673
2.314359,-5.8166285,-2.2565596,0.523,0.09331954
2.2813833,-5.8569293,-2.2484372,0.523,0.09005943
2.2487264,-5.8975086,-2.2405975,0.523,0.086799316
2.2163792,-5.9383545,-2.233041,0.523,0.0835392
2.1843326,-5.979455,-2.2257676,0.523,0.08276223
2.1525838,-6.0207906,-2.218562,0.523,0.08198524
2.1211317,-6.062356,-2.2114234,0.523,0.08120826
2.089975,-6.104148,-2.2043526,0.523,0.080980875
2.0591142,-6.1461596,-2.1973014,0.523,0.08075349
2.02855,-6.1883893,-2.1902702,0.523,0.0805261
1.9982824,-6.230833,-2.1832585,0.523,0.08303903
1.9683197,-6.273479,-2.1760285,0.523,0.08555196
1.9386722,-6.316332,-2.1685803,0.523,0.088064894
1.9093512,-6.3593946,-2.160914,0.523,0.08704992
1.8803586,-6.4026847,-2.1533358,0.523,0.08603494
1.8516924,-6.4461975,-2.1458457,0.523,0.08501996
1.8233504,-6.4899273,-2.1384435,0.523,0.078676544
1.7953184,-6.5338883,-2.1315928,0.523,0.07233313
1.7675748,-6.578062,-2.1252933,0.523,0.06598971
1.7400979,-6.622429,-2.1195452,0.523,0.057670884
1.7128625,-6.666976,-2.114521,0.523,0.04935206
1.6858393,-6.711679,-2.110221,0.523,0.04103324
1.6589984,-6.756515,-2.106645,0.523,0.036518138
1.6323133,-6.8014545,-2.1034627,0.523,0.032003038
1.6057673,-6.8464856,-2.1006737,0.523,0.02748794
1.5793434,-6.8915963,-2.0982778,0.523,0.024476606
1.5530256,-6.9367743,-2.0961444,0.523,0.021465272
1.5268024,-6.9820113,-2.0942736,0.523,0.018453937
1.5006624,-7.0273,-2.0926652,0.523,0.009441751
1.474592,-7.072636,-2.0918422,0.523,0.0004295647
1.4485577,-7.1179957,-2.0918047,0.523,-0.008582622
1.4225261,-7.163355,-2.092553,0.51471615,-0.034922075
1.396888,-7.2079506,-2.0955482,0.5064323,-0.061261527
1.3715636,-7.2516975,-2.1007156,0.49814847,-0.08760098
1.3464805,-7.294515,-2.1079793,0.47661418,-0.08795168
1.3221855,-7.3353057,-2.1149569,0.45507985,-0.08830239
1.2987179,-7.374089,-2.1216457,0.43354556,-0.08865309
1.2761147,-7.4108853,-2.1280432,0.4145195,-0.114248544
1.2543356,-7.4458365,-2.1359189,0.39549342,-0.139844
1.233363,-7.478911,-2.1451068,0.37646735,-0.16543946
1.2131904,-7.5100865,-2.15544,0.36064917,-0.14337617
1.1934904,-7.5398526,-2.1640286,0.344831,-0.12131287
1.1743544,-7.568234,-2.1709836,0.3290128,-0.09924959
1.1558634,-7.595251,-2.176417,0.32178155,-0.046164922
1.1375648,-7.6216784,-2.178892,0.31455028,0.0069197356
1.1195948,-7.647494,-2.1785293,0.30731902,0.060004395
1.1020782,-7.672678,-2.1754577,0.29819563,0.08844178
1.0851926,-7.6971145,-2.171068,0.28907225,0.11687917
1.0689752,-7.720805,-2.1654496,0.27994886,0.14531656
