8.148666,-3.5989957,-0.30538324,0.028948842,0.0
8.151427,-3.599866,-0.30538324,0.056850147,0.09990923
8.156822,-3.6015668,-0.30443817,0.08475145,0.19981846
8.164746,-3.6040566,-0.30163443,0.11265275,0.2997277
8.175023,-3.6072543,-0.29609078,0.1397868,0.39966184
8.18734,-3.6110115,-0.28702545,0.16692086,0.49959594
8.201393,-3.6151595,-0.27369764,0.1940549,0.5995301
8.216818,-3.61949,-0.25544825,0.22036704,0.6991254
8.233137,-3.6237519,-0.2318121,0.2466792,0.7987207
8.249886,-3.6277053,-0.20235597,0.27299136,0.898316
8.266544,-3.631123,-0.1667634,0.2991746,0.9956801
8.282592,-3.6338243,-0.12492238,0.32535785,1.0
8.300034,-3.6360147,-0.07929251,0.3515411,1.0
8.318968,-3.6375191,-0.029990574,0.37990293,1.0
8.339485,-3.6381347,0.023288975,0.40826476,1.0
8.361538,-3.637621,0.08054613,0.43662658,1.0
8.385053,-3.6357229,0.1417809,0.46568874,1.0
8.409961,-3.6321673,0.2070915,0.4947509,1.0
8.436121,-3.626671,0.2764779,0.523,1.0
8.463306,-3.6189575,0.34982613,0.523,1.0
8.489852,-3.6092725,0.42317435,0.523,1.0
8.515617,-3.5976684,0.49652258,0.523,1.0
8.540463,-3.584207,0.56987077,0.523,1.0
8.564256,-3.5689614,0.643219,0.523,1.0
8.586866,-3.5520132,0.7165672,0.523,1.0
8.608174,-3.5334532,0.78991544,0.523,1.0
8.628065,-3.513382,0.86326367,0.523,1.0
8.646432,-3.491907,0.9366119,0.523,1.0
8.663176,-3.4691436,1.0099602,0.523,1.0
8.6782055,-3.4452147,1.0833083,0.523,1.0
8.691442,-3.4202485,1.1566565,0.523,1.0
8.702812,-3.3943796,1.2300048,0.523,0.97377545
8.71264,-3.3666685,1.3020928,0.523,0.9475509
8.720744,-3.3372378,1.3728712,0.523,0.9213263
8.726963,-3.306226,1.4422911,0.523,0.8780536
8.731244,-3.2731001,1.5093656,0.523,0.83478093
8.733399,-3.2380552,1.5739691,0.523,0.79150826
8.733283,-3.2013004,1.6359807,0.523,0.7418275
8.730771,-3.1628249,1.6948737,0.523,0.6921467
8.725788,-3.1228697,1.7505027,0.523,0.64246595
8.718304,-3.0816717,1.8027304,0.523,0.60129607
8.70839,-3.0396996,1.8520417,0.523,0.5601262
8.696093,-2.9971325,1.8983527,0.523,0.5189563
8.681481,-2.954133,1.9415852,0.523,0.47913644
8.664664,-2.9108765,1.9817702,0.523,0.43931654
8.645755,-2.867484,2.018844,0.523,0.39949664
8.624882,-2.824058,2.0527477,0.523,0.3550232
8.602152,-2.7806056,2.083048,0.523,0.31054974
8.5777445,-2.7371993,2.1096845,0.523,0.2660763
8.551849,-2.6938908,2.1326048,0.523,0.22634894
8.524698,-2.6507587,2.1521668,0.523,0.18662159
8.496476,-2.6078098,2.1683397,0.523,0.14689425
8.467368,-2.565038,2.1810982,0.523,0.10913586
8.4375725,-2.5224345,2.1905923,0.523,0.07137748
8.40727,-2.479971,2.1968086,0.523,0.0336191
8.376644,-2.4376125,2.1997385,0.523,0.004374689
8.345877,-2.3953204,2.20012,0.523,-0.024869721
8.315103,-2.3530529,2.1979523,0.523,-0.054114133
8.284455,-2.3107677,2.1932378,0.523,-0.068869606
8.254036,-2.2683768,2.1872394,0.523,-0.083625086
8.223906,-2.2258523,2.1799586,0.523,-0.09838056
8.194125,-2.183167,2.1713967,0.523,-0.11752342
8.164772,-2.1403172,2.1611762,0.523,-0.13666628
8.135929,-2.0972753,2.1493006,0.523,-0.15580913
8.107679,-2.0540159,2.1357741,0.523,-0.17578538
8.08011,-2.010524,2.1205301,0.523,-0.1957616
8.053307,-1.9667814,2.1035752,0.523,-0.21573785
8.027358,-1.9227746,2.0849154,0.523,-0.23044032
8.002318,-1.8784394,2.065006,0.523,-0.24514279
7.9782524,-1.833774,2.0438511,0.523,-0.25984526
7.955224,-1.7887805,2.0214553,0.523,-0.27215135
7.933283,-1.7434348,1.9980246,0.523,-0.28445747
7.912483,-1.6977484,1.9735625,0.523,-0.29676357
7.8928795,-1.6517366,1.9480726,0.523,-0.3
7.874473,-1.6052865,1.9223131,0.523,-0.3
7.8572693,-1.5583776,1.8965535,0.523,-0.3
7.8412795,-1.5110412,1.870794,0.523,-0.3
7.8265142,-1.4633086,1.8450345,0.523,-0.3
7.8129835,-1.4152116,1.819275,0.523,-0.3
7.800696,-1.366782,1.7935156,0.51359344,-0.3
7.789858,-1.3189285,1.7682194,0.5041869,-0.3
7.7804103,-1.2716973,1.7433864,0.49478036,-0.3
7.7722926,-1.2251313,1.7190168,0.47121894,-0.3
7.7656446,-1.1806077,1.6958077,0.4476575,-0.3
7.7603126,-1.138175,1.6737591,0.42409608,-0.3
7.7561483,-1.0978742,1.6528709,0.41503596,-0.3
7.7528977,-1.0583577,1.632429,0.40597585,-0.3
7.750509,-1.019647,1.6124333,0.39691576,-0.3
7.7489305,-0.9817611,1.5928838,0.38625303,-0.3
7.7481155,-0.94486994,1.5738596,0.3755903,-0.3
7.7480054,-0.9089886,1.5553606,0.36492756,-0.3
7.7485437,-0.8741299,1.5373865,0.36868414,-0.3
7.74972,-0.8389278,1.5192276,0.3724407,-0.3
7.751554,-0.80339444,1.5008837,0.37619725,-0.3
7.7540646,-0.7675428,1.4823548,0.37497112,-0.3
7.757229,-0.7318604,1.4638861,0.37374496,-0.3
7.761039,-0.69635904,1.445478,0.37251884,-0.3
7.7654867,-0.66105,1.4271301,0.37012595,-0.3
7.7705493,-0.6260548,1.4089001,0.36773303,-0.3
7.776212,-0.59138334,1.3907881,0.36534014,-0.3
7.782461,-0.55704504,1.3727938,0.36275417,-0.3
7.789278,-0.52306694,1.354927,0.36016816,-0.3
7.796648,-0.48945734,1.3371875,0.35758218,-0.3
