5.587413,1.7829592,2.5156949,0.7148154,0.0
5.5294814,1.824835,2.5156949,0.523,-0.033507206
5.487119,1.8554564,2.5127747,0.49777353,-0.06701441
5.446954,1.8846691,2.5072193,0.47254705,-0.10052161
5.409085,1.9125344,2.4993157,0.4464522,-0.09283998
5.37349,1.9391625,2.4924176,0.42035735,-0.08515835
5.340126,1.9644823,2.4864585,0.3942625,-0.07747672
5.308956,1.9884313,2.4813726,0.36720726,-0.041479252
5.279977,2.0109324,2.4788349,0.34015203,-0.0054817917
5.2531633,2.0318613,2.478524,0.3130968,0.03051567
5.2284994,2.0511248,2.4801161,0.28500178,0.073935345
5.206072,2.068584,2.483625,0.25690678,0.11735501
5.185884,2.084186,2.4886384,0.22881176,0.16077468
5.1679444,2.097908,2.494743,0.20014468,0.2019892
5.1522975,2.109725,2.5014353,0.17147759,0.24320371
5.13895,2.1196663,2.5083177,0.1428105,0.28441823
5.1279006,2.127778,2.5149963,0.11422965,0.29402894
5.119045,2.134189,2.5205138,0.0856488,0.30363968
5.1123977,2.1389449,2.524782,0.057067953,0.3132504
5.1079693,2.1420853,2.5277128,0.029070951,0.32264504
5.1057158,2.1436737,2.5292492,0.0010739486,0.33203968
5.1056323,2.1437318,2.5293076,-0.026923053,0.34143433
5.1077085,2.142274,2.527805,-0.054251518,0.3500665
5.1118746,2.1393387,2.524704,-0.08157998,0.3586987
5.1181054,2.1349196,2.5199308,-0.108908445,0.36733088
5.126368,2.129,2.5134122,-0.13505276,0.38032663
5.136514,2.1216304,2.5050564,-0.16119708,0.3933224
5.148487,2.1127803,2.4947598,-0.18734139,0.40631816
5.16222,2.1024094,2.4824193,-0.20978941,0.43118414
5.1772857,2.0907364,2.4678056,-0.23223743,0.45605013
5.193579,2.0777268,2.4507592,-0.25468543,0.4809161
5.210982,2.0633397,2.4311235,-0.2730452,0.5129628
5.2290163,2.047824,2.40879,-0.29140496,0.5450095
5.2475386,2.0311544,2.3836114,-0.30976474,0.57705617
5.2663918,2.0133076,2.3554456,-0.32023534,0.5945958
5.2851353,1.9945358,2.3255477,-0.33070597,0.6121354
5.303678,1.97482,2.2938762,-0.3411766,0.629675
5.321924,1.9541454,2.2603908,-0.34607494,0.6293167
5.3397245,1.9325604,2.2264411,-0.3509733,0.6289584
5.3570275,1.910064,2.192028,-0.35587168,0.62860006
5.373781,1.8866574,2.157152,-0.360065,0.62048304
5.389991,1.8622559,2.1222599,-0.36425835,0.612366
5.4056077,1.8368676,2.0873637,-0.36845168,0.604249
5.4205832,1.8105029,2.0524747,-0.3730368,0.5991814
5.4348545,1.7832026,2.0174112,-0.3776219,0.5941138
5.4483695,1.7549804,1.9821807,-0.382207,0.58904624
5.4610777,1.7258525,1.9467905,-0.3867252,0.5876149
5.472896,1.6959151,1.9110584,-0.3912434,0.58618355
5.483773,1.6651909,1.8749868,-0.39576158,0.5847522
5.4936576,1.6337054,1.8385772,-0.40027323,0.58174217
5.5025067,1.6014543,1.80192,-0.40478492,0.5787322
5.510269,1.5684685,1.7650197,-0.40929657,0.57572216
5.5168953,1.5347822,1.7278801,-0.4140077,0.5707258
5.5223455,1.500372,1.6906027,-0.41871884,0.5657294
5.5265703,1.4652772,1.6531949,-0.42342997,0.560733
5.5295215,1.42954,1.6156644,-0.42857176,0.5544918
5.531156,1.3931409,1.5780563,-0.43371353,0.5482506
5.5314245,1.3561271,1.5403814,-0.43885532,0.5420094
5.530281,1.318549,1.5026503,-0.4458077,0.53388065
5.527668,1.2802612,1.46484,-0.45276004,0.5257518
5.5235267,1.2413195,1.4269694,-0.45971242,0.51762307
5.5178003,1.2017831,1.3890572,-0.46587127,0.502186
5.51042,1.1616205,1.3516833,-0.4720301,0.4867489
5.5013514,1.1208972,1.3148842,-0.47818893,0.47131184
5.4905667,1.0796794,1.2786968,-0.4794739,0.44895
5.478128,1.0383132,1.2440133,-0.48075885,0.42658818
5.4640784,0.9968619,1.2108595,-0.48204377,0.40422633
5.4484687,0.95538247,1.179261,-0.47826824,0.37775785
5.4315042,0.91429186,1.1498605,-0.47449273,0.35128933
5.4133,0.8736294,1.1226476,-0.4707172,0.32482085
5.3939705,0.8334243,1.0976102,-0.46339256,0.2997396
5.373794,0.7940159,1.0748059,-0.45606795,0.27465835
5.3529034,0.7554083,1.0541902,-0.44874334,0.24957712
5.331425,0.7175989,1.0357174,-0.44220954,0.22474277
5.3094435,0.68051547,1.0192925,-0.43567574,0.1999084
5.28707,0.6441463,1.0048732,-0.42914194,0.17507406
5.2644114,0.60847646,0.9924151,-0.42448336,0.15494615
5.241484,0.57335824,0.9814969,-0.41982475,0.13481824
5.218363,0.5387736,0.9720921,-0.41516614,0.114690326
5.195119,0.50470346,0.96417356,-0.4118453,0.09584232
5.1717477,0.47102243,0.95760494,-0.40852448,0.0769943
5.1483073,0.43771163,0.9523678,-0.40520364,0.058146287
5.1248555,0.4047518,0.9484431,-0.402608,0.041392315
5.1014056,0.37206757,0.94566643,-0.40001237,0.024638344
5.078004,0.33964095,0.94402397,-0.39741674,0.007884371
5.0546947,0.30745417,0.9435018,-0.3947573,-0.008943522
5.031525,0.27549517,0.9440902,-0.39209783,-0.025771415
5.008537,0.2437472,0.94577414,-0.3894384,-0.04259931
4.9857707,0.21219435,0.9485383,-0.38790244,-0.058041
4.963199,0.18072785,0.95228857,-0.38636646,-0.07348269
4.9408574,0.1493338,0.95701617,-0.3848305,-0.088924386
4.9187803,0.11799911,0.9627121,-0.3846784,-0.10223232
4.8969183,0.086591706,0.96925515,-0.3845263,-0.115540266
4.875303,0.05510025,0.9766434,-0.3843742,-0.12884821
4.8539634,0.02351414,0.9848749,-0.3853565,-0.14034407
4.8328643,-0.0082781855,0.99385905,-0.38633877,-0.15183994
4.812033,-0.04028612,1.0035985,-0.38732105,-0.1633358
4.7915006,-0.07251837,1.0140955,-0.38874137,-0.17339611
4.771268,-0.10502771,1.0252737,-0.3901617,-0.18345642
4.7513638,-0.13782123,1.0371366,-0.391582,-0.19351673
4.7318163,-0.17090525,1.0496875,-0.39310375,-0.20183602
4.712643,-0.20430578,1.0628216,-0.39462548,-0.21015531
4.6938705,-0.23802684,1.0765423,-0.39614722,-0.2184746
4.6755247,-0.2720716,1.0908524,-0.39746413,-0.22221248
4.6576242,-0.30646065,1.1054518,-0.39878106,-0.22595036
4.6401844,-0.34119254,1.1203418,-0.40009797,-0.22968823
4.623223,-0.37626538,1.1355238,-0.4007762,-0.23680252
4.6067953,-0.41159183,1.1511939,-0.40145442,-0.24391681
4.5909243,-0.44716945,1.1673528,-0.40213266,-0.2510311
4.5756316,-0.48299494,1.1840012,-0.4016601,-0.26049396
4.5609913,-0.51893866,1.201243,-0.40118757,-0.26995683
4.547025,-0.554994,1.2190751,-0.400715,-0.2794197
4.533756,-0.5911534,1.2374945,-0.39953035,-0.2868774
4.5212183,-0.62736475,1.2563363,-0.3983457,-0.2943351
4.5094275,-0.6636169,1.2755965,-0.39716107,-0.3
4.498389,-0.6999179,1.295158,-0.3959244,-0.3
4.488095,-0.73631424,1.3146586,-0.3946877,-0.3
4.478542,-0.7727901,1.3340983,-0.39345106,-0.3
4.469728,-0.8093298,1.3534771,-0.39229244,-0.3
4.4616475,-0.84592545,1.3727989,-0.3911338,-0.3
4.454297,-0.88256186,1.3920635,-0.38997516,-0.3
4.447674,-0.9192241,1.4112711,-0.38845396,-0.3
4.4417787,-0.9558633,1.4304038,-0.38693276,-0.3
4.436606,-0.9924647,1.4494616,-0.38541153,-0.3
4.4321494,-1.0290138,1.4684443,-0.3836843,-0.3
4.4284043,-1.0654768,1.4873421,-0.38195708,-0.3
4.4253626,-1.1018395,1.5061548,-0.38022986,-0.3
4.423016,-1.1380883,1.5248823,-0.37884152,-0.3
4.4213552,-1.1742424,1.5435416,-0.37745318,-0.3
4.4203725,-1.2102884,1.5621325,-0.37606484,-0.3
4.420061,-1.2462139,1.5806549,-0.37639433,-0.3
4.420416,-1.2821705,1.5991936,-0.37672383,-0.3
4.4214377,-1.3181458,1.6177485,-0.3770533,-0.3
4.423128,-1.3541274,1.6363196,-0.37813193,-0.3
4.4254937,-1.3901742,1.654944,-0.3792106,-0.3
4.4285383,-1.4262733,1.6736213,-0.38028923,-0.3
4.432267,-1.4624119,1.6923518,-0.38159633,-0.3
4.436688,-1.4985982,1.7111467,-0.38290343,-0.3
4.441805,-1.5348186,1.730006,-0.38421053,-0.3
4.447624,-1.5710595,1.7489296,-0.3855633,-0.2994147
4.454152,-1.6073174,1.767884,-0.38691613,-0.29882938
4.461393,-1.6435785,1.7868688,-0.38826892,-0.2982441
4.4693494,-1.6798283,1.8058838,-0.38954085,-0.29415116
4.4780335,-1.7160839,1.8247069,-0.39081278,-0.29005826
4.48744,-1.7523319,1.8433362,-0.39208475,-0.28596532
4.4975657,-1.7885597,1.8617697,-0.3938013,-0.28310016
4.5084133,-1.8247828,1.8801032,-0.39551786,-0.280235
4.5199833,-1.860988,1.8983355,-0.3972344,-0.2773698
4.5322742,-1.8971621,1.9164643,-0.39912027,-0.2743642
4.545292,-1.9333087,1.934487,-0.40100613,-0.27135858
4.559035,-1.969415,1.9524013,-0.40289202,-0.268353
4.5735016,-2.005468,1.9702053,-0.4051548,-0.2661741
4.588702,-2.0414798,1.9879675,-0.4074176,-0.26399523
4.604638,-2.0774372,2.005686,-0.40968037,-0.26181635
4.62131,-2.1133256,2.0233593,-0.412293,-0.2535774
4.638762,-2.1492186,2.040598,-0.4149056,-0.24533847
4.656983,-2.185106,2.0573936,-0.4175182,-0.23709951
4.6759605,-2.2209792,2.0737383,-0.42103547,-0.23297562
4.6957064,-2.2568724,2.0899394,-0.4245527,-0.2288517
4.716221,-2.292773,2.1059916,-0.42806995,-0.22472781
4.7375035,-2.3286684,2.1218903,-0.4320289,-0.21681193
4.759596,-2.3646135,2.1373796,-0.43598783,-0.20889606
4.782489,-2.4005997,2.152449,-0.43994677,-0.20098017
4.8061733,-2.4366198,2.1670866,-0.4434813,-0.1925455
4.830618,-2.4726365,2.1812305,-0.44701582,-0.18411082
4.855809,-2.5086458,2.19487,-0.45055035,-0.17567614
4.8817315,-2.5446455,2.207994,-0.45404324,-0.16701367
4.9083686,-2.5806322,2.220574,-0.4575361,-0.15835121
4.9357038,-2.6166062,2.2325988,-0.461029,-0.14968875
4.963719,-2.6525695,2.2440577,-0.4645039,-0.14154726
4.992393,-2.688521,2.2549794,-0.46797884,-0.13340577
5.0217085,-2.724464,2.2653537,-0.4714538,-0.12526427
5.051647,-2.7604036,2.2751706,-0.47468662,-0.11557648
5.0821805,-2.7963343,2.2842941,-0.4779195,-0.10588869
5.1132846,-2.8322663,2.2927127,-0.48115233,-0.0962009
5.144933,-2.8682117,2.3004153,-0.48412272,-0.08380973
5.1770906,-2.904173,2.30717,-0.4870931,-0.07141857
5.2097206,-2.94017,2.3129628,-0.4900635,-0.05902741
5.242786,-2.9762251,2.3177812,-0.49323687,-0.045604598
5.2762628,-3.0123785,2.321529,-0.49641025,-0.03218179
5.310109,-3.0486565,2.324191,-0.49958366,-0.018758977
5.3442807,-3.0850883,2.3257527,-0.50148755,-0.0018629074
5.3786454,-3.1216116,2.3259087,-0.50339144,0.015033161
5.4131427,-3.1582642,2.3246474,-0.50529534,0.031929232
5.44771,-3.1950843,2.3219588,-0.5070991,0.04701494
5.4822807,-3.2321072,2.3179867,-0.5089029,0.06210065
5.516798,-3.2693684,2.312723,-0.51070666,0.07718636
5.551204,-3.3069038,2.3061595,-0.5121772,0.08739064
5.585433,-3.3447413,2.2987092,-0.51364785,0.09759492
5.619444,-3.382906,2.2903674,-0.5151184,0.107799195
5.6531963,-3.4214225,2.2811306,-0.5158296,0.107935
5.686637,-3.4603024,2.2718692,-0.5165408,0.108070806
5.7197614,-3.4995437,2.2625835,-0.517252,0.10820661
5.752565,-3.5391445,2.2532732,-0.51782686,0.10772346
5.7850356,-3.5790956,2.2439942,-0.5184017,0.107240304
5.817172,-3.619393,2.2347465,-0.51897657,0.10675716
5.848971,-3.6600332,2.22553,-0.52079666,0.109503634
5.8804946,-3.7010958,2.216044,-0.5226168,0.112250105
5.911727,-3.7425876,2.2062871,-0.523,0.11499658
5.9425654,-3.7843995,2.1962855,-0.523,0.11510196
5.9729843,-3.8265173,2.1862745,-0.523,0.115207344
6.0029798,-3.8689373,2.1762545,-0.523,0.115312725
6.032548,-3.9116547,2.1662252,-0.523,0.1114953
6.061699,-3.9546854,2.1565268,-0.523,0.107677884
6.090443,-3.9980152,2.1471589,-0.523,0.10386046
6.118792,-4.04163,2.138122,-0.523,0.109402224
6.146729,-4.085473,2.128605,-0.523,0.114943996
6.17423,-4.1295524,2.1186075,-0.523,0.12048576
6.2012715,-4.1738753,2.1081307,-0.523,0.11665873
6.227859,-4.2184997,2.097985,-0.523,0.11283171
6.2540045,-4.263411,2.0881705,-0.523,0.10900469
6.2797184,-4.3085966,2.078688,-0.523,0.11160709
6.3049955,-4.3540106,2.0689795,-0.523,0.11420949
6.329823,-4.3996544,2.059046,-0.523,0.11681189
6.354189,-4.4455285,2.048887,-0.523,0.11185741
6.378101,-4.491674,2.0391572,-0.523,0.106902935
6.4015756,-4.5380754,2.0298564,-0.523,0.101948455
6.4246297,-4.5847173,2.0209854,-0.523,0.10143234
6.4472704,-4.6315646,2.0121589,-0.523,0.10091622
6.4694977,-4.6786118,2.0033774,-0.523,0.100400105
6.4913125,-4.7258554,1.9946405,-0.5181823,0.10769551
6.5125003,-4.7728148,1.9853575,-0.51336455,0.11499092
6.5330415,-4.8194923,1.9755405,-0.50854677,0.12228633
6.5529175,-4.865889,1.9652016,-0.48738977,0.13061959
6.5714865,-4.910503,1.9546213,-0.46623275,0.13895284
6.588777,-4.953317,1.9438586,-0.44507572,0.14728609
6.604823,-4.994314,1.9329724,-0.41924673,0.1727928
6.6194563,-5.0329356,1.9209586,-0.39341775,0.19829953
6.632688,-5.0691657,1.9080412,-0.36758873,0.22380626
6.6445475,-5.1029887,1.894444,-0.3405075,0.23879737
6.6550694,-5.1343555,1.8810204,-0.31342626,0.2537885
6.664331,-5.163246,1.8679049,-0.286345,0.2687796
6.672413,-5.189643,1.8552315,-0.26110312,0.28169176
6.679451,-5.2137165,1.8431345,-0.23586126,0.29460388
6.685522,-5.2354546,1.8317205,-0.21061938,0.30751604
6.6907005,-5.254849,1.821095,-0.19362985,0.33880314
6.695224,-5.272542,1.8103693,-0.17664033,0.37009028
6.6991315,-5.28854,1.7997208,-0.15965082,0.4013774
6.7024665,-5.3028526,1.7893251,-0.14729972,0.3895577
6.705421,-5.316155,1.7800016,-0.13494863,0.377738
6.708026,-5.328425,1.7717063,-0.122597545,0.3659183
6.7103105,-5.339643,1.7643952,-0.12102804,0.3477239
6.7124996,-5.3508086,1.7575217,-0.11945854,0.32952952
6.7145977,-5.3619156,1.751079,-0.11788904,0.31133512
6.71661,-5.372956,1.7450602,-0.1184524,0.29668018
6.718574,-5.384112,1.7392886,-0.11901576,0.28202528
6.7204914,-5.3953815,1.7337682,-0.11957912,0.26737034
6.7223625,-5.4067616,1.7285029,-0.11894186,0.25188667
6.7241716,-5.4181376,1.7235621,-0.118304595,0.23640299
6.7259216,-5.429505,1.7189442,-0.11766733,0.22091931
6.7276163,-5.44086,1.7146468,-0.11852764,0.20373611
6.7292805,-5.4523478,1.71065,-0.11938796,0.18655293
6.7309155,-5.463965,1.7069594,-0.12024827,0.16936973
6.732525,-5.475708,1.7035812,-0.12101356,0.15221338
6.7341084,-5.487564,1.700523,-0.121778846,0.13505703
6.735669,-5.4995294,1.6977901,-0.12254413,0.117900684
6.7372108,-5.511601,1.6953877,-0.122111104,0.10037603
6.7387204,-5.5236564,1.6933484,-0.121678084,0.08285139
6.740203,-5.5356917,1.6916701,-0.121245064,0.065326735
6.7416615,-5.547702,1.6903509,-0.11912581,0.06404411
6.7430797,-5.559505,1.6890802,-0.11700657,0.062761486
6.7444577,-5.571101,1.6878572,-0.11488733,0.06147886
6.7457967,-5.58249,1.6866807,-0.11727103,0.08855136
6.7471476,-5.5940924,1.6849521,-0.11965473,0.11562386
6.7485013,-5.605901,1.6826515,-0.12203843,0.14269637
6.74985,-5.617905,1.6797589,-0.12930249,0.1713797
6.7512355,-5.6305704,1.6760837,-0.13656653,0.20006305
6.7526417,-5.6438804,1.6715604,-0.1438306,0.22874638
6.754051,-5.657818,1.6661246,-0.15328285,0.2624816
6.7554603,-5.672554,1.6594957,-0.16273512,0.29621682
6.756839,-5.6880574,1.6515785,-0.17218737,0.32995203
6.7581534,-5.704294,1.6422805,-0.18444072,0.36398932
6.759384,-5.721486,1.6313368,-0.19669405,0.39802662
6.7604814,-5.7395844,1.6186304,-0.20894738,0.4320639
6.761389,-5.7585373,1.6040478,-0.21263793,0.3946643
6.762041,-5.778156,1.5904212,-0.21632847,0.35726467
6.762439,-5.7984185,1.5778124,-0.22001903,0.31986502
6.7625856,-5.819304,1.566282,-0.22019637,0.2876731
6.7624903,-5.840419,1.5558696,-0.2203737,0.25548112
6.7621717,-5.861738,1.5465878,-0.22055103,0.22328916
6.7616515,-5.8832397,1.5384481,-0.21442899,0.20063317
6.7609715,-5.9042416,1.5313258,-0.20830695,0.17797716
6.760163,-5.924727,1.5251794,-0.20218492,0.15532117
