6.9910684,9.753731,-2.868636,0.7071347,0.0
6.922973,9.734668,-2.868636,0.523,-0.09969733
6.8728595,9.720638,-2.8773117,0.49820283,-0.19939466
6.8257217,9.707883,-2.8937588,0.4734057,-0.299092
6.781865,9.696785,-2.9170072,0.49418113,-0.3
6.73584,9.686272,-2.9413474,0.51495653,-0.3
6.687627,9.676486,-2.9667106,0.523,-0.3
6.638425,9.667792,-2.99247,0.523,-0.3
6.5890155,9.660369,-3.0182297,0.523,-0.3
6.539431,9.654222,-3.0439892,0.523,-0.3
6.4897046,9.649352,-3.0697486,0.523,-0.3
6.4398694,9.645765,-3.095508,0.523,-0.3
6.3899584,9.643464,-3.1212678,0.523,-0.3
6.340005,9.642448,3.1361582,0.523,-0.3
6.2900414,9.64272,3.1103985,0.523,-0.3
6.240102,9.644279,3.084639,0.523,-0.3
6.1902184,9.647122,3.0588796,0.523,-0.20003524
6.139137,9.651358,3.0415592,0.523,-0.10007048
6.0873585,9.656554,3.032851,0.523,-0.0001057148
6.0353675,9.6622305,3.0328417,0.523,0.09979768
5.983635,9.667878,3.0415263,0.523,0.19970107
5.932631,9.672999,3.058818,0.523,0.29960448
5.8828316,9.677131,3.0845447,0.523,0.39939195
5.8347263,9.679878,3.1184402,0.523,0.49917942
5.7888203,9.680942,-3.123018,0.523,0.5989669
5.745632,9.680139,-3.0738742,0.523,0.49900544
5.6998153,9.6770315,-3.0321605,0.523,0.39904395
5.651912,9.671768,-2.998293,0.523,0.29908246
5.6024466,9.664631,-2.9726098,0.523,0.19985871
5.5519176,9.656011,-2.9553046,0.523,0.100634955
5.5007825,9.646373,-2.9465473,0.523,0.0014111996
5.4494743,9.636236,-2.9464245,0.523,-0.07377474
5.398307,9.6261215,-2.9528491,0.523,-0.14896068
5.3475046,9.616417,-2.9657857,0.523,-0.22414663
5.297299,9.607498,-2.9851606,0.523,-0.15767662
5.2462783,9.599452,-2.998848,0.523,-0.091206625
5.1947255,9.592042,-3.006787,0.523,-0.024736619
5.1429157,9.585015,-3.008943,0.523,-0.017677164
5.091083,9.578099,-3.0104837,0.523,-0.010617709
5.039235,9.571262,-3.0114093,0.523,-0.0035582543
4.987378,9.564473,-3.0117195,0.523,0.022255301
4.935531,9.557701,-3.0097797,0.523,0.04806886
4.8837447,9.550836,-3.0055914,0.523,0.073882416
4.832069,9.543764,-2.999157,0.523,0.07976967
4.780463,9.536364,-2.992211,0.523,0.085656926
4.7289352,9.528608,-2.9847538,0.523,0.09154419
4.6774936,9.5204735,-2.9767854,0.523,0.108647645
4.6262064,9.511944,-2.9673336,0.523,0.12575111
4.575105,9.502947,-2.956401,0.523,0.14285456
4.5242233,9.493415,-2.9439912,0.523,0.14785749
4.4735003,9.48326,-2.93115,0.523,0.15286042
4.4229507,9.472462,-2.9178774,0.523,0.15786335
4.372588,9.461003,-2.904174,0.523,0.17642383
4.322544,9.448894,-2.8888755,0.523,0.19498433
4.2728653,9.436065,-2.8719869,0.523,0.21354482
4.2235994,9.422451,-2.853514,0.523,0.21757221
4.174637,9.407942,-2.8346982,0.523,0.22159961
4.1259995,9.392529,-2.8155398,0.523,0.22562699
4.0777106,9.376202,-2.796039,0.523,0.23298986
4.029832,9.358965,-2.7759135,0.523,0.24035272
3.982394,9.340801,-2.755164,0.523,0.24771559
3.9354293,9.3216915,-2.7337914,0.523,0.24189372
3.8888159,9.301554,-2.7129114,0.523,0.23607185
3.8425677,9.280417,-2.6925244,0.523,0.23024997
3.7966964,9.258311,-2.672631,0.523,0.22838543
3.7512543,9.235288,-2.6528962,0.523,0.2265209
3.706256,9.211361,-2.6333196,0.523,0.22465636
3.6617155,9.186548,-2.6139014,0.523,0.22111902
3.61763,9.160854,-2.5947838,0.523,0.21758167
3.5740092,9.134301,-2.575967,0.523,0.21404433
3.5308623,9.106911,-2.5574517,0.523,0.22347365
3.4883192,9.078786,-2.538134,0.523,0.23290296
3.4464192,9.049907,-2.5180156,0.523,0.24233228
3.4052029,9.020259,-2.4970984,0.523,0.24964972
3.3646903,8.989812,-2.4755628,0.523,0.25696716
3.324918,8.958558,-2.4534094,0.523,0.2642846
3.285924,8.926495,-2.43064,0.523,0.27607045
3.2477949,8.893658,-2.4068804,0.523,0.28785625
3.2105837,8.86004,-2.382134,0.523,0.29964206
3.1743453,8.825634,-2.3564043,0.523,0.30584133
3.1390724,8.790376,-2.3301587,0.523,0.3120406
3.1048048,8.754276,-2.3033984,0.523,0.31823987
3.0715826,8.717346,-2.2761245,0.523,0.32314047
3.039432,8.679586,-2.248445,0.523,0.3280411
3.0083904,8.641015,-2.2203608,0.523,0.33294174
2.9784946,8.601653,-2.1918726,0.523,0.33391953
2.9497416,8.561469,-2.1633039,0.523,0.3348973
2.9221578,8.520494,-2.1346545,0.523,0.3358751
2.8957677,8.478761,-2.1059248,0.523,0.33036307
2.8705394,8.436205,-2.077649,0.523,0.324851
2.8464794,8.392872,-2.0498283,0.523,0.31933895
2.823592,8.348804,-2.0224633,0.523,0.31621772
2.8018966,8.304083,-1.9953568,0.523,0.31309646
2.7814007,8.258742,-1.968509,0.523,0.30997524
2.7621098,8.212823,-1.94192,0.523,0.30505273
2.744018,8.166333,-1.9157401,0.523,0.30013025
2.7271237,8.119314,-1.8899697,0.523,0.29520777
2.711423,8.071804,-1.8646096,0.523,0.28823808
2.6969013,8.02381,-1.8398312,0.523,0.2812684
2.6835463,7.975373,-1.815636,0.523,0.27429867
2.6713426,7.9265294,-1.7920251,0.523,0.26218528
2.6602588,7.877248,-1.7694322,0.523,0.25007185
2.6502593,7.8275714,-1.7478607,0.523,0.23795843
2.6413066,7.7775397,-1.7273139,0.523,0.24285896
2.6333935,7.727395,-1.7063521,0.523,0.24775949
2.6265414,7.677157,-1.6849761,0.523,0.25266
2.620772,7.6268473,-1.6631861,0.523,0.2508989
2.616098,7.5764008,-1.6415448,0.523,0.24913779
2.612515,7.5258427,-1.6200522,0.523,0.24737668
2.6100183,7.475196,-1.5987085,0.523,0.24796347
2.6086032,7.4245152,-1.5773152,0.523,0.24855025
2.6082728,7.3738236,-1.5558722,0.523,0.24913704
2.6090293,7.323144,-1.5343797,0.523,0.2457675
2.6108763,7.2724495,-1.513172,0.523,0.24239796
2.6138003,7.2217627,-1.4922494,0.523,0.23902844
2.6177874,7.1711063,-1.4716119,0.523,0.2342947
2.6228247,7.1204853,-1.4513755,0.523,0.22956096
2.6288922,7.06992,-1.4315407,0.523,0.22482722
2.635969,7.0194297,-1.412108,0.523,0.22108798
2.6440325,6.9690437,-1.3929931,0.523,0.21734874
2.653065,6.9187794,-1.3741963,0.523,0.2136095
2.6630487,6.868653,-1.355718,0.523,0.20795909
2.6739705,6.8186584,-1.3377212,0.523,0.20230868
2.685804,6.7688103,-1.3202068,0.523,0.19665828
2.698523,6.7191205,-1.303175,0.523,0.19194108
2.712099,6.6696086,-1.2865466,0.523,0.1872239
2.7265096,6.6202846,-1.2703221,0.523,0.18250671
2.741732,6.5711575,-1.2545018,0.523,0.17552751
2.7577498,6.522216,-1.2392801,0.523,0.1685483
2.774531,6.473464,-1.2246578,0.523,0.1615691
2.7920437,6.4249067,-1.2106355,0.523,0.15758237
2.810247,6.376569,-1.1969564,0.523,0.15359563
2.8291218,6.328454,-1.1836206,0.523,0.1496089
2.8486483,6.2805667,-1.1706282,0.523,0.14690427
2.8688035,6.2329173,-1.1578691,0.523,0.14419964
2.8895733,6.18551,-1.1453432,0.523,0.14149502
2.9109435,6.1383486,-1.1330507,0.523,0.13900244
2.9328997,6.091437,-1.1209732,0.523,0.13650987
2.9554284,6.044778,-1.1091111,0.523,0.13401729
2.978517,5.9983735,-1.0974642,0.523,0.13057727
3.0021553,5.95222,-1.0861145,0.523,0.12713724
3.0263264,5.906317,-1.0750622,0.523,0.12369722
3.0510144,5.8606644,-1.0643073,0.523,0.11988549
3.0762036,5.815259,-1.0538824,0.523,0.116073765
3.1018763,5.7700977,-1.0437874,0.523,0.11226203
3.128015,5.7251787,-1.0340223,0.523,0.10532381
3.1546113,5.680483,-1.0248586,0.523,0.09838557
3.1816351,5.6360016,-1.0162965,0.523,0.09144734
3.2090569,5.591724,-1.0083364,0.523,0.08598375
3.2368438,5.547644,-1.0008508,0.523,0.08052017
3.2649727,5.5037537,-0.9938396,0.523,0.075056575
3.2934208,5.4600434,-0.9873034,0.523,0.06703381
3.3221705,5.416495,-0.9814646,0.523,0.059011053
3.3511884,5.3730927,-0.9763238,0.523,0.050988294
3.3804421,5.3298216,-0.9718813,0.523,0.04148267
3.4099007,5.2866616,-0.96826637,0.523,0.031977046
3.4395256,5.243593,-0.96547955,0.523,0.022471422
3.4692779,5.200597,-0.96352094,0.523,0.010760754
3.4991202,5.15765,-0.96258295,0.523,-0.0009499133
3.5290046,5.114729,-0.9626658,0.523,-0.012660581
3.558883,5.0718093,-0.9637693,0.523,-0.021870632
3.588709,5.028863,-0.9656756,0.523,-0.031080682
3.6184464,4.9858704,-0.9683843,0.523,-0.040290732
3.648057,4.9428115,-0.9718954,0.523,-0.043111365
3.677513,4.8996544,-0.9756521,0.523,-0.045932002
3.7068028,4.856392,-0.97965443,0.523,-0.048752636
3.7359157,4.813019,-0.98390234,0.523,-0.04819887
3.7648444,4.7695208,-0.9881021,0.523,-0.04764511
3.7935913,4.7259007,-0.99225354,0.523,-0.047091346
3.8221574,4.682161,-0.99635684,0.50582856,-0.06511548
3.849584,4.6397867,-1.0018425,0.48865712,-0.08313961
3.8758197,4.598761,-1.0086058,0.47148564,-0.10116375
3.900823,4.559073,-1.0165418,0.45444268,-0.117433645
3.9245763,4.520698,-1.0254159,0.4373997,-0.13370353
3.9470634,4.4836373,-1.0351338,0.4203567,-0.14997342
3.9682782,4.4478955,-1.0456015,0.4051535,-0.17477159
3.9882824,4.4133744,-1.0573431,0.38995034,-0.19956975
4.007056,4.380082,-1.0702276,0.37474716,-0.22436792
4.0245905,4.348029,-1.0841238,0.35955966,-0.21168537
4.041031,4.316957,-1.0967149,0.34437215,-0.19900285
4.0564423,4.2869225,-1.1080614,0.32918468,-0.1863203
4.0708823,4.257976,-1.1182247,0.31879687,-0.13770092
4.084691,4.229577,-1.1255181,0.3084091,-0.08908153
4.097922,4.2018538,-1.130091,0.29802132,-0.040462144
4.1106243,4.174921,-1.1321001,0.2927587,-0.032541998
4.123053,4.148432,-1.1336877,0.28749606,-0.02462185
4.1352196,4.122393,-1.1348673,0.28223342,-0.016701704
4.1471353,4.0968127,-1.135653,0.27553827,0.022270912
4.158747,4.0718327,-1.1346303,0.2688431,0.061243527
4.170084,4.047511,-1.1318879,0.26214796,0.10021614
