8.092039,-0.29069772,1.1046177,0.3444203,0.0
8.10752,-0.2599309,1.1046177,0.37320146,-0.09990515
8.12421,-0.22675934,1.098414,0.40198258,-0.1998103
8.142138,-0.19167551,1.0851161,0.43076372,-0.29971546
8.161349,-0.15527885,1.0639191,0.46045968,-0.3
8.182704,-0.11682048,1.04124,0.4901556,-0.3
8.206358,-0.076407865,1.0170981,0.51985157,-0.3
8.232473,-0.034164965,0.9914937,0.523,-0.3
8.259826,0.007647223,0.9657342,0.523,-0.3
8.288246,0.04874103,0.93997467,0.523,-0.3
8.317715,0.0890892,0.91421515,0.523,-0.3
8.348213,0.12866494,0.8884556,0.523,-0.3
8.379722,0.16744202,0.8626961,0.523,-0.3
8.412218,0.2053947,0.8369366,0.523,-0.3
8.445681,0.24249779,0.8111771,0.523,-0.3
8.480088,0.27872667,0.78541756,0.523,-0.3
8.515418,0.3140573,0.7596581,0.523,-0.3
8.551645,0.34846625,0.7338986,0.523,-0.3
8.588747,0.38193068,0.70813906,0.523,-0.3
8.6266985,0.4144284,0.68237954,0.523,-0.3
8.665474,0.44593784,0.65662,0.523,-0.3
8.705049,0.47643808,0.6308605,0.523,-0.3
8.745396,0.5059089,0.605101,0.523,-0.29991677
8.7864895,0.5343315,0.57934844,0.523,-0.29983357
8.828302,0.5616872,0.55360276,0.523,-0.29975033
8.870808,0.5879581,0.52786404,0.523,-0.21808498
8.914918,0.6136771,0.50900465,0.523,-0.13641962
8.960164,0.6389265,0.49715024,0.523,-0.054754257
9.006063,0.6638322,0.49237987,0.523,0.020957936
9.052141,0.68855023,0.49420658,0.523,0.09667013
9.097968,0.71324205,0.50261986,0.523,0.17238232
9.143121,0.73806274,0.51757157,0.523,0.24944264
9.187163,0.7631384,0.53908986,0.523,0.32650295
9.229675,0.7885685,0.56704706,0.523,0.40356326
9.270246,0.8144043,0.60127723,0.523,0.4218023
9.309593,0.8413971,0.6369637,0.523,0.44004133
9.347632,0.8695396,0.67409474,0.523,0.45828038
9.384276,0.8988162,0.7126578,0.523,0.4437157
9.420016,0.929701,0.7500783,0.523,0.429151
9.454811,0.96212065,0.7863483,0.523,0.4145863
9.488627,0.99600154,0.82146,0.523,0.4226552
9.521116,1.030923,0.85721433,0.523,0.4307241
9.552223,1.0668515,0.8936089,0.523,0.438793
9.581889,1.1037496,0.9306414,0.523,0.43249047
9.610253,1.1418322,0.9671759,0.523,0.42618793
9.637284,1.1810385,1.0032108,0.523,0.4198854
9.662958,1.2213073,1.0387448,0.523,0.41777942
9.687208,1.2625014,1.0741111,0.523,0.4156734
9.710008,1.3045664,1.1093096,0.523,0.41356742
9.731333,1.3474473,1.1443399,0.523,0.41627944
9.751119,1.3909967,1.1795868,0.523,0.41899145
9.769336,1.4351633,1.2150495,0.523,0.42170346
9.785955,1.4798936,1.2507281,0.523,0.4296034
9.800916,1.5250264,1.287034,0.523,0.4375033
9.814179,1.5705059,1.3239647,0.523,0.44540325
9.825711,1.6162728,1.361518,0.523,0.4440608
9.835523,1.66247,1.3989657,0.523,0.44271836
9.843603,1.7090318,1.4363077,0.523,0.44137594
9.849943,1.7558926,1.4735439,0.523,0.44219464
9.854533,1.8029388,1.5108446,0.523,0.44301337
9.857365,1.850105,1.5482098,0.523,0.44383207
9.858431,1.8973259,1.5856395,0.523,0.44514045
9.857731,1.944524,1.623172,0.523,0.44644883
9.855261,1.9916332,1.6608076,0.523,0.4477572
9.851024,2.0385866,1.6985459,0.523,0.4436457
9.845005,2.0854387,1.735961,0.523,0.43953416
9.837224,2.1321235,1.773052,0.523,0.43542263
9.827698,2.178577,1.8098183,0.523,0.43674734
9.816478,2.2246203,1.8466892,0.523,0.4380721
9.803576,2.2701905,1.8836648,0.523,0.4393968
9.789008,2.3152246,1.920745,0.523,0.4400297
9.772785,2.3596747,1.9578751,0.523,0.44066262
9.754929,2.4034786,1.9950551,0.523,0.4412955
9.735462,2.4465759,2.032285,0.520105,0.4424008
9.714533,2.488662,2.0693953,0.51721007,0.44350612
9.692193,2.5296915,2.1063852,0.51431507,0.44461143
9.668497,2.5696208,2.1432536,0.5089141,0.43353748
9.643479,2.6084414,2.1788847,0.50351316,0.42246354
9.617243,2.6461334,2.2132921,0.4981122,0.4113896
9.589886,2.6826851,2.24649,0.49028724,0.40762335
9.561734,2.7178066,2.278884,0.48246232,0.4038571
9.53288,2.7515063,2.3104827,0.4746374,0.40009087
9.503413,2.783798,2.3412948,0.4627266,0.39069003
9.473614,2.8144996,2.3706646,0.4508158,0.38128915
9.4436,2.8436565,2.398624,0.438905,0.37188828
9.413486,2.8713179,2.425205,0.43297285,0.37317482
9.38308,2.8977928,2.4515135,0.4270407,0.37446135
9.352428,2.9230945,2.4775467,0.42110854,0.37574786
9.321579,2.947237,2.5033023,0.40515187,0.35800517
9.291104,2.9698462,2.5269637,0.38919523,0.34026247
9.26113,2.9910028,2.5486116,0.37323856,0.32251978
9.231774,3.0107853,2.5683284,0.35723752,0.31779012
9.203264,3.0291908,2.5869327,0.3412365,0.31306046
9.175666,3.0462887,2.6044478,0.32523546,0.30833077
9.149041,3.0621457,2.6208975,0.31088978,0.28619334
9.123169,3.076983,2.635525,0.29654408,0.2640559
9.09813,3.0908594,2.6484246,0.28219837,0.24191846
9.0739975,3.10383,2.659692,0.2668074,0.24272576
9.051048,3.1158333,2.6703799,0.25141644,0.24353306
9.029307,3.12691,2.680484,0.2360255,0.24434036
9.008798,3.1370997,2.6900005,0.21976803,0.23480868
8.989567,3.1464272,2.6985223,0.20351055,0.225277
8.971645,3.1549315,2.7060988,0.18725307,0.21574533
8.955061,3.1626477,2.71278,0.17360225,0.19916582
8.939585,3.1697233,2.7185044,0.15995143,0.18258633
8.925242,3.1761816,2.723345,0.1463006,0.16600683
8.912057,3.182042,2.7273743,0.133836,0.15313476
8.899949,3.1873655,2.7307768,0.1213714,0.1402627
8.888931,3.192165,2.7336047,0.1089068,0.12739062
8.879015,3.196451,2.735911,0.103993446,0.095297694
8.869503,3.2005363,2.73756,0.099080086,0.063204765
8.860412,3.2044237,2.738603,0.09416673,0.031111836
8.851753,3.2081149,2.7390912,0.08822819,0.0040289937
8.843636,3.211571,2.7391505,0.08228965,-0.02305385
8.836066,3.214793,2.7388344,0.07635111,-0.050136693
8.829051,3.217782,2.7381966,0.0746454,-0.07543267
8.822205,3.2207038,2.7372591,0.072939694,-0.10072866
8.815533,3.2235587,2.7360365,0.07123398,-0.12602465
8.809039,3.2263467,2.7345443,0.063255355,-0.13619791
8.803285,3.228828,2.7331128,0.05527673,-0.14637117
8.798265,3.2310002,2.7317693,0.0472981,-0.15654443
8.793981,3.2328615,2.7305403,0.051929675,-0.15543187
8.789278,3.2349117,2.7292004,0.05656125,-0.15431929
8.784157,3.2371516,2.7277515,0.06119282,-0.15320672
8.77862,3.2395835,2.7261949,0.055672523,-0.149513
8.773583,3.241805,2.7248127,0.05015222,-0.14581928
8.769046,3.243814,2.7235982,0.04463192,-0.14212555
8.765008,3.2456074,2.7225447,0.050010327,-0.13591379
8.760482,3.2476234,2.7214153,0.055388737,-0.12970202
8.755467,3.2498639,2.7202213,0.060767144,-0.123490244
8.749965,3.2523305,2.7189739,0.05471438,-0.118826516
8.745009,3.2545588,2.7178926,0.04866162,-0.11416279
8.7406025,3.2565463,2.7169688,0.042608857,-0.10949905
8.736743,3.2582912,2.7161927,0.048720956,-0.103057966
8.732329,3.260291,2.7153573,0.05483305,-0.09661687
8.72736,3.2625477,2.7144759,0.060945146,-0.09017578
8.721835,3.265062,2.713561,0.054484114,-0.085259706
8.716896,3.2673154,2.7127879,0.04802308,-0.080343634
8.712543,3.2693057,2.7121456,0.041562047,-0.07542756
8.708775,3.2710311,2.7116234,0.048322693,-0.071248636
8.704393,3.2730405,2.71105,0.05508334,-0.0670697
8.699399,3.2753344,2.710435,0.061843988,-0.062890776
8.693791,3.2779138,2.7097871,0.054215573,-0.056183405
8.688875,3.2801793,2.7092795,0.04658716,-0.049476035
8.68465,3.2821286,2.7088957,0.038958747,-0.042768665
8.681117,3.2837608,2.708618,0.047156494,-0.037765533
8.67684,3.285738,2.7083213,0.05535424,-0.0327624
8.671819,3.2880607,2.708019,0.063551985,-0.027759273
8.666054,3.2907295,2.707725,0.054785334,-0.020218855
8.661083,3.2930322,2.7075405,0.04601868,-0.012678439
8.656909,3.2949674,2.7074432,0.037252028,-0.005138022
8.653529,3.2965343,2.7074113,0.04595929,-0.0015663088
8.64936,3.2984676,2.7073994,0.054666556,0.0020054043
8.644401,3.3007674,2.7074177,0.06337383,0.005577117
8.638651,3.3034332,2.7074766,0.05431542,0.013708621
8.633723,3.3057175,2.7076006,0.045257024,0.021840125
8.629619,3.30762,2.7077653,0.036198623,0.02997163
8.626335,3.309141,2.707946,0.044091165,0.032447785
8.622336,3.3109927,2.7081845,0.051983703,0.03492394
8.617621,3.3131745,2.708487,0.05987624,0.037400097
8.612191,3.3156857,2.7088602,0.05211986,0.045744557
8.607464,3.3178692,2.7092574,0.044363476,0.054089017
8.603442,3.319725,2.7096572,0.03660709,0.062433474
8.600123,3.3212547,2.710038,0.042816527,0.06660885
8.596244,3.3230417,2.7105129,0.04902596,0.070784226
8.591801,3.3250852,2.7110908,0.055235397,0.074959606
8.586795,3.3273838,2.71178,0.049483754,0.081109434
8.582312,3.329439,2.7124484,0.04373211,0.08725926
8.57835,3.3312516,2.7130835,0.037980467,0.09340909
8.57491,3.3328228,2.713674,0.041419916,0.098992
8.57116,3.3345335,2.7143562,0.04485937,0.104574904
8.5671,3.336382,2.7151368,0.048298817,0.1101578
8.562729,3.3383677,2.7160215,0.045875676,0.11658497
8.558579,3.3402488,2.716911,0.04345253,0.12301214
8.55465,3.3420258,2.7177997,0.041029386,0.12943931
8.550941,3.3436987,2.7186823,0.044645056,0.13030726
8.546905,3.3455155,2.719649,0.048260722,0.13117519
8.54254,3.347475,2.7207012,0.051876392,0.13204312
8.537846,3.349576,2.7218397,0.049729433,0.14003193
8.533349,3.3515828,2.7229965,0.047582477,0.14802073
8.529049,3.3534958,2.724166,0.04543552,0.15600953
