9.410485,-0.23252948,1.6790162,-0.124121554,0.0
9.411825,-0.24486902,1.6790162,-0.09529384,-0.09741486
9.41285,-0.25429773,1.680561,-0.06646612,-0.19482972
9.413565,-0.26077935,1.6827056,-0.037638403,-0.29224458
9.413967,-0.26436105,1.6845129,-0.007901974,-0.3
9.414052,-0.2651111,1.6849021,0.021834455,-0.3
9.413815,-0.26303872,1.6838267,0.051570885,-0.3
9.4132595,-0.25814342,1.6812866,0.08149323,-0.3
9.412401,-0.25040555,1.6772728,0.11141557,-0.3
9.411269,-0.23982188,1.6717852,0.14133792,-0.3
9.409908,-0.22638816,1.6648239,0.17129108,-0.3
9.408372,-0.21009637,1.6563872,0.20124425,-0.3
9.406729,-0.19094115,1.6464752,0.23119742,-0.3
9.405059,-0.16891725,1.635088,0.26109496,-0.3
9.403456,-0.14402543,1.6222281,0.2909925,-0.3
9.402027,-0.11626261,1.6078959,0.32089004,-0.3
9.400889,-0.085627906,1.5920908,0.35073173,-0.3
9.400176,-0.05212882,1.5748162,0.38057342,-0.3
9.40003,-0.015771547,1.5560716,0.41041508,-0.3
9.400607,0.023432653,1.5358573,0.43942213,-0.3
9.402074,0.06538663,1.5142143,0.46842915,-0.3
9.404605,0.11006576,1.4911426,0.49743617,-0.3
9.408386,0.15743698,1.4666421,0.523,-0.3
9.413581,0.20713031,1.4408827,0.523,-0.3
9.4200535,0.25667337,1.4151231,0.523,-0.3
9.4278,0.30603328,1.3893636,0.523,-0.3
9.436815,0.35517725,1.3636042,0.523,-0.3
9.447094,0.40407276,1.3378446,0.523,-0.3
9.458628,0.4526873,1.3120852,0.523,-0.3
9.471411,0.5009886,1.2863256,0.523,-0.3
9.485433,0.54894465,1.2605661,0.523,-0.3
9.500686,0.59652364,1.2348065,0.523,-0.3
9.517159,0.643694,1.2090471,0.523,-0.3
9.534842,0.6904243,1.1832876,0.523,-0.3
9.553722,0.7366838,1.157528,0.523,-0.22337559
9.574204,0.7833908,1.1382186,0.523,-0.14675117
9.595894,0.830363,1.1254727,0.523,-0.07012675
9.618366,0.87744623,1.119365,0.523,0.01736908
9.641179,0.9244999,1.1208789,0.523,0.10486491
9.663799,0.9713365,1.130003,0.523,0.19236073
9.685701,1.0177648,1.1466671,0.523,0.28944248
9.706329,1.0634482,1.1715461,0.523,0.3865242
9.72516,1.1080799,1.2044054,0.523,0.48360592
9.741748,1.1513091,1.2449358,0.51051295,0.5786318
9.75543,1.1918007,1.2914672,0.4980259,0.6736577
9.766162,1.229215,1.3432493,0.4855388,0.7686836
9.7740345,1.2632171,1.3995062,0.47869197,0.84530336
9.7794485,1.2945137,1.4591969,0.47184512,0.92192304
9.782624,1.3228495,1.5218552,0.46499828,0.9985428
9.783856,1.3480003,1.5870079,0.44428393,0.99457735
9.7834635,1.3722042,1.6490988,0.42356956,0.9906119
9.781648,1.3953522,1.7081416,0.40285522,0.9866464
9.778605,1.4173601,1.7641506,0.38254076,0.99412477
9.774598,1.4378289,1.8175968,0.36222634,1.0
9.769816,1.4568071,1.8683972,0.3419119,1.0
9.7644,1.4744686,1.9163488,0.3237678,0.996328
9.75844,1.4910219,1.9616483,0.3056237,0.992656
9.752078,1.5064636,2.0043073,0.2874796,0.988984
9.745441,1.5208004,2.0443373,0.2644271,0.99445623
9.73887,1.5336249,2.0812893,0.24137463,0.9999284
9.732497,1.545005,2.1151395,0.21832213,1.0
9.726388,1.555096,2.145758,0.199365,1.0
9.7205305,1.5641358,2.173718,0.18040788,1.0
9.715003,1.5721647,2.1990194,0.16145076,1.0
9.709877,1.5792223,2.221662,0.15228212,0.9727788
9.704682,1.5860431,2.2426376,0.14311348,0.94555753
9.699469,1.592599,2.2619777,0.13394482,0.9183363
9.694284,1.598865,2.2797163,0.12297367,0.88280225
9.689201,1.6047924,2.2955496,0.112002514,0.8472682
9.684285,1.6103436,2.30954,0.10103136,0.8117342
9.679603,1.6154844,2.3217561,0.092516616,0.7628242
9.675039,1.6203735,2.3324103,0.08400188,0.7139142
9.670658,1.6249683,2.3415778,0.07548713,0.6650042
9.66652,1.6292295,2.3493412,0.07092067,0.6342587
9.662508,1.6332967,2.3563454,0.06635421,0.6035132
9.658645,1.6371592,2.362622,0.06178775,0.5727676
9.654949,1.6408073,2.368203,0.060934596,0.55088294
9.651234,1.6444342,2.373519,0.060081437,0.5289982
9.647503,1.6480379,2.3785725,0.059228282,0.50711346
9.643762,1.651616,2.3833666,0.05866835,0.48468795
9.639992,1.6551856,2.3879225,0.058108415,0.46226245
9.6362,1.6587447,2.3922417,0.057548482,0.43983695
9.632387,1.6622916,2.3963256,0.056689348,0.4123529
9.628571,1.6658139,2.4001122,0.055830218,0.38486883
9.624755,1.6693087,2.4036057,0.054971088,0.35738477
9.620945,1.6727735,2.4068105,0.053870246,0.3384863
9.617174,1.6761801,2.409792,0.0527694,0.31958786
9.613447,1.6795278,2.4125552,0.05166856,0.3006894
9.609767,1.6828152,2.4151056,0.05090688,0.28988913
9.60612,1.6860555,2.417531,0.0501452,0.27908885
9.602509,1.6892488,2.4198332,0.049383525,0.26828858
9.598934,1.6923949,2.422015,0.04849009,0.25975254
9.59541,1.6954836,2.4240906,0.04759665,0.25121653
9.591936,1.6985148,2.4260626,0.04670321,0.24268052
9.588514,1.7014889,2.4279332,0.046066273,0.23430483
9.585128,1.704422,2.4297156,0.045429338,0.22592914
9.581776,1.7073143,2.4314117,0.0447924,0.21755344
9.578459,1.7101657,2.4330232,0.043921523,0.21002343
9.575197,1.7129611,2.4345493,0.043050643,0.20249341
9.571991,1.7157005,2.4359922,0.042179767,0.1949634
9.568841,1.718384,2.4373543,0.04155759,0.18718047
9.565729,1.7210276,2.4386432,0.04093542,0.17939755
9.562656,1.7236315,2.4398606,0.040313244,0.17161465
9.559623,1.7261957,2.4410079,0.039637923,0.16647492
9.556634,1.7287157,2.4421027,0.038962603,0.1613352
9.553692,1.7311916,2.4431458,0.038287282,0.15619548
9.550796,1.7336236,2.4441385,0.038472213,0.16083264
9.547885,1.7360626,2.4451652,0.038657147,0.16546983
9.544959,1.7385086,2.4462266,0.03884208,0.17010699
9.54202,1.7409612,2.4473224,0.038549654,0.18052766
9.539105,1.7433876,2.448476,0.03825723,0.19094832
9.536216,1.7457875,2.449686,0.037964802,0.20136899
9.533352,1.7481608,2.4509518,0.03829718,0.21326314
9.530467,1.7505451,2.4523027,0.038629554,0.22515728
9.527561,1.7529399,2.4537401,0.038961932,0.23705143
9.524634,1.7553444,2.455265,0.03922114,0.2541273
9.521698,1.75775,2.4569085,0.039480347,0.27120316
9.518752,1.7601556,2.458671,0.039739557,0.28827903
9.515797,1.7625599,2.4605541,0.041112848,0.30561092
9.51275,1.7650285,2.4626157,0.04248614,0.32294282
9.509615,1.7675587,2.464863,0.04385943,0.3402747
9.506392,1.7701478,2.4673026,0.050652545,0.36084655
9.502689,1.7731066,2.4702833,0.057445657,0.3814184
9.498514,1.7764231,2.4738472,0.06423877,0.40199026
9.493873,1.7800838,2.4780362,0.06574942,0.43657735
9.489179,1.7837535,2.4826696,0.06726008,0.47116446
9.48444,1.7874229,2.4877582,0.06877074,0.50575155
9.479665,1.7910821,2.493311,0.068401285,0.5245678
9.474945,1.794657,2.4990206,0.06803183,0.543384
9.4702835,1.7981466,2.504883,0.06766238,0.56220025
9.46568,1.8015504,2.5108943,0.06803433,0.571292
9.461059,1.8049253,2.5170257,0.06840627,0.5803837
9.456418,1.8082703,2.5232773,0.06877822,0.5894754
