-9.300003,-4.710698,-0.26889423,0.32554534,0.0
-9.268618,-4.719347,-0.26889423,0.3463062,-0.09955206
-9.235397,-4.728502,-0.27463064,0.36706704,-0.19910412
-9.200764,-4.7382593,-0.2867311,0.38782787,-0.29865617
-9.165212,-4.7487426,-0.30574992,0.40883288,-0.3
-9.127965,-4.760499,-0.3258863,0.42983785,-0.3
-9.089063,-4.7736454,-0.34705728,0.45084286,-0.3
-9.04856,-4.7882953,-0.36926278,0.46875688,-0.3
-9.006797,-4.804458,-0.39235064,0.48667088,-0.3
-8.963836,-4.8222356,-0.41632083,0.5045849,-0.3
-8.919748,-4.8417296,-0.44117334,0.5168992,-0.3
-8.875095,-4.8628154,-0.46663237,0.523,-0.3
-8.830473,-4.8852935,-0.49239188,0.523,-0.3
-8.786445,-4.908913,-0.5181514,0.523,-0.3
-8.743039,-4.933659,-0.5439109,0.523,-0.3
-8.700285,-4.9595146,-0.56967044,0.523,-0.3
-8.658212,-4.986463,-0.5954299,0.523,-0.3
-8.616846,-5.0144863,-0.6211894,0.523,-0.3
-8.576216,-5.0435658,-0.64694893,0.523,-0.3
-8.536348,-5.073682,-0.67270845,0.523,-0.3
-8.49727,-5.1048145,-0.69846797,0.523,-0.3
-8.459005,-5.136944,-0.7242275,0.523,-0.3
-8.421581,-5.1700478,-0.749987,0.523,-0.3
-8.385023,-5.204105,-0.7757465,0.523,-0.3
-8.349354,-5.2390924,-0.80150604,0.523,-0.3
-8.314597,-5.2749867,-0.8272655,0.523,-0.26343304
-8.280417,-5.3121557,-0.8499634,0.523,-0.22686605
-8.246783,-5.3504395,-0.8695694,0.523,-0.19029908
-8.213651,-5.389678,-0.8860572,0.523,-0.16392772
-8.181016,-5.4296455,-0.9002823,0.523,-0.13755636
-8.148825,-5.470236,-0.9122349,0.523,-0.111185
-8.117016,-5.511343,-0.92190653,0.523,-0.09412192
-8.08555,-5.552829,-0.9300987,0.523,-0.07705884
-8.05438,-5.594632,-0.93680906,0.523,-0.05999576
-8.023456,-5.636693,-0.94203556,0.523,-0.038291205
-7.992718,-5.6789603,-0.94537246,0.523,-0.01658665
-7.962104,-5.721355,-0.9468182,0.523,0.0051179053
-7.931547,-5.7637987,-0.9463721,0.523,0.02847619
-7.9009833,-5.8062124,-0.9438902,0.523,0.051834475
-7.870343,-5.8485107,-0.939374,0.523,0.075192764
-7.839558,-5.8906074,-0.93282586,0.523,0.07688961
-7.808502,-5.932496,-0.9261303,0.523,0.07858646
-7.77717,-5.9741707,-0.9192872,0.523,0.08028331
-7.7455583,-6.015624,-0.9122967,0.523,0.09528881
-7.7137,-6.056801,-0.90400326,0.523,0.11029432
-7.68155,-6.097649,-0.89440876,0.523,0.12529983
-7.6490684,-6.138115,-0.88351536,0.523,0.1271715
-7.616155,-6.178215,-0.87246007,0.523,0.12904319
-7.5828085,-6.2179394,-0.861243,0.523,0.13091487
-7.549027,-6.257277,-0.8498641,0.523,0.14608893
-7.514872,-6.296146,-0.8371753,0.523,0.16126297
-7.4803085,-6.334488,-0.8231794,0.523,0.17643704
-7.445302,-6.372245,-0.8078796,0.523,0.20258883
-7.4099,-6.4092755,-0.7903412,0.523,0.2287406
-7.37406,-6.4454713,-0.77057606,0.523,0.2548924
-7.337747,-6.480724,-0.74859774,0.523,0.25485212
-7.3006673,-6.51517,-0.7266228,0.523,0.25481182
-7.2628393,-6.548794,-0.7046513,0.523,0.25477153
-7.2242813,-6.5815783,-0.68268317,0.523,0.27622515
-7.1852407,-6.6133227,-0.6589106,0.523,0.29767877
-7.145708,-6.643935,-0.6333445,0.523,0.3191324
-7.10568,-6.6733255,-0.60599655,0.523,0.32285067
-7.0649137,-6.7015758,-0.57834107,0.523,0.32656893
-7.023434,-6.728654,-0.5503784,0.523,0.3302872
-6.9812665,-6.754529,-0.522109,0.523,0.34236902
-6.9385657,-6.7790976,-0.49284542,0.523,0.35445082
-6.895354,-6.8023043,-0.462592,0.523,0.36653265
-6.85166,-6.824094,-0.43135318,0.523,0.37210926
-6.8074017,-6.844464,-0.399661,0.523,0.3776859
-6.762619,-6.86338,-0.36751652,0.523,0.38326254
-6.7173524,-6.880808,-0.3349207,0.523,0.37862828
-6.671457,-6.896781,-0.30269986,0.523,0.37399402
-6.6249857,-6.911294,-0.2708547,0.523,0.36935976
-6.577991,-6.924343,-0.23938595,0.523,0.3672542
-6.5305705,-6.935917,-0.2080884,0.523,0.36514866
-6.4827724,-6.946009,-0.17696221,0.523,0.3630431
-6.4346447,-6.954616,-0.14600752,0.523,0.35800368
-6.386182,-6.961743,-0.115463875,0.523,0.35296422
-6.337433,-6.9673967,-0.08533203,0.523,0.3479248
-6.2884455,-6.971587,-0.055612758,0.523,0.34552768
-6.2393126,-6.9743223,-0.02609,0.523,0.34313056
-6.190078,-6.975607,0.0032360745,0.523,0.3407334
-6.140785,-6.9754477,0.032365296,0.523,0.33354813
-6.0913935,-6.9738483,0.060903456,0.523,0.32636285
-6.041946,-6.9708333,0.08884909,0.523,0.31917754
-5.992483,-6.966427,0.116200745,0.523,0.31496894
-5.9430914,-6.9606614,0.14320384,0.523,0.31076032
-5.893806,-6.953555,0.16985789,0.523,0.3065517
-5.844662,-6.9451265,0.19616243,0.523,0.30707288
-5.7957644,-6.9354095,0.22251028,0.523,0.30759403
-5.747148,-6.92441,0.24890143,0.523,0.30811518
-5.698847,-6.9121327,0.27533585,0.523,0.30869767
-5.650896,-6.8985863,0.30181867,0.523,0.30928016
-5.603329,-6.883777,0.32834986,0.523,0.30986267
-5.556181,-6.867715,0.3549294,0.523,0.3074771
-5.509441,-6.850392,0.38131082,0.523,0.30509153
-5.463139,-6.8318276,0.40749398,0.523,0.30270594
-5.4173045,-6.812043,0.43347874,0.523,0.3036233
-5.372013,-6.7910805,0.4595398,0.523,0.3045406
-5.327296,-6.768951,0.48567715,0.523,0.30545795
-5.2831845,-6.745667,0.51189077,0.523,0.2941523
-5.239547,-6.7211494,0.5371629,0.523,0.28284663
-5.1963983,-6.695451,0.5614903,0.523,0.271541
-5.1537504,-6.668624,0.5848698,0.523,0.26970872
-5.1117196,-6.640794,0.6080954,0.523,0.26787645
-5.070326,-6.61198,0.63116705,0.523,0.26604417
-5.0295877,-6.5822043,0.6540846,0.523,0.2573219
-4.9894485,-6.5514307,0.6762678,0.523,0.2485996
-4.949913,-6.5197034,0.6977149,0.523,0.23987731
-4.9109826,-6.4870644,0.71842426,0.523,0.2330094
-4.872673,-6.453571,0.7385516,0.523,0.22614148
-4.834985,-6.419258,0.75809604,0.523,0.21927355
-4.7979164,-6.3841605,0.7770566,0.523,0.21559381
-4.761491,-6.3483377,0.79570395,0.523,0.21191408
-4.725711,-6.3118124,0.81403786,0.523,0.20823434
-4.690579,-6.2746086,0.832058,0.523,0.19909503
-4.6560583,-6.236706,0.84929806,0.523,0.18995571
-4.622135,-6.1981444,0.86575645,0.523,0.1808164
-4.5887938,-6.1589627,0.8814319,0.523,0.16919301
-4.5560036,-6.119182,0.89610964,0.523,0.15756963
-4.523739,-6.0788465,0.90978765,0.523,0.14594625
-4.4919724,-6.0380015,0.9224642,0.523,0.13434714
-4.4606752,-5.996689,0.9341396,0.523,0.12274803
-4.4298167,-5.954952,0.9448123,0.523,0.111148916
-4.399363,-5.91283,0.9544808,0.523,0.097531155
-4.369276,-5.870355,0.9629688,0.523,0.083913386
-4.3395133,-5.827574,0.9702747,0.523,0.07029562
-4.310033,-5.7845306,0.9763971,0.523,0.054303743
-4.2807875,-5.741265,0.9811282,0.523,0.03831186
-4.2517257,-5.697829,0.9844669,0.523,0.022319984
-4.2227945,-5.654275,0.98641235,0.523,0.011882025
-4.1939435,-5.610657,0.98744804,0.523,0.0014440656
-4.165136,-5.5670066,0.9875739,0.523,-0.008993894
-4.1363344,-5.5233536,0.98678994,0.523,-0.023138057
-4.1075053,-5.4797335,0.9847733,0.523,-0.03728222
-4.078601,-5.43619,0.9815242,0.523,-0.05142639
-4.0495734,-5.3927684,0.97704357,0.51140624,-0.074122
-4.02104,-5.3504972,0.9707316,0.4998125,-0.09681761
-3.9929478,-5.3094406,0.9626791,0.48821875,-0.11951323
-3.9652538,-5.269657,0.9529774,0.4691053,-0.11539024
-3.9382613,-5.231673,0.94397575,0.44999185,-0.111267254
-3.912029,-5.195453,0.9356481,0.4308784,-0.107144274
-3.8866117,-5.1609674,0.92796844,0.41271976,-0.13723539
-3.8621035,-5.1282434,0.91855806,0.3945611,-0.16732651
-3.8384893,-5.097325,0.90760595,0.37640247,-0.19741763
-3.8157668,-5.068239,0.89530146,0.3625666,-0.20623755
-3.7935767,-5.040544,0.8829271,0.34873074,-0.21505746
-3.771946,-5.0142217,0.87052375,0.33489487,-0.22387739
-3.7509031,-4.9892526,0.858132,0.32706442,-0.15027423
-3.729759,-4.964785,0.84997123,0.319234,-0.07667108
-3.7087512,-4.9408727,0.8458959,0.31140357,-0.0030679286
-3.6881034,-4.917562,0.8457366,0.30521333,-0.0053935708
-3.6678624,-4.8947186,0.84546226,0.29902312,-0.0077192127
-3.6480265,-4.872344,0.8450776,0.2928329,-0.010044855
