8.092039,-0.29069772,1.1046177,0.3444203,0.0
8.10752,-0.2599309,1.1046177,0.37103602,-0.09985537
8.124114,-0.22695166,1.098453,0.39765176,-0.19971074
8.141847,-0.19224441,1.085305,0.42426747,-0.29956612
8.160763,-0.15639141,1.0644376,0.43602803,-0.3
8.180965,-0.119963124,1.0429618,0.44778857,-0.3
8.202512,-0.083006464,1.0209067,0.45954913,-0.3
8.225454,-0.045576055,0.99827236,0.45722902,-0.3
8.249119,-0.008860791,0.9757523,0.4549089,-0.3
8.273479,0.027128732,0.9533465,0.45258883,-0.3
8.298512,0.062382724,0.931055,0.4451826,-0.3
8.323902,0.096502356,0.90912825,0.4377764,-0.3
8.3496,0.1294989,0.88756627,0.43037015,-0.3
8.375555,0.16138498,0.8663691,0.41703644,-0.3
8.401356,0.19174315,0.84582865,0.4037027,-0.3
8.42693,0.2206115,0.82594496,0.390369,-0.3
8.45221,0.24802916,0.80671793,0.36334682,-0.3
8.476227,0.27309182,0.7888219,0.33632466,-0.3
8.498868,0.29588905,0.7722568,0.30930248,-0.3
8.520035,0.31650683,0.75702256,0.2795381,-0.3
8.539447,0.33484694,0.7432544,0.24977371,-0.3
8.557015,0.35099393,0.7309522,0.22000931,-0.3
8.572664,0.3650253,0.720116,0.19015273,-0.3
8.58632,0.37700525,0.71075034,0.16029616,-0.3
8.597926,0.38699594,0.7028552,0.13043958,-0.3
8.607434,0.39505097,0.6964306,0.100524805,-0.3
8.614801,0.40121144,0.69147944,0.07061003,-0.3
8.619997,0.405513,0.68800163,0.040695265,-0.3
8.623001,0.4079817,0.68599725,0.010748961,-0.3
8.6237955,0.4086322,0.68546784,-0.019197343,-0.3
8.6223755,0.40747118,0.6864134,-0.049143646,-0.3
8.618744,0.40449575,0.6888339,-0.07908289,-0.26825225
8.612857,0.39964873,0.6923273,-0.10902213,-0.23650448
8.604699,0.3928832,0.69658476,-0.13896137,-0.20475672
8.594263,0.3841537,0.7012939,-0.16885522,-0.12493147
8.581463,0.37334394,0.7048006,-0.19874907,-0.04510621
8.566339,0.36048046,0.70629424,-0.2286429,0.03471905
8.548954,0.34565002,0.7049715,-0.2582458,0.10727674
8.529399,0.3290116,0.70036304,-0.2878487,0.17983443
8.507745,0.31075907,0.69178194,-0.3174516,0.2523921
8.484072,0.29115006,0.67856956,-0.3463478,0.3283939
8.45855,0.27057225,0.65995204,-0.375244,0.4043957
8.431296,0.24942242,0.63534456,-0.4041402,0.48039746
8.402451,0.22815323,0.60421693,-0.42633763,0.43267936
8.370598,0.2061643,0.57442266,-0.44853503,0.38496125
8.335699,0.18357679,0.5463501,-0.47073245,0.33724314
8.297744,0.16049655,0.5203903,-0.4549028,0.40197125
8.261421,0.13968082,0.49072808,-0.43907318,0.46669936
8.226837,0.12120155,0.4578019,-0.42324352,0.53142744
8.194107,0.10507505,0.42205444,-0.41142312,0.46331286
8.160532,0.08999843,0.3914093,-0.39960268,0.39519826
8.126441,0.07592897,0.36576873,-0.38778228,0.32708365
8.092148,0.062794596,0.3450041,-0.3759382,0.34529623
8.058858,0.0508308,0.32379648,-0.36409414,0.3635088
8.026596,0.040003464,0.3022205,-0.35225007,0.38172138
7.9953876,0.030273682,0.28035054,-0.33596575,0.34285012
7.9649816,0.02151878,0.2615268,-0.31968144,0.30397883
7.9355164,0.013632183,0.245579,-0.3033971,0.26510754
7.907115,0.006513743,0.23233001,-0.2889948,0.24212965
7.8798122,5.386604e-05,0.22078127,-0.2745925,0.21915177
7.8536606,-0.0058156634,0.21083178,-0.2601902,0.19617388
7.828706,-0.011156311,0.20237915,-0.24921307,0.18204297
7.8046966,-0.016082734,0.1948596,-0.23823594,0.16791208
7.7816525,-0.02063079,0.18822376,-0.2272588,0.15378118
7.759591,-0.024832947,0.18242201,-0.21434483,0.15472393
7.7387643,-0.028674966,0.17691666,-0.20143086,0.15566666
7.7191753,-0.032177188,0.17171173,-0.1885169,0.15660942
7.700828,-0.03535894,0.16681123,-0.1667285,0.17354067
7.6846337,-0.038085695,0.16201304,-0.14494008,0.19047193
7.670588,-0.040381372,0.15743963,-0.123151675,0.20740318
7.658686,-0.042270884,0.15321308,-0.10093246,0.21188015
7.648934,-0.043776814,0.14967543,-0.07871324,0.21635711
7.641332,-0.044923197,0.14685917,-0.056494016,0.22083408
7.6358795,-0.04572981,0.14479671,-0.028471509,0.24387766
7.6331453,-0.04612847,0.1436509,-0.00044899827,0.26692125
7.6331024,-0.046134673,0.14363116,0.027573511,0.28996482
7.6357174,-0.045756467,0.14494511,0.05737325,0.36535177
7.64102,-0.044982474,0.14836149,0.08717299,0.4407387
7.6488175,-0.04381704,0.1545596,0.11697274,0.5161256
7.6588697,-0.04225087,0.16418089,0.14694239,0.5668175
7.6710997,-0.040224776,0.177331,0.17691204,0.6175094
7.6852975,-0.037680328,0.1944032,0.20688169,0.6682013
7.7012305,-0.03454328,0.21576633,0.23686391,0.6796204
7.719227,-0.03059887,0.24057773,0.26684612,0.69103944
7.7391973,-0.025699515,0.26892295,0.29682833,0.7024585
7.761039,-0.019680073,0.3008862,0.32682467,0.6309327
7.7862434,-0.011858849,0.33301842,0.356821,0.5594069
7.814825,-0.0019724737,0.36457828,0.38681734,0.48788106
7.846748,0.010210545,0.39479873,0.41681564,0.39539593
7.882254,0.025005272,0.42155644,0.44681397,0.30291083
7.921168,0.04245568,0.44377053,0.4768123,0.21042572
7.9632807,0.062475946,0.46036965,0.50678915,0.11361884
8.00839,0.08484636,0.46994582,0.523,0.016811972
8.055015,0.108526446,0.4714112,0.523,-0.0799949
8.101461,0.13220222,0.46444574,0.523,-0.16427988
8.147592,0.15531342,0.45019034,0.523,-0.24856487
8.1932335,0.17737165,0.4287462,0.523,-0.3
8.238675,0.19814326,0.40298668,0.523,-0.3
8.2846365,0.21773756,0.37722716,0.523,-0.3
8.331088,0.23614153,0.35146764,0.523,-0.3
8.377997,0.253343,0.32570815,0.49721095,-0.3
8.423,0.26854214,0.30121884,0.4714219,-0.3
8.466009,0.2819038,0.2779997,0.44563287,-0.3
8.5069475,0.2935872,0.2560508,0.41571486,-0.3
8.545367,0.30364546,0.23557544,0.38579687,-0.3
8.581206,0.31224787,0.21657364,0.3558789,-0.3
8.61441,0.3195536,0.1990454,0.32589626,-0.26009622
8.645282,0.32578093,0.18507676,0.29591367,-0.22019243
8.673666,0.33109492,0.17430463,0.26593107,-0.18028864
8.699431,0.33563203,0.16635713,0.23594381,-0.17130709
8.72236,0.33948186,0.15965356,0.20595655,-0.16232553
8.742426,0.34271303,0.15410599,0.1759693,-0.15334396
8.75961,0.34538242,0.14962628,0.14597967,-0.17644638
8.773821,0.34752473,0.1453556,0.11599004,-0.19954881
8.78507,0.34917143,0.14152354,0.08600042,-0.22265123
8.793374,0.35035455,0.13835849,0.056004,-0.21078259
8.798798,0.35110983,0.13640559,0.02600758,-0.19891396
8.801324,0.35145652,0.13554905,-0.00398884,-0.18704534
8.800936,0.35140356,0.13567267,-0.033986773,-0.19998956
8.797635,0.35095304,0.13679796,-0.06398471,-0.2129338
8.79144,0.35010016,0.1390516,-0.09398264,-0.22587803
8.782369,0.3488306,0.14255969,-0.123980515,-0.20650956
8.770357,0.34710658,0.14679661,-0.15397839,-0.18714109
8.755391,0.34489366,0.15157124,-0.18397626,-0.16777262
8.737459,0.34215477,0.15669152,-0.21396798,-0.1528343
8.716571,0.3388547,0.1621206,-0.24395968,-0.13789599
8.692723,0.3349543,0.1677097,-0.27395138,-0.12295766
8.665916,0.3304159,0.17330962,-0.30372998,-0.054691773
8.636044,0.3251861,0.17607683,-0.3335086,0.013574118
8.603211,0.3193446,0.17532234,-0.3632872,0.08184001
8.567559,0.31302917,0.17037264,-0.39069128,0.12221121
8.529343,0.30645442,0.16243462,-0.41809538,0.16258241
8.488627,0.2997821,0.15115531,-0.44549948,0.20295362
8.44549,0.29321143,0.13618925,-0.4296652,0.21628441
8.403913,0.28751385,0.12082141,-0.41383097,0.22961521
8.36391,0.28265694,0.10512322,-0.39799672,0.242946
8.325492,0.2786034,0.089166,-0.38973892,0.19979063
8.287445,0.27520192,0.07627447,-0.38148108,0.15663524
8.249873,0.27233058,0.06635624,-0.37322327,0.11347987
8.2128725,0.26987177,0.059312496,-0.36082312,0.13775983
8.177196,0.26775315,0.051054187,-0.34842297,0.16203979
8.142855,0.26599836,0.04168558,-0.33602285,0.18631975
8.109862,0.26462227,0.031311233,-0.32454276,0.20372367
8.0780945,0.26362726,0.020367792,-0.3130627,0.22112758
8.047557,0.2630052,0.0089237895,-0.30158263,0.2385315
8.018253,0.26274368,-0.0029523312,-0.2854219,0.23849098
7.9905195,0.26282558,-0.01419018,-0.26926115,0.23845048
7.964358,0.26319683,-0.02478997,-0.25310043,0.23840997
7.939771,0.26380646,-0.034751914,-0.2394039,0.24436894
7.9165564,0.26461357,-0.04440564,-0.22570738,0.25032791
7.8947105,0.26558426,-0.05372441,-0.21201086,0.2562869
7.874232,0.26668555,-0.06268153,-0.19459097,0.27747935
7.8555536,0.26785785,-0.07156566,-0.17717108,0.29867178
7.838664,0.26906863,-0.08025445,-0.15975118,0.3198642
7.8235483,0.27028435,-0.088626415,-0.1379872,0.34876025
7.8106313,0.27143216,-0.09648555,-0.116223216,0.37765625
7.799878,0.27247292,-0.10362829,-0.094459236,0.40655226
7.7912483,0.2733704,-0.10985386,-0.06845792,0.47979295
7.7852125,0.27403617,-0.11512051,-0.0424566,0.55303365
7.7816234,0.27445114,-0.11883738,-0.01645528,0.6262744
7.7802997,0.2746092,-0.12044487,0.012614465,0.7180678
7.781243,0.27449507,-0.11906163,0.04168421,0.80986124
7.7840967,0.27415362,-0.114030406,0.070753954,0.90165466
7.7884574,0.27365425,-0.10478104,0.100571536,0.989453
7.79395,0.27307662,-0.09077267,0.13038911,1.0
7.800966,0.272438,-0.07248623,0.16020669,1.0
7.809599,0.2718111,-0.050018016,0.19014399,1.0
7.81986,0.27129745,-0.023351239,0.22008128,1.0
7.8317475,0.27101982,0.0075140973,0.2500186,1.0
7.845256,0.27112132,0.042577997,0.28001085,0.98747855
7.860665,0.2717778,0.081529364,0.3100031,0.97495705
7.8780046,0.27319464,0.12429314,0.33999535,0.9624356
7.897286,0.27560362,0.17079239,0.36999208,0.87701964
7.920601,0.2796248,0.21820295,0.3999888,0.7916037
7.948042,0.28570935,0.2656337,0.42998552,0.7061878
7.9796095,0.29429772,0.31213936,0.45997897,0.60678136
8.01557,0.30590186,0.35585472,0.4899724,0.50737494
8.055712,0.3208216,0.39553306,0.5199659,0.4079685
