1.3701255,5.774143,-0.834347,0.24701968,0.0
1.386717,5.7558427,-0.834347,0.27332935,0.04822879
1.4050541,5.735616,-0.8321508,0.29963902,0.09645758
1.4251345,5.713565,-0.8273412,0.32594866,0.14468637
1.4469655,5.6898212,-0.81950855,0.3499713,0.16661201
1.470523,5.664599,-0.8098352,0.37399396,0.18853767
1.4958572,5.6379952,-0.79815274,0.3980166,0.21046332
1.523027,5.6101236,-0.78429425,0.41996208,0.2149581
1.5520713,5.5811434,-0.7693641,0.44190758,0.21945289
1.5830545,5.551138,-0.7533306,0.4638531,0.22394767
1.6160438,5.5201993,-0.73616177,0.4836865,0.21001253
1.6510999,5.4884357,-0.71935594,0.50351995,0.19607738
1.6882504,5.455895,-0.7030064,0.523,0.18214221
1.7274902,5.4226413,-0.6872173,0.523,0.16008
1.7674019,5.389887,-0.67332315,0.523,0.13801777
1.8078989,5.3575835,-0.66133076,0.523,0.11595556
1.8488955,5.3256783,-0.65124595,0.523,0.10664241
1.890255,5.294155,-0.6419679,0.523,0.09732925
1.9319447,5.2629876,-0.6334974,0.523,0.0880161
1.9739335,5.2321477,-0.62583524,0.523,0.078813516
2.0161896,5.2016068,-0.6189724,0.523,0.06961094
2.0586836,5.1713357,-0.61290956,0.523,0.060408354
2.1013858,5.1413054,-0.6076472,0.523,0.051377863
2.144267,5.1114845,-0.6031707,0.523,0.04234737
2.1872997,5.081844,-0.59948057,0.523,0.03331688
2.230456,5.0523515,-0.596577,0.523,0.025915086
2.2737074,5.022979,-0.5943183,0.523,0.018513292
2.317032,4.9936986,-0.59270465,0.523,0.011111498
2.3604088,4.964485,-0.5917361,0.523,0.0048139035
2.403816,4.9353127,-0.59131646,0.523,-0.0014836907
2.4472358,4.9061575,-0.5914458,0.523,-0.007781285
2.4906504,4.876998,-0.5921241,0.523,-0.012022113
2.5340436,4.8478103,-0.59317195,0.523,-0.016262943
2.5774035,4.8185787,-0.59458953,0.523,-0.02050377
2.6207187,4.789288,-0.5963766,0.523,-0.023237705
2.6639788,4.759922,-0.598402,0.523,-0.02597164
2.7071764,4.73047,-0.6006656,0.523,-0.028705573
2.750304,4.7009225,-0.6031674,0.523,-0.031303458
2.7933543,4.67127,-0.6058956,0.523,-0.033901345
2.8363197,4.6415024,-0.6088501,0.523,-0.036499232
2.879193,4.6116104,-0.6120309,0.523,-0.039474554
2.9219663,4.581586,-0.6154709,0.523,-0.042449873
2.964631,4.551418,-0.61917,0.523,-0.045425195
3.007178,4.5210967,-0.6231282,0.523,-0.039990813
3.0496147,4.4905996,-0.62661314,0.523,-0.03455643
3.0919535,4.459949,-0.62962466,0.523,-0.029122049
3.1342068,4.429166,-0.6321628,0.523,-0.02917608
3.176382,4.3982754,-0.6347056,0.523,-0.029230112
3.2184784,4.3672776,-0.63725317,0.523,-0.029284144
3.2604957,4.336173,-0.6398054,0.523,-0.025715578
3.3024375,4.3049583,-0.6420467,0.523,-0.022147011
3.3443127,4.273647,-0.643977,0.523,-0.018578446
3.3861306,4.2422523,-0.6455963,0.523,-0.015326476
3.4278998,4.2107887,-0.64693224,0.523,-0.012074506
3.4696288,4.1792674,-0.6479847,0.523,-0.008822536
3.511326,4.1477013,-0.64875376,0.523,-0.005820024
3.553,4.1161027,-0.64926106,0.523,-0.0028175116
3.5946584,4.084482,-0.6495066,0.523,0.0001850009
3.6363091,4.0528517,-0.64949054,0.523,0.002118826
3.6779604,4.0212216,-0.6493058,0.523,0.004052651
3.7196174,3.9895995,-0.64895254,0.523,0.005986476
3.7612848,3.9579923,-0.64843076,0.523,0.0062891124
3.8029687,3.926407,-0.6478825,0.523,0.0065917494
3.84467,3.8948448,-0.647308,0.523,0.006894386
3.8863893,3.8633065,-0.646707,0.523,0.008957112
3.9281268,3.8317938,-0.64592624,0.523,0.011019838
3.969888,3.8003144,-0.6449657,0.523,0.013082564
4.011678,3.7688758,-0.6438254,0.523,0.002660811
4.0535083,3.7374823,-0.64359343,0.523,-0.007760942
4.095344,3.7060995,-0.64426994,0.523,-0.018182695
4.1371527,3.6746924,-0.6458548,0.523,-0.023213416
4.178908,3.6432226,-0.64787805,0.523,-0.028244138
4.2205935,3.6116724,-0.65033966,0.523,-0.03327486
4.2621946,3.5800245,-0.6532396,0.523,-0.036701553
4.303699,3.54826,-0.656438,0.523,-0.04012825
4.345096,3.516367,-0.65993494,0.523,-0.043554943
4.386376,3.484334,-0.66373026,0.523,-0.053515565
4.4275136,3.4521604,-0.66839284,0.523,-0.06347619
4.468477,3.4198139,-0.6739221,0.523,-0.07343681
4.509233,3.3872638,-0.6803176,0.523,-0.08392446
4.5497465,3.3544807,-0.6876244,0.523,-0.09441211
4.5899816,3.3214335,-0.6958418,0.523,-0.104899764
4.629902,3.288092,-0.7049688,0.523,-0.108804435
4.6695,3.2544014,-0.7144342,0.523,-0.112709105
4.70876,3.2203524,-0.7242379,0.523,-0.116613775
4.747667,3.1859357,-0.7343797,0.523,-0.12078721
4.7862034,3.1511433,-0.74488276,0.523,-0.124960646
4.8243527,3.1159663,-0.75574684,0.523,-0.12913407
4.8620977,3.080396,-0.76697177,0.523,-0.13189015
4.8994274,3.0444171,-0.7784349,0.523,-0.13464624
4.936329,3.0080264,-0.7901361,0.523,-0.13740231
4.972788,2.97122,-0.8020754,0.523,-0.13751052
5.0088043,2.9339817,-0.814024,0.523,-0.13761875
5.044373,2.896316,-0.8259819,0.523,-0.13772696
5.0794883,2.8582284,-0.83794916,0.523,-0.13380125
5.1141634,2.8197029,-0.8495774,0.523,-0.12987556
5.1484065,2.7807562,-0.8608664,0.523,-0.12594984
5.1822243,2.7414057,-0.87181604,0.523,-0.12422214
5.215617,2.7016788,-0.8826163,0.523,-0.12249442
5.2485857,2.6615846,-0.89326704,0.523,-0.120766714
5.281132,2.6211333,-0.9037683,0.523,-0.121230416
5.31325,2.5803447,-0.9143097,0.523,-0.121694125
5.3449345,2.539222,-0.9248912,0.523,-0.12215783
5.3761806,2.4977689,-0.9355128,0.523,-0.12968834
5.4069552,2.4560258,-0.9467856,0.523,-0.13721885
5.4372263,2.4139812,-0.95870906,0.523,-0.14474936
5.4669623,2.371624,-0.97128236,0.523,-0.1492974
5.4961443,2.328925,-0.9842478,0.523,-0.15384543
5.5247498,2.2858808,-0.99760514,0.523,-0.15839347
5.5527577,2.2424898,-1.0113541,0.523,-0.16592695
5.580133,2.1987717,-1.0257511,0.523,-0.17346042
5.606841,2.154721,-1.0407954,0.523,-0.18099388
5.6328487,2.1103332,-1.056486,0.523,-0.18876794
5.65812,2.065608,-1.0728428,0.523,-0.196542
5.682619,2.0205438,-1.0898646,0.523,-0.20431605
5.7063103,1.9751409,-1.1075505,0.5221847,-0.20968491
5.729133,1.9294492,-1.1256661,0.52136946,-0.21505377
5.751065,1.8834767,-1.1442095,0.5205542,-0.22042263
5.7720823,1.837233,-1.1631787,0.51775616,-0.22734344
5.7920794,1.7909225,-1.1826282,0.5149582,-0.23426425
5.811038,1.7445598,-1.2025509,0.5121602,-0.24118505
5.828941,1.6981602,-1.2229394,0.5086711,-0.24506529
5.8457627,1.6517686,-1.2435083,0.50518197,-0.2489455
5.861502,1.6054066,-1.2642529,0.5016929,-0.25282574
5.87616,1.5590967,-1.2851686,0.49968424,-0.25581834
5.8897815,1.5127131,-1.3062418,0.4976756,-0.25881094
5.902361,1.4662768,-1.3274702,0.49566695,-0.26180357
5.913896,1.4198095,-1.3488518,0.49367428,-0.2629965
5.92439,1.3733088,-1.3702424,0.4916816,-0.26418942
5.9338446,1.3267978,-1.3916409,0.48968893,-0.26538235
5.9422655,1.2802995,-1.4130467,0.4869272,-0.2682095
5.949641,1.2339308,-1.4345531,0.48416546,-0.27103662
5.9559774,1.187714,-1.4561574,0.48140374,-0.27386376
5.961279,1.1416719,-1.4778569,0.478617,-0.27473944
5.965554,1.095804,-1.4994981,0.4758303,-0.27561516
5.968816,1.0501332,-1.52108,0.47304356,-0.27649084
5.9710774,1.0046817,-1.5426021,0.47021466,-0.27651843
5.9723525,0.9594645,-1.5639975,0.46738577,-0.27654606
5.972658,0.9145028,-1.5852662,0.46455687,-0.27657366
5.9720116,0.8698173,-1.6064084,0.45991775,-0.27537978
5.970436,0.82558644,-1.6272511,0.4552786,-0.27418593
5.9679627,0.78182906,-1.6477966,0.4506395,-0.27299204
5.964625,0.73856246,-1.6680465,0.44432566,-0.27192324
5.9604692,0.69596475,-1.6879363,0.43801183,-0.27085444
5.9555364,0.6540497,-1.7074683,0.431698,-0.26978564
5.9498677,0.61282945,-1.7266446,0.4269768,-0.2563845
5.9434566,0.572028,-1.7446904,0.4222556,-0.24298337
5.9363656,0.5316609,-1.7616229,0.4175344,-0.22958225
5.9286537,0.4917411,-1.7774593,0.41346556,-0.23129211
5.920396,0.45235193,-1.7932562,0.4093967,-0.23300198
5.9116073,0.41350013,-1.8090111,0.40532786,-0.23471186
5.902305,0.37519193,-1.8247217,0.39992324,-0.24489498
5.8925586,0.337637,-1.8408823,0.39451858,-0.2550781
5.882373,0.3008456,-1.8574731,0.38911393,-0.26526123
5.8717546,0.26482764,-1.8744749,0.38179243,-0.27636695
5.860771,0.22977786,-1.8918377,0.37447092,-0.28747267
5.8494396,0.19570222,-1.9095334,0.36714944,-0.29857838
5.837779,0.16260572,-1.9275335,0.3596936,-0.3
5.825779,0.13040632,-1.9452497,0.35223773,-0.3
5.813471,0.09908749,-1.9625986,0.34478188,-0.3
5.8008933,0.0686452,-1.9795803,0.33943212,-0.3
5.7880034,0.03888986,-1.9962984,0.33408237,-0.3
5.7748294,0.009819658,-2.012753,0.3287326,-0.3
5.761397,-0.018567864,-2.0289443,0.3263003,-0.29952186
5.7476077,-0.04652992,-2.0449908,0.32386798,-0.29904372
5.7334757,-0.07406441,-2.060893,0.32143566,-0.29856557
5.7190146,-0.101169616,-2.0766513,0.3216487,-0.29708743
5.7041116,-0.1280736,-2.0923445,0.32186168,-0.2956093
5.6887712,-0.1547701,-2.1079721,0.32207468,-0.2941312
5.6729984,-0.18125303,-2.1235342,0.3235189,-0.29116845
5.656728,-0.20762846,-2.139013,0.3249631,-0.28820568
5.6399617,-0.23388869,-2.1544073,0.32640728,-0.28524294
5.622702,-0.26002607,-2.1697152,0.32840326,-0.27827388
5.604901,-0.28610694,-2.1847503,0.33039922,-0.27130482
5.5865626,-0.31212518,-2.1995075,0.33239517,-0.26433575
5.567693,-0.33807507,-2.2139816,0.33553368,-0.2549121
5.54822,-0.3640565,-2.228083,0.33867222,-0.24548846
5.5281487,-0.39006376,-2.241801,0.34181073,-0.23606482
5.507485,-0.41609183,-2.2551246,0.34620035,-0.2251182
5.486152,-0.4422401,-2.2680044,0.35059,-0.21417159
5.4641557,-0.46850356,-2.2804234,0.3549796,-0.20322497
5.441503,-0.49487832,-2.2923644,0.3609776,-0.18979684
5.418086,-0.5214928,-2.3037145,0.36697555,-0.17636871
5.393915,-0.54834425,-2.314446,0.37297353,-0.16294059
5.369,-0.5754316,-2.32453,0.38138676,-0.1509241
5.343196,-0.60292387,-2.334087,0.38979998,-0.13890761
5.3165083,-0.6308182,-2.3430824,0.3982132,-0.12689112
5.2889457,-0.6591135,-2.3514814,0.4090444,-0.11802161
5.2603583,-0.6879712,-2.3595088,0.4198756,-0.10915209
5.2307477,-0.7173862,-2.367132,0.4307068,-0.10028257
5.2001157,-0.7473555,-2.3743186,0.44192886,-0.08544425
5.1684213,-0.77792126,-2.3806043,0.45315096,-0.07060592
5.1356883,-0.80909437,-2.3859324,0.46437302,-0.055767596
5.1019425,-0.8408901,-2.3902464,0.47370854,-0.04838686
5.067366,-0.87318873,-2.3940651,0.48304406,-0.041006126
5.0319705,-0.9059998,-2.3973656,0.49237958,-0.033625387
4.995771,-0.9393349,-2.4001243,0.50100094,-0.02053262
4.9588313,-0.97316396,-2.4018388,0.5096223,-0.0074398518
4.92119,-1.007517,-2.4024706,0.5182437,0.0056529166
4.8828893,-1.0424273,-2.4019823,0.523,0.013375998
4.844257,-1.0776744,-2.4008164,0.523,0.02109908
4.8056707,-1.1129618,-2.3989775,0.523,0.02882216
4.7671576,-1.1483132,-2.3964655,0.523,0.03979237
4.7287474,-1.1837479,-2.3929977,0.523,0.050762583
4.6904793,-1.219298,-2.3885748,0.523,0.06173279
4.6523924,-1.2549949,-2.3831973,0.523,0.07071447
4.6145205,-1.2908747,-2.3770385,0.523,0.079696156
4.5768957,-1.3269627,-2.370099,0.523,0.08867784
4.539551,-1.3632833,-2.3623793,0.523,0.09916899
4.502524,-1.399855,-2.3537493,0.523,0.10966015
4.4658546,-1.4367043,-2.3442097,0.523,0.1201513
4.429582,-1.4738567,-2.3337617,0.523,0.13989076
4.393792,-1.5112894,-2.3216076,0.523,0.15963021
4.3585653,-1.5490416,-2.3077521,0.523,0.17936966
4.323982,-1.5871494,-2.2922008,0.523,0.19671425
4.290107,-1.6256629,-2.2751644,0.523,0.21405886
4.257013,-1.664607,-2.2566476,0.523,0.23140347
4.2247725,-1.7040021,-2.2366567,0.523,0.23348935
4.1933413,-1.7440141,-2.2164886,0.523,0.23557523
4.162739,-1.7846315,-2.1961436,0.523,0.2376611
4.132984,-1.8258424,-2.175622,0.523,0.22222728
4.1039767,-1.8678064,-2.1564102,0.523,0.20679346
4.075686,-1.9104633,-2.1385128,0.523,0.19135964
4.048077,-1.9537542,-2.1219342,0.523,0.13833408
4.0209513,-1.9978844,-2.1099145,0.523,0.08530852
3.9941993,-2.042603,-2.1024876,0.523,0.03228296
3.9676974,-2.0876596,-2.099674,0.523,-0.01710968
3.9413126,-2.1328075,-2.1011653,0.523,-0.06650232
3.914915,-2.1778228,-2.106958,0.523,-0.11589496
3.8883774,-2.2224822,-2.1170375,0.523,-0.122189075
3.861411,-2.2668386,-2.1276617,0.523,-0.12848319
3.833997,-2.310871,-2.1388304,0.523,-0.13477731
