3.3152628,-4.74302,-3.009426,0.31042334,0.0
3.2844913,-4.747111,-3.009426,0.29706126,0.09993462
3.255191,-4.751006,-3.0044866,0.28369915,0.19986925
3.2276468,-4.7548065,-2.9950988,0.27033707,0.29980388
3.2020957,-4.758577,-2.9817922,0.27419966,0.39959136
3.1771576,-4.762596,-2.964013,0.27806228,0.49937883
3.153131,-4.766908,-2.9418201,0.28192487,0.5991663
3.1303127,-4.7715282,-2.9153214,0.29925045,0.69856393
3.1079812,-4.7766695,-2.8832457,0.31657603,0.79796153
3.0866122,-4.782316,-2.8454711,0.33390158,0.89735913
3.066694,-4.788393,-2.8019702,0.3479272,0.9961324
3.0488625,-4.794693,-2.7532966,0.36195284,1.0
3.030762,-4.8020973,-2.7025344,0.37597847,1.0
3.0123746,-4.8107324,-2.6498053,0.3776218,1.0
2.9943895,-4.820367,-2.5968456,0.37926513,1.0
2.9768639,-4.830986,-2.5436556,0.38090846,1.0
2.959854,-4.8425713,-2.490235,0.37547666,1.0
2.9437203,-4.854871,-2.4375763,0.37004486,1.0
2.9284804,-4.867812,-2.3856792,0.36461306,1.0
2.9141457,-4.8813257,-2.334544,0.36010242,1.0
2.900689,-4.895378,-2.2840414,0.3555918,1.0
2.8881183,-4.9099073,-2.2341714,0.35108116,1.0
2.8764374,-4.924854,-2.184934,0.34849408,1.0
2.865587,-4.9402423,-2.1360593,0.345907,1.0
2.8555763,-4.956024,-2.0875475,0.34331992,1.0
2.8464117,-4.972152,-2.0393987,0.34318322,1.0
2.8380373,-4.9886956,-1.9912688,0.34304652,1.0
2.8304715,-5.0056157,-1.9431581,0.3429098,1.0
2.823731,-5.022874,-1.8950667,0.34431833,1.0
2.8178034,-5.040508,-1.8467778,0.34572685,1.0
2.8127134,-5.0584807,-1.7982912,0.34713537,1.0
2.8084831,-5.076753,-1.7496072,0.34972423,1.0
2.8051224,-5.0953474,-1.7005601,0.35231313,1.0
2.8026593,-5.114223,-1.6511499,0.354902,1.0
2.80112,-5.1333365,-1.6013765,0.35838956,1.0
2.800528,-5.1526914,-1.5511142,0.3618771,1.0
2.8009129,-5.17224,-1.5003626,0.36536467,1.0
2.8023021,-5.1919317,-1.4491221,0.37352186,1.0
2.8047516,-5.211964,-1.3967373,0.38167906,1.0
2.808323,-5.2322745,-1.3432088,0.38983628,1.0
2.8130753,-5.2527943,-1.2885361,0.40008283,1.0
2.819096,-5.2735558,-1.2324264,0.41032937,1.0
2.8264556,-5.2944684,-1.1748797,0.42057595,1.0
2.8352191,-5.3154345,-1.115896,0.42881748,1.0
2.845399,-5.3362474,-1.0557563,0.43705902,1.0
2.8570306,-5.3567986,-0.99446094,0.44530055,1.0
2.8701422,-5.3769717,-0.9320097,0.45129788,1.0
2.8846803,-5.3965473,-0.8687174,0.45729524,1.0
2.9006367,-5.415412,-0.8045839,0.46329257,1.0
2.917994,-5.4334483,-0.73960936,0.46621603,1.0
2.9366026,-5.450426,-0.67422485,0.46913952,1.0
2.956404,-5.4662504,-0.60843027,0.47206298,1.0
2.9773326,-5.4808292,-0.5422257,0.47208023,1.0
2.9991806,-5.493992,-0.47601876,0.47209752,1.0
3.0218523,-5.5056806,-0.40980938,0.47211477,1.0
3.0452485,-5.515844,-0.34359756,0.47240448,1.0
3.0692809,-5.524442,-0.27734512,0.47269416,1.0
3.0938447,-5.531435,-0.21105205,0.47298384,1.0
3.118833,-5.536789,-0.14471835,0.47247842,1.0
3.1440942,-5.54047,-0.07845554,0.471973,1.0
3.1695166,-5.542469,-0.012263606,0.47146758,1.0
3.1949883,-5.5427814,0.053857446,0.46878433,1.0
3.22028,-5.5414176,0.11960218,0.46610105,1.0
3.2452836,-5.538413,0.1849706,0.46341777,1.0
3.269895,-5.5338078,0.2499627,0.4594703,1.0
3.293949,-5.527667,0.31440118,0.45552284,1.0
3.3173544,-5.520056,0.37828606,0.4515754,1.0
3.340028,-5.5110445,0.44161734,0.45095152,1.0
3.3620555,-5.500631,0.5048611,0.45032763,1.0
3.3833513,-5.488862,0.56801736,0.44970372,1.0
3.4038334,-5.475791,0.6310861,0.44948298,1.0
3.4234414,-5.461462,0.6941239,0.4492622,1.0
3.4420986,-5.445934,0.7571308,0.44904146,1.0
3.4597323,-5.42927,0.8201067,0.45071095,1.0
3.4763439,-5.4114633,0.88331676,0.45238048,1.0
3.4918547,-5.392573,0.9467609,0.45404997,1.0
3.5061893,-5.3726645,1.0104392,0.4536143,1.0
3.5192156,-5.3519034,1.0740564,0.4531786,1.0
3.5308843,-5.3303776,1.1376126,0.4527429,1.0
3.5411525,-5.308175,1.2011075,0.45599338,0.9902462
3.5501895,-5.2848544,1.2646549,0.45924386,0.98049235
3.5578933,-5.260481,1.3282427,0.46249434,0.9707386
3.564166,-5.235129,1.3918589,0.47146302,0.94912004
3.5690532,-5.2081094,1.4557346,0.4804317,0.92750156
3.5723617,-5.179482,1.5198021,0.4894004,0.9058831
3.573901,-5.1493254,1.5839927,0.5032492,0.8674562
3.5734713,-5.11678,1.6479629,0.517098,0.8290293
3.5707781,-5.0819488,1.7115035,0.523,0.79060245
3.5656188,-5.0455236,1.7734597,0.523,0.7468705
3.557894,-5.0079308,1.8326759,0.523,0.7031386
3.5475652,-4.9693956,1.8890392,0.523,0.65940666
3.5346315,-4.9301357,1.9424417,0.523,0.6554511
3.5195744,-4.8915043,1.9955713,0.523,0.6514955
3.5024354,-4.853612,2.048427,0.523,0.64754
3.483261,-4.8165674,2.1010082,0.523,0.61666834
3.4616838,-4.779759,2.1514184,0.523,0.5857967
3.4377782,-4.7433205,2.1996098,0.523,0.55492514
3.4116323,-4.707371,2.245536,0.523,0.54812294
3.3837469,-4.6725144,2.2909575,0.523,0.5413208
3.354186,-4.638821,2.3358717,0.523,0.5345186
3.3230162,-4.606358,2.3802767,0.523,0.49324718
3.2896678,-4.5745783,2.421549,0.523,0.45197576
3.254298,-4.543554,2.4596186,0.523,0.4107043
3.2170722,-4.513329,2.4944203,0.523,0.40542552
3.1787302,-4.484352,2.5287998,0.523,0.40014672
3.1393263,-4.456648,2.5627558,0.523,0.39486793
3.0989149,-4.4302387,2.5962877,0.523,0.35818404
3.0570378,-4.4048333,2.626846,0.523,0.32150018
3.0138476,-4.3804045,2.6543899,0.523,0.2848163
2.9694946,-4.3569064,2.6788821,0.523,0.28206834
2.9245436,-4.3344836,2.7031443,0.523,0.27932036
2.879026,-4.313141,2.7271764,0.523,0.2765724
2.8329723,-4.2928824,2.750978,0.523,0.25843954
2.786218,-4.27363,2.7732553,0.523,0.24030666
2.738828,-4.2553396,2.794001,0.523,0.2221738
2.6908643,-4.2379622,2.8132083,0.523,0.22278921
2.6425824,-4.221512,2.8324678,0.523,0.22340463
2.5939996,-4.2059965,2.8517797,0.523,0.22402005
2.5451329,-4.191424,2.8711438,0.523,0.2030455
2.4957693,-4.177738,2.8887215,0.523,0.18207094
2.4459696,-4.16487,2.9045043,0.523,0.1610964
2.3957908,-4.152745,2.9184859,0.523,0.1495268
2.3453562,-4.141302,2.931471,0.523,0.1379572
2.2946925,-4.130497,2.9434583,0.523,0.12638761
2.2438247,-4.1202846,2.9544458,0.523,0.112073496
2.1927602,-4.110615,2.9641945,0.523,0.09775938
2.141527,-4.1014295,2.9727023,0.523,0.083445266
2.0901504,-4.092669,2.9799674,0.523,0.06826367
2.0386522,-4.0842724,2.985913,0.523,0.053082086
1.9870576,-4.0761747,2.990538,0.523,0.037900496
1.9353902,-4.0683103,2.9938407,0.523,0.013293093
1.8836646,-4.0606117,2.9949994,0.523,-0.011314308
1.8319288,-4.052973,2.9940133,0.523,-0.03592171
1.7802308,-4.045287,2.9908829,0.523,-0.08543648
1.7287122,-4.0374637,2.9834447,0.523,-0.13495125
1.6775345,-4.0293016,2.9717171,0.523,-0.18446602
1.6268618,-4.02061,2.9557288,0.523,-0.20342684
1.5765225,-4.011144,2.9381187,0.523,-0.22238766
1.5265627,-4.0008364,2.9188933,0.523,-0.24134848
