9.95475,8.51236,2.3480077,0.79514724,0.0
9.898987,8.569043,2.3480077,0.523,0.09970243
9.862492,8.606142,2.356684,0.523,0.19940487
9.826224,8.642373,2.3739505,0.523,0.29910728
9.790263,8.677079,2.3996356,0.523,0.39850703
9.754731,8.709651,2.43346,0.523,0.49790674
9.719829,8.739537,2.4750898,0.523,0.5973065
9.685839,8.7662735,2.5241137,0.523,0.6965028
9.653129,8.789501,2.5800345,0.523,0.7956991
9.62215,8.8089905,2.6423023,0.523,0.89489543
9.593426,8.8246565,2.710305,0.523,0.9938667
9.567511,8.836581,2.7833629,0.523,1.0
9.541047,8.846489,2.8567111,0.523,1.0
9.513928,8.854431,2.9300592,0.523,1.0
9.4863,8.860364,3.0034075,0.523,1.0
9.458312,8.864256,3.0767558,0.523,1.0
9.430113,8.866087,-3.1330814,0.523,1.0
9.401856,8.865847,-3.0597332,0.523,1.0
9.373693,8.863536,-2.9863849,0.523,1.0
9.345775,8.859168,-2.9130366,0.523,0.90000266
9.314111,8.851802,-2.8447566,0.523,0.8000053
9.279266,8.841145,-2.7822266,0.523,0.700008
9.24182,8.827077,-2.7260718,0.5170529,0.6000405
9.202779,8.809851,-2.6774106,0.5111057,0.5000731
9.162673,8.789771,-2.6365657,0.5051586,0.40010563
9.121955,8.767261,-2.6037712,0.49684697,0.3004232
9.081196,8.742949,-2.5792663,0.48853534,0.2007408
9.040694,8.717425,-2.563031,0.48022372,0.10105838
9.000693,8.691299,-2.5549562,0.47157714,0.0024317086
8.96142,8.6651945,-2.5547652,0.46293053,-0.09619497
8.92305,8.63968,-2.5621758,0.45428392,-0.19482164
8.885756,8.615276,-2.5768332,0.42946187,-0.27489176
8.85084,8.593154,-2.5962622,0.4046398,-0.3
8.81779,8.573103,-2.616192,0.37981778,-0.3
8.786399,8.554904,-2.6348994,0.3659654,-0.3
8.75583,8.537937,-2.6529245,0.35211304,-0.3
8.726128,8.522145,-2.6702673,0.33826065,-0.3
8.697336,8.507472,-2.6869278,0.34460425,-0.3
8.667759,8.493014,-2.7039006,0.35094783,-0.3
8.637393,8.478804,-2.721186,0.3572914,-0.3
8.606232,8.464872,-2.7387838,0.36075947,-0.3
8.574525,8.451363,-2.7565525,0.36422756,-0.3
8.542277,8.438293,-2.7744918,0.36769563,-0.3
8.50949,8.425686,-2.792602,0.37390685,-0.3
8.475923,8.413471,-2.8110182,0.38011807,-0.3
8.441575,8.401684,-2.8297403,0.38632932,-0.3
8.406447,8.39036,-2.8487685,0.39539188,-0.3
8.370282,8.3794565,-2.8682427,0.40445444,-0.3
8.333077,8.369025,-2.8881636,0.413517,-0.3
8.294835,8.35912,-2.9085307,0.42362487,-0.3
8.255459,8.349773,-2.9293957,0.43373278,-0.3
8.2149515,8.341047,-2.9507585,0.44384068,-0.3
8.17332,8.333004,-2.972619,0.45554888,-0.3
8.13042,8.3256855,-2.9950564,0.4672571,-0.3
8.086259,8.319167,-3.0180705,0.4789653,-0.3
8.040851,8.31353,-3.041661,0.48965675,-0.3
7.994305,8.308863,-3.0657783,0.50034815,-0.3
7.9466424,8.305243,-3.0904222,0.5110396,-0.3
7.897885,8.302746,-3.1155925,0.5131629,-0.3
7.848877,8.301471,-3.1408675,0.5152862,-0.3
7.7996497,8.301435,3.116938,0.51740944,-0.3
7.750235,8.302653,3.091454,0.5032454,-0.2004363
7.7009797,8.305125,3.074755,0.48908135,-0.10087259
7.652429,8.308375,3.0665464,0.47491726,-0.0013088823
7.605071,8.311936,3.0664427,0.4591946,0.098251045
7.559502,8.315367,3.07395,0.44347194,0.19781098
7.516119,8.318306,3.0884755,0.42774928,0.2973709
7.4752793,8.3204775,3.1093645,0.41292906,0.39647377
7.437209,8.321705,3.1359413,0.39810884,0.49557665
7.4021883,8.321902,-3.1156914,0.38328862,0.59467953
7.37045,8.32108,-3.0799022,0.4064027,0.4947195
7.3347507,8.318875,-3.0477433,0.42951682,0.39475948
7.2952766,8.31516,-3.0202122,0.4526309,0.29479942
7.252285,8.309916,-2.9982936,0.45933226,0.19553837
7.207689,8.303481,-2.9834194,0.46603358,0.09627733
7.1618805,8.296174,-2.9759529,0.4727349,-0.0029837252
7.1152544,8.28838,-2.976188,0.4796199,-0.096189216
7.0681653,8.2805195,-2.9838653,0.4865049,-0.1893947
7.020978,8.273014,-2.9991305,0.4933899,-0.2826002
6.9740763,8.266287,-3.022061,0.48713154,-0.29539233
6.9278054,8.26073,-3.0456963,0.48087317,-0.3
6.8820767,8.2563305,-3.069381,0.4746148,-0.3
6.8368535,8.253059,-3.0927572,0.47194672,-0.25483996
6.7912374,8.25083,-3.1125863,0.46927863,-0.20967993
6.7453566,8.249498,-3.128866,0.46661055,-0.1645199
6.6993294,8.248913,3.1415825,0.47207606,-0.13147381
6.6525292,8.248914,3.131268,0.4775416,-0.0984277
6.6050086,8.249404,3.1234467,0.48300713,-0.0653816
6.556819,8.250278,3.1181872,0.48460445,0.034080386
6.5084,8.251412,3.1209393,0.48620173,0.13354237
6.460223,8.252407,3.1317286,0.48779905,0.23300436
6.4127636,8.252875,-3.1326845,0.50885445,0.3323304
6.3646646,8.252447,-3.1050158,0.523,0.43165642
6.3171935,8.25071,-3.0685472,0.523,0.5309825
6.272215,8.247418,-3.0244079,0.523,0.43219346
6.2250495,8.241866,-2.987897,0.523,0.33340442
6.1762123,8.234301,-2.9593706,0.523,0.23461542
6.1261873,8.225082,-2.939107,0.523,0.151646
6.0755434,8.214685,-2.925939,0.523,0.06867658
6.024575,8.20352,-2.9199576,0.523,-0.014292831
5.97356,8.192024,-2.9212034,0.523,0.0018879235
5.922525,8.180592,-2.9210389,0.523,0.018068677
5.8715005,8.169151,-2.9194639,0.523,0.034249432
5.820515,8.157636,-2.916479,0.523,0.059614033
5.769625,8.145983,-2.9112859,0.523,0.08497863
5.71889,8.134087,-2.9038875,0.523,0.11034323
5.66837,8.121846,-2.8942885,0.523,0.12809542
5.6180763,8.109149,-2.8831534,0.523,0.1458476
5.56805,8.095924,-2.8704855,0.523,0.16359979
5.518333,8.082106,-2.8562887,0.523,0.1798782
5.468957,8.067623,-2.8406937,0.523,0.19615662
5.419965,8.05242,-2.8237047,0.523,0.21243505
5.371402,8.03644,-2.8053265,0.523,0.22294289
5.323253,8.01961,-2.786054,0.523,0.23345071
5.2755537,8.001899,-2.765889,0.523,0.24395855
5.2283425,7.983277,-2.7448342,0.523,0.2540767
5.1816535,7.963715,-2.7229247,0.523,0.26419482
5.1355286,7.9431906,-2.700163,0.523,0.27431294
5.09001,7.921682,-2.6765506,0.523,0.2793719
5.0450764,7.8991365,-2.6525142,0.523,0.28443086
5.000763,7.8755527,-2.6280541,0.523,0.28948984
4.9571047,7.850929,-2.6031713,0.523,0.29578197
4.9141536,7.825275,-2.5777633,0.523,0.3020741
4.8719506,7.79859,-2.5518312,0.523,0.30836627
4.830536,7.7708745,-2.5253758,0.523,0.30590665
4.7898364,7.742051,-2.499125,0.523,0.30344707
4.7498775,7.7121463,-2.4730785,0.523,0.30098745
4.7106805,7.6811867,-2.4472368,0.523,0.30418432
4.6723347,7.6492567,-2.421129,0.523,0.30738115
4.6348734,7.61637,-2.3947556,0.523,0.31057802
4.5983295,7.5825415,-2.3681166,0.523,0.31230125
4.56272,7.5477705,-2.3413348,0.523,0.3140245
4.528073,7.512079,-2.31441,0.523,0.31574777
4.4944186,7.475487,-2.2873423,0.523,0.32319963
4.4618473,7.438091,-2.259658,0.523,0.3306515
4.430403,7.399904,-2.2313585,0.523,0.33810338
4.4001307,7.3609433,-2.2024455,0.523,0.34519634
4.3710704,7.3212247,-2.17295,0.523,0.35228932
4.343266,7.2807703,-2.1428733,0.523,0.3593823
4.316761,7.239607,-2.1122172,0.523,0.369414
4.291626,7.19781,-2.080744,0.523,0.37944573
4.267913,7.1554112,-2.048457,0.523,0.38947743
4.245671,7.1124434,-2.0153592,0.523,0.40771964
4.2250223,7.0690975,-1.9807962,0.523,0.42596182
4.206038,7.0254183,-1.9447793,0.523,0.444204
4.1887856,6.981458,-1.9073203,0.523,0.44178313
4.173174,6.9368315,-1.870052,0.523,0.43936226
4.1592197,6.891602,-1.8329746,0.523,0.43694136
4.146938,6.845835,-1.7960882,0.523,0.43999475
4.1363673,6.799712,-1.758961,0.523,0.44304818
4.1275287,6.753296,-1.721593,0.523,0.44610158
4.120441,6.70665,-1.6839848,0.523,0.445142
4.1151094,6.6597486,-1.6464521,0.523,0.44418243
4.1115403,6.6126585,-1.6089947,0.523,0.44322285
4.109736,6.5654464,-1.5716131,0.523,0.43994662
4.1096973,6.518127,-1.5344895,0.523,0.43667042
4.1114173,6.4707656,-1.4976246,0.523,0.43339422
4.114887,6.423428,-1.4610187,0.523,0.43036255
4.120095,6.376183,-1.4246527,0.523,0.42733088
4.127026,6.3290935,-1.388527,0.523,0.4242992
4.1356654,6.282221,-1.3526422,0.523,0.43164542
4.1459465,6.2358437,-1.3161745,0.523,0.43899167
4.157871,6.190029,-1.2791264,0.523,0.4463379
4.1714363,6.144845,-1.2414995,0.523,0.4303712
4.1868067,6.0998683,-1.205133,0.523,0.4144045
4.2039247,6.05516,-1.1700357,0.523,0.3984378
4.2227297,6.010776,-1.1362169,0.523,0.40289816
4.242986,5.967136,-1.10204,0.523,0.4073585
4.264681,5.924296,-1.0675058,0.523,0.41181883
4.2877965,5.8823113,-1.0326151,0.523,0.40140334
4.3124733,5.840974,-0.99855816,0.523,0.39098784
4.3386574,5.800324,-0.96533877,0.523,0.38057235
4.3662934,5.7603974,-0.93296057,0.523,0.38515404
4.3951545,5.7214584,-0.9002119,0.523,0.38973573
4.4252186,5.683556,-0.8670934,0.523,0.39431742
4.4564624,5.64674,-0.8336059,0.523,0.38028526
4.489107,5.6107855,-0.8012509,0.523,0.36625308
4.5230846,5.5757136,-0.7700348,0.523,0.35222092
4.558325,5.5415397,-0.73996377,0.523,0.34953448
4.5946126,5.508408,-0.71011263,0.523,0.34684804
4.6319094,5.476343,-0.6804816,0.523,0.3441616
4.670177,5.4453673,-0.6510709,0.523,0.3339472
4.70948,5.4154224,-0.6224999,0.523,0.32373282
4.7497625,5.3865123,-0.5947715,0.523,0.31351843
4.79097,5.358636,-0.5678887,0.523,0.31202546
4.8329315,5.3318644,-0.54112965,0.523,0.31053245
4.8756156,5.306213,-0.5144945,0.523,0.30903944
4.9189878,5.281696,-0.4879833,0.523,0.29762587
4.9631524,5.258253,-0.46242157,0.523,0.2862123
5.0080557,5.2358704,-0.4378126,0.523,0.2747987
5.0536456,5.214529,-0.41415966,0.523,0.2744024
5.0997324,5.19427,-0.39053994,0.523,0.27400616
5.1462903,5.1751027,-0.3669535,0.523,0.27360988
5.1932926,5.157037,-0.3434003,0.523,0.2523746
5.2409787,5.1399856,-0.3216344,0.523,0.23113933
5.2892776,5.1238923,-0.3016657,0.523,0.20990406
5.3381195,5.1086946,-0.28350312,0.523,0.20445679
5.387286,5.09437,-0.2658052,0.523,0.19900951
5.4367533,5.0809026,-0.2485725,0.523,0.19356224
5.4864993,5.068276,-0.23180547,0.523,0.17466733
5.536626,5.0564437,-0.21665761,0.523,0.15577243
5.587085,5.045337,-0.2031343,0.523,0.13687752
5.6378303,5.034885,-0.19124036,0.523,0.119239606
5.6888123,5.0250144,-0.18087125,0.523,0.10160168
5.7399936,5.0156546,-0.1720302,0.523,0.08396377
5.7913404,5.0067334,-0.16471995,0.523,0.068430044
5.8428116,4.9981775,-0.15875979,0.523,0.05289632
5.8943815,4.9899206,-0.15415114,0.523,0.037362598
5.9460254,4.9818964,-0.15089513,0.5108132,0.018843472
5.996517,4.974219,-0.14929098,0.4986264,0.00032434464
6.0458255,4.9668026,-0.14926402,0.48643962,-0.018194783
6.09392,4.95957,-0.15073904,0.4678934,-0.042348407
6.1401377,4.95255,-0.15404049,0.4493472,-0.066502035
6.184442,4.9456706,-0.15901724,0.43080097,-0.09065566
6.2268043,4.938877,-0.1655174,0.41003963,-0.10608618
6.26702,4.932159,-0.17275374,0.38927826,-0.12151669
6.3050857,4.9255166,-0.18061832,0.3685169,-0.13694721
6.3409986,4.9189587,-0.18900329,0.36034936,-0.1407014
6.3760424,4.9122553,-0.19742571,0.35218182,-0.1444556
6.4102163,4.9054193,-0.20587535,0.3440143,-0.14820978
6.4435225,4.898464,-0.21434198,0.340404,-0.14671572
6.4764266,4.8913016,-0.22263592,0.33679372,-0.14522164
6.508929,4.883943,-0.23075894,0.33318344,-0.14372757
6.5410295,4.8764014,-0.23871276,0.32828066,-0.15851463
6.572527,4.8687363,-0.24734937,0.32337788,-0.1733017
6.6034107,4.8609376,-0.256643,0.31847507,-0.18808876
6.6336718,4.8529963,-0.26656783,0.31379628,-0.12540692
6.6637053,4.844795,-0.27310935,0.30911747,-0.06272508
6.693413,4.8364735,-0.27633882,0.30443865,-4.323721e-05
