9.729849,-0.080715634,0.86597764,0.17064585,0.0
9.740905,-0.067717046,0.86597764,0.19926643,0.09990883
9.753751,-0.052614037,0.8692902,0.22788703,0.19981766
9.768165,-0.03555277,0.8768291,0.25650764,0.2997265
9.783839,-0.01671374,0.8894518,0.28514242,0.39956266
9.8003845,0.0036894777,0.90793926,0.31377724,0.49939883
9.817335,0.025401931,0.9329838,0.34241202,0.599235
9.834171,0.048118286,0.96517116,0.37057206,0.69866425
9.850325,0.07144651,1.0048962,0.3987321,0.7980935
9.865249,0.09494171,1.05248,0.42689216,0.89752275
9.878436,0.118064255,1.1081029,0.45451653,0.9906777
9.889556,0.14035784,1.1714624,0.48214093,1.0
9.899685,0.16435839,1.2390803,0.5097653,1.0
9.908654,0.19039963,1.3105724,0.523,1.0
9.915925,0.21770607,1.3839207,0.523,1.0
9.921175,0.2454719,1.4572688,0.523,1.0
9.9243765,0.2735478,1.5306171,0.523,1.0
9.925511,0.30178282,1.6039653,0.523,1.0
9.924574,0.33002508,1.6773136,0.523,1.0
9.92157,0.35812274,1.7506617,0.523,0.9857576
9.916403,0.38653854,1.8233318,0.523,0.97151524
9.909032,0.4151026,1.8953089,0.523,0.9572728
9.899431,0.4436428,1.9665785,0.523,0.9056314
9.886987,0.47342646,2.0351624,0.523,0.85399
9.871598,0.504148,2.1008782,0.523,0.8023486
9.85322,0.5355091,2.1635501,0.523,0.765873
9.832161,0.56677496,2.2239711,0.523,0.7293974
9.808464,0.5977421,2.2820609,0.523,0.6929219
9.782196,0.6282244,2.3377419,0.523,0.6617913
9.753565,0.6579323,2.3913085,0.523,0.6306608
9.722667,0.6867331,2.4427087,0.523,0.5995302
9.6896105,0.7145129,2.491893,0.523,0.5710757
9.654574,0.7411312,2.5390098,0.523,0.54262114
9.617675,0.76651555,2.584021,0.523,0.5141666
9.579035,0.7906108,2.6268907,0.523,0.49137828
9.538897,0.8133106,2.6680193,0.523,0.46858996
9.49737,0.8345919,2.7073863,0.523,0.44580162
9.45456,0.85444367,2.744971,0.523,0.420905
9.41053,0.872884,2.7805862,0.523,0.39600837
9.365389,0.8899275,2.8142097,0.523,0.37111172
9.319238,0.90560055,2.845821,0.523,0.35883674
9.272395,0.91987383,2.8764324,0.523,0.34656176
9.224924,0.93276495,2.90604,0.523,0.33428678
9.176883,0.94429505,2.934639,0.523,0.31147534
9.128161,0.9545245,2.9613523,0.523,0.28866386
9.078838,0.96351224,2.9861662,0.523,0.26585242
9.028984,0.9713239,3.0090678,0.523,0.26755336
8.978987,0.97798884,3.0321121,0.523,0.2692543
8.928873,0.9834973,3.0552998,0.523,0.27095526
8.878669,0.9878404,3.07863,0.523,0.24949771
8.828089,0.99102926,3.100153,0.523,0.22804016
8.777186,0.99313986,3.1198587,0.523,0.20658262
8.72601,0.99425226,3.137738,0.523,0.19785312
8.674731,0.99445,-3.1283135,0.523,0.1891236
8.623368,0.99376786,-3.1119263,0.523,0.1803941
8.571939,0.9922417,-3.096287,0.4930728,0.27993473
8.5246,0.9900955,-3.0735817,0.4631456,0.37947538
8.48168,0.98717195,-3.0449877,0.4332184,0.479016
8.443413,0.98346364,-3.0117087,0.40412825,0.5786783
8.409865,0.97908163,-2.9748712,0.37503812,0.67834055
8.381069,0.9742357,-2.9356484,0.34594798,0.77800286
8.356947,0.96919656,-2.8951807,0.3275733,0.8772723
8.336639,0.9640887,-2.8531969,0.30919862,0.9765418
8.320043,0.959165,-2.8104982,0.2908239,1.0
8.305182,0.9540569,-2.7697115,0.30087194,1.0
8.290038,0.9481499,-2.7275157,0.31091994,1.0
8.274658,0.94139093,-2.6839106,0.32096797,1.0
8.259101,0.93372804,-2.6388965,0.3235931,1.0
8.24378,0.9253045,-2.5935142,0.32621825,1.0
8.228737,0.9161207,-2.5477636,0.32884336,1.0
8.214011,0.9061791,-2.5016448,0.33043805,1.0
8.19969,0.8955177,-2.4553025,0.3320327,1.0
8.185812,0.8841498,-2.4087365,0.3336274,1.0
8.172414,0.8720905,-2.361947,0.3349365,1.0
8.159544,0.859368,-2.3149738,0.3362456,1.0
8.147238,0.84600323,-2.267817,0.3375547,1.0
8.13553,0.832019,-2.2204764,0.3384928,1.0
8.124467,0.817456,-2.1730046,0.33943093,1.0
8.114078,0.80234265,-2.125401,0.34036905,1.0
8.104394,0.78670895,-2.0776658,0.33984098,1.0
8.09548,0.7706559,-2.0300047,0.3393129,1.0
8.087354,0.754222,-1.9824178,0.33878484,1.0
8.08003,0.7374463,-1.9349049,0.3380644,1.0
8.073525,0.72037804,-1.887493,0.33734396,1.0
8.067849,0.7030577,-1.8401822,0.33662352,1.0
8.063009,0.68552583,-1.7929723,0.3357008,1.0
8.059012,0.6678337,-1.7458919,0.3347781,1.0
8.055861,0.6500221,-1.6989409,0.3338554,1.0
8.0535555,0.6321317,-1.6521193,0.33284202,1.0
8.052095,0.6142076,-1.6054398,0.33182865,1.0
8.051474,0.5962896,-1.5589024,0.3308153,1.0
8.051686,0.5784168,-1.5125072,0.33084488,1.0
8.052728,0.56057155,-1.4661078,0.33087444,1.0
8.054596,0.5427922,-1.4197042,0.33090404,1.0
8.057287,0.5251171,-1.3732966,0.33045575,1.0
8.060791,0.5076096,-1.3269517,0.33000743,1.0
8.065096,0.49030668,-1.2806698,0.32955915,1.0
8.070189,0.4732447,-1.2344507,0.32945344,1.0
8.076064,0.45644164,-1.1882465,0.32934776,1.0
8.082706,0.43993318,-1.1420571,0.32924205,1.0
8.090102,0.42375425,-1.0958824,0.33189797,1.0
8.098302,0.40780628,-1.0493354,0.33455393,1.0
8.1073065,0.3921327,-1.0024158,0.33720985,1.0
8.117113,0.37677774,-0.9551237,0.34260505,1.0
8.127804,0.3616656,-0.90707505,0.34800026,1.0
8.139387,0.34685478,-0.8582697,0.35339546,1.0
8.15187,0.33240607,-0.80870765,0.36001185,1.0
8.165299,0.31833494,-0.75821775,0.36662823,1.0
8.179683,0.3047137,-0.7067999,0.3732446,1.0
8.195018,0.29161748,-0.6544542,0.38111332,1.0
8.211355,0.27908283,-0.60100484,0.38898203,1.0
8.228689,0.2671984,-0.546452,0.39685073,1.0
8.247008,0.25605592,-0.4907956,0.40534705,1.0
8.266324,0.24573338,-0.43394765,0.41384336,1.0
8.286612,0.23633197,-0.37590814,0.42233968,1.0
8.3078375,0.22795467,-0.31667703,0.42979345,1.0
8.329905,0.22072315,-0.2564006,0.43724725,1.0
8.3527565,0.21473195,-0.19507876,0.44470105,1.0
8.376328,0.2100744,-0.13271159,0.4520017,1.0
8.400536,0.20684285,-0.06932054,0.45930234,1.0
8.425292,0.20512396,-0.004905606,0.46660298,1.0
8.450502,0.20500028,0.060533207,0.4745543,1.0
8.476095,0.20655143,0.12708715,0.48250562,1.0
8.501955,0.20985566,0.19475622,0.4904569,1.0
8.527954,0.21498404,0.26354045,0.49945968,1.0
8.554008,0.22201389,0.33358723,0.5084624,1.0
8.579966,0.23100929,0.40489665,0.5174652,1.0
8.605664,0.2420229,0.47746864,0.523,1.0
8.630761,0.25500828,0.55081683,0.523,1.0
8.6548395,0.26979795,0.62416506,0.523,1.0
8.67777,0.28631237,0.6975133,0.523,1.0
8.699428,0.30446276,0.7708615,0.523,1.0
8.719697,0.3241515,0.84420973,0.523,1.0
8.738469,0.3452727,0.91755795,0.523,1.0
8.755644,0.36771277,0.9909062,0.523,1.0
8.771127,0.39135107,1.0642544,0.523,1.0
8.784837,0.41606048,1.1376026,0.523,1.0
8.796699,0.44170812,1.2109509,0.523,1.0
8.806648,0.46815604,1.284299,0.523,1.0
8.814634,0.49526206,1.3576473,0.523,1.0
8.820612,0.5228804,1.4309955,0.523,1.0
8.82455,0.5508625,1.5043437,0.523,1.0
8.826426,0.57905793,1.5776919,0.523,0.9965654
8.82623,0.60746604,1.650878,0.523,0.9931308
8.823945,0.635934,1.7239009,0.523,0.98969615
8.819567,0.6643079,1.79676,0.523,0.95254767
8.812775,0.6938509,1.8677917,0.523,0.9153992
8.803447,0.72433084,1.9368979,0.523,0.87825066
8.791492,0.75551134,2.0039835,0.523,0.85041535
8.77701,0.78682536,2.069494,0.523,0.82258
8.759993,0.81807315,2.1333787,0.523,0.7947447
8.740453,0.84906155,2.195588,0.523,0.7603446
8.718286,0.8797988,2.255661,0.523,0.7259446
8.693543,0.9100926,2.313526,0.523,0.6915445
8.666299,0.9397673,2.3691144,0.523,0.65154344
8.636516,0.9687909,2.4219735,0.523,0.6115424
8.604312,0.99701434,2.4720187,0.523,0.5715413
8.569821,1.0243155,2.5191696,0.523,0.54794973
8.53355,1.0503426,2.564578,0.523,0.52435815
8.495607,1.0750402,2.6082187,0.523,0.5007666
8.456101,1.0983667,2.6500673,0.523,0.47819737
8.415165,1.1202819,2.6901796,0.523,0.45562816
8.372905,1.1407696,2.7285352,0.523,0.43305895
8.329426,1.1598254,2.7651145,0.523,0.4114973
8.284848,1.1774483,2.7999797,0.523,0.3899356
8.239269,1.193654,2.8331144,0.523,0.36837396
8.192781,1.2084675,2.864503,0.523,0.34148437
8.145381,1.2219484,2.893694,0.523,0.31459478
8.097168,1.2341514,2.920666,0.523,0.28770518
8.048237,1.2451409,2.9453998,0.523,0.2658697
7.9987426,1.254978,2.9683027,0.523,0.24403423
7.948752,1.2637285,2.9893637,0.523,0.22219875
7.898328,1.2714645,3.008573,0.523,0.20153765
7.847539,1.2782605,3.0260217,0.523,0.18087654
7.7964354,1.2841929,3.0417023,0.523,0.16021544
7.745063,1.2893418,3.055608,0.523,0.14186718
7.6934795,1.2937881,3.0679328,0.523,0.12351893
7.6417184,1.2976077,3.0786722,0.523,0.105170675
7.5898104,1.300878,3.0878227,0.523,0.08806917
7.5377884,1.303678,3.0954895,0.523,0.07096767
7.4856753,1.3060822,3.1016703,0.523,0.053866167
7.433493,1.3081666,3.1063633,0.523,0.036933552
7.381261,1.3100075,3.109582,0.523,0.02000094
7.3289986,1.311681,3.1113253,0.523,0.003068328
7.2767224,1.3132638,3.1115928,0.523,-0.011260462
7.224449,1.3148324,3.1106112,0.523,-0.025589252
7.1721916,1.316452,3.1083808,0.523,-0.039918043
7.119962,1.3181872,3.1049023,0.523,-0.050762933
7.0677648,1.3201033,3.1004794,0.523,-0.061607827
7.015608,1.3222488,3.0951126,0.523,-0.07245272
6.9635015,1.3246725,3.0888026,0.523,-0.08653979
6.91147,1.3274218,3.0812688,0.523,-0.10062687
6.859529,1.3305588,3.0725121,0.523,-0.114713944
6.807697,1.3341452,3.0625348,0.523,-0.12936881
6.7559958,1.338241,3.0512896,0.523,-0.14402369
6.704448,1.3429086,3.038779,0.523,-0.15867855
6.6530776,1.3482089,3.0250053,0.523,-0.17145272
6.6018944,1.3542033,3.0101335,0.523,-0.18422689
6.5509233,1.360943,2.994166,0.523,-0.19700105
6.500191,1.3684769,2.9771047,0.523,-0.20486349
6.449676,1.3768617,2.959372,0.523,-0.21272594
6.399401,1.3861256,2.940969,0.523,-0.22058837
6.349392,1.3962954,2.9218967,0.523,-0.2307955
6.2997026,1.4073911,2.901957,0.523,-0.24100262
6.2503653,1.4194456,2.8811524,0.523,-0.25120977
6.2014155,1.4324905,2.859485,0.523,-0.2592124
6.1528606,1.4465634,2.8371425,0.523,-0.26721507
6.104737,1.461685,2.8141265,0.523,-0.2752177
6.05708,1.4778738,2.7904384,0.523,-0.27870232
6.009866,1.4951699,2.766458,0.523,-0.28218693
5.9631276,1.5135746,2.7421858,0.523,-0.28567153
5.916897,1.5330883,2.7176223,0.523,-0.28672364
5.8711734,1.5537254,2.6929705,0.523,-0.28777578
5.825987,1.5754763,2.6682308,0.523,-0.28882793
5.781366,1.5983313,2.6434033,0.523,-0.29549152
5.7374144,1.622239,2.6180193,0.523,-0.3
5.6941433,1.6472199,2.59226,0.523,-0.3
5.6515303,1.6733071,2.5665004,0.523,-0.3
5.6096034,1.7004832,2.540741,0.523,-0.3
5.5683904,1.7287302,2.5149813,0.523,-0.3
5.5279183,1.7580292,2.4892218,0.523,-0.3
5.4882145,1.7883611,2.4634624,0.523,-0.3
5.449305,1.8197055,2.437703,0.523,-0.3
5.411216,1.8520416,2.4119432,0.523,-0.3
5.3739724,1.8853481,2.3861837,0.523,-0.3
5.337599,1.9196028,2.3604243,0.523,-0.3
5.3021197,1.954783,2.3346648,0.523,-0.3
5.2675586,1.9908653,2.3089054,0.523,-0.3
5.233938,2.0278258,2.2831457,0.523,-0.3
5.201281,2.0656402,2.2573862,0.523,-0.294829
5.1695585,2.1043444,2.2320576,0.523,-0.28965804
5.138778,2.1439009,2.2071607,0.523,-0.28448707
5.108947,2.184273,2.182696,0.523,-0.27662048
5.0800467,2.2254562,2.1588902,0.523,-0.2687539
5.0520735,2.2674077,2.135745,0.523,-0.26088732
5.025021,2.3100865,2.1132615,0.523,-0.2514964
4.9988704,2.3534691,2.0915697,0.523,-0.24210548
4.9736075,2.3975127,2.0706716,0.523,-0.23271456
4.949215,2.442176,2.0505693,0.523,-0.24249402
4.925781,2.487214,2.0296385,0.523,-0.25227347
4.90335,2.5326202,2.0078812,0.523,-0.26205292
4.881967,2.5783858,1.9852993,0.523,-0.27969435
4.8617225,2.6243966,1.961236,0.523,-0.2973358
4.842691,2.6706383,1.9356984,0.523,-0.3
4.8248606,2.7173128,1.9099389,0.523,-0.3
4.8082385,2.764431,1.8841794,0.523,-0.3
4.7928357,2.8119617,1.8584199,0.523,-0.3
4.778662,2.8598733,1.8326604,0.523,-0.3
4.7657275,2.908134,1.8069009,0.523,-0.3
4.7540402,2.956712,1.7811414,0.523,-0.3
4.7436075,3.0055747,1.7553818,0.523,-0.3
4.7344375,3.0546901,1.7296224,0.523,-0.3
4.7265353,3.1040254,1.7038628,0.523,-0.3
4.7199063,3.1535478,1.6781033,0.523,-0.2973668
4.7145505,3.2032647,1.6525632,0.523,-0.29473358
4.710463,3.2531424,1.6272426,0.523,-0.2921004
4.707638,3.3031473,1.6021417,0.523,-0.24117135
4.706046,3.3539085,1.5813228,0.523,-0.1902423
4.7055054,3.4052622,1.5648398,0.523,-0.13931325
4.705814,3.4570546,1.5527356,0.50457627,-0.08650669
4.706722,3.5073154,1.5454698,0.48615247,-0.03370012
4.707952,3.5558875,1.5427397,0.46772873,0.019106448
4.709264,3.6026332,1.5442291,0.43950763,0.06886031
4.7104287,3.6464646,1.5492692,0.41128653,0.11861416
4.711308,3.6872947,1.5573809,0.38306546,0.16836801
4.7118144,3.7250562,1.5680795,0.35474536,0.23026326
4.7119083,3.7595942,1.5815737,0.32642525,0.29215848
4.711571,3.7908518,1.5972432,0.29810515,0.35405374
4.710832,3.8188035,1.6144688,0.2782669,0.39914343
4.7097125,3.8444183,1.6324925,0.25842863,0.44423312
4.708274,3.8677084,1.6510032,0.23859037,0.48932284
4.7065864,3.8887,1.669694,0.2326255,0.45587975
4.704524,3.9094849,1.6867629,0.22666062,0.42243665
4.702132,3.9300196,1.7022508,0.22069573,0.38899356
4.6994557,3.9502642,1.7162008,0.21477003,0.3841402
4.6965704,3.9699657,1.7296154,0.20884433,0.37928683
4.6935024,3.9891217,1.7425032,0.20291865,0.3744335
4.690275,4.00773,1.7548726,0.19968857,0.37646538
4.6868763,4.0259867,1.7671081,0.19645849,0.3784973
4.6833153,4.0438914,1.7792075,0.19322841,0.38052922
4.6796036,4.061444,1.7911687,0.19179946,0.37711257
4.6757054,4.0788445,1.8029399,0.19037053,0.3736959
4.671628,4.0960927,1.8145226,0.18894158,0.37027925
4.6673775,4.1131854,1.8259182,0.18672264,0.36561462
4.6629767,4.1300592,1.8370445,0.18450367,0.36095
4.658435,4.146713,1.8479046,0.18228473,0.35628536
