-6.849533,9.893212,-1.2647642,0.060032796,0.0
-6.8477244,9.887488,-1.2647642,0.08952236,-0.09980285
-6.8450403,9.878994,-1.2662508,0.11901192,-0.1996057
-6.8415427,9.8678665,-1.2701838,0.14850149,-0.29940856
-6.8373413,9.854313,-1.277484,0.17759277,-0.3
-6.8324356,9.838072,-1.2862312,0.20668404,-0.3
-6.8268924,9.81912,-1.296411,0.23577532,-0.3
-6.8207893,9.797439,-1.3080237,0.26429087,-0.3
-6.814231,9.773056,-1.321041,0.2928064,-0.3
-6.807317,9.745952,-1.3354627,0.3213219,-0.3
-6.8001595,9.716101,-1.3512888,0.34843722,-0.3
-6.792911,9.683612,-1.3684505,0.37555254,-0.3
-6.785701,9.648466,-1.3869478,0.40266785,-0.3
-6.778668,9.610646,-1.4067805,0.42643523,-0.3
-6.772016,9.570454,-1.4277838,0.4502026,-0.3
-6.7658863,9.527884,-1.4499578,0.47397,-0.3
-6.760428,9.482933,-1.4733025,0.4917814,-0.3
-6.7558546,9.436174,-1.4975244,0.50959283,-0.3
-6.7522907,9.387622,-1.5226235,0.523,-0.3
-6.749885,9.337716,-1.5483831,0.523,-0.3
-6.748765,9.287765,-1.5741426,0.523,-0.3
-6.7489324,9.237801,-1.599902,0.523,-0.3
-6.750386,9.187858,-1.6256616,0.523,-0.3
-6.753126,9.137969,-1.6514211,0.523,-0.3
-6.75715,9.088167,-1.6771806,0.523,-0.3
-6.7624555,9.038486,-1.7029401,0.523,-0.3
-6.7690387,8.988956,-1.7286997,0.523,-0.3
-6.7768955,8.939614,-1.7544591,0.523,-0.3
-6.7860208,8.890491,-1.7802187,0.523,-0.3
-6.796408,8.841619,-1.8059782,0.523,-0.3
-6.8080506,8.79303,-1.8317376,0.523,-0.3
-6.820941,8.744757,-1.8574972,0.523,-0.29651922
-6.8350854,8.696781,-1.8829666,0.523,-0.29303843
-6.8504634,8.64913,-1.9081459,0.523,-0.28955764
-6.867053,8.601832,-1.9330344,0.523,-0.24062577
-6.8850527,8.554336,-1.9538071,0.523,-0.1916939
-6.90424,8.506714,-1.9704143,0.523,-0.14276204
-6.9243813,8.459024,-1.9828162,0.523,-0.099438354
-6.945222,8.411338,-1.9914696,0.523,-0.056114674
-6.966546,8.363673,-1.9963584,0.523,-0.01279099
-6.9881353,8.316042,-1.9974732,0.523,0.011385751
-7.0097785,8.268434,-1.9964808,0.523,0.035562493
-7.0313616,8.220831,-1.9933816,0.523,0.059739232
-7.0527725,8.173217,-1.9881774,0.523,0.073080644
-7.073917,8.125534,-1.981813,0.523,0.08642206
-7.0947347,8.077769,-1.9742892,0.523,0.099763475
-7.1151676,8.029908,-1.9656075,0.523,0.10949804
-7.1351633,7.9819207,-1.956082,0.523,0.119232595
-7.1546793,7.9337993,-1.9457135,0.523,0.12896715
-7.173672,7.885536,-1.9345031,0.523,0.13625559
-7.1921053,7.8371105,-1.9226629,0.523,0.14354402
-7.209945,7.78852,-1.9101934,0.523,0.15083244
-7.227159,7.7397633,-1.8970957,0.523,0.16023469
-7.2437086,7.6908574,-1.8831882,0.523,0.16963693
-7.2595515,7.641803,-1.8684725,0.523,0.17903917
-7.274646,7.5926023,-1.8529494,0.523,0.20030186
-7.288916,7.5433745,-1.8356063,0.523,0.22156453
-7.30227,7.4941316,-1.8164508,0.523,0.2428272
-7.3146157,7.44489,-1.7954918,0.523,0.25523752
-7.325891,7.3955564,-1.7734845,0.523,0.26764783
-7.3360443,7.346151,-1.750432,0.523,0.28005815
-7.3450246,7.2966976,-1.7263381,0.523,0.29937404
-7.3527665,7.247327,-1.7006308,0.523,0.31868994
-7.3591967,7.1980786,-1.6733195,0.523,0.33800587
-7.3642464,7.148997,-1.6444144,0.523,0.33918858
-7.367874,7.09981,-1.6154121,0.523,0.34037128
-7.370073,7.0505595,-1.5863127,0.523,0.341554
-7.3708377,7.001287,-1.557116,0.523,0.34198588
-7.3701634,6.95202,-1.527884,0.523,0.34241778
-7.36805,6.9028015,-1.4986163,0.523,0.34284967
-7.3644977,6.853674,-1.4693134,0.523,0.33997026
-7.359503,6.8046207,-1.4402468,0.523,0.33709082
-7.3530774,6.7556844,-1.4114171,0.523,0.33421138
-7.3452363,6.7069044,-1.3828243,0.523,0.33900404
-7.3360195,6.6584496,-1.3538373,0.523,0.3437967
-7.3254204,6.6103644,-1.3244565,0.523,0.3485894
-7.3134336,6.562694,-1.2946827,0.523,0.3431696
-7.300007,6.515309,-1.2653534,0.523,0.33774984
-7.285168,6.468248,-1.2364695,0.523,0.33233008
-7.2689457,6.4215465,-1.2080317,0.523,0.3289972
-7.251382,6.3752728,-1.1798686,0.523,0.3256643
-7.2325006,6.32946,-1.1519806,0.523,0.32233143
-7.212327,6.284141,-1.1243681,0.523,0.30662718
-7.1907997,6.239167,-1.0980573,0.523,0.29092294
-7.167987,6.1945596,-1.0730547,0.523,0.27521867
-7.143956,6.150335,-1.0493666,0.523,0.27685267
-7.1188965,6.1067123,-1.0255413,0.523,0.27848667
-7.092817,6.063719,-1.0015792,0.523,0.28012064
-7.065727,6.0213823,-0.97748,0.523,0.2778426
-7.037607,5.979684,-0.9535718,0.523,0.27556458
-7.008479,5.938643,-0.9298546,0.523,0.27328655
-6.978367,5.8982787,-0.90632856,0.523,0.27427512
-6.9473224,5.8586445,-0.8827195,0.523,0.27526373
-6.9153595,5.8197656,-0.85902756,0.523,0.2762523
-6.8824935,5.781665,-0.83525264,0.523,0.28000125
-6.8487673,5.7443967,-0.81116354,0.523,0.2837502
-6.814191,5.7079906,-0.78676057,0.523,0.28749916
-6.7787757,5.6724787,-0.762044,0.523,0.28775185
-6.742496,5.637855,-0.73730636,0.523,0.28800455
-6.705374,5.604142,-0.7125476,0.523,0.28825724
-6.6674314,5.571361,-0.6877677,0.523,0.28588438
-6.628661,5.539508,-0.6631862,0.523,0.28351152
-6.5890923,5.508596,-0.6388031,0.523,0.28113863
-6.5487537,5.478637,-0.6146188,0.523,0.27781105
-6.5076632,5.4496346,-0.5907132,0.523,0.27448344
-6.465852,5.4215965,-0.5670867,0.523,0.27115583
-6.4233503,5.3945284,-0.54373956,0.523,0.2645905
-6.3801503,5.3684134,-0.52094424,0.523,0.25802517
-6.33629,5.3432455,-0.49870175,0.523,0.2514598
-6.2918043,5.319018,-0.4770131,0.523,0.2415078
-6.2466908,5.295702,-0.45616573,0.523,0.23155577
-6.2009916,5.273278,-0.43616167,0.523,0.22160375
-6.1547475,5.251724,-0.41700292,0.5212489,0.21067472
-6.108143,5.231079,-0.3988357,0.51949775,0.19974568
-6.061222,5.2113056,-0.3816559,0.5177467,0.18881667
-6.0140266,5.1923647,-0.36545932,0.51526785,0.18249908
-5.966702,5.174256,-0.34987354,0.5127891,0.17618151
-5.9192753,5.1569505,-0.33489397,0.5103103,0.16986394
-5.8717732,5.1404195,-0.32051614,0.50778157,0.15977092
-5.824195,5.124625,-0.30705214,0.50525284,0.1496779
-5.7765713,5.1095247,-0.29449496,0.5027241,0.1395849
-5.728931,5.0950747,-0.28283745,0.49978384,0.13054006
-5.6813464,5.0812454,-0.27199465,0.4968436,0.12149522
-5.6338415,5.067996,-0.26195872,0.49390334,0.112450376
-5.5864377,5.055286,-0.2527216,0.4925244,0.10916413
-5.5390334,5.043044,-0.2437784,0.49114543,0.105877884
-5.4916377,5.0312557,-0.23512767,0.48976648,0.102591634
-5.444259,5.019906,-0.22676803,0.4887191,0.093668595
-5.3968472,5.008966,-0.21914957,0.48767176,0.08474556
-5.349417,4.998402,-0.21226981,0.4866244,0.075822525
-5.301984,4.9881797,-0.20612618,0.48417544,0.06576286
-5.2546935,4.9782915,-0.20082322,0.4817265,0.055703193
-5.2075624,4.968697,-0.19635324,0.47927752,0.045643527
-5.1606045,4.9593563,-0.19270852,0.47377545,0.034130998
-5.114131,4.950288,-0.19001397,0.46827334,0.022618467
-5.068158,4.941446,-0.18824886,0.46277124,0.011105937
-5.0227017,4.932786,-0.1873923,0.4494221,0.0070903003
-4.978547,4.9244137,-0.1868612,0.43607292,0.003074664
-4.9356995,4.9163127,-0.18663774,0.42272374,-0.0009409726
-4.894161,4.9084687,-0.18670404,0.4007412,-0.0064554275
-4.854784,4.90103,-0.18713519,0.3787586,-0.011969882
-4.817572,4.893984,-0.1878908,0.35677603,-0.017484337
-4.782528,4.887321,-0.1889304,0.33577538,-0.024271835
-4.7495575,4.8810167,-0.19028859,0.31477475,-0.03105933
-4.718663,4.875066,-0.19191778,0.2937741,-0.037846826
-4.689846,4.8694663,-0.1937704,0.2766473,-0.03703376
-4.6627173,4.864143,-0.19547756,0.2595205,-0.036220692
-4.637276,4.8591056,-0.19704388,0.2423937,-0.035407625
-4.613521,4.854363,-0.19847402,0.22498359,-0.028093029
-4.591473,4.849929,-0.1995273,0.20757346,-0.020778429
-4.5711317,4.845815,-0.20024608,0.19016333,-0.013463831
-4.552497,4.842033,-0.20067279,0.17808361,-0.015769506
-4.5350485,4.838484,-0.20114082,0.1660039,-0.01807518
-4.5187855,4.835168,-0.20164087,0.15392417,-0.020380855
-4.503708,4.8320856,-0.2021637,0.14185598,-0.016538655
-4.489813,4.829238,-0.2025547,0.12978779,-0.012696457
-4.477101,4.8266273,-0.20282933,0.11771959,-0.008854258
-4.4655704,4.824256,-0.20300305,0.112077124,-0.013382512
-4.4545937,4.821996,-0.20325302,0.10643465,-0.017910767
-4.444171,4.819848,-0.20357072,0.10079218,-0.022439022
-4.4343023,4.817811,-0.20394763,0.09801162,-0.025392085
-4.4247074,4.8158264,-0.20436238,0.09523107,-0.028345149
-4.415386,4.8138947,-0.20481221,0.092450514,-0.031298213
-4.406339,4.8120155,-0.20529439,0.092930175,-0.016191225
-4.3972425,4.810121,-0.20554516,0.093409844,-0.0010842383
-4.3880982,4.8082147,-0.20556203,0.093889505,0.01402275
-4.3789077,4.8062983,-0.2053426,0.09158933,0.044643898
-4.36995,4.804433,-0.20466135,0.08928916,0.07526504
-4.3612323,4.8026233,-0.20354235,0.08698898,0.10588619
-4.352761,4.8008747,-0.20201007,0.08480606,0.12643957
-4.3445187,4.7991867,-0.20022768,0.08262314,0.14699297
-4.3365088,4.797561,-0.19821079,0.08044022,0.16754635
-4.328733,4.7959995,-0.19597504,0.07840489,0.17811523
-4.321164,4.7944965,-0.19365981,0.076369554,0.1886841
-4.3138027,4.793053,-0.19127241,0.07433423,0.199253
-4.306649,4.791668,-0.18882017,0.074431494,0.20931399
-4.299498,4.7903013,-0.18624249,0.07452877,0.21937497
-4.29235,4.7889543,-0.18353933,0.074626036,0.22943597
-4.2852044,4.787628,-0.18071066,0.07573274,0.2331093
-4.277956,4.7863035,-0.1777949,0.07683944,0.23678264
-4.2706046,4.7849827,-0.17479078,0.07794614,0.24045599
-4.2631493,4.783666,-0.17169702,0.08172139,0.24240097
-4.255333,4.782311,-0.1684277,0.085496634,0.24434596
-4.2471547,4.78092,-0.16498046,0.08927187,0.24629097
-4.238614,4.779498,-0.16135292,0.09158178,0.24695368
-4.2298493,4.7780714,-0.1576217,0.09389167,0.24761641
-4.2208595,4.776643,-0.15378633,0.09620157,0.24827912
-4.211644,4.775214,-0.14984629,0.09960842,0.25019518
-4.2021017,4.7737737,-0.1457359,0.10301528,0.25211126
-4.1922317,4.772325,-0.14145306,0.106422134,0.2540273
