-1.9873899,4.84656,-2.5088136,0.9046786,0.0
-2.060342,4.7930584,-2.5088136,0.523,0.09881973
-2.1023102,4.7622795,-2.5002139,0.49304113,0.19763947
-2.1410472,4.733355,-2.4840786,0.46308225,0.2964592
-2.176102,4.7062883,-2.4615314,0.439018,0.3924411
-2.207642,4.68078,-2.433548,0.41495377,0.48842302
-2.2354777,4.6569486,-2.4010963,0.39088956,0.58440495
-2.2595422,4.634954,-2.3651538,0.40348554,0.6812847
-2.2819014,4.612992,-2.3228018,0.4160815,0.77816457
-2.3021443,4.5913496,-2.2741222,0.42867747,0.8750444
-2.319915,4.5703936,-2.2192822,0.44270495,0.9444203
-2.3355894,4.54971,-2.1595054,0.45673242,1.0
-2.3492925,4.5291867,-2.0954509,0.47075987,1.0
-2.3620334,4.5071726,-2.029429,0.47344688,0.95692843
-2.3741074,4.4827185,-1.9649277,0.47613388,0.91385686
-2.3852732,4.4558706,-1.9020888,0.4788209,0.8707853
-2.3953066,4.426701,-1.8410522,0.48310584,0.82219017
-2.4040852,4.395014,-1.7820619,0.4873908,0.7735951
-2.411397,4.360921,-1.7253044,0.49167573,0.72499996
-2.4170604,4.3245573,-1.670963,0.49974978,0.6839388
-2.420934,4.2860165,-1.6183351,0.5078238,0.64287764
-2.4228654,4.2454176,-1.567595,0.51589787,0.6018165
-2.4227293,4.202892,-1.5189165,0.5214509,0.5371612
-2.420406,4.1581507,-1.4744456,0.523,0.47250584
-2.415926,4.1117973,-1.4347744,0.523,0.4078505
-2.4094157,4.0642304,-1.4002008,0.523,0.36478156
-2.401121,4.016081,-1.3691045,0.523,0.32171258
-2.3911815,3.96747,-1.3415432,0.523,0.27864364
-2.3797545,3.9185028,-1.3175678,0.523,0.22876945
-2.3669932,3.86919,-1.2978002,0.523,0.17889526
-2.3531172,3.8196306,-1.2822895,0.523,0.1290211
-2.3383605,3.769909,-1.2710744,0.523,0.08921948
-2.3229802,3.7201393,-1.2633077,0.523,0.049417872
-2.30717,3.6703532,-1.2590019,0.523,0.009616261
-2.2911267,3.620577,-1.2581637,0.523,-0.027773727
-2.2750473,3.5708313,-1.2605844,0.523,-0.06516372
-2.2591162,3.5211334,-1.2662604,0.523,-0.1025537
-2.2435164,3.471502,-1.275184,0.523,-0.12059792
-2.2283907,3.421834,-1.2856706,0.523,-0.13864215
-2.213821,3.372127,-1.297717,0.523,-0.15668637
-2.1998885,3.322382,-1.311319,0.523,-0.177221
-2.1866798,3.2726245,-1.326686,0.523,-0.19775565
-2.1742857,3.2228642,-1.3438115,0.523,-0.21829028
-2.1627953,3.173115,-1.3626884,0.523,-0.23428707
-2.1522849,3.1233416,-1.3829242,0.523,-0.25028387
-2.1428213,3.0735626,-1.4045135,0.523,-0.26628065
-2.1344697,3.0238018,-1.427451,0.523,-0.2730114
-2.1272752,2.9739554,-1.450954,0.523,-0.27974215
-2.1212654,2.9240491,-1.4750214,0.523,-0.28647292
-2.116468,2.8741105,-1.4996521,0.523,-0.29351395
-2.1129093,2.8241737,-1.524871,0.523,-0.3
-2.1106155,2.7742622,-1.5506305,0.523,-0.3
-2.109608,2.7243083,-1.57639,0.523,-0.3
-2.1098874,2.674345,-1.6021495,0.523,-0.3
-2.1114535,2.6244054,-1.627909,0.523,-0.3
-2.1143057,2.574523,-1.6536685,0.523,-0.3
-2.1184416,2.5247302,-1.679428,0.523,-0.3
-2.1238587,2.4750607,-1.7051876,0.523,-0.3
-2.1305532,2.4255471,-1.730947,0.523,-0.3
-2.1385207,2.3762224,-1.7567066,0.523,-0.3
-2.147756,2.327119,-1.782466,0.523,-0.3
-2.1582532,2.2782702,-1.8082256,0.523,-0.3
-2.170005,2.229708,-1.8339851,0.523,-0.3
-2.1830037,2.1814642,-1.8597445,0.523,-0.3
-2.1972408,2.1335714,-1.8855041,0.5100383,-0.3
-2.2123232,2.0872388,-1.9106252,0.4970766,-0.3
-2.228152,2.0424669,-1.935108,0.4841149,-0.3
-2.244631,1.999253,-1.9589522,0.4671127,-0.3
-2.2615209,1.9579477,-1.9819591,0.4501105,-0.3
-2.278707,1.9185308,-2.0041285,0.4331083,-0.3
-2.2960808,1.8809788,-2.0254605,0.4175404,-0.3
-2.3135986,1.845142,-2.0460258,0.4019725,-0.3
-2.3311691,1.8109956,-2.0658243,0.3864046,-0.3
-2.3487058,1.7785124,-2.084856,0.37340632,-0.3
-2.3662467,1.74745,-2.1032476,0.36040807,-0.3
-2.3837254,1.7177854,-2.1209989,0.34740978,-0.3
-2.401079,1.6894941,-2.13811,0.33717787,-0.3
-2.4183884,1.6623284,-2.1547172,0.32694596,-0.3
-2.435608,1.6362693,-2.1708202,0.31671408,-0.3
-2.4526927,1.6112977,-2.1864195,0.31050256,-0.3
-2.4698224,1.58708,-2.2017128,0.30429107,-0.3
-2.4869704,1.5636064,-2.2167003,0.29807958,-0.3
-2.504111,1.5408661,-2.2313817,0.2918471,-0.3
-2.5212185,1.5188502,-2.2457561,0.28561464,-0.3
-2.5382686,1.4975473,-2.2598236,0.2793822,-0.3
-2.5552378,1.4769459,-2.2735841,0.2745052,-0.3
-2.572188,1.4569355,-2.2871044,0.2696282,-0.3
-2.589101,1.4375075,-2.3003845,0.2647512,-0.3
-2.6059604,1.4186531,-2.3134243,0.26125693,-0.3
-2.622838,1.4002662,-2.3262923,0.25776267,-0.3
-2.6397223,1.3823408,-2.3389878,0.2542684,-0.3
-2.6566007,1.3648714,-2.3515115,0.25094527,-0.3
-2.6734731,1.3478402,-2.3638713,0.24762215,-0.3
-2.6903284,1.3312416,-2.3760676,0.24429901,-0.3
-2.7071562,1.3150698,-2.3881001,0.23924339,-0.3
-2.723825,1.299432,-2.3998837,0.23418778,-0.3
-2.7403207,1.2843181,-2.4114182,0.22913216,-0.3
-2.75663,1.2697176,-2.4227037,0.2248027,-0.3
-2.7727916,1.2555745,-2.433776,0.22047323,-0.3
-2.7887948,1.24188,-2.4446352,0.21614376,-0.3
-2.8046284,1.2286257,-2.4552808,0.20938024,-0.3
-2.8201022,1.2159501,-2.4655936,0.20261674,-0.3
-2.8352022,1.2038391,-2.475573,0.19585322,-0.3
