-1.0003587,-1.3437201,2.6964703,0.2210675,0.0
-1.0203114,-1.3342017,2.6964703,0.24443762,0.09921726
-1.0422647,-1.3237287,2.7005057,0.26780775,0.19843452
-1.066007,-1.3125198,2.7093048,0.29117787,0.29765177
-1.0912837,-1.3008573,2.7235374,0.31631997,0.39640746
-1.1179498,-1.2890111,2.743893,0.3414621,0.49516314
-1.1456499,-1.2773747,2.7709353,0.3666042,0.5939188
-1.173969,-1.2663693,2.805128,0.39023432,0.68752605
-1.2024361,-1.2564126,2.8464036,0.4138644,0.7811333
-1.2305541,-1.2478627,2.8949695,0.4374945,0.87474054
-1.2577573,-1.2410144,2.9509234,0.45539957,0.95329845
-1.283647,-1.2360172,3.012807,0.47330466,1.0
-1.3090079,-1.2327329,3.0791855,0.49120975,1.0
-1.3354964,-1.2310777,-3.13511,0.5040121,1.0
-1.3627278,-1.2312542,-3.0644248,0.5168144,1.0
-1.3905683,-1.2334069,-2.9919438,0.523,1.0
-1.4185102,-1.2376199,-2.9185958,0.523,0.9013892
-1.4501599,-1.244797,-2.8502405,0.523,0.8027783
-1.4849621,-1.2552338,-2.7875426,0.523,0.7041675
-1.5223503,-1.2690533,-2.7311108,0.5202945,0.65141314
-1.5602884,-1.2855642,-2.678534,0.517589,0.59865874
-1.5985433,-1.3046634,-2.629921,0.51488346,0.5459044
-1.6369123,-1.3262098,-2.585367,0.5072542,0.5874018
-1.6727704,-1.3485029,-2.5385137,0.49962494,0.6288993
-1.7060465,-1.371419,-2.4895291,0.49199566,0.67039675
-1.7366885,-1.3948132,-2.4385834,0.50199443,0.589597
-1.7685198,-1.4217885,-2.392063,0.5119932,0.5087973
-1.8012508,-1.4522518,-2.3504953,0.521992,0.4279976
-1.8346399,-1.4860237,-2.3143866,0.51708627,0.45882577
-1.866023,-1.520147,-2.2762172,0.51218057,0.48965397
-1.8953284,-1.5545594,-2.2360692,0.50727487,0.5204822
-1.9224946,-1.5891842,-2.1940246,0.51497626,0.45876893
-1.9494438,-1.6266763,-2.1560156,0.52267766,0.39705572
-1.9760695,-1.6668568,-2.1223285,0.523,0.33534247
-2.0019479,-1.7089205,-2.0936427,0.523,0.36919734
-2.026304,-1.75118,-2.0621872,0.523,0.40305224
-2.0490043,-1.7935967,-2.027998,0.523,0.4369071
-2.069923,-1.8361169,-1.9911143,0.523,0.37636873
-2.08977,-1.8805225,-1.9590765,0.523,0.31583032
-2.1085916,-1.9265351,-1.9320021,0.523,0.25529194
-2.1264753,-1.9738746,-1.9099901,0.523,0.27234545
-2.1432357,-2.0213768,-1.886543,0.523,0.28939897
-2.1588008,-2.069024,-1.8616676,0.523,0.30645248
-2.173101,-2.116793,-1.8353714,0.523,0.2751691
-2.1862628,-2.165374,-1.8116874,0.523,0.24388576
-2.1983707,-2.214661,-1.7906388,0.523,0.2126024
-2.2095194,-2.2645528,-1.7722462,0.523,0.22065794
-2.2197304,-2.3145528,-1.7531679,0.523,0.2287135
-2.2289686,-2.3646462,-1.7334051,0.523,0.23676904
-2.2371993,-2.4148164,-1.712959,0.523,0.21254024
-2.2444427,-2.4654238,-1.6945717,0.523,0.18831144
-2.2507854,-2.516406,-1.6782541,0.523,0.16408265
-2.2563193,-2.567706,-1.6640157,0.523,0.16818398
-2.261119,-2.6190443,-1.6494247,0.523,0.17228533
-2.265166,-2.6704106,-1.6344813,0.523,0.17638668
-2.2684429,-2.7217948,-1.6191858,0.523,0.15736638
-2.2709415,-2.7733881,-1.6055253,0.523,0.13834608
-2.2727401,-2.8251572,-1.5935045,0.523,0.119325764
-2.273919,-2.8770719,-1.583128,0.523,0.1207531
-2.2745595,-2.9289873,-1.5726279,0.523,0.12218045
-2.2746546,-2.9808972,-1.5620043,0.523,0.123607785
-2.2741983,-3.0327961,-1.5512573,0.523,0.11413144
-2.273183,-3.084746,-1.5413303,0.523,0.1046551
-2.2716506,-3.1367373,-1.5322245,0.523,0.09517877
-2.2696428,-3.1887617,-1.5239407,0.523,0.09883739
-2.2672052,-3.2407494,-1.5153394,0.523,0.10249602
-2.2643216,-3.292695,-1.5064207,0.523,0.10615465
-2.260976,-3.3445928,-1.497185,0.523,0.10507819
-2.257151,-3.3964636,-1.4880425,0.523,0.10400173
-2.252851,-3.448303,-1.4789934,0.523,0.10292527
-2.248082,-3.500107,-1.4700376,0.523,0.102349
-2.2428486,-3.5518696,-1.4611317,0.523,0.10177273
-2.2371542,-3.6035864,-1.4522759,0.523,0.10119646
-2.2310019,-3.6552536,-1.4434699,0.523,0.0957116
-2.224391,-3.706893,-1.4351398,0.523,0.090226725
-2.2173467,-3.7585018,-1.4272857,0.523,0.08474186
-2.2098937,-3.8100784,-1.4199078,0.523,0.07321032
-2.202053,-3.8616455,-1.413532,0.523,0.061678786
-2.1938777,-3.9132018,-1.4081591,0.523,0.050147247
-2.1854198,-3.964747,-1.4037898,0.523,0.043067444
-2.176734,-4.0162716,-1.4000369,0.523,0.035987638
-2.1678524,-4.067777,-1.3969007,0.523,0.028907835
-2.1588073,-4.119267,-1.3943812,0.523,0.021236235
-2.1496305,-4.170744,-1.3925303,0.523,0.013564634
-2.1403573,-4.2222104,-1.3913479,0.523,0.005893034
-2.1310227,-4.2736692,-1.3908342,0.523,-0.0007810652
-2.1216614,-4.3251247,-1.3909023,0.523,-0.007455164
-2.1123037,-4.3765793,-1.3915522,0.523,-0.014129263
-2.1029804,-4.428036,-1.3927838,0.523,-0.01897968
-2.0937212,-4.479501,-1.394438,0.523,-0.023830097
-2.084548,-4.530975,-1.396515,0.523,-0.028680515
-2.0754828,-4.5824614,-1.3990147,0.523,-0.036076497
-2.0665486,-4.633958,-1.4021586,0.523,-0.04347248
-2.0577788,-4.6854672,-1.4059469,0.523,-0.050868463
-2.0492072,-4.736992,-1.4103789,0.523,-0.043966044
-2.0408616,-4.7885704,-1.4142101,0.523,-0.03706362
-2.032711,-4.8401947,-1.41744,0.523,-0.030161202
-2.0247257,-4.8918576,-1.4200687,0.523,-0.035951354
-2.0168774,-4.943531,-1.4232018,0.523,-0.0417415
-2.009193,-4.9952173,-1.4268392,0.523,-0.047531653
-2.0016985,-5.046918,-1.4309808,0.523,-0.07199722
-1.9944288,-5.0985737,-1.4372511,0.523,-0.096462786
-1.9874974,-5.150167,-1.4456464,0.523,-0.120928355
-1.9810169,-5.2016788,-1.4561617,0.523,-0.15254101
-1.975104,-5.253032,-1.4694067,0.523,-0.18415368
-1.9698999,-5.304184,-1.4853681,0.523,-0.21576633
-1.965541,-5.355085,-1.5040302,0.523,-0.23470522
-1.9621474,-5.4058375,-1.5243014,0.523,-0.25364414
-1.9597943,-5.4564095,-1.5461744,0.523,-0.27258304
-1.9585543,-5.5067635,-1.5696414,0.523,-0.23506276
-1.9584955,-5.5576253,-1.5899428,0.523,-0.19754249
-1.9594773,-5.6088986,-1.6070502,0.523,-0.16002223
-1.9613488,-5.660496,-1.6209394,0.5191336,-0.07229359
-1.963944,-5.712209,-1.6271889,0.51526725,0.015435058
-1.9668478,-5.763648,-1.6258634,0.51140094,0.103163704
-1.9696475,-5.814439,-1.617086,0.48261225,0.1919457
-1.9718398,-5.861763,-1.6017414,0.45382357,0.2807277
-1.9731889,-5.905348,-1.5807858,0.4250349,0.3695097
-1.9735849,-5.9449806,-1.5552016,0.3988848,0.38680193
-1.9730088,-5.981918,-1.5301231,0.37273473,0.4040942
-1.9716152,-6.016161,-1.5056975,0.34658462,0.42138642
-1.9695579,-6.0477204,-1.4820704,0.32060623,0.4186912
-1.9669623,-6.0768967,-1.4603459,0.29462785,0.41599593
-1.9639918,-6.1036825,-1.4405026,0.26864946,0.4133007
-1.9607952,-6.1280766,-1.4225194,0.24033196,0.3654118
-1.9574791,-6.150277,-1.4082063,0.21201447,0.31752288
-1.9542186,-6.1701527,-1.397174,0.18369697,0.26963398
-1.95116,-6.1875925,-1.3890185,0.15489788,0.20640233
-1.9484192,-6.2025037,-1.3837278,0.1260988,0.14317068
-1.946098,-6.214767,-1.3807291,0.0972997,0.079939045
-1.9442656,-6.2242913,-1.3794341,0.067997836,0.014857352
-1.9429724,-6.230966,-1.3792658,0.038695965,-0.05022434
-1.9422368,-6.2347603,-1.3795896,0.009394095,-0.115306035
-1.9420594,-6.2356763,-1.3797697,-0.02039177,-0.17855552
-1.9424404,-6.233706,-1.379166,-0.050177637,-0.24180499
-1.9433683,-6.2289233,-1.3771635,-0.0799635,-0.3
-1.9448383,-6.221427,-1.373225,-0.10982823,-0.2871631
-1.9469059,-6.2110987,-1.3680406,-0.13969298,-0.27432624
-1.9496136,-6.1979275,-1.3617334,-0.1695577,-0.26148933
-1.9530131,-6.181905,-1.3544278,-0.19940904,-0.22953402
-1.9571818,-6.1629395,-1.346866,-0.22926037,-0.1975787
-1.9621738,-6.141021,-1.3393656,-0.2591117,-0.16562337
-1.9680357,-6.1161456,-1.3322457,-0.28865778,-0.09981207
-1.9748225,-6.088237,-1.3274518,-0.3182039,-0.034000766
-1.9824853,-6.0573716,-1.3256489,-0.34774998,0.031810533
-1.9909209,-6.0236535,-1.3274924,-0.37477827,0.09683623
-1.9999074,-5.98745,-1.3335315,-0.40180653,0.16186193
-2.0092282,-5.9489055,-1.3443239,-0.4288348,0.22688763
-2.0186105,-5.908188,-1.3604013,-0.43456566,0.29228005
-2.0273013,-5.867492,-1.3812703,-0.44029653,0.35767248
-2.0350714,-5.8269873,-1.4069612,-0.44602737,0.4230649
-2.0417047,-5.786862,-1.4374812,-0.4244595,0.38144773
-2.0469413,-5.747816,-1.4638164,-0.40289158,0.33983055
-2.050997,-5.710048,-1.4861988,-0.38132367,0.29821336
-2.054077,-5.6737294,-1.5048718,-0.37305632,0.3095624
-2.0564177,-5.638274,-1.5238132,-0.36478898,0.32091147
-2.0580435,-5.6036954,-1.5429909,-0.35652164,0.33226055
-2.0589805,-5.5700064,-1.5623727,-0.34233084,0.3223546
-2.059254,-5.5375376,-1.5804478,-0.32814002,0.31244868
-2.0589526,-5.506314,-1.5972589,-0.31394923,0.30254278
-2.0581596,-5.4763556,-1.612849,-0.30519128,0.29653028
-2.0569327,-5.447194,-1.627712,-0.2964333,0.29051778
-2.055317,-5.418839,-1.6418642,-0.28767535,0.28450528
-2.0533564,-5.3912973,-1.6553217,-0.27678517,0.26850975
-2.0511034,-5.364706,-1.66756,-0.26589498,0.25251424
-2.048616,-5.3390803,-1.6786319,-0.2550048,0.23651871
-2.0459478,-5.3144336,-1.6885906,-0.24478748,0.21528018
-2.0431376,-5.2906857,-1.6973059,-0.2345702,0.19404162
-2.0402334,-5.267853,-1.7048445,-0.22435291,0.17280309
-2.0372796,-5.2459497,-1.7112738,-0.20980076,0.14677791
-2.0343738,-5.2254,-1.7163877,-0.19524862,0.120752744
-2.0315616,-5.206222,-1.7203077,-0.18069649,0.094727576
-2.0288823,-5.188434,-1.7231562,-0.17492099,0.053482093
-2.026231,-5.1711698,-1.7247148,-0.16914551,0.012236607
-2.0236382,-5.154456,-1.7250596,-0.16337003,-0.029008877
-2.021129,-5.13832,-1.7242699,-0.15842932,-0.05253268
-2.0187104,-5.122685,-1.7228835,-0.15348864,-0.07605648
-2.0163918,-5.1075573,-1.7209396,-0.14854795,-0.09958028
-2.014181,-5.092942,-1.7184783,-0.1417399,-0.10529518
-2.0121067,-5.079,-1.7159956,-0.13493188,-0.11101008
-2.0101664,-5.065731,-1.7135042,-0.12812383,-0.11672498
-2.0083566,-5.0531354,-1.7110173,-0.12292291,-0.13002801
-2.006653,-5.041066,-1.7083609,-0.11772198,-0.14333105
-2.0050552,-5.029525,-1.7055583,-0.11252106,-0.15663409
-2.003562,-5.0185113,-1.7026329,-0.106966645,-0.17123452
-2.0021765,-5.0080624,-1.699595,-0.10141223,-0.18583494
-2.0008962,-4.9981785,-1.696472,-0.095857814,-0.20043539
-1.9997189,-4.9888587,-1.6932913,-0.08978017,-0.22762378
-1.9986501,-4.980178,-1.6899146,-0.08370252,-0.25481218
-1.9976876,-4.972135,-1.6863981,-0.077624865,-0.28200057
-1.9968276,-4.9647293,-1.682798,-0.06319069,-0.3
-1.9961529,-4.95873,-1.6796856,-0.04875652,-0.3
-1.9956466,-4.9540997,-1.6772842,-0.03432235,-0.3
-1.9952981,-4.9508395,-1.6755937,-0.021535762,-0.3
-1.995083,-4.9487934,-1.674533,-0.008749174,-0.3
-1.9949964,-4.947962,-1.6741021,0.0040374147,-0.3
-1.9950361,-4.9483457,-1.6743009,0.014539422,-0.3
-1.9951797,-4.949727,-1.675017,0.025041427,-0.3
-1.9954286,-4.9521065,-1.6762505,0.035543434,-0.3
-1.995786,-4.9554834,-1.678001,0.04763436,-0.3
-1.9962729,-4.9600077,-1.6803472,0.05972529,-0.3
-1.9968967,-4.9656796,-1.6832889,0.07181621,-0.3
-1.9976668,-4.972497,-1.6868261,0.096237466,-0.3
-1.9987313,-4.981629,-1.6915661,0.12065872,-0.3
-2.00012,-4.993072,-1.6975089,0.14507997,-0.3
-2.0018716,-5.006821,-1.7046546,0.1734825,-0.3
-2.0040834,-5.0232463,-1.7131993,0.20188501,-0.3
-2.0068207,-5.042338,-1.7231427,0.23028752,-0.3
-2.0101593,-5.064083,-1.7344851,0.25979376,-0.3
-2.0142038,-5.0885706,-1.7472808,0.28929996,-0.3
-2.019056,-5.115779,-1.7615299,0.31880617,-0.3
-2.02483,-5.1456833,-1.7772322,0.3487875,-0.21823846
-2.0318098,-5.179012,-1.7898182,0.37876883,-0.13647692
-2.039963,-5.21564,-1.798407,0.40875015,-0.054715384
-2.0491726,-5.255401,-1.8021326,0.43874007,0.034328353
-2.059226,-5.2980814,-1.7996229,0.46873,0.12337209
-2.0697777,-5.3433857,-1.7900093,0.49871993,0.21241583
-2.080379,-5.3909698,-1.7724857,0.523,0.2333295
-2.090572,-5.440821,-1.7523313,0.523,0.2542432
-2.099711,-5.490608,-1.7304077,0.523,0.2751569
-2.1077104,-5.540301,-1.7067246,0.523,0.24505644
-2.1145859,-5.5905704,-1.6855772,0.523,0.214956
-2.1204379,-5.6413307,-1.6669841,0.523,0.18485555
-2.1253753,-5.692502,-1.6509625,0.523,0.2188906
-2.1294634,-5.74339,-1.6320344,0.523,0.25292566
-2.1325624,-5.793931,-1.6102221,0.523,0.28696072
-2.1345396,-5.8440537,-1.5855505,0.49473354,0.32018322
-2.1352324,-5.8910074,-1.5595984,0.4664671,0.35340574
-2.1347423,-5.9347687,-1.5326915,0.43820065,0.38662827
-2.133196,-5.9753246,-1.505153,0.4138093,0.36451155
-2.13066,-6.0139036,-1.4805663,0.38941792,0.34239486
-2.1273549,-6.0504355,-1.4587754,0.36502653,0.32027814
-2.1234818,-6.084865,-1.4396218,0.3363535,0.3093756
-2.1192913,-6.116628,-1.4225539,0.3076805,0.29847312
-2.1149478,-6.1457133,-1.4074744,0.27900743,0.2875706
-2.1105974,-6.1721125,-1.3942856,0.25036934,0.25493646
-2.106343,-6.195964,-1.3837625,0.22173125,0.22230232
-2.1023216,-6.217214,-1.3756146,0.19309315,0.1896682
-2.0986438,-6.235817,-1.3695472,0.16415173,0.12794252
-2.0953894,-6.2517695,-1.3660564,0.1352103,0.06621684
-2.0926464,-6.264979,-1.3645654,0.106268875,0.0044911625
-2.0904703,-6.2753806,-1.3644859,0.07676205,-0.057436295
-2.0889003,-6.2828817,-1.3652203,0.047255225,-0.11936375
-2.0879426,-6.2874746,-1.3661581,0.017748399,-0.18129121
-2.0875878,-6.289184,-1.3666915,-0.012093984,-0.19414087
-2.0878284,-6.288022,-1.3663026,-0.041936368,-0.20699054
-2.088662,-6.2840033,-1.3648661,-0.07177875,-0.2198402
-2.0900943,-6.2771463,-1.3622574,-0.10166227,-0.20436943
-2.0921552,-6.2674074,-1.3588187,-0.1315458,-0.18889864
-2.0948737,-6.254776,-1.3547018,-0.16142933,-0.17342786
-2.098283,-6.239245,-1.350059,-0.19127582,-0.1451093
-2.102427,-6.2207775,-1.3454492,-0.22112231,-0.11679074
-2.1073341,-6.1993713,-1.3411548,-0.25096878,-0.08847218
-2.1130245,-6.175029,-1.3374591,-0.2805964,-0.014130312
-2.119512,-6.1477323,-1.3367983,-0.310224,0.060211558
-2.126692,-6.11761,-1.3399096,-0.3398516,0.13455343
-2.134399,-6.084826,-1.347508,-0.36707947,0.21236798
-2.142345,-6.0498333,-1.3604032,-0.39430732,0.29018253
-2.1502354,-6.012884,-1.3792068,-0.4215352,0.36799708
-2.1577249,-5.9742727,-1.4044812,-0.42268306,0.39117786
-2.1641939,-5.935736,-1.431341,-0.42383093,0.41435862
-2.1695867,-5.8973165,-1.4597803,-0.4249788,0.43753937
-2.1738515,-5.8590593,-1.4897918,-0.40428373,0.414425
-2.1768458,-5.8221745,-1.5169235,-0.38358867,0.39131057
-2.1787553,-5.7867665,-1.541307,-0.36289358,0.3681962
-2.1797535,-5.752924,-1.5630766,-0.35704598,0.37933153
-2.1800096,-5.7197585,-1.5851122,-0.35119838,0.3904669
-2.1795447,-5.6872854,-1.6073911,-0.34535077,0.40160224
-2.1783817,-5.6555195,-1.6298903,-0.3315483,0.38879
-2.1765697,-5.6248927,-1.650837,-0.31774583,0.37597775
-2.1742065,-5.5954323,-1.670282,-0.30394337,0.36316553
-2.1713846,-5.5671606,-1.6882772,-0.29499897,0.34654868
-2.1681325,-5.5396056,-1.7049768,-0.28605458,0.32993183
-2.1645122,-5.5127864,-1.7204227,-0.2771102,0.31331497
-2.1605823,-5.486719,-1.7346576,-0.2630594,0.30876362
-2.156494,-5.4619927,-1.7479807,-0.24900858,0.3042123
-2.1523066,-5.438607,-1.7604122,-0.23495778,0.29966098
-2.1480753,-5.416561,-1.771972,-0.23519415,0.2637502
-2.1435382,-5.394313,-1.7821913,-0.23543051,0.22783944
-2.138726,-5.3718886,-1.7910541,-0.23566687,0.19192868
-2.1336715,-5.3493137,-1.7985466,-0.22287047,0.209761
-2.1287498,-5.328078,-1.8062811,-0.21007405,0.22759332
-2.1239748,-5.308177,-1.8141811,-0.19727765,0.24542563
-2.119363,-5.2896047,-1.8221698,-0.187294,0.18903154
-2.1147876,-5.2717867,-1.8280355,-0.17731036,0.13263744
-2.110316,-5.25479,-1.8319436,-0.16732673,0.07624335
-2.1060085,-5.2386713,-1.8340678,-0.15493032,0.073890716
-2.1019876,-5.223753,-1.8359741,-0.14253393,0.07153808
-2.0982616,-5.210033,-1.8376721,-0.13013753,0.06918545
-2.094838,-5.1975102,-1.8391714,-0.12562965,0.04804074
-2.0915105,-5.185411,-1.8401769,-0.12112176,0.02689603
-2.088288,-5.17374,-1.8407198,-0.11661387,0.005751318
-2.0851786,-5.162501,-1.8408316,-0.10604283,0.012512082
-2.08235,-5.1522818,-1.8410528,-0.0954718,0.019272845
-2.0798016,-5.1430826,-1.8413594,-0.08490076,0.02603361
-2.077533,-5.1349044,-1.8417277,-0.07938739,0.009284538
-2.0754085,-5.1272554,-1.8418506,-0.07387402,-0.007464534
-2.0734308,-5.1201377,-1.8417587,-0.06836065,-0.024213606
-2.0716014,-5.113553,-1.8414829,-0.058963656,-0.028833896
-2.0700254,-5.107874,-1.8411995,-0.04956666,-0.033454187
-2.0687022,-5.1031,-1.8409232,-0.040169667,-0.038074475
-2.067631,-5.0992317,-1.8406683,-0.03270648,-0.049366385
-2.06676,-5.096083,-1.8403994,-0.025243297,-0.060658295
-2.066089,-5.0936546,-1.8401443,-0.01778011,-0.071950205
-2.065617,-5.0919447,-1.8399312,-0.007220744,-0.07726447
-2.0654256,-5.091251,-1.8398384,0.0033386224,-0.08257873
-2.065514,-5.091572,-1.8398843,0.013897989,-0.087893
-2.0658822,-5.0929065,-1.8400877,0.02828437,-0.08557867
-2.0666318,-5.095623,-1.8404906,0.042670753,-0.08326434
-2.0677648,-5.0997214,-1.841082,0.05705714,-0.080950014
-2.0692832,-5.1052017,-1.841851,0.07843971,-0.069152504
-2.0713785,-5.1127415,-1.8427544,0.09982229,-0.057354994
-2.0740554,-5.122341,-1.843708,0.12120487,-0.04555748
-2.0773191,-5.134001,-1.844628,0.14884914,0.001451391
-2.0813444,-5.148331,-1.844592,0.17649342,0.048460264
-2.0861108,-5.165303,-1.8431671,0.2041377,0.09546913
-2.0915775,-5.184875,-1.8399239,0.23364212,0.17864525
-2.0976908,-5.2070394,-1.8330042,0.26314655,0.26182136
-2.1042795,-5.231589,-1.8216522,0.29265097,0.34499747
-2.1111162,-5.2582674,-1.8051566,0.32262525,0.43822455
-2.1179001,-5.2866826,-1.7823399,0.35259956,0.53145164
-2.1242826,-5.3164015,-1.7525579,0.38257384,0.62467873
-2.129892,-5.346923,-1.7152673,0.41256768,0.5634208
-2.1349137,-5.381439,-1.6785432,0.44256148,0.5021628
-2.1390853,-5.4200068,-1.6430408,0.4725553,0.44090486
-2.1421702,-5.4626317,-1.6094296,0.50252223,0.34381276
-2.1439974,-5.5099077,-1.581198,0.523,0.24672064
-2.144525,-5.5606213,-1.5599097,0.523,0.14962853
