1.4328095,-5.123487,-1.4712483,0.74139035,0.0
1.4401777,-5.197259,-1.4712483,0.523,0.091743514
1.4453536,-5.249081,-1.4632626,0.49599224,0.18348703
1.4505876,-5.297566,-1.4481795,0.4689845,0.27523056
1.4561079,-5.3423605,-1.426937,0.48442796,0.28261384
1.4627773,-5.388401,-1.4044218,0.49987143,0.28999713
1.4707099,-5.4356394,-1.3805988,0.5153149,0.29738042
1.4800245,-5.4840207,-1.3554329,0.5150468,0.319052
1.4904757,-5.5317965,-1.3285073,0.5147786,0.3407236
1.5021164,-5.5788975,-1.2998368,0.5145105,0.3623952
1.5149932,-5.625252,-1.2694366,0.51694655,0.37638307
1.5292631,-5.671161,-1.2377685,0.51938266,0.39037094
1.5449647,-5.716553,-1.2048283,0.52181876,0.4043588
1.5621322,-5.7613497,-1.1706117,0.523,0.39991757
1.5809,-5.8057165,-1.136674,0.523,0.39547634
1.6012001,-5.849503,-1.1030933,0.523,0.39103508
1.6229991,-5.8926625,-1.0698701,0.523,0.38031435
1.6463208,-5.935259,-1.0375128,0.523,0.3695936
1.6711129,-5.9772553,-1.006025,0.523,0.35887283
1.6973218,-6.0186195,-0.9754104,0.523,0.34779775
1.7248969,-6.0593276,-0.94570154,0.523,0.33672267
1.7537829,-6.099356,-0.91690207,0.523,0.32564756
1.783924,-6.138686,-0.8890155,0.523,0.32499003
1.815157,-6.177169,-0.8611832,0.523,0.3243325
1.847456,-6.214776,-0.8334053,0.523,0.32367498
1.8807944,-6.2514796,-0.8056817,0.523,0.3183571
1.9151982,-6.287308,-0.7783979,0.523,0.31303927
1.950628,-6.322245,-0.75155485,0.523,0.30772144
1.9870449,-6.356277,-0.7251531,0.5026456,0.33177975
2.0226114,-6.387797,-0.6978656,0.48229116,0.35583806
2.0572503,-6.4168468,-0.6698625,0.46193677,0.3798964
2.09088,-6.4434824,-0.64131296,0.43446946,0.3677426
2.1233668,-6.4677367,-0.6152803,0.40700218,0.35558882
2.1545238,-6.489759,-0.5916645,0.3795349,0.34343505
2.1841862,-6.5096908,-0.5703648,0.35762203,0.3294965
2.2126682,-6.5279617,-0.551079,0.33570915,0.31555796
2.239857,-6.5446715,-0.5337146,0.3137963,0.3016194
2.265653,-6.559915,-0.51817816,0.3030576,0.33868623
2.2904847,-6.5740724,-0.5013965,0.2923189,0.37575305
2.31433,-6.5871425,-0.48351762,0.2815802,0.41281986
