-1.5503464,9.691725,-2.5459769,0.29062536,0.0
-1.5744044,9.67542,-2.5459769,0.31937414,-0.09982317
-1.6007107,9.657592,-2.5512815,0.3481229,-0.19964634
-1.6290572,9.638599,-2.5627882,0.37687168,-0.2994695
-1.6592016,9.618901,-2.5813186,0.4044951,-0.3
-1.6919364,9.598366,-2.6012414,0.4321185,-0.3
-1.7273368,9.577128,-2.6225247,0.45974192,-0.3
-1.7654724,9.555341,-2.6451685,0.4848299,-0.3
-1.806199,9.53328,-2.669048,0.50991786,-0.3
-1.8495749,9.511108,-2.694163,0.523,-0.3
-1.8946207,9.489491,-2.7199228,0.523,-0.3
-1.9402082,9.469042,-2.7456822,0.523,-0.3
-1.9863074,9.449773,-2.7714417,0.523,-0.3
-2.0328875,9.431698,-2.7972012,0.523,-0.3
-2.0799177,9.414829,-2.8229609,0.523,-0.3
-2.127367,9.399177,-2.8487203,0.523,-0.3
-2.1752036,9.384752,-2.8744798,0.523,-0.3
-2.2233958,9.371564,-2.9002392,0.523,-0.3
-2.2719116,9.359622,-2.9259987,0.523,-0.3
-2.320719,9.348933,-2.9517584,0.523,-0.3
-2.3697855,9.339505,-2.9775178,0.523,-0.3
-2.4190786,9.331344,-3.0032773,0.523,-0.3
-2.4685655,9.324455,-3.0290368,0.523,-0.3
-2.5182135,9.318844,-3.0547965,0.523,-0.3
-2.5679896,9.314512,-3.080556,0.523,-0.3
-2.6178606,9.311464,-3.1063154,0.523,-0.3
-2.6677935,9.309702,-3.1320748,0.523,-0.3
-2.7177553,9.309227,3.125351,0.523,-0.3
-2.7677128,9.310039,3.0995915,0.523,-0.20023239
-2.8189228,9.31219,3.0822542,0.523,-0.100464776
-2.8708675,9.315276,3.0735118,0.523,-0.0006971598
-2.9230464,9.318834,3.073451,0.523,0.09862933
-2.9749713,9.322378,3.0820343,0.523,0.19795582
-3.026159,9.32543,3.099177,0.523,0.2972823
-3.07612,9.327551,3.12471,0.523,0.3964901
-3.1243558,9.328365,-3.124813,0.523,0.49569792
-3.1703544,9.327593,-3.0833526,0.523,0.5949057
-3.2135959,9.325071,-3.0345018,0.523,0.494971
-3.2593553,9.320152,-2.993097,0.523,0.39503628
-3.307096,9.31301,-2.9595516,0.523,0.29510158
-3.3563085,9.303951,-2.9342003,0.523,0.19584061
-3.4065094,9.293388,-2.9172385,0.523,0.096579626
-3.4572608,9.281807,-2.908833,0.523,-0.0026813508
-3.5081503,9.269744,-2.9090667,0.523,-0.09024729
-3.5588357,9.257741,-2.9169226,0.523,-0.17781322
-3.6090174,9.246273,-2.9323404,0.523,-0.26537916
-3.6583858,9.235789,-2.955202,0.523,-0.24046901
-3.708301,9.226376,-2.9759614,0.523,-0.21555887
-3.7586915,9.217953,-2.994606,0.523,-0.19064873
-3.8094902,9.210432,-3.0111237,0.523,-0.1783993
-3.8605227,9.203735,-3.0265918,0.523,-0.16614984
-3.9117618,9.197817,-3.041008,0.523,-0.1539004
-3.9631824,9.192627,-3.0543702,0.523,-0.1335385
-4.0148196,9.188111,-3.0659757,0.523,-0.1131766
-4.0666366,9.184186,-3.0758197,0.523,-0.0928147
-4.118599,9.180763,-3.0838985,0.523,-0.07642311
-4.1706595,9.177756,-3.0905535,0.523,-0.060031522
-4.2227974,9.175093,-3.0957832,0.523,-0.043639936
-4.2749925,9.1727,-3.099586,0.523,-0.028026331
-4.327226,9.170505,-3.1020286,0.523,-0.012412727
-4.379481,9.168436,-3.1031106,0.523,0.0032008768
-4.431742,9.166424,-3.1028316,0.523,0.017299091
-4.483995,9.164398,-3.1013236,0.523,0.031397305
-4.5362267,9.162293,-3.0985873,0.523,0.04549552
-4.588424,9.160048,-3.094623,0.523,0.05893284
-4.640576,9.157596,-3.089489,0.523,0.07237016
-4.6926684,9.15488,-3.0831861,0.523,0.08580748
-4.744687,9.151837,-3.0757158,0.523,0.10184983
-4.796603,9.148413,-3.0668533,0.523,0.11789218
-4.8483953,9.144534,-3.0566008,0.523,0.13393453
-4.9000397,9.140135,-3.044961,0.523,0.14872226
-4.951521,9.135144,-3.0320451,0.523,0.16350998
-5.0028143,9.129502,-3.017856,0.523,0.1782977
-5.0538917,9.12315,-3.0023966,0.523,0.1884645
-5.1047683,9.116022,-2.9860659,0.523,0.19863127
-5.1554213,9.10808,-2.9688654,0.523,0.20879807
-5.205824,9.099286,-2.950797,0.523,0.21612284
-5.2559805,9.089599,-2.9321048,0.523,0.22344759
-5.3058653,9.078993,-2.9127893,0.523,0.23077236
-5.355452,9.067446,-2.8928516,0.523,0.2381344
-5.4047117,9.054934,-2.87229,0.523,0.24549642
-5.453615,9.041435,-2.8511052,0.523,0.25285846
-5.5021305,9.026932,-2.8292985,0.523,0.25884488
-5.550243,9.011398,-2.8069868,0.523,0.2648313
-5.59792,8.9948225,-2.7841713,0.523,0.27081776
-5.645129,8.977192,-2.7608526,0.523,0.28077787
-5.6917825,8.958517,-2.7366984,0.523,0.29073802
-5.7378364,8.93878,-2.7117112,0.523,0.30069816
-5.7832446,8.917961,-2.6858935,0.523,0.30762345
-5.828003,8.896025,-2.6595,0.523,0.3145487
-5.8720684,8.872967,-2.6325316,0.523,0.321474
-5.915397,8.8487835,-2.60499,0.523,0.3188224
-5.9580812,8.823395,-2.5776677,0.523,0.3161708
-6.0000925,8.796825,-2.5505652,0.523,0.31351924
-6.041404,8.769103,-2.523682,0.523,0.31820694
-6.081893,8.740326,-2.4964108,0.523,0.3228946
-6.1215205,8.710501,-2.468752,0.523,0.32758227
-6.1602473,8.67964,-2.4407055,0.523,0.3273119
-6.1980963,8.647702,-2.4126816,0.523,0.3270415
-6.235039,8.614714,-2.3846798,0.523,0.32677114
-6.2710476,8.580701,-2.3567004,0.523,0.32533774
-6.306107,8.545677,-2.3288395,0.523,0.32390434
-6.3401933,8.509672,-2.301097,0.523,0.32247096
-6.3732843,8.472718,-2.2734728,0.523,0.31940687
-6.405374,8.434827,-2.2461023,0.523,0.3163428
-6.436446,8.396031,-2.2189853,0.523,0.3132787
-6.4664855,8.356368,-2.1921225,0.523,0.3053858
-6.495521,8.31581,-2.1659148,0.523,0.29749292
-6.523553,8.274404,-2.1403642,0.523,0.2896
-6.5505824,8.232194,-2.115472,0.523,0.28453264
-6.5765915,8.1892605,-2.0910034,0.523,0.27946523
-6.601579,8.145639,-2.0669594,0.523,0.27439785
-6.6255455,8.101367,-2.04334,0.523,0.2670224
-6.648506,8.056449,-2.0203402,0.523,0.25964698
-6.6704717,8.010923,-1.997961,0.523,0.25227153
-6.6914535,7.96483,-1.9762038,0.523,0.24731506
-6.7114525,7.9182315,-1.9548653,0.523,0.2423586
-6.7304764,7.871159,-1.9339459,0.523,0.23740213
-6.7485332,7.823641,-1.9134462,0.52284163,0.23147467
-6.7656317,7.7757096,-1.8934551,0.5226832,0.22554721
-6.7817855,7.727394,-1.873973,0.52252483,0.21961975
-6.797011,7.6787224,-1.8550003,0.5219292,0.2139976
-6.8113117,7.629766,-1.8365268,0.5213335,0.20837545
-6.8247066,7.5805507,-1.8185519,0.5207379,0.20275329
-6.837215,7.531101,-1.8010753,0.52000856,0.19689572
-6.8488545,7.481451,-1.7841208,0.5192792,0.19103815
-6.859648,7.4316235,-1.7676876,0.51854986,0.18518057
-6.869619,7.38164,-1.7517747,0.51783055,0.17960523
-6.8787894,7.331522,-1.736357,0.51711124,0.1740299
-6.887183,7.281288,-1.7214338,0.51639193,0.16845456
-6.8948226,7.2309566,-1.7070042,0.5157889,0.16288415
-6.901734,7.180532,-1.6930636,0.5151859,0.15731373
-6.9079394,7.130029,-1.6796117,0.5145829,0.15174331
-6.9134636,7.079463,-1.6666474,0.51413614,0.14626524
-6.9183316,7.028832,-1.6541587,0.5136894,0.14078715
-6.9225664,6.978148,-1.642145,0.51324266,0.13530907
-6.926192,6.927422,-1.6306059,0.5123084,0.12953123
-6.929229,6.8767114,-1.6195768,0.51137424,0.12375339
-6.931703,6.8260255,-1.6090564,0.51044,0.11797555
-6.933642,6.7753735,-1.599043,0.5089298,0.112568066
-6.93507,6.7248225,-1.589515,0.5074196,0.10716058
-6.9360147,6.674381,-1.5804697,0.5059094,0.1017531
-6.9365015,6.6240535,-1.5719049,0.5041191,0.09665378
-6.9365573,6.573877,-1.5637968,0.5023288,0.09155446
-6.936207,6.5238557,-1.5561423,0.5005385,0.086455144
-6.9354763,6.4739943,-1.548939,0.49878296,0.0817935
-6.9343896,6.4242945,-1.542147,0.4970274,0.07713187
-6.93297,6.37476,-1.535764,0.4952718,0.07247023
-6.93124,6.325393,-1.5297871,0.4937288,0.067724474
-6.9292207,6.2761745,-1.5242184,0.49218574,0.062978715
-6.9269333,6.227107,-1.5190556,0.4906427,0.058232956
-6.9244003,6.1781917,-1.5142964,0.4891996,0.057696946
-6.9216423,6.129431,-1.5095948,0.48775652,0.057160933
-6.918664,6.0808263,-1.5049505,0.48631343,0.05662492
-6.915469,6.0323777,-1.5003635,0.48559797,0.053828485
-6.912057,5.984009,-1.496009,0.4848825,0.051032048
-6.9084387,5.935719,-1.4918867,0.484167,0.048235614
-6.9046264,5.887509,-1.4879959,0.48377526,0.05057352
-6.9006305,5.839359,-1.48392,0.4833835,0.05291143
-6.896442,5.7912703,-1.4796592,0.48299176,0.05524934
-6.892053,5.7432446,-1.4752139,0.48339206,0.052020304
-6.887446,5.6951914,-1.4710248,0.48379236,0.04879127
-6.8826327,5.64711,-1.4670922,0.4841927,0.045562238
-6.877626,5.599001,-1.4634167,0.48445493,0.048435897
-6.87244,5.550891,-1.4595073,0.48471713,0.051309556
-6.8670635,5.5027823,-1.4553641,0.48497936,0.054183215
-6.861486,5.454678,-1.4509866,0.48588678,0.049450826
-6.8556857,5.4064965,-1.4469836,0.48679417,0.044718437
-6.84968,5.358238,-1.4433568,0.48770157,0.03998605
-6.8434863,5.309902,-1.4401073,0.48832408,0.042716432
-6.8371286,5.2615304,-1.4366319,0.4889466,0.045446813
-6.830595,5.213125,-1.4329296,0.48956907,0.048177194
-6.8238745,5.164689,-1.4290001,0.49123448,0.043492954
-6.816939,5.1161046,-1.4254404,0.4928999,0.038808715
-6.809805,5.067371,-1.422253,0.4945653,0.034124475
-6.8024898,5.0184875,-1.4194407,0.49673185,0.035278745
-6.795005,4.969413,-1.4165207,0.4988984,0.03643301
-6.7873435,4.9201484,-1.413492,0.5010649,0.037587278
-6.7794995,4.870695,-1.4103538,0.50393003,0.0294169
-6.7714524,4.820971,-1.4078835,0.50679517,0.021246523
-6.7632346,4.7709737,-1.406089,0.5096603,0.013076144
-6.7548785,4.7207017,-1.4049783,0.51208735,0.013471812
-6.746427,4.6702003,-1.4038285,0.5145143,0.01386748
-6.737877,4.619469,-1.4026394,0.51694137,0.0142631475
-6.729226,4.568509,-1.4014106,0.51992494,0.007801539
-6.7204614,4.5172625,-1.4007345,0.52290857,0.0013399303
-6.7116117,4.465726,-1.4006178,0.523,-0.005121678
-6.7027545,4.414182,-1.4010643,0.523,-0.0039539994
-6.69392,4.362634,-1.4014089,0.523,-0.0027863204
-6.6851034,4.311083,-1.4016517,0.523,-0.0016186417
-6.676299,4.259529,-1.4017929,0.523,-0.007629341
-6.6675024,4.207976,-1.4024578,0.523,-0.0136400405
-6.658741,4.1564198,-1.4036468,0.523,-0.019650739
-6.650041,4.104859,-1.4053595,0.523,-0.019584436
-6.64143,4.0532827,-1.4070666,0.523,-0.019518131
-6.632907,4.0016923,-1.4087678,0.523,-0.019451827
-6.624471,3.9500868,-1.4104632,0.523,-0.02376752
-6.616124,3.8984723,-1.4125347,0.523,-0.02808321
-6.607885,3.846846,-1.4149823,0.523,-0.032398902
-6.599773,3.795207,-1.417806,0.523,-0.031761277
-6.591807,3.7435439,-1.4205741,0.523,-0.03112365
-6.5839834,3.6918578,-1.4232866,0.523,-0.030486023
-6.5763,3.6401498,-1.4259435,0.523,-0.034186818
-6.568755,3.5884278,-1.4289229,0.523,-0.03788761
-6.5613656,3.5366905,-1.4322246,0.523,-0.041588403
-6.5541477,3.4849367,-1.4358487,0.523,-0.041096818
-6.547117,3.4331558,-1.43943,0.523,-0.040605236
-6.540272,3.3813493,-1.4429684,0.523,-0.04011365
-6.5336103,3.3295176,-1.4464641,0.523,-0.042336483
-6.52713,3.277668,-1.4501532,0.523,-0.04455931
-6.520842,3.2257996,-1.4540361,0.523,-0.046782143
-6.514756,3.1739125,-1.4581125,0.523,-0.034490198
-6.5088787,3.1219752,-1.4611182,0.523,-0.022198254
-6.503155,3.070002,-1.463053,0.523,-0.00990631
-6.4975314,3.018008,-1.4639165,0.523,0.0077516376
-6.4919524,2.966008,-1.4632409,0.523,0.025409585
-6.48634,2.914027,-1.4610262,0.523,0.043067534
-6.480616,2.8620899,-1.4572732,0.523,0.050702445
-6.474699,2.8101933,-1.4528556,0.523,0.05833736
-6.4685555,2.7583451,-1.4477735,0.523,0.065972276
-6.4621515,2.7065532,-1.442027,0.523,0.072098844
-6.455453,2.654821,-1.4357479,0.523,0.07822542
-6.448433,2.6031556,-1.4289361,0.523,0.08435199
-6.441065,2.5515652,-1.4215922,0.523,0.08628143
-6.433319,2.5000386,-1.4140806,0.523,0.08821089
-6.425188,2.4485805,-1.4064016,0.523,0.090140335
-6.4166636,2.397195,-1.3985549,0.523,0.08722389
-6.4077344,2.3458648,-1.3909616,0.523,0.08430744
-6.3984127,2.294591,-1.3836215,0.523,0.08139099
-6.388713,2.2433746,-1.3765347,0.523,0.07907714
-6.3786483,2.1922185,-1.369649,0.523,0.076763295
-6.36823,2.141124,-1.3629644,0.523,0.07444945
-6.357468,2.0900912,-1.3564808,0.523,0.07282438
-6.3463745,2.0391233,-1.3501387,0.523,0.07119931
-6.3349566,1.9882206,-1.3439376,0.523,0.06957425
-6.3232217,1.9373839,-1.337878,0.523,0.071071886
-6.3111806,1.8866247,-1.3316882,0.523,0.07256953
-6.2988267,1.8359463,-1.325368,0.523,0.07406716
-6.286154,1.7853527,-1.3189178,0.523,0.07344951
-6.2731547,1.7348396,-1.3125212,0.523,0.072831854
-6.259832,1.6844083,-1.3061782,0.523,0.0722142
-6.246189,1.6340603,-1.2998891,0.523,0.072382756
-6.2322297,1.5837997,-1.2935852,0.523,0.0725513
-6.2179546,1.5336287,-1.2872667,0.523,0.07271986
-6.2033625,1.4835495,-1.2809335,0.523,0.072337925
-6.188453,1.4335624,-1.2746335,0.523,0.071955994
-6.1732287,1.3836688,-1.2683668,0.523,0.07157407
-6.1576915,1.3338702,-1.2621332,0.523,0.07048048
-6.141843,1.2841656,-1.2559948,0.523,0.0693869
-6.1256886,1.2345554,-1.2499515,0.523,0.06829332
-6.109233,1.18504,-1.2440032,0.523,0.06703757
-6.092482,1.1356192,-1.2381641,0.523,0.065781824
-6.0754414,1.0862929,-1.2324343,0.523,0.06452608
-6.058117,1.037061,-1.2268137,0.523,0.0624486
-6.0405135,0.9879207,-1.2213737,0.523,0.060371112
-6.022641,0.93887067,-1.2161145,0.523,0.05829363
-6.0045085,0.88990927,-1.2110362,0.523,0.056589432
-5.986126,0.84103584,-1.2061061,0.523,0.05488523
-5.9675007,0.79224896,-1.2013243,0.523,0.053181034
-5.948641,0.7435472,-1.1966909,0.523,0.04681038
-5.929549,0.69491786,-1.192612,0.523,0.040439732
-5.910254,0.6463533,-1.1890881,0.523,0.03406908
-5.8907833,0.5978455,-1.186119,0.523,0.027877474
-5.871165,0.54938644,-1.1836892,0.523,0.021685869
-5.8514256,0.5009678,-1.1817992,0.523,0.015494263
-5.8315926,0.45258093,-1.1804487,0.523,0.011153984
-5.811693,0.4042181,-1.1794764,0.523,0.006813705
-5.7917457,0.35587278,-1.1788825,0.523,0.0024734258
-5.7717695,0.30753833,-1.1786668,0.523,-0.0022987127
-5.751783,0.25920814,-1.1788672,0.523,-0.0070708515
-5.7318063,0.21087506,-1.1794835,0.523,-0.01184299
-5.71186,0.16253185,-1.1805159,0.51716125,-0.0125273885
-5.6921864,0.114708416,-1.1815956,0.51132256,-0.013211787
-5.672786,0.06740433,-1.1827215,0.50548387,-0.013896185
-5.6536603,0.02061928,-1.1838921,0.48951432,-0.027412528
-5.6351967,-0.02469671,-1.1861284,0.47354478,-0.04092887
-5.6174417,-0.06855391,-1.1893578,0.45757526,-0.054445215
-5.6004333,-0.11095992,-1.1935078,0.44582623,-0.07902699
-5.58406,-0.15227754,-1.1993737,0.4340772,-0.10360877
-5.5683904,-0.19250847,-1.206856,0.42232814,-0.12819055
-5.5534806,-0.23165128,-1.2158544,0.41498485,-0.14549385
-5.539211,-0.2701519,-1.2258819,0.40764153,-0.16279715
-5.52561,-0.308008,-1.2368937,0.40029824,-0.18010044
-5.512703,-0.3452153,-1.2488444,0.3785254,-0.18165126
-5.5009227,-0.38053215,-1.2602414,0.35675257,-0.18320209
-5.4902034,-0.41393238,-1.2710736,0.33497974,-0.1847529
-5.480481,-0.4453923,-1.2813298,0.3169304,-0.18775117
-5.471594,-0.47523302,-1.291189,0.29888108,-0.19074944
-5.463495,-0.5034393,-1.3006333,0.28083175,-0.1937477
-5.45614,-0.52999747,-1.309645,0.26698905,-0.1470877
-5.449321,-0.5555126,-1.3161666,0.25314635,-0.10042767
-5.4429765,-0.57988757,-1.3203967,0.23930366,-0.05376765
-5.4370556,-0.60303813,-1.3225402,0.22694272,-0.017823488
-5.43148,-0.62503314,-1.3232142,0.21458177,0.018120676
-5.4262223,-0.6458336,-1.3225662,0.20222084,0.05406484
-5.4212613,-0.6654072,-1.3207449,0.19332035,0.092277534
-5.4164977,-0.6840583,-1.317776,0.18441986,0.13049023
-5.4119205,-0.7017613,-1.3137765,0.17551936,0.16870292
-5.407522,-0.7184957,-1.3088647,0.174607,0.18470496
-5.4030776,-0.735074,-1.3035201,0.17369463,0.20070702
-5.3985825,-0.7514904,-1.2977488,0.17278226,0.21670906
-5.394032,-0.7677394,-1.291557,0.17223553,0.2216913
-5.389401,-0.7838906,-1.2852451,0.17168882,0.22667353
-5.3846884,-0.79994285,-1.2788143,0.1711421,0.23165576
