2.4710343,-9.173961,1.022926,0.655858,0.0
2.505196,-9.117974,1.022926,0.523,-0.055690426
2.5323954,-9.073399,1.0180742,0.523,-0.11138085
2.5596828,-9.029161,1.0083855,0.523,-0.16707128
2.5871825,-8.985534,0.9938901,0.523,-0.24103647
2.614884,-8.942965,0.9730826,0.523,-0.3
2.6430013,-8.901664,0.94732314,0.523,-0.3
2.6721735,-8.8611,0.9215636,0.523,-0.3
2.7023804,-8.821301,0.8958041,0.523,-0.3
2.7336025,-8.782293,0.8700446,0.523,-0.3
2.765819,-8.744103,0.8442851,0.523,-0.3
2.7990086,-8.706755,0.81852555,0.523,-0.3
2.833149,-8.670275,0.79276603,0.523,-0.3
2.8682175,-8.634685,0.7670065,0.523,-0.3
2.9041913,-8.600011,0.741247,0.523,-0.3
2.9410462,-8.566275,0.71548754,0.523,-0.3
2.9787579,-8.533499,0.689728,0.523,-0.3
3.017301,-8.501705,0.6639685,0.523,-0.3
3.0566504,-8.470915,0.638209,0.523,-0.3
3.0967798,-8.441149,0.61244947,0.523,-0.3
3.1376624,-8.412426,0.58668995,0.523,-0.3
3.1792715,-8.384765,0.56093043,0.523,-0.3
3.221579,-8.358186,0.5351709,0.523,-0.3
3.2645574,-8.332705,0.5094114,0.523,-0.3
3.3081775,-8.308339,0.4836519,0.523,-0.3
3.3524108,-8.285105,0.4578924,0.523,-0.3
3.397228,-8.263018,0.4321329,0.523,-0.3
3.442599,-8.242092,0.40637338,0.523,-0.3
3.4884942,-8.2223425,0.38061386,0.523,-0.3
3.5348825,-8.203781,0.35485435,0.523,-0.3
3.581734,-8.186421,0.32909486,0.523,-0.3
3.6290166,-8.170273,0.30333534,0.523,-0.3
3.6766996,-8.155349,0.27757582,0.523,-0.3
3.7247512,-8.141657,0.2518163,0.523,-0.3
3.7731395,-8.129208,0.2260568,0.523,-0.3
3.8218324,-8.11801,0.20029728,0.523,-0.3
3.8707976,-8.108068,0.17453778,0.523,-0.3
3.9200027,-8.099392,0.14877826,0.523,-0.3
3.9694147,-8.091986,0.12301876,0.523,-0.3
4.0190015,-8.085855,0.097259246,0.523,-0.3
4.0687294,-8.081003,0.07149973,0.523,-0.28990743
4.1187186,-8.077423,0.04658196,0.523,-0.27981484
4.16893,-8.075082,0.022508472,0.523,-0.26972225
4.2193265,-8.073948,-0.0007182838,0.523,-0.24897638
4.270014,-8.073984,-0.022197198,0.523,-0.22823049
4.320945,-8.075114,-0.041919027,0.523,-0.2074846
4.3720784,-8.077259,-0.059875283,0.523,-0.17775074
4.423462,-8.080339,-0.07528776,0.523,-0.14801688
4.475044,-8.08423,-0.08814284,0.523,-0.11828302
4.5267763,-8.088802,-0.09842915,0.523,-0.086019576
4.578631,-8.093923,-0.105917946,0.523,-0.05375613
4.630563,-8.099443,-0.11060143,0.523,-0.021492684
4.6825314,-8.105215,-0.11247473,0.523,0.00789156
4.734499,-8.111085,-0.111786865,0.523,0.037275802
4.7864366,-8.116916,-0.108538404,0.523,0.06666005
4.838313,-8.122568,-0.102732174,0.523,0.09250152
4.8901153,-8.127909,-0.09468062,0.523,0.118342996
4.941817,-8.132818,-0.08438911,0.523,0.14418447
4.99339,-8.137181,-0.07186454,0.523,0.17097443
5.044794,-8.140882,-0.05703377,0.523,0.1977644
5.0959916,-8.143805,-0.039907455,0.523,0.22455436
5.146938,-8.145839,-0.020497885,0.523,0.25329715
5.1975584,-8.146876,0.0013458421,0.523,0.28203994
5.247792,-8.146809,0.025605682,0.523,0.31078273
5.29757,-8.1455345,0.052261595,0.523,0.34304875
5.3467555,-8.1429615,0.08158095,0.523,0.3753148
5.395253,-8.138996,0.11353324,0.523,0.40758082
5.44296,-8.133556,0.14808519,0.523,0.43950763
5.4897714,-8.126574,0.18517408,0.523,0.4714344
5.5355697,-8.117994,0.2247621,0.523,0.5033612
5.58023,-8.107783,0.26680893,0.523,0.5345987
5.623641,-8.095919,0.31121996,0.523,0.56583625
5.6656685,-8.082399,0.3579519,0.523,0.59707373
5.706178,-8.0672455,0.4069592,0.523,0.6342947
5.744865,-8.050571,0.458615,0.523,0.6715156
5.7815785,-8.032445,0.5128478,0.523,0.70873654
5.816176,-8.012963,0.5695824,0.523,0.74484545
5.848556,-7.992227,0.628669,0.523,0.78095436
5.8786,-7.970383,0.69003063,0.523,0.81706333
5.9062037,-7.947599,0.7535873,0.523,0.8474101
5.9314494,-7.9239106,0.81892467,0.523,0.8777569
5.954271,-7.899505,0.8859827,0.523,0.9081037
5.9746237,-7.874583,0.9546995,0.523,0.9364084
5.9925356,-7.8492846,1.0249065,0.523,0.9647131
6.0080037,-7.823822,1.0965476,0.523,0.9930178
6.021048,-7.79841,1.1695652,0.523,1.0
6.032084,-7.772396,1.2429134,0.523,1.0
6.0411844,-7.745644,1.3162616,0.523,1.0
6.0482993,-7.7182965,1.3896098,0.523,1.0
6.0533915,-7.690501,1.4629581,0.523,1.0
6.0564327,-7.6624074,1.5363063,0.523,1.0
6.0574074,-7.6341667,1.6096545,0.523,1.0
6.0563097,-7.6059303,1.6830027,0.523,1.0
6.0531454,-7.57785,1.756351,0.523,1.0
6.047932,-7.5500774,1.8296992,0.523,1.0
6.0406976,-7.5227613,1.9030474,0.523,1.0
6.031481,-7.496049,1.9763956,0.523,1.0
6.020331,-7.4700837,2.049744,0.523,1.0
6.0073085,-7.4450054,2.123092,0.523,1.0
5.992483,-7.420949,2.1964402,0.523,1.0
5.975935,-7.3980436,2.2697885,0.523,1.0
5.9577527,-7.3764124,2.3431368,0.523,1.0
5.938034,-7.356172,2.4164848,0.523,1.0
5.916885,-7.337431,2.489833,0.523,1.0
5.8944197,-7.32029,2.5631814,0.523,1.0
5.870758,-7.3048415,2.6365297,0.523,1.0
5.846029,-7.2911687,2.7098777,0.523,0.9825733
5.8196707,-7.279026,2.7823942,0.523,0.9651466
5.7917967,-7.2685595,2.8540568,0.523,0.94771993
5.762531,-7.259905,2.9248438,0.523,0.91675186
5.731456,-7.253062,2.9940217,0.523,0.88578385
5.698726,-7.2481966,3.0615246,0.523,0.8548158
5.664509,-7.245451,3.1272874,0.523,0.8173445
5.628731,-7.244939,-3.0923245,0.523,0.77987313
5.5915904,-7.2467704,-3.0310297,0.523,0.74240184
5.553289,-7.2510223,-2.9721,0.50077254,0.84137934
5.520394,-7.256652,-2.9098737,0.47854504,0.9403569
5.4929376,-7.26313,-2.845448,0.45631757,1.0
5.469356,-7.2703257,-2.7814517,0.4355146,1.0
5.4473343,-7.278618,-2.720373,0.4147116,1.0
5.426886,-7.28778,-2.6622117,0.3939086,1.0
5.408002,-7.297596,-2.606968,0.3728537,1.0
5.390668,-7.3078604,-2.554677,0.35179877,1.0
5.3748407,-7.3183866,-2.505339,0.33074385,1.0
5.3604674,-7.329005,-2.4589536,0.30650607,1.0
5.347618,-7.3394523,-2.4159677,0.2822683,1.0
5.336209,-7.3495727,-2.376381,0.2580305,1.0
5.3261538,-7.35923,-2.3401933,0.23157504,0.9880542
5.317288,-7.3683844,-2.3079674,0.20511958,0.9761084
5.309563,-7.3768926,-2.27965,0.17866413,0.9641626
5.3029327,-7.3846245,-2.2551856,0.15193488,0.9216795
5.2971263,-7.3917403,-2.2350132,0.12520562,0.8791964
5.292204,-7.398028,-2.2189405,0.09847637,0.8367133
5.2882214,-7.4032874,-2.206755,0.072638474,0.77751756
5.2851467,-7.4074516,-2.1982622,0.04680058,0.7183219
5.2830777,-7.4103045,-2.1931288,0.020962687,0.65912616
5.2821116,-7.4116507,-2.190989,-0.0024706621,0.6060695
5.28223,-7.4114857,-2.1912236,-0.025904011,0.5530128
5.283511,-7.4096923,-2.1934915,-0.04933736,0.49995607
5.2860365,-7.4061747,-2.1974332,-0.06932775,0.43882298
5.2897167,-7.4010916,-2.2023425,-0.089318134,0.37768993
5.2946186,-7.3943906,-2.2078323,-0.10930852,0.31655684
5.3007975,-7.38604,-2.2135036,-0.12575057,0.25901556
5.308083,-7.37631,-2.2188716,-0.14219262,0.2014743
5.316493,-7.365203,-2.223614,-0.15863466,0.14393303
5.3260293,-7.3527317,-2.2274063,-0.17244136,0.10947515
5.3364925,-7.339155,-2.2305465,-0.18624808,0.075017266
5.347876,-7.32448,-2.232873,-0.20005478,0.04055939
5.360164,-7.3087144,-2.2342248,-0.20809802,0.026277388
5.372975,-7.292324,-2.235136,-0.21614127,0.011995387
5.3863,-7.275308,-2.2355683,-0.2241845,-0.002286613
5.4001293,-7.2576637,-2.2354827,-0.22881742,-0.011961425
5.4142423,-7.2396545,-2.2350266,-0.23345035,-0.021636236
5.42863,-7.221277,-2.234185,-0.23808327,-0.031311046
5.4432836,-7.2025275,-2.2329426,-0.24126351,-0.038782597
5.4581056,-7.183514,-2.2313836,-0.24444374,-0.046254147
5.4730883,-7.1642327,-2.2294998,-0.24762398,-0.053725697
5.488223,-7.144679,-2.2272835,-0.24994181,-0.059907
5.503451,-7.1249156,-2.2247896,-0.25225964,-0.066088304
5.5187635,-7.1049385,-2.222013,-0.25457746,-0.07226961
5.534155,-7.0847435,-2.2189493,-0.25640276,-0.07780075
5.5495872,-7.064365,-2.215628,-0.2582281,-0.08333189
5.565055,-7.043799,-2.2120457,-0.2600534,-0.08886303
5.5805497,-7.0230417,-2.2081993,-0.26174286,-0.09441996
5.596057,-7.0021005,-2.2040863,-0.26343232,-0.0999769
5.611569,-6.980972,-2.1997042,-0.2651218,-0.10553383
5.627078,-6.9596515,-2.1950495,-0.26684016,-0.11098255
5.642579,-6.9381332,-2.1901238,-0.26855853,-0.11643128
5.658063,-6.9164133,-2.1849241,-0.2702769,-0.12188
5.673522,-6.8944883,-2.1794477,-0.27217117,-0.12752683
5.688957,-6.87234,-2.1736784,-0.27406546,-0.13317366
5.7043595,-6.849965,-2.1676133,-0.27595976,-0.1388205
5.71972,-6.827359,-2.161249,-0.27794963,-0.1443954
5.735033,-6.8045106,-2.1545832,-0.2799395,-0.14997031
5.75029,-6.781415,-2.147612,-0.28192937,-0.1555452
5.7654796,-6.758069,-2.140333,-0.28384122,-0.16028765
5.780589,-6.734472,-2.1327825,-0.28575304,-0.16503009
5.795609,-6.71062,-2.1249585,-0.2876649,-0.16977252
5.810529,-6.68651,-2.116858,-0.28924787,-0.17183909
5.8253293,-6.6621556,-2.1086147,-0.29083085,-0.17390564
5.840003,-6.637555,-2.1002276,-0.29241383,-0.1759722
5.854543,-6.6127067,-2.0916955,-0.29343775,-0.17691645
5.8689184,-6.587652,-2.0830884,-0.29446164,-0.1778607
5.8831244,-6.5623913,-2.0744054,-0.29548553,-0.17880495
5.897157,-6.536924,-2.0656466,-0.29632315,-0.17966503
5.9110026,-6.5112658,-2.056821,-0.2971608,-0.1805251
5.9246583,-6.485418,-2.0479288,-0.29799843,-0.18138516
5.9381185,-6.4593806,-2.0389693,-0.2987765,-0.18235987
5.9513774,-6.43316,-2.0299387,-0.29955462,-0.18333459
5.964431,-6.406757,-2.0208368,-0.3003327,-0.1843093
5.977274,-6.3801723,-2.0116634,-0.30110943,-0.1852997
5.989903,-6.3534064,-2.002417,-0.3018862,-0.18629009
6.0023136,-6.326461,-1.9930983,-0.30266297,-0.18728048
6.014502,-6.2993364,-1.9837062,-0.30336088,-0.18861525
6.026459,-6.2720428,-1.9742262,-0.3040588,-0.18995002
6.0381813,-6.2445807,-1.964658,-0.30475673,-0.19128479
6.049663,-6.216952,-1.9550014,-0.30542067,-0.19274369
6.060899,-6.189161,-1.9452506,-0.3060846,-0.1942026
6.071884,-6.1612086,-1.9354057,-0.30674857,-0.19566151
6.0826135,-6.133097,-1.9254663,-0.30740392,-0.19591111
6.093085,-6.104821,-1.915493,-0.3080593,-0.1961607
6.103295,-6.0763836,-1.905486,-0.3087147,-0.19641031
6.1132402,-6.0477858,-1.895445,-0.30941486,-0.1967744
6.1229196,-6.0190263,-1.8853629,-0.310115,-0.19713846
6.1323285,-5.990108,-1.8752395,-0.3108152,-0.19750254
6.1414647,-5.961032,-1.8650748,-0.3115259,-0.19825035
6.1503234,-5.9318027,-1.8548487,-0.31223664,-0.19899817
6.158901,-5.9024215,-1.8445612,-0.31294736,-0.19974598
6.167194,-5.8728914,-1.834212,-0.31366393,-0.2005139
6.175197,-5.8432136,-1.8237997,-0.3143805,-0.20128182
6.1829076,-5.813391,-1.8133243,-0.31509706,-0.20204973
6.190321,-5.783426,-1.8027855,-0.31582883,-0.20288882
6.1974335,-5.7533193,-1.7921789,-0.3165606,-0.20372792
6.204241,-5.7230744,-1.7815044,-0.3172924,-0.20456702
6.2107387,-5.692694,-1.7707617,-0.31804132,-0.20549044
6.216923,-5.6621795,-1.7599459,-0.31879023,-0.20641385
6.22279,-5.6315336,-1.7490565,-0.31953916,-0.20733728
6.2283344,-5.6007595,-1.7380934,-0.32026678,-0.20901369
6.2335515,-5.569867,-1.7270178,-0.3209944,-0.2106901
6.2384353,-5.53886,-1.7158291,-0.32172203,-0.2123665
6.2429805,-5.5077405,-1.7045274,-0.3223013,-0.21501133
6.247179,-5.476534,-1.6930665,-0.3228806,-0.21765615
6.251024,-5.445243,-1.681446,-0.32345986,-0.22030097
6.2545094,-5.413872,-1.6696653,-0.32395923,-0.22274467
6.257628,-5.3824306,-1.6577379,-0.32445863,-0.22518837
6.2603745,-5.350923,-1.6456631,-0.32495803,-0.22763206
6.262742,-5.3193545,-1.6334409,-0.32538158,-0.22585358
6.2647276,-5.287705,-1.6212965,-0.32580513,-0.2240751
6.266331,-5.2559795,-1.6092306,-0.32622868,-0.22229661
6.267554,-5.2241826,-1.5972434,-0.3267556,-0.2204081
6.268397,-5.192309,-1.585337,-0.32728252,-0.21851958
6.2688613,-5.1603622,-1.5735121,-0.32780945,-0.21663107
6.2689486,-5.1283474,-1.5617689,-0.32846072,-0.21411301
6.2686586,-5.096253,-1.5501369,-0.329112,-0.21159495
6.267994,-5.0640826,-1.5386169,-0.32976326,-0.2090769
6.266956,-5.031841,-1.5272095,-0.33073458,-0.20558442
6.2655454,-4.9994946,-1.5159568,-0.33170593,-0.20209195
6.2637644,-4.967048,-1.5048602,-0.33267727,-0.19859947
6.2616153,-4.934505,-1.4939208,-0.33411008,-0.19453466
6.2590976,-4.901821,-1.4831563,-0.33554292,-0.19046986
6.2562137,-4.869,-1.4725689,-0.33697575,-0.18640505
6.2529664,-4.8360457,-1.4621603,-0.33865154,-0.18223113
6.2493553,-4.802938,-1.4519317,-0.34032735,-0.1780572
6.2453837,-4.7696795,-1.4418854,-0.34200314,-0.17388327
6.241053,-4.7362742,-1.4320239,-0.34384793,-0.16953786
6.236365,-4.7027082,-1.4223545,-0.34569272,-0.16519244
6.231322,-4.668985,-1.4128801,-0.34753752,-0.16084702
6.2259274,-4.6351066,-1.4036034,-0.34950063,-0.1564566
6.220182,-4.6010647,-1.394527,-0.35146376,-0.15206619
6.21409,-4.566862,-1.3856536,-0.3534269,-0.14767577
6.2076545,-4.5325017,-1.3769864,-0.35546917,-0.14330459
6.2008786,-4.4979777,-1.3685254,-0.35751146,-0.13893342
6.1937656,-4.463293,-1.3602736,-0.35955372,-0.13456224
6.18632,-4.428449,-1.3522342,-0.3616556,-0.13022657
6.1785445,-4.393443,-1.3444068,-0.36375743,-0.12589091
6.170444,-4.358276,-1.3367947,-0.36585927,-0.12155524
6.1620235,-4.32295,-1.3294009,-0.3678875,-0.11664678
6.153289,-4.2874703,-1.322265,-0.3699157,-0.11173833
6.144246,-4.251839,-1.3153903,-0.37194392,-0.106829874
6.134903,-4.2160563,-1.3087804,-0.37398836,-0.10098141
6.125265,-4.180118,-1.3024969,-0.3760328,-0.09513294
6.1153417,-4.144024,-1.2965437,-0.37807724,-0.08928447
6.105143,-4.1077743,-1.290925,-0.3799234,-0.08410402
6.0946856,-4.071389,-1.2856058,-0.38176957,-0.07892357
6.083978,-4.0348682,-1.2805892,-0.38361573,-0.07374311
6.073031,-3.9982107,-1.2758787,-0.3849206,-0.06883444
6.061869,-3.9614677,-1.2714663,-0.38622546,-0.06392577
6.0505037,-3.924638,-1.2673541,-0.38753033,-0.059017103
6.0389442,-3.8877199,-1.2635444,-0.3887898,-0.055751927
6.0272036,-3.8507192,-1.2599337,-0.39004928,-0.052486748
6.0152893,-3.8136349,-1.2565233,-0.39130878,-0.049221568
6.0032077,-3.7764657,-1.2533144,-0.3933733,-0.046682864
5.990941,-3.739135,-1.2502549,-0.39543784,-0.04414416
5.9784937,-3.7016418,-1.2473464,-0.39750233,-0.041605454
5.9658704,-3.6639855,-1.2445909,-0.40001258,-0.037507694
5.9530606,-3.6261203,-1.2420908,-0.4025228,-0.033409934
5.940074,-3.5880444,-1.2398498,-0.40503305,-0.029312175
5.9269185,-3.5497556,-1.2378714,-0.40742362,-0.023303121
5.913607,-3.5112607,-1.2362891,-0.4098142,-0.017294068
5.9001546,-3.4725566,-1.235108,-0.4122048,-0.011285013
5.8865767,-3.4336393,-1.2343328,-0.4145837,-0.0065436186
5.8728895,-3.3945065,-1.2338806,-0.41696262,-0.001802224
5.8591056,-3.3551545,-1.2337554,-0.4193415,0.0029391707
5.845238,-3.31558,-1.2339607,-0.42169917,0.00786342
5.8313017,-3.275781,-1.2345134,-0.42405683,0.01278767
5.81731,-3.2357538,-1.2354172,-0.4264145,0.017711919
5.8032775,-3.1954944,-1.2366759,-0.42909613,0.02446199
5.78921,-3.1549697,-1.2384251,-0.4317778,0.031212062
5.7751284,-3.1141748,-1.2406709,-0.43445945,0.03796213
5.761055,-3.0731046,-1.243419,-0.4375015,0.04388432
5.747,-3.031718,-1.2466179,-0.44054353,0.049806505
5.732985,-2.99001,-1.2502735,-0.44358554,0.055728693
5.7190313,-2.947976,-1.2543913,-0.4469969,0.060787685
5.705148,-2.9055736,-1.2589172,-0.45040825,0.065846674
5.6913576,-2.8627987,-1.2638566,-0.4538196,0.07090567
5.6776805,-2.8196464,-1.2692152,-0.45754588,0.07668814
5.6641297,-2.7760851,-1.2750576,-0.46127218,0.08247061
5.650732,-2.7321105,-1.2813905,-0.46499845,0.08825309
5.637513,-2.6877177,-1.2882214,-0.46922237,0.09688987
5.624491,-2.6428678,-1.2957866,-0.47344628,0.105526656
5.6117063,-2.5975556,-1.304098,-0.4776702,0.11416344
5.5991993,-2.5517774,-1.3131671,-0.4814532,0.1258054
5.587029,-2.505589,-1.3232354,-0.48523623,0.13744736
5.575251,-2.4589884,-1.3343161,-0.48901924,0.1490893
5.5639215,-2.411975,-1.3464224,-0.49236542,0.15826496
5.5531034,-2.3645723,-1.3593556,-0.49571157,0.16744062
5.5428452,-2.316783,-1.3731247,-0.4990577,0.17661628
5.533197,-2.2686102,-1.3877388,-0.50181323,0.18398456
5.524216,-2.2201002,-1.4030398,-0.5045687,0.19135284
5.5159454,-2.1712596,-1.4190335,-0.5073242,0.19872111
5.508426,-2.1220973,-1.4357258,-0.50907093,0.20397267
5.5017133,-2.0726995,-1.4529122,-0.51081765,0.20922422
5.4958367,-2.0230787,-1.4705951,-0.51256436,0.21447577
5.4908266,-1.9732478,-1.488777,-0.5126508,0.21597283
5.4867244,-1.923342,-1.507087,-0.5127372,0.21746987
5.4835367,-1.8733776,-1.5255251,-0.51282364,0.21896693
5.4812713,-1.8233709,-1.5440911,-0.5119746,0.21771412
5.4799366,-1.7734,-1.562522,-0.5111255,0.2164613
5.4795237,-1.7234819,-1.5808182,-0.51027644,0.21520847
5.480023,-1.6736338,-1.5989798,-0.50901586,0.21205038
5.4814253,-1.6238922,-1.6168349,-0.5077553,0.20889229
5.4837112,-1.574273,-1.6343843,-0.5064947,0.20573418
5.486862,-1.524792,-1.6516292,-0.505257,0.20000988
5.4908605,-1.4754351,-1.6683599,-0.5040193,0.19428559
5.4956775,-1.4262166,-1.684578,-0.5027816,0.18856129
5.5012846,-1.377149,-1.7002854,-0.5012914,0.18315876
5.5076494,-1.328271,-1.7155026,-0.49980116,0.17775622
5.5147433,-1.2795926,-1.7302319,-0.4983109,0.17235368
5.522537,-1.2311225,-1.7444754,-0.49834523,0.16568057
5.531031,-1.1827098,-1.7581736,-0.49837956,0.15900746
5.540198,-1.134362,-1.7713257,-0.49841386,0.15233435
5.5500107,-1.086085,-1.783931,-0.4995006,0.14547203
5.560465,-1.0377808,-1.7959989,-0.5005873,0.1386097
5.571536,-0.98945403,-1.8075264,-0.50167406,0.1317474
5.5831995,-0.94110847,-1.8185102,-0.5024684,0.12354262
5.5954256,-0.89276665,-1.8288299,-0.5032628,0.11533784
5.6081824,-0.8444298,-1.8384827,-0.50405717,0.10713307
5.6214385,-0.79609793,-1.8474656,-0.5045097,0.096609145
5.6351547,-0.7477919,-1.8555764,-0.5049622,0.08608522
5.649289,-0.69950897,-1.8628124,-0.5054147,0.0755613
5.663798,-0.65124524,-1.8691714,-0.50557345,0.0688317
5.6786246,-0.60303617,-1.8749667,-0.5057322,0.062102087
5.6937423,-0.5548775,-1.8801979,-0.50589085,0.055372477
5.7091227,-0.5067644,-1.8848642,-0.50675315,0.051357
5.7247567,-0.45863146,-1.8891999,-0.50761545,0.047341526
5.74063,-0.4104754,-1.8932035,-0.50847775,0.04332605
5.7567263,-0.3622928,-1.8968741,-0.5105792,0.039453752
5.773069,-0.31396294,-1.9002306,-0.5126807,0.03558145
5.789644,-0.2654825,-1.9032702,-0.5147822,0.031709153
5.806437,-0.21684779,-1.9059904,-0.517812,0.027942259
5.823464,-0.16796748,-1.9084016,-0.52084184,0.024175365
5.8407106,-0.11883779,-1.9104999,-0.523,0.02040847
5.858134,-0.06953682,-1.9122788,-0.523,0.014565408
5.8756466,-0.02026189,-1.9135484,-0.523,0.008722347
5.893223,0.02899412,-1.9143087,-0.523,0.0028792857
5.910837,0.07823842,-1.9145596,-0.523,0.0024647892
5.928464,0.12747836,-1.9147744,-0.523,0.0020502924
5.946101,0.17671455,-1.9149531,-0.523,0.0016357958
5.9637475,0.22594762,-1.9150958,-0.523,0.00028890968
5.9814005,0.27517825,-1.915121,-0.523,-0.0010579765
5.999055,0.3244084,-1.9150287,-0.523,-0.0024048625
6.0167046,0.37364006,-1.9148191,-0.523,0.0026474297
6.034344,0.4228754,-1.9150499,-0.523,0.007699722
6.051995,0.47210538,-1.915721,-0.523,0.012752014
6.0696774,0.52132094,-1.9168326,-0.523,0.011444062
6.0874147,0.5705176,-1.91783,-0.523,0.01013611
6.1052017,0.6196973,-1.9187136,-0.523,0.008828158
6.123032,0.6688618,-1.9194831,-0.523,0.007007378
6.1409006,0.7180133,-1.9200939,-0.523,0.0051865997
6.1587996,0.7671544,-1.9205459,-0.523,0.0033658207
6.1767206,0.8162878,-1.9208393,-0.523,0.004187149
6.1946564,0.8654158,-1.9212043,-0.523,0.005008477
6.21261,0.9145371,-1.9216409,-0.523,0.005829805
6.230584,0.9636502,-1.9221491,-0.523,0.008325237
6.248584,1.0127535,-1.9228747,-0.523,0.010820669
6.2666183,1.0618423,-1.9238179,-0.523,0.0133161
6.2846985,1.1109128,-1.9249786,-0.523,0.017433386
6.3028345,1.1599591,-1.9264982,-0.523,0.021550674
6.321044,1.2089739,-1.9283766,-0.523,0.02566796
6.339343,1.2579496,-1.9306136,-0.5176227,0.036825947
6.3575563,1.3063642,-1.93379,-0.5122454,0.047983937
6.3757243,1.3541957,-1.9378849,-0.5068681,0.059141926
6.3938837,1.4014229,-1.9428782,-0.4855523,0.07765266
6.4114833,1.4465193,-1.9491559,-0.4642365,0.0961634
6.4285526,1.4894601,-1.9565849,-0.44292068,0.114674136
6.44511,1.5302273,-1.9650316,-0.41540504,0.13896884
6.4609118,1.5682116,-1.9746221,-0.38788936,0.16326356
6.4759507,1.6034062,-1.98513,-0.3603737,0.18755826
6.4902043,1.6358156,-1.9963292,-0.3324235,0.20412679
6.503642,1.6654648,-2.0075603,-0.30447328,0.22069532
6.516209,1.6923847,-2.018669,-0.27652308,0.23726386
6.5278487,1.7166114,-2.0295014,-0.25073913,0.2501682
6.538605,1.7383935,-2.0398471,-0.22495516,0.26307258
6.5484242,1.7577691,-2.049597,-0.1991712,0.27597693
6.5572534,1.7747777,-2.0586424,-0.18255177,0.30087698
6.5654254,1.7901788,-2.0676591,-0.16593236,0.32577702
6.572919,1.8039984,-2.0765102,-0.14931294,0.3506771
6.579712,1.8162657,-2.0850592,-0.13907622,0.3429295
6.5861545,1.8276694,-2.092853,-0.1288395,0.33518195
6.5922217,1.8382157,-2.0999165,-0.11860277,0.3274344
6.5978904,1.8479102,-2.106274,-0.12066507,0.30847588
6.603757,1.8577979,-2.1123798,-0.12272738,0.2895174
6.60982,1.8678765,-2.1182194,-0.124789685,0.2705589
6.616079,1.8781444,-2.123778,-0.123696014,0.2565066
6.622363,1.888326,-2.1290083,-0.12260235,0.24245426
6.6286674,1.898421,-2.1339142,-0.12150869,0.22840194
6.6349854,1.9084289,-2.1384995,-0.12192444,0.21433057
6.6413913,1.9184736,-2.1428218,-0.122340195,0.2002592
6.6478815,1.9285544,-2.1468778,-0.122755945,0.18618782
6.654453,1.9386709,-2.150665,-0.12219144,0.16822878
6.661053,1.9487484,-2.154075,-0.12162693,0.15026973
6.6676764,1.9587857,-2.1571095,-0.12106242,0.13231069
6.6743164,1.9687818,-2.1597714,-0.121313356,0.117792994
6.681009,1.9787993,-2.1621475,-0.121564284,0.10327529
6.68775,1.9888376,-2.1642363,-0.12181521,0.08875759
6.694535,1.9988966,-2.166036,-0.1166913,0.08151622
6.701056,2.0085268,-2.1676195,-0.111567385,0.07427485
6.7073092,2.0177293,-2.1689994,-0.10644347,0.067033485
6.71329,2.0265055,-2.1701877,-0.10409787,0.08040097
6.719144,2.0350728,-2.1715813,-0.10175227,0.09376846
6.7248707,2.0434294,-2.1731691,-0.09940666,0.107135944
6.7304707,2.0515735,-2.1749406,-0.10000393,0.12062289
6.73611,2.059744,-2.1769462,-0.100601204,0.13410984
6.74179,2.0679376,-2.179188,-0.10119847,0.14759678
6.747511,2.0761514,-2.1816685,-0.10417223,0.15987808
6.75341,2.084576,-2.1844325,-0.10714598,0.17215936
6.7594886,2.0932062,-2.1874917,-0.11011974,0.18444064
6.7657495,2.1020372,-2.1908576,-0.11658496,0.21281147
6.7723713,2.1113114,-2.1949615,-0.123050176,0.24118231
6.779354,2.1210072,-2.19986,-0.1295154,0.26955315
6.7867,2.1311014,-2.2056084,-0.13978417,0.30710495
6.7946014,2.14183,-2.2126513,-0.15005295,0.34465677
6.8030567,2.1531422,-2.221101,-0.16032173,0.38220856
6.8120623,2.1649816,-2.231067,-0.16941205,0.40373877
6.8216176,2.1772864,-2.2421594,-0.17850238,0.42526898
6.8317323,2.1900177,-2.2544334,-0.1875927,0.4467992
6.8424177,2.2031338,-2.2679427,-0.19306631,0.41687348
6.8537517,2.2166681,-2.2809715,-0.19853991,0.38694778
6.865739,2.2306092,-2.2934585,-0.20401353,0.35702208
6.8783813,2.2449462,-2.3053417,-0.2047993,0.324417
6.8913918,2.2593524,-2.316222,-0.20558506,0.2918119
6.904747,2.2738202,-2.3260794,-0.20637083,0.2592068
6.918421,2.2883437,-2.3348954,-0.2004639,0.2367937
6.931904,2.3024132,-2.342733,-0.19455698,0.21438058
6.9451637,2.3160355,-2.3496313,-0.18865006,0.19196746
