1.8960737,-1.8966755,-2.6233025,0.57160425,0.0
1.8464203,-1.9249924,-2.6233025,0.523,0.099225365
1.8012125,-1.9507742,-2.6146677,0.4930941,0.19845073
1.759428,-1.9750842,-2.5984652,0.46318817,0.2976761
1.7215186,-1.9979696,-2.575823,0.4338513,0.39467537
1.6877096,-2.019439,-2.54802,0.40451443,0.49167466
1.6581495,-2.0393844,-2.516191,0.37517753,0.58867395
1.6328527,-2.057651,-2.481471,0.348298,0.6819463
1.6114932,-2.0742323,-2.444882,0.3214185,0.77521855
1.5938855,-2.0889645,-2.40739,0.29453897,0.8684909
1.5797608,-2.1017122,-2.3699172,0.27097023,0.95391905
1.5685256,-2.1126432,-2.333079,0.24740146,1.0
1.5592946,-2.122311,-2.2983823,0.22383271,1.0
1.5512514,-2.1313426,-2.266991,0.20341505,1.0
1.5442032,-2.1397755,-2.238463,0.18299739,1.0
1.5380813,-2.1475399,-2.2127984,0.16257972,1.0
1.5328213,-2.154575,-2.1899974,0.14417154,1.0
1.5283004,-2.1609185,-2.169778,0.12576336,1.0
1.5244693,-2.1665306,-2.1521404,0.10735518,1.0
1.521284,-2.1713781,-2.1370842,0.09262408,1.0
1.518599,-2.1756015,-2.1240942,0.07789299,1.0
1.5163875,-2.179182,-2.1131701,0.063161895,1.0
1.514626,-2.1821048,-2.104312,0.050610483,1.0
1.5132353,-2.1844594,-2.097214,0.038059067,1.0
1.5122021,-2.1862373,-2.0918765,0.025507653,1.0
1.5115161,-2.1874325,-2.088299,0.014546383,1.0
1.5111272,-2.1881156,-2.0862591,0.0035851146,1.0
1.5110317,-2.1882842,-2.0857563,-0.007376154,1.0
1.5112281,-2.1879373,-2.0867908,-0.017090393,1.0
1.5116836,-2.187134,-2.0891876,-0.026804632,1.0
1.5124012,-2.1858761,-2.0929468,-0.036518868,1.0
1.5133853,-2.184166,-2.0980685,-0.04573121,1.0
1.5146286,-2.1820307,-2.104482,-0.05494355,1.0
1.5161388,-2.1794748,-2.1121876,-0.06415589,1.0
1.517925,-2.1765041,-2.121185,-0.074063994,1.0
1.520018,-2.1730936,-2.1315722,-0.083972104,1.0
1.522431,-2.1692514,-2.143349,-0.093880214,1.0
1.5251791,-2.1649878,-2.1565151,-0.105654664,1.0
1.5283349,-2.1602309,-2.1713326,-0.117429115,1.0
1.5319201,-2.1549964,-2.1878016,-0.12920356,1.0
1.5359592,-2.1493025,-2.2059216,-0.14400977,1.0
1.5405755,-2.143039,-2.2261183,-0.15881598,1.0
1.5458047,-2.1362357,-2.2483916,-0.17362219,1.0
1.5516858,-2.1289272,-2.2727413,-0.19133863,0.9942871
1.5584204,-2.120963,-2.2994766,-0.20905508,0.98857415
1.5660752,-2.1123867,-2.3285787,-0.22677152,0.9828612
1.57472,-2.1032507,-2.3600276,-0.2463496,0.9307517
1.5851632,-2.0928872,-2.392959,-0.2659277,0.87864214
1.5975969,-2.0813358,-2.4270809,-0.28550577,0.82653254
1.6122074,-2.0686626,-2.4620833,-0.30271563,0.7553983
1.6293501,-2.0548139,-2.4966726,-0.3199255,0.68426394
1.6491613,-2.0399115,-2.530377,-0.33713534,0.6131297
1.671742,-2.0240886,-2.5627098,-0.35414037,0.5299968
1.6973193,-2.007372,-2.592548,-0.3711454,0.44686395
1.72587,-1.9899048,-2.6192791,-0.38815042,0.3637311
1.757309,-1.9718074,-2.642294,-0.4052636,0.2757056
1.7915441,-1.9531357,-2.6606812,-0.42237678,0.18768016
1.8283334,-1.9339403,-2.6738157,-0.43948996,0.09965469
1.8673664,-1.9142219,-2.6811032,-0.45362845,0.009994859
1.908002,-1.8940642,-2.6818588,-0.46776694,-0.079664975
1.9497889,-1.8733748,-2.6756546,-0.48190546,-0.16932482
1.9922267,-1.8520342,-2.6621199,-0.49383816,-0.25168127
2.0346615,-1.8299706,-2.6416228,-0.5057709,-0.3
2.0770655,-1.806807,-2.6167119,-0.51770365,-0.3
2.1198657,-1.7820231,-2.5912132,-0.523,-0.3
2.1624513,-1.7558913,-2.5654538,-0.523,-0.3
2.2043498,-1.7286713,-2.5396943,-0.523,-0.3
2.2455332,-1.7003813,-2.5139349,-0.523,-0.3
2.2859745,-1.6710398,-2.4881752,-0.523,-0.3
2.3256466,-1.6406665,-2.4624157,-0.523,-0.3
2.3645232,-1.6092813,-2.4366562,-0.523,-0.3
2.4025784,-1.5769054,-2.4108968,-0.523,-0.3
2.4397871,-1.5435599,-2.385137,-0.523,-0.3
2.4761248,-1.5092672,-2.3593776,-0.523,-0.3
2.511567,-1.4740498,-2.3336182,-0.523,-0.3
2.5460904,-1.4379313,-2.3078587,-0.523,-0.3
2.579672,-1.4009356,-2.2820992,-0.523,-0.3
2.6122897,-1.3630872,-2.2563396,-0.523,-0.3
2.6439216,-1.3244113,-2.23058,-0.523,-0.3
2.674547,-1.2849333,-2.2048206,-0.523,-0.3
2.7041452,-1.2446798,-2.1790612,-0.523,-0.3
2.732697,-1.2036772,-2.1533015,-0.523,-0.3
2.760183,-1.1619529,-2.127542,-0.523,-0.3
2.7865853,-1.1195344,-2.1017826,-0.523,-0.3
2.8118865,-1.0764499,-2.076023,-0.523,-0.3
2.8360693,-1.0327281,-2.0502636,-0.523,-0.3
2.8591182,-0.9883979,-2.024504,-0.523,-0.3
2.8810174,-0.9434888,-1.9987445,-0.523,-0.3
2.9017527,-0.89803046,-1.972985,-0.523,-0.3
2.9213104,-0.85205317,-1.9472255,-0.523,-0.3
2.9396772,-0.8055874,-1.921466,-0.523,-0.3
2.9568412,-0.75866395,-1.8957064,-0.523,-0.3
2.972791,-0.711314,-1.869947,-0.523,-0.3
2.987516,-0.663569,-1.8441875,-0.523,-0.3
3.0010061,-0.6154605,-1.8184279,-0.523,-0.3
3.0132527,-0.56702054,-1.7926685,-0.523,-0.3
3.0242476,-0.51828116,-1.7669089,-0.523,-0.3
3.0339835,-0.46927482,-1.7411494,-0.523,-0.3
3.042454,-0.42003396,-1.7153898,-0.523,-0.3
3.0496533,-0.37059125,-1.6896304,-0.523,-0.3
3.0555768,-0.32097954,-1.6638708,-0.522922,-0.3
3.0602198,-0.2712391,-1.6381152,-0.522844,-0.3
3.0635798,-0.22140305,-1.6123633,-0.522766,-0.3
3.065655,-0.17150444,-1.5866153,-0.5219118,-0.3
3.0664437,-0.12165055,-1.5609095,-0.52105755,-0.3
3.0659516,-0.07187445,-1.5352457,-0.52020335,-0.3
3.0641851,-0.022208927,-1.5096239,-0.5186335,-0.3
3.0611563,0.027245346,-1.4840794,-0.5170636,-0.3
3.056878,0.07645671,-1.4586123,-0.51549375,-0.3
3.051365,0.12539414,-1.4332225,-0.5131182,-0.3
3.0446422,0.17395104,-1.4079497,-0.5107427,-0.3
3.0367315,0.2220986,-1.3827939,-0.5083672,-0.3
3.0276546,0.269809,-1.3577551,-0.5052586,-0.3
3.017449,0.31698698,-1.3328694,-0.50215006,-0.3
3.0061424,0.36360776,-1.3081368,-0.49904153,-0.3
2.9937637,0.40964788,-1.2835573,-0.49531516,-0.3
2.980358,0.45502847,-1.2591614,-0.49158877,-0.3
2.965958,0.4997297,-1.234949,-0.4878624,-0.3
2.9505978,0.54373306,-1.2109201,-0.48376688,-0.3
2.9343224,0.5869885,-1.187093,-0.47967136,-0.3
2.9171677,0.6294811,-1.1634675,-0.4755758,-0.3
2.8991687,0.67119735,-1.1400439,-0.46963963,-0.3
2.8804345,0.71196526,-1.1169125,-0.46370342,-0.3
2.8610113,0.75177926,-1.0940735,-0.45776725,-0.3
2.8409438,0.79063547,-1.071527,-0.45010012,-0.3
2.8203561,0.8283863,-1.049358,-0.442433,-0.3
2.7993016,0.86503637,-1.0275667,-0.43476588,-0.3
2.7778323,0.90059197,-1.006153,-0.42469743,-0.3
2.7561212,0.93486714,-0.9852353,-0.41462895,-0.3
2.7342293,0.96787906,-0.9648134,-0.40456048,-0.3
2.712216,0.9996464,-0.9448874,-0.39126176,-0.3
2.6903183,1.0299392,-0.92561644,-0.377963,-0.3
2.6686049,1.0587894,-0.9070005,-0.36466426,-0.3
2.647141,1.0862296,-0.8890396,-0.3453702,-0.27133068
2.6261735,1.1120653,-0.8736122,-0.32607612,-0.24266139
2.6058507,1.1363317,-0.8605536,-0.30678207,-0.21399207
2.5863042,1.1590614,-0.84969544,-0.281283,-0.14510503
2.5679288,1.1799661,-0.84291667,-0.25578395,-0.07621801
2.5509613,1.199007,-0.8396706,-0.23028487,-0.007330978
2.5355854,1.2161496,-0.83938926,-0.20250979,0.08564697
2.522109,1.2311658,-0.84227645,-0.17473473,0.17862493
2.510661,1.2439964,-0.8474508,-0.14695965,0.27160287
2.50129,1.2546086,-0.8540218,-0.11837124,0.3673986
2.4940326,1.2629373,-0.861108,-0.08978283,0.46319428
2.4887989,1.2690303,-0.867794,-0.06119442,0.55899
2.4854448,1.2729883,-0.87320286,-0.03239727,0.6529635
2.4837918,1.2749604,-0.8764833,-0.0036001217,0.7469371
2.4836228,1.2751634,-0.87689096,0.025197027,0.8409107
2.484697,1.2738719,-0.8737613,0.053820703,0.9229947
2.486782,1.2713816,-0.8666084,0.08244438,1.0
2.489666,1.2679868,-0.855046,0.111068055,1.0
2.4936037,1.2634584,-0.8394692,0.13896325,1.0
2.4986181,1.2578701,-0.81998026,0.16685845,1.0
2.5047688,1.2512786,-0.7965792,0.19475365,1.0
2.5121257,1.2437553,-0.76926595,0.22074126,1.0
2.5206943,1.235459,-0.7383081,0.24672888,1.0
2.5305538,1.2264868,-0.7037055,0.2727165,1.0
2.5417883,1.2169527,-0.6654583,0.29305843,1.0
2.554244,1.2071764,-0.6243583,0.31340036,1.0
2.5679824,1.1972777,-0.5804054,0.3337423,1.0
2.5830617,1.1873895,-0.5335997,0.34426624,1.0
2.5990765,1.1779286,-0.485318,0.35479018,1.0
2.6160324,1.1689862,-0.4355604,0.36531413,1.0
2.6339276,1.1606584,-0.38432688,0.36932757,1.0
2.6524267,1.1531765,-0.33253047,0.37334102,1.0
2.6714935,1.1465918,-0.2801712,0.37735447,1.0
2.691087,1.140954,-0.22724904,0.37821504,1.0
2.7109966,1.13635,-0.17420621,0.37907565,1.0
2.7311683,1.1328,-0.12104268,0.37993622,1.0
2.7515461,1.1303213,-0.06775846,0.37871513,1.0
2.7719612,1.1289358,-0.014645499,0.37749404,1.0
2.792355,1.1286372,0.038296215,0.37627295,1.0
2.8126702,1.1294155,0.09106667,0.37425774,0.99220127
2.8330517,1.1312767,0.14329009,0.37224254,0.9844026
2.853439,1.1342182,0.19496614,0.37022737,0.97660387
2.873773,1.1382337,0.24609458,0.3687775,0.9569659
2.8943748,1.1434085,0.2963373,0.3673277,0.937328
2.915171,1.1497581,0.3456804,0.36587787,0.91769004
2.9360883,1.1572914,0.39411044,0.3654366,0.8997155
2.9570704,1.1660172,0.44180906,0.3649954,0.8817409
2.9780488,1.1759398,0.4887625,0.36455417,0.8637664
2.998957,1.1870587,0.53495723,0.36513433,0.8451484
3.0198026,1.1994117,0.5804815,0.3657145,0.82653046
3.040519,1.2129989,0.6253173,0.36629465,0.80791247
3.0610409,1.2278149,0.6694464,0.36704007,0.78955984
3.081308,1.2438533,0.7128821,0.3677855,0.77120715
3.1012585,1.2611016,0.7556066,0.36853093,0.75285447
3.120833,1.279543,0.79760224,0.3693812,0.73430526
3.139983,1.2991664,0.8388542,0.37023142,0.71575606
3.158654,1.3199486,0.87934446,0.37108168,0.6972068
3.1767945,1.341863,0.91905504,0.3725851,0.6764637
3.1944177,1.3649617,0.95793056,0.37408853,0.6557206
3.2114732,1.389216,0.99594605,0.37559193,0.63497746
3.227914,1.4145943,1.033077,0.37800738,0.6118537
3.2437625,1.4411706,1.069264,0.38042283,0.58873
3.258973,1.4689121,1.1044725,0.38283825,0.5656062
3.273505,1.4977827,1.1386682,0.3851407,0.5419128
3.2873237,1.5277455,1.1717758,0.38744313,0.5182194
3.3004,1.5587587,1.2037615,0.38974553,0.49452603
3.3127105,1.590779,1.2345912,0.3923384,0.4758835
3.324216,1.623701,1.264548,0.39493126,0.457241
3.3348992,1.6574883,1.2936065,0.39752412,0.43859848
3.344748,1.6921043,1.3217428,0.40044698,0.42040402
3.353759,1.7275342,1.3489817,0.40336984,0.40220955
3.361925,1.7637428,1.3752984,0.40629268,0.38401508
3.3692427,1.8006953,1.4006678,0.40913653,0.3673241
3.3757076,1.8383285,1.4251559,0.4119804,0.35063317
3.3813226,1.8766102,1.4487413,0.41482425,0.3339422
3.3860943,1.9155095,1.4714024,0.41764343,0.31798887
3.3900309,1.9549842,1.4931656,0.4204626,0.30203554
3.393144,1.9950062,1.514011,0.4232818,0.2860822
3.3954487,2.0355487,1.5339191,0.42592332,0.27101287
3.3969617,2.0765584,1.552923,0.42856488,0.25594354
3.3977027,2.1180122,1.5710053,0.43120643,0.24087422
3.3976939,2.159888,1.5881495,0.43337545,0.22649625
3.3969612,2.2021122,1.6043696,0.43554446,0.21211828
3.395532,2.2446666,1.6196523,0.43771347,0.19774032
3.393436,2.2875338,1.6339841,0.4394572,0.18265435
3.390707,2.3306623,1.647288,0.44120094,0.16756839
3.3873827,2.374037,1.6595522,0.44294465,0.15248242
3.383502,2.4176452,1.6707655,0.4438358,0.13779522
3.3791144,2.4613886,1.6809264,0.4447269,0.123108014
3.3742635,2.5052574,1.6900283,0.44561806,0.10842081
3.368994,2.549243,1.6980649,0.4461487,0.09373568
3.363356,2.5933027,1.7050247,0.44667932,0.07905054
3.357397,2.6374307,1.7109036,0.44720995,0.0643654
3.3511648,2.6816218,1.7156978,0.44987637,0.054571103
3.3446784,2.7260716,1.7197875,0.4525428,0.044776805
3.3379676,2.7707796,1.7231636,0.45520926,0.034982502
3.3310628,2.8157458,1.7258171,0.46008953,0.028706431
3.323962,2.8611844,1.728018,0.4649698,0.02243036
3.3166835,2.9070961,1.7297561,0.4698501,0.01615429
3.3092473,2.9534829,1.731021,0.47850433,0.017425334
3.3016143,3.000713,1.7324107,0.48715857,0.018696379
3.2937768,3.0487857,1.7339286,0.49581283,0.019967426
3.2857258,3.097699,1.7355785,0.50533384,0.016563963
3.2774377,3.147541,1.7369735,0.5148548,0.013160503
3.2689219,3.198313,1.7381028,0.523,0.009757042
3.260213,3.24988,1.7389532,0.523,0.003963268
3.2514598,3.3014421,1.7392987,0.523,-0.0018305064
3.242689,3.3530014,1.7391392,0.523,-0.0076242806
3.2339263,3.4045603,1.7384746,0.523,-0.014355916
3.2251985,3.4561217,1.7372233,0.523,-0.021087551
3.2165365,3.5076876,1.7353853,0.523,-0.027819186
3.2079706,3.5592608,1.7329607,0.523,-0.03003928
3.1995304,3.6108513,1.7303426,0.523,-0.032259375
3.1912258,3.66246,1.7275312,0.523,-0.03447947
3.1830668,3.7140884,1.7245263,0.523,-0.03840372
3.1750643,3.7657335,1.7211796,0.523,-0.04232797
3.167236,3.8173969,1.7174911,0.523,-0.04625222
3.1595995,3.8690798,1.7134609,0.523,-0.050278038
3.1521728,3.920783,1.7090802,0.523,-0.054303855
3.1449742,3.9725075,1.704349,0.523,-0.05832967
3.138022,4.024254,1.6992675,0.523,-0.063192025
3.1313348,4.0760193,1.6937629,0.523,-0.068054385
3.1249347,4.127804,1.6878355,0.523,-0.07291674
3.1188438,4.1796083,1.6814852,0.523,-0.081995055
3.113086,4.2314134,1.674346,0.523,-0.09107338
3.1077025,4.283218,1.6664183,0.523,-0.100151695
3.102734,4.335018,1.657703,0.523,-0.10155576
3.098218,4.3868523,1.6488659,0.523,-0.10295983
3.0941606,4.438717,1.6399071,0.523,-0.10436389
3.0905685,4.490608,1.6308266,0.523,-0.09890204
3.0874462,4.5425587,1.6222197,0.523,-0.09344019
3.0847697,4.5945616,1.6140866,0.523,-0.08797835
3.082515,4.6466107,1.6064278,0.523,-0.088546395
3.0806594,4.698673,1.5987196,0.523,-0.08911444
3.0792048,4.750745,1.590962,0.523,-0.0896825
3.0781546,4.802824,1.5831552,0.523,-0.08540223
3.0775106,4.8549294,1.57572,0.523,-0.08112196
3.0772538,4.907057,1.5686567,0.523,-0.07684169
3.0773654,4.9592023,1.5619652,0.523,-0.08173562
3.0778258,5.011326,1.5548486,0.523,-0.08662955
3.0786567,5.063423,1.5473068,0.523,-0.091523476
3.07988,5.1154895,1.53934,0.523,-0.081057064
3.0815194,5.167592,1.5322824,0.523,-0.07059066
3.0835283,5.219723,1.5261343,0.523,-0.06012425
3.085859,5.271877,1.5208966,0.523,-0.06532921
3.088462,5.3240004,1.5152061,0.523,-0.07053418
3.0913608,5.3760896,1.509063,0.523,-0.07573914
3.094578,5.42814,1.5024674,0.523,-0.068622
3.0981405,5.4801955,1.4964905,0.523,-0.06150486
3.1020157,5.5322523,1.4911327,0.523,-0.05438772
3.1061716,5.5843096,1.4863943,0.523,-0.06542762
3.1105711,5.636312,1.4806952,0.523,-0.07646753
3.1152635,5.6882477,1.4740363,0.523,-0.08750744
3.1202967,5.7401037,1.4664183,0.523,-0.07459672
3.1257305,5.7919745,1.459922,0.523,-0.06168599
3.1315064,5.8438544,1.4545485,0.523,-0.048775267
3.1375654,5.8957396,1.4502985,0.523,-0.06915748
3.143837,5.9475365,1.4442751,0.523,-0.08953969
3.1504102,5.9992104,1.4364806,0.523,-0.10992191
3.1573715,6.0507264,1.4269184,0.523,-0.08967142
3.1648402,6.102278,1.4191126,0.523,-0.06942093
3.1727238,6.153853,1.4130661,0.523,-0.049170446
3.180929,6.2054415,1.4087819,0.523,-0.08012535
3.1893382,6.256891,1.4018052,0.523,-0.111080244
3.1980803,6.3081284,1.3921425,0.523,-0.14203514
3.2072806,6.3590775,1.3798034,0.523,-0.11390953
3.2171447,6.410094,1.3698957,0.523,-0.08578392
3.2275429,6.4611535,1.3624274,0.523,-0.057658315
3.238344,6.512237,1.3574044,0.523,-0.08913425
3.2493758,6.563148,1.349645,0.523,-0.12061019
3.2607646,6.6138034,1.3391573,0.523,-0.15208612
3.2726326,6.6641192,1.3259516,0.523,-0.12673452
3.285209,6.7144523,1.314934,0.523,-0.10138293
3.298377,6.76479,1.3061119,0.523,-0.07603134
3.3120193,6.8151226,1.2994909,0.523,-0.10999788
3.3259504,6.8652053,1.2899221,0.523,-0.14396442
3.3402977,6.914936,1.2774166,0.523,-0.17793097
3.3551836,6.9642105,1.2619886,0.523,-0.1508714
3.3708982,7.0134706,1.2488874,0.523,-0.123811826
3.3873181,7.0627046,1.2381227,0.523,-0.09675226
3.4043179,7.111906,1.2297024,0.523,-0.122182906
3.4216828,7.1608253,1.2190785,0.523,-0.14761356
3.4395049,7.2093897,1.2062582,0.523,-0.17304419
3.4578722,7.257523,1.1912497,0.523,-0.17085397
3.476967,7.3053937,1.1764293,0.523,-0.16866376
3.4967768,7.352994,1.161797,0.523,-0.16647354
3.5172887,7.400317,1.147353,0.523,-0.17802899
3.5384393,7.447244,1.1319166,0.523,-0.18958443
3.5602646,7.4937396,1.1154901,0.523,-0.20113988
3.5827992,7.5397644,1.0980754,0.523,-0.20705615
3.6061034,7.5853343,1.0801556,0.523,-0.2129724
3.63019,7.630422,1.0617316,0.523,-0.21888867
3.6550705,7.675001,1.0428038,0.523,-0.23137164
3.6807172,7.718975,1.0228153,0.523,-0.24385461
3.7071576,7.762296,1.0017694,0.523,-0.25633758
3.7344167,7.8049154,0.97966915,0.523,-0.27056172
3.7625031,7.846761,0.9563719,0.523,-0.28478587
3.791439,7.8877745,0.93188226,0.523,-0.29900998
3.8212428,7.927895,0.9062052,0.523,-0.3
3.8520577,7.967225,0.88044566,0.523,-0.3
3.8838751,8.005749,0.8546862,0.523,-0.3
3.9166744,8.04344,0.8289267,0.523,-0.3
3.9504335,8.080274,0.80316716,0.523,-0.3
3.98513,8.116226,0.77740765,0.523,-0.3
4.020741,8.151273,0.7516481,0.523,-0.3
4.0572433,8.18539,0.7258886,0.523,-0.3
4.0946116,8.218556,0.7001291,0.523,-0.3
4.1328225,8.250749,0.6743696,0.523,-0.3
4.1718493,8.281947,0.64861006,0.523,-0.3
4.211667,8.312129,0.6228506,0.523,-0.3
4.252249,8.341276,0.5970911,0.523,-0.3
4.2935677,8.369368,0.57133156,0.523,-0.3
4.3355966,8.396386,0.54557204,0.523,-0.3
4.3783073,8.422313,0.5198125,0.523,-0.3
4.421672,8.44713,0.494053,0.523,-0.3
4.465661,8.470823,0.46829352,0.523,-0.3
4.5102463,8.493376,0.442534,0.523,-0.3
4.555397,8.514771,0.41677448,0.523,-0.3
4.601084,8.534998,0.39101496,0.523,-0.3
4.6472774,8.55404,0.36525548,0.523,-0.3
4.6939454,8.571887,0.33949596,0.523,-0.3
4.741058,8.588526,0.31373644,0.523,-0.3
4.788583,8.603946,0.28797692,0.523,-0.3
4.8364897,8.618135,0.2622174,0.523,-0.3
4.8847456,8.631087,0.2364579,0.523,-0.3
4.9333196,8.642792,0.2106984,0.523,-0.3
4.9821787,8.653242,0.18493888,0.523,-0.3
5.0312905,8.66243,0.15917937,0.523,-0.3
5.080623,8.670349,0.13341986,0.523,-0.3
5.130143,8.676995,0.107660346,0.523,-0.3
5.179818,8.682364,0.081900835,0.523,-0.3
5.2296147,8.686452,0.056141324,0.523,-0.3
5.2795,8.689256,0.030381812,0.523,-0.3
5.329441,8.690773,0.0046223016,0.523,-0.3
5.3794045,8.691004,-0.02113721,0.52294064,-0.3
5.429352,8.689948,-0.046893798,0.5228812,-0.3
5.47925,8.687607,-0.07264746,0.52282184,-0.3
5.529065,8.683981,-0.09839819,0.5210045,-0.3
5.5785975,8.679091,-0.12405942,0.51918715,-0.3
5.627816,8.672955,-0.14963113,0.5173698,-0.3
5.67669,8.665586,-0.17511334,0.51822513,-0.3
5.725441,8.6569605,-0.20063767,0.5190804,-0.3
5.774036,8.647078,-0.22620413,0.5199357,-0.3
5.822442,8.635938,-0.25181273,0.5219038,-0.3
5.870729,8.623514,-0.27751824,0.523,-0.3
5.9187813,8.609826,-0.30327776,0.523,-0.3
5.966465,8.594904,-0.32903725,0.523,-0.29497045
6.013822,8.578734,-0.35437763,0.523,-0.2899409
6.060825,8.561343,-0.37929818,0.523,-0.28491136
6.107449,8.542759,-0.4037983,0.523,-0.2612734
6.1539106,8.522907,-0.42631444,0.523,-0.23763548
6.200191,8.501887,-0.4468339,0.523,-0.21399754
6.2462807,8.479804,-0.46534532,0.523,-0.19098324
6.2921696,8.456761,-0.4818917,0.523,-0.16796893
6.3378615,8.432864,-0.49646422,0.523,-0.14495462
6.383365,8.408214,-0.50905526,0.523,-0.1377928
6.428601,8.382967,-0.5210282,0.523,-0.13063096
6.4735746,8.357155,-0.5323825,0.523,-0.12346913
6.5182934,8.330811,-0.5431176,0.523,-0.11424168
6.5627756,8.303958,-0.553054,0.523,-0.10501424
6.6070337,8.276636,-0.56219095,0.523,-0.095786795
6.651081,8.248886,-0.57052755,0.5196681,-0.0900689
6.69464,8.220934,-0.578318,0.5163362,-0.084351
6.7377234,8.19281,-0.5855683,0.5130043,-0.07863311
6.780345,8.164546,-0.59228456,0.5074854,-0.071417466
6.822342,8.136287,-0.59832,0.5019665,-0.06420182
6.8637333,8.108072,-0.6036875,0.49644756,-0.056986175
6.9045367,8.079935,-0.60840005,0.49223387,-0.040551316
6.944895,8.051825,-0.6117259,0.4880202,-0.024116457
6.984835,8.023807,-0.61368734,0.48380652,-0.007681596
7.024387,7.9959455,-0.6143067,0.4822808,0.006788111
7.0637965,7.9681478,-0.61376107,0.48075503,0.021257818
7.103089,7.9404655,-0.6120579,0.4792293,0.035727523
7.142287,7.9129486,-0.6092049,0.47997448,0.043445837
7.181613,7.8855095,-0.60573053,0.4807197,0.05116415
7.2210803,7.8581753,-0.601633,0.48146486,0.058882464
7.260704,7.8309717,-0.5969108,0.48235193,0.066615224
7.30051,7.8039193,-0.5915594,0.483239,0.07434799
7.3405113,7.7770457,-0.58557695,0.48412606,0.082080744
7.380722,7.750379,-0.5789615,0.48780665,0.09215418
7.42138,7.723802,-0.57147986,0.49148723,0.10222761
7.462503,7.697357,-0.5631205,0.49516782,0.11230105
7.5041103,7.67109,-0.553872,0.49700105,0.15312912
7.5458856,7.6452546,-0.5412373,0.49883428,0.19395718
7.5878377,7.6200366,-0.52521276,0.5006675,0.23478523
7.6299677,7.595622,-0.5058007,0.48417318,0.25717998
7.6709294,7.572935,-0.48527548,0.46767887,0.27957472
7.7106915,7.551967,-0.4637664,0.45118454,0.30196947
7.7492185,7.532698,-0.44140258,0.42313752,0.32095373
7.785523,7.5155444,-0.41915458,0.3950905,0.33993798
7.8195467,7.500385,-0.39719886,0.36704347,0.35892227
7.851237,7.487091,-0.37571058,0.34295827,0.3533443
7.8811693,7.475284,-0.35593116,0.3188731,0.3477663
7.909269,7.4648376,-0.33781925,0.29478794,0.34218833
7.9354687,7.455634,-0.32133326,0.28695628,0.3527049
7.9610195,7.447129,-0.30481237,0.2791246,0.36322153
7.9859085,7.4392986,-0.28828412,0.27129292,0.3737381
8.010122,7.432118,-0.27177602,0.26484528,0.35079268
8.034081,7.4254413,-0.25660735,0.2583976,0.32784724
8.057744,7.4192324,-0.24273978,0.25194997,0.30490178
8.081072,7.413456,-0.2301339,0.24982776,0.2817083
8.104438,7.407982,-0.21855867,0.24770556,0.2585148
8.127815,7.4027896,-0.20800456,0.24558337,0.23532128
