-7.9976635,7.565641,-1.8044915,0.6591177,0.0
-8.012927,7.5015206,-1.8044915,0.523,0.0833228
-8.024997,7.450819,-1.7972369,0.5063481,0.1666456
-8.036207,7.40216,-1.7832384,0.4896962,0.2499684
-8.046211,7.355779,-1.7630489,0.4896074,0.29951474
-8.055149,7.30986,-1.7389718,0.48951855,0.34906107
-8.062849,7.264509,-1.711068,0.48942974,0.3986074
-8.069156,7.2198462,-1.6794072,0.49385196,0.42590213
-8.074031,7.175138,-1.645402,0.49827418,0.45319682
-8.07737,7.130465,-1.6090411,0.5026964,0.48049152
-8.079074,7.0859203,-1.5703155,0.5094971,0.49207684
-8.079052,7.0410156,-1.5301962,0.5162978,0.50366217
-8.077217,6.9958344,-1.4886655,0.523,0.51524746
-8.073483,6.950478,-1.4457141,0.523,0.51585454
-8.067808,6.9053392,-1.4027166,0.523,0.5164617
-8.0602,6.8605013,-1.3596733,0.523,0.5170688
-8.050673,6.8160477,-1.3165838,0.523,0.51101184
-8.0392,6.7718954,-1.273954,0.523,0.5049549
-8.025811,6.7281246,-1.2317855,0.523,0.49889794
-8.010539,6.684813,-1.19008,0.523,0.4874561
-7.9933686,6.6419134,-1.1492529,0.523,0.47601426
-7.974348,6.599497,-1.1093097,0.523,0.46457243
-7.953528,6.557631,-1.0702554,0.523,0.4505455
-7.930934,6.516326,-1.0322981,0.523,0.43651858
-7.906627,6.4756374,-0.9954452,0.523,0.42249164
-7.8806715,6.435616,-0.95970386,0.523,0.40763173
-7.8531227,6.3962913,-0.92514783,0.523,0.39277184
-7.824049,6.3576994,-0.8917847,0.523,0.37791193
-7.793521,6.319872,-0.85962194,0.523,0.36349297
-7.7616143,6.2828383,-0.82863057,0.523,0.349074
-7.7283974,6.246618,-0.79881716,0.523,0.33465505
-7.693939,6.211222,-0.77018785,0.523,0.31883875
-7.6582913,6.1766424,-0.74286425,0.523,0.30302247
-7.6215253,6.1428785,-0.71685314,0.523,0.28720617
-7.5837126,6.1099243,-0.6921611,0.523,0.27444586
-7.5449553,6.0777955,-0.66853774,0.523,0.26168555
-7.5053115,6.046481,-0.6459869,0.523,0.24892521
-7.4648366,6.015968,-0.6245124,0.523,0.23852938
-7.4236097,5.9862537,-0.6039171,0.523,0.22813356
-7.381676,5.9573236,-0.58420354,0.523,0.21773772
-7.33908,5.929159,-0.56537366,0.523,0.20834744
-7.2958736,5.9017467,-0.54734385,0.523,0.19895715
-7.252095,5.8750653,-0.5301156,0.523,0.18956685
-7.207782,5.8490944,-0.5136905,0.523,0.18202202
-7.162984,5.823819,-0.4979117,0.523,0.17447719
-7.117732,5.7992206,-0.48278013,0.523,0.16693236
-7.0720534,5.775278,-0.46829668,0.523,0.16433232
-7.026013,5.7519894,-0.45403677,0.523,0.16173229
-6.9796247,5.72935,-0.44000047,0.523,0.15913224
-6.9329042,5.707355,-0.42618793,0.523,0.1587759
-6.8858814,5.686006,-0.41240603,0.523,0.15841955
-6.8385663,5.665306,-0.39865482,0.523,0.1580632
-6.7909684,5.6452575,-0.38493428,0.523,0.15866932
-6.7431045,5.6258655,-0.37116158,0.523,0.15927544
-6.6949825,5.6071362,-0.35733667,0.523,0.15988156
-6.646611,5.589076,-0.34345964,0.523,0.16060376
-6.5979996,5.571691,-0.32952043,0.523,0.16132598
-6.549156,5.554987,-0.31551912,0.523,0.16204818
-6.500089,5.5389705,-0.30145565,0.523,0.16217983
-6.450803,5.523646,-0.28738087,0.523,0.1623115
-6.401307,5.5090165,-0.27329475,0.523,0.16244315
-6.351611,5.495086,-0.25919732,0.523,0.16125497
-6.301714,5.4818554,-0.24520211,0.523,0.1600668
-6.251627,5.4693217,-0.23130912,0.523,0.15887862
-6.201361,5.4574833,-0.21751839,0.523,0.15719992
-6.1509233,5.4463353,-0.20387216,0.523,0.15552121
-6.100324,5.4358745,-0.19037047,0.523,0.1538425
-6.049576,5.426095,-0.17701337,0.523,0.15208288
-5.9986873,5.4169917,-0.16380785,0.523,0.15032326
-5.947669,5.4085593,-0.15075397,0.523,0.14856364
-5.896532,5.400791,-0.13785176,0.523,0.1469696
-5.8452864,5.3936815,-0.12508698,0.523,0.14537556
-5.7939425,5.3872256,-0.11245967,0.523,0.14378153
-5.7425094,5.381417,-0.09996985,0.523,0.14225447
-5.690996,5.37625,-0.08761178,0.523,0.14072742
-5.6394114,5.371719,-0.07538549,0.523,0.13920036
-5.5877647,5.367818,-0.063291,0.523,0.13770472
-5.536063,5.3645415,-0.05132564,0.523,0.13620907
-5.484316,5.361883,-0.03948943,0.523,0.13471343
-5.4325304,5.359837,-0.027782394,0.523,0.13332179
-5.3807144,5.358397,-0.016195573,0.523,0.13193016
-5.3288755,5.3575573,-0.004728993,0.523,0.13053852
-5.2770214,5.357312,0.0066173263,0.523,0.12924857
-5.2251587,5.3576555,0.017852154,0.523,0.12795864
-5.1732945,5.3585815,0.028975468,0.523,0.12666869
-5.121435,5.3600845,0.039987255,0.523,0.12504992
-5.0695853,5.362159,0.050859053,0.523,0.12343115
-5.0177503,5.3647976,0.061590835,0.523,0.12181238
-4.965936,5.367993,0.07218257,0.523,0.12009691
-4.914148,5.3717375,0.08262587,0.523,0.11838144
-4.8623915,5.376024,0.092920706,0.523,0.116665974
-4.810671,5.3808436,0.10306704,0.523,0.11424321
-4.7589874,5.3861895,0.11300359,0.523,0.111820444
-4.7073455,5.39205,0.12273031,0.523,0.10939769
-4.6557493,5.3984146,0.13224714,0.523,0.106700666
-4.604201,5.4052715,0.14153023,0.523,0.104003645
-4.5527034,5.412609,0.15057954,0.523,0.101306625
-4.5012603,5.4204144,0.15939501,0.523,0.09865906
-4.4498744,5.428675,0.16798085,0.523,0.096011505
-4.398548,5.437379,0.176337,0.523,0.09336394
-4.3472834,5.4465137,0.18446341,0.523,0.08983968
-4.296078,5.456068,0.1922839,0.523,0.08631543
-4.244933,5.4660254,0.19979839,0.523,0.08279117
-4.193849,5.47637,0.20700678,0.523,0.078762226
-4.142824,5.487086,0.21386512,0.523,0.07473328
-4.0918584,5.4981546,0.22037332,0.523,0.07070433
-4.040951,5.5095587,0.22653124,0.523,0.06696684
-3.9901013,5.521279,0.23236415,0.523,0.06322934
-3.9393086,5.5332985,0.23787197,0.523,0.059491843
-3.8885713,5.5456004,0.24305461,0.523,0.05751457
-3.8378923,5.5581665,0.2480652,0.523,0.055537302
-3.7872715,5.5709877,0.25290373,0.523,0.05356003
-3.7367077,5.5840554,0.25757015,0.523,0.053250752
-3.6862047,5.597359,0.26220962,0.523,0.05294148
-3.6357632,5.610897,0.26682222,0.523,0.0526322
-3.5853837,5.6246676,0.27140787,0.523,0.05197812
-3.5350661,5.63867,0.2759366,0.523,0.051324032
-3.4848108,5.6529,0.28040838,0.523,0.05066995
-3.4346182,5.6673555,0.2848232,0.523,0.050808508
-3.38449,5.682032,0.2892501,0.523,0.050947063
-3.3344276,5.6969304,0.29368907,0.523,0.05108562
-3.2844324,5.712051,0.2981401,0.523,0.052210994
-3.2345078,5.7273927,0.3026891,0.523,0.053336363
-3.1846564,5.7429605,0.30733603,0.523,0.054461736
-3.134881,5.7587585,0.31208095,0.523,0.055229217
-3.0851831,5.7747927,0.31689265,0.523,0.055996697
-3.0355651,5.7910643,0.32177114,0.523,0.056764178
-2.9860291,5.8075776,0.32671642,0.523,0.06460697
-2.936599,5.8243275,0.33234408,0.523,0.07244976
-2.8872907,5.841346,0.33865377,0.523,0.08029255
-2.83812,5.858665,0.3456451,0.523,0.08264644
-2.7890813,5.876324,0.3528409,0.523,0.08500032
-2.7401803,5.894332,0.36024117,0.523,0.0873542
-2.6914241,5.9126973,0.36784586,0.523,0.086986884
-2.6428072,5.9314337,0.37541866,0.523,0.08661957
-2.594332,5.950538,0.38295957,0.523,0.08625226
-2.546001,5.9700084,0.39046857,0.523,0.08552614
-2.4978142,5.989842,0.39791453,0.523,0.08480002
-2.4497736,6.010035,0.4052974,0.523,0.084073894
-2.4018805,6.030584,0.4126172,0.523,0.08142665
-2.3541286,6.051487,0.41970706,0.523,0.07877941
-2.306516,6.072733,0.4265669,0.523,0.07613216
-2.2590404,6.0943093,0.43319666,0.523,0.07451904
-2.211703,6.1162024,0.43968624,0.523,0.07290591
-2.1645033,6.1384053,0.44603556,0.523,0.071292795
-2.11744,6.1609097,0.45224467,0.523,0.07508536
-2.0705302,6.1836996,0.45878345,0.523,0.07887791
-2.0237844,6.206789,0.46565187,0.523,0.08267047
-1.9772123,6.2301917,0.47284976,0.523,0.082386464
-1.9308089,6.2539296,0.480023,0.523,0.082102455
-1.884576,6.2780004,0.48717156,0.523,0.08181845
-1.8385152,6.3024015,0.49429545,0.523,0.08561497
-1.7926439,6.3271227,0.5017491,0.523,0.089411505
-1.7469734,6.352176,0.5095324,0.523,0.09320803
-1.7015151,6.377576,0.5176453,0.523,0.09350072
-1.6562656,6.4033427,0.5257836,0.523,0.0937934
-1.6112286,6.4294763,0.5339472,0.523,0.09408608
-1.5664076,6.455976,0.5421363,0.523,0.098503046
-1.5218241,6.48283,0.55070865,0.523,0.10292001
-1.4774923,6.510053,0.559664,0.523,0.10733698
-1.4334266,6.5376596,0.5690023,0.523,0.098180816
-1.3895793,6.565703,0.5775466,0.523,0.089024656
-1.3459356,6.594144,0.58529633,0.523,0.079868495
-1.30248,6.622945,0.5922508,0.523,0.082173645
-1.2592338,6.652042,0.5994055,0.523,0.084478796
-1.2162052,6.681442,0.6067605,0.523,0.086783946
-1.1734024,6.7111516,0.6143157,0.523,0.07542428
-1.1307861,6.7412114,0.62088394,0.523,0.06406461
-1.0883343,6.7715745,0.6264644,0.523,0.05270494
-1.0460247,6.8021946,0.6310564,0.523,0.058734335
-1.0038702,6.8329983,0.6361731,0.523,0.064763725
-0.9618896,6.864006,0.6418145,0.523,0.070793115
-0.9201017,6.895237,0.6479801,0.523,0.05746343
-0.8784715,6.9267516,0.6529862,0.523,0.044133745
-0.83697146,6.9584966,0.656832,0.523,0.030804062
-0.7955731,6.990416,0.65951663,0.523,0.041152526
-0.75427604,7.022435,0.66310275,0.523,0.051500987
-0.7131138,7.0545864,0.66758996,0.523,0.061849453
-0.6721203,7.086903,0.6729777,0.523,0.043223154
-0.63126147,7.119472,0.67674416,0.523,0.024596859
-0.59049994,7.1522155,0.67888796,0.523,0.0059705614
-0.54979706,7.1850557,0.6794084,0.523,0.024140716
-0.50912243,7.217908,0.6815125,0.523,0.04231087
-0.46854147,7.250826,0.68519944,0.523,0.060481023
-0.42812002,7.283862,0.6904682,0.523,0.033918105
-0.38782263,7.317153,0.6934241,0.523,0.0073551894
-0.34760177,7.3505807,0.6940653,0.523,-0.019207727
-0.3074087,7.384029,0.6923911,0.523,0.012344169
-0.26715532,7.4174137,0.6934671,0.523,0.043896068
-0.22697355,7.4508123,0.6972921,0.523,0.07544796
-0.18699527,7.4843006,0.7038624,0.523,0.025299687
-0.14713722,7.5181365,0.70606744,0.523,-0.024848592
-0.10735342,7.552061,0.7039017,0.523,-0.074996874
-0.06759601,7.585814,0.69737065,0.523,-0.027951855
-0.027521972,7.6193886,0.6949345,0.523,0.019093161
0.01264211,7.6528716,0.69659865,0.523,0.06613818
0.052670017,7.6863546,0.7023595,0.523,0.004876393
0.09259118,7.7201414,0.70278454,0.523,-0.05638539
0.13243504,7.7538915,0.6978722,0.523,-0.11764718
0.17223087,7.7872663,0.68764096,0.523,-0.056332737
0.21258135,7.8204093,0.68273324,0.523,0.0049817027
0.25315788,7.853406,0.68316746,0.523,0.066296145
0.29363143,7.886348,0.688942,0.523,-0.005676043
0.33400217,7.9195957,0.6884473,0.523,-0.07764823
0.3742683,7.9527235,0.68168575,0.523,-0.14962041
0.41442612,7.98531,0.6686924,0.523,-0.077654645
0.45533875,8.017636,0.6619303,0.523,-0.005688882
0.4965927,8.049781,0.6614345,0.523,0.066276886
0.53777266,8.081836,0.66720736,0.523,-0.010421127
0.5788548,8.114197,0.666299,0.523,-0.08711914
0.61981267,8.1464,0.6587147,0.523,-0.16381715
0.66061676,8.177984,0.6444991,0.523,-0.09537781
0.7022354,8.209264,0.6361979,0.523,-0.026938468
0.7442882,8.240326,0.6338501,0.523,0.041500874
0.7863928,8.271274,0.63746655,0.523,-0.033064146
0.82839847,8.302383,0.63458496,0.523,-0.107629165
0.8702729,8.33321,0.62522143,0.523,-0.18219417
0.9119775,8.363314,0.60942787,0.523,-0.11806844
0.95456374,8.393042,0.59916013,0.523,-0.0539427
0.99769074,8.422493,0.5944604,0.523,0.010183042
1.0410165,8.451783,0.595348,0.523,-0.0614026
1.0842369,8.481057,0.5899991,0.523,-0.13298824
1.1273113,8.509898,0.5784411,0.523,-0.20457388
1.1701897,8.537895,0.5607332,0.523,-0.14612514
1.2140088,8.5654125,0.5480412,0.523,-0.087676376
1.2584778,8.592557,0.54040855,0.523,-0.02922762
1.3033059,8.619452,0.5378613,0.523,-0.097061254
1.3480101,8.64612,0.52941406,0.523,-0.16489488
1.3925381,8.672174,0.5151057,0.523,-0.23272851
1.4368246,8.697245,0.4950022,0.523,-0.18817793
1.4820344,8.72165,0.478696,0.523,-0.14362735
1.5279777,8.745493,0.46621948,0.523,-0.09907676
1.5744668,8.768887,0.4575974,0.523,-0.14458357
1.6208966,8.791752,0.4450384,0.523,-0.19009039
1.667252,8.813861,0.42856848,0.523,-0.2355972
1.7135079,8.834994,0.4082217,0.523,-0.21683842
1.7603861,8.85527,0.3894684,0.523,-0.19807965
1.8078234,8.874741,0.37231514,0.523,-0.17932087
1.855759,8.89346,0.35676795,0.523,-0.20639443
1.9037256,8.911339,0.3389047,0.523,-0.23346801
1.9517126,8.928254,0.31873846,0.523,-0.2605416
1.9997021,8.94409,0.296284,0.523,-0.24923044
2.0481777,8.958888,0.2747836,0.523,-0.23791933
2.0970976,8.972679,0.25424007,0.523,-0.2266082
2.1464224,8.985497,0.234656,0.523,-0.24082255
2.195821,8.997307,0.21386662,0.523,-0.25503692
2.2452765,9.008048,0.19187611,0.523,-0.26925126
2.294767,9.017662,0.16868894,0.523,-0.26055586
2.3445842,9.026146,0.14623326,0.523,-0.2518605
2.3946936,9.033526,0.12451079,0.523,-0.2431651
2.4450622,9.03983,0.103523165,0.523,-0.2509509
2.4954526,9.045066,0.081877485,0.523,-0.25873667
2.5458424,9.049201,0.059575066,0.523,-0.26652247
2.5962064,9.052205,0.03661726,0.523,-0.26467884
2.6466513,9.054053,0.013814521,0.523,-0.26283517
2.6971502,9.05475,-0.008833071,0.523,-0.26099154
2.747677,9.054304,-0.03132544,0.523,-0.2652962
2.7981226,9.052724,-0.054180115,0.523,-0.26960084
2.8484595,9.0499935,-0.07739667,0.523,-0.27390552
2.898659,9.046101,-0.10097468,0.523,-0.27629626
2.9487193,9.041028,-0.124753244,0.523,-0.278687
2.9986105,9.034772,-0.14873223,0.523,-0.28107777
3.0483034,9.027326,-0.17291151,0.523,-0.2827077
3.0977783,9.018684,-0.19722724,0.523,-0.28433758
3.147005,9.008848,-0.22167939,0.523,-0.2859675
3.1959534,8.997816,-0.24626787,0.523,-0.28796807
3.244587,8.985591,-0.2710236,0.523,-0.2899686
3.292874,8.972174,-0.29594648,0.523,-0.29196918
3.3407834,8.957566,-0.3210364,0.523,-0.27901566
3.3884919,8.941701,-0.34504294,0.523,-0.26606214
3.4359777,8.924634,-0.36796203,0.523,-0.25310862
3.483222,8.906421,-0.38978985,0.523,-0.22891401
3.5303369,8.887065,-0.4095697,0.523,-0.2047194
3.5773096,8.866673,-0.42729005,0.523,-0.1805248
3.6241338,8.845352,-0.44294044,0.523,-0.15943386
3.6707873,8.82322,-0.45677897,0.523,-0.13834292
3.717277,8.800374,-0.46879944,0.523,-0.11725198
3.7636142,8.776906,-0.4789965,0.523,-0.114835545
3.8097224,8.75296,-0.48898435,0.523,-0.11241911
3.855602,8.728548,-0.4987629,0.523,-0.11000268
3.901253,8.703683,-0.50833213,0.523,-0.09933041
3.9467149,8.678352,-0.51697624,0.523,-0.08865814
3.9920015,8.652604,-0.52469414,0.523,-0.07798587
4.0371284,8.626485,-0.531485,0.523,-0.07087915
4.082101,8.600044,-0.53765815,0.523,-0.063772425
4.12693,8.573315,-0.5432132,0.523,-0.056665707
4.17163,8.546325,-0.54814994,0.523,-0.04973521
4.2162123,8.519105,-0.5524834,0.523,-0.042804718
4.2606907,8.491683,-0.5562134,0.523,-0.035874225
4.3050785,8.4640875,-0.55933976,0.523,-0.029486466
4.349389,8.436348,-0.5619096,0.523,-0.023098707
4.3936353,8.408489,-0.5639229,0.523,-0.016710948
4.4378314,8.380539,-0.56537944,0.523,-0.014122283
4.4819884,8.352523,-0.5666104,0.523,-0.011533618
4.526112,8.324451,-0.56761575,0.523,-0.008944953
4.570209,8.296334,-0.56839544,0.523,-0.007878018
4.614284,8.268184,-0.56908214,0.523,-0.0068110824
4.6583405,8.240002,-0.5696758,0.523,-0.005744147
4.70238,8.211794,-0.5701765,0.523,-0.006503171
4.746406,8.183563,-0.5707434,0.523,-0.007262194
4.7904153,8.155309,-0.5713764,0.523,-0.008021218
4.8344064,8.127027,-0.57207555,0.52113813,-0.008830935
4.8782206,8.098814,-0.57284254,0.51927626,-0.009640652
4.921857,8.07067,-0.5736769,0.51741433,-0.010450369
4.9653125,8.04259,-0.5745781,0.51423043,-0.00924396
5.0084763,8.014644,-0.5753703,0.5110466,-0.008037549
5.0513515,7.9868364,-0.57605493,0.5078627,-0.0068311393
5.0939407,7.9591727,-0.57663316,0.5051684,-0.004725486
5.1362886,7.931631,-0.577031,0.50247407,-0.0026198328
5.1784,7.904219,-0.57725036,0.4997798,-0.00051417947
5.22028,7.876945,-0.5772932,0.49854666,0.0012684644
5.2620554,7.8497367,-0.57718784,0.49731353,0.0030511082
5.30373,7.8226,-0.57693493,0.49608037,0.004833752
5.345308,7.795541,-0.5765353,0.49594393,0.01053856
5.3868833,7.7685075,-0.5756642,0.49580753,0.016243368
5.4284678,7.7415195,-0.574322,0.4956711,0.021948177
5.4700723,7.714598,-0.572509,0.4951977,0.026956255
5.511681,7.687781,-0.5702844,0.4947243,0.031964332
5.553303,7.6610856,-0.5676493,0.49425092,0.03697241
5.594948,7.6345305,-0.5646044,0.49294072,0.038967222
5.63656,7.608174,-0.5614038,0.4916305,0.040962033
5.678142,7.5820227,-0.55804837,0.49032027,0.042956848
5.719697,7.5560827,-0.554539,0.4903752,0.045300074
5.761343,7.530288,-0.55083793,0.49043012,0.047643296
5.803085,7.504648,-0.5469451,0.49048504,0.049986523
5.8449254,7.4791713,-0.54286057,0.49371347,0.047149718
5.887152,7.453695,-0.5389823,0.4969419,0.044312913
5.929759,7.4282136,-0.5353133,0.5001703,0.041476108
5.9727426,7.4027214,-0.5318568,0.51139617,0.041077197
6.016781,7.3768086,-0.5283566,0.52262205,0.040678285
6.061879,7.3504844,-0.52481437,0.523,0.040279377
6.1071033,7.3243003,-0.5213043,0.523,0.031548012
6.152434,7.2982674,-0.5185548,0.523,0.022816647
6.1978464,7.272353,-0.51656616,0.523,0.014085281
6.243318,7.246525,-0.5153384,0.50971556,0.010223895
6.2876673,7.2214055,-0.51446986,0.49643117,0.00636251
6.3308835,7.196978,-0.5139435,0.48314673,0.002501124
6.3729563,7.173226,-0.5137421,0.45634332,0.017899722
6.4126935,7.150803,-0.5123807,0.4295399,0.03329832
6.4501104,7.1297565,-0.50999737,0.40273646,0.048696917
6.4852176,7.1101193,-0.50672996,0.38030624,0.033584
6.5184503,7.0916724,-0.50460166,0.357876,0.01847108
6.5497723,7.0743737,-0.5035,0.3354458,0.0033581615
6.579154,7.0581884,-0.50331223,0.32270545,0.051207673
6.6073856,7.042644,-0.5005593,0.3099651,0.09905718
6.6344457,7.027841,-0.4954503,0.29722476,0.1469067
6.6603127,7.0138626,-0.48819906,0.2885011,0.18288736
6.6853676,7.0005565,-0.47945413,0.2797775,0.21886803
6.7095985,6.9879584,-0.46932968,0.27105388,0.2548487
6.732992,6.9760947,-0.45794094,0.26449993,0.25853282
6.7559285,6.96479,-0.4466705,0.25794598,0.262217
6.778397,6.9540286,-0.43552628,0.251392,0.26590112
