7.7536697,8.255877,1.1001055,0.46596098,0.0
7.7748013,8.297406,1.1001055,0.43598974,0.09999676
7.7944746,8.336069,1.1073596,0.40601847,0.19999352
7.812263,8.371665,1.1208031,0.37604722,0.29999027
7.827889,8.404014,1.1393241,0.36035287,0.39989763
7.84177,8.434164,1.1627065,0.34465855,0.49980503
7.853775,8.461929,1.1902363,0.32896423,0.5997124
7.863862,8.487143,1.2211812,0.3225488,0.6995648
7.8723154,8.510328,1.2557952,0.31613338,0.7994172
7.879143,8.531282,1.2935705,0.30971798,0.8992696
7.884417,8.549817,1.3339821,0.31941622,0.9988703
7.888473,8.566623,1.3787462,0.32911447,1.0
7.891867,8.584078,1.4249029,0.3388127,1.0
7.894529,8.60219,1.4724197,0.3598517,1.0
7.896438,8.621539,1.5228872,0.38089067,1.0
7.8974237,8.642095,1.5763053,0.40192962,1.0
7.897304,8.663811,1.632674,0.4269017,1.0
7.895878,8.686832,1.6925448,0.45187375,1.0
7.892913,8.711066,1.7559179,0.47684583,1.0
7.8881702,8.73639,1.8227932,0.50579196,1.0
7.8813567,8.762856,1.8937281,0.523,1.0
7.872389,8.789653,1.9670764,0.523,1.0
7.8614817,8.815721,2.0404246,0.523,1.0
7.8486934,8.840919,2.1137729,0.523,1.0
7.834093,8.865112,2.1871212,0.523,1.0
7.817759,8.888171,2.2604692,0.523,1.0
7.799779,8.90997,2.3338175,0.523,1.0
7.7802496,8.930394,2.4071658,0.523,1.0
7.7592764,8.949331,2.480514,0.523,1.0
7.7369714,8.966681,2.553862,0.523,1.0
7.713455,8.982349,2.6272104,0.523,1.0
7.688854,8.996252,2.7005587,0.523,1.0
7.6633005,9.008314,2.7739067,0.523,1.0
7.6369314,9.018472,2.847255,0.523,1.0
7.6098886,9.0266695,2.9206033,0.523,1.0
7.5823183,9.032864,2.9939516,0.523,1.0
7.5543675,9.037021,3.0672996,0.523,1.0
7.526188,9.039118,3.140648,0.523,1.0
7.49793,9.0391445,-3.069189,0.523,1.0
7.469746,9.0371,-2.995841,0.523,1.0
7.441788,9.032996,-2.9224927,0.523,0.9000027
7.410055,9.02593,-2.8542125,0.523,0.8000055
7.375112,9.015602,-2.7916827,0.523,0.7000082
7.337535,9.001889,-2.7355278,0.523,0.6000139
7.29788,8.984839,-2.6863089,0.523,0.50001967
7.2566586,8.964658,-2.6445174,0.523,0.40002537
7.2143173,8.941687,-2.6105711,0.50898325,0.30017653
7.1723905,8.917064,-2.5854876,0.4949665,0.2003277
7.1311927,8.8914585,-2.569072,0.48094976,0.10047884
7.090971,8.865534,-2.5610313,0.46335962,0.0029429793
7.052227,8.840119,-2.5608041,0.4457695,-0.094592884
7.015126,8.81577,-2.5678215,0.42817935,-0.19212875
6.979827,8.792955,-2.581448,0.4273579,-0.22772303
6.9445567,8.770836,-2.5975282,0.42653647,-0.26331732
6.9093194,8.749518,-2.6160316,0.42571506,-0.2989116
6.8741264,8.729108,-2.6369257,0.43891764,-0.24983822
6.8368993,8.708545,-2.6550126,0.45212024,-0.20076483
6.797737,8.687827,-2.6700394,0.46532282,-0.15169145
6.7567596,8.666932,-2.6817586,0.47858098,-0.17394374
6.7145195,8.646013,-2.6955633,0.49183914,-0.19619605
6.670999,8.625203,-2.711543,0.5050973,-0.21844834
6.626179,8.604645,-2.7297869,0.52022874,-0.1819832
6.579293,8.584166,-2.7454786,0.523,-0.14551808
6.531553,8.5642,-2.7581182,0.523,-0.10905294
6.4833393,8.544748,-2.767605,0.523,-0.10192661
6.434907,8.525741,-2.7764745,0.523,-0.09480028
6.386274,8.507151,-2.7847254,0.523,-0.08767395
6.337457,8.48895,-2.792358,0.523,-0.044777155
6.2883635,8.471072,-2.7962596,0.523,-0.0018803596
6.2391515,8.453368,-2.7964237,0.523,0.041016437
6.1899776,8.435687,-2.7928493,0.523,0.06096647
6.1409173,8.417849,-2.7875383,0.523,0.0809165
6.0920215,8.3997755,-2.7804928,0.523,0.100866534
6.043343,8.381392,-2.7717156,0.523,0.12991467
5.994991,8.362644,-2.7604232,0.523,0.1589628
5.947057,8.343433,-2.7466252,0.523,0.18801093
5.899634,8.323665,-2.7303333,0.523,0.20025541
5.852653,8.303174,-2.712994,0.523,0.21249989
5.8061533,8.281928,-2.6946104,0.523,0.22474435
5.7601776,8.25989,-2.6751845,0.523,0.24574587
5.714867,8.237078,-2.6539786,0.523,0.26674736
5.6702967,8.213441,-2.631002,0.523,0.28774887
5.6265435,8.188933,-2.6062646,0.523,0.29909807
5.583557,8.163438,-2.5805802,0.523,0.31044725
5.541391,8.136943,-2.553952,0.523,0.32179645
5.500098,8.109436,-2.5263839,0.523,0.34160337
5.459855,8.080996,-2.497183,0.523,0.3614103
5.420745,8.051608,-2.4663615,0.523,0.3812172
5.382852,8.021263,-2.433931,0.523,0.38154238
5.345968,7.9897094,-2.4014745,0.523,0.38186753
5.310132,7.95698,-2.3689914,0.523,0.3821927
5.275382,7.9231086,-2.336482,0.523,0.3956234
5.241936,7.8883176,-2.3028893,0.523,0.40905407
5.2098618,7.8526273,-2.2682197,0.523,0.42248476
5.179226,7.8160644,-2.2324789,0.523,0.4268766
5.149974,7.7785044,-2.1963892,0.523,0.43126845
5.1221523,7.739991,-2.1599514,0.523,0.43566033
5.095806,7.70057,-2.1231663,0.523,0.44178906
5.0709987,7.6603227,-2.0858977,0.523,0.44791782
5.047776,7.619299,-2.0481467,0.523,0.45404655
5.0261827,7.577552,-2.0099149,0.523,0.45947245
5.0062537,7.5351233,-1.9712586,0.523,0.46489835
4.988029,7.4920726,-1.932179,0.523,0.47032428
4.9715447,7.448463,-1.8926772,0.523,0.45608097
4.956691,7.40392,-1.8542862,0.523,0.44183767
4.943467,7.3585296,-1.8170136,0.523,0.42759436
4.931867,7.3123736,-1.7808671,0.523,0.4218083
4.921917,7.2657065,-1.74518,0.523,0.41602224
4.913617,7.218593,-1.7099538,0.523,0.41023618
4.9069643,7.1710963,-1.6751895,0.523,0.39629194
4.901937,7.123112,-1.6415431,0.523,0.38234767
4.898507,7.0747104,-1.6090213,0.523,0.36840343
4.896642,7.025955,-1.5776303,0.523,0.3671364
4.896309,6.9771414,-1.5463423,0.523,0.36586934
4.897503,6.9283175,-1.5151575,0.523,0.36460227
4.9002204,6.8795314,-1.4840758,0.523,0.35310018
4.9044704,6.830642,-1.4539328,0.523,0.3415981
4.9102163,6.7817,-1.4247326,0.523,0.330096
4.9174175,6.732751,-1.3964789,0.523,0.3281056
4.926004,6.683991,-1.3683894,0.523,0.32611516
4.9359636,6.635459,-1.3404642,0.523,0.32412475
4.9472823,6.5871916,-1.3127034,0.523,0.30673742
4.960008,6.5389843,-1.2863835,0.523,0.2893501
4.974073,6.490872,-1.2615123,0.523,0.27196276
4.9894066,6.4428844,-1.2380973,0.523,0.26562667
5.0058885,6.395186,-1.2152148,0.523,0.25929058
5.0234876,6.347797,-1.1928657,0.523,0.25295448
5.042172,6.3007345,-1.1710509,0.523,0.23646702
5.0619597,6.253898,-1.1506305,0.523,0.21997954
5.0827794,6.2072983,-1.1316098,0.523,0.20349208
5.104559,6.1609383,-1.1139942,0.523,0.20975591
5.127122,6.1150293,-1.0958444,0.523,0.21601975
5.1504827,6.069599,-1.0771607,0.523,0.22228359
5.174654,6.0246763,-1.0579442,0.523,0.2120156
5.1997414,5.980125,-1.0396016,0.523,0.2017476
5.225697,5.9359465,-1.022135,0.523,0.1914796
5.2524753,5.8921385,-1.0055462,0.523,0.18742956
5.2799983,5.848747,-0.98930407,0.523,0.18337953
5.3082433,5.8057756,-0.9734089,0.523,0.1793295
5.3371897,5.763227,-0.957861,0.523,0.16121551
5.366886,5.721002,-0.9438692,0.523,0.14310153
5.397255,5.679081,-0.931438,0.523,0.12498755
5.428218,5.6374383,-0.9205716,0.523,0.103068486
5.45971,5.596031,-0.9116034,0.523,0.081149414
5.4916377,5.554825,-0.9045376,0.523,0.05923035
5.523905,5.513782,-0.8993777,0.523,0.07279675
5.5563545,5.472943,-0.89303786,0.523,0.08636315
5.589027,5.432354,-0.8855192,0.523,0.09992955
5.6219616,5.3920627,-0.8768232,0.51534146,0.08535632
5.654803,5.3525925,-0.8695008,0.50768286,0.07078309
5.6874766,5.313902,-0.86351657,0.5000243,0.056209862
5.7199154,5.275954,-0.8588347,0.48012573,0.039593555
5.7512584,5.2396326,-0.8556672,0.46022716,0.022977244
5.7814283,5.204894,-0.8539049,0.4403286,0.006360936
5.8103595,5.171701,-0.8534381,0.42423832,-0.050643463
5.838213,5.1397734,-0.85701734,0.40814808,-0.10764786
5.8647795,5.1091003,-0.86432594,0.39205784,-0.16465226
5.889886,5.0796814,-0.87503624,0.38393176,-0.111737326
5.914341,5.050396,-0.88217133,0.37580568,-0.0588224
5.9381814,5.0214295,-0.88585347,0.3676796,-0.00590747
5.9614415,4.9929547,-0.8862155,0.36291212,0.0024224103
5.98439,4.964841,-0.886069,0.35814467,0.0107522905
6.00704,4.937101,-0.8854272,0.3533772,0.01908217
