-1.88798,7.6156416,-2.0964472,0.5479769,0.0
-1.9154761,7.568242,-2.0964472,0.523,0.096289195
-1.9415975,7.523212,-2.0880668,0.51002336,0.19257839
-1.9663523,7.479702,-2.071798,0.49704677,0.2888676
-1.9892366,7.437912,-2.0481992,0.50578743,0.2858573
-2.011533,7.3948116,-2.0244288,0.51452816,0.282847
-2.0331855,7.3504,-2.0004957,0.523,0.27983668
-2.054126,7.304704,-1.9764203,0.523,0.25689268
-2.074086,7.258225,-1.9542733,0.523,0.23394865
-2.0931208,7.211045,-1.9340663,0.523,0.21100463
-2.1112926,7.1632423,-1.9158099,0.523,0.21519382
-2.128573,7.1151595,-1.8971967,0.523,0.21938302
-2.1449401,7.066808,-1.8782268,0.523,0.22357221
-2.1603727,7.018201,-1.8589007,0.523,0.19490983
-2.1749518,6.969006,-1.8420184,0.523,0.16624744
-2.1887703,6.9193125,-1.8275938,0.523,0.13758506
-2.2019281,6.8692055,-1.8156388,0.523,0.14234725
-2.2144775,6.8189783,-1.8032727,0.523,0.14710942
-2.2263966,6.7686353,-1.7904959,0.523,0.1518716
-2.2376635,6.7181797,-1.7773086,0.523,0.11708777
-2.2483141,6.6673417,-1.7671257,0.523,0.08230393
-2.2584817,6.61622,-1.7599597,0.523,0.04752009
-2.268305,6.564911,-1.7558191,0.523,0.057573177
-2.2779107,6.513589,-1.7508034,0.523,0.06762626
-2.287253,6.462251,-1.7449131,0.523,0.07767935
-2.2962859,6.4108973,-1.7381488,0.523,0.049082153
-2.3049872,6.3593903,-1.7338722,0.523,0.02048496
-2.3134766,6.307795,-1.7320868,0.523,-0.008112234
-2.321875,6.2561755,-1.7327938,0.523,-0.0020680844
-2.3303106,6.2045603,-1.7329742,0.523,0.0039760647
-2.3387554,6.152947,-1.7326275,0.523,0.010020214
-2.3471818,6.101333,-1.7317542,0.523,-0.006664342
-2.3555634,6.0497103,-1.7323351,0.523,-0.023348898
-2.363973,5.998105,-1.7343701,0.523,-0.040033452
-2.3724828,5.9465446,-1.7378588,0.523,-0.040860385
-2.3811724,5.8950157,-1.7414194,0.523,-0.041687317
-2.390045,5.84352,-1.7450521,0.523,-0.042514246
-2.3991044,5.7920585,-1.7487568,0.523,-0.051092558
-2.4083505,5.7406516,-1.7532084,0.523,-0.059670873
-2.417821,5.689311,-1.7584066,0.523,-0.06824918
-2.427553,5.638048,-1.7643511,0.523,-0.07013534
-2.437588,5.586851,-1.7704595,0.523,-0.07202149
-2.4479342,5.535723,-1.776732,0.523,-0.07390764
-2.4585993,5.484668,-1.7831684,0.523,-0.0781896
-2.4695895,5.433699,-1.7899771,0.523,-0.08247154
-2.4809225,5.382824,-1.7971576,0.523,-0.086753495
-2.4926162,5.33205,-1.8047101,0.523,-0.08865482
-2.504691,5.281374,-1.8124278,0.523,-0.09055615
-2.5171545,5.230801,-1.8203105,0.523,-0.09245748
-2.5300138,5.1803374,-1.8283582,0.523,-0.09483498
-2.543276,5.1299896,-1.8366123,0.523,-0.097212486
-2.5569503,5.079765,-1.8450726,0.523,-0.09958999
-2.5710454,5.0296693,-1.8537393,0.523,-0.10068395
-2.5855727,4.979703,-1.8625007,0.523,-0.10177791
-2.6005356,4.9298716,-1.871357,0.523,-0.10287187
-2.6159375,4.8801804,-1.8803082,0.523,-0.10366069
-2.6317823,4.8306327,-1.8893278,0.523,-0.104449496
-2.648072,4.7812343,-1.8984158,0.523,-0.10523831
-2.6648085,4.7319903,-1.9075722,0.523,-0.10545659
-2.6819947,4.6829023,-1.9167473,0.523,-0.10567487
-2.6996303,4.6339755,-1.9259416,0.523,-0.10589315
-2.7177145,4.5852137,-1.9351547,0.523,-0.103981555
-2.7362509,4.536611,-1.9442021,0.523,-0.10206996
-2.7552302,4.4881687,-1.9530838,0.523,-0.10015837
-2.7746425,4.439887,-1.9617996,0.523,-0.08503445
-2.794503,4.391709,-1.9692029,0.523,-0.06991054
-2.814743,4.3436227,-1.9752917,0.523,-0.054786623
-2.8352952,4.2956157,-1.980065,0.523,-0.04230993
-2.8560886,4.247678,-1.9837519,0.523,-0.029833233
-2.8770683,4.1997957,-1.986352,0.523,-0.01735654
-2.8981786,4.151954,-1.9878647,0.523,-0.0072663664
-2.9193637,4.1041384,-1.9884982,0.523,0.002823806
-2.9405797,4.056335,-1.988252,0.523,0.012913978
-2.9617822,4.0085306,-1.9871264,0.523,0.01897105
-2.982929,3.9607065,-1.9854728,0.523,0.02502812
-3.0039937,3.9128542,-1.9832914,0.523,0.031085193
-3.0249505,3.864964,-1.9805822,0.523,0.037861455
-3.0457726,3.8170285,-1.9772828,0.523,0.044637717
-3.0664306,3.769038,-1.9733932,0.523,0.051413976
-3.086895,3.7209833,-1.9689136,0.523,0.056030907
-3.107139,3.6728492,-1.964032,0.523,0.060647834
-3.1271424,3.6246297,-1.9587489,0.523,0.06526476
-3.1468852,3.5763195,-1.953064,0.5229106,0.06931379
-3.1663442,3.5279193,-1.947028,0.5228212,0.07336281
-3.185502,3.4794247,-1.9406412,0.5227318,0.077411845
-3.2043407,3.4308321,-1.9339036,0.51960367,0.08373942
-3.2227314,3.3824298,-1.9266602,0.5164756,0.09006701
-3.2406523,3.3342144,-1.9189178,0.51334757,0.09639458
-3.258083,3.2861829,-1.9106833,0.5104873,0.09965122
-3.2750173,3.2382934,-1.9022188,0.5076271,0.10290785
-3.2914474,3.190547,-1.8935277,0.50476694,0.10616448
-3.3073664,3.142946,-1.884613,0.5027504,0.10894458
-3.322794,3.0954096,-1.8755025,0.50073385,0.11172469
-3.3377228,3.0479407,-1.8661978,0.49871734,0.11450479
-3.3521466,3.0005417,-1.856701,0.49486578,0.11146011
-3.3660164,2.9533584,-1.847527,0.4910142,0.10841544
-3.3793528,2.9064023,-1.8386722,0.48716268,0.10537076
-3.3921757,2.8596842,-1.8301325,0.48380703,0.09842987
-3.4045224,2.8131478,-1.8222085,0.48045138,0.091488995
-3.4164248,2.7668076,-1.8148928,0.47709572,0.08454811
-3.427914,2.7206776,-1.8081778,0.47319052,0.06920966
-3.4390147,2.6747956,-1.8027239,0.46928534,0.053871207
-3.4497857,2.62919,-1.7985125,0.46538013,0.038532756
-3.4602842,2.583887,-1.7955245,0.4614496,0.028421503
-3.470563,2.5389206,-1.7933389,0.45751908,0.018310249
-3.4806592,2.4943044,-1.7919428,0.45358858,0.008198994
-3.4906082,2.4500515,-1.791323,0.44920024,0.0011302292
-3.5004342,2.4062195,-1.7912383,0.4448119,-0.005938536
-3.5101604,2.3628154,-1.7916785,0.44042358,-0.013007301
-3.5198088,2.3198469,-1.7926334,0.43412542,-0.014856821
-3.5293593,2.2775028,-1.7937083,0.42782727,-0.016706342
-3.5388162,2.2357843,-1.7948995,0.42152914,-0.018555861
-3.5481822,2.1946926,-1.796203,0.40768188,-0.028168082
-3.5572903,2.1549716,-1.7981167,0.39383462,-0.037780304
-3.56616,2.1166286,-1.800596,0.37998736,-0.047392525
-3.5748055,2.0796704,-1.8035963,0.36238962,-0.059996914
-3.5831509,2.0444725,-1.8072178,0.3447919,-0.0726013
-3.5912056,2.0110407,-1.8113862,0.32719418,-0.0852057
-3.5989735,1.9793788,-1.816027,0.31520474,-0.10588627
-3.606583,1.9489727,-1.8215793,0.30321532,-0.12656686
-3.6140478,1.9198346,-1.8279585,0.2912259,-0.14724743
-3.6213746,1.8919744,-1.8350797,0.27992344,-0.14526582
-3.6286097,1.8652387,-1.8418331,0.26862097,-0.14328422
-3.6357276,1.8396224,-1.848226,0.2573185,-0.14130262
-3.642705,1.8151212,-1.8542658,0.25074363,-0.1333514
-3.6496558,1.7912612,-1.8598222,0.24416874,-0.12540019
-3.6565604,1.7680409,-1.8649119,0.23759387,-0.11744898
-3.6634007,1.7454584,-1.8695521,0.2302706,-0.11415659
-3.670134,1.7235945,-1.8739238,0.22294731,-0.11086419
-3.6767483,1.7024469,-1.8780348,0.21562403,-0.107571796
-3.6832316,1.682013,-1.8818932,0.21121055,-0.09653424
-3.6896667,1.6619995,-1.8852861,0.20679706,-0.08549667
-3.6960404,1.6424059,-1.8882293,0.20238358,-0.074459106
-3.70234,1.6232319,-1.8907385,0.1966196,-0.044261437
-3.7085176,1.604586,-1.8921884,0.19085562,-0.01406377
-3.714546,1.5864794,-1.8926358,0.18509164,0.016133899
-3.7203999,1.5689229,-1.8921381,0.17240712,0.054063123
-3.7258372,1.5525886,-1.8905854,0.15972258,0.09199235
-3.730837,1.5374902,-1.88814,0.14703806,0.12992157
