-4.240576,9.297395,-2.7429023,0.48588562,0.0
-4.2853537,9.278532,-2.7429023,0.48477185,0.07279064
-4.3299103,9.259762,-2.7370265,0.48365808,0.14558128
-4.3739014,9.240926,-2.7253325,0.48254433,0.2183719
-4.416987,9.221878,-2.7079093,0.4898678,0.16300645
-4.46085,9.201566,-2.6946597,0.49719128,0.107641004
-4.5054255,9.180202,-2.6857572,0.50451475,0.052275557
-4.550664,9.158022,-2.6813636,0.50416213,0.051579393
-4.595774,9.135659,-2.6770315,0.5038095,0.050883226
-4.6407576,9.113116,-2.6727607,0.50345683,0.050187062
-4.685614,9.090397,-2.6685514,0.5050966,0.027679175
-4.73056,9.067393,-2.6662216,0.5067364,0.005171287
-4.7756143,9.044202,-2.6657848,0.5083761,-0.017336601
-4.8207984,9.020919,-2.6672537,0.5083084,-0.026299233
-4.8660016,8.99771,-2.6694813,0.5082407,-0.035261862
-4.9112377,8.974611,-2.6724677,0.50817305,-0.044224493
-4.9565206,8.951659,-2.676212,0.50878125,-0.06368545
-5.001896,8.928873,-2.6816087,0.50938946,-0.0831464
-5.0473824,8.906338,-2.6886597,0.50999767,-0.102607355
-5.0929985,8.884137,-2.697366,0.5104254,-0.11395068
-5.138788,8.862344,-2.7070389,0.5108532,-0.125294
-5.1847625,8.841005,-2.7176788,0.5112809,-0.13663733
-5.2309303,8.82017,-2.729286,0.512525,-0.14671332
-5.2773833,8.799853,-2.7417734,0.5137692,-0.15678932
-5.324128,8.7801,-2.755144,0.51501334,-0.16686532
-5.3711686,8.760959,-2.7694006,0.5168912,-0.17204678
-5.4186077,8.742438,-2.7841492,0.518769,-0.17722823
-5.4664445,8.724572,-2.7993925,0.52064687,-0.18240969
-5.514677,8.707392,-2.8151333,0.5229055,-0.1870379
-5.5633416,8.690915,-2.8313391,0.523,-0.19166611
-5.6122327,8.67524,-2.8479438,0.523,-0.19629432
-5.6613326,8.660393,-2.8649445,0.523,-0.19775654
-5.7106633,8.646386,-2.88207,0.523,-0.19921876
-5.7602124,8.63323,-2.8993206,0.523,-0.20068099
-5.809966,8.6209345,-2.9166963,0.523,-0.20353478
-5.8598967,8.609512,-2.9343154,0.523,-0.20638858
-5.909991,8.598978,-2.9521782,0.523,-0.20924237
-5.960235,8.589345,-2.9702842,0.523,-0.20784643
-6.01066,8.580622,-2.9882715,0.523,-0.20645048
-6.0612493,8.5728035,-3.0061395,0.523,-0.20505452
-6.1119847,8.565889,-3.0238883,0.523,-0.20576257
-6.162827,8.559877,-3.0416977,0.523,-0.20647061
-6.2137613,8.554772,-3.0595675,0.523,-0.20717865
-6.2647705,8.550578,-3.0774977,0.523,-0.20483622
-6.315872,8.547298,-3.095228,0.523,-0.2024938
-6.3670483,8.544924,-3.1127584,0.523,-0.20015137
-6.418283,8.543447,-3.1300886,0.523,-0.19599721
-6.4695783,8.542856,3.1361215,0.523,-0.19184303
-6.520918,8.543138,3.1195016,0.523,-0.18768886
-6.572287,8.544272,3.1032372,0.5115779,-0.08856741
-6.6232066,8.5462265,3.0956955,0.50015575,0.01055404
-6.6731668,8.548521,3.0965753,0.48873365,0.10967549
-6.7216973,8.550707,3.1054912,0.4961301,0.20816377
-6.770208,8.552459,3.1225798,0.50352657,0.30665204
-6.818203,8.553371,-3.1352723,0.510923,0.4051403
-6.865158,8.553075,-3.1017091,0.49966323,0.307687
-6.9127398,8.551176,-3.0764883,0.48840344,0.21023373
-6.960404,8.548069,-3.059501,0.47714362,0.11278045
-7.007655,8.544181,-3.0505512,0.48170996,0.02944988
-7.055606,8.5398035,-3.048187,0.48627633,-0.05388069
-7.1039515,8.5352745,-3.0525517,0.4908427,-0.13721126
-7.152382,8.530951,-3.0637414,0.49528888,-0.17917047
-7.20097,8.527161,-3.0784526,0.49973506,-0.22112969
-7.2496295,8.524084,-3.0967207,0.50418127,-0.2630889
-7.298264,8.5219,-3.118574,0.5086802,-0.25365096
-7.3474913,8.520767,-3.1398487,0.51317924,-0.244213
-7.3972864,8.52068,3.122656,0.5176782,-0.23477504
-7.447625,8.521633,3.1025856,0.50482297,-0.1360359
-7.497603,8.523583,3.091175,0.49196768,-0.037296772
-7.546703,8.526061,3.0881176,0.47911242,0.061442364
-7.5944557,8.528618,3.093021,0.48310366,0.15936722
-7.6420975,8.530933,3.1057985,0.48709488,0.25729206
-7.689173,8.532619,3.1264563,0.49108613,0.35521692
-7.735211,8.533316,-3.1282628,0.5100552,0.4503008
-7.781128,8.532704,-3.0912638,0.523,0.5453847
-7.825784,8.530455,-3.0460463,0.523,0.64046854
-7.8675275,8.526454,-2.993958,0.49300876,0.540511
-7.909341,8.520236,-2.9516764,0.4630175,0.4405534
-7.9504685,8.512329,-2.9187682,0.43302625,0.3405958
-7.9902744,8.50331,-2.8946595,0.40306145,0.24144307
-8.028224,8.493744,-2.8785973,0.37309667,0.1422903
-8.063887,8.484142,-2.869779,0.34313187,0.04313754
-8.0969095,8.474938,-2.867313,0.31332418,-0.046045013
-8.127039,8.466461,-2.8697166,0.28351653,-0.13522756
-8.154099,8.458917,-2.876087,0.25370884,-0.22441012
-8.177968,8.452427,-2.8854966,0.2241519,-0.2791805
-8.1988125,8.446968,-2.8957915,0.19459492,-0.3
-8.216844,8.442445,-2.905376,0.16503796,-0.3
-8.232173,8.438755,-2.9135046,0.13653171,-0.28402904
-8.24494,8.435791,-2.9198813,0.10802547,-0.2680581
-8.255101,8.433501,-2.92465,0.07951923,-0.25208712
-8.262622,8.431844,-2.9279556,0.05816121,-0.16596782
-8.268228,8.430627,-2.929557,0.036803193,-0.07984851
-8.271813,8.429855,-2.9300463,0.0154451765,0.00627079
