1.2743837,-4.1980276,0.32740512,0.32544225,0.0
1.3051991,-4.1875615,0.32740512,0.33825716,-0.09642227
1.3370793,-4.1767344,0.32197765,0.35107207,-0.19284454
1.369765,-4.1658306,0.31076372,0.363887,-0.2892668
1.4029713,-4.155166,0.29346395,0.36710775,-0.3
1.4365431,-4.145021,0.27538267,0.37032852,-0.3
1.4705889,-4.135401,0.25714272,0.37354925,-0.3
1.505102,-4.126325,0.23874417,0.38425174,-0.3
1.5407698,-4.1176443,0.21981849,0.3949542,-0.3
1.5775933,-4.1094165,0.20036566,0.4056567,-0.3
1.6155719,-4.1017036,0.1803857,0.41549128,-0.3
1.6546211,-4.094582,0.15992135,0.42532587,-0.3
1.6947356,-4.088112,0.13897263,0.4351605,-0.3
1.7359073,-4.082353,0.1175395,0.44502702,-0.3
1.778129,-4.0773673,0.09562042,0.45489356,-0.3
1.8213881,-4.0732183,0.07321538,0.46476007,-0.3
1.8656694,-4.06997,0.050324384,0.4715565,-0.3
1.9106618,-4.067704,0.027098637,0.47835296,-0.3
1.9563439,-4.066466,0.003538143,0.4851494,-0.3
2.0026917,-4.066302,-0.0203571,0.49000213,-0.25929293
2.050044,-4.067266,-0.041296292,0.49485484,-0.21858588
2.098311,-4.0692606,-0.05918112,0.49970752,-0.17787881
2.147407,-4.0721693,-0.07391768,0.5060655,-0.13386215
2.197424,-4.0758734,-0.08517449,0.5124234,-0.08984549
2.2482746,-4.080215,-0.09283733,0.51878136,-0.04582883
2.299875,-4.085019,-0.096798465,0.523,-0.024017906
2.3519151,-4.090072,-0.098891824,0.523,-0.0022069812
2.4039595,-4.095236,-0.099084206,0.523,0.019603943
2.455993,-4.1004086,-0.097375505,0.523,0.032336544
2.508018,-4.1054907,-0.09455732,0.523,0.045069147
2.5600317,-4.1104236,-0.09063013,0.523,0.057801746
2.61203,-4.115149,-0.08559455,0.523,0.07199107
2.6640036,-4.119609,-0.079324745,0.523,0.086180404
2.7159455,-4.123738,-0.07182198,0.523,0.10036973
2.7678483,-4.127472,-0.06308777,0.523,0.109910764
2.819729,-4.130749,-0.05352649,0.523,0.1194518
2.871582,-4.1335273,-0.043139018,0.523,0.12899283
2.9233994,-4.135764,-0.0319263,0.523,0.1425882
2.9751422,-4.137417,-0.019539436,0.523,0.15618357
3.0267959,-4.1384263,-0.005980716,0.523,0.16977893
3.078343,-4.1387343,0.008747353,0.523,0.18224466
3.1297748,-4.1382847,0.024545223,0.523,0.19471039
3.181071,-4.1370254,0.04141044,0.523,0.20717612
3.2322087,-4.1349063,0.05934038,0.523,0.21691938
3.2831933,-4.1318774,0.078100584,0.523,0.22666264
3.334,-4.127901,0.09768927,0.523,0.2364059
3.384603,-4.122942,0.11810458,0.523,0.24407318
3.4349995,-4.116962,0.13916902,0.523,0.2517405
3.4851613,-4.1099358,0.16088136,0.523,0.25940776
3.5350585,-4.101838,0.18324032,0.523,0.26738322
3.5846558,-4.092647,0.2062705,0.523,0.27535868
3.6339185,-4.082339,0.22997043,0.523,0.2833341
3.6828113,-4.0708923,0.2543386,0.523,0.29240134
3.7312803,-4.058292,0.2794646,0.523,0.30146858
3.779284,-4.044516,0.3053464,0.523,0.31053582
3.8267791,-4.029546,0.3319818,0.523,0.3192669
3.8737247,-4.0133615,0.35934085,0.523,0.32799792
3.9200742,-3.9959502,0.38742146,0.523,0.336729
3.9657786,-3.977301,0.41622147,0.523,0.34234875
4.0108376,-3.9573827,0.44548336,0.523,0.34796855
4.0552044,-3.9361975,0.4752062,0.523,0.3535883
4.0988326,-3.9137495,0.5053891,0.523,0.35560578
4.1417313,-3.8900127,0.5357369,0.523,0.35762328
4.1838584,-3.865004,0.5662495,0.523,0.35964075
4.2251716,-3.8387415,0.59692675,0.523,0.3677805
4.265535,-3.8113096,0.6282671,0.523,0.37592024
4.304893,-3.782717,0.6602685,0.523,0.38406
4.3431916,-3.7529767,0.6929288,0.523,0.38529006
4.3804803,-3.722017,0.72568846,0.523,0.38652012
4.416717,-3.6898687,0.7585474,0.523,0.38775018
4.45186,-3.656564,0.79150575,0.523,0.39825675
4.4857383,-3.622269,0.82531005,0.523,0.40876332
4.5182924,-3.587007,0.85995656,0.523,0.4192699
4.549461,-3.5508063,0.8954416,0.523,0.42282245
4.579278,-3.5135815,0.9312092,0.523,0.42637497
4.6076994,-3.475376,0.967259,0.523,0.42992753
4.634681,-3.4362342,1.0035905,0.523,0.4354698
4.6601586,-3.396241,1.0403606,0.523,0.44101205
4.684086,-3.3554442,1.077568,0.523,0.44655433
4.7064204,-3.313895,1.1152118,0.523,0.44826517
4.727158,-3.2715695,1.1529902,0.523,0.44997603
4.746267,-3.2285266,1.1909028,0.523,0.45168686
4.7637157,-3.1848266,1.2289497,0.523,0.45072323
4.779497,-3.1404736,1.2669209,0.523,0.4497596
4.79359,-3.0955327,1.3048165,0.523,0.448796
4.805976,-3.0500689,1.3426365,0.523,0.45931026
4.8165793,-3.0044043,1.3812801,0.523,0.46982452
4.8253646,-2.958606,1.420743,0.523,0.4803388
4.8322983,-2.9127455,1.461021,0.523,0.47471568
4.837394,-2.8665087,1.5008636,0.523,0.46909252
4.840654,-2.8199723,1.5402696,0.523,0.4634694
4.842082,-2.7732112,1.5792378,0.523,0.47732535
4.8416896,-2.7267587,1.6192827,0.523,0.49118128
4.8394547,-2.680696,1.6603963,0.523,0.50503725
4.835359,-2.635109,1.7025712,0.523,0.5102863
4.8293624,-2.5898674,1.7451457,0.523,0.5155353
4.8214693,-2.5450547,1.7881188,0.523,0.5207843
4.8116875,-2.5007553,1.8314896,0.523,0.50378764
4.799882,-2.4565005,1.873569,0.523,0.48679096
4.7860994,-2.4123783,1.9143448,0.523,0.46979427
4.7703915,-2.3684695,1.9538054,0.523,0.47536102
4.7530136,-2.3253374,1.9936981,0.523,0.48092777
4.733984,-2.283055,2.0340216,0.523,0.48649454
4.713326,-2.2416952,2.0747745,0.523,0.47174582
4.690828,-2.2008998,2.1143868,0.523,0.4569971
4.6665535,-2.1607318,2.1528494,0.523,0.44224837
4.6405683,-2.1212468,2.1901546,0.523,0.44374236
4.6131477,-2.0827858,2.227577,0.523,0.44523636
4.584328,-2.0454042,2.2651172,0.523,0.44673035
4.5541477,-2.0091567,2.302775,0.523,0.433924
4.522433,-1.9738586,2.3394227,0.523,0.42111763
4.4892526,-1.9395466,2.3750548,0.523,0.40831128
4.454677,-1.9062512,2.4096653,0.523,0.4055904
4.418928,-1.8741345,2.444058,0.523,0.40286952
4.3820534,-1.8432302,2.4782324,0.523,0.40014863
4.3441,-1.8135697,2.5121887,0.523,0.3853421
4.304922,-1.7850401,2.5449524,0.523,0.37053555
4.264594,-1.7576488,2.5765169,0.523,0.355729
4.22319,-1.7313966,2.6068747,0.523,0.35399574
4.18098,-1.7063972,2.637091,0.523,0.35226244
4.1380076,-1.6826692,2.6671653,0.523,0.35052913
4.0943127,-1.6602299,2.6970978,0.523,0.33532023
4.0497246,-1.6389934,2.725782,0.523,0.32011133
4.0043116,-1.6189408,2.7532108,0.523,0.3049024
3.9581394,-1.6000488,2.7793784,0.523,0.28922245
3.9112642,-1.5822862,2.8042388,0.523,0.27354246
3.8637471,-1.565619,2.8277864,0.523,0.2578625
3.815646,-1.5500088,2.8500152,0.523,0.23698764
3.7669535,-1.5353947,2.8704798,0.523,0.21611278
3.717736,-1.5217143,2.8891714,0.523,0.19523792
3.6680555,-1.5089006,2.9060817,0.515332,0.1578512
3.6185677,-1.4970254,2.919583,0.507664,0.12046448
3.5694063,-1.485928,2.929751,0.499996,0.08307776
3.520693,-1.4754514,2.936666,0.4840476,0.06385506
3.4733975,-1.4656214,2.9418142,0.46809918,0.044632357
3.4275644,-1.456341,2.945295,0.45215076,0.025409658
3.3832319,-1.4475251,2.9472096,0.43204942,0.016114151
3.3408463,-1.4391807,2.94837,0.4119481,0.006818646
3.3004189,-1.4312706,2.948838,0.39184678,-0.0024768591
3.26196,-1.4237642,2.9486763,0.37038293,-0.0023298264
3.225609,-1.4166632,2.9485326,0.34891912,-0.0021827936
3.1913655,-1.4099687,2.9484055,0.32745528,-0.0020357608
3.159229,-1.403682,2.9482944,0.3246743,-0.012464726
3.1273687,-1.3974457,2.94762,0.32189333,-0.022893691
3.0957913,-1.3912425,2.9463918,0.31911236,-0.033322655
3.0645037,-1.3850563,2.94462,0.31232348,-0.04688654
3.0339088,-1.3789508,2.9421802,0.30553457,-0.060450424
3.0040154,-1.3729094,2.9391038,0.29874566,-0.074014306
2.9748313,-1.3669178,2.935422,0.2931372,-0.0926957
2.9462616,-1.3609427,2.9308996,0.28752872,-0.1113771
2.918319,-1.3549666,2.9255733,0.28192025,-0.1300585
