-9.9694605,5.3153486,-0.29680577,0.5723973,0.0
-9.914723,5.2986083,-0.29680577,0.523,0.09984408
-9.864959,5.283388,-0.28811714,0.5020943,0.19968817
-9.817776,5.269405,-0.2715176,0.4811886,0.29953226
-9.773484,5.2570744,-0.24785328,0.48207772,0.39010823
-9.730261,5.246136,-0.21729851,0.48296684,0.48068422
-9.688444,5.2369037,-0.180079,0.48385593,0.5712602
-9.648399,5.229614,-0.13647611,0.49440894,0.51227295
-9.605705,5.2237506,-0.09608622,0.50496197,0.4532857
-9.560518,5.219395,-0.059230577,0.51551497,0.39429843
-9.513006,5.216578,-0.026223827,0.5133135,0.40815914
-9.465908,5.2153425,0.007733601,0.51111203,0.4220198
-9.419282,5.215703,0.04262585,0.50891054,0.4358805
-9.373191,5.217669,0.078436926,0.50898296,0.38362134
-9.326138,5.2213674,0.11018737,0.5090553,0.33136213
-9.278294,5.2266603,0.13778931,0.50912774,0.27910295
-9.229815,5.2333827,0.1611662,0.50428116,0.29160598
-9.182141,5.2411337,0.1853289,0.49943468,0.304109
-9.135305,5.249914,0.21025428,0.49458814,0.31661204
-9.08934,5.2597237,0.23591919,0.4949035,0.26733702
-9.04293,5.2708807,0.25770846,0.49521887,0.21806201
-8.996178,5.283203,0.27556425,0.49553424,0.16878702
-8.949171,5.2964945,0.2894381,0.49244222,0.17299026
-8.902679,5.3103395,0.30356535,0.4893502,0.17719351
-8.856713,5.3247385,0.31794146,0.48625818,0.18139675
-8.811282,5.33969,0.3325619,0.48715472,0.14696385
-8.765733,5.3554225,0.34445137,0.4880513,0.11253095
-8.720085,5.371799,0.35358554,0.48894784,0.078098044
-8.674355,5.3886776,0.35994336,0.48816353,0.07634841
-8.628799,5.405822,0.3661491,0.48737925,0.074598774
-8.583419,5.4232225,0.3722031,0.48659495,0.07284914
-8.538212,5.4408717,0.3781059,0.48823258,0.0462931
-8.492886,5.4588757,0.38187152,0.48987022,0.01973706
-8.447436,5.4771276,0.38348284,0.49150786,-0.00681898
-8.401856,5.4955173,0.38292426,0.49150944,-0.016162211
-8.356271,5.5138793,0.38160032,0.491511,-0.025505442
-8.31067,5.5321774,0.3795112,0.49151257,-0.03484867
-8.265044,5.5503755,0.376657,0.49222624,-0.057269253
-8.219347,5.5684505,0.37196133,0.49293992,-0.07968983
-8.17357,5.586309,0.3654212,0.49365357,-0.10211041
-8.127704,5.6038575,0.35703462,0.49352446,-0.11284087
-8.081758,5.6209965,0.3477727,0.49339536,-0.12357132
-8.035726,5.6376834,0.33763695,0.49326622,-0.13430178
-7.989603,5.653876,0.326629,0.4941044,-0.14616755
-7.943304,5.6695604,0.31463483,0.49494255,-0.1580333
-7.896826,5.6846867,0.3016528,0.49578074,-0.16989906
-7.8501678,5.699204,0.28768143,0.4967107,-0.17782211
-7.8032894,5.713075,0.27303788,0.49764064,-0.18574516
-7.7561927,5.7262635,0.2577206,0.4985706,-0.19366822
-7.708884,5.7387333,0.24172811,0.49989912,-0.20044363
-7.661319,5.75046,0.22513945,0.5012277,-0.20721902
-7.6135063,5.76141,0.20795242,0.5025562,-0.21399441
-7.565455,5.771549,0.19016488,0.50398123,-0.21809721
-7.517138,5.78085,0.17199029,0.50540626,-0.22219999
-7.4685674,5.789287,0.15342705,0.5068313,-0.22630279
-7.4197564,5.7968354,0.13447358,0.50855774,-0.22834617
-7.370668,5.8034763,0.1152868,0.5102842,-0.23038957
-7.3213177,5.809191,0.09586565,0.51201063,-0.23243296
-7.2717223,5.8139606,0.076209076,0.5134883,-0.23143691
-7.2218876,5.8177657,0.05657873,0.5149659,-0.23044086
-7.1718326,5.8206005,0.036975116,0.51644355,-0.2294448
-7.121576,5.8224597,0.017398726,0.5180265,-0.22864363
-7.0711293,5.8233376,-0.002170299,0.51960933,-0.22784245
-7.020511,5.823228,-0.021731535,0.52119225,-0.22704129
-6.9697413,5.822124,-0.04128456,0.52240366,-0.22713274
-6.918886,5.8200235,-0.06089079,0.523,-0.22722417
-6.868025,5.8169227,-0.08052717,0.523,-0.22731562
-6.8172355,5.812824,-0.10017131,0.5221923,-0.22396654
-6.766576,5.807732,-0.119501024,0.52138454,-0.22061747
-6.716064,5.801667,-0.13851698,0.52057683,-0.21726839
-6.665717,5.794648,-0.15721983,0.51839596,-0.21400039
-6.6156845,5.7867165,-0.17556852,0.5162151,-0.21073239
-6.565981,5.7778993,-0.19356516,0.5140342,-0.20746438
-6.516619,5.768224,-0.2112119,0.5112768,-0.20478332
-6.4676723,5.757729,-0.22854035,0.50851935,-0.20210224
-6.419151,5.746443,-0.2455528,0.505762,-0.19942118
-6.371064,5.7343917,-0.26225156,0.5024638,-0.19267747
-6.323434,5.721606,-0.27828747,0.49916562,-0.18593375
-6.2762647,5.70813,-0.2936671,0.4958675,-0.17919004
-6.229561,5.694006,-0.30839708,0.4940486,-0.17231542
-6.183184,5.679232,-0.32251567,0.49222967,-0.16544081
-6.1371365,5.6638436,-0.3360263,0.49041077,-0.1585662
-6.0914187,5.647876,-0.3489325,0.489699,-0.14400871
-6.0458765,5.6313066,-0.3606454,0.48898724,-0.12945122
-6.0005064,5.614196,-0.37116596,0.48827544,-0.11489373
-5.9553037,5.5966024,-0.38049537,0.49003625,-0.10068068
-5.910035,5.578496,-0.38870436,0.49179706,-0.08646763
-5.864694,5.559927,-0.39578295,0.49355787,-0.07225458
-5.8192725,5.5409484,-0.40172142,0.49639258,-0.054214638
-5.773652,5.521568,-0.4062045,0.4992273,-0.036174696
-5.727822,5.501855,-0.40921375,0.50206196,-0.018134754
-5.6817684,5.4818816,-0.4107311,0.5019934,-0.009164756
-5.6357465,5.461839,-0.4114979,0.5019249,-0.00019475818
-5.5897436,5.441763,-0.41151416,0.5018563,0.00877524
-5.54375,5.4216895,-0.4107802,0.500379,0.021518607
-5.4978848,5.401713,-0.40898576,0.49890172,0.03426197
-5.4521365,5.381884,-0.40613744,0.49742442,0.047005337
-5.406491,5.3622546,-0.40224192,0.49691245,0.05208536
-5.3608274,5.3428273,-0.39793023,0.49640048,0.057165377
-5.3151407,5.3236227,-0.39320332,0.4958885,0.0622454
-5.269425,5.30466,-0.38806218,0.49336007,0.06534617
-5.223855,5.2860312,-0.3826928,0.49083164,0.06844693
-5.178429,5.2677455,-0.37709785,0.4883032,0.071547695
-5.133146,5.2498107,-0.37127998,0.48296463,0.078901224
-5.08828,5.232343,-0.3649355,0.47762606,0.08625476
-5.0438285,5.2153606,-0.35807776,0.47228748,0.09360829
-4.999789,5.1988807,-0.35072017,0.46566418,0.08734861
-4.9562244,5.1829424,-0.34394962,0.45904085,0.08108893
-4.913151,5.167514,-0.33775255,0.45241752,0.07482925
-4.8705845,5.1525645,-0.33211547,0.43561527,0.06609465
-4.8294935,5.1383924,-0.32732034,0.41881305,0.057360046
-4.789901,5.1249495,-0.32331866,0.4020108,0.048625447
-4.7518277,5.112192,-0.32006195,0.3816904,0.044231106
-4.7156324,5.100195,-0.31724912,0.36137,0.039836764
-4.681326,5.0889306,-0.31485045,0.3410496,0.035442423
-4.648918,5.078376,-0.31283626,0.31897917,0.026350547
-4.618579,5.0685625,-0.31143555,0.29690877,0.017258668
-4.5903206,5.059466,-0.31058154,0.27483833,0.00816679
-4.5641522,5.051067,-0.31020746,0.25361073,0.0044458685
-4.540002,5.043325,-0.31001952,0.23238315,0.00072494743
-4.5178714,5.036236,-0.30999145,0.21115556,-0.002995974
-4.4977627,5.029794,-0.3100969,0.19289216,-0.0002096355
-4.4793935,5.023908,-0.31010363,0.17462876,0.0025767027
-4.4627633,5.0185795,-0.31002864,0.15636536,0.005363041
-4.4478726,5.0138087,-0.30988887,0.13752897,0.018296475
-4.4347773,5.0096154,-0.30946952,0.118692584,0.031229908
-4.423477,5.0060024,-0.3088518,0.0998562,0.04416334
-4.4139733,5.00297,-0.30811706,0.10248991,0.054982334
-4.4042215,4.999867,-0.30717835,0.10512363,0.06580133
-4.394223,4.996695,-0.3060263,0.10775735,0.076620325
-4.3839784,4.9934583,-0.3046516,0.0993111,0.10583056
-4.3745575,4.9904957,-0.30290315,0.09086484,0.13504079
-4.3659635,4.98781,-0.30086428,0.08241858,0.16425103
-4.3581977,4.9854007,-0.2986182,0.086030655,0.17683052
-4.350104,4.982909,-0.2960959,0.089642726,0.18941
-4.341683,4.98034,-0.29328293,0.0932548,0.20198949
-4.3329372,4.977699,-0.29016483,0.08814513,0.2198098
-4.324694,4.975238,-0.2869616,0.08303546,0.23763011
-4.316954,4.9729533,-0.2837038,0.07792579,0.25545043
-4.3097157,4.970843,-0.2804221,0.079046205,0.26651236
-4.302388,4.9687324,-0.27695236,0.08016662,0.2775743
-4.294972,4.9666247,-0.2732911,0.081287034,0.28863624
-4.287469,4.9645214,-0.26943478,0.07807033,0.3014836
-4.280283,4.962537,-0.26557112,0.074853614,0.31433097
-4.2734137,4.9606686,-0.26171392,0.07163691,0.3271783
-4.266861,4.9589133,-0.2578769,0.07115416,0.3333994
-4.26036,4.9571986,-0.25399593,0.07067142,0.3396205
-4.25391,4.9555244,-0.25007215,0.07018867,0.3458416
-4.2475123,4.9538903,-0.24610662,0.07139754,0.35883394
-4.241029,4.9522614,-0.2419277,0.07260642,0.37182626
-4.2344613,4.950641,-0.23753117,0.07381529,0.3848186
