2.6907012,-6.7200193,-0.3637862,0.3081495,0.0
2.7194993,-6.7309837,-0.3637862,0.32742116,-0.07710756
2.7500079,-6.742599,-0.3679898,0.34669283,-0.15421513
2.7819722,-6.7549233,-0.37686542,0.3659645,-0.23132268
2.815094,-6.768032,-0.39084923,0.37443018,-0.22713974
2.848824,-6.7819304,-0.4049023,0.38289586,-0.2229568
2.8831465,-6.7966404,-0.41901293,0.39136153,-0.21877387
2.918045,-6.812184,-0.43316934,0.39883855,-0.19200005
2.95358,-6.8286176,-0.4458539,0.40631554,-0.1652262
2.9897401,-6.8459005,-0.45699206,0.41379255,-0.13845238
3.0265179,-6.8639846,-0.46651,0.42220816,-0.11904842
3.0639603,-6.8828397,-0.47486743,0.43062374,-0.09964446
3.102068,-6.902431,-0.48200715,0.43903935,-0.0802405
3.1408446,-6.9227176,-0.4878723,0.44746348,-0.06368141
3.1802905,-6.94365,-0.49261826,0.45588765,-0.047122322
3.220414,-6.9651866,-0.49619737,0.46431178,-0.030563235
3.2612264,-6.9872813,-0.49856213,0.4724771,-0.01939087
3.3027148,-7.009869,-0.500089,0.48064247,-0.008218503
3.3448918,-7.032915,-0.5007474,0.48880783,0.0029538632
3.387771,-7.056382,-0.5005067,0.4961006,0.01325475
3.431292,-7.0801864,-0.4994108,0.50339335,0.023555636
3.4754708,-7.1042876,-0.49743468,0.51068616,0.033856522
3.5203247,-7.128642,-0.49455357,0.5171627,0.041467927
3.5658052,-7.1531677,-0.4909803,0.523,0.049079336
3.6118717,-7.177797,-0.48670393,0.523,0.05669074
3.6580243,-7.202219,-0.48176503,0.523,0.06301938
3.7042794,-7.2264037,-0.4762755,0.523,0.06934802
3.750647,-7.2503242,-0.4702355,0.523,0.075676665
3.797137,-7.2739534,-0.4636453,0.523,0.079666056
3.8437674,-7.2972684,-0.45670843,0.523,0.08365544
3.890543,-7.320252,-0.44942495,0.523,0.08764483
3.9374685,-7.342886,-0.44179502,0.523,0.092366
3.9845455,-7.3651524,-0.43375525,0.523,0.09708718
4.031779,-7.3870296,-0.42530575,0.523,0.101808354
4.0791726,-7.408497,-0.4164468,0.523,0.1056514
4.126736,-7.429535,-0.40725464,0.523,0.10949445
4.174471,-7.450126,-0.39772943,0.523,0.113337494
4.222379,-7.4702535,-0.38787133,0.523,0.117195785
4.270462,-7.4898987,-0.3776791,0.523,0.121054076
4.3187203,-7.5090437,-0.367153,0.523,0.124912366
4.3671546,-7.5276713,-0.35629308,0.523,0.12520014
4.4157863,-7.5457706,-0.3454083,0.523,0.12548791
4.46461,-7.563339,-0.3344986,0.523,0.12577568
4.5136213,-7.580374,-0.32356405,0.523,0.12675282
4.5628095,-7.596869,-0.312545,0.523,0.12772998
4.61217,-7.612819,-0.30144146,0.523,0.12870713
4.661699,-7.628218,-0.29025343,0.523,0.12980545
4.7113895,-7.6430607,-0.27897048,0.523,0.13090377
4.7612376,-7.657339,-0.26759258,0.523,0.13200209
4.8112373,-7.671047,-0.2561198,0.523,0.13071075
4.8614,-7.684183,-0.24475858,0.523,0.1294194
4.911717,-7.6967506,-0.23350899,0.523,0.12812805
4.96218,-7.7087536,-0.22237103,0.523,0.12890103
5.012769,-7.720192,-0.21116625,0.523,0.12967403
5.0634785,-7.7310624,-0.19989464,0.523,0.13044702
5.114301,-7.7413588,-0.18855622,0.523,0.12938367
5.165245,-7.75108,-0.17730972,0.523,0.1283203
5.216302,-7.760229,-0.16615514,0.523,0.12725696
5.267464,-7.7688093,-0.1550925,0.523,0.12728855
5.3187184,-7.7768226,-0.14402711,0.523,0.12732014
5.370058,-7.7842684,-0.132959,0.523,0.12735173
5.421477,-7.791146,-0.12188815,0.523,0.12766777
5.472966,-7.797453,-0.11078999,0.523,0.12798381
5.5245204,-7.803188,-0.099664494,0.523,0.12829983
5.5761333,-7.808349,-0.08851168,0.523,0.12458069
5.627825,-7.8129363,-0.07768047,0.523,0.12086154
5.6795864,-7.8169656,-0.067171,0.523,0.11714239
5.731411,-7.8204517,-0.056983426,0.523,0.11452461
5.783284,-7.823411,-0.047022507,0.523,0.111906834
5.8351994,-7.825854,-0.03728831,0.523,0.10928906
5.8871512,-7.8277917,-0.027780898,0.523,0.10731951
5.9391303,-7.8292365,-0.01844416,0.523,0.105349965
5.991132,-7.8301954,-0.009278133,0.523,0.10338042
6.04315,-7.830678,-0.00028284913,0.523,0.10241255
6.095176,-7.830693,0.008628515,0.523,0.101444684
6.1472054,-7.830244,0.017455952,0.523,0.10047682
6.1992335,-7.8293357,0.02619945,0.523,0.10213414
6.251243,-7.827973,0.035086673,0.523,0.10379146
6.30323,-7.826148,0.044117596,0.523,0.105448775
6.3551884,-7.823854,0.05329219,0.523,0.10589586
6.4071217,-7.821084,0.062505536,0.523,0.10634294
6.459025,-7.8178353,0.07175764,0.523,0.10679002
6.510893,-7.814107,0.08104848,0.523,0.108491495
6.562715,-7.809898,0.09048678,0.523,0.11019297
6.614485,-7.8052006,0.10007251,0.523,0.11189444
6.666198,-7.8000083,0.109805636,0.523,0.111999385
6.7178574,-7.7943125,0.11954785,0.523,0.11210433
6.769458,-7.7881145,0.12929916,0.523,0.11220927
6.8209953,-7.781413,0.13905956,0.523,0.11461219
6.8724504,-7.7742114,0.14902806,0.523,0.117015116
6.923817,-7.766499,0.15920462,0.523,0.11941804
6.975088,-7.758267,0.16958916,0.523,0.12077927
7.0262623,-7.749504,0.18009152,0.523,0.1221405
7.077333,-7.7402062,0.19071165,0.523,0.123501725
7.1282935,-7.7303677,0.20144953,0.523,0.12841095
7.1791143,-7.7199893,0.21261194,0.523,0.13332018
7.229783,-7.709051,0.22419862,0.523,0.13822941
7.2802877,-7.6975346,0.23620929,0.523,0.139373
7.330642,-7.685414,0.24831867,0.523,0.14051658
7.3808384,-7.6726866,0.26052678,0.523,0.14166017
7.430867,-7.6593494,0.27283356,0.523,0.14805916
7.480682,-7.645411,0.28569227,0.523,0.15445815
7.5302644,-7.630847,0.29910243,0.523,0.16085714
7.579597,-7.6156354,0.3130634,0.523,0.16251794
7.6286993,-7.5997405,0.32716727,0.523,0.16417873
7.6775594,-7.583159,0.34141397,0.523,0.16583954
7.7261643,-7.5658884,0.3558035,0.523,0.17062059
7.774477,-7.5479345,0.37060386,0.523,0.17540164
7.8224783,-7.529283,0.38581476,0.523,0.1801827
7.870149,-7.5099206,0.40143585,0.523,0.18119222
7.9175034,-7.4898195,0.4171435,0.523,0.18220173
7.964527,-7.468981,0.43293768,0.523,0.18321124
8.011208,-7.4474063,0.4488184,0.523,0.18628022
8.057512,-7.4251056,0.46496207,0.523,0.1893492
8.103425,-7.402074,0.48136857,0.523,0.19241819
8.148926,-7.3783064,0.49803773,0.523,0.18939519
8.194051,-7.3537693,0.51444817,0.523,0.18637219
8.238793,-7.3284807,0.5305997,0.523,0.18334919
8.283146,-7.302458,0.5464922,0.523,0.18667771
8.327052,-7.27575,0.56267,0.523,0.19000623
8.370493,-7.248353,0.5791327,0.523,0.19333473
8.413449,-7.2202625,0.59588027,0.523,0.19151379
8.455944,-7.1914463,0.612472,0.523,0.18969284
8.497971,-7.1619186,0.6289079,0.523,0.1878719
8.539519,-7.131694,0.6451879,0.523,0.18997185
8.580555,-7.1008096,0.66164774,0.523,0.19207181
8.621059,-7.0692663,0.6782872,0.523,0.19417176
8.661017,-7.037067,0.6951064,0.523,0.1965836
8.70041,-7.0042152,0.71213174,0.523,0.19899543
8.739218,-6.9707146,0.72936326,0.523,0.20140725
8.777425,-6.9365664,0.74680084,0.523,0.21002087
8.814962,-6.90182,0.76497334,0.523,0.21863447
8.851793,-6.8664637,0.7838795,0.523,0.22724809
8.887879,-6.8304877,0.80351794,0.523,0.23268518
8.923206,-6.793856,0.8236178,0.523,0.23812225
8.957745,-6.7565713,0.8441785,0.523,0.24355935
8.991465,-6.7186346,0.8651995,0.523,0.24939793
9.024331,-6.680054,0.88671404,0.523,0.2552365
9.056313,-6.640835,0.9087214,0.523,0.2610751
9.087375,-6.6009827,0.93122077,0.523,0.26197422
9.117525,-6.5604515,0.9537959,0.523,0.2628733
9.146746,-6.5192604,0.9764467,0.523,0.2637724
9.175019,-6.4774275,0.99917316,0.523,0.2670717
9.202311,-6.4350014,1.0221771,0.523,0.27037096
9.228594,-6.391998,1.0454584,0.523,0.27367026
9.253847,-6.3484344,1.0690167,0.523,0.27695784
9.278044,-6.304329,1.0928507,0.523,0.28024542
9.301161,-6.2597013,1.1169603,0.523,0.28353304
9.323174,-6.214572,1.141345,0.523,0.27970555
9.344105,-6.168869,1.1654094,0.523,0.2758781
9.363951,-6.1226254,1.189153,0.523,0.27205062
9.382713,-6.0758734,1.2125752,0.523,0.27150935
9.400378,-6.0286875,1.2359521,0.523,0.27096805
9.416938,-5.9810944,1.2592835,0.523,0.27042675
9.432385,-5.9331207,1.2825694,0.523,0.26493433
9.446733,-5.884728,1.3053937,0.523,0.2594419
9.459992,-5.835948,1.3277555,0.523,0.2539495
9.472175,-5.7868133,1.3496543,0.523,0.2546408
9.483276,-5.7374325,1.3716114,0.523,0.25533205
9.49329,-5.6878285,1.3936268,0.523,0.25602335
9.502207,-5.6380253,1.4157004,0.523,0.25818062
9.510018,-5.5880656,1.437956,0.523,0.2603379
9.516712,-5.537973,1.4603933,0.523,0.26249516
9.522277,-5.487772,1.4830123,0.523,0.26697317
9.526699,-5.437519,1.506008,0.523,0.27145115
9.529962,-5.38724,1.52938,0.523,0.27592915
9.532045,-5.3369613,1.5531278,0.523,0.28020677
9.532933,-5.2867093,1.577234,0.523,0.28448442
9.53261,-5.236512,1.6016985,0.523,0.28876203
9.531061,-5.1864014,1.6265206,0.523,0.29088363
9.528271,-5.1363764,1.6515199,0.523,0.2930052
9.524233,-5.0864687,1.6766963,0.523,0.2951268
9.518944,-5.03671,1.7020497,0.523,0.29689226
9.512399,-4.9871283,1.7275503,0.523,0.2986577
9.504595,-4.9377565,1.753198,0.523,0.30042312
9.495533,-4.8886275,1.7789928,0.523,0.299139
9.485203,-4.8397293,1.8046806,0.523,0.29785487
9.473616,-4.7910933,1.8302613,0.523,0.29657075
9.460783,-4.7427506,1.8557352,0.523,0.2969824
9.446726,-4.694757,1.8812432,0.523,0.29739404
9.43145,-4.647143,1.9067857,0.523,0.2978057
9.414966,-4.599941,1.9323624,0.523,0.29487893
9.397264,-4.5531335,1.9576951,0.523,0.29195216
9.378365,-4.506749,1.9827837,0.523,0.2890254
9.358291,-4.460813,2.0076277,0.523,0.28982776
9.337087,-4.4154005,2.032539,0.523,0.29063013
9.314764,-4.370541,2.057517,0.523,0.2914325
9.291333,-4.326264,2.0825622,0.523,0.2863165
9.266764,-4.282521,2.1071796,0.523,0.28120053
9.241087,-4.2393312,2.1313694,0.523,0.27608454
9.214334,-4.1967134,2.1551301,0.523,0.27569664
9.186572,-4.1547384,2.1788585,0.523,0.27530873
9.157819,-4.113429,2.2025542,0.523,0.27492082
9.128093,-4.0728087,2.2262173,0.523,0.26806226
9.097354,-4.0328264,2.2493045,0.523,0.2612037
9.065642,-3.9934914,2.2718148,0.523,0.25434515
9.032994,-3.9548104,2.293747,0.523,0.25489897
8.999511,-3.91686,2.3157258,0.523,0.2554528
8.965206,-3.8796601,2.3377514,0.523,0.25600663
8.930096,-3.84323,2.3598237,0.523,0.24641396
8.894101,-3.8074958,2.381086,0.523,0.2368213
8.857268,-3.772452,2.4015367,0.523,0.22722863
8.819641,-3.7380912,2.4211733,0.523,0.22546037
8.781331,-3.7044623,2.44066,0.523,0.2236921
8.742356,-3.6715727,2.4599962,0.523,0.22192384
8.702739,-3.63943,2.4791822,0.523,0.20773052
8.662386,-3.6079562,2.4971595,0.523,0.19353718
8.621356,-3.5771236,2.5139244,0.523,0.17934385
8.579703,-3.5469027,2.5294733,0.523,0.17751151
8.537572,-3.517323,2.5448654,0.523,0.17567919
8.494976,-3.4883862,2.5601,0.523,0.17384686
8.451931,-3.4600923,2.5751774,0.523,0.16181213
8.408375,-3.432394,2.5892208,0.523,0.14977741
8.364351,-3.4052591,2.6022274,0.523,0.13774268
8.3199005,-3.3786528,2.614196,0.523,0.13663697
8.275128,-3.3525763,2.6260693,0.523,0.13553128
8.230043,-3.3270292,2.637847,0.523,0.13442558
8.184653,-3.3020113,2.6495292,0.523,0.12569636
8.138922,-3.2774973,2.660457,0.523,0.11696716
8.092876,-3.253459,2.6706293,0.523,0.10823795
8.046542,-3.229867,2.6800456,0.523,0.10658987
7.999981,-3.2067082,2.6893191,0.523,0.10494178
7.953198,-3.1839783,2.6984499,0.523,0.103293695
7.9062014,-3.1616726,2.7074375,0.523,0.09755267
7.858979,-3.1397774,2.7159274,0.523,0.09181166
7.811547,-3.1182723,2.7239192,0.523,0.08607064
7.76392,-3.0971363,2.7314122,0.523,0.085549966
7.7161336,-3.0763564,2.7388604,0.523,0.0850293
7.668192,-3.0559325,2.746263,0.523,0.08450863
7.620098,-3.035863,2.7536206,0.523,0.077533096
7.5718303,-3.0161366,2.7603722,0.523,0.070557564
7.5234056,-2.9967268,2.7665174,0.523,0.06358203
7.47484,-2.9776056,2.7720559,0.523,0.06091403
7.426161,-2.9587507,2.7773623,0.523,0.058246024
7.3773746,-2.9401517,2.7824366,0.523,0.055578016
7.3284874,-2.9217973,2.7872787,0.523,0.050066847
7.2794976,-2.9036748,2.791641,0.523,0.044555675
7.2304163,-2.8857613,2.7955234,0.523,0.039044507
7.1812544,-2.8680346,2.7989259,0.523,0.036331348
7.1320276,-2.8504734,2.802092,0.523,0.033618193
7.082741,-2.8330665,2.805022,0.523,0.030905038
7.0333986,-2.8158026,2.8077154,0.523,0.026466142
6.984004,-2.7986693,2.810022,0.523,0.022027249
6.9345646,-2.7816484,2.8119419,0.523,0.017588353
6.8850884,-2.7647207,2.813475,0.523,0.012788033
6.8355827,-2.7478678,2.8145897,0.523,0.007987713
6.7860556,-2.7310693,2.815286,0.523,0.0031873942
6.7365155,-2.714305,2.8155637,0.523,-0.00046433212
6.6869707,-2.6975539,2.8155231,0.523,-0.0041160583
6.637427,-2.6808014,2.8151646,0.523,-0.0077677844
6.58789,-2.6640313,2.8144875,0.523,-0.01286993
6.5383673,-2.6472285,2.8133657,0.523,-0.017972076
6.4888673,-2.6303713,2.811799,0.523,-0.02307422
6.4393992,-2.6134386,2.809788,0.523,-0.019118369
6.389961,-2.596405,2.8081217,0.523,-0.015162515
6.3405476,-2.579288,2.8068,0.523,-0.011206662
6.2911544,-2.5621047,2.805823,0.523,-1.9323827e-05
6.241775,-2.544872,2.8058214,0.523,0.011168015
6.1923985,-2.5276403,2.806795,0.523,0.022355353
6.143015,-2.5104601,2.8087435,0.523,0.028587544
6.0936055,-2.4933786,2.811235,0.523,0.034819733
6.0441637,-2.4764237,2.8142695,0.523,0.041051924
5.9946823,-2.459623,2.8178468,0.523,0.044788815
5.945149,-2.443002,2.8217497,0.523,0.048525702
5.89556,-2.4265773,2.8259778,0.523,0.052262593
5.845911,-2.4103656,2.8305314,0.523,0.053616546
5.796192,-2.394381,2.8352027,0.523,0.054970503
5.746403,-2.3786304,2.8399918,0.523,0.05632446
5.696543,-2.3631194,2.8448987,0.523,0.06016474
5.646619,-2.3478565,2.85014,0.523,0.06400502
5.5966268,-2.3328593,2.8557153,0.523,0.0678453
5.546565,-2.3181446,2.8616245,0.523,0.063747905
5.4964037,-2.3037221,2.8671775,0.523,0.059650518
5.44615,-2.2895749,2.872374,0.523,0.055553127
5.3958116,-2.2756855,2.877214,0.523,0.054641683
5.345404,-2.2620397,2.8819745,0.523,0.05373024
5.2949295,-2.248633,2.8866556,0.523,0.052818794
5.2443905,-2.235462,2.8912575,0.523,0.053632326
5.193794,-2.2225244,2.8959303,0.523,0.054445855
5.143139,-2.209824,2.9006739,0.523,0.055259388
5.0924273,-2.1973646,2.905488,0.523,0.055020314
5.041655,-2.1851492,2.9102817,0.523,0.05478124
4.990824,-2.1731772,2.9150543,0.523,0.054542165
4.939936,-2.1614478,2.9198062,0.523,0.050514936
4.8889823,-2.149958,2.9242077,0.523,0.046487708
4.8379683,-2.1386902,2.9282584,0.523,0.04246048
4.7869,-2.1276271,2.9319584,0.523,0.04106004
4.7357883,-2.1167526,2.9355364,0.523,0.03965961
4.684635,-2.1060605,2.9389925,0.523,0.03825917
4.6334424,-2.0955446,2.9423265,0.523,0.034507167
4.5822077,-2.085198,2.945334,0.523,0.030755162
4.530936,-2.075004,2.9480143,0.523,0.027003158
4.4796314,-2.0649467,2.9503677,0.523,0.023877287
4.4282994,-2.0550094,2.9524488,0.523,0.020751417
4.376943,-2.0451782,2.9542575,0.523,0.017625546
4.3255663,-2.0354393,2.9557939,0.523,0.012765562
4.2741704,-2.0257785,2.9569066,0.523,0.007905578
4.2227616,-2.0161746,2.9575956,0.523,0.0030455948
4.1713448,-2.0066059,2.9578612,0.523,0.0019473135
4.119925,-1.9970506,2.958031,0.523,0.0008490324
4.068504,-1.9875041,2.9581048,0.523,-0.00024924875
4.0170817,-1.9779615,2.9580832,0.523,-0.006135619
3.9656608,-1.9684179,2.9575484,0.523,-0.012021989
3.9142478,-1.9588474,2.9565005,0.523,-0.017908359
3.8628492,-1.9492238,2.9549396,0.523,-0.020478696
3.8114684,-1.9395204,2.9531546,0.523,-0.023049032
3.760108,-1.9297259,2.9511456,0.523,-0.025619369
3.7087703,-1.9198289,2.9489129,0.523,-0.023023278
3.6574519,-1.9098166,2.946906,0.523,-0.020427186
3.6061506,-1.8997009,2.9451256,0.523,-0.017831093
3.554865,-1.8894932,2.9435713,0.515941,-0.016260225
3.5042856,-1.8793445,2.9421732,0.5088821,-0.014689356
3.4544113,-1.8692646,2.9409275,0.5018231,-0.013118488
3.4052403,-1.8592631,2.9398303,0.4839432,-0.030848736
3.35785,-1.8495696,2.9373424,0.46606323,-0.048578985
3.3122663,-1.8401275,2.9335706,0.4481833,-0.06630923
3.2685108,-1.8308917,2.928621,0.4399436,-0.09184522
3.2256916,-1.821632,2.921896,0.4317039,-0.11738121
3.1838489,-1.8122885,2.9134698,0.4234642,-0.1429172
3.14302,-1.8028095,2.9034173,0.40803006,-0.16206068
3.1038883,-1.793309,2.8924446,0.39259592,-0.18120417
3.066464,-1.7837869,2.8806527,0.37716174,-0.20034766
3.0307534,-1.7742512,2.8681428,0.35764334,-0.21671996
2.9971235,-1.7648188,2.8553257,0.33812493,-0.23309225
2.965564,-1.7555293,2.8423085,0.31860653,-0.24946454
2.936062,-1.7464263,2.8291986,0.29950774,-0.2188769
2.908241,-1.737441,2.8183599,0.28040895,-0.18828925
2.882122,-1.7286917,2.809612,0.2613102,-0.15770163
2.8577244,-1.7202809,2.8027723,0.2479354,-0.108741544
2.8344786,-1.7120888,2.7982876,0.23456061,-0.05978147
2.8124309,-1.7042075,2.795952,0.22118582,-0.01082139
2.7916214,-1.6967142,2.7955532,0.20778279,0.025128175
2.7720811,-1.689669,2.7964232,0.19437976,0.061077736
2.7538238,-1.6831043,2.7984006,0.18097675,0.0970273
2.7368615,-1.6770432,2.8013227,0.17462398,0.13028836
2.7205398,-1.6712646,2.805104,0.16827123,0.16354942
2.7048683,-1.6657828,2.8096702,0.16191846,0.19681048
2.6898558,-1.6606084,2.8149474,0.16217808,0.20385794
2.6748135,-1.6555125,2.8204193,0.16243769,0.2109054
2.6597419,-1.6504982,2.826087,0.16269732,0.21795288
2.6446412,-1.6455692,2.8319504,0.16246963,0.22496046
2.629557,-1.6407431,2.8379908,0.16224194,0.23196805
2.6144893,-1.6360227,2.844207,0.16201425,0.23897563
