4.7876434,0.13249582,2.5012,0.60001713,0.0
4.7395306,0.16834746,2.5012,0.523,0.099733874
4.6978016,0.19944197,2.5098789,0.523,0.19946775
4.656431,0.22971424,2.5271509,0.523,0.29920164
4.615596,0.25852576,2.5528438,0.523,0.398668
4.575512,0.28529143,2.5866811,0.523,0.49813437
4.536462,0.309498,2.6283283,0.523,0.59760076
4.4987974,0.3307278,2.6773736,0.523,0.6963898
4.4629207,0.34869167,2.7332869,0.523,0.7951789
4.4293127,0.36323112,2.795523,0.523,0.893968
4.398498,0.37434232,2.8634748,0.523,0.99037415
4.37092,0.38221633,2.9363663,0.523,1.0
4.343255,0.38797498,3.0097146,0.523,1.0
4.315243,0.39169076,3.0830626,0.523,1.0
4.2870336,0.39334375,-3.1267743,0.523,1.0
4.2587786,0.39292502,-3.053426,0.523,1.0
4.2306304,0.39043686,-2.980078,0.49499455,0.97350013
4.203154,0.38595998,-2.9118629,0.4669891,0.9470003
4.176593,0.37974843,-2.8486896,0.43898365,0.92050046
4.151148,0.37207478,-2.790458,0.41407683,0.9262012
4.127785,0.36351666,-2.7352931,0.38917002,0.931902
4.1064677,0.35434514,-2.683225,0.3642632,0.93760276
4.0871387,0.3448077,-2.6342838,0.33705992,0.961345
4.0702744,0.33543423,-2.5882208,0.30985662,0.9850872
4.055702,0.32643214,-2.545186,0.28265336,1.0
4.043067,0.31785437,-2.5055451,0.25335532,1.0
4.032055,0.30972293,-2.4700134,0.22405732,1.0
4.022578,0.30219036,-2.4385903,0.19475931,1.0
4.01455,0.2953872,-2.4112763,0.16524605,0.95730156
4.0074625,0.28904057,-2.3887577,0.1357328,0.9146031
4.0014195,0.2833787,-2.3708336,0.10621955,0.8719046
3.996517,0.27861768,-2.357281,0.07682632,0.78083247
3.992654,0.27476305,-2.3482683,0.047433082,0.6897603
3.9900873,0.27215534,-2.3432376,0.018039847,0.5986881
3.9890473,0.27108803,-2.3415432,-0.0119171105,0.5014016
3.9897754,0.2718377,-2.3424978,-0.04187407,0.40411502
3.9924603,0.2745972,-2.345242,-0.071831025,0.30682847
3.997249,0.27949193,-2.3488579,-0.10182875,0.20736983
4.0042434,0.28658956,-2.3523521,-0.13182648,0.10791121
4.013475,0.29589242,-2.3547184,-0.1618242,0.008452577
4.0249,0.3073516,-2.3549464,-0.19182257,-0.08904147
4.0383935,0.3208786,-2.3521035,-0.22182095,-0.18653552
4.0537434,0.33635455,-2.3452473,-0.2518193,-0.28402957
4.070648,0.35363352,-2.333486,-0.2818151,-0.3
4.089248,0.3730982,-2.3196058,-0.3118109,-0.3
4.109527,0.39491823,-2.304248,-0.3418067,-0.3
4.131387,0.41917586,-2.287413,-0.37179464,-0.3
4.154717,0.44595826,-2.2691007,-0.40178257,-0.3
4.1793947,0.47535768,-2.2493117,-0.43177047,-0.3
4.205284,0.50746995,-2.2280455,-0.46175203,-0.3
4.2322345,0.542393,-2.2053027,-0.49173355,-0.3
4.2600813,0.5802267,-2.181083,-0.5217151,-0.3
4.2886457,0.62107086,-2.155387,-0.523,-0.3
4.316219,0.66273785,-2.1296272,-0.523,-0.3
4.3427095,0.7051012,-2.1038678,-0.523,-0.3
4.3681,0.74813277,-2.0781083,-0.523,-0.3
4.3923745,0.7918041,-2.0523489,-0.523,-0.3
4.4155154,0.8360861,-2.0265894,-0.523,-0.3
4.4375086,0.8809495,-2.0008297,-0.523,-0.3
4.4583387,0.9263644,-1.9750702,-0.523,-0.3
4.477992,0.9723008,-1.9493108,-0.523,-0.3
4.4964557,1.0187283,-1.9235512,-0.523,-0.27029467
4.5138683,1.0660259,-1.9002764,-0.523,-0.2405893
4.530303,1.1140873,-1.8795068,-0.523,-0.21088396
4.545841,1.162811,-1.8612607,-0.523,-0.19649349
4.5605316,1.211956,-1.8442429,-0.523,-0.18210302
4.574422,1.2614802,-1.8284572,-0.523,-0.16771255
4.5875616,1.3113441,-1.8139068,-0.523,-0.14247184
4.6000237,1.3615918,-1.8015299,-0.523,-0.117231116
4.611902,1.4121563,-1.7913346,-0.523,-0.0919904
4.623295,1.4629738,-1.7833275,-0.523,-0.06738927
4.6343017,1.5139811,-1.7774578,-0.523,-0.042788148
4.645024,1.5651214,-1.7737292,-0.523,-0.018187022
4.6555624,1.6163397,-1.7721441,-0.523,-0.0006785154
4.666022,1.6675831,-1.772085,-0.523,0.016829992
4.676477,1.71882,-1.7735518,-0.523,0.034338497
4.687002,1.7700183,-1.7765445,-0.523,0.05370065
4.697672,1.8211415,-1.781223,-0.523,0.0730628
4.708567,1.8721514,-1.7875861,-0.523,0.09242495
4.7197685,1.9230092,-1.7956309,-0.523,0.11230566
4.731355,1.9736717,-1.8053998,-0.523,0.13218638
4.7434063,2.0240953,-1.8168885,-0.523,0.1520671
4.7560005,2.0742342,-1.8300925,-0.523,0.16871032
4.76922,2.124068,-1.8447288,-0.523,0.18535356
4.783126,2.1735556,-1.8607931,-0.523,0.2019968
4.7977767,2.222653,-1.878281,-0.523,0.2166704
4.8132358,2.2713344,-1.8970201,-0.523,0.23134398
4.82955,2.3195562,-1.9170061,-0.523,0.24601758
4.8467627,2.3672717,-1.938235,-0.523,0.25617802
4.8649373,2.4144878,-1.9603218,-0.523,0.2663385
4.8840976,2.4611642,-1.9832641,-0.523,0.27649894
4.904267,2.5072582,-2.0070596,-0.523,0.27816808
4.925517,2.5528374,-2.0309951,-0.523,0.27983725
4.9478416,2.5978734,-2.0550704,-0.523,0.2815064
4.971232,2.6423378,-2.0792856,-0.523,0.27566445
4.9957333,2.686296,-2.1030111,-0.523,0.2698225
5.0213127,2.7297316,-2.1262465,-0.523,0.26398057
5.0479364,2.7726297,-2.1489904,-0.5188158,0.26452452
5.075304,2.8145666,-2.171598,-0.5146316,0.26506847
5.10338,2.855535,-2.194068,-0.5104474,0.2656124
5.13213,2.8955286,-2.2164001,-0.49072394,0.26527828
5.160623,2.9333534,-2.2378428,-0.47100046,0.26494417
5.1887455,2.9690666,-2.2583985,-0.45127702,0.26461005
5.2163906,3.002726,-2.2780693,-0.43724608,0.2650236
5.243809,3.0348024,-2.2971573,-0.42321518,0.26543713
5.2709327,3.0653336,-2.315661,-0.40918428,0.2658507
5.297696,3.0943592,-2.3335786,-0.38792968,0.24070297
5.3237267,3.121595,-2.3489914,-0.36667508,0.21555525
5.348871,3.1471045,-2.3620627,-0.34542048,0.19040753
5.3729954,3.1709468,-2.3729584,-0.32636616,0.1556583
5.3961725,3.1933599,-2.381391,-0.30731183,0.120909065
5.418281,3.2143812,-2.387569,-0.28825754,0.08615983
5.439215,3.2340415,-2.3917031,-0.2731403,0.054650266
5.4591727,3.2526298,-2.3941898,-0.2580231,0.023140699
5.4780927,3.2701638,-2.3951848,-0.24290591,-0.008368867
5.4959245,3.2866566,-2.394846,-0.2299513,-0.023531605
5.512796,3.3022718,-2.3939443,-0.2169967,-0.03869434
5.528696,3.317015,-2.3925452,-0.20404209,-0.053857077
5.5436172,3.3308887,-2.3907146,-0.19381069,-0.050806366
5.5577683,3.344095,-2.389074,-0.1835793,-0.04775566
5.5711536,3.356628,-2.3876135,-0.17334789,-0.04470495
5.583778,3.3684826,-2.3863223,-0.16049726,-0.049551815
5.595449,3.379471,-2.3849974,-0.14764665,-0.05439868
5.6061697,3.3895912,-2.3836594,-0.13479602,-0.059245545
5.615942,3.3988411,-2.3823292,-0.112127624,-0.073420025
5.6240535,3.406539,-2.3809583,-0.08945923,-0.0875945
5.630509,3.4126825,-2.379654,-0.06679084,-0.101768985
5.6353164,3.4172695,-2.378523,-0.037968785,-0.12776652
5.638038,3.4198723,-2.3777168,-0.00914673,-0.15376407
5.638691,3.4204974,-2.3774834,0.019675326,-0.17976162
5.637293,3.419158,-2.3780696,0.049491778,-0.16333286
5.633765,3.4157813,-2.379411,0.07930823,-0.14690413
5.6280904,3.4103642,-2.3813457,0.10912468,-0.13047537
5.6202497,3.4029083,-2.383712,0.13889247,-0.12724254
5.610244,3.393438,-2.3866496,0.16866027,-0.124009684
5.5980544,3.3819695,-2.3901265,0.19842806,-0.12077683
5.583661,3.3685212,-2.3941112,0.22766049,-0.1247911
5.5670943,3.3531654,-2.3988338,0.25689292,-0.12880537
5.548328,3.335935,-2.4043334,0.28612533,-0.13281965
5.5273323,3.3168695,-2.4106486,0.31376585,-0.13171397
5.5041733,3.2961047,-2.4175167,0.34140635,-0.13060829
5.478816,3.2736812,-2.4249272,0.36904687,-0.12950261
5.451223,3.2496424,-2.4328704,0.3929137,-0.13493021
5.421664,3.2243016,-2.4416797,0.41678053,-0.14035779
5.3900986,3.1977186,-2.4513974,0.44064736,-0.14578539
5.3564796,3.1699607,-2.4620662,0.4591773,-0.20547822
5.3215127,3.141712,-2.477681,0.4777072,-0.26517105
5.2852044,3.1133044,-2.4985468,0.49623713,-0.3
5.2472653,3.084877,-2.522988,0.50978774,-0.3
5.2075887,3.056635,-2.548097,0.523,-0.3
5.1661687,3.028692,-2.5738564,0.523,-0.3
5.124043,3.001825,-2.5996158,0.523,-0.3
5.081239,2.976052,-2.6253753,0.523,-0.3
5.037786,2.95139,-2.651135,0.523,-0.3
4.9937115,2.9278555,-2.6768944,0.523,-0.3
4.949046,2.905464,-2.702654,0.523,-0.3
4.903818,2.8842301,-2.7284133,0.523,-0.3
4.858059,2.8641684,-2.754173,0.523,-0.3
4.8117976,2.8452919,-2.7799325,0.523,-0.3
4.7650657,2.8276134,-2.805692,0.523,-0.3
4.717894,2.811144,-2.8314514,0.523,-0.3
4.6703134,2.7958953,-2.8572109,0.523,-0.3
4.6223564,2.7818773,-2.8829706,0.523,-0.3
4.574054,2.769099,-2.90873,0.523,-0.24389541
4.5246716,2.7573874,-2.9297793,0.523,-0.18779083
4.474439,2.7465854,-2.9460526,0.523,-0.13168624
4.42358,2.7365117,-2.957498,0.523,-0.08453481
4.3723474,2.726972,-2.9648578,0.523,-0.03738339
4.320898,2.7177832,-2.9681156,0.523,0.009768033
4.2693853,2.7087562,-2.9672642,0.523,0.023862576
4.2178926,2.6996875,-2.9651845,0.523,0.03795712
4.1664414,2.6905158,-2.9618766,0.523,0.052051663
4.1150537,2.6811798,-2.9573414,0.523,0.05189948
4.0637083,2.6716108,-2.9528196,0.523,0.0517473
4.012406,2.6618097,-2.9483109,0.523,0.051595114
3.9611483,2.6517773,-2.9438155,0.523,0.053169966
3.9099402,2.6415153,-2.939183,0.523,0.054744817
3.8587847,2.6310172,-2.9344137,0.523,0.056319665
3.8076842,2.6202762,-2.929507,0.523,0.06580236
3.7566667,2.6092908,-2.9237754,0.523,0.075285055
3.7057471,2.5980208,-2.9172192,0.523,0.084767744
3.654941,2.5864263,-2.9098392,0.523,0.13337044
3.6044915,2.5745203,-2.8982482,0.523,0.18197314
3.5545704,2.5621266,-2.8824735,0.523,0.23057584
3.5053544,2.5490806,-2.8625526,0.5153336,0.28667215
3.457836,2.5354657,-2.8382664,0.50766724,0.34276843
3.4122052,2.5211842,-2.809829,0.50000083,0.39886472
3.3686426,2.506177,-2.7774646,0.4746039,0.4342197
3.3284094,2.4908433,-2.7441866,0.44920692,0.46957466
3.291473,2.4753394,-2.7103086,0.42380998,0.50492966
3.2577772,2.4598334,-2.676139,0.3973178,0.46313214
3.2260122,2.4438794,-2.6465554,0.3708256,0.42133465
3.1962352,2.4278033,-2.6212788,0.3443334,0.37953717
3.168485,2.411903,-2.6000166,0.31598878,0.33477834
3.1429112,2.3965185,-2.5827131,0.28764415,0.2900195
3.1195416,2.3819034,-2.5690036,0.25929952,0.24526067
3.0983996,2.3682747,-2.55851,0.2302291,0.18224122
3.0794992,2.3558083,-2.5515559,0.20115866,0.11922176
3.0629032,2.3446956,-2.5475683,0.17208824,0.05620231
3.0486648,2.335079,-2.545957,0.14319146,-0.00672642
3.0368118,2.3270454,-2.5461178,0.11429466,-0.06965515
3.0273726,2.3206503,-2.5474434,0.085397884,-0.13258389
3.0203583,2.3159115,-2.549325,0.056022134,-0.20155619
3.0158043,2.3128476,-2.5511942,0.026646387,-0.2705285
3.0136714,2.311418,-2.552381,-0.0027293598,-0.3
3.0138881,2.311563,-2.5522466,-0.03250714,-0.3
3.0164697,2.3132892,-2.5506456,-0.06228492,-0.3
3.021411,2.3166044,-2.5475779,-0.0920627,-0.3
3.0286994,2.3215268,-2.5430434,-0.121803045,-0.3
3.038313,2.3280833,-2.5370443,-0.1515434,-0.3
3.0502243,2.336312,-2.52958,-0.18128374,-0.3
3.0643995,2.346262,-2.5206513,-0.21105725,-0.3
3.0807989,2.357993,-2.510256,-0.24083076,-0.3
3.0993712,2.3715725,-2.4983943,-0.27060425,-0.3
3.1200573,2.3870773,-2.4850662,-0.2999114,-0.25094596
3.1430697,2.4048095,-2.4726539,-0.32921854,-0.2018919
3.168372,2.4248114,-2.461651,-0.3585257,-0.15283784
3.1959262,2.4470909,-2.452554,-0.38638732,-0.07931757
3.225656,2.47158,-2.4474514,-0.41424894,-0.0057972907
3.2574947,2.49808,-2.447051,-0.44211057,0.06772299
3.2913864,2.5263119,-2.4520376,-0.45980462,0.13732274
3.3265276,2.5552888,-2.462528,-0.47749868,0.20692249
3.362892,2.5846393,-2.4788783,-0.49519277,0.27652222
3.4004464,2.6139488,-2.5014105,-0.4723123,0.28766164
3.4367688,2.641003,-2.5237439,-0.44943187,0.29880103
3.4717798,2.665884,-2.5457942,-0.4265514,0.30994046
3.5054033,2.6886802,-2.5674772,-0.41402334,0.28470856
3.5387683,2.7102604,-2.586859,-0.40149528,0.25947666
3.5717545,2.7307,-2.604028,-0.3889672,0.23424475
3.6042526,2.750073,-2.619075,-0.3759073,0.23195058
3.635955,2.7683306,-2.633477,-0.3628474,0.22965641
3.6668234,2.7855208,-2.6472437,-0.3497875,0.22736225
3.696822,2.8016896,-2.6603844,-0.33511582,0.21398678
3.7258503,2.8168468,-2.6722453,-0.32044414,0.20061132
3.7538564,2.83105,-2.6828876,-0.30577245,0.18723588
3.7807937,2.8443525,-2.692374,-0.29153016,0.17421237
3.8066568,2.8568208,-2.700796,-0.27728784,0.16118887
3.83141,2.8684983,-2.7082129,-0.26304552,0.14816537
3.8550212,2.8794236,-2.714685,-0.24276382,0.12777358
3.8769386,2.8893936,-2.7198405,-0.2224821,0.107381806
3.8971205,2.8984487,-2.7238147,-0.20220038,0.08699003
3.9155314,2.9066215,-2.7267425,-0.18145934,0.037314408
3.9321265,2.9139302,-2.727871,-0.16071828,-0.012361211
3.9468415,2.9203908,-2.7275398,-0.13997722,-0.06203683
3.9596317,2.9260116,-2.7260933,-0.12054787,-0.12341373
3.9705768,2.9308405,-2.7236202,-0.10111851,-0.18479063
3.9796607,2.934875,-2.7205236,-0.081689164,-0.24616753
3.9868915,2.9381135,-2.7172058,-0.05944139,-0.3
3.9920664,2.9404516,-2.714278,-0.03719362,-0.3
3.9953,2.941924,-2.7124462,-0.014945847,-0.3
3.9965985,2.9425182,-2.71171,0.006815129,-0.3
3.9960067,2.942247,-2.7120457,0.028576106,-0.3
3.9935246,2.9411101,-2.713453,0.05033708,-0.3
3.9891498,2.9391134,-2.7159324,0.07795727,-0.3
3.9823668,2.9360383,-2.719772,0.10557746,-0.3
3.9731648,2.9319086,-2.724972,0.13319765,-0.3
3.9615283,2.9267592,-2.7315326,0.16275114,-0.3
3.9472692,2.9205608,-2.7395487,0.19230461,-0.3
3.9303625,2.913372,-2.74902,0.22185808,-0.3
3.91078,2.9052634,-2.7599475,0.2518517,-0.3
3.8884506,2.8963022,-2.772352,0.2818453,-0.3
3.8633397,2.8865845,-2.786234,0.31183892,-0.3
3.8354099,2.8762195,-2.801593,0.3418389,-0.3
3.8046222,2.8653288,-2.8184297,0.37183887,-0.3
3.770938,2.8540478,-2.836744,0.40183887,-0.3
3.7343187,2.8425252,-2.856536,0.43183884,-0.3
3.6947286,2.8309238,-2.8778055,0.4618388,-0.3
3.6521335,2.8194199,-2.9005525,0.49183878,-0.3
3.6065047,2.8082035,-2.9247773,0.5218025,-0.28963736
3.5576687,2.7974458,-2.9496155,0.523,-0.2792747
3.5083187,2.7878537,-2.9736438,0.523,-0.26891205
3.4586077,2.7794254,-2.9968023,0.523,-0.18991196
3.4077854,2.7720149,-3.013257,0.523,-0.11091187
3.3562343,2.7653625,-3.022905,0.523,-0.03191178
3.3043287,2.759173,-3.0256863,0.49470103,0.06504607
3.2552943,2.753464,-3.0203269,0.46640205,0.16200392
3.2096028,2.7478957,-3.007789,0.43810308,0.25896177
3.1676319,2.7422462,-2.9890907,0.41105196,0.34122634
3.1293461,2.7363617,-2.9661648,0.38400084,0.4234909
3.0948758,2.730252,-2.9398642,0.35694972,0.5057555
3.0642827,2.7239954,-2.9110425,0.33395028,0.5308914
3.0362463,2.7174146,-2.8828626,0.31095085,0.55602735
3.0107145,2.7106571,-2.8555083,0.28795138,0.5811633
2.987625,2.7038653,-2.829161,0.26318982,0.5647417
2.9664688,2.6970317,-2.8056846,0.23842826,0.54832
2.9472585,2.6903245,-2.784971,0.2136667,0.5318984
2.9300025,2.6838958,-2.76691,0.18475004,0.47143325
2.9146845,2.677872,-2.7529256,0.15583338,0.41096812
2.9014642,2.6724584,-2.7425497,0.1269167,0.350503
2.8904808,2.667827,-2.7352865,0.097674094,0.28651568
2.8818743,2.664124,-2.730686,0.06843148,0.2225284
2.8757555,2.661458,-2.7281687,0.039188873,0.1585411
2.872212,2.6599033,-2.7271376,0.00974004,0.0861529
2.8713236,2.6595125,-2.7269979,-0.019708795,0.013764697
2.8731272,2.6603065,-2.7270432,-0.04915763,-0.058623504
2.877619,2.662283,-2.726563,-0.07895662,-0.12262604
2.8847902,2.6654427,-2.7249534,-0.10875561,-0.18662857
2.8945625,2.6697676,-2.7215903,-0.1385546,-0.2506311
2.9068186,2.6752408,-2.715863,-0.1683845,-0.24143106
2.9217093,2.681993,-2.709153,-0.19821441,-0.232231
2.9392228,2.690077,-2.7015498,-0.22804432,-0.22303095
2.959344,2.6995506,-2.6931431,-0.25760463,-0.15707262
2.9822714,2.710582,-2.686427,-0.28716496,-0.09111429
3.0079572,2.7231538,-2.6820724,-0.31672528,-0.025155956
3.0363352,2.7371967,-2.6807444,-0.33978558,0.048855204
3.0667326,2.752289,-2.68351,-0.36284587,0.12286636
3.099031,2.7682142,-2.6909218,-0.38590616,0.19687752
3.1330974,2.7846985,-2.703503,-0.3877086,0.27000365
3.166935,2.8005495,-2.7207386,-0.38951102,0.34312978
3.2004147,2.815535,-2.7425797,-0.39131346,0.41625592
3.2333932,2.8294399,-2.7689502,-0.3732992,0.3688033
3.2658231,2.8421168,-2.7913792,-0.35528493,0.32135066
3.2974868,2.8536828,-2.810082,-0.33727068,0.273898
3.3281887,2.8642507,-2.8252864,-0.3324238,0.28933492
3.3584688,2.8741612,-2.841094,-0.32757694,0.3047718
3.3883166,2.8834105,-2.857477,-0.32273003,0.3202087
3.417721,2.891997,-2.8744075,-0.30770695,0.30636668
3.446018,2.8997428,-2.889875,-0.29268387,0.29252464
3.4731598,2.906723,-2.9039416,-0.2776608,0.27868262
3.4991043,2.9130075,-2.916672,-0.27142164,0.26084557
3.5246677,2.9188561,-2.9283385,-0.26518252,0.24300855
3.549824,2.9243035,-2.9389734,-0.2589434,0.22517154
3.5745482,2.929383,-2.948609,-0.24935229,0.22606333
3.598398,2.9340436,-2.9579244,-0.23976117,0.22695512
3.6213663,2.9383101,-2.9669158,-0.23017007,0.22784692
3.6434472,2.9422069,-2.975581,-0.22684409,0.20258337
3.6653621,2.945879,-2.983188,-0.2235181,0.17731984
3.687088,2.9493494,-2.989759,-0.22019213,0.1520563
3.708603,2.9526415,-2.9953177,-0.2040825,0.16076022
3.7285328,2.9555776,-3.0007622,-0.18797287,0.16946416
3.7468774,2.9581783,-3.006046,-0.17186324,0.17816807
3.7636366,2.960464,-3.0111225,-0.15959857,0.123195454
3.7793407,2.9625247,-3.0143912,-0.14733389,0.068222836
3.7939212,2.9643893,-3.0160651,-0.13506922,0.01325022
3.8073206,2.9660802,-3.0163634,-0.11394889,-0.011375641
3.8186255,2.9675033,-3.0161474,-0.092828564,-0.036001503
3.8278294,2.9686642,-3.0155904,-0.07170823,-0.060627364
3.8349304,2.9695635,-3.0148664,-0.053111345,-0.11217085
3.8401659,2.9702306,-3.0138755,-0.034514457,-0.16371433
3.8435433,2.9706643,-3.012938,-0.015917566,-0.21525782
3.8450856,2.9708638,-3.0123713,0.009769633,-0.26868457
3.8441515,2.9707425,-3.0128036,0.035456832,-0.3
3.8407922,2.9703074,-3.01455,0.06114403,-0.3
3.834998,2.9695673,-3.0175614,0.09083203,-0.3
3.8263872,2.968494,-3.0220354,0.120520025,-0.3
3.8149555,2.9671206,-3.0279713,0.15020803,-0.3
3.8006983,2.9654937,-3.0353696,0.18010335,-0.26905265
3.7834337,2.9636528,-3.0433486,0.20999867,-0.2381053
3.7631247,2.961651,-3.0516038,0.239894,-0.20715794
3.7397432,2.9595413,-3.0598273,0.26985416,-0.17050102
3.713238,2.9573693,-3.0674586,0.29981434,-0.1338441
3.6836061,2.9551685,-3.0741267,0.3297745,-0.0971872
3.650859,2.952956,-3.07946,0.35977358,-0.04452447
3.6149867,2.9507241,-3.0821288,0.38977262,0.008138264
3.5760796,2.948408,-3.0816002,0.4197717,0.060800992
3.5342555,2.9458957,-3.077349,0.44976482,0.11687285
3.489678,2.943028,-3.068608,0.47975793,0.1729447
3.4425435,2.9395816,-3.0548484,0.5097511,0.22901656
3.3930862,2.9352808,-3.035561,0.523,0.2471466
3.3426602,2.929914,-3.0142367,0.523,0.26527667
3.2925982,2.9235036,-2.9913838,0.523,0.2834067
3.24295,2.9159894,-2.9670095,0.49819386,0.34079197
3.1967094,2.9078336,-2.9392574,0.4733877,0.3981772
3.1539643,2.8990645,-2.9086654,0.44858155,0.45556247
3.1147687,2.8897662,-2.875772,0.42890137,0.42640364
3.0770907,2.8795078,-2.8462064,0.40922123,0.39724484
3.0409894,2.8685226,-2.81982,0.38954106,0.368086
3.00651,2.8570285,-2.7964585,0.3620756,0.3883555
2.9749749,2.845691,-2.7736075,0.3346101,0.40862498
2.9463243,2.8346448,-2.751448,0.3071446,0.42889446
2.9204907,2.8240216,-2.7301595,0.27820355,0.39119333
2.8969185,2.813736,-2.71248,0.24926247,0.3534922
2.8756535,2.8040063,-2.6980987,0.22032139,0.3157911
2.856737,2.7950199,-2.6866944,0.19134997,0.2412087
2.8400455,2.786856,-2.6790762,0.16237856,0.16662632
2.825715,2.7797108,-2.6745877,0.13340715,0.092043936
2.8138533,2.77373,-2.672544,0.10408141,0.028281217
2.8045728,2.7690272,-2.6720536,0.07475566,-0.0354815
2.7979105,2.7656467,-2.6724956,0.045429923,-0.09924422
2.7938783,2.763603,-2.6732457,0.015803752,-0.13849777
2.7924817,2.7628965,-2.6736093,-0.013822418,-0.1777513
2.7936957,2.7635102,-2.673202,-0.043448586,-0.21700485
2.7974818,2.7654257,-2.6716428,-0.07333188,-0.20065624
2.8038888,2.7686799,-2.6692069,-0.103215165,-0.1843076
2.8129241,2.7732966,-2.6660542,-0.13309845,-0.16795897
2.8245907,2.7793045,-2.662346,-0.1629437,-0.15047063
2.838886,2.786733,-2.658275,-0.19278894,-0.13298228
2.855806,2.7956133,-2.6540146,-0.2226342,-0.11549394
2.875344,2.8059738,-2.6497386,-0.2522948,-0.044088453
2.8975613,2.817877,-2.6478853,-0.2819554,0.027317028
2.9223804,2.8312337,-2.649169,-0.311616,0.09872251
2.949706,2.845894,-2.6542878,-0.33786434,0.17910548
2.979082,2.8614614,-2.6643195,-0.36411268,0.25948843
3.0103416,2.8776274,-2.6798906,-0.39036104,0.3398714
3.0432913,2.8940222,-2.7015793,-0.4008116,0.3855511
3.0768926,2.9098415,-2.7267015,-0.4112622,0.43123075
3.111084,2.9249015,-2.755352,-0.42171282,0.47691044
3.1457896,2.9390152,-2.7876158,-0.3994506,0.4276214
3.1798844,2.9516144,-2.815225,-0.37718838,0.37833235
3.2130857,2.9628522,-2.8384454,-0.3549262,0.32904333
3.2451425,2.9728792,-2.8575604,-0.34364384,0.35036582
3.276126,2.981924,-2.8772192,-0.3323615,0.3716883
3.3060167,2.9900157,-2.8973374,-0.32107913,0.3930108
3.3347962,2.9971886,-2.9178314,-0.30933303,0.36108613
3.3630133,3.00361,-2.9360456,-0.29758692,0.32916147
3.3905816,3.0093577,-2.952078,-0.2858408,0.29723683
3.417423,3.0145063,-2.9660308,-0.27731267,0.28406453
3.4436336,3.0191557,-2.978984,-0.26878455,0.27089223
3.4691904,3.0233486,-2.9909716,-0.2602564,0.25771993
3.4940715,3.0271246,-3.002027,-0.25357056,0.24981585
3.5184026,3.0305426,-3.0124753,-0.2468847,0.24191178
3.5421724,3.033629,-3.0223324,-0.24019885,0.23400772
3.5653718,3.036409,-3.0316153,-0.2322879,0.23780367
3.5878105,3.0388868,-3.0407352,-0.22437696,0.2415996
3.6094859,3.0410802,-3.0496826,-0.21646602,0.24539556
3.6303952,3.0430074,-3.0584471,-0.21427901,0.23253557
3.6511743,3.0447392,-3.066677,-0.212092,0.21967557
3.6718159,3.0462885,-3.0743802,-0.209905,0.20681559
3.6923127,3.0476682,-3.081564,-0.19278194,0.20567238
3.7111506,3.0488002,-3.0881257,-0.1756589,0.20452917
3.7283258,3.0497196,-3.0940719,-0.15853584,0.20338595
3.743835,3.050457,-3.099409,-0.14402191,0.15062097
3.7580614,3.0510576,-3.103011,-0.129508,0.09785597
3.7709408,3.0515547,-3.1051197,-0.11499408,0.045090973
3.7824209,3.0519736,-3.1059835,-0.09221222,0.010612691
3.7916358,3.052302,-3.1061466,-0.06943036,-0.023865592
3.7985723,3.052548,-3.1058705,-0.0466485,-0.058343876
3.8032262,3.052714,-3.105417,-0.02066725,-0.072367705
3.8052864,3.0527887,-3.105168,0.0053140013,-0.08639153
3.804757,3.0527694,-3.1052444,0.03129525,-0.100415364
3.8016455,3.0526564,-3.1057675,0.06014667,-0.10113657
3.7956655,3.052442,-3.1067796,0.088998094,-0.10185778
3.786817,3.0521338,-3.1082878,0.117849514,-0.10257899
3.7751007,3.0517435,-3.110299,0.14766549,-0.030565375
3.760348,3.0512817,-3.111051,0.17748146,0.041448243
3.7426236,3.0507402,-3.1098254,0.20729743,0.11346186
3.7220376,3.050086,-3.1059139,0.2372311,0.20064211
3.698805,3.0492568,-3.098034,0.26716477,0.28782237
3.6732118,3.0481412,-3.0853941,0.29709843,0.37500262
3.6456103,3.0465884,-3.0672574,0.32709685,0.42565325
3.6159017,3.044376,-3.0447469,0.35709524,0.47630385
3.5843155,3.0413072,-3.017459,0.38709363,0.5269545
3.5511148,3.0371647,-2.9850137,0.417092,0.43336213
3.5137243,3.0312617,-2.9558227,0.44709036,0.3397698
3.4722965,3.023476,-2.930989,0.47708872,0.24617746
