9.332367,-1.8707736,1.4774036,0.5790677,0.0
9.337768,-1.813119,1.4774036,0.523,0.099717736
9.342621,-1.7613057,1.4860812,0.5200135,0.19943547
9.346933,-1.7105179,1.5032518,0.517027,0.2991532
9.350267,-1.6612241,1.5286474,0.523,0.39622995
9.352301,-1.6130191,1.5622888,0.523,0.4933067
9.352693,-1.5669564,1.6035657,0.523,0.5903834
9.351269,-1.5235326,1.6520896,0.523,0.6687138
9.347937,-1.4826325,1.706131,0.523,0.74704415
9.34276,-1.444611,1.7653584,0.523,0.8253745
9.335901,-1.409806,1.8294086,0.523,0.8004068
9.326587,-1.3745948,1.8919629,0.523,0.77543914
9.314796,-1.3391563,1.9529821,0.523,0.7504714
9.300531,-1.3036655,2.0124283,0.523,0.72865707
9.283854,-1.2683898,2.0704699,0.523,0.7068428
9.264798,-1.2334824,2.127079,0.523,0.68502843
9.243413,-1.1990877,2.182229,0.523,0.6592106
9.219681,-1.1652359,2.2356179,0.523,0.6333929
9.193674,-1.1320587,2.2872105,0.523,0.60757506
9.165476,-1.0996748,2.336972,0.523,0.5921292
9.1353855,-1.0684049,2.3856223,0.523,0.5766833
9.103486,-1.0383297,2.4331496,0.523,0.56123745
9.069863,-1.0095208,2.4795427,0.523,0.54578805
9.034606,-0.982041,2.52479,0.523,0.5303387
8.997804,-0.95594466,2.5688813,0.523,0.51488936
8.959547,-0.9312772,2.6118054,0.523,0.4936965
8.9198065,-0.9080035,2.6531124,0.523,0.47250366
8.878683,-0.8861491,2.6927834,0.523,0.45131078
8.836281,-0.86572856,2.7308009,0.523,0.4374177
8.792846,-0.8468097,2.7677248,0.523,0.4235246
8.748461,-0.8293964,2.803548,0.523,0.4096315
8.703202,-0.81348646,2.8382642,0.523,0.3956208
8.6571455,-0.7990712,2.8718565,0.523,0.38161007
8.610363,-0.786137,2.9043188,0.523,0.36759934
8.562924,-0.77466494,2.9356444,0.523,0.35373765
8.514899,-0.76463205,2.9658394,0.523,0.33987597
8.466351,-0.7560105,2.994898,0.523,0.32601425
8.417337,-0.7487685,3.022815,0.523,0.3139687
8.367945,-0.742874,3.0497353,0.523,0.30192313
8.318221,-0.73829365,3.0756547,0.523,0.28987756
8.268211,-0.7349914,3.1005702,0.523,0.26666158
8.217803,-0.7329223,3.1235397,0.523,0.24344558
8.167053,-0.732006,-3.1386344,0.523,0.22022958
8.116016,-0.732157,-3.1195924,0.4932401,0.31991234
8.069206,-0.73318696,-3.0937397,0.46348017,0.4195951
8.026927,-0.73521173,-3.0622702,0.43372026,0.5192778
7.989391,-0.7381954,-3.0263977,0.4072593,0.6186422
7.956433,-0.7420089,-2.987034,0.3807983,0.71800655
7.9280963,-0.74642384,-2.9452806,0.35433736,0.81737095
7.9043202,-0.7511523,-2.9022079,0.35367042,0.91583097
7.8833914,-0.7562603,-2.8554604,0.35300347,1.0
7.8650937,-0.76164347,-2.8059533,0.35233653,1.0
7.8471193,-0.76791364,-2.7565398,0.35491788,1.0
7.829347,-0.77511644,-2.7067645,0.35749924,1.0
7.8118286,-0.7832533,-2.6566267,0.3600806,1.0
7.7946167,-0.7923229,-2.6061273,0.36215603,1.0
7.777788,-0.802307,-2.5553367,0.36423144,1.0
7.761395,-0.8131946,-2.5042548,0.36630684,1.0
7.7454886,-0.8249718,-2.452882,0.36804956,1.0
7.7301354,-0.83761,-2.401265,0.3697923,1.0
7.7153854,-0.8510871,-2.3494034,0.37153506,1.0
7.7012877,-0.8653777,-2.2972975,0.37207538,1.0
7.687934,-0.880405,-2.2451155,0.3726157,1.0
7.6753635,-0.89613116,-2.192858,0.37315604,1.0
7.663615,-0.9125162,-2.1405249,0.37382025,1.0
7.6527205,-0.9295235,-2.0880983,0.37448442,1.0
7.6427145,-0.9471096,-2.0355787,0.37514862,1.0
7.633629,-0.96522874,-1.9829658,0.378449,1.0
7.6254377,-0.983964,-1.9298903,0.38174936,1.0
7.6181893,-1.0032744,-1.8763517,0.38504973,1.0
7.611931,-1.023115,-1.8223504,0.38831007,1.0
7.6067085,-1.0434352,-1.7678918,0.39157042,1.0
7.602566,-1.0641823,-1.7129759,0.39483076,1.0
7.5995426,-1.0852998,-1.6576028,0.39805618,1.0
7.597678,-1.1067259,-1.6017773,0.40128163,1.0
7.597007,-1.1283969,-1.5454996,0.40450704,1.0
7.5975595,-1.1502454,-1.4887694,0.40734276,1.0
7.599363,-1.1721803,-1.4316415,0.41017845,1.0
7.6024365,-1.194128,-1.374116,0.41301417,1.0
7.606797,-1.2160131,-1.3161927,0.41670692,1.0
7.6124682,-1.237802,-1.2577516,0.42039967,1.0
7.619463,-1.2594124,-1.1987926,0.4240924,1.0
7.627792,-1.280759,-1.1393157,0.4272263,1.0
7.6374454,-1.3017265,-1.0793992,0.43036023,1.0
7.6484175,-1.3222276,-1.0190433,0.43349415,1.0
7.6606946,-1.3421737,-0.95824784,0.43805107,1.0
7.6743026,-1.3615385,-0.8968133,0.442608,1.0
7.6892276,-1.3802238,-0.8347397,0.44716492,1.0
7.705448,-1.3981296,-0.77202696,0.45377696,1.0
7.7230153,-1.4152328,-0.7083869,0.46038896,1.0
7.741905,-1.4314166,-0.6438196,0.46700096,1.0
7.7620864,-1.4465624,-0.578325,0.47343054,1.0
7.7835064,-1.4605448,-0.5119286,0.47986016,1.0
7.8061094,-1.4732454,-0.44463056,0.48628974,1.0
7.829829,-1.4845465,-0.37643078,0.49361274,1.0
7.8546314,-1.4943506,-0.30720398,0.50093573,1.0
7.88043,-1.5025351,-0.23695016,0.50825876,1.0
7.907124,-1.5089813,-0.16566932,0.51432174,1.0
7.9345326,-1.5135641,-0.093538195,0.52038467,1.0
7.9625263,-1.5161902,-0.02055676,0.523,1.0
7.990778,-1.5167711,0.05279146,0.523,1.0
8.018996,-1.51528,0.12613969,0.523,1.0
8.0470295,-1.511725,0.19948791,0.523,1.0
8.074727,-1.5061252,0.27283612,0.523,1.0
8.10194,-1.4985107,0.34618434,0.523,1.0
8.128521,-1.4889226,0.41953257,0.523,1.0
8.154328,-1.4774122,0.4928808,0.523,1.0
8.179223,-1.4640416,0.566229,0.523,1.0
8.203071,-1.4488826,0.6395772,0.523,1.0
8.225743,-1.4320167,0.71292543,0.523,1.0
8.247119,-1.4135348,0.78627366,0.523,1.0
8.267082,-1.393536,0.8596219,0.523,1.0
8.285527,-1.3721279,0.9329701,0.523,1.0
8.302353,-1.3494258,1.0063183,0.523,1.0
8.317471,-1.3255517,1.0796665,0.523,1.0
8.330797,-1.300634,1.1530148,0.523,1.0
8.342262,-1.2748066,1.226363,0.523,1.0
8.351804,-1.2482084,1.2997112,0.523,1.0
8.359371,-1.2209826,1.3730594,0.523,1.0
8.364923,-1.1932755,1.4464077,0.523,1.0
8.368428,-1.1652359,1.5197558,0.523,1.0
8.36987,-1.1370149,1.5931041,0.523,1.0
8.36924,-1.1087642,1.6664523,0.523,1.0
8.366541,-1.0806355,1.7398006,0.523,1.0
8.361788,-1.0527803,1.8131487,0.523,0.9953544
8.354958,-1.0251501,1.8862774,0.523,0.9907088
8.346063,-0.99789935,1.9591849,0.523,0.98606324
8.335131,-0.9711811,2.0318696,0.523,0.9309308
8.321238,-0.9432143,2.1017926,0.523,0.8757984
8.304277,-0.914334,2.1687415,0.523,0.82066596
8.284205,-0.8848656,2.2325125,0.523,0.77912205
8.261339,-0.8555068,2.2937608,0.523,0.7375782
8.23573,-0.8264823,2.35238,0.523,0.6960343
8.2074585,-0.79799485,2.4082694,0.523,0.6614723
8.176798,-0.7703715,2.4618142,0.523,0.62691027
8.143858,-0.7437464,2.5129502,0.523,0.5923483
8.108763,-0.71823114,2.5616162,0.523,0.5648591
8.071811,-0.69402254,2.6082761,0.523,0.5373699
8.033122,-0.67118114,2.652895,0.523,0.5098807
7.9928174,-0.6497507,2.6954386,0.523,0.48746875
7.9511323,-0.6298119,2.7362669,0.523,0.46505675
7.9081745,-0.61137927,2.7753587,0.523,0.44264472
7.864049,-0.5944556,2.8126948,0.523,0.416194
7.8187776,-0.57900476,2.8479347,0.523,0.38974327
7.772471,-0.56500155,2.881054,0.523,0.36329255
7.7252345,-0.55240834,2.9120288,0.523,0.34410015
7.677292,-0.541205,2.9414346,0.523,0.32490775
7.6287174,-0.5313505,2.96926,0.523,0.30571535
7.5795813,-0.5227979,2.995495,0.523,0.28013265
7.5298557,-0.51548094,3.0195951,0.523,0.25454998
7.479617,-0.5093214,3.0415447,0.523,0.2289673
7.428937,-0.5042339,3.061329,0.523,0.21542935
7.3780103,-0.50013757,3.0799623,0.523,0.20189139
7.3268695,-0.49698177,3.0974412,0.523,0.18835345
7.2755446,-0.49471423,3.1137624,0.523,0.1683907
7.2240043,-0.49327946,3.1283712,0.523,0.14842796
7.172284,-0.4925956,3.1412618,0.523,0.12846524
7.120415,-0.49257845,-3.1307564,0.523,0.11434636
7.0684595,-0.49314147,-3.120811,0.523,0.10022749
7.0164332,-0.49422282,-3.1120892,0.523,0.086108625
6.9643497,-0.4957599,-3.1045926,0.49314725,0.18598536
6.915919,-0.4975527,-3.089394,0.4632945,0.2858621
6.87153,-0.49987182,-3.0676205,0.43344176,0.38573885
6.8314805,-0.5028398,-3.0404406,0.40947714,0.4852621
6.795445,-0.5064973,-3.0086079,0.38551253,0.58478534
6.7635837,-0.51075953,-2.9731393,0.3615479,0.6843086
6.7359657,-0.51545644,-2.935048,0.35711706,0.78290707
6.711189,-0.520648,-2.8930664,0.35268623,0.8815056
6.6894474,-0.5261653,-2.8477051,0.34825537,0.9801041
6.670883,-0.53178376,-2.7994976,0.34919736,1.0
6.6531096,-0.538113,-2.7505243,0.35013932,1.0
6.6356196,-0.5453241,-2.701419,0.35108128,1.0
6.6184587,-0.5534067,-2.6521816,0.3530049,1.0
6.601625,-0.56237304,-2.6026742,0.3549285,1.0
6.585166,-0.5722148,-2.5528975,0.35685208,1.0
6.569131,-0.58292097,-2.5028505,0.35973272,1.0
6.5535264,-0.59450865,-2.4523997,0.36261335,1.0
6.538406,-0.60696757,-2.401545,0.36549398,1.0
6.5238237,-0.6202839,-2.3502862,0.37026793,1.0
6.5097613,-0.6345134,-2.298358,0.3750419,1.0
6.496285,-0.6496462,-2.2457602,0.37981585,1.0
6.483462,-0.66566795,-2.1924927,0.3845054,1.0
6.471362,-0.68255574,-2.1385677,0.38919494,1.0
6.460054,-0.7002847,-2.083985,0.39388445,1.0
6.4496055,-0.7188249,-2.0287447,0.39772382,1.0
6.440105,-0.7380999,-1.9729658,0.40156317,1.0
6.4316125,-0.75806534,-1.9166486,0.4054025,1.0
6.424187,-0.7786723,-1.8597928,0.40891042,1.0
6.4178905,-0.7998496,-1.8024452,0.41241834,1.0
6.412775,-0.8215375,-1.7446054,0.41592622,1.0
6.408889,-0.8436715,-1.6862738,0.41921675,1.0
6.406279,-0.866171,-1.6274806,0.4225073,1.0
6.4049854,-0.8889625,-1.5682261,0.42579782,1.0
6.4050446,-0.91196835,-1.50851,0.42874613,1.0
6.4064865,-0.9350887,-1.4483805,0.43169448,1.0
6.4093347,-0.9582387,-1.3878374,0.43464282,1.0
6.4136076,-0.98133063,-1.3268808,0.43664348,1.0
6.419305,-1.0042242,-1.2656437,0.43864414,1.0
6.4264255,-1.0268294,-1.2041259,0.4406448,1.0
6.434961,-1.0490549,-1.1423277,0.44189873,1.0
6.444881,-1.0707724,-1.0803535,0.44315267,1.0
6.4561586,-1.0918938,-1.0182035,0.4444066,1.0
6.468762,-1.1123314,-0.9558776,0.4466702,1.0
6.4826846,-1.1320443,-0.89323425,0.4489338,1.0
6.4978905,-1.1509422,-0.83027345,0.45119742,1.0
6.514338,-1.1689363,-0.7669952,0.4526156,1.0
6.5319457,-1.1859074,-0.70351803,0.45403373,1.0
6.5506525,-1.201777,-0.63984203,0.45545188,1.0
6.570393,-1.2164696,-0.5759671,0.45801848,1.0
6.5911474,-1.2299479,-0.5117322,0.4605851,1.0
6.612845,-1.2421341,-0.4471374,0.46315166,1.0
6.635409,-1.2529542,-0.3821826,0.46891764,1.0
6.658917,-1.2624031,-0.31641915,0.4746836,1.0
6.683291,-1.2703836,-0.24984708,0.4804496,1.0
6.7084436,-1.2768021,-0.18246636,0.48686498,1.0
6.7343125,-1.2815753,-0.11418589,0.4932804,1.0
6.760791,-1.284612,-0.0450057,0.4996958,1.0
6.787762,-1.2858267,0.02507422,0.507429,1.0
6.8151703,-1.2851393,0.09623868,0.51516217,1.0
6.8428755,-1.2824647,0.16848768,0.5228954,1.0
6.8707275,-1.2777271,0.24182124,0.523,1.0
6.8981633,-1.2709602,0.31516945,0.523,1.0
6.9250293,-1.2622008,0.38851768,0.523,1.0
6.951181,-1.2514963,0.4618659,0.523,1.0
6.976478,-1.2389041,0.5352141,0.523,1.0
7.0007844,-1.224492,0.60856235,0.523,1.0
7.023969,-1.2083373,0.6819106,0.523,1.0
7.0459075,-1.190527,0.7552588,0.523,1.0
7.066482,-1.1711569,0.828607,0.523,1.0
7.0855813,-1.1503311,0.90195525,0.523,1.0
7.1031036,-1.1281618,0.9753035,0.523,1.0
7.1189537,-1.1047679,1.0486517,0.523,1.0
7.133047,-1.0802754,1.1219999,0.523,1.0
7.1453075,-1.054816,1.1953481,0.523,1.0
7.1556697,-1.0285265,1.2686963,0.523,1.0
7.164077,-1.0015484,1.3420446,0.523,0.96809
7.1707997,-0.9726732,1.4138528,0.523,0.93618
7.1756463,-0.94204724,1.4840481,0.523,0.90426993
7.1784477,-0.90983385,1.5525588,0.523,0.87480366
7.179059,-0.8763074,1.6194521,0.523,0.84533733
7.1773715,-0.8416485,1.6846697,0.523,0.81587106
7.1732993,-0.8060429,1.7481552,0.523,0.78597665
7.1667786,-0.7696624,1.809827,0.523,0.75608224
7.1577697,-0.73269445,1.86963,0.523,0.7261879
7.146257,-0.6953223,1.9275107,0.523,0.69672805
7.1322503,-0.65773606,1.9834466,0.523,0.6672682
7.1157746,-0.620102,2.037389,0.523,0.6378084
7.096873,-0.5825755,2.0892913,0.523,0.6199994
7.0757785,-0.5456042,2.139938,0.523,0.60219043
7.0525513,-0.50929815,2.1893137,0.523,0.58438146
7.0272584,-0.4737584,2.237402,0.523,0.557849
6.999823,-0.43888605,2.2835448,0.523,0.53131646
6.970338,-0.40477246,2.3277094,0.523,0.504784
6.938904,-0.37149438,2.3698647,0.523,0.48425552
6.90573,-0.33921525,2.4104452,0.523,0.46372706
6.8709087,-0.3079813,2.4494336,0.523,0.4431986
6.8345346,-0.27782822,2.4868133,0.523,0.42054752
6.796666,-0.24875358,2.5224,0.523,0.39789647
6.757403,-0.2207711,2.5561752,0.523,0.37524542
6.716845,-0.19388369,2.588122,0.523,0.35413855
6.675114,-0.16809851,2.6183498,0.523,0.3330317
6.632301,-0.14340053,2.6468456,0.523,0.31192484
6.5884933,-0.119766325,2.6735961,0.523,0.2832116
6.5436764,-0.09711369,2.6979542,0.523,0.2544983
6.4979606,-0.07538811,2.7198992,0.523,0.22578503
6.451453,-0.05452473,2.7394133,0.523,0.21697457
6.4044547,-0.034533206,2.7581782,0.523,0.20816411
6.3569994,-0.015390707,2.7761924,0.523,0.19935365
6.309119,0.002927175,2.7934544,0.523,0.16583264
6.2606316,0.020524457,2.8078434,0.523,0.13231161
6.2116494,0.037507545,2.8193429,0.523,0.09879059
6.1622834,0.05399026,2.8279402,0.523,0.091859706
6.1127443,0.07005861,2.835936,0.523,0.08492882
6.0630484,0.08573996,2.8433301,0.523,0.07799793
6.0132093,0.10106211,2.850122,0.523,0.054248363
5.963189,0.11606899,2.8548484,0.523,0.030498797
5.913048,0.13085416,2.8575065,0.523,0.0067492304
5.8628454,0.14551249,2.8580947,0.523,-0.0012179852
5.812633,0.16014162,2.8579886,0.523,-0.009185201
5.7624245,0.17477545,2.857188,0.523,-0.017152417
5.7122326,0.18944795,2.8556929,0.523,-0.043329485
5.6621027,0.20418379,2.8519173,0.523,-0.06950655
5.6121025,0.21908675,2.8458633,0.523,-0.09568362
5.562302,0.23425922,2.8375356,0.523,-0.09025703
5.512604,0.24985376,2.829679,0.523,-0.08483045
5.4630065,0.2658459,2.8222935,0.523,-0.07940386
5.4135065,0.2822112,2.8153794,0.523,-0.11647066
5.3643003,0.29885763,2.80525,0.523,-0.15353745
5.3155117,0.3159155,2.7919192,0.523,-0.19060425
5.2672663,0.33350852,2.7754052,0.523,-0.17044131
5.2191415,0.35196364,2.76062,0.523,-0.15027837
5.1711383,0.37119082,2.7475703,0.523,-0.13011543
5.1232543,0.39109936,2.7362604,0.523,-0.18104535
5.0759773,0.41138545,2.7205653,0.523,-0.23197529
5.0295234,0.43218783,2.7005258,0.523,-0.2829052
4.984109,0.4536274,2.6761935,0.523,-0.2675149
4.9390335,0.4762637,2.6531522,0.523,-0.25212464
4.8943095,0.50002956,2.6314075,0.523,-0.23673438
4.8499427,0.52485734,2.6109643,0.523,-0.27217048
4.8064947,0.5503508,2.587532,0.523,-0.3
4.7640057,0.5766391,2.5617723,0.523,-0.3
4.7222075,0.60401314,2.536013,0.523,-0.3
4.6811285,0.63245463,2.5102534,0.523,-0.3
4.6407957,0.6619448,2.484494,0.523,-0.3
4.601236,0.692464,2.4587345,0.523,-0.24998006
4.561924,0.72444016,2.4371707,0.523,-0.19996011
4.5228662,0.75763446,2.4198568,0.523,-0.14994016
4.484047,0.79180074,2.4068358,0.523,-0.16674122
4.445779,0.82637674,2.3923688,0.523,-0.18354228
4.4081273,0.86139846,2.3764598,0.523,-0.20034334
