5.0714746,4.400788,1.8507131,0.25581962,0.0
5.064407,4.425374,1.8507131,0.23291105,0.09947987
5.058004,4.447648,1.8545684,0.2100025,0.19895974
5.0522404,4.4674106,1.8614862,0.18709393,0.2984396
5.047115,4.484543,1.8706547,0.16674857,0.3933901
5.0425653,4.4992566,1.8813078,0.14640321,0.48834056
5.038615,4.5115676,1.8927555,0.12605785,0.58329105
5.035286,4.5215483,1.9043272,0.09894151,0.66794336
5.032743,4.528888,1.9145408,0.07182517,0.7525957
5.030976,4.533824,1.9227233,0.044708822,0.837248
5.029944,4.536634,1.9282582,0.015058032,0.8953467
5.029615,4.537516,1.9302168,-0.0145927565,0.9534453
5.029912,4.536725,1.9282336,-0.044243548,1.0
5.0307484,4.534486,1.9220287,-0.07416431,0.96091557
5.03221,4.530497,1.9118965,-0.104085065,0.92183113
5.034314,4.524569,1.8980755,-0.13400583,0.88274676
5.03705,4.516511,1.8808225,-0.16400464,0.84959394
5.0403533,4.5061984,1.8602943,-0.19400345,0.8164411
5.044146,4.4934654,1.8367321,-0.22400226,0.78328836
5.048318,4.478151,1.810389,-0.25400206,0.7437569
5.0527534,4.459992,1.7817267,-0.28400186,0.7042254
5.0572853,4.4388275,1.7510808,-0.31400168,0.66469395
5.061717,4.4145126,1.7188004,-0.3440009,0.60063744
5.0659018,4.3864436,1.6863974,-0.37400016,0.53658086
5.0696096,4.3545146,1.6545326,-0.4039994,0.47252426
5.072618,4.3186674,1.6238868,-0.4339952,0.38317293
5.074754,4.278472,1.5968442,-0.463991,0.2938216
5.075911,4.2340765,1.574448,-0.4939868,0.20447025
5.0760875,4.185707,1.5577308,-0.523,0.105597615
5.075408,4.1337028,1.5485432,-0.523,0.0067249774
5.074244,4.081417,1.5479571,-0.523,-0.09214766
5.073055,4.029352,1.555978,-0.523,-0.19195372
5.072294,3.9780185,1.5726073,-0.523,-0.29175976
5.072385,3.927929,1.5976797,-0.523,-0.3
5.073728,3.8779829,1.6234393,-0.523,-0.3
5.076357,3.828088,1.6491988,-0.523,-0.3
5.0802703,3.7782774,1.6749583,-0.523,-0.3
5.0854654,3.728584,1.7007178,-0.523,-0.3
5.0919385,3.679041,1.7264773,-0.523,-0.3
5.0996857,3.629681,1.7522368,-0.523,-0.3
5.108701,3.5805373,1.7779963,-0.523,-0.3
5.11898,3.531642,1.8037559,-0.523,-0.3
5.1305146,3.4830275,1.8295153,-0.523,-0.3
5.1432977,3.4347262,1.8552749,-0.523,-0.3
5.1573205,3.3867702,1.8810344,-0.523,-0.3
5.1725736,3.3391914,1.906794,-0.523,-0.3
5.1890473,3.2920213,1.9325534,-0.523,-0.3
5.2067304,3.245291,1.9583129,-0.523,-0.3
5.2256117,3.1990316,1.9840724,-0.523,-0.3
5.2456775,3.153274,2.009832,-0.523,-0.3
5.266916,3.1080484,2.0355914,-0.523,-0.3
5.2893114,3.0633848,2.061351,-0.523,-0.3
5.3128505,3.0193129,2.0871105,-0.523,-0.3
5.337517,2.975862,2.11287,-0.523,-0.3
5.3632936,2.9330606,2.1386294,-0.523,-0.3
5.390165,2.8909376,2.164389,-0.523,-0.3
5.418112,2.8495204,2.1901486,-0.523,-0.3
5.4471164,2.808837,2.215908,-0.523,-0.3
5.477159,2.768914,2.2416675,-0.523,-0.3
5.50822,2.729778,2.267427,-0.523,-0.3
5.540279,2.6914551,2.2931867,-0.523,-0.3
5.573314,2.6539707,2.3189461,-0.523,-0.3
5.607304,2.6173496,2.3447056,-0.523,-0.3
5.6422257,2.5816162,2.370465,-0.523,-0.3
5.6780562,2.546794,2.3962245,-0.523,-0.3
5.7147717,2.512906,2.4219842,-0.523,-0.3
5.752348,2.4799752,2.4477437,-0.523,-0.3
5.79076,2.4480233,2.473503,-0.523,-0.3
5.8299823,2.417071,2.4992626,-0.523,-0.3
5.8699884,2.3871396,2.5250223,-0.523,-0.3
5.910753,2.3582482,2.5507817,-0.523,-0.3
5.952247,2.3304164,2.5765412,-0.523,-0.3
5.994445,2.3036628,2.6023006,-0.523,-0.3
6.0373178,2.2780046,2.62806,-0.523,-0.3
6.0808372,2.2534595,2.6538198,-0.523,-0.3
6.1249743,2.2300434,2.6795793,-0.523,-0.3
6.1697,2.2077718,2.7053387,-0.523,-0.3
6.214985,2.1866596,2.7310982,-0.523,-0.3
6.260798,2.1667209,2.7568579,-0.523,-0.3
6.3071094,2.1479685,2.7826173,-0.523,-0.3
6.353889,2.1304154,2.8083768,-0.523,-0.3
6.4011045,2.114073,2.8341362,-0.523,-0.3
6.4487257,2.098952,2.8598957,-0.523,-0.3
6.4967203,2.0850627,2.8856554,-0.523,-0.3
6.5450573,2.0724142,2.9114149,-0.523,-0.3
6.5937033,2.061015,2.9371743,-0.523,-0.3
6.6426272,2.0508723,2.9629338,-0.523,-0.3
6.6917963,2.0419931,2.9886935,-0.523,-0.3
6.741177,2.0343835,3.014453,-0.523,-0.3
6.790738,2.028048,3.0402124,-0.523,-0.3
6.8404455,2.0229914,3.0659719,-0.523,-0.3
6.890267,2.0192168,3.0917313,-0.523,-0.3
6.940169,2.0167265,3.117491,-0.523,-0.3
6.9901185,2.0155225,-3.1399348,-0.523,-0.3
7.0400825,2.0156052,-3.1141753,-0.4932436,-0.3
7.0871863,2.016897,-3.0898814,-0.46348718,-0.3
7.131406,2.0191858,-3.067053,-0.43373078,-0.3
7.1727266,2.0222714,-3.0456905,-0.4041003,-0.3
7.2111545,2.025968,-3.025787,-0.37446982,-0.3
7.2466893,2.0301018,-3.0073433,-0.34483933,-0.3
7.2793365,2.034511,-2.9903588,-0.3151696,-0.3
7.309102,2.0390472,-2.9748356,-0.28549987,-0.3
7.3359985,2.0435746,-2.9607737,-0.25583014,-0.3
7.3600407,2.0479698,-2.9481733,-0.22607987,-0.3
7.381236,2.0521214,-2.937038,-0.19632958,-0.3
7.399601,2.0559313,-2.9273682,-0.1665793,-0.3
7.415151,2.0593145,-2.9191635,-0.13674554,-0.3
7.427893,2.0621963,-2.9124284,-0.106911786,-0.3
7.43784,2.0645163,-2.9071627,-0.07707803,-0.3
7.445002,2.066227,-2.9033663,-0.047287308,-0.3
7.449392,2.067293,-2.9010372,-0.017496584,-0.3
7.4510155,2.067691,-2.9001753,0.01229414,-0.3
7.449875,2.0674105,-2.900781,0.04194097,-0.3
7.445984,2.066455,-2.9028468,0.07158779,-0.3
7.4393387,2.0648375,-2.9063725,0.10123462,-0.3
7.4299335,2.0625834,-2.9113588,0.13041945,-0.2706696
7.417698,2.0597155,-2.9171708,0.15960425,-0.2413392
7.402589,2.0562668,-2.9235282,0.18878907,-0.2120088
7.3845696,2.0522738,-2.9301493,0.21656327,-0.19621795
7.363802,2.047816,-2.9371862,0.24433747,-0.1804271
7.3402653,2.0429368,-2.944494,0.27211165,-0.16463624
7.313942,2.0376801,-2.9519267,0.2969404,-0.15514109
7.2851305,2.0321493,-2.959574,0.32176912,-0.14564595
7.2538204,2.0263865,-2.9673572,0.34659785,-0.13615079
7.220001,2.0204334,-2.9751978,0.365934,-0.1256835
7.184198,2.0144205,-2.982843,0.3852702,-0.11521621
7.1464076,2.0083704,-2.9902248,0.40460637,-0.10474892
7.106629,2.0023026,-2.9972756,0.41711017,-0.080229715
7.065484,1.9963232,-3.002847,0.42961398,-0.055710506
7.0230017,1.9903909,-3.006834,0.44211778,-0.0311913
6.979212,1.9844538,-3.009132,0.45342344,-0.01920774
6.934275,1.9784664,-3.0105834,0.4647291,-0.0072241784
6.8882017,1.9723957,-3.011143,0.47603473,0.0047593834
6.841003,1.9662035,-3.0107653,0.484471,0.017197216
6.792977,1.9598842,-3.0093768,0.49290726,0.029635048
6.7441382,1.953389,-3.0069425,0.50134355,0.04207288
6.6945014,1.9466648,-3.0034282,0.50771046,0.05074333
6.644279,1.9396813,-2.9991362,0.5140774,0.05941378
6.5934815,1.9323956,-2.9940486,0.5204444,0.068084225
6.542122,1.9247622,-2.9881475,0.523,0.078339994
6.490595,1.9167931,-2.9813259,0.523,0.08859576
6.439168,1.9084797,-2.9736133,0.523,0.098851524
6.3878555,1.8997782,-2.965011,0.523,0.10924939
6.3366756,1.8906457,-2.9555068,0.523,0.11964725
6.2856464,1.8810387,-2.9451025,0.523,0.13004512
6.2347856,1.8709145,-2.9337988,0.523,0.13676831
6.1840887,1.8602257,-2.9219143,0.523,0.14349152
6.13357,1.8489459,-2.9094496,0.523,0.15021472
6.083246,1.837049,-2.896405,0.523,0.1583517
6.033145,1.8245126,-2.8826597,0.523,0.16648869
5.983288,1.8113064,-2.8682144,0.523,0.17462568
5.933696,1.7974008,-2.85307,0.523,0.18457519
5.8844094,1.7827724,-2.8370724,0.523,0.19452469
5.8354564,1.7673868,-2.820223,0.523,0.2044742
5.7868676,1.751211,-2.8025236,0.523,0.21538791
5.738685,1.7342175,-2.7838938,0.523,0.22630161
5.6909447,1.7163732,-2.7643359,0.523,0.23721531
5.643684,1.6976469,-2.743852,0.523,0.2427665
5.5968804,1.6779832,-2.722898,0.523,0.24831769
5.550564,1.6573719,-2.7014747,0.523,0.25386888
5.5047646,1.6358038,-2.6795828,0.523,0.25631368
5.459477,1.6132529,-2.6574845,0.523,0.2587585
5.414728,1.5897218,-2.6351802,0.523,0.2612033
5.3705435,1.5652145,-2.6126702,0.523,0.26387918
5.3269534,1.5397372,-2.5899346,0.523,0.26655507
5.2839847,1.5132948,-2.5669742,0.523,0.269231
5.2416654,1.485893,-2.5437887,0.523,0.27661613
5.200079,1.4575762,-2.5199833,0.523,0.28400126
5.1592655,1.4283395,-2.4955592,0.523,0.2913864
5.119265,1.398181,-2.4705179,0.523,0.30023894
5.0801387,1.3671142,-2.4447386,0.523,0.30909148
5.041932,1.3351383,-2.4182231,0.523,0.31794402
5.004694,1.3022553,-2.3909736,0.523,0.32517794
4.968453,1.2684513,-2.3631258,0.523,0.33241186
4.9332542,1.2337372,-2.3346813,0.523,0.33964577
4.8991437,1.1981262,-2.3056414,0.523,0.33877948
4.8660707,1.1615286,-2.2766726,0.523,0.3379132
4.8340626,1.1239768,-2.2477753,0.523,0.3370469
4.803143,1.0855043,-2.218949,0.523,0.33605388
4.773335,1.0461429,-2.1902046,0.523,0.33506086
4.7446604,1.0059272,-2.161542,0.523,0.33406785
4.7171407,0.9648921,-2.132961,0.523,0.32853234
4.690755,0.92300755,-2.1048362,0.523,0.3229968
4.66551,0.88031787,-2.0771687,0.523,0.31746128
4.641412,0.83686644,-2.0499592,0.523,0.31583154
4.618492,0.7927519,-2.0228846,0.523,0.31420177
4.5967636,0.7480093,-1.9959451,0.523,0.31257203
4.576237,0.7026738,-1.9691408,0.523,0.3059936
4.556893,0.6567078,-1.9428825,0.523,0.29941514
4.5387244,0.61015433,-1.9171717,0.523,0.29283667
4.521725,0.5630547,-1.8920094,0.523,0.29428566
4.505923,0.5155631,-1.8667262,0.523,0.29573464
4.491333,0.46770823,-1.8413221,0.523,0.2971836
4.4779687,0.41951954,-1.8157972,0.523,0.29804426
4.4658422,0.3710183,-1.7902006,0.523,0.2989049
4.454964,0.32223547,-1.7645323,0.523,0.29976553
4.445344,0.27320257,-1.7387923,0.523,0.3170603
4.437035,0.224209,-1.7116159,0.523,0.33435503
4.430101,0.17529428,-1.6830114,0.523,0.35164976
4.424603,0.12650356,-1.652987,0.523,0.36515874
4.4205923,0.07781676,-1.62186,0.523,0.37866774
4.418112,0.02928514,-1.589636,0.523,0.39217672
4.4172015,-0.01903563,-1.5563209,0.523,0.39937362
4.4178987,-0.06721482,-1.5224268,0.523,0.4065705
4.4202213,-0.11519527,-1.4879558,0.523,0.4137674
4.424184,-0.16291758,-1.4529094,0.523,0.4184241
4.4298043,-0.21037401,-1.4174918,0.523,0.4230808
4.4370866,-0.25750333,-1.3817036,0.523,0.42773747
4.4460316,-0.3042432,-1.3455458,0.523,0.4287205
4.456656,-0.35060835,-1.3093098,0.523,0.42970353
4.468947,-0.39653748,-1.2729962,0.523,0.43068656
4.4828916,-0.44196963,-1.2366045,0.523,0.43317473
4.4984617,-0.48681286,-1.2000159,0.523,0.4356629
4.515642,-0.53100544,-1.1632305,0.523,0.43815106
4.5344143,-0.5744858,-1.1262487,0.523,0.43358928
4.5548244,-0.61733323,-1.0896274,0.523,0.4290275
4.576836,-0.6594931,-1.0533671,0.523,0.4244657
4.6004105,-0.7009131,-1.017469,0.523,0.42062798
4.6254992,-0.74153036,-0.9818759,0.523,0.41679025
4.6520634,-0.7812969,-0.9465884,0.523,0.41295254
4.680061,-0.8201672,-0.9116071,0.523,0.4040819
4.7095137,-0.8581802,-0.87733537,0.523,0.39521128
4.740367,-0.8953005,-0.8437759,0.523,0.38634062
4.772566,-0.93149674,-0.8109314,0.523,0.38092828
4.806009,-0.96669286,-0.7785244,0.523,0.37551594
4.840649,-1.0008603,-0.7465558,0.523,0.37010357
4.87644,-1.0339731,-0.71502656,0.523,0.36257526
4.913363,-1.0660336,-0.68411,0.523,0.35504696
4.9513664,-1.0970249,-0.6538079,0.523,0.34751865
4.9903994,-1.1269329,-0.6241219,0.523,0.34354827
5.0303593,-1.1557102,-0.5947615,0.523,0.3395779
5.0712047,-1.1833411,-0.56572723,0.523,0.33560756
5.112893,-1.2098114,-0.53701955,0.523,0.33512235
5.1553316,-1.2350786,-0.50835174,0.523,0.33463714
5.198484,-1.2591228,-0.4797239,0.523,0.3341519
5.242314,-1.281926,-0.45113602,0.523,0.33495814
5.2867656,-1.303461,-0.42248175,0.523,0.33576435
5.3318033,-1.3237078,-0.39376113,0.523,0.3365706
5.3773913,-1.3426476,-0.36497414,0.523,0.33231893
5.4235735,-1.3602935,-0.33653724,0.523,0.3280673
5.470307,-1.376643,-0.30845094,0.523,0.32381564
5.5175486,-1.3916951,-0.2807157,0.523,0.3192212
5.565263,-1.4054525,-0.25336042,0.523,0.31462672
5.6134076,-1.4179184,-0.2263857,0.523,0.31003228
5.6619434,-1.4290978,-0.19979207,0.523,0.30529895
5.7108326,-1.4389976,-0.17359166,0.523,0.30056563
5.760037,-1.4476259,-0.14778505,0.523,0.2958323
5.80952,-1.4549924,-0.12237283,0.523,0.28964502
5.8592668,-1.4611107,-0.097476974,0.523,0.28345773
5.909241,-1.4659975,-0.07309846,0.523,0.27727047
5.959409,-1.4696712,-0.049238205,0.523,0.2724445
6.0097194,-1.4721504,-0.025782827,0.523,0.2676185
6.0601406,-1.4734508,-0.0027328692,0.523,0.26279253
6.110645,-1.4735888,0.01991113,0.523,0.2558348
6.1612325,-1.4725814,0.041968927,0.523,0.24887703
6.211877,-1.4704547,0.06343945,0.523,0.24191928
6.262552,-1.4672356,0.08432166,0.523,0.23543762
6.313228,-1.4629523,0.1046549,0.523,0.22895594
6.3638844,-1.4576313,0.12443832,0.523,0.22247428
6.414501,-1.4513,0.14367108,0.523,0.21013585
6.4651237,-1.4439765,0.16185342,0.523,0.19779742
6.5157337,-1.4357128,0.17898256,0.523,0.18545899
6.5663157,-1.4265616,0.19505589,0.523,0.1744769
6.616845,-1.4165787,0.2101874,0.523,0.16349483
6.6673117,-1.4058121,0.22437531,0.523,0.15251274
6.717709,-1.3943106,0.23761785,0.523,0.14030012
6.7680397,-1.3821208,0.24980727,0.523,0.12808752
6.818301,-1.3692973,0.2609417,0.523,0.1158749
6.868492,-1.3558948,0.27101958,0.523,0.10039113
6.918629,-1.3419639,0.27975562,0.523,0.08490735
6.968715,-1.3275748,0.28714785,0.523,0.06942358
7.0187526,-1.3127981,0.29319438,0.523,0.05128161
7.068755,-1.2977028,0.2976625,0.523,0.033139635
7.1187277,-1.2823722,0.30055064,0.523,0.014997661
7.168678,-1.2668908,0.3018579,0.523,0.00777449
7.2186112,-1.2513428,0.30253553,0.523,0.0005513191
7.268536,-1.2357605,0.3025836,0.523,-0.006671852
7.318459,-1.220176,0.30200204,0.5121141,-0.017712628
7.3673453,-1.2049465,0.30049032,0.5012283,-0.028753405
7.415202,-1.1901169,0.29808864,0.49034238,-0.039794184
7.462037,-1.1757272,0.29483736,0.47379804,-0.06217463
7.5072846,-1.161986,0.28993082,0.4572537,-0.084555075
7.5509453,-1.1489605,0.28349465,0.44070932,-0.10693552
7.593015,-1.1367036,0.27565503,0.42150092,-0.1277447
7.6332436,-1.1253248,0.26670533,0.4022925,-0.14855388
7.671623,-1.1148391,0.25678158,0.3830841,-0.16936305
7.708145,-1.105249,0.24601981,0.37528872,-0.18687014
7.7439103,-1.0962682,0.23439935,0.3674934,-0.20437725
7.778911,-1.0879105,0.22196843,0.35969806,-0.22188434
7.813138,-1.0801859,0.20877542,0.35080513,-0.21715412
7.8466506,-1.0730858,0.1961785,0.3419122,-0.21242388
7.879432,-1.0665709,0.18416429,0.3330193,-0.20769364
7.9114676,-1.0606036,0.17271931,0.32484478,-0.16348547
7.9430423,-1.0550952,0.16390745,0.31667027,-0.1192773
7.9740624,-1.0499647,0.1576271,0.30849573,-0.07506913
8.004444,-1.0451356,0.15377098,0.30333582,-0.0677348
8.034351,-1.0405003,0.1503492,0.2981759,-0.060400475
8.063778,-1.0360422,0.14734937,0.29301596,-0.053066146
