-2.6566064,0.8687481,2.9652405,0.7061617,0.0
-2.7261274,0.88113695,2.9652405,0.523,0.09350133
-2.7773912,0.8902724,2.973379,0.523,0.18700266
-2.8280542,0.8988759,2.9895844,0.523,0.280504
-2.8777306,0.9064858,3.0137155,0.523,0.36772794
-2.9261355,0.91270965,3.0450516,0.523,0.4549519
-2.972897,0.9172381,3.0833545,0.523,0.5421759
-3.0176206,0.9198457,3.1283324,0.523,0.6070303
-3.0605733,0.9204153,-3.1051302,0.523,0.67188466
-3.1014786,0.91892314,-3.0508723,0.523,0.7367391
-3.1400561,0.91541374,-2.9923072,0.523,0.83483016
-3.1747746,0.9101919,-2.9277008,0.523,0.9329213
-3.205209,0.9035811,-2.8576744,0.523,1.0
-3.2323356,0.8956655,-2.784326,0.523,1.0
-3.258809,0.8857834,-2.7109778,0.523,1.0
-3.2844872,0.87398773,-2.6376295,0.523,1.0
-3.309232,0.860342,-2.5642815,0.523,1.0
-3.33291,0.8449197,-2.4909332,0.523,1.0
-3.3553944,0.8278036,-2.417585,0.523,1.0
-3.376564,0.80908585,-2.3442366,0.523,1.0
-3.3963048,0.78886706,-2.2708886,0.523,1.0
-3.414511,0.76725596,-2.1975403,0.523,1.0
-3.4310846,0.7443688,-2.124192,0.523,0.95547533
-3.4469512,0.718686,-2.0530128,0.523,0.9109507
-3.4618185,0.6902821,-1.9841435,0.523,0.86642605
-3.4754221,0.6592673,-1.9177208,0.523,0.85090184
-3.4871461,0.62683994,-1.8521824,0.523,0.83537763
-3.4968896,0.59313196,-1.7875439,0.523,0.8198534
-3.504564,0.5582811,-1.7238212,0.523,0.7866323
-3.510194,0.52177674,-1.6621089,0.523,0.75341123
-3.5136724,0.48379016,-1.6024755,0.523,0.7201901
-3.5149176,0.44449702,-1.5449867,0.523,0.7029968
-3.513888,0.4046102,-1.4886329,0.523,0.68580353
-3.510566,0.36427122,-1.4334307,0.523,0.6686102
-3.5049465,0.32361883,-1.3793964,0.523,0.6366577
-3.4969463,0.28233302,-1.3275748,0.523,0.6047052
-3.4865844,0.24057376,-1.2780188,0.523,0.57275265
-3.473899,0.19849059,-1.230779,0.523,0.54948616
-3.4590244,0.15644298,-1.1852564,0.523,0.52621967
-3.4420173,0.11453822,-1.1414753,0.523,0.5029532
-3.422943,0.07287343,-1.0994598,0.523,0.4687629
-3.4017568,0.031302664,-1.0600793,0.523,0.4345726
-3.3785684,-0.010082602,-1.0233802,0.523,0.4003823
-3.3535001,-0.051208246,-0.98940516,0.523,0.36905423
-3.3267117,-0.091972485,-0.9579612,0.523,0.33772618
-3.2983286,-0.1323382,-0.9290792,0.523,0.3063981
-3.2684813,-0.17228286,-0.9027874,0.523,0.28528115
-3.2373948,-0.21168184,-0.8782563,0.523,0.2641642
-3.20516,-0.25053704,-0.8554969,0.523,0.24304728
-3.1718674,-0.28885776,-0.83451927,0.523,0.21986768
-3.1375916,-0.32667777,-0.8155081,0.523,0.19668806
-3.1024313,-0.36402187,-0.79847383,0.523,0.17350844
-3.0664842,-0.40092143,-0.78342545,0.523,0.15438317
-3.0298705,-0.43739113,-0.7700218,0.523,0.13525788
-2.9926674,-0.4734673,-0.7582677,0.523,0.11613261
-2.954952,-0.5091899,-0.7481676,0.523,0.09428297
-2.9167895,-0.5446114,-0.7399614,0.523,0.07243332
-2.8782675,-0.5797827,-0.7336531,0.523,0.05058368
-2.8394723,-0.61475736,-0.72924584,0.523,0.033326857
-2.8004951,-0.64958584,-0.72634137,0.523,0.016070038
-2.7614002,-0.68431586,-0.72494066,0.523,-0.0011867821
-2.7222517,-0.71899545,-0.72504413,0.523,-0.017212087
-2.6831124,-0.75367403,-0.7265444,0.523,-0.03323739
-2.644041,-0.78839725,-0.729441,0.523,-0.049262695
-2.6050963,-0.8232105,-0.73373336,0.523,-0.062361985
-2.5663297,-0.8581649,-0.7391657,0.523,-0.075461276
-2.5277884,-0.8932977,-0.7457372,0.523,-0.08856057
-2.4895198,-0.92864484,-0.75344664,0.523,-0.0986969
-2.4515612,-0.9642521,-0.7620357,0.523,-0.10883324
-2.4139497,-1.0001462,-0.7715036,0.523,-0.118969575
-2.3767228,-1.0363528,-0.7818494,0.523,-0.1283242
-2.3399153,-1.0728999,-0.7930043,0.523,-0.13767882
-2.303563,-1.1098093,-0.8049674,0.523,-0.14703344
-2.2677033,-1.1471007,-0.8177377,0.52100396,-0.14972048
-2.232472,-1.184688,-0.83069,0.5190079,-0.15240753
-2.1978774,-1.2225671,-0.8438225,0.5170119,-0.15509456
-2.1639287,-1.260734,-0.85713327,0.5134293,-0.15506133
-2.1307225,-1.2990819,-0.870349,0.5098467,-0.15502809
-2.098254,-1.337595,-0.8834697,0.5062641,-0.15499486
-2.0665178,-1.3762573,-0.89649546,0.5029745,-0.14925002
-2.0354638,-1.4151101,-0.9089606,0.49968487,-0.14350519
-2.0050704,-1.4541233,-0.92087084,0.49639523,-0.13776034
-1.9753168,-1.4932684,-0.9322321,0.47986743,-0.14088365
-1.946998,-1.5314177,-0.94346243,0.46333963,-0.14400697
-1.920082,-1.5685412,-0.9545447,0.44681183,-0.14713028
-1.8945361,-1.6046094,-0.9654618,0.42733914,-0.14602381
-1.8704778,-1.6393759,-0.9758252,0.40786642,-0.14491732
-1.8478571,-1.6728,-0.9856419,0.3883937,-0.14381085
-1.8266265,-1.7048433,-0.994919,0.37590647,-0.15371642
-1.8063971,-1.7359993,-1.0045116,0.36341926,-0.16362199
-1.78716,-1.7662586,-1.0143781,0.35093203,-0.17352757
-1.768904,-1.7956105,-1.0244765,0.33825496,-0.18911462
-1.7516434,-1.8239973,-1.0350746,0.3255779,-0.20470168
-1.7353709,-1.8514092,-1.0461049,0.31290084,-0.22028872
-1.720075,-1.8778356,-1.0575004,0.30224395,-0.21087882
-1.7055621,-1.9035817,-1.0680445,0.29158708,-0.2014689
-1.6917965,-1.9286156,-1.0777694,0.2809302,-0.19205898
-1.6787447,-1.9529078,-1.0867068,0.26657832,-0.17439452
-1.6665263,-1.9761448,-1.0944159,0.25222644,-0.15673007
-1.6551018,-1.9982843,-1.1009775,0.23787457,-0.13906561
-1.6444366,-2.0192897,-1.1064731,0.23537058,-0.13918108
-1.6339982,-2.0401313,-1.1119153,0.23286659,-0.13929655
-1.6237833,-2.0608068,-1.1173042,0.2303626,-0.13941202
-1.613789,-2.0813136,-1.1226394,0.22366852,-0.13295291
-1.6041828,-2.1012938,-1.127581,0.21697444,-0.12649383
-1.5949523,-2.120738,-1.1321431,0.21028036,-0.12003473
-1.5860856,-2.1396384,-1.1363399,0.20741166,-0.104810394
-1.5774031,-2.1583495,-1.1399564,0.20454295,-0.08958606
-1.568895,-2.1768599,-1.1430063,0.20167425,-0.07436172
-1.5605514,-2.1951592,-1.1455035,0.20083025,-0.05565671
-1.5522783,-2.213425,-1.1473655,0.19998625,-0.0369517
-1.5440665,-2.2316449,-1.1485969,0.19914225,-0.018246686
-1.5359077,-2.2498074,-1.1492025,0.19591346,0.006072593
-1.5278908,-2.267683,-1.1490041,0.19268467,0.030391872
-1.5200061,-2.2852547,-1.1480283,0.18945588,0.054711152
