8.958131,9.624178,-1.0312186,-0.15152906,0.0
8.950346,9.637177,-1.0312186,-0.17361534,0.030381536
8.94143,9.652066,-1.0320977,-0.19570161,0.060763072
8.931409,9.668834,-1.0340784,-0.21778789,0.09114461
8.920319,9.687472,-1.0373821,-0.23953524,0.072809875
8.908172,9.708043,-1.0402863,-0.2612826,0.05447514
8.894971,9.730547,-1.0426574,-0.28302997,0.036140405
8.880717,9.754977,-1.0443618,-0.2882592,-0.012202555
8.866235,9.779899,-1.0437756,-0.29348847,-0.060545515
8.8515005,9.805219,-1.0408158,-0.29871774,-0.10888848
8.83649,9.83084,-1.0354054,-0.2762255,-0.16437052
8.822587,9.854277,-1.0278722,-0.25373328,-0.21985257
8.809793,9.875479,-1.0186496,-0.23124105,-0.2753346
8.798121,9.894425,-1.0081717,-0.20545232,-0.2764023
8.787579,9.911144,-0.99882716,-0.1796636,-0.27747002
8.778225,9.925673,-0.99062485,-0.15387487,-0.27853772
8.770116,9.938046,-0.9835735,-0.13013232,-0.27065507
8.763168,9.948485,-0.97777474,-0.10638975,-0.2627724
8.757426,9.957005,-0.9731688,-0.0826472,-0.25488976
8.752926,9.963616,-0.96969575,-0.061324958,-0.26071844
8.749575,9.968503,-0.96706104,-0.04000272,-0.26654708
8.747384,9.97168,-0.9653049,-0.018680481,-0.27237576
8.74636,9.973159,-0.96446735,-0.0010376903,-0.3
8.746304,9.973241,-0.9644162,0.016605102,-0.3
8.747208,9.971937,-0.9652341,0.034247894,-0.3
8.74907,9.969247,-0.9669209,0.048058353,-0.3
8.7516775,9.965467,-0.96928793,0.061868817,-0.3
8.755022,9.960595,-0.9723352,0.07567928,-0.3
8.759095,9.954621,-0.97606266,0.08689934,-0.3
8.763746,9.947745,-0.98034275,0.09811941,-0.3
8.768965,9.939959,-0.98517543,0.10933947,-0.3
8.774738,9.931253,-0.99056077,0.121676706,-0.3
8.781111,9.921532,-0.9965538,0.13401395,-0.3
8.788066,9.910782,-1.0031544,0.14635119,-0.3
8.795583,9.8989935,-1.0103627,0.16317974,-0.3
8.803869,9.885789,-1.0183998,0.1800083,-0.3
8.812893,9.87115,-1.0272659,0.19683686,-0.3
8.822618,9.855055,-1.0369607,0.20860852,-0.3
8.832759,9.837899,-1.0472354,0.2203802,-0.3
8.843285,9.819666,-1.0580899,0.23215187,-0.3
8.854164,9.800339,-1.0695242,0.24305986,-0.3
8.865322,9.779975,-1.0814956,0.25396785,-0.3
8.876726,9.75856,-1.0940044,0.26487586,-0.3
8.888339,9.736077,-1.1070504,0.27457577,-0.3
8.900072,9.712617,-1.1205742,0.28427568,-0.3
8.91189,9.688165,-1.1345757,0.29397562,-0.3
8.923757,9.66271,-1.1490551,0.3018311,-0.3
8.93556,9.636402,-1.1639212,0.30968654,-0.3
8.9472685,9.609232,-1.1791744,0.31754202,-0.3
8.958847,9.581193,-1.1948144,0.3238691,-0.3
8.970208,9.552413,-1.2107661,0.3301962,-0.3
8.981321,9.522891,-1.2270293,0.33652326,-0.3
8.992157,9.492622,-1.2436042,0.34175527,-0.3
9.00265,9.461706,-1.2604368,0.34698725,-0.3
9.0127735,9.4301405,-1.2775271,0.35221925,-0.3
9.022501,9.397928,-1.2948751,0.35589957,-0.29275268
9.031784,9.365142,-1.3119932,0.3595799,-0.28550535
9.040614,9.331788,-1.328872,0.3632602,-0.27825806
9.048983,9.297876,-1.3455021,0.36466208,-0.2667067
9.056841,9.263589,-1.3615203,0.36606392,-0.25515535
9.064199,9.22894,-1.3769192,0.36746576,-0.24360402
9.07107,9.193947,-1.3916913,0.36605757,-0.23193589
9.077416,9.158891,-1.4057151,0.3646494,-0.22026777
9.083264,9.123791,-1.418994,0.3632412,-0.20859966
9.088638,9.088663,-1.4315312,0.35882893,-0.19997984
9.09352,9.053836,-1.4434114,0.3544167,-0.19136003
9.09794,9.019322,-1.454646,0.35000443,-0.18274023
9.101929,8.985137,-1.4652468,0.34279707,-0.1811476
9.105481,8.951606,-1.4755398,0.3355897,-0.17955497
9.108622,8.918736,-1.4855287,0.32838237,-0.17796235
9.111375,8.886534,-1.4952173,0.31856048,-0.1865853
9.113738,8.85532,-1.5050664,0.30873862,-0.19520827
9.115727,8.825098,-1.5150474,0.29891673,-0.20383123
9.117358,8.795871,-1.5251321,0.28731441,-0.22654228
9.118637,8.767902,-1.5358876,0.2757121,-0.24925333
9.119569,8.7411995,-1.5472231,0.2641098,-0.2719644
9.120169,8.715767,-1.5590475,0.25294822,-0.29976463
9.120453,8.691602,-1.5714965,0.24178667,-0.3
9.120437,8.668503,-1.5834054,0.23062511,-0.3
9.120159,8.646472,-1.5947644,0.22177395,-0.3
9.119651,8.625291,-1.6056875,0.21292278,-0.3
9.118941,8.604962,-1.6161747,0.20407161,-0.3
9.118057,8.585486,-1.626226,0.19737943,-0.3
9.117012,8.566659,-1.6359475,0.19068725,-0.3
9.115827,8.548481,-1.6453395,0.18399507,-0.3
9.114517,8.5309515,-1.6544019,0.1793646,-0.3
9.113087,8.513876,-1.6632361,0.17473413,-0.3
9.111546,8.497254,-1.6718425,0.17010365,-0.3
9.109906,8.481087,-1.6802206,0.16760324,-0.3
9.108157,8.465171,-1.6884756,0.16510281,-0.3
9.106306,8.449507,-1.6966075,0.16260238,-0.3
9.104357,8.434096,-1.7046162,0.16130784,-0.3
9.102301,8.418823,-1.7125611,0.16001332,-0.3
9.100141,8.40369,-1.7204423,0.15871878,-0.3
9.09788,8.388697,-1.7282598,0.15796827,-0.3
9.095513,8.373792,-1.7360402,0.15721777,-0.3
9.093042,8.358977,-1.7437837,0.15646726,-0.3
9.09047,8.344253,-1.7514904,0.155954,-0.3
9.087792,8.329596,-1.7591716,0.15544075,-0.3
9.0850115,8.315009,-1.7668276,0.15492748,-0.3
9.082129,8.300491,-1.7744583,0.15449715,-0.3
9.079144,8.2860365,-1.7820678,0.1540668,-0.3
9.0760565,8.271646,-1.789656,0.15363646,-0.3
9.07287,8.2573185,-1.7972232,0.15321107,-0.3
9.069584,8.243055,-1.8047693,0.15278569,-0.3
9.0662,8.228856,-1.8122945,0.1523603,-0.3
9.062719,8.214724,-1.8197988,0.15192005,-0.3
9.059142,8.200658,-1.8272814,0.15147978,-0.3
9.055471,8.18666,-1.8347423,0.15103953,-0.3
9.051707,8.1727295,-1.8421814,0.15091231,-0.3
9.047842,8.15884,-1.8496144,0.15078509,-0.3
9.043878,8.144992,-1.8570411,0.15065788,-0.3
9.039814,8.131185,-1.8644614,0.15058081,-0.3
9.035649,8.117414,-1.8718781,0.15050374,-0.3
9.031385,8.103683,-1.8792909,0.15042667,-0.3
9.027022,8.089991,-1.8866999,0.15043199,-0.3
9.022557,8.076331,-1.8941092,0.1504373,-0.3
9.017992,8.062703,-1.9015187,0.15044262,-0.3
9.013325,8.04911,-1.9089285,0.15043549,-0.3
9.008557,8.035552,-1.916338,0.15042837,-0.3
9.00369,8.022031,-1.9237471,0.15042125,-0.3
8.998722,8.008546,-1.9311559,0.15037696,-0.3
8.993656,7.995103,-1.9385624,0.15033267,-0.3
8.988493,7.9817014,-1.9459668,0.15028839,-0.3
8.983232,7.9683423,-1.953369,0.15017566,-0.3
8.977876,7.955033,-1.9607657,0.15006293,-0.3
8.972426,7.941773,-1.9681568,0.1499502,-0.3
8.966883,7.928564,-1.9755423,0.14977898,-0.3
8.961247,7.915411,-1.9829195,0.14960775,-0.3
8.955523,7.902315,-1.9902881,0.14943652,-0.3
8.949708,7.889277,-1.9976484,0.14955975,-0.3
8.943793,7.876271,-2.0050147,0.14968297,-0.3
8.937777,7.863298,-2.012387,0.1498062,-0.3
8.931661,7.8503594,-2.0197656,0.15021163,-0.3
8.925432,7.8374314,-2.027164,0.15061708,-0.3
8.919091,7.824515,-2.0345824,0.15102251,-0.3
8.912637,7.811611,-2.0420208,0.1516171,-0.3
8.906061,7.798705,-2.0494885,0.15221167,-0.3
8.8993635,7.7857985,-2.0569854,0.15280624,-0.3
8.892542,7.772892,-2.0645115,0.154061,-0.3
8.885567,7.7599316,-2.0720997,0.15531579,-0.3
8.878436,7.7469196,-2.0797493,0.15657055,-0.3
8.871148,7.7338576,-2.087461,0.15823445,-0.3
8.863681,7.720714,-2.0952547,0.15989833,-0.3
8.856031,7.7074914,-2.10313,0.1615622,-0.3
8.848198,7.6941924,-2.1110876,0.16354577,-0.3
8.840161,7.680794,-2.1191428,0.16552934,-0.3
8.831918,7.667299,-2.1272957,0.1675129,-0.3
8.823464,7.6537104,-2.1355462,0.1687635,-0.3
8.814836,7.6400914,-2.1438584,0.17001411,-0.3
8.806029,7.626444,-2.1522322,0.17126472,-0.3
8.797043,7.612771,-2.1606677,0.17215137,-0.3
8.787894,7.599104,-2.1691465,0.17303802,-0.3
8.778583,7.585445,-2.1776693,0.17392467,-0.3
8.769107,7.5717964,-2.1862357,0.17462204,-0.3
8.759476,7.558175,-2.1948364,0.1753194,-0.3
8.749689,7.544583,-2.2034714,0.17601676,-0.3
8.739746,7.531022,-2.212141,0.17663023,-0.3
8.729651,7.517501,-2.2208405,0.1772437,-0.3
8.719403,7.504021,-2.2295704,0.17785716,-0.3
8.709002,7.490586,-2.2383304,0.17836161,-0.3
8.698453,7.4772034,-2.2471154,0.17886607,-0.3
8.6877575,7.463877,-2.2559252,0.17937052,-0.3
8.676914,7.4506083,-2.2647598,0.17979161,-0.3
8.665929,7.4374046,-2.2736151,0.1802127,-0.3
8.6548,7.4242682,-2.2824912,0.18063378,-0.3
8.64353,7.4112005,-2.291388,0.18102343,-0.3
8.632119,7.3982058,-2.300304,0.18141308,-0.3
8.620568,7.3852854,-2.3092391,0.18180273,-0.3
8.608876,7.372441,-2.3181937,0.18236756,-0.3
8.597034,7.3596625,-2.3271759,0.1829324,-0.3
8.58504,7.3469515,-2.336186,0.18349724,-0.3
8.572895,7.3343105,-2.3452237,0.18413453,-0.3
8.560594,7.321736,-2.3542929,0.18477182,-0.3
8.548136,7.3092303,-2.3633935,0.18540911,-0.3
8.535521,7.2967963,-2.3725257,0.18602997,-0.3
8.522751,7.284436,-2.381688,0.18665083,-0.3
8.509825,7.272153,-2.3908813,0.18727168,-0.3
8.496743,7.2599487,-2.4001052,0.1877042,-0.3
8.483519,7.2478375,-2.4093502,0.18813673,-0.3
8.470152,7.2358217,-2.4186165,0.18856926,-0.3
8.456644,7.2239027,-2.4279044,0.18870743,-0.3
8.443016,7.2121015,-2.4371986,0.18884559,-0.3
8.429269,7.2004185,-2.4465,0.18898377,-0.3
8.415402,7.188855,-2.4558082,0.18899,-0.3
8.40143,7.1774216,-2.4651165,0.18899623,-0.3
8.38735,7.1661177,-2.4744253,0.18900247,-0.3
8.373166,7.1549454,-2.4837341,0.18902451,-0.3
8.358876,7.143904,-2.4930444,0.18904656,-0.3
8.344483,7.132995,-2.5023556,0.18906862,-0.3
8.329987,7.1222196,-2.5116677,0.18964106,-0.3
8.315347,7.111547,-2.5210083,0.19021352,-0.3
8.300564,7.10098,-2.530377,0.19078597,-0.3
8.285637,7.0905204,-2.5397737,0.19201945,-0.3
8.270515,7.080135,-2.5492313,0.19325292,-0.3
8.2551985,7.069827,-2.5587497,0.19448641,-0.3
8.239686,7.059601,-2.5683289,0.19610243,-0.3
8.223948,7.0494394,-2.5779874,0.19771846,-0.3
8.20798,7.0393486,-2.5877259,0.19933449,-0.3
8.191784,7.029332,-2.5975437,0.2012736,-0.3
8.175331,7.0193796,-2.6074572,0.20321274,-0.3
8.158622,7.009496,-2.617466,0.20515186,-0.3
8.141654,6.9996877,-2.6275704,0.20736742,-0.3
8.124403,6.9899473,-2.637784,0.20958298,-0.3
8.106869,6.980281,-2.6481066,0.21179855,-0.3
8.089049,6.9706964,-2.6585383,0.21420173,-0.3
8.070927,6.961191,-2.6690886,0.21660492,-0.3
8.052502,6.9517736,-2.679757,0.21900812,-0.3
8.033771,6.9424505,-2.690544,0.22110608,-0.3
8.01476,6.933243,-2.7014341,0.22320406,-0.3
7.995469,6.924157,-2.7124279,0.22530204,-0.3
7.9758973,6.9152007,-2.7235246,0.22687553,-0.3
7.9560895,6.906401,-2.734699,0.22844902,-0.3
7.936047,6.897764,-2.745951,0.2300225,-0.3
7.9157696,6.8892946,-2.7572803,0.23184785,-0.3
7.895236,6.8809905,-2.7686996,0.23367319,-0.3
7.8744464,6.872858,-2.7802088,0.23549853,-0.3
7.8534017,6.8649035,-2.791808,0.23772256,-0.3
7.832066,6.8571205,-2.8035166,0.23994659,-0.3
7.810441,6.8495173,-2.8153348,0.24217062,-0.3
7.788526,6.8421025,-2.8272624,0.24541512,-0.3
7.766229,6.8348536,-2.83935,0.24865963,-0.3
7.743551,6.8277826,-2.8515973,0.25190413,-0.3
7.72049,6.8209014,-2.8640044,0.25608745,-0.3
7.696962,6.814197,-2.8766177,0.26027077,-0.3
7.672965,6.8076854,-2.8894367,0.26445407,-0.3
7.6484995,6.801382,-2.902462,0.2684742,-0.3
7.623581,6.795307,-2.9156852,0.2724943,-0.3
7.5982103,6.789476,-2.9291065,0.27651438,-0.3
7.5723877,6.783905,-2.942726,0.2808609,-0.3
7.546085,6.778604,-2.9565592,0.2852074,-0.3
7.5193033,6.7735915,-2.9706066,0.2895539,-0.3
7.4920444,6.7688847,-2.984868,0.29378673,-0.3
7.464322,6.764504,-2.9993382,0.2980196,-0.3
7.4361386,6.7604675,-3.0140166,0.3022524,-0.3
7.407498,6.7567935,-3.0289035,0.3076375,-0.3
7.3782945,6.7534885,-3.0440557,0.3130226,-0.3
7.3485327,6.7505765,-3.059473,0.31840774,-0.3
7.3182163,6.748081,-3.0751557,0.3245832,-0.3
7.2872763,6.7460227,-3.0911427,0.33075866,-0.3
7.2557178,6.744429,-3.1074336,0.33693412,-0.3
7.223548,6.74333,-3.1240287,0.34439194,-0.3
7.1906524,6.742752,-3.1409912,0.35184976,-0.3
7.1570387,6.742732,3.1248643,0.35930762,-0.3
7.1227174,6.743306,3.1071672,0.36222553,-0.20112106
7.087246,6.744528,3.095107,0.36514348,-0.10224211
7.0509615,6.7462153,3.0888958,0.3680614,-0.0033631683
7.014207,6.748154,3.0886896,0.38444513,0.09528855
6.9759903,6.750178,3.0947857,0.40082884,0.19394027
6.936702,6.752018,3.1076608,0.41721255,0.292592
6.8967767,6.7533736,3.1277173,0.4442632,0.391662
6.8557186,6.753943,-3.1272037,0.47131383,0.49073204
6.8141537,6.753345,-3.0901842,0.49836448,0.5898021
6.772792,6.751217,-3.043986,0.47539064,0.48991275
6.7310443,6.747129,-3.0067036,0.45241678,0.39002344
6.6895804,6.741502,-2.9780347,0.42944294,0.29013413
6.64898,6.7348013,-2.9575589,0.40654266,0.19109465
6.60974,6.727497,-2.9446895,0.3836424,0.09205518
6.572276,6.7200236,-2.9388118,0.36074212,-0.0069842935
6.536942,6.7127585,-2.9392316,0.33552566,-0.09863631
6.504234,6.706048,-2.9447386,0.3103092,-0.19028832
6.4743514,6.7000885,-2.9545207,0.2850927,-0.28194034
6.4474454,6.6949954,-2.9677403,0.2821693,-0.3
6.420895,6.6903324,-2.9816382,0.2792459,-0.3
6.3945584,6.686084,-2.995392,0.2763225,-0.3
6.368442,6.682238,-3.0090017,0.2805007,-0.3
6.34188,6.678695,-3.0228174,0.2846789,-0.3
6.314875,6.6754727,-3.0368388,0.2888571,-0.3
6.287431,6.672587,-3.051066,0.2946235,-0.3
6.2593994,6.6700425,-3.0655773,0.3003899,-0.3
6.230785,6.6678634,-3.0803723,0.3061563,-0.3
6.2015915,6.666074,-3.0954516,0.31324187,-0.3
6.171698,6.6646934,-3.11088,0.3203274,-0.3
6.141111,6.663754,-3.126657,0.32741296,-0.3
6.109835,6.6632867,3.140402,0.33580616,-0.28881472
6.0776453,6.663325,3.1244617,0.34419936,-0.27762944
6.0445485,6.663892,3.1087387,0.35259253,-0.26644418
6.010552,6.6650095,3.0932655,0.33758,-0.16831721
5.9773097,6.666617,3.0838401,0.32256746,-0.07019025
5.945186,6.668474,3.0800698,0.30755493,0.027936708
5.9145007,6.6703644,3.0815017,0.28502482,0.12486788
5.886271,6.672063,3.087418,0.2624947,0.22179905
5.860702,6.6734495,3.097042,0.23996462,0.31873024
5.837937,6.674464,3.1095748,0.21122864,0.41287324
5.8185987,6.6750836,3.1237004,0.18249267,0.50701624
5.802648,6.6753693,3.1384692,0.15375671,0.6011593
5.789968,6.675409,-3.130222,0.124431744,0.6897858
5.78037,6.6752996,-3.1170244,0.09510678,0.77841234
5.7736006,6.675133,-3.1058946,0.06578182,0.8670389
5.7693467,6.6749816,-3.0975358,0.09478061,0.7671686
5.76253,6.6746807,-3.0865712,0.1237794,0.66729826
5.752822,6.674146,-3.0738041,0.1527782,0.5674279
5.739968,6.6732736,-3.0601187,0.1818729,0.46763337
5.7237873,6.6719522,-3.0464547,0.21096762,0.36783886
5.7041907,6.670082,-3.0338106,0.24006231,0.26804432
5.681176,6.667592,-3.023214,0.26534656,0.17028742
5.655208,6.6645036,-3.0157197,0.2906308,0.072530515
5.626451,6.6608644,-3.0122094,0.31591505,-0.02522639
5.5951333,6.65679,-3.0135374,0.31755444,-0.048053004
5.5636744,6.652739,-3.0160797,0.31919387,-0.070879616
5.5320854,6.6487536,-3.0198474,0.32083327,-0.09370623
5.500379,6.644874,-3.0248506,0.32780778,-0.054163385
5.4678693,6.6410613,-3.0278084,0.33478227,-0.0146205425
5.4346113,6.637261,-3.028624,0.3417568,0.0249223
5.400664,6.6334095,-3.0272048,0.35549557,-0.009466862
5.3653483,6.629352,-3.0277658,0.36923435,-0.043856025
5.328699,6.625162,-3.0304637,0.38297313,-0.078245185
5.2907543,6.6209283,-3.0354528,0.39937404,-0.04041188
5.2510743,6.6167006,-3.038142,0.41577494,-0.0025785684
5.209719,6.612407,-3.0383208,0.43217584,0.03525474
5.1667585,6.6079545,-3.0357819,0.45311075,0.023508405
5.121713,6.6031704,-3.0340066,0.47404566,0.0117620705
5.074586,6.5980806,-3.0330775,0.49498057,1.5735626e-05
5.025379,6.59272,-3.033076,0.51550704,0.01714027
4.974139,6.5871377,-3.0316036,0.523,0.034264803
4.922186,6.5814,-3.0286174,0.523,0.051389337
4.870288,6.575512,-3.02414,0.523,0.07808189
4.8185062,6.5694017,-3.0173407,0.523,0.10477445
4.7668943,6.562956,-3.0082245,0.523,0.13146701
4.715506,6.5560613,-2.996798,0.523,0.1537557
4.664364,6.548604,-2.9834483,0.523,0.17604437
4.6135144,6.5404944,-2.9681823,0.523,0.19833305
4.563009,6.5316477,-2.9510074,0.523,0.21923998
4.512885,6.5219774,-2.9320498,0.523,0.2401469
4.463197,6.51141,-2.9113176,0.523,0.26105383
4.414003,6.4998775,-2.88882,0.523,0.27829254
4.365313,6.4873013,-2.864874,0.523,0.29553127
4.317184,6.4736323,-2.8394868,0.523,0.31277
4.269675,6.4588265,-2.812666,0.523,0.3221013
4.222724,6.442801,-2.7850726,0.523,0.3314326
4.17638,6.425541,-2.7567086,0.523,0.34076393
4.1306934,6.407034,-2.727577,0.523,0.34784743
4.08568,6.387254,-2.697864,0.523,0.35493094
4.041389,6.3662004,-2.6675713,0.523,0.3620144
3.9978716,6.343875,-2.6367006,0.523,0.36518097
3.9551158,6.320245,-2.6055717,0.523,0.36834753
3.913167,6.2953258,-2.5741851,0.523,0.37151405
3.8720715,6.269135,-2.5425415,0.523,0.38142067
3.8319824,6.241764,-2.5100946,0.523,0.3913273
3.79296,6.213223,-2.476848,0.523,0.4012339
3.7550652,6.183523,-2.4428046,0.523,0.4144018
3.7184124,6.152727,-2.4077075,0.523,0.4275697
3.6830719,6.120852,-2.371563,0.523,0.44073758
3.6491141,6.087922,-2.334377,0.523,0.4542116
3.616615,6.053973,-2.2961323,0.523,0.4676856
3.5856457,6.019041,-2.2568357,0.523,0.48115963
3.5562766,5.983168,-2.2164943,0.523,0.49282244
3.5285497,5.9463677,-2.1752546,0.523,0.50448525
3.5025296,5.9086957,-2.133122,0.523,0.5161481
3.4782782,5.870213,-2.0901022,0.523,0.5059481
3.4555745,5.830497,-2.047858,0.523,0.49574813
3.434451,5.7896295,-2.0063937,0.523,0.48554814
3.4149337,5.7476935,-1.9657136,0.523,0.48370236
3.3971205,5.704957,-1.9251759,0.523,0.48185655
3.3810384,5.661492,-1.8847806,0.523,0.48001078
3.366711,5.6173706,-1.8445281,0.523,0.47108927
3.3541129,5.572502,-1.8049668,0.523,0.4621678
3.3432505,5.526967,-1.7661002,0.523,0.45324633
3.3341258,5.4808416,-1.727931,0.523,0.449549
3.3267546,5.434318,-1.6900519,0.523,0.44585165
3.3211405,5.387466,-1.6524634,0.523,0.44215432
3.3172843,5.340353,-1.6151658,0.523,0.42669582
3.3151727,5.2927895,-1.5790906,0.523,0.41123733
3.314775,5.2448516,-1.5442463,0.523,0.39577883
3.316056,5.1966114,-1.5106412,0.523,0.3921053
3.3189616,5.148368,-1.4773318,0.523,0.3884318
3.3234792,5.1001754,-1.4443185,0.523,0.38475826
3.329594,5.0520864,-1.4116018,0.523,0.37085715
3.337321,5.003958,-1.3800113,0.523,0.35695606
3.3466136,4.955844,-1.3495532,0.523,0.34305495
3.3574216,4.907792,-1.3202333,0.523,0.33064756
3.369687,4.8598695,-1.2919343,0.523,0.31824014
3.3833604,4.8121147,-1.2646601,0.523,0.30583274
3.398391,4.7645607,-1.2384154,0.523,0.27949306
3.414794,4.7170415,-1.2143688,0.523,0.2531534
3.4324613,4.6695905,-1.1925372,0.523,0.22681376
3.451281,4.6222324,-1.1729357,0.523,0.19029726
3.4711788,4.574888,-1.156448,0.523,0.15378076
3.491986,4.527579,-1.1430963,0.523,0.11726425
3.51353,4.4803166,-1.1328981,0.50024384,0.12000815
3.5345895,4.435338,-1.1229166,0.47748768,0.12275205
3.555112,4.392623,-1.1131723,0.45473152,0.12549594
3.5750446,4.3521495,-1.1036861,0.4305869,0.11398436
3.5943086,4.313953,-1.0955238,0.40644228,0.10247278
3.612809,4.2780027,-1.0885944,0.3822977,0.0909612
3.630464,4.244272,-1.0828067,0.35957295,0.09213862
3.6472511,4.212647,-1.0772927,0.3368482,0.09331603
3.6631386,4.18311,-1.0720614,0.31412345,0.094493456
3.6780965,4.1556473,-1.0671217,0.3049471,0.06819825
3.6927805,4.1290016,-1.0636582,0.29577073,0.041903038
3.7071328,4.10317,-1.0615932,0.2865944,0.015607828
3.7211022,4.07815,-1.0608478,0.27924907,-0.007720488
3.7347329,4.053778,-1.061207,0.27190375,-0.031048805
3.7479904,4.030054,-1.0626138,0.2645584,-0.05437712
