3.7027235,-3.660134,-0.75075775,-0.11846404,0.0
3.6940618,-3.6520524,-0.75075775,-0.09008181,0.07279916
3.6874926,-3.6459234,-0.7518498,-0.06169958,0.14559832
3.6830337,-3.641754,-0.7533417,-0.033317354,0.21839747
3.6806612,-3.639529,-0.7545448,-0.0042908764,0.17959844
3.6803536,-3.6392398,-0.7546726,0.024735602,0.1407994
3.6821377,-3.6409175,-0.754094,0.053762082,0.10200037
3.686036,-3.6445792,-0.75318164,0.08254703,0.07153728
3.6920426,-3.6502106,-0.7521983,0.111331984,0.041074194
3.700165,-3.657811,-0.75143635,0.14011693,0.010611105
3.710403,-3.667376,-0.7511886,0.16826081,-0.02161634
3.722698,-3.678857,-0.7517947,0.19640468,-0.053843785
3.7370238,-3.6922512,-0.7535564,0.22454855,-0.08607123
3.7533386,-3.7075589,-0.7567736,0.2508811,-0.09800766
3.7714915,-3.7247012,-0.7608651,0.27721363,-0.10994408
3.7914472,-3.743701,-0.7659345,0.3035462,-0.12188051
3.8131626,-3.764587,-0.7720853,0.32492378,-0.11319633
3.836293,-3.7871096,-0.7782023,0.34630135,-0.10451214
3.8608212,-3.8112872,-0.78422344,0.36767894,-0.09582796
3.8867311,-3.8371365,-0.79008675,0.3760017,-0.08944795
3.9130876,-3.8637414,-0.7956847,0.38432443,-0.08306794
3.93989,-3.8911006,-0.80099946,0.3926472,-0.07668793
3.9671373,-3.9192119,-0.80601305,0.38951483,-0.07358116
3.9940336,-3.9472406,-0.8107856,0.3863825,-0.070474386
4.0205865,-3.975177,-0.8153202,0.38325015,-0.06736761
4.046804,-4.003012,-0.81962,0.3766946,-0.06681161
4.072456,-4.0304832,-0.82381153,0.37013903,-0.06625561
4.097549,-4.057582,-0.8278958,0.36358345,-0.0656996
4.12209,-4.0843024,-0.8318742,0.3590172,-0.07186134
4.146207,-4.1107726,-0.8361704,0.3544509,-0.078023076
4.1698937,-4.136996,-0.84077495,0.34988463,-0.08418481
4.1931443,-4.1629753,-0.84567827,0.34694475,-0.09013608
4.216061,-4.188836,-0.8508833,0.34400487,-0.09608735
4.2386374,-4.214581,-0.8563839,0.34106496,-0.102038614
4.260867,-4.240214,-0.86217415,0.33871287,-0.107853614
4.282782,-4.2657814,-0.8682509,0.33636078,-0.11366861
4.304376,-4.291287,-0.8746095,0.3340087,-0.11948361
4.325643,-4.3167324,-0.8812451,0.33196482,-0.12504484
4.3465977,-4.3421445,-0.88814545,0.32992098,-0.13060606
4.3672333,-4.367525,-0.8953067,0.3278771,-0.13616727
4.387545,-4.3928757,-0.90272474,0.3260585,-0.13947685
4.4075475,-4.4182234,-0.9102798,0.32423994,-0.14278643
4.427238,-4.4435673,-0.91796976,0.32242134,-0.146096
4.4466143,-4.468907,-0.92579263,0.3205682,-0.14863685
4.4656744,-4.4942408,-0.9337048,0.31871507,-0.15117767
4.4844174,-4.519568,-0.9417047,0.3168619,-0.1537185
4.502842,-4.544886,-0.94979066,0.31571394,-0.15618077
4.5209885,-4.57025,-0.9579754,0.314566,-0.15864304
4.538854,-4.5956593,-0.9662578,0.313418,-0.16110529
4.5564375,-4.6211123,-0.974637,0.31297222,-0.16147166
4.5737815,-4.646674,-0.9830231,0.31252646,-0.16183804
4.5908847,-4.672342,-0.99141616,0.31208068,-0.16220441
4.607747,-4.698114,-0.999816,0.31149754,-0.16220453
4.6243615,-4.7239785,-1.0082002,0.31091443,-0.16220467
4.640727,-4.749933,-1.0165687,0.31033128,-0.1622048
4.656845,-4.7759743,-1.0249215,0.30944866,-0.1621606
4.6727,-4.802075,-1.0332483,0.30856603,-0.16211642
4.6882925,-4.8282323,-1.0415491,0.30768344,-0.16207223
4.7036233,-4.854443,-1.0498239,0.3067468,-0.16207893
4.718691,-4.8806996,-1.0580739,0.30581018,-0.16208564
4.7334957,-4.9069986,-1.066299,0.30487356,-0.16209234
4.748039,-4.933338,-1.0744992,0.30374628,-0.16180944
4.762314,-4.959699,-1.0826551,0.30261904,-0.16152656
4.7763214,-4.9860787,-1.0907665,0.3014918,-0.16124366
4.790064,-5.0124736,-1.0988337,0.30074164,-0.1606885
4.8035603,-5.038915,-1.1068534,0.29999152,-0.16013335
4.8168125,-5.0653996,-1.1148256,0.29924136,-0.15957819
4.8298216,-5.0919256,-1.1227506,0.2985728,-0.15916312
4.8425927,-5.1184955,-1.1306375,0.29790422,-0.15874806
4.8551264,-5.1451077,-1.1384864,0.29723567,-0.158333
4.8674235,-5.171759,-1.1462973,0.29653558,-0.15790851
4.879485,-5.1984444,-1.1540693,0.2958355,-0.15748404
4.891311,-5.2251616,-1.161802,0.2951354,-0.15705955
4.902904,-5.2519073,-1.169496,0.29508567,-0.1545738
4.9142933,-5.2787476,-1.1770679,0.29503596,-0.15208803
4.925481,-5.3056793,-1.1845176,0.29498625,-0.14960226
4.9364705,-5.3326993,-1.1918453,0.29458234,-0.1471879
4.9472504,-5.3597717,-1.1990458,0.29417846,-0.14477354
4.9578247,-5.3868933,-1.2061192,0.29377455,-0.1423592
4.968196,-5.414061,-1.213066,0.29349318,-0.13937634
4.978373,-5.441286,-1.2198615,0.2932118,-0.1363935
4.9883595,-5.4685645,-1.2265062,0.2929304,-0.13341066
4.9981585,-5.4958935,-1.2330003,0.2927828,-0.1307858
5.0077786,-5.523281,-1.239364,0.29263523,-0.12816092
5.017223,-5.550725,-1.2455977,0.29248762,-0.12553605
5.0264945,-5.5782228,-1.2517012,0.2928695,-0.12365791
5.0356116,-5.6058187,-1.2577219,0.2932514,-0.12177977
5.0445766,-5.633512,-1.2636591,0.29363328,-0.11990163
5.0533905,-5.6613,-1.269513,0.29409844,-0.118762605
5.062056,-5.6891875,-1.2753206,0.2945636,-0.11762358
5.0705743,-5.7171726,-1.2810819,0.29502875,-0.11648457
5.0789456,-5.7452545,-1.2867967,0.296164,-0.11700545
5.0871873,-5.77349,-1.292559,0.29729924,-0.11752634
5.0952964,-5.8018794,-1.298369,0.29843447,-0.11804722
5.1032705,-5.8304224,-1.3042269,0.29999182,-0.12086256
5.1111155,-5.859151,-1.3102552,0.3015492,-0.123677894
5.118824,-5.8880653,-1.3164551,0.30310655,-0.12649323
5.1263895,-5.9171667,-1.3228283,0.30513224,-0.13043457
5.1338153,-5.946495,-1.3294429,0.30715796,-0.13437591
5.1410904,-5.976052,-1.3363012,0.30918366,-0.13831726
5.1482058,-6.005837,-1.3434061,0.31124628,-0.14274673
5.155151,-6.035852,-1.3507859,0.3133089,-0.1471762
5.161915,-6.066097,-1.3584434,0.3153715,-0.15160568
5.168485,-6.096572,-1.3663816,0.3174492,-0.1622486
5.1748447,-6.127248,-1.3749284,0.31952688,-0.17289151
5.1809707,-6.158122,-1.3840897,0.32160455,-0.18353443
5.18684,-6.1891932,-1.3938721,0.32421085,-0.19510663
5.192438,-6.2205024,-1.404348,0.32681715,-0.20667881
5.1977377,-6.2520466,-1.4155258,0.32942346,-0.218251
5.202711,-6.2838206,-1.4274137,0.3325999,-0.23168266
5.207337,-6.31586,-1.440142,0.33577636,-0.24511433
5.2115808,-6.348156,-1.4537224,0.3389528,-0.25854596
5.2154083,-6.3807006,-1.468166,0.34304208,-0.27548206
5.21879,-6.4135375,-1.4837179,0.3471313,-0.29241815
5.2216806,-6.446651,-1.5003957,0.35122058,-0.3
5.224041,-6.480121,-1.5176945,0.3560919,-0.3
5.225847,-6.514092,-1.5352333,0.36096323,-0.3
5.2270727,-6.5485544,-1.5530119,0.36583456,-0.3
5.2276945,-6.5834985,-1.5710305,0.37167794,-0.3
5.227686,-6.619006,-1.5893369,0.37752134,-0.3
5.2270174,-6.655066,-1.607931,0.38336474,-0.3
5.2256575,-6.691665,-1.626813,0.38975313,-0.3
5.223573,-6.7288413,-1.6460097,0.3961415,-0.3
5.2207294,-6.766579,-1.665521,0.4025299,-0.3
5.217092,-6.8048615,-1.685347,0.4095424,-0.3
5.2126203,-6.8437304,-1.7055184,0.41655496,-0.3
5.207275,-6.883165,-1.726035,0.42356747,-0.3
5.2010183,-6.9231434,-1.7468972,0.4306612,-0.3
5.1938105,-6.9636497,-1.7681087,0.43775496,-0.3
5.185612,-7.004658,-1.7896696,0.4448487,-0.3
5.176385,-7.0461426,-1.81158,0.44969767,-0.3
5.16614,-7.0878644,-1.833729,0.45454666,-0.3
5.1548533,-7.1297965,-1.856117,0.45939565,-0.3
5.1425004,-7.17191,-1.8787438,0.46355775,-0.3
5.1290774,-7.214112,-1.9015756,0.46771985,-0.3
5.1145654,-7.256373,-1.9246123,0.47188196,-0.3
5.098946,-7.2986608,-1.947854,0.47579017,-0.3
5.0822105,-7.340922,-1.9712883,0.47969836,-0.3
5.0643435,-7.383123,-1.9949151,0.48360658,-0.3
5.045331,-7.42523,-2.0187345,0.48728958,-0.3
5.025169,-7.46719,-2.042735,0.49097258,-0.3
5.0038457,-7.5089674,-2.0669172,0.49465558,-0.3
4.981351,-7.550526,-2.0912805,0.49840903,-0.3
4.9576716,-7.5918355,-2.1158288,0.5021625,-0.3
4.9328003,-7.6328583,-2.140562,0.50591594,-0.3
4.9067283,-7.673555,-2.1654801,0.5090465,-0.3
4.8794827,-7.7138376,-2.1905525,0.51217705,-0.3
4.8510623,-7.7536674,-2.2157788,0.5153076,-0.3
4.8214664,-7.793007,-2.2411594,0.5175992,-0.3
4.7907457,-7.8317547,-2.266653,0.51989084,-0.3
4.7589073,-7.869874,-2.2922592,0.52218246,-0.3
4.7259583,-7.9073305,-2.3179786,0.523,-0.3
4.6920037,-7.9439845,-2.343738,0.523,-0.3
4.657117,-7.979752,-2.3694975,0.523,-0.3
4.62132,-8.014608,-2.395257,0.523,-0.3
4.584637,-8.0485325,-2.4210167,0.523,-0.3
4.547093,-8.081499,-2.4467762,0.523,-0.3
4.508712,-8.113488,-2.4725356,0.523,-0.3
4.4695196,-8.144479,-2.498295,0.523,-0.3
4.4295425,-8.174449,-2.5240548,0.523,-0.3
4.3888063,-8.20338,-2.5498142,0.523,-0.3
4.3473387,-8.231252,-2.5755737,0.523,-0.3
4.3051667,-8.258046,-2.6013331,0.523,-0.3
4.2623186,-8.283746,-2.6270926,0.523,-0.3
4.218823,-8.308332,-2.6528523,0.523,-0.3
4.174709,-8.331792,-2.6786118,0.523,-0.3
4.1300044,-8.354106,-2.7043712,0.523,-0.3
4.0847406,-8.375262,-2.7301307,0.523,-0.3
4.0389466,-8.395246,-2.7558904,0.523,-0.3
3.992653,-8.414042,-2.7816498,0.523,-0.3
3.9458907,-8.431641,-2.8074093,0.523,-0.3
3.8986907,-8.448029,-2.8331687,0.523,-0.3
3.8510842,-8.463196,-2.8589282,0.523,-0.3
3.803103,-8.477132,-2.884688,0.523,-0.3
3.7547786,-8.489827,-2.9104474,0.523,-0.3
3.7061434,-8.501273,-2.9362068,0.523,-0.3
3.6572294,-8.511463,-2.9619663,0.523,-0.3
3.6080692,-8.5203905,-2.987726,0.523,-0.3
3.5586953,-8.528048,-3.0134854,0.523,-0.3
3.5091407,-8.5344305,-3.039245,0.523,-0.3
3.459438,-8.5395355,-3.0650043,0.523,-0.3
3.4096205,-8.543359,-3.0907638,0.523,-0.3
3.359721,-8.5458975,-3.1165235,0.523,-0.3
3.3097725,-8.54715,3.1409023,0.523,-0.3
3.2598083,-8.547115,3.1151428,0.523,-0.20001951
3.208569,-8.545759,3.0978239,0.523,-0.100039005
3.1565804,-8.543483,3.0891182,0.523,-5.8507918e-05
3.1043525,-8.540739,3.0891132,0.523,0.09990503
3.0523849,-8.53801,3.0978072,0.523,0.19986856
3.0011752,-8.535766,3.1151133,0.523,0.2998321
2.951226,-8.534443,3.140859,0.523,0.39976397
2.9030497,-8.534408,-3.108401,0.523,0.49969587
2.8571696,-8.535931,-3.0666344,0.523,0.59962773
2.8141148,-8.539165,-3.0174432,0.50355065,0.4996357
2.7702556,-8.544638,-2.9772344,0.4841013,0.39964363
2.7262611,-8.551934,-2.945841,0.46465194,0.2996516
2.6827142,-8.560569,-2.9229813,0.44278413,0.19981462
2.6403499,-8.569981,-2.9083333,0.4209163,0.09997766
2.5996025,-8.579662,-2.9013314,0.39904848,0.0001406908
2.560844,-8.589157,-2.901322,0.39558893,-0.098370664
2.5226073,-8.598526,-2.9077973,0.39212942,-0.19688202
2.485198,-8.607434,-2.9205816,0.3886699,-0.29539338
2.4489188,-8.615586,-2.9394395,0.40809086,-0.3
2.4107263,-8.623414,-2.9595394,0.4275118,-0.3
2.3705595,-8.630808,-2.9805958,0.4469328,-0.3
2.3284147,-8.637652,-3.0026088,0.46283132,-0.3
2.284625,-8.643778,-3.0254047,0.47872987,-0.3
2.2391984,-8.64908,-3.0489838,0.4946284,-0.3
2.1921475,-8.65345,-3.073346,0.505166,-0.3
2.1439993,-8.656741,-3.098227,0.51570356,-0.3
2.0947788,-8.658876,-3.1236272,0.523,-0.3
2.0448227,-8.659774,3.1337986,0.523,-0.3
1.99486,-8.659385,3.1080391,0.523,-0.3
1.9449241,-8.657708,3.0822797,0.523,-0.3
1.8950478,-8.654747,3.0565202,0.523,-0.20004459
1.8439761,-8.650392,3.0391989,0.523,-0.10008917
1.7922105,-8.645072,3.0304892,0.523,-0.00013375282
1.740233,-8.639274,3.0304775,0.523,0.09976979
1.688514,-8.633503,3.0391595,0.523,0.19967334
1.6375217,-8.628262,3.056449,0.523,0.29957688
1.5877322,-8.624012,3.0821733,0.523,0.39939308
1.5396334,-8.621151,3.1160688,0.523,0.49920928
1.4937309,-8.619979,-3.125387,0.523,0.5990255
1.4505428,-8.620679,-3.076239,0.51610637,0.4990952
1.4053246,-8.623638,-3.0350683,0.5092127,0.39916492
1.3586724,-8.628627,-3.0020843,0.50231904,0.29923463
1.311139,-8.635302,-2.9774046,0.49079904,0.20013991
1.2636857,-8.643164,-2.961142,0.47927904,0.101045206
1.2167765,-8.651721,-2.9530845,0.46775904,0.0019505024
1.1708293,-8.660486,-2.9529324,0.4586543,-0.090748236
1.1259631,-8.669053,-2.9598598,0.4495496,-0.18344697
1.0824903,-8.677042,-2.9735277,0.4404449,-0.2761457
1.0407116,-8.68413,-2.9935422,0.4360571,-0.2935963
0.9994284,-8.690287,-3.0145743,0.4316693,-0.3
0.95852166,-8.695511,-3.0358355,0.4272815,-0.3
0.91793,-8.69982,-3.0568805,0.43067542,-0.27818537
0.87666667,-8.703324,-3.076592,0.43406934,-0.25637072
0.8347671,-8.706051,-3.0949366,0.43746328,-0.23455606
0.79226494,-8.708035,-3.1118817,0.4460057,-0.23631692
0.7489231,-8.709324,-3.129285,0.45454812,-0.23807779
0.70475376,-8.7098675,3.1360338,0.46309054,-0.23983864
0.65977097,-8.709618,3.1176994,0.48712733,-0.13995656
0.6115483,-8.708465,3.1063738,0.5111641,-0.040074486
0.5605046,-8.706666,3.1029606,0.523,0.05980759
0.508337,-8.70465,3.1081707,0.523,0.15958248
0.45673043,-8.702925,3.122022,0.523,0.25935736
0.4061893,-8.701936,-3.1388085,0.523,0.35913226
0.3572261,-8.702072,-3.108173,0.523,0.26008317
0.30671325,-8.70376,-3.085757,0.523,0.16103406
0.25517035,-8.706641,-3.0717807,0.523,0.061984975
0.20309794,-8.710282,-3.0663812,0.523,-0.031595122
0.15097181,-8.7142105,-3.0691347,0.523,-0.12517522
0.099217184,-8.717967,-3.0800173,0.523,-0.21875532
0.048260335,-8.721108,-3.098934,0.523,-0.23313276
-0.0025785232,-8.723279,-3.1190717,0.523,-0.24751022
-0.053271845,-8.724421,-3.1404266,0.523,-0.26188767
-0.10378853,-8.72448,3.1201909,0.523,-0.237838
-0.15460463,-8.723392,3.0996542,0.523,-0.21378832
-0.20566903,-8.721249,3.0811605,0.523,-0.18973865
-0.25693667,-8.718147,3.0647206,0.523,-0.089969575
-0.30887133,-8.714147,3.056889,0.523,0.009799493
-0.36098132,-8.7097225,3.057743,0.523,0.10956856
-0.41278505,-8.705368,3.0672748,0.523,0.2089729
-0.463806,-8.70157,3.085358,0.523,0.30837724
-0.5135601,-8.698769,3.111814,0.523,0.40778157
-0.5615504,-8.697339,-3.1368032,0.523,0.5047971
-0.6073266,-8.697558,-3.0946467,0.523,0.60181266
-0.65039057,-8.699582,-3.0452983,0.523,0.6988282
-0.69024575,-8.703431,-2.9892223,0.523,0.59913796
-0.73293585,-8.709987,-2.9400663,0.523,0.49944767
-0.7779181,-8.719177,-2.8983185,0.523,0.39975742
-0.824676,-8.730782,-2.8643937,0.523,0.3034787
-0.8726807,-8.74444,-2.8383448,0.523,0.20719999
-0.92152673,-8.759724,-2.8204129,0.523,0.11092127
-0.97084737,-8.776133,-2.810764,0.518754,0.03759987
-1.019875,-8.792972,-2.807514,0.514508,-0.035721533
-1.0684502,-8.809832,-2.8105764,0.5102621,-0.109042935
-1.1164198,-8.826317,-2.8198314,0.5123783,-0.11606147
-1.1647011,-8.842411,-2.8297205,0.5144944,-0.12308001
-1.2132982,-8.858078,-2.8402479,0.5166106,-0.13009855
-1.2622144,-8.873282,-2.851418,0.5170026,-0.12016066
-1.3113961,-8.887968,-2.861747,0.5173945,-0.11022278
-1.360821,-8.902172,-2.8712325,0.5177864,-0.1002849
-1.4104681,-8.915932,-2.8798723,0.51291883,-0.095688105
-1.4597867,-8.929142,-2.8880398,0.5080512,-0.09109131
-1.5087634,-8.9418335,-2.8957424,0.50318366,-0.08649452
-1.5573864,-8.954034,-2.9029872,0.49878904,-0.07369085
-1.6057206,-8.965791,-2.9091077,0.49439442,-0.06088717
-1.6537408,-8.97716,-2.9141216,0.4899998,-0.048083495
-1.7014234,-8.988198,-2.918047,0.48626995,-0.031395555
-1.748817,-8.998973,-2.9205909,0.48254013,-0.014707613
-1.7958924,-9.009549,-2.9217737,0.47881028,0.0019803285
-1.8426211,-9.01999,-2.9216156,0.47905126,0.019457232
-1.8893629,-9.030441,-2.9200623,0.47929224,0.036934137
-1.936089,-9.040965,-2.9171126,0.47953323,0.054411042
-1.9827701,-9.051623,-2.912766,0.4803013,0.061461437
-2.02946,-9.062498,-2.9078493,0.48106936,0.06851183
-2.0761487,-9.073614,-2.9023604,0.48183745,0.075562224
-2.1228266,-9.084999,-2.896298,0.4826029,0.08741425
-2.1694636,-9.096674,-2.8892758,0.48336837,0.099266276
-2.2160394,-9.108682,-2.8812919,0.48413384,0.1111183
-2.2625334,-9.121065,-2.8723445,0.48828372,0.12461521
-2.3092375,-9.133953,-2.8622293,0.49243364,0.1381121
-2.356121,-9.147403,-2.8509302,0.49658355,0.151609
-2.4031508,-9.16147,-2.8384304,0.4992513,0.19081381
-2.4499345,-9.176105,-2.8226492,0.5019191,0.2300186
-2.4963398,-9.191428,-2.8035767,0.5045869,0.2692234
-2.5422285,-9.207559,-2.781208,0.48836866,0.2875443
-2.5860517,-9.224073,-2.7581248,0.47215044,0.3058652
-2.6278055,-9.240918,-2.7344291,0.45593226,0.3241861
-2.6674905,-9.258033,-2.710224,0.4279853,0.33844236
-2.704163,-9.274913,-2.6865408,0.4000384,0.35269862
-2.737884,-9.291412,-2.6635098,0.37209147,0.36695492
-2.7687218,-9.307392,-2.6412604,0.34743986,0.36148995
-2.797237,-9.322982,-2.6207805,0.32278827,0.35602498
-2.8234801,-9.338037,-2.602029,0.29813665,0.35056
-2.8475027,-9.352422,-2.5849648,0.28978398,0.36771297
-2.8704617,-9.366708,-2.5676026,0.2814313,0.38486594
-2.892366,-9.380872,-2.5499928,0.27307862,0.4020189
-2.9132257,-9.394887,-2.5321846,0.26599813,0.37353617
-2.933533,-9.409062,-2.516007,0.25891763,0.34505343
-2.9532843,-9.42333,-2.5014107,0.25183713,0.3165707
-2.9724777,-9.437626,-2.4883442,0.2488116,0.29924932
-2.991358,-9.452076,-2.476119,0.24578607,0.28192797
-3.009929,-9.466652,-2.4647224,0.24276054,0.2646066
