0.13908738,8.273214,1.8172159,0.5028513,0.0
0.12682118,8.32198,1.8172159,0.51379997,0.09817358
0.11434823,8.371568,1.8256093,0.523,0.19634716
0.10141856,8.421206,1.8426145,0.523,0.29452074
0.0879815,8.469418,1.8679173,0.523,0.37562275
0.073737256,8.515939,1.8998946,0.523,0.45672476
0.05856694,8.560359,1.938336,0.523,0.5378268
0.042427517,8.602276,1.982989,0.523,0.60446256
0.025187733,8.641705,2.0325274,0.523,0.67109835
0.0069409185,8.678374,2.086732,0.523,0.73773414
-0.012152525,8.712038,2.1453612,0.523,0.7807253
-0.032344643,8.743226,2.2067087,0.523,0.8237165
-0.053450968,8.771817,2.2706609,0.523,0.8667077
-0.075257994,8.797714,2.3370993,0.523,0.9089247
-0.097548604,8.820873,2.4058602,0.523,0.9511417
-0.12006563,8.841258,2.4768207,0.523,0.99335873
-0.1425357,8.85887,2.5498548,0.523,1.0
-0.1659889,8.874632,2.6232028,0.523,1.0
-0.19053414,8.888633,2.696551,0.523,1.0
-0.21603945,8.900798,2.7698994,0.523,1.0
-0.24236764,8.91106,2.8432474,0.523,1.0
-0.26937714,8.919367,2.9165957,0.523,1.0
-0.2969227,8.925672,2.989944,0.523,1.0
-0.3248562,8.92994,3.0632923,0.523,1.0
-0.35302743,8.932151,3.1366403,0.523,1.0
-0.3812849,8.93229,-3.0731966,0.523,1.0
-0.40947664,8.930359,-2.9998484,0.523,1.0
-0.43745106,8.926367,-2.9265003,0.523,1.0
-0.4650577,8.920336,-2.853152,0.523,0.90017956
-0.49621782,8.91109,-2.7848623,0.523,0.80035913
-0.53034896,8.898371,-2.722311,0.523,0.70053875
-0.5668688,8.882093,-2.6661208,0.523,0.60184765
-0.60519725,8.862359,-2.6167698,0.523,0.5031566
-0.6448489,8.839401,-2.5747387,0.523,0.40446553
-0.68540895,8.813583,-2.5404363,0.523,0.31678012
-0.7263938,8.785475,-2.513283,0.523,0.22909468
-0.7676002,8.755537,-2.4934878,0.523,0.14140925
-0.8088791,8.724279,-2.4812028,0.51888704,0.1250047
-0.84953856,8.6926985,-2.4704204,0.5147741,0.10860015
-0.8896127,8.660872,-2.461121,0.5106611,0.09219559
-0.9291366,8.6288805,-2.4532855,0.5076933,0.095034376
-0.96817,8.596776,-2.4452562,0.50472546,0.09787315
-1.0067071,8.564557,-2.4370363,0.50175756,0.10071193
-1.0447422,8.532223,-2.4286282,0.50004864,0.091426656
-1.0824091,8.499653,-2.4210193,0.49833962,0.082141384
-1.1197295,8.466882,-2.4142046,0.49663067,0.07285611
-1.1567252,8.433948,-2.4081795,0.49545062,0.071211204
-1.1934386,8.400866,-2.4023042,0.49427056,0.06956629
-1.2298743,8.367644,-2.396578,0.4930905,0.06792137
-1.2660367,8.3342905,-2.3910003,0.4925029,0.062285624
-1.3019829,8.300764,-2.385891,0.49191532,0.056649882
-1.3377266,8.267082,-2.381249,0.49132773,0.051014137
-1.3732818,8.233266,-2.3770733,0.4908025,0.048098415
-1.4086628,8.199332,-2.3731403,0.49027726,0.045182694
-1.4438772,8.165291,-2.3694496,0.48975202,0.042266972
-1.4789325,8.131153,-2.3660007,0.4894069,0.03821796
-1.5138509,8.096913,-2.362884,0.4890618,0.03416895
-1.5486431,8.062583,-2.3600996,0.4887167,0.030119944
-1.5833195,8.028176,-2.3576465,0.48855615,0.027292406
-1.6179029,7.9936934,-2.3554244,0.4883956,0.02446487
-1.6524007,7.959142,-2.3534334,0.48823506,0.021637332
-1.6868207,7.924532,-2.3516726,0.4882921,0.01856184
-1.7211858,7.8898544,-2.3501623,0.48834917,0.0154863475
-1.7555043,7.8551197,-2.3489017,0.4884062,0.012410855
-1.7897843,7.820336,-2.3478916,0.48861027,0.008274883
-1.8240451,7.7855015,-2.3472178,0.48881432,0.0041389107
-1.8582975,7.7506285,-2.3468804,0.4890184,2.938509e-06
-1.8925527,7.7157288,-2.3468802,0.48931527,-0.0036407053
-1.9268286,7.6808085,-2.3471773,0.48961213,-0.0072843493
-1.9611349,7.645878,-2.3477716,0.489909,-0.010927993
-1.9954816,7.6109476,-2.3486638,0.48953187,-0.01075806
-2.029833,7.576075,-2.3495417,0.48915476,-0.010588127
-2.0641887,7.5412593,-2.3504047,0.48877764,-0.010418194
-2.098548,7.5065,-2.3512535,0.4878718,-0.011362541
-2.1328726,7.471834,-2.3521774,0.48696595,-0.012306887
-2.1671653,7.437265,-2.353176,0.4860601,-0.013251233
-2.201428,7.402795,-2.3542497,0.4862155,-0.008565068
-2.2357404,7.3683486,-2.3549438,0.4863709,-0.0038789033
-2.2700887,7.3339143,-2.355258,0.48652628,0.00080726144
-2.304459,7.2994795,-2.3551927,0.4875301,0.0021734238
-2.338898,7.2649713,-2.355016,0.48853394,0.003539586
-2.3734016,7.2303863,-2.3547277,0.4895378,0.004905748
-2.407966,7.1957207,-2.3543277,0.49074668,0.00861038
-2.4426007,7.160956,-2.3536234,0.49195558,0.012315011
-2.4772952,7.126083,-2.3526137,0.49316448,0.016019642
-2.5120375,7.0910907,-2.351297,0.49462703,0.017271185
-2.5468361,7.0559497,-2.3498733,0.49608958,0.018522728
-2.5816865,7.0206556,-2.348342,0.49755213,0.01977427
-2.6165845,6.985205,-2.346702,0.49895304,0.022538494
-2.6515205,6.9495997,-2.3448281,0.50035393,0.02530272
-2.6864853,6.913831,-2.3427181,0.5017548,0.028066944
-2.7214696,6.877891,-2.3403714,0.5032472,0.024648333
-2.7564764,6.8417583,-2.3383043,0.50473964,0.02122972
-2.7915149,6.8054433,-2.3365185,0.506232,0.017811108
-2.826594,6.7689557,-2.3350158,0.5073233,0.01875428
-2.8616934,6.7323375,-2.33343,0.5084146,0.019697452
-2.896809,6.6955853,-2.3317611,0.5095059,0.020640623
-2.9319382,6.658696,-2.3300085,0.51082927,0.017304545
-2.9670959,6.621647,-2.3285353,0.5121526,0.013968468
-3.0022917,6.5844483,-2.327343,0.51347595,0.01063239
-3.0375354,6.54711,-2.3264332,0.51430315,0.01032179
-3.072802,6.5096793,-2.3255484,0.51513034,0.010011191
-3.1080923,6.472157,-2.324689,0.51595753,0.009700591
-3.143407,6.4345436,-2.3238547,0.5166625,0.0067587257
-3.1787393,6.3968487,-2.3232727,0.5173674,0.003816861
-3.2140985,6.3590813,-2.3229437,0.51807237,0.0008749962
-3.2494936,6.3212504,-2.322868,0.5188606,0.00084862707
-3.2849398,6.2833595,-2.3227947,0.5196488,0.000822258
-3.320437,6.245408,-2.3227234,0.52043694,0.0007958889
-3.3559852,6.207397,-2.3226545,0.52250946,-0.0008671582
-3.3916724,6.169232,-2.3227298,0.523,-0.0025302053
-3.427396,6.1310334,-2.3229506,0.523,-0.0041932524
-3.4631279,6.0928435,-2.323316,0.523,-0.0061812997
-3.498873,6.0546665,-2.3238547,0.523,-0.008169347
-3.5346384,6.01651,-2.3245668,0.523,-0.010157394
-3.5704303,5.9783792,-2.3254523,0.523,-0.013821119
-3.6062543,5.940282,-2.326657,0.523,-0.017484844
-3.6421223,5.90223,-2.328181,0.523,-0.021148568
-3.6780455,5.8642354,-2.3300242,0.523,-0.025780624
-3.714035,5.8263116,-2.3322713,0.523,-0.03041268
-3.7501047,5.788473,-2.3349218,0.523,-0.035044737
-3.7862692,5.750736,-2.337976,0.523,-0.034899075
-3.8225489,5.71311,-2.3410172,0.523,-0.034753412
-3.858943,5.675594,-2.344046,0.523,-0.03460775
-3.8954508,5.6381884,-2.347062,0.523,-0.024381679
-3.9320824,5.6008816,-2.3491871,0.523,-0.014155609
-3.9688003,5.5636454,-2.350421,0.523,-0.0039295377
-4.0055676,5.526451,-2.3507636,0.523,0.013848084
-4.0423446,5.4892726,-2.3495564,0.523,0.031625707
-4.0790615,5.452065,-2.3468003,0.523,0.04940333
-4.115649,5.414783,-2.3424957,0.523,0.05756368
-4.1520605,5.3773603,-2.3374808,0.523,0.06572403
-4.1882653,5.339774,-2.331756,0.523,0.07388438
-4.224234,5.3020034,-2.3253217,0.523,0.077865824
-4.259948,5.2640133,-2.318541,0.523,0.08184726
-4.295392,5.225794,-2.3114147,0.523,0.08582869
-4.3305516,5.187336,-2.3039424,0.523,0.09009314
-4.3654094,5.1486306,-2.2961001,0.523,0.094357595
-4.3999486,5.1096687,-2.2878873,0.523,0.09862204
-4.434153,5.070441,-2.2793047,0.523,0.098091595
-4.4680214,5.0309186,-2.2707682,0.523,0.09756115
-4.5015526,4.9911065,-2.2622776,0.523,0.09703071
-4.534746,4.9510093,-2.253833,0.523,0.096653864
-4.567601,4.9106317,-2.2454212,0.523,0.09627701
-4.6001167,4.8699775,-2.237042,0.523,0.09590017
-4.632292,4.829051,-2.2286954,0.523,0.0936376
-4.6641307,4.7878485,-2.2205453,0.523,0.09137504
-4.6956396,4.746379,-2.2125914,0.523,0.08911247
-4.726824,4.704652,-2.2048342,0.523,0.088231586
-4.757686,4.6626806,-2.1971533,0.523,0.08735071
-4.788227,4.6204705,-2.189549,0.523,0.08646983
-4.818449,4.578026,-2.182021,0.523,0.08624386
-4.848351,4.535354,-2.1745126,0.523,0.08601789
-4.877932,4.4924583,-2.1670241,0.523,0.08579193
-4.9071918,4.4493413,-2.159555,0.523,0.08318066
-4.9361353,4.4059973,-2.1523128,0.523,0.080569394
-4.96477,4.362436,-2.1452975,0.523,0.07795812
-4.9931045,4.318665,-2.138509,0.523,0.078728035
-5.021139,4.274706,-2.1316535,0.523,0.07949795
-5.04887,4.230558,-2.1247313,0.523,0.08026786
-5.0762935,4.186222,-2.117742,0.523,0.08381753
-5.1033983,4.141709,-2.1104445,0.523,0.087367184
-5.1301694,4.097012,-2.1028388,0.523,0.09091684
-5.1565914,4.0521274,-2.0949247,0.523,0.08917301
-5.182661,4.007028,-2.0871623,0.523,0.08742918
-5.2083845,3.961721,-2.079551,0.523,0.08568536
-5.2337656,3.916212,-2.072091,0.523,0.08445999
-5.2588096,3.8705106,-2.0647378,0.523,0.08323462
-5.283519,3.8246214,-2.0574908,0.523,0.08200926
-5.307898,3.7785497,-2.0503504,0.523,0.07556425
-5.3319592,3.7322814,-2.04377,0.523,0.069119245
-5.355727,3.6858342,-2.03775,0.523,0.06267424
-5.3792243,3.639225,-2.0322905,0.523,0.058385354
-5.4024734,3.592476,-2.027204,0.523,0.05409647
-5.4254894,3.545598,-2.022491,0.523,0.04980759
-5.44829,3.4986014,-2.0181513,0.523,0.041057847
-5.470895,3.4514878,-2.0145733,0.523,0.03230811
-5.493338,3.4042785,-2.0117576,0.523,0.023558367
-5.515654,3.3569946,-2.0097044,0.5220037,0.012810105
-5.537835,3.3097458,-2.0085897,0.5210075,0.0020618439
-5.5599227,3.2625587,-2.0084107,0.52001125,-0.008686418
-5.581959,3.2154598,-2.0091636,0.5131039,-0.017426472
-5.603735,3.169008,-2.0106537,0.5061966,-0.026166528
-5.625282,3.1232224,-2.012861,0.4992893,-0.034906585
-5.646629,3.0781207,-2.0157652,0.49142876,-0.03368668
-5.6677694,3.0337882,-2.018524,0.48356822,-0.032466777
-5.6886926,2.9902208,-2.02114,0.47570768,-0.03124687
-5.709389,2.947414,-2.023617,0.467939,-0.03508999
-5.729849,2.905362,-2.0263531,0.4601703,-0.038933106
-5.750079,2.8640692,-2.0293384,0.45240164,-0.04277622
-5.7700863,2.8235395,-2.0325627,0.4446014,-0.06038958
-5.7898583,2.7838085,-2.037035,0.43680114,-0.07800294
-5.8094344,2.744909,-2.0427077,0.4290009,-0.095616296
-5.828847,2.7068725,-2.0495338,0.42085063,-0.12327199
-5.848087,2.6698022,-2.0581586,0.41270033,-0.1509277
-5.8671937,2.6337516,-2.0685005,0.40455005,-0.17858338
-5.8862,2.59877,-2.0804775,0.39171574,-0.18378203
-5.90499,2.565153,-2.0924087,0.3788814,-0.18898067
-5.923533,2.5328882,-2.1042712,0.36604708,-0.19417933
-5.9417977,2.5019622,-2.1160433,0.35215345,-0.18518643
-5.9597487,2.4723678,-2.1268504,0.33825982,-0.17619355
-5.9773273,2.4440827,-2.136732,0.32436615,-0.16720065
-5.9944773,2.4170852,-2.1457293,0.30442682,-0.16600025
-6.0108037,2.3918881,-2.154113,0.28448746,-0.16479984
-6.026261,2.3684652,-2.1618917,0.2645481,-0.16359942
-6.040807,2.3467925,-2.1690729,0.24744478,-0.12810841
-6.054629,2.3265133,-2.1743417,0.23034146,-0.09261739
-6.0676465,2.30763,-2.1778922,0.21323813,-0.05712638
-6.0797915,2.2901452,-2.1799214,0.19503354,-0.016347956
-6.0909486,2.2741516,-2.1804528,0.17682892,0.024430465
-6.101071,2.2596588,-2.1797328,0.1586243,0.06520889
-6.1101246,2.246675,-2.17801,0.14554404,0.1036705
-6.1183844,2.2347865,-2.1755,0.13246377,0.14213212
-6.125839,2.223999,-2.1723726,0.1193835,0.18059373
-6.132486,2.2143166,-2.1687987,0.115922436,0.15943828
-6.1389294,2.2048576,-2.1657312,0.11246138,0.13828282
-6.145172,2.1956327,-2.1631477,0.109000325,0.117127374
-6.1512165,2.1866515,-2.1610246,0.10242895,0.12068602
-6.1568756,2.1782036,-2.1589694,0.09585757,0.12424467
-6.1621532,2.17029,-2.1569896,0.08928619,0.12780331
-6.1670523,2.1629128,-2.1550927,0.08594886,0.10469302
-6.171767,2.155783,-2.153596,0.08261153,0.081582725
-6.1762986,2.1489086,-2.152474,0.07927419,0.058472432
-6.180647,2.142296,-2.1517017,0.07116531,0.04994449
-6.1845474,2.1363544,-2.1511095,0.06305642,0.04141655
-6.1880016,2.1310856,-2.1506743,0.05494753,0.03288861
-6.1910105,2.1264915,-2.1503732,0.05302218,0.02685079
-6.1939135,2.1220567,-2.150136,0.051096827,0.02081297
-6.19671,2.1177819,-2.1499588,0.049171478,0.014775151
-6.1994014,2.113667,-2.1498377,0.046587642,0.022911947
-6.20195,2.1097686,-2.1496599,0.044003807,0.031048745
-6.204356,2.106087,-2.1494322,0.041419975,0.039185543
-6.2066197,2.1026218,-2.1491618,0.039280772,0.037124883
-6.2087655,2.099335,-2.1489186,0.037141573,0.035064228
-6.210794,2.0962262,-2.1487017,0.03500237,0.03300357
