9.811504,-1.4798372,2.496829,0.31517756,0.0
9.786314,-1.4608947,2.496829,0.3437494,0.0945817
9.758963,-1.4403274,2.5022397,0.37232125,0.1891634
9.729618,-1.4185082,2.5139081,0.40089312,0.2837451
9.698467,-1.3959062,2.5326133,0.42787516,0.28833613
9.664821,-1.3724408,2.5528917,0.4548572,0.29292718
9.628603,-1.3482594,2.5747821,0.48183924,0.2975182
9.589741,-1.323524,2.5983238,0.50550836,0.259039
9.547912,-1.2982641,2.619905,0.523,0.2205598
9.503667,-1.2728322,2.638975,0.523,0.18208061
9.458592,-1.2480546,2.6547587,0.523,0.21303296
9.413414,-1.2241403,2.673188,0.523,0.24398531
9.368129,-1.201228,2.6942449,0.523,0.27493766
9.322746,-1.179454,2.7179096,0.523,0.21390171
9.276157,-1.1584424,2.7364128,0.523,0.15286578
9.228653,-1.138067,2.7496858,0.523,0.091829844
9.180522,-1.1181751,2.757679,0.523,0.15025233
9.132575,-1.0988067,2.770727,0.523,0.2086748
9.084888,-1.0802633,2.7887845,0.523,0.2670973
9.03755,-1.0628326,2.8117907,0.523,0.19122025
8.988971,-1.0462036,2.8283575,0.523,0.11534323
8.939546,-1.0301951,2.8383892,0.523,0.039466202
8.88967,-1.0145916,2.8418283,0.523,0.10322334
8.839969,-0.99922985,2.85081,0.523,0.16698048
8.790561,-0.9844439,2.8652976,0.523,0.2307376
8.741578,-0.97055495,2.8852322,0.523,0.15326641
8.69158,-0.95744914,2.8985398,0.523,0.07579522
8.640964,-0.94489837,2.9051402,0.523,-0.0016759693
8.590118,-0.9326469,2.9049942,0.523,0.06244368
8.539374,-0.92041177,2.9104335,0.523,0.12656333
8.488873,-0.90852535,2.9214363,0.523,0.19068298
8.438761,-0.897311,2.937957,0.523,0.112790704
8.387866,-0.8868015,2.9477677,0.523,0.03489843
8.336577,-0.87673396,2.950809,0.523,-0.042993844
8.285274,-0.8668255,2.9470627,0.523,0.020076763
8.233971,-0.8567177,2.9488125,0.523,0.08314737
8.1828165,-0.84673226,2.9560518,0.523,0.14621797
8.131963,-0.837187,2.968752,0.523,0.06887628
8.080564,-0.8282137,2.9747508,0.523,-0.008465421
8.028992,-0.81952864,2.9740129,0.523,-0.08580712
7.9776144,-0.81083727,2.9665425,0.523,-0.016275013
7.9261203,-0.80173004,2.965124,0.523,0.053257097
7.874706,-0.79256153,2.969764,0.523,0.122789204
7.823564,-0.7836864,2.9804404,0.523,0.044076104
7.7719917,-0.7753027,2.984281,0.523,-0.034636997
7.7203684,-0.7671141,2.9812624,0.523,-0.1133501
7.6690707,-0.7588183,2.9714031,0.523,-0.041938346
7.6175714,-0.7499681,2.9677486,0.523,0.029473405
7.566082,-0.7409257,2.9703174,0.523,0.10088516
7.5148096,-0.7320571,2.9790962,0.523,0.019251663
7.4632077,-0.7235974,2.9807744,0.523,-0.062381834
7.411683,-0.7152391,2.9753401,0.523,-0.14401533
7.360638,-0.70667374,2.9628303,0.523,-0.07719786
7.309325,-0.6974019,2.9561079,0.523,-0.010380382
7.257925,-0.6877571,2.955203,0.523,0.056437094
7.2066126,-0.6780806,2.9601197,0.523,-0.018406594
7.15518,-0.66864324,2.9585154,0.523,-0.09325028
7.1039777,-0.65916306,2.950399,0.523,-0.16809396
7.0533543,-0.64936453,2.9358156,0.523,-0.11849649
7.0025167,-0.6387531,2.925511,0.523,-0.06889901
6.9515543,-0.6275664,2.91951,0.523,-0.019301534
6.900548,-0.6160488,2.9178276,0.523,-0.07535783
6.8496966,-0.6044763,2.9112651,0.523,-0.13141413
6.7992167,-0.5926393,2.8998432,0.523,-0.18747042
6.7493277,-0.580338,2.8835974,0.523,-0.16687374
6.699461,-0.5671794,2.8691192,0.523,-0.14627706
6.649628,-0.553255,2.856414,0.523,-0.12568037
6.5998363,-0.53865755,2.8454876,0.523,-0.16018298
6.5504527,-0.52359194,2.8315847,0.523,-0.19468558
6.501587,-0.5079384,2.8147216,0.523,-0.22918817
6.4533515,-0.49158496,2.7949185,0.523,-0.22314364
6.405382,-0.47425547,2.7756288,0.523,-0.2170991
6.357692,-0.45597926,2.7568533,0.523,-0.21105455
6.310291,-0.43678573,2.7385926,0.523,-0.22946946
6.263442,-0.41681236,2.7187657,0.523,-0.24788436
6.2172055,-0.39600757,2.697379,0.523,-0.26629928
6.171646,-0.37432396,2.67444,0.523,-0.2737052
6.126688,-0.35164762,2.6508787,0.523,-0.28111115
6.0823703,-0.3279684,2.6266966,0.523,-0.28851706
6.0387325,-0.3032781,2.601895,0.523,-0.29850823
5.9958506,-0.27759087,2.5762599,0.523,-0.3
5.9536605,-0.2508253,2.5505004,0.523,-0.3
5.9121733,-0.22298186,2.5247407,0.523,-0.3
5.8714175,-0.19407913,2.4989812,0.523,-0.3
5.8314195,-0.16413625,2.4732218,0.523,-0.3
5.7922063,-0.13317308,2.4474623,0.523,-0.3
5.7538033,-0.101210184,2.4217029,0.523,-0.3
5.7162366,-0.06826875,2.3959432,0.523,-0.3
5.67953,-0.03437066,2.3701837,0.523,-0.3
5.6437097,0.00046161094,2.3444242,0.523,-0.3
5.608798,0.03620495,2.3186648,0.523,-0.3
5.5748186,0.07283564,2.292905,0.523,-0.3
5.541794,0.110329375,2.2671456,0.523,-0.3
5.5097456,0.14866127,2.2413862,0.523,-0.3
5.478696,0.1878059,2.2156267,0.523,-0.3
5.448664,0.22773731,2.1898673,0.523,-0.3
5.419671,0.26842895,2.1641076,0.523,-0.3
5.3917356,0.30985388,2.138348,0.523,-0.3
5.3648763,0.3519846,2.1125886,0.523,-0.3
5.3391113,0.39479312,2.0868292,0.523,-0.3
5.3144574,0.43825108,2.0610695,0.523,-0.3
5.2909307,0.4823296,2.03531,0.523,-0.3
5.2685475,0.5269995,2.0095506,0.523,-0.3
5.247322,0.57223105,1.9837911,0.523,-0.3
5.227269,0.61799437,1.9580315,0.523,-0.3
5.208401,0.66425896,1.9322721,0.523,-0.3
5.190731,0.7109941,1.9065125,0.523,-0.276294
5.1741543,0.75850165,1.8827342,0.523,-0.25258797
5.1586127,0.8066982,1.8609502,0.523,-0.22888198
5.14404,0.8555051,1.8411732,0.523,-0.21196245
5.1303835,0.9047771,1.8228351,0.523,-0.19504292
5.1175885,0.95446444,1.8059415,0.523,-0.17812338
5.105596,1.0045204,1.7904971,0.523,-0.17485823
5.094372,1.054785,1.7753327,0.523,-0.17159306
5.0839047,1.1052427,1.7604488,0.523,-0.1683279
5.074185,1.155879,1.7458454,0.523,-0.15573005
5.0651865,1.2067566,1.7323258,0.523,-0.14313222
5.0568614,1.2578479,1.719892,0.523,-0.13053438
5.0491586,1.3091277,1.708546,0.523,-0.11921581
5.042028,1.3605646,1.698179,0.523,-0.10789724
5.0354223,1.4121392,1.6887922,0.523,-0.09657866
5.0292945,1.4638335,1.6803868,0.523,-0.08787866
5.0235963,1.515619,1.6727365,0.523,-0.07917865
5.0182905,1.5674846,1.665842,0.523,-0.070478655
5.0133395,1.6194192,1.6597037,0.523,-0.06215638
5.0087047,1.6714121,1.6542892,0.523,-0.053834103
5.0043497,1.7234544,1.649599,0.523,-0.04551183
5.0002365,1.7755381,1.6456332,0.5209612,-0.04135692
4.996345,1.827444,1.6420434,0.5189224,-0.03720201
4.9926534,1.8791687,1.6388266,0.5168836,-0.033047102
4.989142,1.9307094,1.6359802,0.5151828,-0.033054627
4.985788,1.9820902,1.6331426,0.513482,-0.03306215
4.98259,2.0333107,1.6303136,0.5117812,-0.03306967
4.979548,2.0843701,1.6274934,0.51214993,-0.030648123
4.976647,2.135479,1.6248777,0.51251864,-0.028226579
4.9738774,2.1866355,1.6224669,0.51288736,-0.025805032
4.9712296,2.2378387,1.6202613,0.513713,-0.02062875
4.96869,2.2891362,1.6184952,0.5145387,-0.015452469
4.966237,2.3405254,1.6171701,0.51536435,-0.010276186
4.963848,2.3920038,1.6162875,0.5185002,-0.0009831071
4.96149,2.4438,1.6162026,0.52163607,0.0083099725
4.9591227,2.495908,1.616925,0.523,0.01760305
4.9567113,2.5481443,1.6184593,0.523,0.030655885
4.9542203,2.6003604,1.6211311,0.523,0.04370872
4.9515915,2.6525443,1.6249398,0.523,0.05676155
4.9487658,2.7046835,1.6298848,0.523,0.06489991
4.945684,2.7567823,1.635538,0.523,0.073038265
4.9423094,2.8088336,1.6418989,0.523,0.08117662
4.938606,2.8608298,1.6489669,0.523,0.08920578
4.934538,2.9127626,1.6567324,0.523,0.09723493
4.9300704,2.9646237,1.6651947,0.523,0.10526408
4.925168,3.0164025,1.6743534,0.523,0.107291326
4.9197927,3.068123,1.6836876,0.523,0.10931858
4.913936,3.11978,1.6931976,0.523,0.11134583
4.90759,3.1713674,1.7028831,0.523,0.113480434
4.9007463,3.2228782,1.7127537,0.523,0.11561505
4.8933964,3.2743065,1.722809,0.523,0.117749654
4.8855314,3.3256454,1.7330492,0.50488126,0.111540176
4.877426,3.375161,1.7424154,0.4867625,0.10533069
4.869159,3.4228563,1.7509449,0.46864372,0.09912121
4.8608036,3.468736,1.7586743,0.44742054,0.09060861
4.8524814,3.5125103,1.7654217,0.42619732,0.08209602
4.8442664,3.5541847,1.7712467,0.4049741,0.07358342
4.8362246,3.5937638,1.7762088,0.38288394,0.04677383
4.8284235,3.6312063,1.7791924,0.3607938,0.019964237
4.8209605,3.666498,1.7803929,0.33870363,-0.006845355
4.8139133,3.6996262,1.7800065,0.3236642,-0.03338901
4.807195,3.7312694,1.7782056,0.30862474,-0.05993266
4.8008513,3.761416,1.7751248,0.2935853,-0.08647631
4.794916,3.7900565,1.7708987,0.28289858,-0.04838575
4.7892995,3.8177493,1.7686181,0.27221188,-0.010295188
4.78395,3.8444383,1.768151,0.26152515,0.027795374
4.7788243,3.870073,1.7693624,0.2536422,0.070706524
4.7738333,3.894877,1.772349,0.24575926,0.11361767
4.768945,3.9188,1.7769928,0.23787631,0.15652882
4.7641344,3.9417992,1.7831732,0.23325004,0.1904886
4.759307,3.9641876,1.7905338,0.22862376,0.22444838
4.7544484,3.9859407,1.7990144,0.22399749,0.25840816
4.749549,4.0070353,1.8085546,0.22098342,0.25015372
4.7445064,4.0278435,1.8176721,0.21796934,0.2418993
4.7393346,4.048364,1.8263744,0.21495527,0.23364487
