-5.4682207,-6.655531,2.9501185,-0.2705369,0.0
-5.4416614,-6.66068,2.9501185,-0.24605824,-0.07488313
-5.417573,-6.665349,2.9531868,-0.2215796,-0.14976627
-5.396051,-6.6694527,2.9586968,-0.19710095,-0.2246494
-5.3771567,-6.6729474,2.9660146,-0.1733709,-0.20562914
-5.3604455,-6.675912,2.9719145,-0.14964083,-0.18660888
-5.3459525,-6.6783953,2.9765418,-0.12591077,-0.16758862
-5.3337064,-6.6804347,2.9800422,-0.11138708,-0.1684432
-5.3228683,-6.6822014,2.9831545,-0.09686339,-0.16929778
-5.3134403,-6.6837077,2.9858747,-0.0823397,-0.17015237
-5.3054233,-6.684966,2.9881983,-0.07336068,-0.1712684
-5.2982793,-6.6860704,2.990282,-0.06438167,-0.17238446
-5.2920094,-6.6870265,2.9921227,-0.055402655,-0.1735005
-5.286613,-6.6878395,2.9937167,-0.044823516,-0.1800775
-5.2822514,-6.688489,2.9950547,-0.034244377,-0.18665448
-5.2789226,-6.6889806,2.996114,-0.023665234,-0.19323146
-5.276624,-6.689317,2.9968715,-0.010874463,-0.19716398
-5.275569,-6.689471,2.9972265,0.0019163094,-0.20109649
-5.275755,-6.689444,2.9971626,0.014707082,-0.20502901
-5.2771797,-6.6892366,2.9966636,0.029981382,-0.2101722
-5.2800813,-6.688813,2.995621,0.045255683,-0.2153154
-5.2844553,-6.68817,2.9940095,0.060529985,-0.2204586
-5.2902975,-6.6873016,2.9918034,0.081704006,-0.23065421
-5.2981625,-6.686115,2.9886904,0.10287803,-0.24084982
-5.308037,-6.6845927,2.9846005,0.124052055,-0.25104544
-5.3199053,-6.682714,2.9794643,0.14926013,-0.28324613
-5.3340487,-6.680401,2.972512,0.1744682,-0.3
-5.3504786,-6.677596,2.963919,0.19967629,-0.3
-5.369254,-6.674225,2.9540842,0.22491139,-0.3
-5.390364,-6.6702194,2.9430065,0.25014648,-0.3
-5.413792,-6.665505,2.930686,0.2753816,-0.3
-5.439517,-6.659997,2.9171224,0.29764992,-0.3
-5.4672394,-6.653668,2.9024622,0.31991827,-0.3
-5.4969325,-6.6464286,2.8867052,0.3421866,-0.3
-5.528567,-6.638186,2.8698514,0.36136705,-0.3
-5.561823,-6.62892,2.8520527,0.38054746,-0.3
-5.5966644,-6.6185403,2.8333094,0.3997279,-0.3
-5.633052,-6.606953,2.8136215,0.41202617,-0.3
-5.6703157,-6.5942736,2.7933278,0.42432445,-0.3
-5.70842,-6.5804396,2.7724285,0.4366227,-0.3
-5.7473216,-6.565388,2.7509234,0.44705984,-0.3
-5.786813,-6.5491242,2.728904,0.45749697,-0.3
-5.82685,-6.5315948,2.7063708,0.4679341,-0.3
-5.867386,-6.5127473,2.6833236,0.47766078,-0.3
-5.9083104,-6.49256,2.6597972,0.48738745,-0.3
-5.9495716,-6.4709845,2.6357915,0.49711412,-0.3
-5.9911165,-6.447974,2.6113071,0.5066853,-0.3
-6.032874,-6.423492,2.5863512,0.51625645,-0.3
-6.0747848,-6.397493,2.5609238,0.523,-0.3
-6.1165595,-6.3700833,2.5351644,0.523,-0.3
-6.157614,-6.341607,2.5094047,0.523,-0.3
-6.197922,-6.312083,2.4836452,0.523,-0.3
-6.2374563,-6.28153,2.4578857,0.5223947,-0.3
-6.2761455,-6.2500057,2.432156,0.52178943,-0.3
-6.3139668,-6.217534,2.4064562,0.5211842,-0.3
-6.3508987,-6.18414,2.380786,0.5170757,-0.3
-6.386677,-6.1500797,2.3553183,0.5129673,-0.3
-6.4212985,-6.1153975,2.3300529,0.50885886,-0.3
-6.454763,-6.080136,2.30499,0.5021662,-0.3
-6.4869046,-6.0445213,2.2802565,0.4954736,-0.3
-6.51774,-6.0086083,2.255853,0.48878095,-0.3
-6.547284,-5.9724483,2.2317786,0.48107323,-0.3
-6.575498,-5.936169,2.2080843,0.4733655,-0.3
-6.602406,-5.899823,2.1847694,0.46565777,-0.3
-6.6280355,-5.863462,2.1618342,0.45797044,-0.3
-6.652415,-5.827132,2.1392777,0.4502831,-0.3
-6.6755733,-5.7908807,2.1170995,0.44259578,-0.3
-6.6975403,-5.754752,2.0953002,0.43721384,-0.3
-6.7184577,-5.7185984,2.073766,0.43183187,-0.3
-6.7383432,-5.682453,2.052497,0.42644992,-0.3
-6.757218,-5.646349,2.0314927,0.4226378,-0.3
-6.775168,-5.6101823,2.0106764,0.41882566,-0.3
-6.7922063,-5.5739794,1.9900479,0.41501352,-0.3
-6.808346,-5.537765,1.9696071,0.41379267,-0.3
-6.8236966,-5.5013366,1.9492264,0.41257182,-0.3
-6.8382587,-5.4647107,1.9289058,0.41135097,-0.3
-6.852033,-5.4279056,1.9086454,0.41237468,-0.3
-6.865091,-5.390737,1.8883345,0.41339839,-0.3
-6.877422,-5.353218,1.8679733,0.4144221,-0.3
-6.889015,-5.3153625,1.8475616,0.41651767,-0.3
-6.899888,-5.2770853,1.8270468,0.41861328,-0.3
-6.910024,-5.2383995,1.8064286,0.42070886,-0.3
-6.9194074,-5.199318,1.7857072,0.4237709,-0.3
-6.928041,-5.1597652,1.7648351,0.4268329,-0.3
-6.9359035,-5.1197534,1.7438122,0.42989495,-0.3
-6.942974,-5.079297,1.7226384,0.43318218,-0.3
-6.9492335,-5.0383897,1.7013028,0.43646944,-0.3
-6.95466,-4.997047,1.6798052,0.4397567,-0.3
-6.9592304,-4.9552846,1.6581457,0.44199654,-0.3
-6.962914,-4.91322,1.6363758,0.4442364,-0.3
-6.9656954,-4.8708715,1.6144956,0.44647628,-0.3
-6.967559,-4.828259,1.5925052,0.4457497,-0.3
-6.968483,-4.785685,1.5705506,0.4450231,-0.3
-6.9684725,-4.7431703,1.5486317,0.4442965,-0.3
-6.967532,-4.7007356,1.5267485,0.44216645,-0.3
-6.965672,-4.6585345,1.5049703,0.4400364,-0.3
-6.962907,-4.616587,1.4832971,0.43790632,-0.3
-6.959251,-4.5749125,1.4617287,0.4364463,-0.3
-6.9547124,-4.533465,1.4402323,0.43498626,-0.3
-6.9493017,-4.492263,1.4188077,0.43352625,-0.3
-6.9430313,-4.451324,1.3974551,0.4329588,-0.3
-6.9358974,-4.4105816,1.3761305,0.4323914,-0.3
-6.927907,-4.3700542,1.3548337,0.43182397,-0.3
-6.919067,-4.3297586,1.3335649,0.431956,-0.3
-6.9093685,-4.289648,1.3122896,0.432088,-0.3
-6.898816,-4.2497406,1.2910079,0.43222,-0.3
-6.8874135,-4.210055,1.2697196,0.4323981,-0.3
-6.8751636,-4.170604,1.2484225,0.43257624,-0.3
-6.8620706,-4.1314077,1.2271167,0.43275434,-0.3
-6.8481402,-4.0924826,1.2058021,0.4336727,-0.3
-6.8333516,-4.0537815,1.1844422,0.43459105,-0.3
-6.817707,-4.0153236,1.1630372,0.4355094,-0.3
-6.8012085,-3.9771292,1.1415868,0.43779123,-0.3
-6.7838035,-3.939099,1.1200241,0.440073,-0.3
-6.765487,-3.9012568,1.0983491,0.44235483,-0.3
-6.7462564,-3.8636262,1.0765616,0.44611946,-0.3
-6.7260394,-3.826107,1.0545887,0.44988406,-0.3
-6.7048254,-3.7887282,1.0324304,0.4536487,-0.3
-6.6826043,-3.75152,1.0100867,0.45874843,-0.3
-6.6592984,-3.7144048,0.9874918,0.46384817,-0.3
-6.6348915,-3.677419,0.9646457,0.46894792,-0.3
-6.6093683,-3.6406,0.9415484,0.4744977,-0.3
-6.58269,-3.6039515,0.9181778,0.48004746,-0.3
-6.5548396,-3.5675154,0.8945339,0.48559725,-0.3
-6.5258045,-3.5313344,0.87061656,0.49248374,-0.3
-6.4954886,-3.495355,0.8463601,0.49937025,-0.3
-6.4638724,-3.4596286,0.8217644,0.50625676,-0.3
-6.4309397,-3.4242089,0.7968296,0.51200086,-0.3
-6.3967505,-3.3892288,0.7716118,0.51774496,-0.3
-6.3612967,-3.3547394,0.7461111,0.523,-0.3
-6.3246064,-3.3208244,0.7203516,0.523,-0.3
-6.2870545,-3.2878656,0.69459206,0.523,-0.3
-6.2486663,-3.2558851,0.6688326,0.523,-0.3
-6.2094674,-3.2249038,0.6430731,0.523,-0.3
-6.169483,-3.1949425,0.61731356,0.523,-0.3
-6.128741,-3.1660209,0.59155405,0.523,-0.3
-6.0872664,-3.1381583,0.5657945,0.523,-0.26101184
-6.0446124,-3.1110706,0.54330045,0.523,-0.22202365
-6.000942,-3.084697,0.524106,0.523,-0.18303548
-5.9564185,-3.0589614,0.50824034,0.523,-0.18264051
-5.911489,-3.0339334,0.49240854,0.523,-0.18224552
-5.8661656,-3.009618,0.4766106,0.523,-0.18185055
-5.820461,-2.9860198,0.4608465,0.523,-0.14993581
-5.7741423,-2.9630227,0.44782603,0.523,-0.118021056
-5.7273273,-2.9405339,0.43756238,0.523,-0.086106315
-5.6801305,-2.918455,0.43006605,0.523,-0.07676152
-5.632733,-2.8967135,0.42338157,0.523,-0.06741673
-5.585159,-2.8752751,0.41750953,0.523,-0.058071934
-5.537432,-2.854104,0.41245043,0.523,-0.028088307
-5.489537,-2.8331475,0.4100024,0.523,0.0018953204
-5.441571,-2.8123002,0.4101676,0.523,0.03187895
-5.393634,-2.7914555,0.41294593,0.523,0.040055823
-5.3457685,-2.770484,0.41643652,0.523,0.048232697
-5.297994,-2.749353,0.42063916,0.523,0.056409575
-5.250329,-2.7280304,0.4255536,0.523,0.08046166
-5.2028475,-2.7065096,0.4325596,0.523,0.10451374
-5.155624,-2.6847053,0.44165313,0.523,0.12856582
-5.108732,-2.662535,0.45282894,0.523,0.13368692
-5.0621233,-2.6398573,0.46444732,0.523,0.138808
-5.0158134,-2.6166558,0.47650793,0.523,0.1439291
-4.96982,-2.592915,0.48901048,0.523,0.16480021
-4.924275,-2.5686798,0.5033106,0.523,0.18567134
-4.879248,-2.5438876,0.51940215,0.523,0.20654246
-4.8348107,-2.5184798,0.53727806,0.523,0.2195525
-4.790958,-2.492355,0.5562623,0.523,0.23256254
-4.747739,-2.4654834,0.57635176,0.523,0.24557258
-4.705203,-2.4378366,0.597543,0.523,0.2645879
-4.6634703,-2.409436,0.6203381,0.523,0.28360322
-4.622615,-2.3802478,0.6447288,0.523,0.30261856
-4.5827127,-2.3502448,0.6707063,0.523,0.30802786
-4.54367,-2.3192682,0.6971335,0.523,0.31343716
-4.505526,-2.2873263,0.7240096,0.523,0.3188465
-4.46832,-2.2544293,0.75133383,0.523,0.3294747
-4.432156,-2.2206488,0.77953625,0.523,0.3401029
-4.397089,-2.1859903,0.80861366,0.523,0.35073113
-4.363174,-2.1504633,0.8385628,0.523,0.35994884
-4.3304505,-2.114061,0.8692652,0.523,0.36916658
-4.2989707,-2.076803,0.9007183,0.523,0.3783843
-4.268788,-2.0387113,0.9329193,0.523,0.38894007
-4.2399697,-1.9998336,0.9659736,0.523,0.39949584
-4.2125726,-1.9601991,0.99987745,0.523,0.4100516
-4.1866527,-1.9198418,1.034627,0.523,0.4093717
-4.1621428,-1.878596,1.0693222,0.523,0.4086918
-4.139072,-1.8365124,1.103963,0.523,0.40801188
-4.117466,-1.7936424,1.1385494,0.523,0.40385965
-4.097319,-1.7499732,1.1728034,0.523,0.3997074
-4.078647,-1.7055612,1.2067242,0.523,0.39555517
-4.0614624,-1.660463,1.2403114,0.523,0.39388046
-4.04579,-1.6147813,1.2737637,0.523,0.39220577
-4.0316453,-1.5685688,1.3070812,0.523,0.39053106
-4.0190387,-1.5218786,1.3402637,0.523,0.37917942
-4.0079374,-1.4745789,1.3725293,0.523,0.36782777
-3.9983246,-1.4267333,1.4038734,0.523,0.35647613
-3.9901814,-1.3784025,1.4342923,0.523,0.35337725
-3.9835043,-1.3297906,1.464458,0.523,0.35027838
-3.9782903,-1.2809439,1.49437,0.523,0.3471795
-3.9745352,-1.2319078,1.5240282,0.523,0.33928922
-3.9722297,-1.1826433,1.5530387,0.523,0.3313989
-3.9713514,-1.1331968,1.5813998,0.523,0.32350862
-3.9718773,-1.0836127,1.6091096,0.523,0.32720843
-3.9737742,-1.0341239,1.6371251,0.523,0.33090824
-3.9770527,-0.98477006,1.6654458,0.523,0.33460805
-3.9817214,-0.93559176,1.6940712,0.523,0.32725558
-3.9878109,-0.88644326,1.7220905,0.523,0.3199031
-3.9952936,-0.8373638,1.7495022,0.523,0.31255063
-4.00414,-0.7883901,1.7763048,0.523,0.31345403
-4.0142922,-0.73968536,1.8031824,0.523,0.31435743
-4.025747,-0.69128525,1.8301347,0.523,0.31526083
-4.038498,-0.6432256,1.857162,0.523,0.30223143
-4.0526013,-0.5953294,1.8831073,0.523,0.28920206
-4.0680037,-0.5476262,1.9079661,0.523,0.27617267
-4.0846496,-0.50014126,1.9317343,0.523,0.28113484
-4.1023946,-0.45313206,1.9559184,0.523,0.28609702
-4.1212435,-0.40663305,1.9805177,0.523,0.29105917
-4.141201,-0.36067948,2.0055315,0.523,0.27041817
-4.162428,-0.31496817,2.028817,0.523,0.24977714
-4.184836,-0.26951447,2.0503635,0.523,0.22913611
-4.208336,-0.22432695,2.070162,0.523,0.23325668
-4.2327027,-0.1796569,2.0903106,0.523,0.23737726
-4.2579393,-0.13553041,2.1108081,0.523,0.24149784
-4.284049,-0.0919743,2.1316547,0.523,0.22007312
-4.311197,-0.048754875,2.1506832,0.523,0.19864841
-4.33929,-0.0058650183,2.167885,0.523,0.17722368
-4.3682346,0.03670838,2.1832523,0.523,0.17864768
-4.3978224,0.07882119,2.1987417,0.523,0.18007167
-4.4280505,0.12045992,2.2143533,0.523,0.18149567
-4.4589176,0.16161096,2.230087,0.523,0.16297445
-4.49053,0.2024025,2.24423,0.523,0.14445323
-4.522808,0.24285883,2.2567778,0.523,0.12593202
-4.5556746,0.28300795,2.267726,0.523,0.13480125
-4.5889397,0.32274863,2.2794406,0.523,0.14367048
-4.622626,0.36204803,2.291921,0.523,0.15253972
-4.656755,0.40087256,2.3051658,0.523,0.13337222
-4.691491,0.43934765,2.316757,0.523,0.114204735
-4.7267547,0.47750846,2.3266902,0.523,0.095037244
-4.7624674,0.51539326,2.3349617,0.523,0.0955255
-4.7984905,0.55297965,2.3432758,0.523,0.09601376
-4.834823,0.5902635,2.351632,0.523,0.09650202
-4.8714647,0.62724066,2.3600307,0.523,0.07863873
-4.908473,0.66396636,2.3668783,0.523,0.060775448
-4.945779,0.70048326,2.3721726,0.523,0.042912163
-4.983312,0.7368359,2.375912,0.523,0.035987437
-5.0209913,0.77305776,2.3790483,0.523,0.029062713
-5.0587926,0.8091694,2.3815813,0.523,0.022137988
-5.0966916,0.84519166,2.3835108,0.523,0.015659511
-5.134665,0.88114506,2.3848758,0.523,0.009181035
-5.1726904,0.91704947,2.385676,0.523,0.002702558
-5.210746,0.95292485,2.3859115,0.5218936,0.013528836
-5.248726,0.9887122,2.3870883,0.5207873,0.024355114
-5.28666,1.0243717,2.389202,0.519681,0.035181392
-5.3245764,1.059864,2.3922486,0.5042973,0.01946206
-5.3614907,1.0942082,2.3938842,0.48891369,0.0037427307
-5.39734,1.1274521,2.3941891,0.47353005,-0.0119766
-5.432069,1.1596375,2.393244,0.45333856,-0.041885007
-5.465261,1.1904569,2.3900802,0.43314707,-0.071793415
-5.4968276,1.2199535,2.384902,0.41295558,-0.10170182
-5.526699,1.2481573,2.3779142,0.40856412,-0.15963763
-5.5558343,1.2760537,2.36709,0.40417266,-0.21757345
-5.584042,1.3036535,2.352549,0.39978117,-0.27550927
-5.6111455,1.3309551,2.3344233,0.38826287,-0.20076995
-5.6374564,1.3584373,2.3215184,0.37674454,-0.12603062
-5.662953,1.3857663,2.3136258,0.36522624,-0.051291294
-5.687623,1.4126319,2.310505,0.35821936,-0.055183478
-5.711733,1.439052,2.307212,0.35121247,-0.05907566
-5.7352805,1.4650272,2.303756,0.34420556,-0.062967844
