2.6690907,4.7409353,-2.79968,0.21288776,0.0
2.6490343,4.733797,-2.79968,0.23404235,0.09919202
2.6270933,4.725989,-2.7958171,0.25519693,0.19838405
2.603555,4.717509,-2.7874346,0.27635154,0.29757607
2.578774,4.7083464,-2.77393,0.29613617,0.39476544
2.5532649,4.6985207,-2.7549481,0.31592083,0.49195477
2.5274749,4.6880207,-2.7300773,0.33570546,0.5891441
2.501894,4.6768565,-2.6989882,0.34915438,0.678151
2.477324,4.665211,-2.6624808,0.3626033,0.7671579
2.45416,4.6531777,-2.6205342,0.37605223,0.85616475
2.4327862,4.6409097,-2.5731933,0.38295037,0.8941959
2.412578,4.6280026,-2.5234287,0.38984853,0.932227
2.3936415,4.6145363,-2.4712572,0.39674667,0.9702581
2.3760731,4.600608,-2.4167025,0.40121606,0.95631236
2.3587575,4.5852704,-2.3620653,0.40568545,0.94236654
2.3417947,4.568506,-2.3073688,0.41015485,0.9284208
2.3252883,4.550303,-2.2526352,0.41219527,0.9083941
2.3093119,4.5306206,-2.1984649,0.41423568,0.8883674
2.2939696,4.509475,-2.1448874,0.4162761,0.86834073
2.2793636,4.4868913,-2.091933,0.4168366,0.84274244
2.2655542,4.4628363,-2.0400736,0.41739708,0.81714416
2.252637,4.4373612,-1.9893463,0.41795757,0.79154587
2.240699,4.410525,-1.9397876,0.41757566,0.7677769
2.2298634,4.3825045,-1.8914506,0.41719374,0.74400795
2.2201886,4.3533735,-1.8443605,0.41681182,0.7202389
2.2117245,4.323209,-1.7985414,0.41627455,0.6960823
2.2045124,4.2920904,-1.7540544,0.41573727,0.67192566
2.1985831,4.2600985,-1.7109221,0.4152,0.647769
2.1939588,4.227314,-1.6691662,0.414391,0.6259292
2.1906605,4.193893,-1.6287043,0.413582,0.6040894
2.1886904,4.1599116,-1.589551,0.412773,0.5822496
2.1880438,4.1254416,-1.5517201,0.4115007,0.56206083
2.188708,4.0906286,-1.5151699,0.41022837,0.54187214
2.1906621,4.0555367,-1.4799079,0.40895605,0.52168345
2.1938803,4.0202274,-1.4459413,0.40778512,0.50481075
2.198325,3.9848132,-1.413071,0.40661415,0.4879381
2.2039664,3.9493427,-1.3813006,0.4054432,0.47106546
2.2107718,3.913861,-1.350633,0.40521905,0.45401046
2.2187247,3.8783233,-1.3210133,0.40499488,0.43695542
2.2277954,3.8427677,-1.2924489,0.4047707,0.41990042
2.237951,3.8072295,-1.2649468,0.40549722,0.40439335
2.2491758,3.7716804,-1.2383555,0.40622377,0.38888624
2.2614431,3.7361493,-1.212685,0.4069503,0.37337917
2.2747242,3.700662,-1.1879449,0.4080998,0.35605362
2.2890131,3.665181,-1.1642358,0.40924934,0.3387281
2.3042774,3.6297276,-1.141571,0.41039887,0.32140255
2.3204823,3.5943215,-1.1199638,0.41107038,0.30599374
2.3375614,3.5590403,-1.0993252,0.41174188,0.29058495
2.3554785,3.5238962,-1.0796636,0.4124134,0.27517617
2.3741972,3.4888978,-1.060987,0.41246343,0.26107797
2.3936436,3.4541163,-1.0432427,0.41251346,0.2469798
2.4137805,3.4195552,-1.0264344,0.41256347,0.23288162
2.4345691,3.3852148,-1.0105656,0.4125475,0.22446091
2.4559412,3.3511431,-0.9952615,0.4125315,0.21604021
2.4778726,3.3173404,-0.9805229,0.41251552,0.2076195
2.5003397,3.2838051,-0.96635085,0.4130612,0.19985044
2.523347,3.2504942,-0.9526838,0.41360688,0.19208138
2.5468745,3.2174063,-0.93952405,0.41415256,0.18431231
2.5709028,3.1845388,-0.92687374,0.41482833,0.17752804
2.595415,3.1518846,-0.91466415,0.4155041,0.17074375
2.6203945,3.1194406,-0.9028974,0.41617984,0.16395947
2.6458244,3.0872035,-0.8915755,0.41681638,0.15767871
2.6716835,3.0551748,-0.88066703,0.4174529,0.15139796
2.697956,3.0233505,-0.87017363,0.41808942,0.1451172
2.7246268,2.9917262,-0.8600971,0.41868654,0.13719618
2.7516837,2.9602916,-0.8505534,0.41928366,0.12927517
2.7791076,2.9290395,-0.8415447,0.41988075,0.12135417
2.8068788,2.8979604,-0.83307314,0.42046356,0.11460688
2.834974,2.86705,-0.8250594,0.42104635,0.1078596
2.8633764,2.8363001,-0.81750506,0.42162916,0.101112306
2.8920705,2.805702,-0.8104119,0.42244416,0.093005545
2.9210594,2.7752252,-0.803873,0.4232592,0.084898785
2.9503245,2.7448583,-0.7978912,0.42407423,0.07679202
2.979847,2.7145889,-0.7924689,0.4246268,0.070816495
3.009585,2.6844273,-0.78746134,0.42517933,0.064840965
3.0395243,2.654364,-0.78286976,0.4257319,0.05886544
3.0696518,2.6243885,-0.77869534,0.42624596,0.052881747
3.099951,2.594493,-0.7749403,0.42676002,0.046898056
3.1304078,2.5646665,-0.77160585,0.42727408,0.040914364
3.1610088,2.534898,-0.76869303,0.42790806,0.03638064
3.1917474,2.5051696,-0.76609904,0.42854205,0.031846922
3.2226133,2.4754727,-0.76382476,0.42917606,0.027313203
3.2535968,2.4457982,-0.76187134,0.43000612,0.022983557
3.2847016,2.4161236,-0.7602243,0.4308362,0.01865391
3.315918,2.3864405,-0.7588849,0.43166628,0.0143242655
3.3472366,2.3567402,-0.7578544,0.43259507,0.010522192
3.3786547,2.3270068,-0.75709575,0.43352386,0.0067201196
3.410164,2.2972324,-0.7566102,0.43445265,0.0029180467
3.441756,2.267409,-0.7563989,0.43552458,-0.000766927
3.473432,2.2375188,-0.7564546,0.4365965,-0.0044519007
3.5051844,2.2075534,-0.75677854,0.4376684,-0.008136874
3.537004,2.1775048,-0.7573721,0.43917993,-0.012711048
3.5689142,2.147335,-0.75830245,0.44069147,-0.017285222
3.6009037,2.1170335,-0.75957197,0.442203,-0.021859396
3.6329618,2.0865903,-0.7611829,0.44368458,-0.024594694
3.6650755,2.0559952,-0.7630014,0.4451662,-0.027329993
3.6972387,2.0252414,-0.7650289,0.44664782,-0.030065292
3.7294436,1.9943224,-0.76726663,0.44795498,-0.03291707
3.7616704,1.9632436,-0.7697238,0.44926217,-0.035768848
3.7939115,1.9319978,-0.77240145,0.45056936,-0.03862063
3.8261588,1.9005779,-0.775301,0.45142582,-0.040567864
3.8583736,1.8690072,-0.7783523,0.45228228,-0.0425151
3.8905501,1.8372809,-0.7815562,0.4531387,-0.044462334
3.922683,1.805394,-0.784913,0.45374012,-0.04639595
3.9547484,1.7733598,-0.7884204,0.45434153,-0.04832957
3.9867404,1.7411737,-0.7920786,0.45494297,-0.050263185
4.018654,1.7088311,-0.7958882,0.45538294,-0.04727941
4.050479,1.676331,-0.7994752,0.45582294,-0.04429564
4.0822225,1.6436809,-0.8028393,0.45626295,-0.041311868
4.1138906,1.6108886,-0.8059799,0.45738685,-0.040591866
4.145534,1.5779148,-0.8090734,0.45851073,-0.039871864
4.177154,1.5447612,-0.81211954,0.45963463,-0.039151866
4.2087507,1.511429,-0.815118,0.46094564,-0.036315747
4.2403407,1.4779031,-0.81790733,0.46225667,-0.033479623
4.27193,1.4441904,-0.82048625,0.46356767,-0.030643504
4.303524,1.4102974,-0.82285345,0.4651437,-0.033216257
4.3351426,1.376217,-0.825428,0.46671978,-0.035789005
4.3667774,1.3419425,-0.8282113,0.46829584,-0.038361758
4.39842,1.3074676,-0.8312047,0.46920407,-0.03722318
4.430022,1.2728294,-0.8341149,0.4701123,-0.0360846
4.461585,1.2380307,-0.8369416,0.47102052,-0.034946017
4.4931116,1.2030742,-0.8396844,0.47214937,-0.04190895
4.524609,1.1679567,-0.84298134,0.47327822,-0.048871882
4.556056,1.1326625,-0.8468348,0.47440708,-0.05583481
4.58743,1.097176,-0.85124725,0.4744946,-0.052288692
4.6186585,1.0615379,-0.8553805,0.4745821,-0.048742574
4.6497507,1.0257579,-0.85923433,0.47466964,-0.045196455
4.680716,0.9898459,-0.8628087,0.47608158,-0.054057736
4.7116303,0.95373213,-0.8670959,0.47749352,-0.06291901
4.7424655,0.91739756,-0.8720998,0.47890544,-0.071780294
4.77319,0.8808231,-0.87782425,0.47917205,-0.065841526
4.803735,0.84403783,-0.8830787,0.47943863,-0.059902757
4.8341136,0.8070582,-0.88786244,0.4797052,-0.05396399
4.864342,0.76990044,-0.89217484,0.48179016,-0.068638235
4.894514,0.73248434,-0.897682,0.48387513,-0.08331248
4.9245753,0.69478214,-0.9043931,0.48596007,-0.09798673
4.9544716,0.6567665,-0.9123166,0.48488826,-0.083802596
4.9840384,0.6185501,-0.9190812,0.48381644,-0.06961847
5.0133133,0.5801777,-0.9246904,0.48274463,-0.05543434
5.042334,0.541693,-0.92914826,0.484469,-0.07862122
5.0712404,0.5030015,-0.93548995,0.48619336,-0.1018081
5.099943,0.46407095,-0.94372547,0.48791772,-0.12499498
5.1283493,0.42487004,-0.95386356,0.48453856,-0.10429859
5.1562295,0.3855631,-0.9622711,0.48115942,-0.083602205
5.1836395,0.34622225,-0.9689676,0.47778028,-0.06290581
5.210635,0.30691662,-0.9739735,0.47973463,-0.08857389
5.2374916,0.26739213,-0.98104626,0.48168898,-0.11424196
5.2641063,0.22762087,-0.99019784,0.48364335,-0.13991003
5.290376,0.18757693,-1.0014389,0.48215166,-0.11759646
5.316189,0.1472483,-1.0108669,0.48066,-0.09528289
5.3416023,0.10670707,-1.0184885,0.47916833,-0.07296932
5.366675,0.06602325,-1.0243107,0.4816466,-0.097279586
5.3915873,0.025068026,-1.0321075,0.48412487,-0.121589854
5.41624,-0.016181575,-1.0418941,0.48660314,-0.14590012
5.4405327,-0.057746667,-1.0536848,0.48403394,-0.12976533
5.4642606,-0.0994676,-1.0641239,0.4814647,-0.11363055
5.487474,-0.14129366,-1.0732225,0.4788955,-0.09749576
5.510223,-0.18317643,-1.0809919,0.47985077,-0.11738136
5.5326424,-0.22522828,-1.0903579,0.48080602,-0.13726696
5.5546546,-0.26746473,-1.1013232,0.4817613,-0.15715256
5.5761814,-0.30989906,-1.1138897,0.4806629,-0.14352629
5.5971694,-0.35259128,-1.1253482,0.47956452,-0.12990002
5.6176577,-0.3955034,-1.1357015,0.47846615,-0.11627376
5.6376886,-0.4385992,-1.1449529,0.48097828,-0.13540019
5.6573753,-0.48200053,-1.1557739,0.4834904,-0.15452662
5.676638,-0.52571785,-1.1681764,0.48600253,-0.17365304
5.6953945,-0.5697594,-1.1821717,0.4841907,-0.15981089
5.7135077,-0.613997,-1.1950134,0.48237884,-0.14596874
5.731023,-0.65839165,-1.2067071,0.480567,-0.13212658
5.747987,-0.7029068,-1.217259,0.4825957,-0.14749287
5.7645135,-0.7476901,-1.2290792,0.48462445,-0.16285917
5.7805386,-0.7927463,-1.2421755,0.48665318,-0.17822546
5.795996,-0.83807784,-1.2565547,0.48528203,-0.18897629
5.810729,-0.883408,-1.2717483,0.4839109,-0.1997271
5.824702,-0.9287321,-1.2877499,0.48253977,-0.21047793
5.837881,-0.9740435,-1.3045524,0.48248816,-0.22038865
5.850269,-1.0194664,-1.3221319,0.48243654,-0.23029937
5.8618283,-1.0649916,-1.340486,0.48238492,-0.24021009
5.8725243,-1.110608,-1.3596132,0.48302016,-0.24908471
5.8823366,-1.1563793,-1.3794585,0.48365542,-0.25795934
5.89123,-1.2022911,-1.4000226,0.48429066,-0.26683396
5.899169,-1.2483268,-1.4213055,0.48454252,-0.27699876
5.9061103,-1.2944142,-1.4433901,0.48479438,-0.2871636
5.9120183,-1.3405316,-1.4662751,0.48504627,-0.29732838
5.916857,-1.3866549,-1.4899589,0.48477837,-0.3
5.920596,-1.4328163,-1.5138358,0.4845105,-0.3
5.9232316,-1.4790282,-1.5376996,0.48424265,-0.3
5.9247622,-1.5252644,-1.5615501,0.48451748,-0.3
5.92519,-1.5715501,-1.5854143,0.48479232,-0.3
5.9245133,-1.6178591,-1.6092919,0.4850672,-0.3
5.92273,-1.6641651,-1.6331831,0.48549458,-0.3
5.919838,-1.7104559,-1.6570954,0.48592195,-0.3
5.915837,-1.756705,-1.6810287,0.48634934,-0.3
5.9107256,-1.8028858,-1.704983,0.48707595,-0.3
5.9045005,-1.8489996,-1.7289732,0.48780254,-0.3
5.8971596,-1.8950194,-1.7529991,0.48852915,-0.3
5.888703,-1.9409178,-1.7770607,0.48946622,-0.3
5.879126,-1.9866872,-1.8011687,0.4904033,-0.3
5.8684287,-2.0322995,-1.8253226,0.49134037,-0.3
5.85661,-2.0777268,-1.8495228,0.49158084,-0.3
5.843689,-2.122877,-1.8737348,0.49182132,-0.3
5.829672,-2.1677227,-1.8979588,0.49206176,-0.3
5.814565,-2.2122378,-1.9221944,0.49128577,-0.3
5.79841,-2.256304,-1.9463919,0.49050978,-0.3
5.7812204,-2.2998977,-1.9705511,0.4897338,-0.3
5.763012,-2.342995,-1.9946722,0.48871374,-0.3
5.7438087,-2.3855517,-2.018743,0.4876937,-0.3
5.7236295,-2.427546,-2.0427635,0.48667365,-0.3
5.7024918,-2.4689567,-2.0667338,0.48566243,-0.29491663
5.680379,-2.5098279,-2.090261,0.48465118,-0.28983325
5.6573234,-2.550145,-2.1133459,0.48363996,-0.2847499
5.6333575,-2.5898957,-2.1359897,0.4839065,-0.27891818
5.6084423,-2.6291816,-2.1581943,0.48417306,-0.2730865
5.582604,-2.66799,-2.179958,0.4844396,-0.26725477
5.555869,-2.7063098,-2.2012804,0.48556057,-0.2650724
5.5282435,-2.7441607,-2.2224815,0.48668152,-0.26289
5.499739,-2.7815256,-2.2435608,0.48780248,-0.26070765
5.470369,-2.8183875,-2.264517,0.48915774,-0.25575763
5.4401093,-2.854774,-2.2851415,0.49051303,-0.2508076
5.4089804,-2.8906739,-2.3054311,0.4918683,-0.24585761
5.377001,-2.9260767,-2.3253837,0.4941685,-0.24071948
5.344127,-2.9610415,-2.3450189,0.49646872,-0.23558137
5.3103747,-2.9955568,-2.3643322,0.49876893,-0.23044324
5.27576,-3.0296123,-2.3833194,0.50072205,-0.21983358
5.2402816,-3.0632167,-2.4015179,0.5026751,-0.20922391
5.203973,-3.096375,-2.4189188,0.50462824,-0.19861425
5.1668677,-3.1290946,-2.4355137,0.50531083,-0.19071814
5.129115,-3.1612875,-2.4514785,0.5059934,-0.18282202
5.0907445,-3.1929634,-2.4668105,0.506676,-0.17492591
5.051785,-3.2241337,-2.481507,0.5055426,-0.14657186
5.012278,-3.2548006,-2.4938126,0.50440913,-0.11821781
4.972336,-3.2850251,-2.503728,0.5032757,-0.08986376
4.9320674,-3.3148732,-2.5112553,0.50636697,-0.07969125
4.8912916,-3.3446248,-2.5179737,0.50945824,-0.069518745
4.850035,-3.374304,-2.523872,0.5125496,-0.059346236
4.808326,-3.4039376,-2.5289385,0.5147878,-0.04229647
4.7662473,-3.4335134,-2.5325663,0.517026,-0.025246704
4.723854,-3.4630814,-2.5347416,0.5192642,-0.008196938
4.6812005,-3.4926932,-2.5354512,0.522685,0.0034753084
4.6382437,-3.5224705,-2.5351484,0.523,0.015147555
4.595275,-3.5522754,-2.533828,0.523,0.026819801
4.552356,-3.5821297,-2.5314906,0.523,0.036465548
4.50952,-3.612075,-2.5283127,0.523,0.046111297
4.4667964,-3.6421444,-2.5242946,0.523,0.055757046
4.424215,-3.6723704,-2.519437,0.5225681,0.059594713
4.381825,-3.7027712,-2.5142498,0.5221362,0.06343238
4.339638,-3.7333586,-2.5087333,0.5217043,0.067270055
4.2976665,-3.7641451,-2.5028887,0.5188486,0.07639108
4.256131,-3.7949865,-2.496289,0.5159928,0.0855121
4.2150583,-3.825907,-2.488944,0.5131371,0.094633125
4.1744733,-3.85693,-2.4808629,0.5092977,0.09825693
4.1344557,-3.8880346,-2.472536,0.50545835,0.101880744
4.0950127,-3.9192228,-2.463968,0.501619,0.10550455
4.056151,-3.9504967,-2.455164,0.49920407,0.10976952
4.017769,-3.9819448,-2.4460495,0.4967892,0.114034496
3.979878,-4.013572,-2.4366279,0.4943743,0.11829947
3.9424877,-4.0453844,-2.4269032,0.49255294,0.1183305
3.9055457,-4.0774393,-2.417212,0.4907316,0.11836153
3.8690515,-4.109731,-2.407554,0.48891023,0.118392564
3.8330052,-4.142253,-2.3979292,0.4863852,0.11059385
3.7974262,-4.1749797,-2.3889823,0.4838602,0.10279514
3.7622952,-4.207879,-2.380707,0.48133516,0.09499642
3.727593,-4.2409205,-2.3730977,0.47722095,0.089378245
3.6934197,-4.2739577,-2.3659983,0.47310674,0.08376007
3.659758,-4.3069654,-2.3594015,0.4689925,0.07814188
3.6265907,-4.339921,-2.3532996,0.46160293,0.0682809
3.594121,-4.372579,-2.3480506,0.45421338,0.058419913
3.5623202,-4.404902,-2.3436306,0.4468238,0.048558928
3.531161,-4.4368544,-2.340016,0.4408816,0.039747648
3.5005188,-4.4685044,-2.337096,0.4349394,0.030936372
3.4703712,-4.499826,-2.3348536,0.42899725,0.022125095
3.4406981,-4.5307937,-2.333272,0.41378412,0.017864883
3.412122,-4.560711,-2.33204,0.39857098,0.013604671
3.3846302,-4.589564,-2.3311362,0.38335785,0.009344459
3.3582115,-4.6173406,-2.3305392,0.36404705,-0.0040391805
3.3331385,-4.6437345,-2.3307843,0.34473625,-0.01742282
3.309393,-4.6687183,-2.3317852,0.32542545,-0.030806458
3.2869608,-4.692273,-2.3334558,0.30667266,-0.036407422
3.2657886,-4.714431,-2.3353164,0.28791988,-0.04200839
3.2458766,-4.7351923,-2.3373315,0.26916707,-0.04760935
3.2272272,-4.754559,-2.3394666,0.25411454,-0.036889445
3.2095737,-4.7728133,-2.3410287,0.23906201,-0.026169538
3.1929333,-4.789966,-2.3420713,0.22400947,-0.015449631
3.1773207,-4.806026,-2.342648,0.21378487,-0.01037929
3.1624107,-4.8213453,-2.3430178,0.2035603,-0.00530895
3.1482081,-4.8359275,-2.3431978,0.1933357,-0.00023860931
3.134716,-4.849775,-2.3432057,0.18427463,0.0032302975
3.1218562,-4.862973,-2.3431063,0.17521356,0.0066992044
3.10963,-4.8755236,-2.3429108,0.1661525,0.010168111
3.0980392,-4.8874264,-2.3426292,0.15789531,0.021075118
3.0870292,-4.8987393,-2.3420746,0.14963812,0.031982124
3.076604,-4.9094634,-2.3412771,0.14138094,0.04288913
3.066766,-4.919599,-2.3402667,0.13342774,0.07170154
3.0575066,-4.929158,-2.3386736,0.12547454,0.10051395
3.048835,-4.938139,-2.3365753,0.11752136,0.12932636
3.0407577,-4.94654,-2.3340492,0.11078013,0.15042706
3.0331862,-4.9544544,-2.3312824,0.1040389,0.17152776
3.0261204,-4.961881,-2.3283226,0.097297676,0.19262846
3.0195584,-4.9688196,-2.3252182,0.092127174,0.19877365
3.0133731,-4.9754004,-2.322186,0.08695668,0.20491883
3.0075612,-4.9816217,-2.319237,0.08178618,0.21106403
3.002119,-4.9874816,-2.3163812,0.0782151,0.21273524
2.9969327,-4.9930987,-2.313629,0.074644014,0.21440645
2.9919996,-4.998471,-2.310982,0.07107293,0.21607766
