6.5572567,-0.1435119,2.7694967,-0.29335004,0.0
6.584584,-0.1541772,2.7694967,-0.31393352,0.08334758
6.613728,-0.16555122,2.7651408,-0.33451697,0.16669516
6.644406,-0.17767838,2.7558901,-0.35510045,0.25004274
6.676284,-0.19062217,2.7412455,-0.37714872,0.31868917
6.7092676,-0.20458095,2.7215507,-0.399197,0.38733557
6.743017,-0.21965417,2.6964197,-0.42124528,0.45598197
6.7771516,-0.23594026,2.6655042,-0.4389336,0.5151797
6.8111,-0.2534458,2.629461,-0.45662194,0.5743774
6.8445168,-0.27223128,2.588113,-0.47431028,0.6335752
6.877035,-0.29232448,2.541312,-0.49017096,0.679173
6.9085073,-0.31386867,2.4899952,-0.50603163,0.72477084
6.9386296,-0.3368438,2.4340818,-0.5218923,0.77036864
6.9670935,-0.36118668,2.3735075,-0.523,0.7831765
6.9937515,-0.38693705,2.3120084,-0.523,0.7959843
7.018455,-0.4139263,2.2497232,-0.523,0.8087922
7.0411286,-0.44202608,2.1866622,-0.523,0.8025802
7.0621214,-0.47169015,2.1239762,-0.523,0.7963681
7.081337,-0.5028092,2.0616677,-0.523,0.7901561
7.0986867,-0.53526866,1.9997389,-0.523,0.7822318
7.1141167,-0.5690064,1.9382982,-0.523,0.7743075
7.12755,-0.60389936,1.8773495,-0.523,0.7663832
7.1389203,-0.63982093,1.8168964,-0.523,0.750124
7.148242,-0.67693096,1.7574724,-0.523,0.7338648
7.1554503,-0.71509373,1.699093,-0.523,0.7176056
7.1604915,-0.75417185,1.6417737,-0.523,0.7001039
7.1633277,-0.7940689,1.5856124,-0.523,0.68260217
7.163929,-0.83464575,1.5306264,-0.523,0.6651004
7.1622767,-0.8757651,1.4768326,-0.523,0.6471393
7.1583614,-0.91730654,1.4242792,-0.523,0.62917817
7.1521883,-0.95913863,1.3729833,-0.523,0.6112171
7.1437707,-1.0011345,1.3229614,-0.523,0.59507185
7.133147,-1.0431212,1.2740986,-0.523,0.5789267
7.1203475,-1.0849862,1.2264074,-0.523,0.5627815
7.1054134,-1.1266228,1.1799005,-0.523,0.55677783
7.0884957,-1.1676743,1.133837,-0.523,0.5507741
7.0696363,-1.2080529,1.0882186,-0.523,0.54477036
7.0488787,-1.2476742,1.0430468,-0.523,0.5317433
7.026178,-1.2866197,0.99885017,-0.523,0.5187162
7.001593,-1.3248112,0.95563596,-0.523,0.50568914
6.9751887,-1.3621778,0.9134115,-0.523,0.49970388
6.947139,-1.3985158,0.87164426,-0.523,0.4937186
6.9174995,-1.4337652,0.8303356,-0.523,0.4877333
6.8863306,-1.4678693,0.7894872,-0.523,0.48503098
6.8537483,-1.5007191,0.74884695,-0.523,0.48232862
6.8198104,-1.5322626,0.70841527,-0.523,0.4796263
6.7845755,-1.5624511,0.66819245,-0.523,0.47799784
6.748124,-1.5912228,0.62809557,-0.523,0.47636935
6.7105174,-1.618533,0.58812475,-0.523,0.4747409
6.6718163,-1.6443403,0.5482802,-0.523,0.47495332
6.632123,-1.6685828,0.50841916,-0.523,0.47516572
6.5914993,-1.6912218,0.46854162,-0.523,0.47537816
6.5500097,-1.7122209,0.42864764,-0.523,0.46996772
6.5075984,-1.7316022,0.38917357,-0.523,0.4645573
6.464338,-1.749343,0.35012054,-0.523,0.45914686
6.4202986,-1.7654245,0.3114897,-0.523,0.45197693
6.3755145,-1.7798438,0.27342013,-0.523,0.44480696
6.330057,-1.7925919,0.23591374,-0.523,0.437637
6.2839985,-1.803664,0.19897248,-0.523,0.42957333
6.237388,-1.8130625,0.16266905,-0.523,0.42150968
6.190296,-1.8207912,0.12700582,-0.523,0.413446
6.1427884,-1.8268577,0.091985084,-0.523,0.42268753
6.095293,-1.8312389,0.056228194,-0.523,0.43192902
6.0478716,-1.8339081,0.019738182,-0.523,0.44117054
6.0005884,-1.8348415,-0.01748183,-0.523,0.44022548
5.953282,-1.8340144,-0.054627333,-0.523,0.43928042
5.906018,-1.83143,-0.0916983,-0.523,0.43833533
5.8588614,-1.8270936,-0.12869468,-0.523,0.44373614
5.812017,-1.8210316,-0.1661168,-0.523,0.4491369
5.7655525,-1.8132412,-0.20396353,-0.523,0.45453772
5.719537,-1.8037233,-0.2422338,-0.523,0.4494871
5.673807,-1.7924242,-0.28010803,-0.523,0.4444365
5.6284285,-1.77937,-0.31758526,-0.523,0.43938586
5.583463,-1.7645894,-0.35466456,-0.523,0.446922
5.539235,-1.7482108,-0.3923373,-0.523,0.45445815
5.4958143,-1.7302436,-0.43060133,-0.523,0.4619943
5.453271,-1.7107013,-0.46945447,-0.523,0.46365434
5.411553,-1.6895387,-0.5084371,-0.523,0.46531442
5.370726,-1.6667854,-0.5475491,-0.523,0.46697447
5.330853,-1.6424733,-0.58679044,-0.523,0.48288205
5.292281,-1.6168263,-0.62726486,-0.523,0.49878964
5.2550964,-1.5898697,-0.6689621,-0.523,0.51469725
5.219384,-1.5616369,-0.7118718,-0.523,0.509267
5.1848106,-1.5318073,-0.7543688,-0.523,0.50383675
5.1514354,-1.5004414,-0.7964519,-0.523,0.49840647
5.1193137,-1.4676017,-0.83811986,-0.523,0.5000283
5.088615,-1.4334826,-0.87991196,-0.523,0.50165015
5.059395,-1.3981421,-0.9218281,-0.523,0.50327206
5.0317054,-1.3616407,-0.9638681,-0.523,0.48802185
5.0053587,-1.3236963,-1.0047387,-0.523,0.47277167
4.9803863,-1.2843959,-1.0444306,-0.523,0.4575215
4.9568133,-1.2438263,-1.0829344,-0.52033246,0.432935
4.934674,-1.202104,-1.1193174,-0.5176649,0.4083485
4.913945,-1.1593542,-1.1535777,-0.51499736,0.383762
4.8945947,-1.1156968,-1.1857146,-0.50300777,0.38611972
4.877091,-1.0725117,-1.2172863,-0.49101818,0.3884774
4.8613586,-1.0298786,-1.2482843,-0.47902855,0.39083514
4.847321,-0.9878716,-1.2786995,-0.47445354,0.38491902
4.834658,-0.9457605,-1.3083912,-0.46987855,0.3790029
4.823334,-0.90360147,-1.3373666,-0.46530354,0.37308678
4.8133116,-0.8614473,-1.3656331,-0.45218104,0.39330962
4.804803,-0.82055765,-1.394516,-0.43905854,0.41353244
4.797752,-0.7809758,-1.4239217,-0.42593604,0.43375528
4.792096,-0.7427428,-1.4537572,-0.40857527,0.40019628
4.787702,-0.7053711,-1.4802872,-0.39121446,0.36663732
4.784401,-0.6689992,-1.5036609,-0.37385365,0.33307835
4.7820306,-0.6337481,-1.5240331,-0.36302808,0.34089226
4.7804313,-0.5995717,-1.5442615,-0.3522025,0.3487062
4.779553,-0.5664828,-1.5643183,-0.34137693,0.3565201
4.779346,-0.53449243,-1.584176,-0.3302581,0.35246098
4.7797604,-0.5034996,-1.6031773,-0.31913924,0.34840187
4.7807317,-0.47351885,-1.6213361,-0.3080204,0.34434277
4.7821965,-0.444562,-1.6386663,-0.2984584,0.34993684
4.7840977,-0.41658953,-1.6557201,-0.2888964,0.35553092
4.786395,-0.38960418,-1.6724803,-0.27933443,0.36112496
4.7890477,-0.36360744,-1.6889297,-0.26553518,0.3408846
4.791997,-0.33875623,-1.7037253,-0.2517359,0.32064423
4.7951636,-0.31507644,-1.716949,-0.23793663,0.30040386
4.7984734,-0.29259065,-1.7286835,-0.2273915,0.26984674
4.8019195,-0.27094698,-1.7387866,-0.21684636,0.2392896
4.805442,-0.2501768,-1.7473525,-0.20630121,0.20873246
4.8089867,-0.2303082,-1.7544775,-0.19064368,0.18309523
4.812411,-0.21187784,-1.7602626,-0.17498615,0.157458
4.8156652,-0.19490497,-1.7648358,-0.15932861,0.1318208
4.818711,-0.17940675,-1.7683262,-0.15380247,0.0927083
4.8217163,-0.16439034,-1.7706993,-0.14827633,0.0535958
4.8246565,-0.14987886,-1.7720231,-0.14275019,0.014483303
4.8275094,-0.13589334,-1.7723677,-0.13269535,0.006782657
4.830166,-0.122892775,-1.7725177,-0.122640505,-0.000917989
4.832623,-0.1108774,-1.772499,-0.11258566,-0.008618635
4.8348784,-0.099847496,-1.7723372,-0.105076574,-0.02652185
4.8369813,-0.089556135,-1.7718728,-0.09756749,-0.044425063
4.838928,-0.0800054,-1.7711506,-0.09005841,-0.06232828
4.840717,-0.07119685,-1.7702157,-0.081868455,-0.07611783
4.842334,-0.06319549,-1.7691782,-0.07367851,-0.089907385
4.84378,-0.056001317,-1.7680756,-0.065488555,-0.103696935
4.845057,-0.049613982,-1.7669457,-0.054867696,-0.11678393
4.846119,-0.04426908,-1.7658802,-0.044246837,-0.12987092
4.8469696,-0.039964885,-1.7649252,-0.033625975,-0.14295791
4.8476114,-0.036699105,-1.7641268,-0.022476623,-0.16584364
4.8480372,-0.034523584,-1.7635083,-0.0113272695,-0.18872938
4.8482504,-0.033431567,-1.7631541,-0.00017791684,-0.2116151
4.8482537,-0.03341449,-1.763148,0.015536952,-0.24170473
4.8479657,-0.0348952,-1.7637677,0.03125182,-0.27179438
4.8473883,-0.037849784,-1.765166,0.04696669,-0.3
4.8465214,-0.04225219,-1.7674793,0.073131815,-0.3
4.845156,-0.049104042,-1.7710813,0.099296935,-0.3
4.843269,-0.05840061,-1.775972,0.12546206,-0.3
4.840827,-0.07013506,-1.7821515,0.15486746,-0.3
4.8377233,-0.08460088,-1.7897792,0.18427286,-0.3
4.833899,-0.101784736,-1.7988552,0.21367827,-0.3
4.8292837,-0.121669635,-1.8093796,0.24341774,-0.23988089
4.8236957,-0.14464465,-1.8190184,0.2731572,-0.1797618
4.817093,-0.1706965,-1.8271583,0.30289668,-0.11964269
4.8094673,-0.19978681,-1.8331838,0.33280987,-0.025900673
4.800838,-0.23191792,-1.8346202,0.36272305,0.067841336
4.7914004,-0.26685464,-1.8305222,0.39263624,0.16158335
4.7814484,-0.30430707,-1.8199942,0.42261294,0.252369
4.771356,-0.34396562,-1.8024065,0.4525896,0.3431546
4.761573,-0.38544783,-1.7770269,0.4825663,0.43394023
4.752607,-0.42830408,-1.7432112,0.5124263,0.36379755
4.744391,-0.47548294,-1.7128221,0.523,0.29365486
4.7373047,-0.52504003,-1.6875914,0.523,0.2235122
