9.799259,-2.5393345,2.0204053,0.8060043,0.0
9.76423,-2.4667444,2.0204053,0.523,0.095084384
9.741602,-2.4198549,2.028681,0.4975155,0.19016877
9.720006,-2.3760328,2.0443547,0.472031,0.28525314
9.699348,-2.3357217,2.066493,0.46499813,0.35065088
9.678576,-2.2973077,2.0931149,0.45796528,0.41604862
9.657679,-2.2610035,2.1239626,0.45093244,0.48144636
9.636681,-2.2269967,2.1587641,0.4427365,0.51291543
9.615283,-2.1948984,2.1949742,0.43454054,0.5443845
9.593558,-2.1647348,2.2324815,0.4263446,0.5758535
9.571587,-2.1365228,2.2711759,0.41813615,0.61226195
9.549532,-2.1103597,2.3112278,0.40992767,0.6486704
9.527495,-2.0862458,2.3525026,0.4017192,0.6850788
9.50558,-2.0641682,2.3948662,0.39553547,0.72692806
9.483889,-2.0440931,2.4386768,0.3893517,0.7687774
9.462538,-2.0260024,2.4837933,0.38316795,0.8106266
9.441645,-2.0098608,2.5300748,0.37842178,0.85530573
9.421319,-1.995609,2.5776784,0.37367558,0.8999849
9.401688,-1.9831934,2.626463,0.36892942,0.94466406
9.382873,-1.9725425,2.676287,0.36575836,0.9819568
9.364718,-1.9634277,2.7269802,0.36258727,1.0
9.346787,-1.9555358,2.7778313,0.35941622,1.0
9.328639,-1.9486265,2.8282375,0.3579625,1.0
9.31024,-1.9426647,2.8784401,0.35650876,1.0
9.291641,-1.9376541,2.928439,0.35505506,1.0
9.272891,-1.9335959,2.9782336,0.35517496,1.0
9.253957,-1.930475,3.0280452,0.35529485,1.0
9.234883,-1.9282999,3.0778735,0.35541475,1.0
9.215719,-1.9270772,3.1277187,0.35677832,1.0
9.1964445,-1.9268097,-3.1054301,0.35814187,1.0
9.177107,-1.9275093,-3.0552025,0.35950544,1.0
9.157755,-1.9291853,-3.0047836,0.38678673,0.9379239
9.135092,-1.9323053,-2.9528039,0.41406798,0.8758478
9.109048,-1.9372813,-2.8997972,0.44134927,0.8137717
9.079619,-1.944539,-2.846329,0.46645695,0.79684997
9.048427,-1.9540263,-2.7907307,0.49156463,0.77992827
9.015608,-1.9660383,-2.7331169,0.5166723,0.76300657
8.981337,-1.9808714,-2.673605,0.523,0.7476958
8.947111,-1.9981705,-2.614336,0.523,0.73238516
8.913504,-2.0177383,-2.5560524,0.523,0.7170744
8.88065,-2.0395238,-2.498768,0.523,0.71223915
8.848966,-2.0632539,-2.441802,0.523,0.70740384
8.818557,-2.0888557,-2.3851557,0.523,0.7025686
8.789528,-2.1162503,-2.3288302,0.523,0.70316815
8.7621,-2.1452212,-2.272465,0.523,0.7037677
8.7363615,-2.1756756,-2.21606,0.523,0.7043673
8.712394,-2.2075164,-2.159615,0.523,0.7035385
8.690244,-2.240682,-2.1032252,0.523,0.70270973
8.669985,-2.2750673,-2.0468903,0.523,0.70188093
8.651681,-2.3105638,-1.9906107,0.523,0.6791737
8.635095,-2.3477242,-1.935857,0.523,0.6564664
8.620303,-2.3864238,-1.8826573,0.523,0.63375914
8.607372,-2.4265347,-1.8310391,0.523,0.59036225
8.596193,-2.4685192,-1.7825167,0.523,0.54696536
8.586806,-2.5121915,-1.7371815,0.523,0.50356853
8.579219,-2.5573668,-1.6951189,0.523,0.4554295
8.573395,-2.6039734,-1.6567788,0.523,0.4072905
8.569271,-2.6518178,-1.6222501,0.523,0.35915148
8.566752,-2.700716,-1.5916128,0.523,0.31916818
8.56572,-2.750364,-1.5642619,0.523,0.27918488
8.566048,-2.800638,-1.5402412,0.523,0.23920159
8.5676,-2.851425,-1.5195891,0.523,0.21338938
8.570216,-2.9024718,-1.5011295,0.523,0.18757717
8.573793,-2.9537299,-1.4848747,0.523,0.16176496
8.578222,-3.0051565,-1.4708356,0.523,0.14864647
8.5833845,-3.0566216,-1.4579263,0.523,0.135528
8.589221,-3.1081123,-1.4461489,0.523,0.122409515
8.5956745,-3.1596181,-1.4355054,0.523,0.114232734
8.602682,-3.2111025,-1.4255698,0.523,0.10605596
8.6102085,-3.2625613,-1.4163426,0.523,0.09787918
8.618216,-3.3139913,-1.4078244,0.523,0.09002448
8.626667,-3.3653893,-1.3999878,0.523,0.08216978
8.635528,-3.4167542,-1.3928335,0.523,0.07431508
8.64476,-3.4680862,-1.3863616,0.523,0.06817801
8.654329,-3.5193799,-1.3804233,0.523,0.062040944
8.6642065,-3.570636,-1.375019,0.523,0.055903874
8.674365,-3.621857,-1.3701485,0.5229051,0.051632505
8.6847725,-3.6730301,-1.3656507,0.5228103,0.047361135
8.695411,-3.7241573,-1.3615254,0.5227154,0.043089766
8.70626,-3.7752411,-1.3577726,0.5213172,0.038715046
8.717273,-3.8261561,-1.3544097,0.519919,0.03434033
8.728429,-3.8769057,-1.3514346,0.5185208,0.02996561
8.739708,-3.9274926,-1.3488454,0.51557755,0.026277374
8.751053,-3.9777682,-1.3465875,0.5126343,0.022589142
8.762448,-4.0277357,-1.3446578,0.50969106,0.018900907
8.773874,-4.0773983,-1.3430523,0.5051506,0.015435362
8.785278,-4.126603,-1.3417528,0.5006102,0.011969817
8.796643,-4.175353,-1.340754,0.49606973,0.0085042715
8.807954,-4.2236514,-1.3400509,0.48986682,0.0052689314
8.819158,-4.2713394,-1.3396208,0.48366392,0.0020335913
8.830239,-4.318419,-1.3394568,0.477461,-0.0012017488
8.841187,-4.364893,-1.3395525,0.46959525,-0.0031520247
8.851949,-4.4106026,-1.3397992,0.4617295,-0.0051023006
8.86252,-4.4555483,-1.3401918,0.4538637,-0.0070525766
8.872893,-4.499732,-1.3407253,0.4453659,-0.010390675
8.88305,-4.5430927,-1.3414966,0.43686813,-0.013728773
8.892979,-4.5856323,-1.3424962,0.42837033,-0.017066872
8.902672,-4.6273518,-1.3437146,0.41939116,-0.020110626
8.912112,-4.6682057,-1.3451202,0.41041198,-0.023154378
8.921293,-4.7081957,-1.3467039,0.40143284,-0.02619813
8.930211,-4.7473216,-1.3484565,0.39251482,-0.02829172
8.938863,-4.7855916,-1.350307,0.38359684,-0.03038531
8.947248,-4.8230057,-1.3522494,0.37467885,-0.0324789
8.955368,-4.859563,-1.3542771,0.36727053,-0.03332243
8.963253,-4.8954124,-1.3563166,0.35986218,-0.03416596
8.970908,-4.9305534,-1.3583653,0.35245386,-0.035009492
8.978334,-4.9649854,-1.3604214,0.34653446,-0.03680837
8.985566,-4.9988523,-1.3625468,0.34061503,-0.03860725
8.992603,-5.0321527,-1.364738,0.3346956,-0.04040613
8.999446,-5.0648875,-1.3669913,0.3302366,-0.04308796
9.006124,-5.0971975,-1.3693621,0.3257776,-0.04576979
9.012634,-5.129083,-1.3718464,0.32131857,-0.048451614
9.018977,-5.1605444,-1.3744401,0.3181266,-0.050628982
9.025176,-5.1917057,-1.3771234,0.3149346,-0.052806355
9.031229,-5.2225676,-1.3798939,0.31174263,-0.054983724
9.037135,-5.253129,-1.3827492,0.3097783,-0.057531178
9.042916,-5.2835107,-1.3857179,0.30781394,-0.060078632
9.048571,-5.3137116,-1.3887982,0.3058496,-0.062626086
9.054096,-5.3437324,-1.3919885,0.30502808,-0.06497781
9.059509,-5.3736854,-1.3952895,0.30420658,-0.06732954
9.064809,-5.403571,-1.3987006,0.30338508,-0.069681264
9.069992,-5.4333887,-1.4022211,0.3036141,-0.07200955
9.075073,-5.4632425,-1.4058619,0.30384314,-0.07433784
9.080048,-5.4931316,-1.4096229,0.30407217,-0.07666613
9.084913,-5.5230565,-1.4135044,0.30531985,-0.07954116
9.089681,-5.5531163,-1.4175477,0.30656755,-0.0824162
9.094344,-5.583311,-1.421754,0.30781522,-0.08529124
9.098899,-5.6136403,-1.4261243,0.31003433,-0.08832242
9.103351,-5.6442003,-1.4306822,0.31225348,-0.09135361
9.107694,-5.6749907,-1.4354298,0.3144726,-0.094384804
9.111918,-5.706012,-1.4403695,0.31765655,-0.09748097
9.116031,-5.737358,-1.4455222,0.32084048,-0.10057713
9.120019,-5.7690296,-1.4508913,0.3240244,-0.103673294
9.123874,-5.801027,-1.45648,0.32864016,-0.1094745
9.1276,-5.833481,-1.4624643,0.3332559,-0.11527572
9.13118,-5.866391,-1.4688529,0.33787164,-0.12107693
9.134593,-5.899757,-1.4756544,0.34433165,-0.12863696
9.137836,-5.933751,-1.4830164,0.3507917,-0.13619699
9.140883,-5.968372,-1.4909545,0.3572517,-0.14375702
9.143703,-6.003616,-1.4994847,0.36565048,-0.15189332
9.146278,-6.039668,-1.5087057,0.37404922,-0.16002962
9.14857,-6.076524,-1.5186397,0.382448,-0.16816592
9.150536,-6.1141777,-1.5293083,0.39283326,-0.17641413
9.15214,-6.152818,-1.5407988,0.4032185,-0.18466234
9.153329,-6.1924367,-1.5531383,0.41360378,-0.19291057
9.154045,-6.2330236,-1.566354,0.42490137,-0.20631018
9.15423,-6.274612,-1.5808609,0.43619895,-0.21970981
9.153802,-6.317181,-1.5967054,0.44749656,-0.23310944
9.152674,-6.360706,-1.6139344,0.457361,-0.24974293
9.150763,-6.404982,-1.6327742,0.46722546,-0.2663764
9.147971,-6.4499702,-1.6532727,0.47708994,-0.2830099
9.1441965,-6.4956255,-1.6754771,0.48394203,-0.3
9.139366,-6.541605,-1.6993129,0.49079415,-0.3
9.133357,-6.5881057,-1.7234862,0.49764624,-0.3
9.126125,-6.6350946,-1.7479969,0.50278014,-0.3
9.117659,-6.682375,-1.7727605,0.50791407,-0.3
9.107925,-6.7299113,-1.7977769,0.51304793,-0.3
9.096895,-6.7776675,-1.8230463,0.5178882,-0.3
9.084547,-6.8255777,-1.848554,0.5227284,-0.3
9.070854,-6.873602,-1.8743002,0.523,-0.3
9.055922,-6.9212823,-1.9000597,0.523,-0.3
9.039766,-6.9685626,-1.9258192,0.523,-0.3
9.022398,-7.0154104,-1.9515787,0.523,-0.3
9.003829,-7.061796,-1.9773382,0.523,-0.3
8.984072,-7.107688,-2.0030978,0.523,-0.3
8.963139,-7.153055,-2.0288572,0.523,-0.3
8.941044,-7.197869,-2.0546167,0.523,-0.3
8.917802,-7.2420983,-2.0803764,0.523,-0.3
8.893429,-7.285714,-2.1061358,0.523,-0.3
8.867941,-7.328688,-2.1318953,0.523,-0.3
8.841354,-7.370991,-2.1576548,0.523,-0.3
8.813686,-7.4125957,-2.1834142,0.523,-0.3
8.784957,-7.4534736,-2.209174,0.523,-0.3
8.755183,-7.493598,-2.2349334,0.523,-0.3
8.724386,-7.5329423,-2.2606928,0.523,-0.3
8.692586,-7.57148,-2.2864523,0.523,-0.3
8.659804,-7.609186,-2.312212,0.523,-0.3
8.626062,-7.646035,-2.3379714,0.523,-0.3
8.591382,-7.682003,-2.363731,0.523,-0.3
8.555786,-7.717066,-2.3894904,0.523,-0.3
8.5192995,-7.7512,-2.4152498,0.523,-0.3
8.481946,-7.7843833,-2.4410095,0.523,-0.3
8.44375,-7.816593,-2.466769,0.523,-0.3
8.404737,-7.847809,-2.4925284,0.523,-0.3
8.364934,-7.8780093,-2.518288,0.523,-0.3
8.324366,-7.907174,-2.5440476,0.523,-0.3
8.283059,-7.9352846,-2.569807,0.523,-0.3
8.241042,-7.962322,-2.5955665,0.523,-0.3
8.198343,-7.9882684,-2.621326,0.523,-0.3
8.15499,-8.013106,-2.6470854,0.523,-0.3
8.1110115,-8.0368185,-2.6728451,0.523,-0.3
8.066437,-8.059391,-2.6986046,0.523,-0.3
8.021296,-8.080808,-2.724364,0.523,-0.3
7.9756174,-8.101054,-2.7501235,0.523,-0.3
7.9294333,-8.120118,-2.7758832,0.523,-0.3
7.8827734,-8.137986,-2.8016427,0.523,-0.3
7.8356686,-8.154646,-2.827402,0.523,-0.3
7.7881503,-8.170087,-2.8531616,0.523,-0.3
7.74025,-8.184299,-2.878921,0.523,-0.3
7.692,-8.197273,-2.9046807,0.523,-0.3
7.6434317,-8.209,-2.9304402,0.523,-0.3
7.5945773,-8.219472,-2.9561996,0.523,-0.3
7.5454693,-8.228682,-2.981959,0.523,-0.3
7.4961405,-8.236624,-3.0077188,0.523,-0.3
7.4466233,-8.243293,-3.0334783,0.523,-0.3
7.3969507,-8.248684,-3.0592377,0.523,-0.3
7.347156,-8.252794,-3.0849972,0.523,-0.3
7.297272,-8.25562,-3.1107566,0.523,-0.3
7.2473316,-8.257161,-3.1365163,0.523,-0.3
7.197368,-8.257415,3.1209095,0.523,-0.3
7.1474147,-8.256381,3.09515,0.523,-0.3
7.0975046,-8.254062,3.0693905,0.523,-0.2000989
7.046382,-8.250364,3.0520647,0.523,-0.10019779
6.9945526,-8.245711,3.0433455,0.523,-0.0002966881
6.942505,-8.2405815,3.0433195,0.523,0.099590756
6.890715,-8.235476,3.0519862,0.523,0.1994782
6.839658,-8.230888,3.069259,0.523,0.29936564
6.7898145,-8.227276,3.0949657,0.523,0.39924502
6.74168,-8.22503,3.1288493,0.523,0.49912438
6.695764,-8.224445,-3.112613,0.523,0.59900373
6.652588,-8.225697,-3.0634668,0.523,0.49901143
6.606806,-8.22928,-3.0217524,0.523,0.39901906
6.55896,-8.235043,-2.987887,0.523,0.29902673
6.50957,-8.242694,-2.9622085,0.523,0.19904566
6.459125,-8.251842,-2.9449728,0.523,0.09906458
6.4080844,-8.262009,-2.9363515,0.523,-0.00091649295
6.356882,-8.272667,-2.9364316,0.523,-0.100809306
6.3059387,-8.283268,-2.9452038,0.523,-0.20070212
6.255674,-8.293268,-2.9625812,0.523,-0.3
6.206508,-8.302165,-2.9883406,0.523,-0.3
6.15713,-8.3097925,-3.0141003,0.523,-0.3
6.107571,-8.316145,-3.0398598,0.523,-0.3
6.057865,-8.321219,-3.0656192,0.523,-0.3
6.008045,-8.325011,-3.0913787,0.523,-0.3
5.958144,-8.327519,-3.1171381,0.523,-0.3
5.908195,-8.328741,3.1402876,0.523,-0.3
5.858231,-8.328676,3.114528,0.523,-0.3
5.808285,-8.327324,3.0887685,0.523,-0.3
5.758391,-8.324686,3.063009,0.523,-0.20004216
5.707292,-8.320662,3.0456882,0.523,-0.100084305
5.655493,-8.315679,3.0369787,0.523,-0.00012645722
5.603479,-8.310217,3.0369675,0.523,0.099822916
5.5517235,-8.304783,3.0456543,0.523,0.19977228
5.5006995,-8.299872,3.0629523,0.523,0.29972166
5.450886,-8.295947,3.0886886,0.523,0.3996613
5.4027743,-8.293399,3.1226058,0.523,0.49960095
5.3568754,-8.292527,-3.1188202,0.523,0.5995406
5.313708,-8.29351,-3.0696352,0.523,0.49954253
5.2679176,-8.296811,-3.0278804,0.523,0.39954445
5.220048,-8.3022785,-2.9939725,0.523,0.2995464
5.1706204,-8.3096285,-2.968251,0.523,0.19955638
5.1201267,-8.31847,-2.9509714,0.523,0.099566385
5.0690284,-8.32833,-2.942307,0.523,-0.0004236102
5.017763,-8.338684,-2.9423437,0.523,-0.10033585
4.966756,-8.348984,-2.951075,0.523,-0.20024809
4.9164286,-8.358689,-2.9684136,0.523,-0.3
4.867212,-8.367299,-2.994173,0.523,-0.3
4.8177896,-8.374639,-3.0199327,0.523,-0.3
4.7681947,-8.380702,-3.0456922,0.523,-0.3
4.71846,-8.385486,-3.0714517,0.523,-0.3
4.6686187,-8.388988,-3.0972111,0.523,-0.3
4.618704,-8.391205,-3.1229708,0.523,-0.3
4.5687485,-8.392135,3.1344552,0.523,-0.3
4.518786,-8.391778,3.1086955,0.523,-0.3
4.4688487,-8.390135,3.082936,0.523,-0.3
4.4189706,-8.387206,3.0571766,0.523,-0.20002276
4.3678956,-8.382884,3.0398571,0.523,-0.10004552
4.3161263,-8.377599,3.031151,0.523,-6.827116e-05
4.264145,-8.371835,3.0311453,0.523,0.09990326
4.212423,-8.366098,3.039839,0.523,0.19987479
4.1614294,-8.360892,3.0571456,0.523,0.29984632
4.111641,-8.356677,3.0828924,0.523,0.39980775
4.0635486,-8.353851,3.1168213,0.523,0.49976918
4.017659,-8.352715,-3.1245918,0.523,0.5997306
3.9744923,-8.353448,-3.0753932,0.523,0.49973172
3.9286885,-8.356484,-3.033624,0.523,0.39973286
3.8807921,-8.361676,-2.999701,0.523,0.29973397
3.8313262,-8.368743,-2.9739635,0.523,0.19974098
3.7807846,-8.3772955,-2.9566684,0.523,0.09974796
3.7296317,-8.386864,-2.947988,0.523,-0.00024504663
3.678309,-8.396926,-2.9480095,0.523,-0.10014932
3.6272428,-8.406937,-2.9567246,0.523,-0.20005359
3.5768595,-8.416359,-2.9740465,0.523,-0.29995784
3.5275943,-8.424691,-2.9998026,0.523,-0.3
3.4781315,-8.431752,-3.025562,0.523,-0.3
3.4285035,-8.437536,-3.0513215,0.523,-0.3
3.3787427,-8.44204,-3.077081,0.523,-0.3
3.3288827,-8.445262,-3.1028404,0.523,-0.3
3.278956,-8.447197,-3.1286001,0.523,-0.3
3.2289963,-8.447846,3.1288257,0.523,-0.3
3.1790361,-8.447208,3.1030662,0.523,-0.3
3.1291091,-8.445284,3.0773067,0.523,-0.3
3.0792482,-8.442074,3.0515473,0.523,-0.20002136
3.0281987,-8.437465,3.034228,0.523,-0.1000427
2.9764597,-8.431889,3.0255222,0.523,-6.405115e-05
2.9245117,-8.425832,3.0255165,0.523,0.09989108
2.8728225,-8.419805,3.0342093,0.523,0.19984621
2.8218586,-8.414311,3.0515134,0.523,0.29980135
2.7720942,-8.409816,3.0772564,0.523,0.399718
2.7240167,-8.406718,3.1111782,0.523,0.49963462
2.678131,-8.405323,-3.1302452,0.523,0.59955126
2.6349556,-8.405812,-3.0810595,0.5137791,0.49956405
2.589939,-8.408541,-3.040039,0.50455827,0.3995768
2.5436974,-8.413253,-3.0073245,0.4953374,0.29958957
2.496796,-8.419589,-2.9829597,0.4811902,0.19974622
2.4502258,-8.427039,-2.9670467,0.46704304,0.099902876
2.4044604,-8.435109,-2.9592834,0.45289585,5.952716e-05
2.3599215,-8.44332,-2.9592788,0.45905307,-0.09905714
2.3149984,-8.451602,-2.966845,0.46521026,-0.1981738
2.2700825,-8.459532,-2.9821103,0.47136748,-0.29729047
2.2255852,-8.466689,-3.0051231,0.48859555,-0.3
2.179342,-8.47304,-3.0291882,0.5058236,-0.3
2.1313238,-8.47846,-3.0541017,0.523,-0.3
2.0815508,-8.482826,-3.0798612,0.523,-0.3
2.0316818,-8.4859085,-3.1056206,0.523,-0.3
1.9817501,-8.487705,-3.13138,0.523,-0.3
1.9317886,-8.488215,3.1260457,0.523,-0.3
1.8818306,-8.487438,3.100286,0.523,-0.3
1.8319091,-8.485375,3.0745265,0.523,-0.3
1.7820573,-8.482027,3.048767,0.523,-0.20005174
1.731021,-8.477276,3.0314453,0.523,-0.100103475
1.6792982,-8.471556,3.0227342,0.523,-0.0001552105
1.6273671,-8.465354,3.0227206,0.523,0.09973605
1.5756943,-8.459183,3.0314,0.523,0.19962731
1.5247439,-8.453546,3.0486853,0.523,0.29951856
1.4749879,-8.448909,3.0744047,0.523,0.3992896
1.4269106,-8.445674,3.108292,0.523,0.49906066
1.381015,-8.444145,-3.1331751,0.523,0.5988317
1.337817,-8.444509,-3.0840414,0.523,0.49886426
1.291967,-8.44715,-3.0423381,0.523,0.39889684
1.2440103,-8.451926,-3.0084825,0.523,0.2989294
1.1944718,-8.458559,-2.9828122,0.523,0.19926256
1.1438515,-8.466665,-2.9655578,0.523,0.09959571
1.092615,-8.475779,-2.9568908,0.523,-7.1132185e-05
1.0412046,-8.485384,-2.956897,0.523,-0.09693594
0.9900354,-8.494944,-2.9653332,0.523,-0.19380076
0.93950963,-8.5039425,-2.9821208,0.523,-0.29066557
0.8900392,-8.511899,-3.0071018,0.523,-0.3
0.84052634,-8.518599,-3.0328612,0.523,-0.3
0.79085726,-8.52402,-3.058621,0.523,-0.3
0.7410651,-8.528161,-3.0843804,0.523,-0.3
0.69118273,-8.531018,-3.1101398,0.523,-0.3
0.64124334,-8.53259,-3.1358993,0.523,-0.3
0.59128004,-8.532874,3.1215265,0.523,-0.3
0.541326,-8.531872,3.095767,0.523,-0.3
0.49141437,-8.529583,3.0700073,0.523,-0.3
0.4415782,-8.52601,3.0442479,0.523,-0.20010528
0.3905645,-8.521028,3.0269215,0.523,-0.10021057
0.33886865,-8.515074,3.018201,0.523,-0.00031585695
0.2869663,-8.508636,3.0181737,0.523,0.09940908
0.23532034,-8.50223,3.0268245,0.523,0.19913402
0.18439114,-8.496359,3.0440679,0.523,0.29885894
0.13464694,-8.491492,3.0697324,0.523,0.39767843
0.08655275,-8.48803,3.10349,0.523,0.49649793
0.040601026,-8.486279,-3.1381733,0.523,0.5953174
-0.002701579,-8.486426,-3.0892928,0.523,0.49560273
-0.04864605,-8.4888315,-3.0478396,0.523,0.39588803
-0.09668896,-8.493349,-3.0142257,0.523,0.29617333
-0.14630665,-8.499703,-2.988785,0.523,0.19993392
-0.19696754,-8.507505,-2.9714735,0.523,0.10369449
-0.24823569,-8.516312,-2.962451,0.523,0.0074550747
-0.2996973,-8.525631,-2.961801,0.523,-0.06553738
-0.35104382,-8.534964,-2.9675097,0.523,-0.13852982
-0.40205988,-8.543935,-2.9795463,0.523,-0.21152228
-0.45252433,-8.552185,-2.9978468,0.523,-0.17371798
-0.5035059,-8.559565,-3.0129132,0.523,-0.13591368
-0.55489516,-8.566214,-3.0247238,0.523,-0.098109394
-0.6065886,-8.572283,-3.033262,0.523,-0.087242074
-0.65838426,-8.577916,-3.0408568,0.523,-0.076374754
-0.7102674,-8.58316,-3.0475078,0.523,-0.06550743
-0.7622245,-8.588063,-3.0532138,0.523,-0.051670305
-0.8142508,-8.592673,-3.0577157,0.523,-0.037833184
-0.86632967,-8.597052,-3.0610127,0.523,-0.02399606
-0.91844493,-8.60126,-3.0631042,0.523,-0.010159033
-0.97058123,-8.605361,-3.0639896,0.523,0.003677994
-1.0227234,-8.609415,-3.0636692,0.523,0.017515022
-1.0748568,-8.613486,-3.0621424,0.52112246,0.026261454
-1.1267867,-8.61762,-3.059862,0.51924485,0.035007887
-1.1785061,-8.621857,-3.0568328,0.5173673,0.04375432
-1.2300079,-8.626233,-3.0530612,0.5092073,0.058126528
-1.2806435,-8.630727,-3.0481308,0.5010473,0.07249873
-1.3303986,-8.635391,-3.0420818,0.49288735,0.08687094
-1.3792585,-8.640269,-3.0349545,0.49302855,0.09305112
-1.4280691,-8.645494,-3.0273194,0.49316978,0.099231295
-1.4768234,-8.65109,-3.0191767,0.493311,0.10541148
-1.5255136,-8.657081,-3.010526,0.4920657,0.114475355
-1.5739789,-8.663469,-3.0011582,0.4908204,0.123539224
-1.6222073,-8.670287,-2.991078,0.4895751,0.13260311
-1.6701864,-8.677564,-2.9802897,0.48877904,0.14014478
-1.7179568,-8.685336,-2.9689105,0.48798296,0.14768647
-1.765506,-8.69363,-2.9569426,0.48718688,0.15522814
-1.8128207,-8.702467,-2.944389,0.48585573,0.16745642
-1.8597982,-8.711853,-2.9308922,0.48452458,0.1796847
-1.9064163,-8.721824,-2.91646,0.48319346,0.19191296
-1.9526515,-8.732412,-2.9010994,0.48561162,0.1975007
-1.9988983,-8.743754,-2.8852184,0.48802978,0.20308843
-2.045136,-8.755875,-2.868813,0.49044794,0.20867616
-2.0913427,-8.768802,-2.851879,0.49180397,0.20675996
-2.1374698,-8.782552,-2.835052,0.49316,0.20484374
-2.1835039,-8.797122,-2.8183327,0.49451604,0.20292753
-2.2294319,-8.812509,-2.801722,0.49844187,0.19804582
-2.2755063,-8.8288,-2.785377,0.5023677,0.19316411
-2.3217137,-8.845994,-2.769304,0.5062935,0.1882824
-2.3680413,-8.864084,-2.7535102,0.5172135,0.1789314
-2.415152,-8.883344,-2.738168,0.523,0.1695804
-2.4625635,-8.903581,-2.723457,0.523,0.16022941
-2.5097456,-8.924546,-2.7095501,0.523,0.1643459
-2.5565999,-8.94615,-2.695289,0.523,0.16846241
-2.6031094,-8.968405,-2.680674,0.523,0.1725789
-2.6492555,-8.991321,-2.6657054,0.5199685,0.18148927
-2.6947157,-9.0147505,-2.6500635,0.516937,0.19039965
-2.739466,-9.038708,-2.6337583,0.5139055,0.19931002
-2.783482,-9.063204,-2.6168,0.4856894,0.2174227
-2.8245254,-9.086966,-2.5993383,0.45747325,0.23553538
-2.8626282,-9.109922,-2.5815456,0.4292571,0.25364807
-2.8978326,-9.131996,-2.5635927,0.40293416,0.20780022
-2.9308546,-9.153537,-2.549738,0.37661123,0.16195238
-2.961701,-9.1742735,-2.5396168,0.35028827,0.11610453
-2.990378,-9.193975,-2.5328536,0.34054044,0.1511222
-3.0179963,-9.213226,-2.5243092,0.33079258,0.18613987
-3.0445051,-9.232043,-2.514106,0.3210447,0.22115754
