-9.978183,-0.4115884,0.8302114,0.058185328,0.0
-9.974257,-0.40729392,0.8302114,0.08697176,0.06399151
-9.968401,-0.40088788,0.8311384,0.11575819,0.12798302
-9.960663,-0.39240676,0.83360076,0.14454463,0.19197454
-9.951124,-0.38190192,0.83819723,0.17403851,0.24665171
-9.939837,-0.36935478,0.8452794,0.2035324,0.3013289
-9.926941,-0.3548135,0.8553471,0.2330263,0.35600606
-9.912614,-0.3383276,0.8688834,0.26280153,0.4198165
-9.897119,-0.32000244,0.88673604,0.29257676,0.48362696
-9.88075,-0.29992786,0.9094104,0.322352,0.54743737
-9.863844,-0.2782072,0.9373745,0.35200354,0.5926707
-9.846562,-0.25467426,0.97014475,0.38165507,0.637904
-9.829233,-0.22938065,1.0080248,0.41130662,0.68313724
-9.812214,-0.20239963,1.0512964,0.4399597,0.6553411
-9.794896,-0.17211989,1.0959837,0.4686128,0.62754494
-9.7775545,-0.13838322,1.1418421,0.49726588,0.5997488
-9.760482,-0.10105396,1.1886212,0.51705956,0.53475475
-9.743891,-0.059776,1.2325393,0.523,0.46976075
-9.7284155,-0.015783893,1.2719973,0.523,0.40476674
-9.714264,0.03015985,1.306324,0.523,0.3539487
-9.70144,0.07751213,1.3365363,0.523,0.30313072
-9.689854,0.12606423,1.3625563,0.523,0.25231272
-9.679383,0.17561418,1.384317,0.523,0.2306987
-9.669944,0.22564588,1.4042484,0.523,0.20908469
-9.661463,0.27609894,1.4223411,0.523,0.18747067
-9.653862,0.3269174,1.4385867,0.523,0.15867586
-9.647055,0.3781097,1.45236,0.523,0.12988105
-9.640926,0.4296059,1.4636495,0.523,0.10108624
-9.635363,0.4813405,1.4724458,0.523,0.07878244
-9.630242,0.5332263,1.479306,0.523,0.056478642
-9.625472,0.58522457,1.4842263,0.523,0.03417485
-9.620953,0.6372983,1.4872047,0.523,0.018167907
-9.616587,0.68940705,1.4887882,0.523,0.0021609664
-9.612303,0.7415312,1.4889766,0.523,-0.013845975
-9.608028,0.7936512,1.4877697,0.523,-0.031635266
-9.603693,0.84574497,1.4850127,0.523,-0.04942456
-9.599218,0.897789,1.4807062,0.523,-0.06721385
-9.594523,0.9497593,1.4748518,0.523,-0.07443758
-9.589527,1.0016747,1.4683694,0.523,-0.081661314
-9.584197,1.0535271,1.4612591,0.523,-0.08888505
-9.578503,1.1053084,1.4535215,0.523,-0.09723807
-9.572412,1.1570039,1.445059,0.523,-0.105591096
-9.565889,1.208602,1.4358721,0.523,-0.11394412
-9.5589,1.2600906,1.4259614,0.523,-0.123961486
-9.55141,1.3114458,1.4151838,0.523,-0.13397884
-9.543377,1.3626509,1.4035401,0.523,-0.14399621
-9.5347595,1.4136873,1.3910319,0.523,-0.1510689
-9.525516,1.4645585,1.3779137,0.523,-0.15814157
-9.5156145,1.5152482,1.3641864,0.523,-0.16521424
-9.505033,1.5657388,1.3498507,0.523,-0.17164549
-9.493739,1.6160176,1.3349622,0.523,-0.17807676
-9.481712,1.6660657,1.3195218,0.523,-0.18450801
-9.468929,1.7158635,1.30353,0.523,-0.18490314
-9.455352,1.7654468,1.2875042,0.523,-0.18529826
-9.440984,1.8148025,1.2714447,0.523,-0.18569338
-9.425825,1.8639175,1.2553512,0.523,-0.18560249
-9.409879,1.912783,1.2392656,0.523,-0.18551157
-9.393147,1.9613866,1.2231878,0.523,-0.18542066
-9.375637,2.0097156,1.2071178,0.523,-0.19305585
-9.357379,2.0576868,1.190394,0.523,-0.20069104
-9.338349,2.1052735,1.1730176,0.523,-0.20832625
-9.318528,2.1524477,1.1549896,0.523,-0.2603548
-9.298115,2.1986787,1.1325508,0.523,-0.3
-9.276913,2.243921,1.1067914,0.523,-0.3
-9.254552,2.2886024,1.0810319,0.523,-0.3
-9.231048,2.3326929,1.0552723,0.523,-0.3
-9.206416,2.3761635,1.0295129,0.523,-0.3
-9.180673,2.4189851,1.0037533,0.523,-0.3
-9.153835,2.4611294,0.97799385,0.523,-0.3
-9.12592,2.5025685,0.9522343,0.523,-0.3
-9.096949,2.5432749,0.9264748,0.523,-0.3
-9.0669365,2.5832217,0.9007153,0.523,-0.3
-9.035907,2.622382,0.8749558,0.523,-0.3
-9.003879,2.6607304,0.84919626,0.523,-0.3
-8.970873,2.6982408,0.82343674,0.523,-0.3
-8.936912,2.7348888,0.7976772,0.523,-0.3
-8.902019,2.77065,0.7719177,0.523,-0.3
-8.866216,2.8055003,0.74615824,0.523,-0.3
-8.829527,2.8394172,0.7203987,0.523,-0.3
-8.791976,2.8723776,0.6946392,0.523,-0.25727454
-8.753118,2.9047534,0.67246,0.523,-0.21454906
-8.713141,2.936585,0.65390164,0.523,-0.17182359
-8.672242,2.9679298,0.6389979,0.523,-0.13886443
-8.630665,2.9988208,0.62693244,0.523,-0.10590527
-8.588548,3.0293314,0.6177183,0.523,-0.07294611
-8.546026,3.0595417,0.61136544,0.523,-0.078783594
-8.503332,3.0894682,0.60450524,0.523,-0.08462109
-8.460455,3.1190867,0.5971379,0.523,-0.09045857
-8.417382,3.1483736,0.5892637,0.523,-0.08275268
-8.374052,3.1773398,0.5820586,0.523,-0.07504679
-8.330486,3.2060106,0.5755232,0.523,-0.067340896
-8.286712,3.2344117,0.56965774,0.523,-0.028478539
-8.242688,3.2626078,0.5671757,0.523,0.01038382
-8.19858,3.2907047,0.56808084,0.523,0.04924618
-8.154548,3.3188088,0.5723717,0.523,0.108819805
-8.110843,3.3469682,0.5818384,0.523,0.16839343
-8.067767,3.3753037,0.59644747,0.523,0.22796705
-8.025617,3.403921,0.6161469,0.518949,0.2981635
-7.985133,3.4325876,0.64155513,0.5148979,0.36835995
-7.9466486,3.4613342,0.6724564,0.51084685,0.4385564
-7.910467,3.490144,0.7086101,0.48367167,0.4923158
-7.878105,3.517882,0.7467128,0.45649648,0.5460752
-7.849474,3.5443795,0.7862254,0.42932132,0.5998346
-7.8244367,3.5694582,0.8266178,0.40175962,0.586891
-7.8017764,3.5940678,0.86369854,0.37419796,0.5739474
-7.7813625,3.6179578,0.8975604,0.34663627,0.56100386
-7.763062,3.6409042,0.9282976,0.31813097,0.5196516
-7.746516,3.6630116,0.95462704,0.2896257,0.47829935
-7.7316566,3.6839955,0.9768447,0.2611204,0.43694708
-7.718416,3.7036023,0.9952614,0.23186977,0.37341347
-7.7066655,3.7217135,1.0093589,0.20261914,0.30987987
-7.696392,3.738048,1.0196568,0.1733685,0.24634627
-7.6875877,3.752372,1.0267031,0.14423193,0.16267994
-7.68022,3.7645495,1.0305965,0.11509535,0.0790136
-7.6743193,3.7743893,1.0321106,0.08595878,-0.0046527386
-7.6699095,3.7817678,1.0320439,0.05691147,-0.080437556
-7.666999,3.786637,1.0312818,0.027864162,-0.15622237
-7.665585,3.7889984,1.0305593,-0.0011831456,-0.23200718
-7.665644,3.7888997,1.0306046,-0.030849626,-0.28488216
-7.6671667,3.7863607,1.0320497,-0.060516108,-0.3
-7.670133,3.7813983,1.0350302,-0.09018259,-0.3
-7.674531,3.77399,1.039472,-0.119864,-0.3
-7.680333,3.7641177,1.0453757,-0.14954542,-0.3
-7.687499,3.751758,1.0527414,-0.17922682,-0.3
-7.6959777,3.7368827,1.0615689,-0.2089166,-0.2835917
-7.7057557,3.7193704,1.0713116,-0.2386064,-0.26718336
-7.7167788,3.699168,1.0818108,-0.26829618,-0.25077504
-7.728987,3.6762233,1.0929073,-0.29744622,-0.1947217
-7.7424083,3.6503103,1.1024997,-0.3265963,-0.13866837
-7.7570086,3.6214464,1.1100236,-0.35574633,-0.08261504
-7.7727723,3.5896907,1.1149163,-0.38240606,-0.008582783
-7.789607,3.5553567,1.1154634,-0.40906575,0.065449476
-7.807558,3.5186965,1.1110044,-0.43572548,0.13948174
-7.826706,3.4800284,1.1009079,-0.44436097,0.20647317
-7.846399,3.4412498,1.0857248,-0.45299643,0.27346462
-7.8667355,3.4026651,1.0653348,-0.46163192,0.34045604
-7.8878055,3.3645928,1.0396438,-0.4410784,0.33291686
-7.9089203,3.3286502,1.0156195,-0.4205249,0.32537767
-7.929923,3.2947888,0.9932149,-0.39997137,0.3178385
-7.950668,3.262958,0.9723821,-0.3881365,0.29576847
-7.9715834,3.2322814,0.9535268,-0.37630165,0.27369845
-7.992553,3.2027378,0.93657476,-0.3644668,0.25162843
-8.01347,3.1743033,0.92145056,-0.35378265,0.25677478
-8.034161,3.1470492,0.90647596,-0.34309852,0.26192114
-8.054592,3.1209571,0.89166915,-0.33241442,0.2670675
-8.074731,3.096008,0.87704825,-0.3156961,0.2460686
-8.094309,3.0724669,0.86423135,-0.29897776,0.22506973
-8.11323,3.0503004,0.8531107,-0.28225943,0.20407085
-8.131408,3.029478,0.843577,-0.2683407,0.18531616
-8.148941,3.0097754,0.8353364,-0.254422,0.16656148
-8.165775,2.9911706,0.8283062,-0.24050331,0.1478068
-8.181859,2.9736438,0.8224031,-0.22100808,0.12687275
-8.196776,2.957579,0.8177423,-0.20151284,0.1059387
-8.21048,2.9429588,0.8141909,-0.1820176,0.08500466
-8.22293,2.929771,0.8116153,-0.16215205,0.037636746
-8.234083,2.9180167,0.8105984,-0.1422865,-0.009731168
-8.243887,2.9077058,0.81082916,-0.12242094,-0.05709908
-8.252307,2.8988464,0.81199354,-0.098731056,-0.11611772
-8.259054,2.89173,0.8139,-0.075041175,-0.17513636
-8.264129,2.8863583,0.8160792,-0.051351298,-0.234155
-8.26755,2.8827195,0.818065,-0.027352214,-0.3
-8.269337,2.8808126,0.8194122,-0.003353127,-0.3
-8.269555,2.8805785,0.81957734,0.02064596,-0.3
-8.268209,2.88202,0.8185604,0.04917343,-0.3
-8.264999,2.8854501,0.8161385,0.0777009,-0.3
-8.259914,2.890858,0.8123115,0.106228374,-0.3
-8.252934,2.8982244,0.8070794,0.13589978,-0.3
-8.243955,2.9076016,0.80038583,0.1655712,-0.3
-8.232939,2.9189527,0.7922309,0.19524261,-0.3
-8.21984,2.9322317,0.7826145,0.2252362,-0.3
-8.204583,2.9474044,0.7715209,0.2552298,-0.3
-8.187104,2.964405,0.75894994,0.2852234,-0.3
-8.167334,2.9831562,0.7449018,0.31522337,-0.3
-8.145195,3.0035708,0.72937596,0.34522334,-0.3
-8.1206045,3.0255492,0.71237254,0.3752233,-0.3
-8.093475,3.0489795,0.6938915,0.40522328,-0.3
-8.063715,3.0737374,0.6739329,0.43522328,-0.3
-8.031227,3.099685,0.6524967,0.46522328,-0.3
-7.9959126,3.1266706,0.6295829,0.49522117,-0.3
-7.9576726,3.1545272,0.6051916,0.523,-0.3
-7.9165826,3.1829526,0.5794321,0.523,-0.3
-7.874774,3.2103105,0.55367255,0.523,-0.22864613
-7.8314457,3.2370949,0.5339154,0.523,-0.15729228
-7.78698,3.2633822,0.5202612,0.523,-0.08593841
-7.7417674,3.289285,0.5127795,0.49415237,0.011128378
-7.6987104,3.3135266,0.513696,0.4653047,0.10819516
-7.6584225,3.336258,0.5220703,0.43645707,0.20526195
-7.621385,3.357566,0.53689694,0.4081497,0.29462436
-7.5878243,3.3775423,0.5566501,0.37984234,0.38398677
-7.557923,3.3961496,0.58036613,0.351535,0.47334915
-7.531758,3.413306,0.6070752,0.32604882,0.5191549
-7.5085073,3.4294553,0.63403654,0.30056265,0.56496066
-7.488055,3.4444938,0.6608558,0.27507648,0.6107664
-7.470265,3.4583254,0.6871484,0.2496318,0.5959419
-7.4542937,3.4714308,0.71050096,0.22418715,0.5811174
-7.4400887,3.4836524,0.7310125,0.19874248,0.56629294
-7.4276023,3.4948494,0.74878365,0.16970044,0.506147
-7.41673,3.5049534,0.76249576,0.14065842,0.44600105
-7.4075537,3.5137188,0.7726082,0.111616395,0.38585514
-7.400149,3.5209367,0.7796094,0.08227431,0.32576963
-7.394605,3.5264165,0.78399783,0.05293223,0.2656841
-7.390989,3.530023,0.78631425,0.023590142,0.2055986
-7.389357,3.5316575,0.7871169,-0.005811085,0.13404498
-7.389764,3.5312495,0.7869875,-0.035212312,0.06249134
-7.392245,3.5287604,0.786621,-0.06461354,-0.00906229
-7.3968077,3.5241864,0.78671855,-0.0943996,-0.07418925
-7.4034557,3.5175207,0.7878847,-0.12418566,-0.13931622
-7.4121304,3.5088031,0.7907589,-0.15397172,-0.20444317
-7.422734,3.4980853,0.7959689,-0.18379678,-0.2009879
-7.4353333,3.4852166,0.8020843,-0.21362185,-0.19753264
-7.4498954,3.47016,0.80907154,-0.24344692,-0.19407737
-7.466382,3.4528737,0.8168968,-0.2727159,-0.12239491
-7.4849095,3.4331408,0.8224461,-0.30198488,-0.05071246
-7.505431,3.4110394,0.8249974,-0.33125386,0.020969993
-7.5279036,3.3867126,0.8238397,-0.34872577,0.09940887
-7.5514793,3.3612509,0.81807154,-0.3661977,0.17784774
-7.576119,3.3349462,0.8072741,-0.3836696,0.25628662
-7.601782,3.308135,0.7910647,-0.37273902,0.31442973
-7.626704,3.282929,0.7718516,-0.36180842,0.37257287
-7.650853,3.2594254,0.74990106,-0.35087782,0.43071598
-7.674184,3.237695,0.72548455,-0.34022924,0.3740247
-7.6978793,3.2166815,0.70476663,-0.32958063,0.31733337
-7.7217317,3.1963956,0.68762654,-0.31893203,0.26064208
-7.745545,3.1768365,0.6739283,-0.30998993,0.26783317
-7.7689033,3.158181,0.6602556,-0.3010478,0.27502424
-7.7917876,3.1404111,0.64662963,-0.29210567,0.2822153
-7.814179,3.123508,0.63307184,-0.2833244,0.26266778
-7.8362374,3.1073205,0.6208106,-0.27454308,0.24312022
-7.857912,3.0918202,0.6097954,-0.26576176,0.22357267
-7.879156,3.076979,0.5999749,-0.2594686,0.21942855
-7.900058,3.06268,0.5905617,-0.2531754,0.21528444
-7.920602,3.048908,0.58154756,-0.2468822,0.21114033
-7.9407735,3.0356474,0.5729242,-0.23972744,0.20382649
-7.960501,3.022921,0.5648367,-0.23257269,0.19651265
-7.9797683,3.0107117,0.5572683,-0.22541793,0.18919882
-7.998558,2.9990027,0.55020255,-0.21941262,0.17682827
-8.01697,2.9877093,0.5437698,-0.21340734,0.16445771
-8.034986,2.9768174,0.5379467,-0.20740204,0.15208715
-8.052591,2.9663131,0.5327098,-0.19170135,0.14945412
-8.068921,2.9566858,0.52795243,-0.17600067,0.14682108
-8.083961,2.9479148,0.52366114,-0.16029999,0.14418805
-8.097698,2.9399822,0.51982224,-0.14598025,0.091201596
-8.110315,2.9327612,0.5176064,-0.13166054,0.03821515
-8.121749,2.9262514,0.516768,-0.1173408,-0.0147713
-8.131949,2.9204545,0.5170569,-0.0955616,-0.05142855
-8.140245,2.915737,0.5178756,-0.07378239,-0.0880858
-8.146631,2.9120986,0.5189574,-0.052003186,-0.12474305
-8.151112,2.9095395,0.52003574,-0.02996693,-0.17573465
-8.153672,2.9080732,0.52090895,-0.007930673,-0.22672625
-8.154343,2.9076886,0.5212061,0.0141055845,-0.27771786
-8.153166,2.908364,0.5205615,0.043415,-0.2749408
-8.149541,2.9104424,0.51859707,0.07272441,-0.27216375
-8.143457,2.9139142,0.51533884,0.102033824,-0.2693867
-8.134899,2.9187615,0.51081294,0.13187008,-0.25353974
-8.123764,2.9250023,0.5053001,0.16170633,-0.2376928
-8.110012,2.93261,0.49895415,0.1915426,-0.22184587
-8.093605,2.9415507,0.49192995,0.22146407,-0.18030457
-8.074401,2.9518416,0.4853108,0.25138554,-0.13876328
-8.052379,2.9634557,0.47951558,0.281307,-0.09722199
-8.027538,2.9763722,0.47496456,0.31130603,-0.12751088
-8.000078,2.990493,0.46836665,0.34130502,-0.15779977
-7.970002,3.0057092,0.45942754,0.37130404,-0.18808866
-7.937309,3.0218837,0.44785637,0.40130404,-0.28013974
-7.9025464,3.038584,0.4293636,0.43130404,-0.3
-7.8650823,3.055737,0.40812045,0.46130404,-0.3
-7.8246317,3.0732276,0.38539967,0.4907498,-0.22829585
-7.7803364,3.0911977,0.36688876,0.5201956,-0.1565917
-7.732373,3.1096296,0.35336778,0.523,-0.08488755
-7.683481,3.1276634,0.3459773,0.49963155,0.013774931
-7.636483,3.144605,0.34712434,0.47626308,0.11243741
-7.5919805,3.1607049,0.3560305,0.45289463,0.2110999
-7.550473,3.1761403,0.37184677,0.42712128,0.306298
-7.512532,3.190937,0.3933118,0.40134797,0.40149608
-7.4784102,3.2050955,0.41945267,0.37557462,0.49669418
-7.448253,3.2185428,0.44928092,0.35293224,0.56637585
-7.421427,3.2314777,0.48084348,0.33028984,0.63605756
-7.3978696,3.243767,0.5135437,0.30764747,0.70573926
-7.377474,3.2552707,0.54680026,0.28349075,0.69393206
-7.3588586,3.266602,0.57701874,0.25933403,0.68212485
-7.3419876,3.2775838,0.60426795,0.2351773,0.67031765
-7.326822,3.2880545,0.62861806,0.20644805,0.62285835
-7.313259,3.2979145,0.6486903,0.17771879,0.57539904
-7.301378,3.3069224,0.66480845,0.14898953,0.52793974
-7.2912483,3.3148623,0.6773175,0.11953625,0.4717946
-7.282951,3.321535,0.6863721,0.09008296,0.41564944
-7.276576,3.326758,0.69243443,0.060629673,0.35950428
-7.2722077,3.3303812,0.69598943,0.031057343,0.29793593
-7.269929,3.3322847,0.69750893,0.0014850106,0.23636761
-7.2698183,3.3323774,0.69756687,-0.028087322,0.17479928
-7.2719383,3.3306007,0.6967527,-0.057916336,0.09857532
-7.2763586,3.3269022,0.69580275,-0.087745346,0.02235136
-7.2830915,3.321279,0.69547594,-0.117574364,-0.053872596
-7.292105,3.3137565,0.6965311,-0.14744274,-0.07054721
-7.303387,3.3043206,0.6982633,-0.17731114,-0.087221816
-7.316917,3.2929647,0.70083755,-0.20717952,-0.103896424
-7.3326664,3.2796767,0.70441866,-0.23681353,-0.042128224
-7.350695,3.2643545,0.7060809,-0.26644754,0.019639974
-7.3709655,3.2470691,0.7052088,-0.29608157,0.08140817
-7.393437,3.2279408,0.701196,-0.32154256,0.15753907
-7.417701,3.207454,0.6927883,-0.34700355,0.23366998
-7.443676,3.1858938,0.67939687,-0.37246454,0.3098009
-7.4712725,3.163605,0.6604714,-0.36539268,0.34198627
-7.4984565,3.1424868,0.64004844,-0.35832086,0.37417164
-7.5252075,3.1225672,0.6182206,-0.351249,0.40635705
-7.5515003,3.103867,0.5950812,-0.33607724,0.37149546
-7.5774326,3.0863125,0.574748,-0.3209055,0.33663386
-7.602855,3.0698466,0.5570815,-0.30573374,0.30177227
-7.6276336,3.0544126,0.5419369,-0.29714304,0.29495385
-7.651991,3.039748,0.5275405,-0.2885523,0.28813544
-7.675895,3.0258207,0.5138744,-0.27996162,0.28131703
-7.699317,3.0126,0.50092053,-0.27148342,0.26971486
-7.722269,3.0000339,0.4888641,-0.26300523,0.25811267
-7.74472,2.9880917,0.47767514,-0.25452706,0.24651048
-7.76664,2.9767444,0.46732348,-0.24806997,0.23546237
-7.788176,2.9658773,0.457678,-0.24161288,0.22441424
-7.8093076,2.955469,0.44871676,-0.23515579,0.21336614
-7.8300147,2.945499,0.44041768,-0.22801316,0.2230283
-7.850129,2.9360192,0.4320122,-0.22087052,0.23269045
-7.8696465,2.9270205,0.42352355,-0.21372788,0.24235262
-7.8885612,2.9184935,0.4149749,-0.21121563,0.23234794
-7.907371,2.9102068,0.40686905,-0.20870338,0.22234324
-7.926066,2.9021509,0.39919865,-0.20619114,0.21233854
-7.944637,2.8943167,0.3919563,-0.19276553,0.21372472
-7.962046,2.8871207,0.385142,-0.17933993,0.2151109
-7.9782834,2.8805382,0.3787618,-0.16591431,0.21649708
-7.993339,2.8745465,0.3728218,-0.15229364,0.17658642
-8.007301,2.8690856,0.3683629,-0.13867295,0.13667578
-8.020118,2.8641386,0.36521384,-0.12505226,0.09676512
-8.031744,2.8596933,0.36320022,-0.10226688,0.059522897
-8.041286,2.8560665,0.36218628,-0.0794815,0.022280669
-8.0487175,2.853251,0.36189115,-0.056696117,-0.014961558
-8.054019,2.851244,0.3620325,-0.030315755,-0.031575553
-8.056852,2.8501709,0.36219203,-0.003935392,-0.04818955
-8.05722,2.8500316,0.36222363,0.02244497,-0.06480355
-8.055126,2.8508253,0.36198136,0.051169306,-0.058991987
-8.050349,2.8526342,0.36147857,0.07989364,-0.053180426
-8.042887,2.8554556,0.36077076,0.10861797,-0.047368865
-8.032735,2.8592856,0.3599136,0.13840693,0.028989738
-8.019787,2.8641582,0.3605822,0.16819587,0.10534834
-8.004136,2.8700595,0.36352995,0.19798483,0.18170695
-7.985936,2.8769834,0.3694929,0.22791864,0.26860258
-7.9654446,2.8849194,0.37957388,0.25785244,0.35549822
-7.942992,2.893876,0.3945318,0.28778625,0.44239384
-7.918982,2.903873,0.41506553,0.31778392,0.49041596
-7.893329,2.915177,0.4400112,0.34778163,0.5384381
-7.866316,2.9278948,0.4697347,0.3777793,0.5864602
-7.8382587,2.9421377,0.50457954,0.40777722,0.49404114
-7.806831,2.959494,0.5368067,0.43777514,0.40162212
-7.7722044,2.9801002,0.5653286,0.46777305,0.30920312
