9.410485,-0.23252948,1.6790162,-0.124121554,0.0
9.411825,-0.24486902,1.6790162,-0.1539325,0.09286646
9.413481,-0.26010627,1.6766372,-0.18374345,0.18573292
9.415389,-0.27806354,1.6709819,-0.2135544,0.27859938
9.417442,-0.2984926,1.6611937,-0.2432755,0.35628313
9.4195,-0.32119927,1.6470516,-0.2729966,0.43396688
9.421388,-0.34589642,1.6279203,-0.30271772,0.5116506
9.4228945,-0.37224844,1.6032176,-0.33222225,0.53036326
9.423823,-0.40089166,1.5752087,-0.36172676,0.5490759
9.42396,-0.4317469,1.5437446,-0.3912313,0.56778854
9.423067,-0.46471927,1.5086792,-0.42043704,0.5370664
9.420825,-0.5007741,1.4728287,-0.44964278,0.5063443
9.416979,-0.5399079,1.4364839,-0.47884852,0.47562218
9.411279,-0.5820945,1.3999404,-0.507218,0.45700574
9.40354,-0.62694836,1.3626376,-0.523,0.4383893
9.393753,-0.6732804,1.325637,-0.523,0.41977286
9.382161,-0.71961176,1.2901119,-0.523,0.40856457
9.368866,-0.76572883,1.2554812,-0.523,0.39735627
9.35391,-0.8115764,1.2217493,-0.523,0.38614798
9.337341,-0.8571039,1.1889204,-0.523,0.38022545
9.3192425,-0.9021704,1.1565702,-0.523,0.37430292
9.29965,-0.9467324,1.1247,-0.523,0.36838043
9.2786,-0.9907489,1.0933108,-0.523,0.35554278
9.256068,-1.0342942,1.0629681,-0.523,0.34270513
9.232115,-1.0773365,1.033677,-0.523,0.3298675
9.206798,-1.1198493,1.0054423,-0.523,0.31961557
9.180199,-1.1617749,0.9780543,-0.523,0.30936363
9.152369,-1.2030939,0.9515162,-0.523,0.2991117
9.12336,-1.2437906,0.92583066,-0.523,0.29502547
9.093276,-1.2837789,0.9004857,-0.523,0.2909392
9.062152,-1.3230404,0.8754818,-0.523,0.28685296
9.030016,-1.3615581,0.85081923,-0.523,0.28545395
8.996926,-1.3992872,0.82627374,-0.523,0.28405493
8.962907,-1.4362079,0.80184525,-0.523,0.2826559
8.927981,-1.4723014,0.7775338,-0.523,0.2817721
8.89218,-1.5075442,0.75329643,-0.523,0.2808883
8.855526,-1.5419178,0.729133,-0.523,0.28000447
8.818042,-1.5754043,0.7050436,-0.523,0.28197387
8.779784,-1.6079596,0.68078935,-0.523,0.28394327
8.74077,-1.6395595,0.65637016,-0.523,0.28591266
8.701019,-1.6701797,0.6317863,-0.523,0.2866337
8.660537,-1.6998072,0.6071421,-0.523,0.2873547
8.619345,-1.728422,0.58243763,-0.523,0.28807575
8.577468,-1.7560048,0.5576729,-0.523,0.2891851
8.534934,-1.7825334,0.5328155,-0.523,0.2902945
8.491769,-1.8079882,0.50786537,-0.523,0.29140386
8.447997,-1.8323501,0.48282266,-0.523,0.2950269
8.403677,-1.8555828,0.45747757,-0.523,0.29864994
8.358831,-1.8776605,0.43183053,-0.523,0.302273
8.313486,-1.8985574,0.4058818,-0.523,0.3020504
8.267611,-1.9182721,0.3799516,-0.523,0.30182782
8.221236,-1.9367921,0.3540399,-0.523,0.30160525
8.174395,-1.9541055,0.32814676,-0.523,0.30520853
8.127173,-1.9701823,0.30195388,-0.523,0.3088118
8.079601,-1.9849998,0.27546158,-0.523,0.3124151
8.031709,-1.9985363,0.24867024,-0.523,0.31394392
7.9834957,-2.0107791,0.2217521,-0.523,0.31547275
7.934994,-2.0217142,0.19470726,-0.523,0.31700158
7.886239,-2.031329,0.16753575,-0.523,0.3194306
7.83728,-2.039609,0.14016315,-0.523,0.3218596
7.7881517,-2.0465405,0.11258961,-0.523,0.32428858
7.7388916,-2.0521102,0.08481531,-0.523,0.32958788
7.6895847,-2.056302,0.056603543,-0.523,0.33488718
7.6402693,-2.0590966,0.027955117,-0.523,0.34018648
7.590986,-2.0604746,-0.0011291632,-0.523,0.34679297
7.541799,-2.060419,-0.03075567,-0.523,0.3533995
7.4927545,-2.0589104,-0.060923114,-0.523,0.36000597
7.443898,-2.0559301,-0.09163017,-0.523,0.36329204
7.3952165,-2.051457,-0.12260514,-0.523,0.36657807
7.346758,-2.0454857,-0.15384766,-0.523,0.3698641
7.2985706,-2.038013,-0.18535744,-0.523,0.36518174
7.250556,-2.0290098,-0.21648632,-0.523,0.3604994
7.20276,-2.018498,-0.24723363,-0.523,0.35581705
7.1552267,-2.0065007,-0.27759868,-0.523,0.3543447
7.108054,-1.9930584,-0.30784342,-0.523,0.3528723
7.0612836,-1.9781878,-0.33796775,-0.523,0.35139993
7.0149574,-1.9619063,-0.3679716,-0.523,0.34651193
6.969059,-1.944211,-0.39757508,-0.523,0.34162393
6.9236245,-1.9251316,-0.42677745,-0.523,0.33673593
6.87869,-1.9046984,-0.455578,-0.523,0.32150176
6.8341303,-1.8828664,-0.48312196,-0.523,0.3062676
6.7899714,-1.8597012,-0.5094029,-0.523,0.29103342
6.7462316,-1.8352693,-0.5344147,-0.523,0.28129598
6.702993,-1.809678,-0.5586122,-0.523,0.27155858
6.6602683,-1.7829742,-0.5819932,-0.523,0.26182118
6.6180673,-1.7552052,-0.6045555,-0.523,0.2569664
6.5764503,-1.7264541,-0.6267087,-0.523,0.25211164
6.535428,-1.6967508,-0.64845234,-0.523,0.24725686
6.495012,-1.6661246,-0.669786,-0.523,0.2505195
6.455291,-1.6346694,-0.6913952,-0.523,0.25378215
6.4162917,-1.6023903,-0.71327984,-0.523,0.2570448
6.378041,-1.5692939,-0.7354397,-0.523,0.2635761
6.340598,-1.5354168,-0.7581496,-0.523,0.2701074
6.3039994,-1.5007603,-0.7814087,-0.523,0.27663872
6.268282,-1.4653269,-0.805216,-0.523,0.2880038
6.233533,-1.4291728,-0.8299748,-0.523,0.29936892
6.199806,-1.3922963,-0.8556817,-0.523,0.31073403
6.1671553,-1.3547,-0.8823336,-0.523,0.32212958
6.1356354,-1.31639,-0.90992945,-0.523,0.33352515
6.105303,-1.2773765,-0.9384657,-0.523,0.3449207
6.0762124,-1.2376734,-0.96793866,-0.523,0.3538559
6.0483956,-1.197262,-0.99814343,-0.523,0.36279112
6.0219007,-1.1561668,-1.0290776,-0.523,0.3717263
5.996776,-1.1144154,-1.0607387,-0.523,0.37728143
5.9730377,-1.0719825,-1.0928503,-0.523,0.38283652
5.9507236,-1.0289049,-1.1254117,-0.523,0.3883916
5.9298706,-0.98522234,-1.1584218,-0.523,0.39013308
5.9104843,-0.94090706,-1.1915723,-0.523,0.39187455
5.8925905,-0.8960058,-1.224863,-0.523,0.39361602
5.876213,-0.8505666,-1.2582942,-0.523,0.3916584
5.8613515,-0.8045681,-1.2915676,-0.523,0.38970077
5.8480177,-0.75806326,-1.3246832,-0.523,0.38774312
5.8362217,-0.7111047,-1.357641,-0.523,0.37224388
5.8259153,-0.6634891,-1.389344,-0.523,0.35674462
5.817072,-0.6152866,-1.4197849,-0.523,0.34124535
5.8096576,-0.5665631,-1.4489561,-0.523,0.32876715
5.8036413,-0.51743126,-1.4771003,-0.523,0.31628895
5.798991,-0.46794352,-1.5042127,-0.523,0.30381075
5.7956705,-0.41814926,-1.5302893,-0.523,0.29330698
5.793643,-0.36812392,-1.555491,-0.523,0.2828032
5.7928743,-0.3179073,-1.5798147,-0.523,0.27229944
5.793329,-0.26753637,-1.6032579,-0.523,0.2624131
5.794968,-0.21705337,-1.6258699,-0.523,0.25252676
5.7977557,-0.16648889,-1.6476486,-0.523,0.24264044
5.8016534,-0.11587076,-1.6685919,-0.523,0.23281062
5.8066225,-0.06522488,-1.6887023,-0.523,0.2229808
5.812622,-0.014573809,-1.7079782,-0.523,0.21315098
5.8196125,0.03606238,-1.7264175,-0.523,0.20234191
5.8275533,0.086676255,-1.7439349,-0.523,0.19153284
5.8363986,0.13725224,-1.7605282,-0.523,0.18072376
5.8461013,0.18777722,-1.7761958,-0.523,0.1742187
5.856607,0.2382028,-1.7913051,-0.523,0.16771364
5.8678856,0.28852037,-1.8058556,-0.523,0.1612086
5.8799086,0.33872268,-1.8198469,-0.523,0.16315909
5.8926287,0.3887359,-1.834006,-0.523,0.16510957
5.9060507,0.4385479,-1.8483326,-0.523,0.16706006
5.920181,0.4881463,-1.8628271,-0.523,0.15863714
5.935049,0.5376031,-1.876597,-0.523,0.15021423
5.950617,0.5869151,-1.8896415,-0.523,0.1417913
5.966847,0.6360806,-1.9019597,-0.523,0.13744411
5.983691,0.6850725,-1.9139025,-0.523,0.1330969
6.00113,0.7338885,-1.9254699,-0.523,0.12874971
6.019143,0.78252745,-1.9366616,-0.523,0.11192375
6.0377364,0.83106035,-1.9463973,-0.523,0.09509778
6.056835,0.87949455,-1.9546741,-0.523,0.07827181
6.0763626,0.92783964,-1.9614898,-0.523,0.07142468
6.096229,0.9760753,-1.9677104,-0.523,0.06457755
6.116405,1.0242089,-1.9733355,-0.523,0.057730418
6.1368594,1.0722483,-1.9783648,-0.523,0.0534962
6.1575603,1.1201956,-1.9830258,-0.523,0.04926198
6.178489,1.1680562,-1.987318,-0.523,0.045027763
6.1996274,1.2158363,-1.9912416,-0.523,0.04427994
6.2209535,1.2635345,-1.9951,-0.523,0.043532114
6.2424645,1.3111516,-1.9988934,-0.523,0.042784292
6.2641563,1.3586885,-2.0026217,-0.50924295,0.055301614
6.285437,1.4048674,-2.007313,-0.49548596,0.06781893
6.3063374,1.4496665,-2.0129092,-0.4817289,0.08033626
6.3268814,1.4930671,-2.0193522,-0.45629427,0.09275459
6.3465843,1.534006,-2.026396,-0.43085963,0.10517292
6.3654375,1.5724832,-2.0339346,-0.40542498,0.11759125
6.383425,1.6085043,-2.041862,-0.37717068,0.14409363
6.4003654,1.6417651,-2.0508888,-0.3489164,0.17059603
6.4162464,1.672263,-2.0607612,-0.3206621,0.19709843
6.431044,1.7000089,-2.0712268,-0.29250774,0.21063545
6.444769,1.7251056,-2.08142,-0.26435333,0.22417247
6.457365,1.7475917,-2.0912142,-0.23619893,0.2377095
6.4687796,1.7675084,-2.1004841,-0.21829809,0.26398546
6.4794273,1.7856941,-2.1099775,-0.20039727,0.29026142
6.489286,1.8021715,-2.1195366,-0.18249643,0.31653738
6.498332,1.8169682,-2.1290045,-0.17141058,0.32159266
6.506946,1.8307619,-2.1380343,-0.16032471,0.32664794
6.515105,1.8435686,-2.146608,-0.14923885,0.33170322
6.522788,1.8554037,-2.1547081,-0.14295906,0.30842504
6.5302973,1.8667681,-2.1619408,-0.13667926,0.28514686
6.537607,1.8776584,-2.1683488,-0.13039948,0.2618687
6.5446935,1.8880712,-2.1739752,-0.13167237,0.24774463
6.5519347,1.8985838,-2.1793568,-0.13294525,0.23362058
6.5593286,1.9091953,-2.1844862,-0.13421814,0.21949652
6.5668726,1.9199047,-2.189357,-0.13342637,0.19877842
6.574457,1.9305611,-2.1937482,-0.1326346,0.17806032
6.582073,1.9411628,-2.1976635,-0.1318428,0.15734223
6.5897117,1.9517084,-2.2011068,-0.13193564,0.14031348
6.5974116,1.962262,-2.2041821,-0.13202846,0.12328473
6.6051664,1.9728231,-2.206888,-0.13212128,0.10625598
6.612971,1.9833914,-2.2092235,-0.1316749,0.084096864
6.6207905,1.993928,-2.211067,-0.13122852,0.061937742
6.628615,2.0044315,-2.2124207,-0.13078214,0.039778627
6.636436,2.0149004,-2.2132876,-0.1301239,0.03501754
6.644228,2.0253117,-2.2140467,-0.12946567,0.03025645
6.65199,2.0356662,-2.2146995,-0.12880743,0.025495362
6.65972,2.0459645,-2.2152467,-0.13126132,0.05823219
6.6675925,2.05644,-2.21652,-0.13371521,0.09096901
6.675606,2.0670753,-2.2185445,-0.1361691,0.12370584
6.683759,2.077851,-2.221345,-0.1445564,0.1526329
6.6924124,2.0892203,-2.225008,-0.1529437,0.18155997
6.701566,2.1011574,-2.2296107,-0.161331,0.21048704
6.7112246,2.1136327,-2.2352285,-0.17267412,0.23872593
6.72157,2.126841,-2.242034,-0.18401726,0.26696482
6.7326097,2.1407402,-2.2501247,-0.19536038,0.29520372
6.744353,2.1552818,-2.2595975,-0.20724238,0.32116377
6.7568517,2.1704628,-2.270501,-0.21912438,0.34712383
6.7701216,2.1862268,-2.2829251,-0.23100638,0.3730839
6.7841783,2.2025104,-2.2969582,-0.2325576,0.32501867
6.7988114,2.218989,-2.3093352,-0.23410882,0.27695343
6.8139715,2.2356405,-2.3200037,-0.23566003,0.22888818
6.8296027,2.2524462,-2.3289156,-0.230818,0.19824786
6.845162,2.2688782,-2.336492,-0.22597599,0.16760755
6.8606033,2.2849407,-2.342775,-0.22113398,0.13696721
6.875884,2.3006372,-2.3478074,-0.2123813,0.13612504
6.8906374,2.3156402,-2.352611,-0.20362864,0.13528287
6.9048533,2.3299584,-2.3571882,-0.19487599,0.1344407
