8.3978815,9.820113,-2.4630058,0.67240393,0.0
8.345538,9.777906,-2.4630058,0.523,-0.09998183
8.305028,9.745242,-2.4717064,0.523,-0.19996366
8.264847,9.713416,-2.4890206,0.523,-0.2999455
8.225149,9.683076,-2.5147758,0.523,-0.3
8.184683,9.653769,-2.5405352,0.523,-0.3
8.143476,9.625513,-2.5662947,0.523,-0.3
8.101554,9.598329,-2.5920541,0.523,-0.3
8.058947,9.572232,-2.6178136,0.523,-0.3
8.015681,9.547242,-2.6435733,0.523,-0.3
7.971786,9.5233755,-2.6693327,0.523,-0.3
7.927291,9.500647,-2.6950922,0.523,-0.3
7.882225,9.479072,-2.7208517,0.523,-0.3
7.8366184,9.458664,-2.7466114,0.523,-0.3
7.790501,9.439439,-2.7723708,0.523,-0.3
7.7439046,9.421407,-2.7981303,0.523,-0.3
7.6968584,9.404582,-2.8238897,0.523,-0.3
7.649395,9.388973,-2.8496492,0.523,-0.3
7.601545,9.374594,-2.875409,0.523,-0.3
7.5533404,9.36145,-2.9011683,0.523,-0.3
7.5048137,9.349553,-2.9269278,0.523,-0.3
7.455996,9.338909,-2.9526873,0.523,-0.3
7.406921,9.329527,-2.978447,0.523,-0.3
7.3576202,9.321412,-3.0042064,0.523,-0.3
7.308127,9.314569,-3.0299659,0.523,-0.3
7.258474,9.309003,-3.0557253,0.523,-0.3
7.208694,9.304718,-3.0814848,0.523,-0.3
7.1588197,9.301717,-3.1072445,0.523,-0.3
7.1088853,9.300001,-3.133004,0.523,-0.3
7.0589232,9.299572,3.1244218,0.523,-0.3
7.0089664,9.300429,3.0986624,0.523,-0.3
6.9590483,9.302574,3.072903,0.523,-0.20016083
6.907913,9.306092,3.0555718,0.523,-0.10032167
6.8560686,9.310563,3.0468416,0.523,-0.00048251153
6.8040032,9.315511,3.0467997,0.523,0.09927461
6.7521944,9.3204365,3.055439,0.523,0.19903174
6.701117,9.324848,3.0726736,0.523,0.29878885
6.6512527,9.32829,3.0983322,0.523,0.39841613
6.603094,9.330375,3.1321492,0.523,0.49804342
6.55715,9.330809,-3.109396,0.523,0.5976707
6.5139384,9.329417,-3.0603456,0.523,0.49767086
6.4681344,9.325687,-3.018734,0.523,0.39767104
6.420279,9.319778,-2.9849768,0.523,0.29767123
6.370891,9.311979,-2.9594111,0.523,0.19767208
6.320458,9.302689,-2.9422927,0.523,0.097672954
6.269438,9.292383,-2.9337926,0.523,-0.0023261725
6.218263,9.281593,-2.9339952,0.523,-0.10231495
6.1673536,9.27087,-2.9428983,0.523,-0.20230372
6.117128,9.260757,-2.9604123,0.523,-0.3
6.0679817,9.251754,-2.9861717,0.523,-0.3
6.01862,9.2440195,-3.0119312,0.523,-0.3
5.969075,9.237559,-3.0376909,0.523,-0.3
5.9193807,9.232378,-3.0634503,0.523,-0.3
5.869569,9.2284775,-3.0892098,0.523,-0.3
5.8196735,9.225862,-3.1149693,0.523,-0.3
5.769727,9.224531,-3.140729,0.523,-0.3
5.719763,9.224488,3.1166968,0.523,-0.3
5.6698146,9.225732,3.0909374,0.523,-0.3
5.6199145,9.228262,3.065178,0.523,-0.2003613
5.56881,9.232174,3.0478296,0.523,-0.100722596
5.517004,9.237046,3.039065,0.523,-0.0010838986
5.4649787,9.242399,3.0389705,0.523,0.09841907
5.4132056,9.247731,3.0475354,0.523,0.19792204
5.362153,9.252547,3.0646753,0.523,0.297425
5.3122973,9.25639,3.0902202,0.523,0.3966964
5.2641225,9.258866,3.1238992,0.523,0.49596775
5.218131,9.25968,-3.117805,0.523,0.5952391
5.1748385,9.25865,-3.0689301,0.523,0.49523968
5.1289434,9.255309,-3.027505,0.523,0.39524022
5.0809894,9.249814,-2.993943,0.523,0.29524076
5.0314965,9.242454,-2.9685802,0.523,0.19524373
4.980956,9.233621,-2.9516692,0.523,0.09524671
4.9298296,9.223792,-2.9433794,0.523,-0.0047503174
4.878554,9.213493,-2.9437935,0.523,-0.10471906
4.8275547,9.203273,-2.952905,0.523,-0.2046878
4.7772555,9.193667,-2.9706225,0.523,-0.3
4.7280197,9.185166,-2.996382,0.523,-0.3
4.6785817,9.177937,-3.0221417,0.523,-0.3
4.6289735,9.171983,-3.0479012,0.523,-0.3
4.5792284,9.167308,-3.0736606,0.523,-0.3
4.52938,9.163917,-3.09942,0.523,-0.3
4.4794602,9.16181,-3.1251795,0.523,-0.3
4.4295025,9.16099,3.1322463,0.523,-0.3
4.379541,9.161457,3.1064866,0.523,-0.3
4.3296075,9.163211,3.080727,0.523,-0.3
4.279736,9.16625,3.0549676,0.523,-0.20076177
4.2286787,9.170684,3.0375853,0.523,-0.10152354
4.176929,9.176085,3.028751,0.523,-0.0022853136
4.124962,9.181974,3.0285518,0.523,0.096769035
4.0732384,9.187846,3.0369737,0.523,0.19582339
4.0222187,9.193204,3.053934,0.523,0.29487774
3.9723682,9.197585,3.0792665,0.523,0.3937943
3.924165,9.200593,3.1127121,0.523,0.49271083
3.8781052,9.201923,-3.129242,0.523,0.5916274
3.8346977,9.201387,-3.0806282,0.523,0.49163008
3.7886775,9.198579,-3.03948,0.523,0.39163274
3.7405891,9.193651,-3.0062084,0.523,0.29163542
3.6909559,9.18689,-2.9811466,0.523,0.19164735
3.6402729,9.178688,-2.9645433,0.523,0.09165928
3.5890064,9.169515,-2.956565,0.523,-0.008328795
3.537601,9.159893,-2.957291,0.523,-0.1081994
3.4864874,9.150365,-2.966704,0.523,-0.20807001
3.436096,9.141461,-2.98471,0.523,-0.3
3.3867455,9.133655,-3.0104694,0.523,-0.3
3.3372102,9.127122,-3.036229,0.523,-0.3
3.2875233,9.121867,-3.0619886,0.523,-0.3
3.2377174,9.117894,-3.087748,0.523,-0.3
3.1878257,9.115205,-3.1135075,0.523,-0.3
3.1378813,9.113802,-3.139267,0.523,-0.3
3.0879173,9.113686,3.1181588,0.523,-0.3
3.037967,9.114857,3.0923991,0.523,-0.3
2.9880633,9.117313,3.0666397,0.523,-0.3
2.9382396,9.121055,3.0408802,0.523,-0.20116527
2.8872538,9.126207,3.0234632,0.523,-0.10233054
2.83559,9.132339,3.014559,0.523,-0.0034958124
2.7837117,9.138965,3.0142543,0.523,0.095176935
2.73207,9.1455765,3.0225382,0.523,0.19384968
2.6811128,9.151672,3.0393298,0.523,0.29252243
2.6312962,9.156784,3.0644658,0.523,0.39110345
2.583089,9.16051,3.0976944,0.523,0.48968446
2.53698,9.162536,3.138693,0.523,0.5882655
2.4934714,9.162662,-3.0961218,0.523,0.68698084
2.4530766,9.160823,-3.0408401,0.523,0.7856962
2.4162936,9.1571045,-2.9791856,0.523,0.88441163
2.3835847,9.151746,-2.9117584,0.523,0.78441316
2.3475401,9.143312,-2.850183,0.523,0.68441474
2.308727,9.13167,-2.7950747,0.523,0.5844163
2.2676997,9.116856,-2.7469838,0.523,0.4844233
2.2249742,9.099063,-2.7063904,0.523,0.38443035
2.1810107,9.078623,-2.6737,0.523,0.2844374
2.1362076,9.055983,-2.6492395,0.523,0.1844884
2.0909016,9.03168,-2.6332495,0.523,0.08453943
2.045378,9.006315,-2.6258893,0.523,-0.015409541
1.9998853,8.980526,-2.6272323,0.523,-0.11468468
1.9546516,8.954965,-2.6372073,0.523,-0.21395981
1.9099085,8.930266,-2.6557155,0.523,-0.3
1.865727,8.906934,-2.681475,0.523,-0.3
1.8209591,8.884747,-2.7072344,0.523,-0.3
1.7756346,8.863721,-2.7329938,0.523,-0.3
1.7297837,8.843869,-2.7587533,0.523,-0.3
1.6834366,8.825205,-2.784513,0.523,-0.3
1.6366242,8.80774,-2.8102725,0.523,-0.3
1.5893774,8.791487,-2.836032,0.523,-0.3
1.5417278,8.776457,-2.8617914,0.523,-0.3
1.4937067,8.762658,-2.8875508,0.523,-0.3
1.4453462,8.750101,-2.9133105,0.523,-0.3
1.3966784,8.738794,-2.93907,0.523,-0.3
1.3477354,8.7287445,-2.9648294,0.523,-0.3
1.2985499,8.719958,-2.990589,0.523,-0.3
1.2491543,8.712442,-3.0163486,0.523,-0.3
1.1995816,8.706201,-3.042108,0.523,-0.3
1.1498646,8.701239,-3.0678675,0.523,-0.29472747
1.0999557,8.697553,-3.0931876,0.523,-0.28945494
1.04989,8.695127,-3.1180675,0.523,-0.2841824
0.9997016,8.693946,3.1406786,0.523,-0.2591291
0.94914776,8.693993,3.118343,0.523,-0.23407583
0.8982878,8.695175,3.0981252,0.523,-0.20902255
0.84717447,8.697398,3.0800378,0.523,-0.109714165
0.7952874,8.700596,3.0704937,0.523,-0.010405779
0.74312234,8.704311,3.0695865,0.523,0.08890261
0.69116384,8.708059,3.0773258,0.523,0.18752566
0.6398868,8.711359,3.0935762,0.523,0.28614873
0.5897713,8.713767,3.1181798,0.523,0.3847718
0.5413085,8.714902,-3.1322877,0.523,0.48346058
0.49500453,8.714471,-3.0917687,0.523,0.5821494
0.45137346,8.712296,-3.0438428,0.523,0.68083817
0.41092798,8.708329,-2.988976,0.523,0.5809222
0.36771563,8.701683,-2.9411395,0.523,0.48100615
0.3222785,8.692451,-2.90081,0.523,0.38109016
0.27513105,8.680874,-2.8683898,0.523,0.2821157
0.2267616,8.66732,-2.8441236,0.523,0.18314125
0.17759477,8.652247,-2.828249,0.523,0.08416679
0.12801747,8.636184,-2.820921,0.523,-0.0032053948
0.078383766,8.619699,-2.8212004,0.523,-0.09057758
0.028948696,8.603294,-2.829085,0.523,-0.17794976
-0.0200323,8.587469,-2.8445146,0.523,-0.18292885
-0.06920695,8.572414,-2.860371,0.523,-0.18790792
-0.118567996,8.558156,-2.8766541,0.523,-0.19288701
-0.1681071,8.544715,-2.8933635,0.523,-0.16715156
-0.21809748,8.532044,-2.9078658,0.523,-0.1414161
-0.26846755,8.520052,-2.9201515,0.523,-0.11568065
-0.31914946,8.508642,-2.9302125,0.523,-0.10196895
-0.37001976,8.497726,-2.9390852,0.523,-0.088257246
-0.42105165,8.487248,-2.9467685,0.523,-0.07454555
-0.4722197,8.477151,-2.9532604,0.523,-0.055724543
-0.52351516,8.467375,-2.958115,0.523,-0.03690354
-0.57490236,8.457839,-2.9613311,0.523,-0.01808254
-0.62634647,8.448464,-2.9629073,0.523,-0.0031910718
-0.67781353,8.439169,-2.9631853,0.523,0.011700397
-0.7292799,8.429888,-2.9621656,0.523,0.026591867
-0.7807221,8.420557,-2.959848,0.523,0.0436109
-0.8321118,8.411114,-2.9560478,0.523,0.060629934
-0.88341963,8.401483,-2.950766,0.523,0.07764897
-0.93461555,8.391593,-2.9440045,0.523,0.091861695
-0.9856817,8.38137,-2.9360085,0.523,0.10607442
-1.0365926,8.370753,-2.9267795,0.523,0.12028715
-1.0873213,8.359685,-2.9163198,0.523,0.132587
-1.1378524,8.348105,-2.9047964,0.523,0.14488685
-1.1881603,8.335964,-2.8922112,0.523,0.15718669
-1.2382176,8.3232155,-2.8785663,0.523,0.1669865
-1.2880164,8.309807,-2.864078,0.523,0.1767863
-1.3375314,8.295702,-2.8487484,0.523,0.1865861
-1.3867357,8.280866,-2.8325784,0.523,0.19465041
-1.4356176,8.265261,-2.8157184,0.523,0.20271471
-1.4841505,8.24886,-2.7981691,0.523,0.21077901
-1.5323067,8.23164,-2.779932,0.523,0.2183086
-1.5800624,8.213574,-2.7610536,0.523,0.22583818
-1.627388,8.194642,-2.741535,0.523,0.23336776
-1.6742526,8.174825,-2.7213771,0.523,0.23908654
-1.7206444,8.154096,-2.7007349,0.523,0.24480532
-1.7665334,8.132444,-2.6796086,0.523,0.2505241
-1.8118893,8.10986,-2.6579988,0.523,0.25543916
-1.8566896,8.086331,-2.6359744,0.523,0.26035422
-1.9009036,8.061854,-2.6135356,0.523,0.26526928
-1.9444995,8.036424,-2.5906832,0.523,0.27010435
-1.987446,8.010039,-2.5674245,0.523,0.27493945
-2.02971,7.9827003,-2.5437596,0.523,0.27977452
-2.071258,7.9544077,-2.5196896,0.523,0.28515983
-2.1120496,7.925169,-2.4951687,0.523,0.29054514
-2.1520479,7.894987,-2.4701977,0.523,0.29593047
-2.1912165,7.863867,-2.4447773,0.523,0.30012846
-2.2295318,7.8318024,-2.419007,0.523,0.30432644
-2.2669592,7.7988043,-2.3928874,0.523,0.30852443
-2.3034637,7.764885,-2.366419,0.523,0.3132178
-2.339004,7.730064,-2.339561,0.523,0.31791115
-2.3735433,7.694356,-2.3123143,0.523,0.3226045
-2.407045,7.6577773,-2.2846792,0.523,0.3291833
-2.439451,7.6203704,-2.2565007,0.523,0.3357621
-2.4707189,7.582152,-2.2277803,0.523,0.34234092
-2.5008068,7.543142,-2.198519,0.523,0.34547922
-2.5297077,7.503313,-2.1690004,0.523,0.34861752
-2.5573893,7.4626946,-2.1392243,0.523,0.35175583
-2.583819,7.421318,-2.1091912,0.5222706,0.35350332
-2.6089427,7.379252,-2.0790575,0.5215412,0.35525084
-2.6327393,7.3365355,-2.048823,0.5208118,0.35699835
-2.6551874,7.2932076,-2.0184891,0.51921105,0.35307068
-2.676277,7.2492905,-1.9885669,0.5176104,0.34914297
-2.6960106,7.204836,-1.9590551,0.5160097,0.3452153
-2.7143931,7.159893,-1.9299523,0.5140468,0.34275442
-2.73141,7.1145678,-1.9011586,0.5120839,0.3402936
-2.747069,7.068906,-1.8726727,0.51012105,0.33783275
-2.761378,7.022954,-1.8444933,0.5084842,0.33321562
-2.774366,6.976691,-1.8167739,0.5068474,0.3285985
-2.7860477,6.930162,-1.7895125,0.5052105,0.32398137
-2.7964392,6.88341,-1.7627075,0.50377774,0.3177612
-2.805567,6.836433,-1.736474,0.5023449,0.31154102
-2.813453,6.7892714,-1.7108104,0.50091213,0.30532086
-2.82012,6.7419643,-1.6857147,0.49985337,0.29740098
-2.8256001,6.6944885,-1.6613022,0.49879462,0.2894811
-2.8299208,6.64688,-1.6375717,0.49773583,0.28156123
-2.8331113,6.599173,-1.6145219,0.4968537,0.2739387
-2.835202,6.551386,-1.5921199,0.49597156,0.26631615
-2.8362222,6.503548,-1.5703651,0.4950894,0.2586936
-2.8362017,6.4556866,-1.5492562,0.49440494,0.25064397
-2.83517,6.407802,-1.5288186,0.49372047,0.24259435
-2.8331587,6.359918,-1.5090514,0.49303603,0.23454471
-2.8301997,6.3120556,-1.4899546,0.49254847,0.22617896
-2.8263235,6.264212,-1.4715451,0.49206093,0.21781321
-2.821563,6.2164054,-1.4538231,0.49157336,0.20944746
-2.8159513,6.1686506,-1.4367884,0.49128458,0.20074762
-2.8095193,6.1209407,-1.4204613,0.4909958,0.19204779
-2.802301,6.073287,-1.4048419,0.490707,0.18334796
-2.7943306,6.025702,-1.3899308,0.4906194,0.17388205
-2.7856383,5.978168,-1.375784,0.49053177,0.16441615
-2.776261,5.9306936,-1.3624026,0.49044412,0.15495025
-2.7662358,5.883285,-1.3497875,0.49044186,0.14641094
-2.7555997,5.8359456,-1.3378625,0.4904396,0.13787165
-2.7443862,5.788679,-1.3266286,0.49043733,0.12933235
-2.732629,5.7414875,-1.3160864,0.49033317,0.11956801
-2.7203624,5.694375,-1.3063383,0.490229,0.109803684
-2.7076259,5.6473413,-1.2973849,0.49012485,0.10003935
-2.6944578,5.6003857,-1.2892265,0.48995066,0.090722695
-2.6808999,5.5535135,-1.2818284,0.48977643,0.08140604
-2.666989,5.506722,-1.2751906,0.4896022,0.07208939
-2.6527631,5.4600067,-1.2693132,0.4894733,0.06297217
-2.6382577,5.4133596,-1.2641795,0.4893444,0.05385496
-2.623509,5.3667755,-1.2597892,0.4892155,0.044737745
-2.6085532,5.320247,-1.2561427,0.48913962,0.0366125
-2.593425,5.273766,-1.2531587,0.48906374,0.028487254
-2.5781567,5.227325,-1.250837,0.48898786,0.020362008
-2.5627797,5.1809177,-1.2491776,0.489116,0.013394147
-2.5473201,5.134518,-1.2480857,0.48924416,0.006426287
-2.5318046,5.08812,-1.2475617,0.4893723,-0.00054157374
-2.5162604,5.041717,-1.2476059,0.48898575,-0.01403076
-2.500732,4.9953547,-1.2487494,0.4885992,-0.027519947
-2.4852734,4.949024,-1.2509902,0.48821265,-0.041009136
-2.4699376,4.9027176,-1.254326,0.48726672,-0.051839657
-2.4547937,4.856473,-1.2585341,0.4863208,-0.06267018
-2.4398825,4.810283,-1.2636104,0.4853749,-0.0735007
-2.4252455,4.764143,-1.2695509,0.4844907,-0.083398156
-2.4109201,4.7180367,-1.2762774,0.4836065,-0.09329562
-2.396943,4.6719594,-1.2837863,0.4827223,-0.103193074
-2.3833506,4.625908,-1.2920738,0.48231068,-0.11049779
-2.3701618,4.579821,-1.3009381,0.48189908,-0.11780249
-2.3574038,4.533697,-1.3103777,0.48148748,-0.1251072
-2.345103,4.4875355,-1.3203912,0.48221967,-0.12635323
-2.333249,4.44119,-1.3305192,0.48295182,-0.12759925
-2.3218496,4.3946633,-1.340762,0.483684,-0.12884527
-2.3109124,4.3479595,-1.35112,0.48505586,-0.1295536
-2.300431,4.3010163,-1.3615643,0.48642775,-0.13026193
-2.2904131,4.2538376,-1.3720949,0.4877996,-0.13097024
-2.2808666,4.206427,-1.3827124,0.489518,-0.13287158
-2.2717943,4.1587625,-1.393521,0.49123636,-0.13477293
-2.26321,4.110847,-1.4045218,0.49295473,-0.13667427
-2.2551272,4.062685,-1.4157159,0.49439496,-0.13558169
-2.247561,4.014287,-1.4268535,0.49583516,-0.13448912
-2.2405126,3.9656594,-1.4379342,0.49727538,-0.13339654
-2.2339838,3.916808,-1.4489572,0.49840063,-0.13021293
-2.2279775,3.8677561,-1.459743,0.49952585,-0.12702933
-2.222486,3.8185112,-1.4702903,0.50065106,-0.123845726
-2.2175012,3.7690804,-1.4805979,0.5013801,-0.12126328
-2.2130182,3.719513,-1.4907062,0.50210905,-0.11868084
-2.2090292,3.669815,-1.5006148,0.502838,-0.1160984
-2.2055268,3.6199925,-1.5103227,0.50327116,-0.11128665
-2.2025042,3.5700681,-1.519638,0.50370425,-0.10647489
-2.199943,3.5200486,-1.5285597,0.5041374,-0.10166314
-2.1978252,3.46994,-1.5370871,0.50488263,-0.0977323
-2.1961317,3.4197211,-1.5452979,0.5056279,-0.09380145
-2.1948483,3.369397,-1.5531911,0.5063731,-0.08987062
-2.1939604,3.3189719,-1.5607655,0.5070047,-0.086308345
-2.1934538,3.2684627,-1.5680496,0.5076362,-0.08274607
-2.1933148,3.2178729,-1.5750424,0.50826776,-0.0791838
-2.19353,3.1672058,-1.5817431,0.50848395,-0.075669535
-2.1940851,3.1165059,-1.5881498,0.50870013,-0.07215527
-2.1949654,3.0657759,-1.5942621,0.50891626,-0.068641
-2.1961567,3.0150182,-1.6000797,0.5088934,-0.064606495
-2.1976435,2.9642568,-1.6055554,0.5088704,-0.060571987
-2.1994088,2.9134936,-1.6106895,0.50884753,-0.05653748
-2.201435,2.8627307,-1.6154817,0.50878763,-0.051841505
-2.2037048,2.811971,-1.6198759,0.5087277,-0.047145527
-2.2061977,2.761216,-1.6238718,0.5086678,-0.042449553
-2.2088938,2.7104666,-1.6274694,0.50859565,-0.038820513
-2.2117724,2.6597269,-1.6307592,0.5085234,-0.03519147
-2.214818,2.6089973,-1.6337413,0.5084512,-0.03156243
-2.2180147,2.5582783,-1.6364155,0.508243,-0.02809971
-2.2213461,2.5075834,-1.6387954,0.50803477,-0.02463699
-2.224797,2.4569125,-1.6408813,0.50782657,-0.02117427
-2.2283523,2.406266,-1.6426733,0.5077738,-0.019013518
-2.2319982,2.355629,-1.6442823,0.5077211,-0.016852766
-2.2357254,2.305001,-1.6457083,0.5076684,-0.014692014
-2.2395246,2.254382,-1.6469514,0.5075828,-0.010519331
-2.243386,2.2037737,-1.6478413,0.50749725,-0.006346649
-2.2472923,2.1531756,-1.6483781,0.50741166,-0.0021739663
-2.2512248,2.102587,-1.648562,0.50745046,-0.00031217933
-2.255167,2.0519953,-1.6485883,0.50748926,0.0015496075
-2.259111,2.0014,-1.6484573,0.50752807,0.0034113943
-2.2630484,1.9508004,-1.6481687,0.5074207,0.0061249435
-2.2669704,1.9002111,-1.6476507,0.50731343,0.008838492
-2.2708654,1.8496315,-1.6469034,0.50720614,0.011552041
-2.2747216,1.7990611,-1.645927,0.50768197,0.014181847
-2.278532,1.7484412,-1.644727,0.50815785,0.01681165
-2.2822847,1.6977714,-1.6433032,0.50863373,0.019441456
-2.2859688,1.6470512,-1.6416552,0.5103477,0.020928163
-2.2895813,1.5961556,-1.6398752,0.51206166,0.022414869
-2.293115,1.5450845,-1.6379625,0.5137756,0.023901576
-2.2965622,1.4938375,-1.635916,0.5171472,0.026490837
-2.2999263,1.4422504,-1.6336329,0.5205187,0.029080098
-2.3031933,1.3903233,-1.6311105,0.523,0.03166936
-2.3063443,1.3381445,-1.6283505,0.523,0.0343661
-2.309351,1.285962,-1.6253555,0.523,0.037062842
-2.312201,1.2337756,-1.6221255,0.523,0.039759584
-2.3148823,1.1815858,-1.6186608,0.523,0.050798684
-2.3173814,1.1294131,-1.6142347,0.523,0.061837785
-2.3196483,1.0772623,-1.608848,0.523,0.072876886
-2.3216326,1.0251389,-1.6025012,0.523,0.07737662
-2.3232853,0.97302157,-1.5957632,0.523,0.08187635
-2.3245866,0.920913,-1.5886343,0.523,0.086376086
-2.325516,0.86881626,-1.5811145,0.523,0.08752589
-2.3260536,0.81671923,-1.5734949,0.523,0.088675685
-2.3261943,0.76462495,-1.5657755,0.523,0.08982548
-2.3259327,0.71253645,-1.5579562,0.523,0.092807025
-2.325264,0.6604658,-1.5498781,0.523,0.09578857
-2.3241751,0.6084169,-1.5415413,0.523,0.09877011
-2.3226528,0.5563941,-1.5329459,0.523,0.10167453
-2.320684,0.5044015,-1.5240985,0.523,0.10457894
-2.318256,0.45244393,-1.5149993,0.523,0.10748336
-2.315356,0.40052664,-1.5056484,0.523,0.10866131
-2.3119712,0.3486454,-1.4961953,0.523,0.10983927
-2.3080966,0.29680517,-1.4866403,0.523,0.11101722
-2.3037276,0.24501108,-1.4769832,0.523,0.11473553
-2.2988605,0.19328341,-1.467004,0.523,0.11845383
-2.29348,0.14162938,-1.4567028,0.523,0.12217213
-2.2875702,0.09005671,-1.44608,0.523,0.12523939
-2.2811153,0.03856937,-1.4351919,0.523,0.12830664
-2.2741032,-0.012824547,-1.4240384,0.523,0.1313739
-2.2665212,-0.06411651,-1.41262,0.523,0.13256298
-2.2583551,-0.115310475,-1.4010986,0.523,0.13375205
-2.2496014,-0.16639882,-1.3894746,0.523,0.13494113
-2.2402558,-0.21737377,-1.3777479,0.523,0.13500868
-2.2303133,-0.26823518,-1.3660154,0.523,0.13507622
-2.219775,-0.31897596,-1.354277,0.523,0.13514376
-2.2086418,-0.36958906,-1.3425329,0.52266294,0.13507676
-2.1969223,-0.42003587,-1.330802,0.5223258,0.13500975
-2.1846197,-0.47030973,-1.3190845,0.52198875,0.13494274
-2.1717372,-0.5204041,-1.3073803,0.517918,0.13272953
-2.1583703,-0.5699696,-1.2959567,0.51384723,0.13051634
-2.1445434,-0.61900514,-1.2848109,0.5097765,0.12830313
-2.1302807,-0.6675103,-1.2739397,0.50504804,0.12753925
-2.1156273,-0.7154138,-1.2632333,0.50031966,0.12677537
-2.1006021,-0.7627153,-1.2526902,0.49559122,0.12601149
-2.0852246,-0.80941474,-1.2423093,0.49355292,0.12400407
-2.0694244,-0.8557724,-1.232135,0.49151462,0.121996656
-2.0532162,-0.90178746,-1.222166,0.48947632,0.119989246
-2.0366156,-0.94745976,-1.2124008,0.4873208,0.11735703
-2.0196393,-0.9927815,-1.2028909,0.48516533,0.11472482
-2.0023043,-1.0377538,-1.1936345,0.48300985,0.11209261
-1.9846276,-1.0823781,-1.1846298,0.47987998,0.10352126
-1.9666501,-1.1265943,-1.1763649,0.47675014,0.09494991
-1.948412,-1.1704103,-1.1688317,0.4736203,0.08637856
-1.9299517,-1.2138349,-1.1620216,0.47005227,0.07026536
-1.9113139,-1.2568607,-1.1565214,0.46648422,0.05415216
-1.8925643,-1.2995006,-1.1523134,0.4629162,0.03803896
-1.8737661,-1.341767,-1.1493793,0.45994055,0.02578994
-1.8549583,-1.383723,-1.1474025,0.45696494,0.013540918
-1.8361853,-1.4253807,-1.1463712,0.45398933,0.0012918949
-1.8174902,-1.4667516,-1.1462735,0.44803026,-0.0046836557
-1.7990366,-1.5075772,-1.1466233,0.4420712,-0.010659206
-1.7808435,-1.5478644,-1.1474086,0.43611217,-0.016634757
-1.7629282,-1.5876193,-1.1486176,0.42428076,-0.026248777
-1.7455493,-1.6263088,-1.1504736,0.41244936,-0.035862796
-1.72873,-1.6639395,-1.1529382,0.400618,-0.045476817
-1.7124896,-1.7005165,-1.1559737,0.3837622,-0.058377672
-1.6970493,-1.7355782,-1.1597054,0.36690646,-0.07127853
-1.6824245,-1.7691265,-1.1640605,0.35005072,-0.08417938
-1.6686251,-1.8011619,-1.1689659,0.33169124,-0.09383316
-1.6557096,-1.8315548,-1.1741456,0.31333175,-0.10348694
-1.6436694,-1.8603005,-1.1795402,0.29497227,-0.113140725
-1.6324925,-1.8873944,-1.1850905,0.28067845,-0.11365639
-1.6220012,-1.9132324,-1.190396,0.26638466,-0.11417206
-1.6121749,-1.9378057,-1.1954539,0.25209087,-0.11468772
-1.6029942,-1.9611056,-1.200262,0.2449352,-0.111952044
-1.5941802,-1.983794,-1.2048225,0.23777953,-0.10921637
-1.5857219,-2.0058649,-1.2091422,0.23062386,-0.106480695
-1.5776081,-2.0273132,-1.2132273,0.2234579,-0.09973308
-1.5698259,-2.0481417,-1.2169355,0.21629195,-0.092985466
-1.5623633,-2.0683432,-1.2202827,0.20912601,-0.08623785
-1.555209,-2.0879111,-1.2232847,0.2021274,-0.07822394
-1.5483464,-2.1068575,-1.2259172,0.1951288,-0.07021004
-1.5417657,-2.1251762,-1.2281988,0.18813019,-0.062196136
-1.535458,-2.1428616,-1.2301476,0.18409273,-0.048701666
-1.5293148,-2.1601925,-1.2316413,0.18005528,-0.0352072
-1.5233282,-2.177162,-1.2326976,0.17601782,-0.021712732
-1.5174912,-2.1937633,-1.2333345,0.16878667,0.012478972
-1.5119032,-2.2096887,-1.2329835,0.16155553,0.046670675
-1.5065547,-2.2249146,-1.2317274,0.15432438,0.08086238
-1.5014385,-2.239421,-1.2296498,0.14074172,0.11411855
-1.4967604,-2.2525976,-1.2269787,0.12715904,0.14737472
-1.4925205,-2.2644396,-1.2238666,0.11357638,0.18063089
