1.3478426,6.6043634,0.5589194,-0.12211587,0.0
1.3374892,6.597888,0.5589194,-0.09252524,0.09973154
1.3296837,6.593006,0.557384,-0.0629346,0.19946308
1.3244487,6.589743,0.55530566,-0.033343963,0.29919463
1.3217412,6.5880632,0.55366766,-0.0034599986,0.39446038
1.3214694,6.5878954,0.55344605,0.026423965,0.48972616
1.3234532,6.589121,0.5555176,0.056307927,0.58499193
1.3274417,6.5915966,0.56069976,0.086250514,0.6331126
1.3333305,6.5952945,0.56920487,0.1161931,0.68123335
1.3409332,6.6001587,0.58140033,0.14613569,0.729354
1.3500389,6.606143,0.59763086,0.1760776,0.7135959
1.3610433,6.613633,0.61683965,0.20601952,0.6978379
1.3739201,6.6227646,0.638903,0.23596144,0.6820798
1.3886238,6.6336875,0.66369504,0.26591948,0.6673304
1.4050773,6.6465545,0.69112426,0.2958775,0.652581
1.423191,6.6615386,0.721069,0.32583553,0.63783157
1.4428527,6.6788206,0.7534057,0.35576564,0.6018698
1.4642413,6.6988826,0.78697723,0.38569573,0.5659081
1.4872259,6.72194,0.82144445,0.41562584,0.5299464
1.5116535,6.748195,0.85646003,0.44532236,0.4891712
1.537406,6.777895,0.8913358,0.47501892,0.44839603
1.5643041,6.8111944,0.9256575,0.50471544,0.40762088
1.5921665,6.8482175,0.9590046,0.523,0.36592123
1.6202155,6.888197,0.99019367,0.523,0.32422158
1.647409,6.9296484,1.0179625,0.523,0.28252196
1.673783,6.972393,1.0422627,0.523,0.2821077
1.6991136,7.0157714,1.0665282,0.523,0.28169343
1.7233872,7.0597568,1.090759,0.523,0.28127918
1.7465909,7.1043224,1.1149552,0.523,0.254089
1.768875,7.1497746,1.1368656,0.523,0.22689879
1.7903005,7.196011,1.1564745,0.523,0.1997086
1.8109363,7.2429347,1.1737669,0.49997544,0.16259328
1.8300145,7.288435,1.187256,0.47695088,0.12547794
1.8477219,7.332317,1.1972044,0.45392635,0.08836262
1.8642238,7.3744135,1.2038807,0.43820232,0.06486676
1.8799108,7.415231,1.2086148,0.42247832,0.04137089
1.8948671,7.4547043,1.211527,0.4067543,0.017875027
1.9091659,7.492777,1.2127388,0.3950826,0.055223644
1.9229907,7.5297227,1.2163732,0.38341087,0.09257226
1.93624,7.565527,1.2222803,0.37173915,0.12992087
1.948828,7.6001716,1.2303071,0.363037,0.080815665
1.960912,7.6342793,1.2351917,0.3543348,0.031710457
1.9725758,7.6677194,1.237064,0.34563264,-0.017394751
1.983896,7.700371,1.236062,0.33679217,0.0029506623
1.9949602,7.7321806,1.2362276,0.32795173,0.023296077
2.0057259,7.763149,1.2375009,0.31911126,0.04364149
