8.889864,-1.1937599,1.2252933,0.8143429,0.0
8.917443,-1.117138,1.2252933,0.523,0.028702617
8.935148,-1.0679489,1.2277949,0.49355972,0.057405233
8.95172,-1.0215446,1.2325145,0.4641194,0.08610785
8.967066,-0.9779251,1.239167,0.43502071,0.1286561
8.9811125,-0.9371333,1.2484692,0.405922,0.17120436
8.993783,-0.8991945,1.2599953,0.3768233,0.2137526
9.005045,-0.864134,1.2733178,0.3475678,0.28344083
9.014826,-0.83222973,1.289518,0.31831232,0.3531291
9.023116,-0.80353636,1.3078653,0.2890568,0.42281732
9.029967,-0.7780822,1.3276335,0.25947013,0.49067327
9.035478,-0.75586975,1.3480114,0.22988343,0.5585292
9.039785,-0.73685664,1.3683155,0.20029674,0.62638515
9.043049,-0.72096103,1.3878851,0.17105557,0.6221507
9.045577,-0.7072925,1.4044999,0.14181441,0.6179163
9.04749,-0.6958929,1.418193,0.11257324,0.61368185
9.048889,-0.68679655,1.4289978,0.089776166,0.5705186
9.049957,-0.67931664,1.4370786,0.06697909,0.52735543
9.050729,-0.6735804,1.4426965,0.04418201,0.48419216
9.051229,-0.6697021,1.4461242,0.054225925,0.43268162
9.051841,-0.66481745,1.4499137,0.06426984,0.38117108
9.05256,-0.65889525,1.4538985,0.07431375,0.32966053
9.05338,-0.65191203,1.457908,0.07046947,0.31377897
9.054135,-0.6452518,1.4615332,0.066625185,0.29789737
9.05483,-0.6389207,1.4647924,0.0627809,0.2820158
9.055468,-0.6329245,1.4677043,0.06315124,0.28147545
9.056091,-0.6268901,1.4706279,0.06352159,0.2809351
9.056702,-0.62081754,1.4735632,0.06389193,0.28039476
9.057298,-0.6147069,1.47651,0.062724195,0.2977403
9.057862,-0.60873705,1.4795768,0.061556455,0.3150859
9.058395,-0.6029088,1.4827563,0.060388718,0.33243147
9.058898,-0.5972227,1.4860408,0.059828136,0.35040817
9.059373,-0.5916236,1.4894638,0.059267554,0.36838487
9.059823,-0.58611274,1.4930209,0.058706973,0.38636157
9.0602455,-0.5806912,1.4967079,0.057104032,0.40195578
9.060634,-0.57545036,1.5004313,0.055501096,0.41755
9.06099,-0.5703896,1.5041825,0.053898156,0.43314424
9.0613165,-0.5655084,1.5079528,0.052812245,0.44538766
9.061616,-0.5607518,1.5117449,0.05172633,0.45763108
9.06189,-0.55611956,1.5155538,0.050640415,0.4698745
9.062139,-0.5516112,1.5193753,0.05204818,0.47669926
9.062377,-0.5469928,1.5233556,0.05345594,0.483524
9.062601,-0.5422653,1.5274976,0.054863703,0.49034873
9.062811,-0.5374299,1.5318038,0.057800233,0.5026514
9.063008,-0.5323687,1.5364447,0.06073676,0.51495403
9.0631895,-0.5270858,1.5414301,0.06367329,0.52725667
9.063351,-0.5215856,1.5467699,0.06629214,0.5423912
9.063487,-0.51590943,1.552473,0.068910986,0.55752563
9.063595,-0.5100629,1.5585496,0.071529835,0.57266015
9.063668,-0.5040515,1.5650096,0.07680539,0.594482
9.063705,-0.49768877,1.5721792,0.082080945,0.61630386
9.063696,-0.4909908,1.5800866,0.0873565,0.6381257
