-2.516678,-5.19665,-2.714748,-0.23427413,0.0
-2.4953525,-5.186951,-2.714748,-0.22463639,-0.009685409
-2.4749055,-5.1776514,-2.7143853,-0.21499863,-0.019370819
-2.4553416,-5.168745,-2.7136912,-0.20536089,-0.029056227
-2.4366648,-5.1602273,-2.7126968,-0.19590725,-0.00035866498
-2.4188485,-5.15208,-2.712685,-0.18645363,0.028338898
-2.4018989,-5.144329,-2.7135656,-0.17699999,0.05703646
-2.3858218,-5.136994,-2.7152474,-0.16117108,0.06900938
-2.3711824,-5.130345,-2.7170997,-0.14534217,0.08098229
-2.3579814,-5.124378,-2.7190592,-0.12951325,0.09295521
-2.3462203,-5.11909,-2.7210627,-0.108688675,0.1629059
-2.3364296,-5.1147118,-2.7240007,-0.08786409,0.23285659
-2.3286152,-5.1112447,-2.72738,-0.06703952,0.30280727
-2.3227572,-5.1086693,-2.7307117,-0.03939159,0.39328143
-2.3194218,-5.107216,-2.7332277,-0.011743657,0.4837556
-2.3184676,-5.106803,-2.734138,0.015904274,0.5742297
-2.3196936,-5.107332,-2.7326982,0.044540096,0.6676657
-2.322903,-5.1087227,-2.728102,0.073175915,0.7611017
-2.3277547,-5.110852,-2.7196903,0.10181174,0.8545377
-2.3338532,-5.1135893,-2.7068913,0.13065013,0.9457241
-2.3407872,-5.116809,-2.6892335,0.15948853,1.0
-2.3485377,-5.1205754,-2.666866,0.18832693,1.0
-2.3575878,-5.1252265,-2.640454,0.21670994,1.0
-2.367857,-5.1308517,-2.6100616,0.24509297,1.0
-2.3792725,-5.1375637,-2.5756886,0.273476,1.0
-2.3917449,-5.1454864,-2.5373347,0.29823238,1.0
-2.4050052,-5.154641,-2.4955091,0.32298875,1.0
-2.4189389,-5.165148,-2.4502115,0.34774512,1.0
-2.4334133,-5.1771274,-2.401442,0.36301365,1.0
-2.4478953,-5.190355,-2.350531,0.37828216,1.0
-2.4622655,-5.204889,-2.297479,0.39355066,1.0
-2.476393,-5.220781,-2.2422853,0.39674625,1.0
-2.4897296,-5.2375636,-2.1866436,0.39994183,1.0
-2.502212,-5.2552023,-2.1305535,0.40313742,1.0
-2.5137775,-5.2736597,-2.0740156,0.4044498,1.0
-2.5243158,-5.2928033,-2.0172935,0.40576214,1.0
-2.5337827,-5.3125777,-1.9603872,0.4070745,1.0
-2.5421364,-5.332924,-1.903297,0.40824744,1.0
-2.5493362,-5.3537736,-1.8460423,0.40942037,1.0
-2.5553484,-5.375062,-1.788623,0.4105933,1.0
-2.5601425,-5.396722,-1.7310393,0.4112883,1.0
-2.5636883,-5.418659,-1.6733581,0.41198328,1.0
-2.5659673,-5.440802,-1.6155795,0.41267827,1.0
-2.5669653,-5.4630766,-1.5577033,0.41366568,1.0
-2.5666728,-5.485425,-1.4996887,0.41465312,1.0
-2.5650811,-5.5077724,-1.4415356,0.41564053,1.0
-2.5621862,-5.530042,-1.383244,0.4171463,1.0
-2.5579839,-5.5521855,-1.3247412,0.41865203,1.0
-2.552474,-5.574124,-1.2660273,0.4201578,1.0
-2.5456622,-5.595779,-1.2071023,0.42329484,1.0
-2.5375264,-5.6171536,-1.1477373,0.4264319,1.0
-2.528067,-5.6381626,-1.0879322,0.42956898,1.0
-2.5172904,-5.658719,-1.0276872,0.43464923,1.0
-2.505154,-5.678824,-0.96672976,0.43972948,1.0
-2.491659,-5.698378,-0.9050598,0.4448097,1.0
-2.4768152,-5.717279,-0.8426774,0.45167127,1.0
-2.4605753,-5.735495,-0.7793327,0.4585328,1.0
-2.442951,-5.752907,-0.7150257,0.46539435,1.0
-2.4239643,-5.769393,-0.64975643,0.4726585,1.0
-2.4036303,-5.784843,-0.5834683,0.47992265,1.0
-2.38199,-5.7991285,-0.5161615,0.4871868,1.0
-2.3590965,-5.81212,-0.44783592,0.49570265,1.0
-2.3349547,-5.8237176,-0.37831602,0.5042185,1.0
-2.309638,-5.83378,-0.3076018,0.51273435,1.0
-2.2832353,-5.842168,-0.2356933,0.52210045,1.0
-2.255806,-5.848755,-0.16247123,0.523,1.0
-2.2279203,-5.853326,-0.08912302,0.523,1.0
-2.1997745,-5.855841,-0.0157748,0.523,1.0
-2.1715202,-5.856287,0.057573423,0.523,1.0
-2.1433094,-5.854661,0.13092165,0.523,1.0
-2.1152933,-5.8509717,0.20426986,0.523,1.0
-2.0876231,-5.8452396,0.27761808,0.523,1.0
-2.0604472,-5.8374953,0.3509663,0.523,1.0
-2.033912,-5.82778,0.42431453,0.523,1.0
-2.00816,-5.8161464,0.49766275,0.523,1.0
-1.9833299,-5.8026567,0.57101095,0.523,1.0
-1.959555,-5.787384,0.6443592,0.523,1.0
-1.9369633,-5.77041,0.7177074,0.523,1.0
-1.9156762,-5.751826,0.7910556,0.523,1.0
-1.8958083,-5.731732,0.86440384,0.523,0.9694036
-1.8766011,-5.709222,0.936277,0.523,0.9388073
-1.858286,-5.6843395,1.0066078,0.523,0.90821093
-1.8410823,-5.6571527,1.0753304,0.523,0.874134
-1.825127,-5.6276293,1.1421862,0.523,0.840057
-1.8106198,-5.5958805,1.2070975,0.523,0.80598
-1.7977377,-5.5620365,1.2699891,0.523,0.7764369
-1.7866826,-5.5264006,1.3310704,0.523,0.7468938
-1.7775704,-5.48912,1.3902882,0.523,0.7173507
-1.7704949,-5.45035,1.4475908,0.523,0.69957656
-1.7655773,-5.4106374,1.5037168,0.523,0.68180233
-1.7628554,-5.370121,1.5586487,0.523,0.66402817
-1.7623551,-5.328937,1.6123691,0.523,0.6378591
-1.7641013,-5.286957,1.6642748,0.523,0.61169004
-1.7680979,-5.244327,1.7143304,0.523,0.585521
-1.7743329,-5.201187,1.7625016,0.523,0.57060385
-1.782719,-5.157979,1.8095838,0.523,0.5556867
-1.793228,-5.114809,1.8555666,0.523,0.5407696
-1.8058245,-5.0717773,1.9004396,0.523,0.51911956
-1.820524,-5.0288124,1.9436845,0.523,0.49746948
-1.8372678,-4.98601,1.9852806,0.523,0.47581944
-1.8559903,-4.943456,2.0252087,0.523,0.46225223
-1.8765373,-4.901396,2.0640821,0.523,0.448685
-1.8988513,-4.8598905,2.1018934,0.523,0.43511778
-1.922872,-4.8189964,2.1386356,0.523,0.41158822
-1.9486505,-4.7785864,2.173508,0.523,0.38805863
-1.9760938,-4.738705,2.2064912,0.523,0.36452904
-2.0051057,-4.6993866,2.237567,0.523,0.34682646
-2.0355248,-4.6607356,2.2671962,0.523,0.32912388
-2.0672724,-4.6227665,2.2953696,0.523,0.3114213
-2.1002703,-4.5854893,2.3220785,0.523,0.28494793
-2.1345296,-4.5488086,2.3465817,0.523,0.25847456
-2.1699374,-4.5127134,2.3688622,0.523,0.2320012
-2.2063813,-4.4771814,2.3889039,0.523,0.21526445
-2.2436717,-4.442254,2.4075232,0.523,0.19852771
-2.2817392,-4.4079065,2.4247148,0.523,0.18179096
-2.3205166,-4.37411,2.4404738,0.523,0.15864553
-2.3599782,-4.3407965,2.4542444,0.523,0.13550009
-2.400032,-4.3079166,2.4660194,0.523,0.11235465
-2.4405868,-4.2754173,2.4757924,0.523,0.09453322
-2.481533,-4.2432566,2.4840202,0.523,0.07671179
-2.5228057,-4.211385,2.4907005,0.523,0.058890354
-2.5643406,-4.1797514,2.4958308,0.523,0.037438057
-2.6060803,-4.148299,2.4990933,0.523,0.015985763
-2.6479464,-4.116965,2.5004866,0.523,-0.005466533
-2.6898606,-4.0856857,2.5000103,0.523,-0.021861028
-2.7317507,-4.0543933,2.4981048,0.523,-0.038255524
-2.7735605,-4.023037,2.494771,0.523,-0.05465002
-2.815234,-3.9915652,2.4900098,0.523,-0.07556684
-2.8567002,-3.9599388,2.483429,0.523,-0.09648367
-2.8978832,-3.9280975,2.4750319,0.523,-0.1174005
-2.9387057,-3.8959837,2.464822,0.523,-0.13516375
-2.9791067,-3.863528,2.4530761,0.523,-0.15292703
-3.019021,-3.830685,2.4397979,0.523,-0.17069028
-3.0583813,-3.7974112,2.4249914,0.523,-0.18386032
-3.097153,-3.7636383,2.4090552,0.523,-0.19703034
-3.1352847,-3.729339,2.3919916,0.523,-0.21020037
-3.1727235,-3.6944888,2.3738036,0.523,-0.22038795
-3.2094405,-3.6590426,2.3547482,0.523,-0.23057553
-3.2453914,-3.6229875,2.3348274,0.523,-0.24076313
-3.280531,-3.5863135,2.314043,0.523,-0.24982855
-3.3148227,-3.5490017,2.2924922,0.523,-0.25889397
-3.3482237,-3.5110493,2.2701766,0.523,-0.2679594
-3.3806899,-3.4724553,2.247098,0.523,-0.27005637
-3.4122386,-3.4331453,2.223843,0.523,-0.27215335
-3.442847,-3.3931355,2.2004123,0.523,-0.27425033
-3.4724922,-3.3524437,2.1768053,0.523,-0.27318308
-3.501177,-3.311051,2.153288,0.523,-0.2721158
-3.5288892,-3.2689824,2.1298602,0.523,-0.27104855
-3.555616,-3.2262638,2.1065218,0.523,-0.26043484
-3.5814128,-3.1828077,2.0840764,0.523,-0.24982114
-3.606297,-3.1386614,2.0625262,0.523,-0.23920745
-3.6302874,-3.0938709,2.0418735,0.5195072,-0.20729405
-3.6533601,-3.0485697,2.0240533,0.51601446,-0.17538066
-3.6756096,-3.0028903,2.0090473,0.5125217,-0.14346728
-3.6971354,-2.9569585,1.9968344,0.5094009,-0.13915616
-3.7179837,-2.9110203,1.9850581,0.5062801,-0.13484503
-3.7381773,-2.8650954,1.9737142,0.5031593,-0.13053392
-3.7577384,-2.8192027,1.9627988,0.5032112,-0.13353296
-3.776792,-2.7731125,1.9516329,0.5032631,-0.13653201
-3.795324,-2.7268267,1.9402164,0.503315,-0.13953105
-3.8133209,-2.6803467,1.9285498,0.50124973,-0.14504535
-3.830689,-2.6338885,1.9164748,0.49918446,-0.15055966
-3.8474116,-2.5874543,1.903996,0.49711916,-0.15607396
-3.8634732,-2.5410476,1.8911171,0.49241012,-0.15688206
-3.8787873,-2.494885,1.8782948,0.48770106,-0.15769015
-3.8933656,-2.4489794,1.8655303,0.482992,-0.15849826
-3.9072201,-2.403342,1.8528247,0.47723934,-0.14953873
-3.9203537,-2.358015,1.8409747,0.4714867,-0.1405792
-3.9328136,-2.3130252,1.8299642,0.46573403,-0.13161966
-3.9446461,-2.2683966,1.819777,0.45845315,-0.12352762
-3.955857,-2.2243035,1.8103625,0.45117226,-0.115435585
-3.9664912,-2.1807663,1.8017014,0.44389138,-0.107343554
-3.9765916,-2.137804,1.7937752,0.44361916,-0.120804116
-3.98633,-2.0948558,1.7848651,0.44334692,-0.13426468
-3.9956636,-2.0519228,1.7749739,0.4430747,-0.14772525
-4.0045495,-2.0090084,1.7641047,0.44024807,-0.1578253
-4.0129023,-1.9663405,1.7525723,0.43742144,-0.16792536
-4.0206985,-1.9239242,1.7403874,0.4345948,-0.17802541
-4.0279174,-1.8817652,1.7275606,0.42371103,-0.18734841
-4.0344167,-1.840646,1.7144076,0.41282725,-0.1966714
-4.040211,-1.800576,1.7009628,0.40194345,-0.2059944
-4.045318,-1.7615643,1.6872605,0.3883321,-0.21420917
-4.0497274,-1.7238756,1.6735022,0.37472072,-0.22242394
-4.053475,-1.6875192,1.6597253,0.36110938,-0.23063871
-4.0565968,-1.6525034,1.6459671,0.34820265,-0.21428157
-4.059152,-1.6185756,1.6336265,0.33529592,-0.19792444
-4.0612164,-1.5857655,1.622638,0.32238922,-0.18156731
-4.0628595,-1.5540991,1.6129357,0.30896333,-0.17241916
-4.0641418,-1.5236878,1.6041011,0.29553744,-0.16327101
-4.0651126,-1.4945433,1.5960946,0.2821116,-0.15412287
-4.065818,-1.4666755,1.5888766,0.27057981,-0.13801324
-4.0663023,-1.4398792,1.5826724,0.25904807,-0.121903606
-4.0666075,-1.4141685,1.5774223,0.24751632,-0.10579397
-4.0667706,-1.3895557,1.5730661,0.23391724,-0.0784128
-4.0668235,-1.366236,1.5700122,0.22031815,-0.05103163
-4.0668063,-1.3442328,1.5681392,0.20671907,-0.023650462
-4.0667515,-1.3235668,1.5673244,0.18957566,0.027050728
-4.0666857,-1.3046162,1.568179,0.17243224,0.07775192
-4.066641,-1.2874252,1.5704112,0.15528883,0.1284531
-4.0666347,-1.2720243,1.5737267,0.14205204,0.15740961
-4.0666757,-1.2579948,1.577438,0.12881526,0.18636613
-4.06676,-1.2453365,1.581416,0.11557848,0.21532263
-4.0668797,-1.2340462,1.5855318,0.10932071,0.19497065
-4.067038,-1.2233224,1.5890617,0.103062935,0.17461866
-4.067223,-1.2131746,1.592046,0.09680516,0.15426669
-4.0674267,-1.2036111,1.5945251,0.08823368,0.13010123
-4.067634,-1.1948649,1.5964329,0.0796622,0.10593577
-4.067837,-1.1869459,1.5978369,0.071090706,0.081770316
