8.143178,-6.848696,-2.4447894,0.08226332,0.0
8.136869,-6.853976,-2.4447894,0.10206821,0.0998356
8.129081,-6.8604937,-2.4430938,0.121873096,0.1996712
8.119933,-6.868175,-2.439065,0.14167798,0.29950678
8.109602,-6.876922,-2.432098,0.16649748,0.39929628
8.097963,-6.886915,-2.4213097,0.19131698,0.49908575
8.085338,-6.897995,-2.4060483,0.21613647,0.5988752
8.072101,-6.9099736,-2.385742,0.24317385,0.6976744
8.05854,-6.9227557,-2.3597045,0.27021125,0.79647356
8.045134,-6.936069,-2.3275092,0.29724863,0.8952727
8.032372,-6.9495835,-2.288848,0.3249759,0.9736264
8.0203495,-6.9633455,-2.2440593,0.3527032,1.0
8.008468,-6.978244,-2.1945944,0.38043052,1.0
7.996461,-6.9949274,-2.1412408,0.407192,1.0
7.9845805,-7.0134444,-2.084134,0.43395346,1.0
7.973066,-7.033869,-2.0232742,0.46071497,1.0
7.962183,-7.0562563,-1.9586612,0.48557115,1.0
7.9522605,-7.080543,-1.8905622,0.5104273,1.0
7.9435916,-7.106724,-1.8189771,0.523,1.0
7.9366503,-7.1341157,-1.745629,0.523,1.0
7.931735,-7.161943,-1.6722808,0.523,1.0
7.928872,-7.1900554,-1.5989325,0.523,1.0
7.928077,-7.218302,-1.5255843,0.523,0.98153627
7.929391,-7.247338,-1.4531181,0.523,0.9630726
7.932897,-7.276994,-1.3815587,0.523,0.9446089
7.9386625,-7.307098,-1.3109303,0.523,0.91123325
7.9468975,-7.33807,-1.242046,0.523,0.87785757
7.957684,-7.36969,-1.1749823,0.523,0.8444819
7.9710755,-7.401738,-1.1098142,0.523,0.8183768
7.9869747,-7.433749,-1.0461793,0.523,0.7922716
8.00537,-7.4655366,-0.9841209,0.523,0.76616645
8.026234,-7.496921,-0.9236815,0.523,0.7458377
8.049394,-7.5275702,-0.8645313,0.523,0.7255089
8.074788,-7.5573387,-0.8066948,0.523,0.70518017
8.102344,-7.5860934,-0.75019586,0.523,0.69846094
8.131644,-7.613401,-0.69414425,0.523,0.6917417
8.162602,-7.6391683,-0.6385424,0.523,0.68502253
8.195124,-7.663308,-0.58339286,0.523,0.67788666
8.229122,-7.685748,-0.52872646,0.523,0.67075086
8.264497,-7.706414,-0.4745459,0.523,0.66361505
8.301145,-7.72524,-0.42085394,0.523,0.6572919
8.338935,-7.742155,-0.36759728,0.523,0.6509687
8.37776,-7.757107,-0.314778,0.523,0.64464545
8.41751,-7.7700496,-0.26239824,0.523,0.64182985
8.457969,-7.780916,-0.21021485,0.523,0.63901424
8.499025,-7.789676,-0.15822826,0.523,0.63619864
8.540567,-7.7963047,-0.106438875,0.523,0.6297916
8.582595,-7.800795,-0.055099767,0.523,0.62338465
8.624993,-7.803134,-0.0042130435,0.523,0.61697763
8.66765,-7.8033133,0.046219207,0.523,0.6146232
8.710333,-7.801339,0.09648392,0.523,0.61226875
8.7529335,-7.7972164,0.14658085,0.523,0.6099143
8.795343,-7.7909546,0.19650966,0.523,0.60785156
8.837449,-7.7825723,0.246291,0.523,0.60578877
8.879146,-7.7720904,0.29592463,0.523,0.60372597
8.920329,-7.7595344,0.34541035,0.523,0.60787207
8.960724,-7.7449985,0.39519313,0.523,0.61201817
9.000232,-7.7285185,0.44527218,0.523,0.61616427
9.038753,-7.710135,0.4956466,0.523,0.61922055
9.076217,-7.6898794,0.5462382,0.523,0.6222768
9.112529,-7.667804,0.59704643,0.523,0.6253331
9.147596,-7.6439643,0.648071,0.523,0.62883645
9.181316,-7.6184325,0.6993428,0.523,0.6323398
9.213601,-7.5912757,0.7508612,0.523,0.63584316
9.244366,-7.5625668,0.80262566,0.523,0.636284
9.273594,-7.532314,0.854421,0.523,0.63672477
9.301207,-7.500599,0.9062473,0.523,0.6371656
9.327132,-7.467507,0.9581045,0.523,0.6362129
9.351324,-7.433091,1.0098948,0.523,0.63526016
9.373717,-7.3974442,1.0616184,0.523,0.63430744
9.394253,-7.3606615,1.113275,0.523,0.63215274
9.41289,-7.322808,1.1647804,0.523,0.629998
9.429581,-7.2839837,1.2161341,0.523,0.6278433
9.44428,-7.244292,1.2673358,0.523,0.6171894
9.457025,-7.2035894,1.3177831,0.523,0.6065355
9.467782,-7.1619864,1.3674703,0.523,0.5958816
9.476522,-7.1195917,1.4163915,0.523,0.5882206
9.483213,-7.0765996,1.4647588,0.523,0.5805597
9.487843,-7.033114,1.512569,0.523,0.5728987
9.4904,-6.989239,1.5598193,0.523,0.5631943
9.490886,-6.9450192,1.6063567,0.523,0.55348986
9.489304,-6.900556,1.6521767,0.523,0.54378545
9.485665,-6.855948,1.6972749,0.523,0.5325718
9.479981,-6.811251,1.7415339,0.523,0.5213582
9.472276,-6.766559,1.784948,0.523,0.5101446
9.462577,-6.721961,1.8275118,0.523,0.49757293
9.450908,-6.677509,1.869116,0.523,0.48500127
9.437308,-6.633284,1.9097538,0.523,0.47242963
9.4218235,-6.589362,1.9494191,0.523,0.4560407
9.404467,-6.545733,1.987807,0.523,0.43965182
9.385299,-6.5024624,2.0249074,0.523,0.4232629
9.364381,-6.4596105,2.06071,0.52194786,0.40762126
9.341833,-6.4173284,2.0951955,0.5208957,0.39197963
9.31773,-6.3756585,2.128361,0.5198436,0.37633798
9.292149,-6.3346343,2.1602027,0.5165025,0.35898784
9.265268,-6.294436,2.1904464,0.51316136,0.34163767
9.237189,-6.2550745,2.2191005,0.5098203,0.3242875
9.208009,-6.2165546,2.2461748,0.50420916,0.30809304
9.17797,-6.1790557,2.2716577,0.49859807,0.29189855
9.147177,-6.1425605,2.2955713,0.49298695,0.2757041
9.115728,-6.1070466,2.3179386,0.48644435,0.26315954
9.08381,-6.072588,2.3390286,0.47990173,0.250615
9.051505,-6.0391545,2.3588645,0.47335914,0.23807049
9.01889,-6.0067143,2.3774698,0.46456426,0.22772698
8.986216,-5.9754004,2.39495,0.45576942,0.21738347
8.95355,-5.945174,2.411333,0.44697455,0.20703997
8.920962,-5.915995,2.4266467,0.43661356,0.20937465
8.888712,-5.8879967,2.4417715,0.42625257,0.21170932
8.856833,-5.8611555,2.4566998,0.41589156,0.214044
8.825358,-5.8354473,2.4714231,0.40565878,0.2270622
8.794382,-5.810898,2.4866433,0.395426,0.24008039
8.763922,-5.7875023,2.502314,0.3851932,0.25309858
8.733994,-5.765253,2.5183897,0.37570503,0.25875586
8.704501,-5.7440557,2.5344121,0.36621687,0.26441315
8.67547,-5.723887,2.5503635,0.3567287,0.27007046
8.646927,-5.7047243,2.566226,0.34717575,0.2727585
8.6188755,-5.6865315,2.5818136,0.3376228,0.2754466
8.591345,-5.6692796,2.597118,0.32806984,0.27813467
8.564361,-5.65294,2.6121304,0.31962144,0.27655724
8.537823,-5.6374097,2.6266756,0.31117302,0.27497977
8.511758,-5.6226616,2.6407578,0.30272463,0.27340233
8.48619,-5.608666,2.6543808,0.29604068,0.26926008
8.460973,-5.5953054,2.6675062,0.2893567,0.26511782
8.436128,-5.582557,2.6801424,0.28267276,0.26097557
8.4116745,-5.5703974,2.6922984,0.27781942,0.25718942
8.387473,-5.5587277,2.7040763,0.2729661,0.25340325
8.363537,-5.547532,2.7154818,0.26811275,0.24961708
8.33988,-5.536793,2.7265205,0.2645484,0.2430836
8.316382,-5.526439,2.7371333,0.26098403,0.23655012
8.293058,-5.5164547,2.7473269,0.2574197,0.23001663
8.2699175,-5.506827,2.7571084,0.25518584,0.2219142
8.246841,-5.49749,2.7664695,0.252952,0.21381177
8.223842,-5.4884334,2.775415,0.25071818,0.20570934
8.200926,-5.4796457,2.7839503,0.2494229,0.19710901
8.178014,-5.471083,2.7920914,0.24812762,0.18850869
8.155114,-5.462737,2.799841,0.24683236,0.17990837
8.132234,-5.4545984,2.8072023,0.24618734,0.17111076
8.109318,-5.4466367,2.814189,0.24554235,0.16231316
8.086374,-5.438844,2.8208022,0.24489734,0.15351556
8.063407,-5.431213,2.8270435,0.24476269,0.14476284
8.040375,-5.4237194,2.8329284,0.24462803,0.13601014
8.017283,-5.4163566,2.8384566,0.24449338,0.12725744
7.994138,-5.409117,2.8436282,0.24485244,0.11902402
7.9708967,-5.40198,2.848474,0.2452115,0.110790625
7.9475656,-5.394938,2.8529925,0.24557056,0.10255722
7.9241476,-5.3879857,2.8571827,0.24581274,0.09256811
7.900655,-5.381118,2.8609698,0.24605492,0.082578994
7.8770924,-5.374326,2.8643525,0.24629709,0.07258988
7.8534656,-5.367603,2.8673296,0.24623099,0.061656397
7.8298078,-5.3609467,2.8698583,0.24616489,0.050722916
7.806125,-5.354348,2.8719385,0.24609879,0.03978943
7.7824235,-5.3477974,2.87357,0.24614832,0.029943818
7.758698,-5.3412814,2.8747983,0.24619783,0.020098204
7.734954,-5.334792,2.8756227,0.24624735,0.010252589
7.7111964,-5.32832,2.8760436,0.24642308,0.00072888134
7.687418,-5.3218527,2.8760736,0.24659881,-0.008794826
7.6636233,-5.315382,2.8757122,0.24677454,-0.018318534
7.6398168,-5.308899,2.8749588,0.24718994,-0.027957493
7.6159806,-5.3023887,2.8738072,0.24760534,-0.037596453
7.592119,-5.2958417,2.872256,0.24802075,-0.04723541
7.5682383,-5.2892494,2.870304,0.24880974,-0.05679692
7.544306,-5.282593,2.8679502,0.24959874,-0.06635843
7.5203276,-5.275862,2.8651917,0.25038773,-0.07591994
7.4963083,-5.269049,2.8620265,0.25147828,-0.08519498
7.4722247,-5.262135,2.85846,0.25256884,-0.094470024
7.4480815,-5.2551103,2.854489,0.25365943,-0.103745066
7.423885,-5.2479663,2.850111,0.2560373,-0.11376271
7.3995194,-5.240656,2.8452668,0.2584152,-0.12378035
7.3749933,-5.2331676,2.8399494,0.26079306,-0.13379799
7.350314,-5.225489,2.8341513,0.26483476,-0.1464613
7.3253427,-5.2175603,2.8277097,0.26887646,-0.1591246
7.3000917,-5.2093635,2.8206089,0.27291816,-0.1717879
7.274575,-5.2008796,2.812833,0.2782832,-0.19080067
7.248715,-5.192058,2.8040373,0.28364828,-0.20981342
7.222538,-5.18287,2.7941911,0.28901333,-0.22882618
7.1960716,-5.173287,2.7832646,0.29627374,-0.25339937
7.169212,-5.163228,2.7708857,0.30353412,-0.27797255
7.1420064,-5.1526537,2.7570035,0.3107945,-0.3
7.114484,-5.1415143,2.741696,0.32060507,-0.3
7.086272,-5.12959,2.7259052,0.33041564,-0.3
7.0573945,-5.116843,2.709631,0.3402262,-0.3
7.027877,-5.1032357,2.6928737,0.3495564,-0.3
6.9977884,-5.0887485,2.6756568,0.35888657,-0.3
6.9671574,-5.0733457,2.6579804,0.36821675,-0.3
6.936014,-5.0569887,2.6398447,0.37745243,-0.3
6.9043994,-5.0396457,2.6212537,0.38668814,-0.3
6.872347,-5.0212793,2.6022081,0.39592382,-0.3
6.839893,-5.0018525,2.5827076,0.40305468,-0.3
6.807246,-4.9814353,2.5628557,0.41018555,-0.3
6.7744412,-4.960002,2.5426526,0.41731638,-0.3
6.7415133,-4.9375257,2.5220985,0.42255718,-0.3
6.7086463,-4.914087,2.501286,0.42779797,-0.3
6.675873,-4.88967,2.4802155,0.43303877,-0.3
6.643226,-4.86426,2.458887,0.4366239,-0.3
6.6108627,-4.8379445,2.4373817,0.44020903,-0.3
6.5788116,-4.8107166,2.4157,0.44379416,-0.3
6.5471025,-4.782573,2.3938417,0.4470083,-0.3
6.515791,-4.753535,2.371825,0.45022246,-0.3
6.4849057,-4.7236,2.3496501,0.4534366,-0.3
6.454476,-4.6927695,2.3273168,0.45706394,-0.3
6.4245048,-4.661015,2.3048048,0.46069127,-0.3
6.3950233,-4.628337,2.2821143,0.4643186,-0.3
6.366065,-4.5947356,2.259245,0.4680884,-0.3
6.3376536,-4.5602026,2.23619,0.47185817,-0.3
6.309824,-4.5247407,2.2129495,0.47562796,-0.3
6.28261,-4.4883533,2.1895232,0.4796998,-0.3
6.25603,-4.451021,2.1658964,0.4837716,-0.3
6.230121,-4.41275,2.1420689,0.4878434,-0.3
6.2049217,-4.3735447,2.118041,0.49207744,-0.3
6.1804605,-4.3334,2.0938046,0.49631146,-0.3
6.156778,-4.2923236,2.0693595,0.5005455,-0.3
6.1339126,-4.2503257,2.0447059,0.5048643,-0.3
6.111901,-4.20741,2.0198398,0.50918305,-0.3
6.0907845,-4.163588,1.9947608,0.5135018,-0.3
6.070604,-4.1188745,1.9694691,0.5180419,-0.3
6.0513916,-4.0732656,1.9439538,0.522582,-0.3
6.033191,-4.0267773,1.9182148,0.523,-0.3
6.01618,-3.979798,1.8924553,0.523,-0.3
6.0003843,-3.9323964,1.8666958,0.523,-0.3
5.985815,-3.8846037,1.8409363,0.523,-0.3
5.9724813,-3.8364518,1.8151767,0.523,-0.3
5.960392,-3.7879722,1.7894173,0.523,-0.3
5.9495554,-3.7391975,1.7636577,0.523,-0.3
5.939979,-3.6901596,1.7378982,0.523,-0.3
5.9316688,-3.6408916,1.7121388,0.523,-0.3
5.92463,-3.5914257,1.6863792,0.523,-0.3
5.918868,-3.541795,1.6606197,0.523,-0.3
5.9143863,-3.4920323,1.6348602,0.523,-0.3
5.9111876,-3.4421706,1.6091007,0.523,-0.3
5.909274,-3.3922431,1.5833411,0.523,-0.3
5.9086475,-3.342283,1.5575817,0.523,-0.3
5.9093075,-3.2923234,1.5318221,0.523,-0.3
5.9112544,-3.242397,1.5060626,0.523,-0.3
5.9144864,-3.1925378,1.4803032,0.523,-0.3
5.9190016,-3.1427782,1.4545436,0.523,-0.3
5.924797,-3.093151,1.4287841,0.523,-0.3
5.931869,-3.04369,1.4030246,0.523,-0.3
5.9402122,-2.9944274,1.3772651,0.523,-0.3
5.9498215,-2.9453962,1.3515055,0.523,-0.3
5.9606905,-2.8966286,1.325746,0.523,-0.3
5.972812,-2.8481572,1.2999865,0.523,-0.3
5.986178,-2.800014,1.274227,0.523,-0.3
6.0007796,-2.7522311,1.2484676,0.523,-0.3
6.0166073,-2.7048402,1.222708,0.523,-0.3
6.03365,-2.6578727,1.1969485,0.523,-0.3
6.051897,-2.6113596,1.171189,0.523,-0.3
6.071336,-2.565332,1.1454295,0.523,-0.3
6.0919538,-2.5198202,1.1196699,0.523,-0.2608059
6.113984,-2.4743443,1.0971932,0.523,-0.22161178
6.1372547,-2.428939,1.0780338,0.523,-0.18241768
6.1615853,-2.3836257,1.062221,0.523,-0.14542156
6.1867833,-2.338427,1.0495898,0.523,-0.10842545
6.2126718,-2.2933378,1.0401572,0.523,-0.071429335
6.2390723,-2.2483451,1.0339363,0.523,-0.045496963
6.2657933,-2.2034492,1.0299718,0.523,-0.019564593
6.292714,-2.1586218,1.0282665,0.523,0.006367779
6.3197165,-2.1138327,1.0288216,0.523,0.029291153
6.3466825,-2.069047,1.0313745,0.523,0.052214526
6.3735094,-2.0242343,1.0359237,0.523,0.0751379
6.400093,-1.979366,1.0424671,0.523,0.09291603
6.4263434,-1.9343919,1.0505546,0.523,0.11069415
6.4521823,-1.8892889,1.0601838,0.523,0.12847227
6.477531,-1.8440361,1.0713515,0.523,0.14533271
6.5023155,-1.7986085,1.0839751,0.523,0.16219315
6.526461,-1.7529912,1.0980511,0.523,0.17905357
6.5498943,-1.7071718,1.1135753,0.523,0.19031724
6.5725656,-1.6610913,1.1300646,0.523,0.2015809
6.594425,-1.6147469,1.147517,0.523,0.21284455
6.6154227,-1.5681386,1.1659302,0.523,0.21553737
6.6355467,-1.5211791,1.1845727,0.523,0.21823019
6.654781,-1.4738806,1.2034445,0.523,0.220923
6.6731076,-1.4262563,1.2225454,0.523,0.224269
6.690508,-1.378327,1.2419307,0.523,0.22761501
6.7069635,-1.3301064,1.2616003,0.523,0.23096101
6.7224555,-1.2816094,1.2815539,0.523,0.22822909
6.736986,-1.2327819,1.3012756,0.523,0.22549716
6.7505593,-1.1836462,1.3207653,0.523,0.22276524
6.7631807,-1.1342247,1.3400228,0.523,0.22300828
6.774847,-1.084572,1.3593009,0.523,0.2232513
6.7855535,-1.0347062,1.3785998,0.523,0.22349434
6.7952952,-0.9846461,1.3979192,0.523,0.2271576
6.8040605,-0.9344492,1.41755,0.523,0.23082083
6.811832,-0.8841329,1.4374917,0.523,0.23448409
6.818593,-0.83371544,1.457744,0.523,0.23151195
6.8243356,-0.7831358,1.4777443,0.523,0.22853981
6.829069,-0.73241603,1.4974924,0.523,0.22556767
6.8328023,-0.6815778,1.5169882,0.523,0.22371152
6.835545,-0.6306549,1.536326,0.523,0.22185539
6.837303,-0.57966703,1.5555062,0.523,0.21999925
6.8380837,-0.52863353,1.5745285,0.523,0.21716005
6.837893,-0.47756225,1.5933092,0.523,0.21432085
6.836743,-0.42647177,1.6118481,0.523,0.21148165
6.8346443,-0.37538007,1.6301452,0.523,0.2125208
6.8316116,-0.3243467,1.6485308,0.523,0.21355994
6.8276424,-0.27338916,1.667005,0.523,0.21459909
6.822734,-0.22252513,1.6855676,0.523,0.21471488
6.816882,-0.17176227,1.7041401,0.523,0.21483067
6.8100886,-0.12111812,1.7227224,0.523,0.21494645
6.802356,-0.07061022,1.7413146,0.523,0.21467525
6.7936845,-0.020251827,1.7598838,0.523,0.21440405
6.784079,0.029939836,1.7784299,0.523,0.21413283
6.773544,0.07994769,1.7969527,0.523,0.21486793
6.7620864,0.12974386,1.8155383,0.523,0.21560304
6.7497067,0.17931052,1.8341864,0.523,0.21633814
6.7364078,0.22862978,1.8528972,0.523,0.21883959
6.722196,0.27766445,1.8718208,0.523,0.22134103
6.7070675,0.32639414,1.8909571,0.523,0.22384247
6.691018,0.37479803,1.9103062,0.523,0.22098216
6.6740246,0.42291343,1.9294121,0.523,0.21812187
6.6561036,0.47072592,1.9482747,0.523,0.21526158
6.637272,0.51822174,1.9668938,0.523,0.2114684
6.6175427,0.5653975,1.9851897,0.523,0.2076752
6.5969377,0.6122422,2.0031621,0.523,0.20388202
6.5754766,0.6587459,2.020811,0.52168244,0.19760823
6.553226,0.7048061,2.037881,0.52036494,0.19133444
6.5302224,0.7504208,2.0543737,0.5190474,0.18506065
6.5065017,0.7955894,2.0702918,0.5144907,0.17904018
6.482252,0.84003067,2.0855622,0.50993407,0.1730197
6.4575214,0.88375306,2.1001937,0.5053774,0.16699924
6.432354,0.9267659,2.1141949,0.5012499,0.15637958
6.4067535,0.9691472,2.1272058,0.49712235,0.14575994
6.380777,1.010913,2.1392398,0.49299484,0.1351403
6.35448,1.0520809,2.15031,0.48744825,0.13051033
6.3280134,1.0925202,2.1608827,0.48190165,0.12588038
6.3014107,1.1322442,2.1709664,0.47635505,0.12125042
6.2747045,1.1712663,2.1805692,0.4724471,0.10429745
6.2477956,1.209786,2.1887667,0.46853915,0.08734448
6.2207527,1.2478291,2.1955788,0.4646312,0.07039152
6.1936426,1.2854215,2.2010255,0.4598204,0.054279655
6.166584,1.3225154,2.2051833,0.45500958,0.038167793
6.139636,1.3591367,2.208077,0.4501988,0.02205593
6.1128554,1.3953111,2.2097318,0.4449534,0.014422512
6.0863237,1.4310253,2.2108011,0.43970802,0.0067890943
6.060065,1.4662931,2.2112987,0.43446267,-0.00084432366
6.0341015,1.5011281,2.2112377,0.4283462,-0.016290283
6.008509,1.5354698,2.2100747,0.4222297,-0.031736244
5.9833307,1.5693377,2.2078416,0.41611323,-0.047182202
5.9586067,1.6027501,2.2045708,0.40725684,-0.05078923
5.9345207,1.6355244,2.201125,0.3984005,-0.05439626
5.911073,1.667661,2.1975148,0.38954413,-0.058003288
5.888265,1.6991593,2.193751,0.3755509,-0.07773047
5.8664203,1.7295679,2.1888907,0.36155763,-0.097457655
5.845568,1.7588943,2.1830273,0.3475644,-0.11718483
5.825731,1.7871429,2.1762545,0.33848962,-0.1389745
5.806652,1.8147066,2.1684394,0.32941484,-0.16076417
5.788355,1.841587,2.159651,0.32034007,-0.18255384
5.7708583,1.8677831,2.1499586,0.30879188,-0.1766196
5.7542205,1.8932245,2.1409159,0.29724368,-0.17068537
5.7384105,1.9178839,2.1325011,0.2856955,-0.16475113
5.7233996,1.9417362,2.1246917,0.28071383,-0.16098514
5.7088246,1.9653018,2.1171925,0.27573216,-0.15721916
5.694674,1.9885699,2.109997,0.2707505,-0.15345317
5.680936,2.0115304,2.1030998,0.2635559,-0.13839953
5.667688,2.0340223,2.0970397,0.25636137,-0.12334588
5.6549087,2.0560215,2.0917828,0.24916679,-0.10829224
5.6425796,2.0775058,2.0872946,0.24570835,-0.096277125
5.6305017,2.0987725,2.083358,0.24224992,-0.084262006
5.618664,2.1198096,2.0799599,0.2387915,-0.072246894
5.607054,2.1406052,2.0770872,0.2327183,-0.03900371
5.5957775,2.160942,2.0755746,0.22664513,-0.005760533
5.584817,2.1807797,2.075357,0.22057194,0.027482647
5.5741577,2.2000809,2.0763674,0.2124478,0.06449905
5.56389,2.2186294,2.0786495,0.20432366,0.10151546
5.554005,2.236391,2.0821006,0.19619954,0.13853186
