-9.710463,4.1018596,-0.7099792,-0.15722774,0.0
-9.722386,4.112108,-0.7099792,-0.12738006,0.09216344
-9.732006,4.1203756,-0.711933,-0.097532384,0.18432689
-9.7392645,4.12664,-0.7149124,-0.06768471,0.27649033
-9.744182,4.130908,-0.7179918,-0.03790026,0.37432015
-9.746839,4.133229,-0.7203015,-0.008115813,0.47215
-9.747382,4.1337056,-0.7209167,0.021668633,0.56997985
-9.746012,4.1325016,-0.71896785,0.05136731,0.66174155
-9.742962,4.1298323,-0.7137071,0.08106598,0.7535033
-9.738493,4.1259623,-0.7044629,0.11076466,0.8452651
-9.732893,4.1212025,-0.69065154,0.14036255,0.897165
-9.726143,4.1156244,-0.6723679,0.16996044,0.94906485
-9.718398,4.1094584,-0.6493419,0.19955833,1.0
-9.709811,4.102939,-0.62135476,0.22896276,0.9751998
-9.699367,4.095462,-0.589765,0.25836718,0.9503997
-9.686884,4.0871077,-0.5547283,0.2877716,0.9255995
-9.6721735,4.077993,-0.51640767,0.3160014,0.9165468
-9.655451,4.0684977,-0.4746162,0.34423116,0.90749407
-9.636598,4.0588117,-0.4294093,0.37246093,0.8984413
-9.615506,4.0491533,-0.38084304,0.39705014,0.8708108
-9.591761,4.0396457,-0.33022898,0.42163935,0.84318024
-9.565233,4.030553,-0.2777516,0.4462286,0.81554973
-9.535818,4.022166,-0.22360158,0.46121648,0.78174764
-9.503901,4.014908,-0.16944548,0.47620437,0.7479455
-9.469491,4.009021,-0.115465015,0.49119225,0.7141434
-9.432621,4.0047445,-0.061845623,0.49597177,0.6812027
-9.394167,4.002363,-0.009791089,0.50075126,0.648262
-9.354252,4.001972,0.040601343,0.5055308,0.6153214
-9.3130045,4.003648,0.08923517,0.5066072,0.5887211
-9.27104,4.0074024,0.13612148,0.5076836,0.5621208
-9.228481,4.0132318,0.18121916,0.5087599,0.5355205
-9.185444,4.0211177,0.22448824,0.5081999,0.5112087
-9.142234,4.030984,0.26592615,0.5076398,0.48689696
-9.098946,4.0427747,0.3055124,0.5070797,0.4625852
-9.055669,4.0564237,0.34322757,0.5064907,0.43638322
-9.012444,4.0718713,0.37890685,0.5059017,0.41018122
-8.96934,4.0890326,0.41253036,0.5053127,0.38397923
-8.926419,4.1078167,0.44407982,0.50439674,0.35478762
-8.883709,4.128137,0.47328365,0.50348073,0.32559603
-8.841249,4.149881,0.50012535,0.5025648,0.29640445
-8.799071,4.17293,0.5245905,0.49885175,0.27605912
-8.757529,4.196969,0.5472522,0.4951387,0.2557138
-8.716621,4.221895,0.56812525,0.49142566,0.23536848
-8.67634,4.2476077,0.58722544,0.48881087,0.2148444
-8.636583,4.274068,0.6045941,0.48619604,0.19432035
-8.597336,4.301184,0.6202415,0.48358122,0.17379628
-8.558578,4.3288684,0.6341785,0.48116234,0.1624926
-8.520328,4.3570023,0.6471521,0.4787435,0.15118894
-8.482569,4.385537,0.6591697,0.47632465,0.13988528
-8.445283,4.4144254,0.6702387,0.47567976,0.12660128
-8.408304,4.443737,0.6802488,0.47503486,0.11331727
-8.371611,4.4734244,0.68920124,0.47439,0.100033276
-8.335182,4.503441,0.6970972,0.47345293,0.08839178
-8.299024,4.5337176,0.704063,0.47251588,0.076750286
-8.263114,4.5642147,0.71010137,0.4715788,0.06510879
-8.22743,4.594892,0.715215,0.47122666,0.053385127
-8.191905,4.62575,0.71940583,0.47087452,0.041661464
-8.156517,4.6567507,0.7226744,0.47052237,0.029937804
-8.121242,4.687857,0.7250218,0.470293,0.020135855
-8.086048,4.719038,0.7266,0.4700636,0.010333908
-8.050916,4.750264,0.72740954,0.4698342,0.0005319595
-8.015824,4.7815056,0.7274512,0.469941,-0.014878208
-7.9807296,4.8127513,0.72628593,0.47004777,-0.030288374
-7.9456024,4.843953,0.7239135,0.47015455,-0.045698542
-7.910414,4.8750596,0.7203338,0.4696763,-0.05713286
-7.8751717,4.9059906,0.71586394,0.46919805,-0.06856717
-7.839853,4.9367104,0.7105062,0.4687198,-0.08000149
-7.804436,4.9671836,0.70426315,0.4684303,-0.09142955
-7.7688866,4.9973865,0.69713503,0.46814084,-0.1028576
-7.7331843,5.027283,0.68912387,0.46785134,-0.11428565
-7.6973114,5.056838,0.6802318,0.46703327,-0.123620965
-7.6612797,5.085989,0.6706338,0.4662152,-0.13295628
-7.6250777,5.114708,0.66033316,0.46539715,-0.14229159
-7.5886927,5.142966,0.64933336,0.4649764,-0.15804213
-7.5521193,5.1707306,0.63713664,0.46455565,-0.17379268
-7.515341,5.1979504,0.6237482,0.46413487,-0.18954322
-7.478342,5.224574,0.60917354,0.46310318,-0.20280033
-7.44114,5.2505293,0.59362775,0.46207148,-0.21605745
-7.403729,5.2757754,0.57711786,0.46103978,-0.22931458
-7.366103,5.3002715,0.5596514,0.46175343,-0.23624037
-7.328059,5.324105,0.5416392,0.46246704,-0.24316616
-7.289598,5.3472457,0.52308065,0.46318066,-0.25009194
-7.2507215,5.369664,0.503975,0.4653183,-0.25877988
-7.211332,5.3913865,0.48412907,0.46745592,-0.2674678
-7.171429,5.41237,0.4635384,0.46959358,-0.27615574
-7.1310167,5.432571,0.44219857,0.47244486,-0.28246462
-7.0900087,5.451987,0.42025167,0.47529614,-0.2887735
-7.048412,5.4705753,0.3976928,0.47814742,-0.2950824
-7.0062337,5.488293,0.37451708,0.4818974,-0.29974148
-6.963384,5.5051365,0.35080186,0.48564744,-0.3
-6.919814,5.52108,0.3268821,0.48939744,-0.3
-6.875536,5.5360923,0.30277762,0.4935912,-0.3
-6.8305264,5.550153,0.27846658,0.49778494,-0.3
-6.784803,5.563225,0.25394902,0.5019787,-0.3
-6.738385,5.5752726,0.22922486,0.50545347,-0.3
-6.6913605,5.5862446,0.20432958,0.50892824,-0.3
-6.643752,5.5961103,0.17926314,0.512403,-0.3
-6.595585,5.6048384,0.15402557,0.5144736,-0.3
-6.547017,5.612379,0.12868601,0.5165442,-0.3
-6.498078,5.6187115,0.10324447,0.5186148,-0.3
-6.4487963,5.623818,0.07770094,0.5188381,-0.3
-6.3993797,5.6276655,0.052146424,0.5190614,-0.3
-6.349859,5.63025,0.026580902,0.51928467,-0.3
-6.3002677,5.6315684,0.0010043853,0.5175548,-0.29786846
-6.250791,5.631618,-0.024311222,0.515825,-0.29573694
-6.2014627,5.630419,-0.04936698,0.5140951,-0.2936054
-6.1523128,5.6279902,-0.07416395,0.51089597,-0.28346744
-6.103397,5.624356,-0.097979054,0.50769675,-0.27332947
-6.0547466,5.619574,-0.12082023,0.5044975,-0.26319152
-6.006389,5.613703,-0.14269553,0.500894,-0.25610012
-5.958426,5.6068115,-0.16384242,0.49729043,-0.24900874
-5.9108763,5.5989504,-0.18426809,0.49368688,-0.24191737
-5.8637567,5.5901685,-0.20397973,0.49158105,-0.23518172
-5.8169427,5.5804844,-0.22307108,0.4894752,-0.22844605
-5.770448,5.569937,-0.24154586,0.48736933,-0.2217104
-5.724284,5.5585647,-0.25940782,0.48666686,-0.2139304
-5.678318,5.5463657,-0.2766279,0.4859644,-0.20615038
-5.6325593,5.533375,-0.29320684,0.48526192,-0.19837038
-5.587015,5.519624,-0.30914542,0.4852571,-0.1701651
-5.541457,5.505074,-0.3228414,0.48525223,-0.14195983
-5.495902,5.489834,-0.33428395,0.4852474,-0.113754556
-5.45036,5.4740157,-0.34346396,0.4870123,-0.08876343
-5.404683,5.45768,-0.3506593,0.48877716,-0.0637723
-5.3588734,5.440924,-0.35585088,0.49054205,-0.038781166
-5.312927,5.423847,-0.3590207,0.49110836,-0.027784813
-5.266965,5.406598,-0.36129466,0.49167466,-0.016788458
-5.2209783,5.3892207,-0.36267033,0.49224097,-0.005792105
-5.174957,5.3717575,-0.3631455,0.48793098,0.009748673
-5.1293483,5.3544264,-0.36235273,0.483621,0.025289452
-5.084141,5.337289,-0.36031455,0.47931102,0.040830232
-5.0393248,5.3204036,-0.35705373,0.47282863,0.044248533
-4.9950676,5.303894,-0.35356787,0.46634623,0.047666837
-4.9513674,5.287765,-0.3498644,0.45986384,0.051085137
-4.908223,5.2720227,-0.34595072,0.45194292,0.048503302
-4.8657565,5.256716,-0.3422987,0.444022,0.045921467
-4.823974,5.241828,-0.33890155,0.43610108,0.043339632
-4.782883,5.227343,-0.33575246,0.41655165,0.035780363
-4.7435794,5.2136273,-0.3332689,0.39700222,0.028221095
-4.7060785,5.2006454,-0.33140185,0.37745282,0.020661825
-4.6703944,5.188367,-0.33010215,0.35580146,0.011016494
-4.6367373,5.1768346,-0.32944888,0.3341501,0.0013711632
-4.605119,5.166024,-0.3293725,0.31249875,-0.008274168
-4.5755506,5.1559167,-0.32980344,0.29063758,-0.01719883
-4.548057,5.146506,-0.3306365,0.26877642,-0.026123494
-4.522644,5.137783,-0.3318066,0.24691524,-0.035048157
-4.4993134,5.1297445,-0.33324865,0.22636735,-0.025029415
-4.4779286,5.122342,-0.33419284,0.20581947,-0.015010673
-4.458488,5.115592,-0.33470774,0.18527159,-0.004991931
-4.440989,5.1095057,-0.33486187,0.1636671,-0.0049102367
-4.4255314,5.1041274,-0.3349958,0.1420626,-0.0048285425
-4.412115,5.099457,-0.33511016,0.1204581,-0.0047468483
-4.4007397,5.095495,-0.33520544,0.1116415,0.0060827197
-4.390197,5.0918226,-0.33509228,0.10282489,0.016912287
-4.380488,5.088442,-0.33480245,0.09400828,0.027741855
-4.3716125,5.085354,-0.33436784,0.097384796,0.04523291
-4.3624225,5.0821614,-0.33363393,0.10076132,0.062723964
-4.352921,5.078868,-0.33258125,0.10413783,0.08021502
-4.343109,5.075479,-0.3311905,0.09582537,0.10801576
-4.3341002,5.0723815,-0.32946876,0.0875129,0.1358165
-4.325896,5.069576,-0.32749388,0.07920044,0.16361724
-4.318497,5.0670624,-0.32534376,0.083136946,0.18243268
-4.31075,5.0644493,-0.32282993,0.087073445,0.20124812
-4.3026595,5.0617423,-0.31992906,0.09100995,0.22006357
-4.2942286,5.0589495,-0.31661794,0.08501987,0.23954542
-4.28638,5.056378,-0.31325594,0.0790298,0.25902727
-4.2791123,5.0540237,-0.30988216,0.07303972,0.2785091
-4.272424,5.0518823,-0.30653545,0.07524584,0.2952172
-4.2655606,5.04971,-0.3028867,0.077451974,0.31192526
-4.258525,5.047511,-0.29892513,0.0796581,0.32863334
-4.2513194,5.0452905,-0.29464018,0.075586036,0.34072095
-4.2445025,5.043222,-0.29043046,0.07151397,0.35280856
-4.238073,5.0413003,-0.28631204,0.0674419,0.36489618
-4.232029,5.0395207,-0.2823009,0.06902302,0.3780023
-4.2258677,5.0377336,-0.27805525,0.07060414,0.39110842
-4.219591,5.035942,-0.27356938,0.072185256,0.40421453
-4.2132015,5.034149,-0.26883766,0.074009165,0.4152135
-4.2066727,5.0323505,-0.26386195,0.075833075,0.42621243
-4.2000065,5.0305495,-0.25863674,0.07765699,0.4372114
