7.674452,2.1479998,-3.013994,0.6260026,0.0
7.6123605,2.1400337,-3.013994,0.523,0.099925615
7.5607443,2.1334116,-3.0052984,0.4937109,0.19985123
7.512805,2.1268368,-2.988963,0.46442178,0.29977685
7.46895,2.1200907,-2.966105,0.44795975,0.39964515
7.4283175,2.1128862,-2.9370553,0.4314977,0.49951345
7.3912296,2.1051927,-2.9026077,0.41503567,0.59938174
7.3579345,2.0970807,-2.8635852,0.4283688,0.69780606
7.3263707,2.0880725,-2.817711,0.44170198,0.7962304
7.2970843,2.0782409,-2.7650952,0.45503512,0.8946547
7.270603,2.0677714,-2.7059412,0.46156785,0.9613861
7.2466516,2.0566225,-2.6428614,0.46810058,1.0
7.2244406,2.0445251,-2.5772126,0.47463328,1.0
7.202773,2.0308082,-2.5106475,0.4749035,1.0
7.182054,2.0156715,-2.4440446,0.4751737,1.0
7.1623774,1.9991803,-2.377404,0.47544396,1.0
7.1438317,1.9814053,-2.3107252,0.47302642,0.9517724
7.125326,1.9611351,-2.2465162,0.47060886,0.9035448
7.107111,1.9384121,-2.1849036,0.46819133,0.8553172
7.0894136,1.9133112,-2.1260068,0.4609771,0.86786246
7.073705,1.8879873,-2.0673897,0.4537629,0.8804078
7.0599375,1.8625804,-2.0090814,0.44654867,0.8929531
7.0480533,1.8372236,-1.9511099,0.44638807,0.8521919
7.037144,1.809936,-1.8951086,0.4462275,0.8114307
7.0273547,1.7808166,-1.8411691,0.4460669,0.77066946
7.018807,1.7499763,-1.7893796,0.44573855,0.7976455
7.012057,1.719587,-1.7362094,0.44541022,0.8246215
7.007078,1.6897637,-1.6816993,0.4450819,0.8515975
7.003833,1.6606226,-1.625891,0.4486074,0.81084025
7.002131,1.6297654,-1.5716943,0.45213285,0.770083
7.002102,1.5973089,-1.5192322,0.45565832,0.7293258
7.003853,1.563379,-1.4686261,0.4562063,0.7576622
7.007233,1.530411,-1.4163735,0.45675424,0.7859986
7.012198,1.4985172,-1.3625121,0.4573022,0.8143349
7.018688,1.4678085,-1.3070818,0.46228793,0.7773722
7.027277,1.4359976,-1.2530397,0.46727365,0.74040943
7.038054,1.4032307,-1.2005033,0.47225937,0.7034467
7.051088,1.3696563,-1.1495898,0.47292218,0.724199
7.065571,1.3373291,-1.0973685,0.47358498,0.7449513
7.0814443,1.3063442,-1.0438584,0.47424778,0.7657036
7.098637,1.2767935,-0.98907936,0.48368,0.7375204
7.118307,1.2468827,-0.93487054,0.49311224,0.70933723
7.14053,1.2167798,-0.8813406,0.50254446,0.681154
7.165364,1.1866568,-0.82859945,0.516355,0.6818991
7.19246,1.1571121,-0.77435905,0.523,0.6826441
7.2214694,1.1287363,-0.71937025,0.523,0.6833891
7.251976,1.102014,-0.6643311,0.523,0.64395916
7.284907,1.0762271,-0.61199915,0.523,0.60452914
7.3201275,1.0515056,-0.5624558,0.523,0.5650991
7.3574924,1.0279517,-0.51577806,0.523,0.5751297
7.3956695,1.0063065,-0.46836433,0.523,0.58516026
7.4345727,0.986625,-0.4202193,0.523,0.5951908
7.4741116,0.96895766,-0.37134784,0.523,0.54444444
7.5158005,0.9527234,-0.3262005,0.523,0.4936981
7.5594263,0.93796533,-0.28489345,0.523,0.4429517
7.604774,0.92468476,-0.24753311,0.523,0.456863
7.6502795,0.9131848,-0.20908085,0.523,0.4707743
7.695875,0.9035103,-0.1695441,0.523,0.48468557
7.741488,0.89570194,-0.12893052,0.523,0.43007192
7.788631,0.8895899,-0.09258758,0.523,0.37545827
7.837079,0.8850913,-0.06062366,0.523,0.32084462
7.886619,0.88208437,-0.033134066,0.523,0.3451471
7.9358077,0.88045394,-0.0036425195,0.523,0.3694496
7.9845786,0.88027626,0.027833557,0.523,0.39375207
8.032858,0.8816204,0.06127558,0.523,0.3379121
8.082108,0.884642,0.090172894,0.523,0.28207216
8.132136,0.8891655,0.114435434,0.523,0.22623217
8.182771,0.89498526,0.13398756,0.523,0.25176075
8.232967,0.90175164,0.15570161,0.523,0.2772893
8.282661,0.90955216,0.17956343,0.523,0.30281785
8.3317795,0.91846794,0.2055575,0.523,0.24986723
8.381388,0.92881155,0.22711167,0.523,0.19691661
8.43136,0.94036,0.24416551,0.523,0.14396599
8.481584,0.9528726,0.25667125,0.523,0.15591864
8.531557,0.9659885,0.27020717,0.523,0.16787131
8.581251,0.9797528,0.2847713,0.523,0.17982396
8.630635,0.99420893,0.30036163,0.523,0.15081868
8.680026,1.0095071,0.3134582,0.523,0.12181337
8.729409,1.0255142,0.32405004,0.523,0.09280807
8.778774,1.0420953,0.3321282,0.5204203,0.119391836
8.827621,1.0589432,0.34245926,0.5178407,0.1459756
8.87588,1.0761476,0.35501325,0.515261,0.17255937
8.923475,1.0937921,0.36975867,0.5119564,0.14909387
8.970681,1.1120884,0.38243318,0.5086518,0.12562835
9.0175,1.1309208,0.39305538,0.5053472,0.102162845
9.063938,1.1501752,0.40164503,0.5006372,0.060586315
9.109933,1.1697109,0.4066972,0.49592718,0.019009788
9.155473,1.1893251,0.40826836,0.49121717,-0.022566741
9.200545,1.2088225,0.406421,0.47842774,-0.050735332
9.244434,1.2277116,0.40237722,0.46563828,-0.07890392
9.287146,1.2458895,0.3962601,0.45284882,-0.10707251
9.328682,1.2632681,0.38819426,0.45504752,-0.055386435
9.370737,1.2804661,0.38399583,0.45724624,-0.0037003637
9.413131,1.2975956,0.38371384,0.45944494,0.04798571
9.455686,1.314776,0.3873869,0.46377194,0.042911775
9.498587,1.3322798,0.39070275,0.46809894,0.03783784
9.541838,1.350094,0.39365402,0.47242597,0.032763906
