4.5816684,-3.1254702,0.6317103,0.64856243,0.0
4.6340084,-3.0871708,0.6317103,0.523,0.036432087
4.6761875,-3.0563068,0.63488525,0.50958,0.072864175
4.7171073,-3.0261645,0.6410681,0.49616,0.10929626
4.756635,-2.9966688,0.6500882,0.4842153,0.09741132
4.794997,-2.9675002,0.6579371,0.4722706,0.085526384
4.832229,-2.9387271,0.6646608,0.46032593,0.07364144
4.8683643,-2.9104116,0.67030555,0.4460481,0.07553165
4.9032187,-2.8827808,0.67591536,0.4317703,0.07742186
4.9368014,-2.8558497,0.6814812,0.41749245,0.079312064
4.969124,-2.8296328,0.68699414,0.4013524,0.09972157
5.0000005,-2.8043048,0.69365364,0.38521233,0.12013109
5.0294065,-2.7798536,0.70134777,0.3690723,0.1405406
5.057325,-2.7562742,0.7099643,0.35112503,0.16098563
5.083609,-2.7336836,0.7193447,0.33317775,0.18143067
5.1082606,-2.712091,0.7293643,0.3152305,0.20187572
5.131287,-2.691511,0.7398986,0.29407087,0.22608462
5.1524525,-2.6721888,0.75088525,0.27291128,0.25029352
5.171783,-2.6541486,0.7621514,0.25175166,0.27450243
5.1893115,-2.6374164,0.77352506,0.22949253,0.32816964
5.2048545,-2.6222384,0.785853,0.2072334,0.38183683
5.2184467,-2.608634,0.7987231,0.18497427,0.43550405
5.2301464,-2.5966182,0.8117289,0.15974578,0.49127716
5.2398405,-2.5863996,0.82428896,0.1345173,0.54705024
5.247642,-2.5779662,0.835951,0.10928881,0.6028233
5.253678,-2.571287,0.8462782,0.08221803,0.66168654
5.257977,-2.5664296,0.854698,0.055147238,0.72054976
5.2606974,-2.5633035,0.8607623,0.02807645,0.779413
5.2619996,-2.561789,0.8640513,0.0013104449,0.8166684
5.262058,-2.5617206,0.8642105,-0.02545556,0.85392386
5.260972,-2.5629928,0.86101216,-0.052221566,0.89117926
5.258833,-2.5654824,0.8542424,-0.07859052,0.916414
5.255691,-2.5690894,0.8438498,-0.104959466,0.9416488
5.2515864,-2.5737045,0.82970595,-0.13132842,0.96688354
5.2465515,-2.5792062,0.8116895,-0.15642719,0.9967457
5.240705,-2.5853686,0.78979725,-0.18152598,1.0
5.2338004,-2.5923343,0.76433915,-0.20662475,1.0
5.225742,-2.6000605,0.73536104,-0.2300044,1.0
5.216526,-2.6083972,0.703104,-0.25338405,1.0
5.2060823,-2.6172495,0.66756815,-0.2767637,1.0
5.194339,-2.6265068,0.62875336,-0.29580548,1.0
5.181413,-2.6359067,0.58726805,-0.31484726,1.0
5.1672516,-2.6453326,0.5431123,-0.33388904,1.0
5.151808,-2.6546557,0.49628592,-0.34822032,1.0
5.135263,-2.6636143,0.4474497,-0.36255157,1.0
5.117603,-2.6720898,0.3966036,-0.37688282,1.0
5.09882,-2.6799557,0.34374762,-0.38668326,1.0
5.0791497,-2.686997,0.28951716,-0.3964837,1.0
5.0586195,-2.6931129,0.23391223,-0.40628412,1.0
5.037266,-2.698201,0.17693286,-0.41268742,1.0
5.015316,-2.7021255,0.119055435,-0.41909072,1.0
4.9928327,-2.704815,0.060279988,-0.42549402,1.0
4.969885,-2.7062,0.0006065092,-0.42965,1.0
4.946671,-2.706214,-0.05964983,-0.433806,1.0
4.923274,-2.7048166,-0.12048902,-0.437962,1.0
4.899782,-2.7019725,-0.18191107,-0.4409791,1.0
4.8763494,-2.697662,-0.24375626,-0.4439962,1.0
4.8530693,-2.6918724,-0.30602458,-0.44701326,1.0
4.830039,-2.6845958,-0.36871603,-0.4484648,1.0
4.807437,-2.6758628,-0.43161103,-0.44991633,1.0
4.785357,-2.6656935,-0.49470964,-0.45136786,1.0
4.7638936,-2.6541147,-0.5580118,-0.45300987,0.9914113
4.742853,-2.6409817,-0.62119156,-0.45465186,0.98282266
4.722346,-2.6263044,-0.6842416,-0.45629385,0.9742339
4.7024817,-2.6101012,-0.7471548,-0.4582411,0.9588216
4.683169,-2.5922117,-0.80966765,-0.46018833,0.94340926
4.664536,-2.5726516,-0.87175965,-0.46213558,0.9279969
4.64671,-2.5514467,-0.93341017,-0.46567357,0.9092841
4.6296864,-2.5284567,-0.9946512,-0.46921155,0.89057136
4.6136084,-2.5037088,-1.0554478,-0.47274953,0.8718586
4.5986176,-2.4772425,-1.1157649,-0.4761756,0.85332394
4.584858,-2.4491205,-1.1755621,-0.47960168,0.8347892
4.5724616,-2.4194055,-1.2348053,-0.48302776,0.8162545
4.561553,-2.3881702,-1.2934599,-0.4862454,0.7941734
4.5522223,-2.3553927,-1.3512651,-0.48946306,0.77209234
4.544585,-2.3211668,-1.4081763,-0.4926807,0.75001127
4.538749,-2.2855937,-1.4641486,-0.49604928,0.7260775
4.5348005,-2.2487106,-1.5190399,-0.4994179,0.70214367
4.532828,-2.2106333,-1.5727986,-0.5027865,0.6782099
4.5329065,-2.1714814,-1.6253732,-0.50448793,0.65545976
4.535088,-2.1315467,-1.6766229,-0.50618935,0.6327096
4.5394,-2.0909545,-1.7265105,-0.50789076,0.6099595
4.545856,-2.049828,-1.7750001,-0.50672656,0.5816865
4.554442,-2.0083687,-1.8214022,-0.50556237,0.55341345
4.5651083,-1.9667023,-1.8656889,-0.5043981,0.52514046
4.5777926,-1.9249431,-1.9078343,-0.5045872,0.48756853
4.5925345,-1.8828721,-1.9472324,-0.5047762,0.44999662
4.609243,-1.8406022,-1.9838256,-0.50496525,0.41242468
4.6278124,-1.7982299,-2.01756,-0.5053283,0.37350622
4.6481395,-1.755799,-2.0482907,-0.50569135,0.33458778
4.67009,-1.7133768,-2.0759673,-0.5060544,0.29566932
4.693518,-1.671014,-2.100543,-0.50452685,0.2602006
4.7181544,-1.628942,-2.1221766,-0.50299925,0.22473185
4.743842,-1.5871739,-2.1408584,-0.50147164,0.1892631
4.7704225,-1.5457104,-2.1565826,-0.49974373,0.16327013
4.7976837,-1.5046217,-2.170121,-0.49801585,0.13727714
4.825512,-1.4638866,-2.1814797,-0.49628794,0.11128416
4.8537946,-1.4234794,-2.1906655,-0.4955726,0.100767136
4.8824377,-1.3833467,-2.1989744,-0.49485725,0.09025011
4.9114003,-1.3434707,-2.2064078,-0.49414188,0.07973309
4.940643,-1.303833,-2.2129674,-0.49496895,0.068625756
4.9702187,-1.2642894,-2.218624,-0.495796,0.057518423
5.000088,-1.2248201,-2.2233744,-0.49662304,0.04641109
5.0302124,-1.1854049,-2.2272146,-0.49791414,0.036298025
5.0605793,-1.1459869,-2.230226,-0.49920523,0.026184957
5.0911536,-1.1065462,-2.2324045,-0.5004963,0.016071891
5.1218996,-1.0670619,-2.233745,-0.5018235,0.007436359
5.152783,-1.0275102,-2.234367,-0.50315064,-0.001199174
5.1837735,-0.9878721,-2.2342665,-0.5044778,-0.009834707
5.214841,-0.9481283,-2.2334394,-0.5069184,-0.016039222
5.246022,-0.9081695,-2.2320845,-0.509359,-0.022243738
5.277296,-0.8679808,-2.2301962,-0.5117996,-0.028448254
5.3086386,-0.82754654,-2.22777,-0.5141705,-0.037851382
5.340018,-0.7868614,-2.2245271,-0.5165415,-0.04725451
5.371396,-0.7459031,-2.2204604,-0.51891243,-0.056657635
5.4027357,-0.70464903,-2.215563,-0.51983637,-0.065363385
5.433912,-0.66319036,-2.209904,-0.52076024,-0.07406913
5.464889,-0.6215073,-2.2034812,-0.52168417,-0.08277488
5.495631,-0.5795805,-2.1962924,-0.52206016,-0.08799061
5.5260797,-0.53742224,-2.188646,-0.5224362,-0.093206346
5.556212,-0.49502194,-2.1805422,-0.5228122,-0.09842208
5.5860066,-0.45236954,-2.17198,-0.523,-0.10151682
5.615436,-0.40946153,-2.1631463,-0.523,-0.10461156
5.644476,-0.36630902,-2.1540442,-0.523,-0.10770629
5.673113,-0.3229083,-2.144674,-0.523,-0.10863748
5.701339,-0.2792456,-2.135223,-0.523,-0.10956867
5.729148,-0.23532254,-2.1256914,-0.523,-0.11049985
5.756534,-0.19114096,-2.116079,-0.523,-0.11059684
5.7834945,-0.14669867,-2.1064584,-0.523,-0.11069383
5.8100257,-0.10199954,-2.0968292,-0.523,-0.11079082
5.836125,-0.0570475,-2.0871918,-0.523,-0.108877175
5.861795,-0.011836482,-2.07772,-0.523,-0.10696353
5.887041,0.03362507,-2.0684142,-0.523,-0.10504989
5.9118676,0.079328895,-2.0592742,-0.523,-0.10539357
5.936275,0.12525606,-2.0501044,-0.523,-0.105737254
5.9602594,0.17140341,-2.0409048,-0.523,-0.106080934
5.983817,0.21776776,-2.0316753,-0.523,-0.105000906
6.0069485,0.2643529,-2.0225396,-0.523,-0.103920884
6.0296564,0.3111527,-2.0134974,-0.523,-0.102840856
6.0519423,0.35816118,-2.0045488,-0.523,-0.10157215
6.0738096,0.40537333,-1.9957104,-0.523,-0.10030344
6.0952616,0.45278305,-1.986982,-0.523,-0.099034734
6.1163015,0.5003842,-1.9783635,-0.523,-0.09475145
6.136939,0.5481848,-1.9701167,-0.523,-0.09046816
6.15719,0.5961731,-1.9622416,-0.523,-0.086184874
6.177069,0.6443376,-1.9547385,-0.523,-0.08248451
6.1965933,0.69266504,-1.9475567,-0.523,-0.07878415
6.215775,0.74114597,-1.9406965,-0.523,-0.075083785
6.2346296,0.78977114,-1.9341578,-0.523,-0.06675691
6.2531767,0.83854747,-1.9283432,-0.523,-0.058430035
6.271449,0.8874563,-1.9232529,-0.523,-0.050103158
6.2894807,0.9364797,-1.9188874,-0.523,-0.042141695
6.3073044,0.9855994,-1.9152151,-0.523,-0.03418023
6.324953,1.0347991,-1.9122363,-0.523,-0.026218766
6.3424597,1.0840632,-1.9099512,-0.523,-0.01615749
6.359857,1.1333774,-1.9085429,-0.523,-0.006096214
6.377187,1.1827219,-1.9080116,-0.523,0.003965062
6.3944907,1.2320758,-1.9083571,-0.51820856,0.018735211
6.41165,1.2809637,-1.9099752,-0.51341707,0.03350536
6.428723,1.3293531,-1.9128417,-0.5086256,0.04827551
6.4457626,1.3772135,-1.9169325,-0.48780987,0.070450515
6.4622717,1.4229875,-1.9226555,-0.4669941,0.09262551
6.478297,1.4666378,-1.9298544,-0.44617835,0.11480052
6.493872,1.5081353,-1.9383726,-0.41914526,0.13831659
6.5087905,1.5468764,-1.9480042,-0.39211217,0.16183266
6.5230446,1.5828546,-1.9585342,-0.36507908,0.18534873
6.5366116,1.6160736,-1.9697475,-0.33737677,0.20288777
6.549448,1.6465242,-1.9810778,-0.3096745,0.2204268
6.561501,1.6742345,-1.9923626,-0.2819722,0.23796584
6.572714,1.699238,-2.0034406,-0.25517172,0.24951044
6.5830812,1.7216866,-2.0139422,-0.2283712,0.26105502
6.5925417,1.7416188,-2.023766,-0.2015707,0.27259964
6.6010375,1.7590739,-2.032811,-0.18261851,0.29597166
6.608824,1.7747102,-2.0416884,-0.16366632,0.31934372
6.615874,1.7885581,-2.050252,-0.14471413,0.34271577
6.622161,1.8006512,-2.0583572,-0.13729416,0.34217492
6.62822,1.8120776,-2.066035,-0.12987418,0.3416341
6.6340356,1.8228443,-2.073287,-0.12245422,0.34109324
6.639593,1.8329577,-2.0801141,-0.12125697,0.32128653
6.645203,1.8430027,-2.086496,-0.12005971,0.30147982
6.6508565,1.8529762,-2.0924377,-0.11886246,0.2816731
6.656546,1.8628755,-2.0979443,-0.12039345,0.2685649
6.662386,1.8729074,-2.1032686,-0.121924445,0.25545672
6.6683745,1.8830711,-2.1084034,-0.123455435,0.24234854
6.674512,1.8933651,-2.1133413,-0.123053335,0.22816364
6.680701,1.9036303,-2.11798,-0.12265124,0.21397875
6.6869364,1.9138658,-2.122321,-0.12224914,0.19979386
6.6932144,1.924071,-2.1263647,-0.12281712,0.18554297
6.699581,1.9343264,-2.130141,-0.1233851,0.17129207
6.7060328,1.9446315,-2.1336462,-0.12395308,0.15704118
6.7125654,1.9549856,-2.136877,-0.12352466,0.14388272
6.719122,1.9653035,-2.1398292,-0.12309624,0.13072427
6.725698,1.975585,-2.1425035,-0.12266783,0.1175658
6.7322893,1.9858298,-2.1449015,-0.118170366,0.10710628
6.73867,1.9956955,-2.147007,-0.1136729,0.09664677
6.7448344,2.005183,-2.1488352,-0.109175436,0.08618725
6.7507777,2.0142927,-2.1504014,-0.1057036,0.09032936
6.756543,2.0231006,-2.1519907,-0.10223176,0.09447146
6.762131,2.0316072,-2.1535978,-0.09875993,0.09861357
6.76754,2.0398128,-2.1552184,-0.09727455,0.10845968
6.7728753,2.0478783,-2.1569734,-0.09578917,0.118305795
6.778137,2.0558023,-2.1588578,-0.0943038,0.12815191
6.7833257,2.063584,-2.1608665,-0.09403922,0.13685405
6.7885094,2.0713248,-2.1630046,-0.09377463,0.14555618
6.7936883,2.0790231,-2.1652715,-0.09351005,0.15425831
6.7988634,2.0866778,-2.1676662,-0.095975004,0.16766682
6.804182,2.0945046,-2.1703355,-0.09843996,0.18107533
6.809646,2.102499,-2.1732903,-0.10090492,0.19448383
6.8152566,2.110656,-2.1765404,-0.10655742,0.22459064
6.8211713,2.119196,-2.1804955,-0.11220992,0.25469744
6.8273892,2.1280982,-2.1852074,-0.117862426,0.28480425
6.83391,2.137341,-2.1907268,-0.12856816,0.32456085
6.8409896,2.147259,-2.19756,-0.13927388,0.36431745
6.8486223,2.157799,-2.2058308,-0.1499796,0.40407404
6.8568025,2.1689007,-2.2156587,-0.15912718,0.4198421
6.8655367,2.1805134,-2.226469,-0.16827473,0.43561018
6.8748384,2.192606,-2.2383034,-0.1774223,0.45137823
6.8847213,2.2051446,-2.251202,-0.18046924,0.42401078
6.8950696,2.2179306,-2.263577,-0.18351619,0.3966433
6.9058805,2.2309554,-2.275393,-0.18656313,0.36927584
6.91715,2.2442107,-2.286616,-0.1883552,0.35268018
6.9287496,2.2575486,-2.2974596,-0.1901473,0.33608449
6.9406757,2.2709649,-2.3079112,-0.19193938,0.3194888
6.9529243,2.2844572,-2.3179586,-0.18826644,0.29554492
6.965163,2.29767,-2.3270977,-0.18459351,0.27160105
6.9773664,2.3106048,-2.3353512,-0.18092059,0.2476572
