-8.679495,4.4679275,0.53958255,0.683181,0.0
-8.620883,4.5030274,0.53958255,0.523,0.08921852
-8.576192,4.5297914,0.54734915,0.49321213,0.17843704
-8.534745,4.555052,0.5619393,0.46342427,0.26765555
-8.496925,4.578865,0.58236635,0.43864053,0.33518374
-8.46233,4.601648,0.6064143,0.41385683,0.40271193
-8.431045,4.6233478,0.63344705,0.3890731,0.47024012
-8.40309,4.643878,0.6628286,0.37554485,0.47391137
-8.376749,4.6644406,0.6913932,0.36201662,0.47758263
-8.351981,4.6849403,0.7191257,0.34848836,0.4812539
-8.32874,4.705289,0.746011,0.34386468,0.46657044
-8.306186,4.726133,0.7717909,0.339241,0.45188695
-8.284313,4.7474174,0.79647994,0.33461732,0.4372035
-8.263117,4.769089,0.8200932,0.3338501,0.42181554
-8.242339,4.791361,0.8428739,0.33308282,0.4064276
-8.221984,4.814202,0.8648202,0.3323156,0.39103964
-8.202052,4.837581,0.88593054,0.33310536,0.37663242
-8.182457,4.8615723,0.90634936,0.33389512,0.36222517
-8.163204,4.8861523,0.926069,0.33468488,0.34781793
-8.144295,4.9113007,0.9450817,0.33619788,0.33433264
-8.125695,4.937042,0.9634683,0.3377109,0.32084733
-8.107407,4.963359,0.98121905,0.3392239,0.30736202
-8.089429,4.990233,0.99832416,0.34111455,0.2946069
-8.071747,5.0176706,1.014832,0.3430052,0.28185177
-8.0543585,5.0456557,1.0307323,0.34489587,0.2690966
-8.037262,5.074172,1.0460147,0.34700906,0.25698507
-8.020448,5.103217,1.0607142,0.3491223,0.2448735
-8.00391,5.1327763,1.0748208,0.35123548,0.23276192
-7.9876456,5.1628346,1.0883238,0.353498,0.22126354
-7.9716444,5.1933856,1.1012537,0.35576054,0.20976517
-7.9558997,5.2244163,1.1136004,0.3580231,0.19826677
-7.940405,5.255912,1.1253537,0.36041355,0.18725246
-7.925148,5.287868,1.1365361,0.36280403,0.17623813
-7.9101195,5.320271,1.1471378,0.36519447,0.1652238
-7.895311,5.3531084,1.1571485,0.36772195,0.15340516
-7.880704,5.386384,1.1665134,0.3702494,0.14158651
-7.866286,5.4200835,1.1752213,0.37277687,0.12976786
-7.8520417,5.454193,1.1832612,0.37509447,0.11905746
-7.837967,5.488675,1.1906865,0.37741208,0.108347066
-7.824046,5.523517,1.1974884,0.3797297,0.09763666
-7.8102636,5.5587063,1.2036579,0.3821234,0.08789418
-7.7966003,5.5942345,1.2092484,0.38451716,0.07815169
-7.7830405,5.63009,1.2142518,0.3869109,0.068409204
-7.7695675,5.6662636,1.2186596,0.3894825,0.05936376
-7.756158,5.7027574,1.2225109,0.3920541,0.050318312
-7.7427945,5.739562,1.2257975,0.3946257,0.041272867
-7.72946,5.7766676,1.2285112,0.39729172,0.032734074
-7.716132,5.814072,1.2306784,0.39995778,0.024195278
-7.7027936,5.8517656,1.2322911,0.4026238,0.015656482
-7.689425,5.8897386,1.2333417,0.40529904,0.0076221405
-7.6760063,5.927982,1.2338566,0.40797427,-0.0004122019
-7.662519,5.966485,1.2338284,0.4106495,-0.008446544
-7.648942,6.005239,1.2332504,0.41359764,-0.015716631
-7.6352468,6.04426,1.232167,0.41654575,-0.022986716
-7.6214128,6.083539,1.2305714,0.41949388,-0.030256802
-7.607421,6.1230655,1.2284563,0.42270532,-0.03700469
-7.5932407,6.162856,1.2258499,0.42591676,-0.04375258
-7.578852,6.2029004,1.222745,0.4291282,-0.05050047
-7.5642347,6.243189,1.2191347,0.4322993,-0.05871612
-7.5493693,6.2837033,1.2149066,0.4354704,-0.06693177
-7.5342307,6.32443,1.2100525,0.4386415,-0.07514741
-7.5187917,6.365355,1.2045639,0.44126585,-0.08430808
-7.503046,6.406409,1.1983708,0.4438902,-0.09346875
-7.486964,6.4475746,1.1914659,0.44651458,-0.102629416
-7.470517,6.4888334,1.1838417,0.44886717,-0.112666786
-7.4536853,6.530138,1.1754308,0.4512198,-0.122704156
-7.4364376,6.571466,1.1662261,0.4535724,-0.13274153
-7.418741,6.612795,1.1562209,0.4560908,-0.14205204
-7.4005547,6.6541195,1.145459,0.45860925,-0.15136255
-7.3818474,6.6954165,1.1339339,0.46112767,-0.16067307
-7.3625884,6.7366605,1.1216384,0.46386167,-0.17052251
-7.3427396,6.7778397,1.1085191,0.46659568,-0.18037194
-7.3222675,6.8189244,1.0945683,0.46932966,-0.19022138
-7.3011403,6.859883,1.0797784,0.46981192,-0.19435447
-7.2794046,6.900533,1.0646557,0.47029418,-0.19848758
-7.257052,6.940859,1.0491997,0.4707764,-0.20262067
-7.2340746,6.980841,1.0334101,0.47053936,-0.20428695
-7.210489,7.020422,1.0175004,0.47030228,-0.20595323
-7.1862974,7.05959,1.0014709,0.4700652,-0.2076195
-7.161502,7.0983315,0.98532176,0.46981776,-0.20749523
-7.136097,7.1366487,0.96919066,0.46957028,-0.20737095
-7.1100903,7.174532,0.9530775,0.46932283,-0.20724668
-7.0834894,7.211972,0.93698233,0.46925685,-0.2070935
-7.056293,7.2489758,0.9209012,0.46919087,-0.20694035
-7.0285077,7.2855334,0.90483403,0.46912488,-0.2067872
-7.000142,7.3216357,0.88878083,0.46915182,-0.20651673
-6.971197,7.3572826,0.8727474,0.46917874,-0.20624627
-6.941681,7.392464,0.8567338,0.46920565,-0.2059758
-6.9116015,7.427173,0.84073997,0.46931285,-0.20719181
-6.880972,7.4613953,0.8246494,0.46942008,-0.20840782
-6.849797,7.4951196,0.808462,0.46952727,-0.20962383
-6.8180804,7.5283337,0.79217786,0.46966362,-0.21019569
-6.785822,7.5610323,0.7758452,0.46979994,-0.21076757
-6.7530284,7.5932055,0.759464,0.46993628,-0.21133944
-6.719707,7.624842,0.7430343,0.4704094,-0.20794854
-6.685811,7.6559806,0.72684807,0.47088253,-0.20455764
-6.651357,7.6866193,0.710906,0.47135565,-0.20116675
-6.616359,7.716756,0.69520885,0.47274724,-0.19958945
-6.5807767,7.7464366,0.6795872,0.47413883,-0.19801214
-6.5446177,7.7756524,0.6640417,0.47553042,-0.19643483
-6.5078893,7.804396,0.64857316,0.4781933,-0.1897405
-6.4704638,7.8327627,0.63354164,0.48085618,-0.18304615
-6.4323573,7.860754,0.6189536,0.48351908,-0.17635182
-6.393586,7.888372,0.60481554,0.4892031,-0.16321254
-6.353879,7.915819,0.5915672,0.4948871,-0.15007326
-6.3132615,7.9431067,0.57923543,0.50057113,-0.136934
-6.271762,7.9702506,0.5678469,0.50729686,-0.13002773
-6.229355,7.997304,0.55688405,0.51402265,-0.123121455
-6.1860495,8.024266,0.5463628,0.5207484,-0.116215184
-6.1418557,8.051141,0.53629905,0.523,-0.110017695
-6.09717,8.0777025,0.5267285,0.523,-0.103820205
-6.052202,8.103853,0.51769507,0.523,-0.097622715
-6.006972,8.129612,0.50919914,0.523,-0.08811484
-5.9614844,8.155008,0.5015284,0.523,-0.07860698
-5.9157667,8.180075,0.49468353,0.523,-0.069099106
-5.8698463,8.204844,0.4886652,0.523,-0.06272159
-5.823758,8.229348,0.48320156,0.523,-0.05634407
-5.7775197,8.25361,0.47829282,0.523,-0.04996655
-5.7311463,8.277651,0.4739392,0.523,-0.042807914
-5.6846538,8.301498,0.47020894,0.523,-0.035649277
-5.638059,8.325179,0.46710217,0.523,-0.028490638
-5.5913806,8.348721,0.46461907,0.523,-0.023651134
-5.544638,8.3721485,0.46255767,0.523,-0.018811632
-5.4978423,8.395483,0.460918,0.523,-0.013972128
-5.4510045,8.418742,0.45970017,0.523,-0.0073360563
-5.404135,8.441946,0.4590607,0.523,-0.000699985
-5.35725,8.46512,0.4589997,0.523,0.005936086
-5.3103642,8.488292,0.45951712,0.523,0.010133326
-5.2634916,8.511486,0.46040037,0.523,0.014330566
-5.2166424,8.534721,0.46164948,0.523,0.018527806
-5.169825,8.558013,0.4632644,0.523,0.023084497
-5.12305,8.581378,0.46527642,0.523,0.027641188
-5.076328,8.604835,0.46768552,0.523,0.03219788
-5.0296683,8.6284,0.47049162,0.523,0.03397436
-4.9830775,8.652096,0.47345248,0.523,0.035750844
-4.9365606,8.675927,0.47656807,0.523,0.037527323
-4.890121,8.699902,0.47983846,0.523,0.037839435
-4.84376,8.724028,0.483136,0.523,0.03815155
-4.79748,8.748306,0.48646075,0.523,0.038463663
-4.7512813,8.772738,0.48981267,0.523,0.02562337
-4.705146,8.797336,0.4920459,0.523,0.012783075
-4.6590543,8.8220415,0.49316016,0.523,-5.722046e-05
-4.612986,8.846802,0.49315515,0.523,0.0044710995
-4.5669184,8.87156,0.49354488,0.523,0.008999419
-4.520862,8.896337,0.49432933,0.523,0.013527739
-4.4748273,8.921147,0.49550846,0.523,-0.002800417
-4.4288177,8.946015,0.49526435,0.523,-0.019128572
-4.38281,8.970867,0.4935971,0.523,-0.03545673
-4.336782,8.995631,0.4905071,0.523,-0.0168265
-4.290655,9.020265,0.48904043,0.523,0.0018037319
-4.2444854,9.044834,0.48919767,0.523,0.020433962
-4.1983294,9.069406,0.49097872,0.523,-0.008899319
-4.1522093,9.094063,0.490203,0.523,-0.038232602
-4.106102,9.118669,0.48687118,0.523,-0.06756588
-4.0599847,9.143082,0.48098618,0.523,-0.029171502
-4.0136385,9.167268,0.47844377,0.523,0.009222877
-3.967213,9.191346,0.4792477,0.523,0.047617257
-3.9208577,9.215435,0.48339674,0.523,-0.0122719705
-3.8745534,9.239741,0.48232707,0.523,-0.0721612
-3.8283405,9.263937,0.47604248,0.523,-0.13205042
-3.7822602,9.287696,0.46456552,0.523,-0.066294365
-3.735606,9.311077,0.45879108,0.523,-0.0005383074
-3.6887143,9.334238,0.45874414,0.523,0.06521775
-3.6419213,9.357348,0.46442494,0.523,-0.008644593
-3.5951629,9.380774,0.46367142,0.523,-0.08250694
-3.548544,9.404084,0.45648772,0.523,-0.15636928
-3.502172,9.426857,0.44291303,0.523,-0.08578011
-3.4550922,9.449189,0.435445,0.523,-0.015190935
-3.4076781,9.471248,0.43412092,0.523,0.055398237
-3.3603022,9.493212,0.43894735,0.523,-0.019136315
-3.312969,9.515434,0.4372794,0.523,-0.09367087
-3.2657979,9.537485,0.42912635,0.523,-0.16820543
-3.2189112,9.558939,0.4145335,0.523,-0.104181394
-3.1713002,9.579889,0.40546876,0.523,-0.04015736
-3.1232796,9.600502,0.4019693,0.523,0.023866672
-3.075162,9.620957,0.4040495,0.523,-0.043205727
-3.0271182,9.6414995,0.40028456,0.523,-0.11027812
-2.9792452,9.6617565,0.39069146,0.523,-0.17735052
-2.9316447,9.681361,0.3753133,0.523,-0.13080724
-2.883401,9.700369,0.3639438,0.523,-0.08426394
-2.8346999,9.71892,0.35660747,0.523,-0.037720658
-2.785725,9.7371645,0.35332024,0.523,-0.08457317
-2.7368312,9.755197,0.34595707,0.523,-0.1314257
-2.688054,9.7727785,0.33453408,0.523,-0.17827821
-2.6394365,9.789678,0.31907636,0.52276385,-0.17902365
-2.590592,9.805814,0.3035617,0.52252764,-0.17976908
-2.5415318,9.821182,0.28799015,0.5222915,-0.18051453
-2.4922674,9.835775,0.27236181,0.5225942,-0.19748454
-2.4429126,9.84956,0.25527272,0.52289695,-0.21445456
-2.3934765,9.862461,0.23672603,0.523,-0.23142457
-2.3439906,9.8744,0.2167331,0.523,-0.24330407
-2.2944183,9.885315,0.19573373,0.523,-0.25518358
-2.2447784,9.895157,0.17373085,0.523,-0.2670631
-2.1950917,9.903877,0.15072758,0.523,-0.27663133
-2.1453505,9.911432,0.12692091,0.523,-0.28619954
-2.0955815,9.917783,0.102313034,0.523,-0.29576775
-2.045814,9.922893,0.07690618,0.52201205,-0.3
-1.9960917,9.926724,0.05119533,0.5210241,-0.3
-1.9463816,9.929272,0.025533138,0.5200362,-0.3
-1.8967168,9.930539,-8.039528e-05,0.51941645,-0.3
-1.8470951,9.930535,-0.025663404,0.5187967,-0.3
-1.7975489,9.929264,-0.051215887,0.5181769,-0.3
-1.7481104,9.926729,-0.07673784,0.51730925,-0.3
-1.6988355,9.922941,-0.10221706,0.51644164,-0.3
-1.6497555,9.917907,-0.12765355,0.51557404,-0.3
-1.6009015,9.911636,-0.15304732,0.5145849,-0.3
-1.552316,9.904141,-0.17839235,0.5135957,-0.3
-1.5040289,9.895435,-0.20368867,0.5126065,-0.3
-1.4560702,9.885529,-0.22893627,0.51190895,-0.3
-1.4084417,9.874431,-0.2541495,0.51121134,-0.3
-1.3611726,9.862151,-0.27932838,0.5105138,-0.3
-1.3142916,9.848704,-0.30447292,0.51006216,-0.3
-1.2678047,9.834097,-0.32959518,0.5096106,-0.3
-1.2217404,9.818339,-0.35469523,0.50915897,-0.3
-1.1761264,9.801446,-0.37977302,0.50923795,-0.3
-1.1309433,9.783411,-0.4048547,0.509317,-0.3
-1.0862199,9.764246,-0.42994028,0.50939596,-0.3
-1.0419843,9.743961,-0.45502976,0.5111504,-0.3
-0.998121,9.7225,-0.48020563,0.51290494,-0.3
-0.9546632,9.699864,-0.50546795,0.51465946,-0.3
-0.9116444,9.676057,-0.5308166,0.51738524,-0.3
-0.86901826,9.651034,-0.5562996,0.5201111,-0.3
-0.8268224,9.624797,-0.5819168,0.52283686,-0.3
-0.78509486,9.597343,-0.6076683,0.523,-0.3
-0.74407524,9.568816,-0.6334278,0.523,-0.3
-0.703804,9.539243,-0.6591873,0.523,-0.3
-0.6643079,9.50864,-0.68494684,0.523,-0.3
-0.6256131,9.477032,-0.71070635,0.523,-0.3
-0.5877452,9.444437,-0.7364659,0.523,-0.3
-0.55072945,9.410877,-0.7622254,0.523,-0.3
-0.5145904,9.376375,-0.7879849,0.523,-0.3
-0.47935194,9.340954,-0.81374437,0.523,-0.3
-0.4450375,9.304637,-0.8395039,0.523,-0.29897043
-0.41165927,9.267436,-0.8651777,0.523,-0.29794088
-0.37923673,9.229379,-0.89076567,0.523,-0.2969113
-0.3477886,9.190493,-0.9162678,0.523,-0.27188668
-0.31711873,9.150525,-0.9396764,0.523,-0.24686202
-0.28719467,9.10958,-0.96097666,0.523,-0.22183739
-0.25797546,9.067758,-0.9801552,0.523,-0.20378716
-0.22945261,9.025217,-0.997796,0.523,-0.18573692
-0.20158556,8.982026,-1.0138931,0.523,-0.1676867
-0.17432962,8.9382515,-1.0284414,0.523,-0.15399897
-0.14765422,8.893987,-1.0418121,0.523,-0.14031124
-0.12152005,8.849279,-1.0540024,0.523,-0.12662351
-0.09588575,8.8041725,-1.0650103,0.523,-0.11122322
-0.070703216,8.758704,-1.0746852,0.523,-0.09582293
-0.045922153,8.71292,-1.083025,0.523,-0.08042264
-0.021490548,8.666869,-1.0900277,0.523,-0.06701944
0.0026418574,8.620602,-1.0958651,0.523,-0.053616237
0.02652309,8.574157,-1.1005365,0.523,-0.040213037
0.050202,8.527572,-1.1040407,0.523,-0.028229069
0.07372717,8.480885,-1.1065011,0.523,-0.016245103
0.09714364,8.434128,-1.1079171,0.523,-0.004261136
0.12049676,8.387331,-1.1082884,0.523,0.00020214319
0.1438327,8.340527,-1.1082708,0.523,0.0046654223
0.16716921,8.293722,-1.1078641,0.523,0.009128702
0.19052403,8.246928,-1.1070684,0.523,0.01376847
0.21391484,8.200156,-1.1058683,0.523,0.018408239
0.23736002,8.153416,-1.1042638,0.523,0.023048008
0.26087788,8.106717,-1.102255,0.52028465,0.025261855
0.28436568,8.06031,-1.1000646,0.5175693,0.027475704
0.30783057,8.0142,-1.0976949,0.51485395,0.02968955
0.33127952,7.9683905,-1.0951476,0.51204467,0.030532086
0.3547159,7.922891,-1.0925424,0.5092354,0.031374622
0.3781409,7.8777037,-1.08988,0.50642604,0.032217156
0.4015556,7.8328285,-1.0871612,0.5058251,0.03202317
0.4250644,7.78807,-1.0844619,0.5052241,0.03182918
0.44866607,7.7434287,-1.0817822,0.5046231,0.031635188
0.47235915,7.6989026,-1.0791221,0.5059371,0.035295438
0.49622968,7.6543303,-1.0761465,0.507251,0.03895569
0.5202918,7.609719,-1.0728539,0.508565,0.04261594
0.5445598,7.5650787,-1.0692428,0.51166993,0.053342223
0.5691253,7.5202775,-1.0646961,0.5147748,0.06406851
0.59402883,7.4753456,-1.059203,0.5178797,0.07479479
0.61931163,7.4303145,-1.0527532,0.523,0.084038414
0.6451182,7.385037,-1.0454365,0.523,0.09328203
0.6712339,7.339987,-1.0373173,0.523,0.10252565
0.6976904,7.295191,-1.028396,0.523,0.11136186
0.72452015,7.2506747,-1.0187091,0.523,0.12019807
0.7517518,7.206466,-1.008257,0.523,0.12903428
0.77941334,7.162593,-0.9970407,0.523,0.12891626
0.8075657,7.1190324,-0.9858346,0.523,0.12879825
0.8362049,7.0757895,-0.9746387,0.523,0.12868023
0.8653268,7.032869,-0.963453,0.523,0.1228409
0.89494884,6.9902453,-0.9527723,0.523,0.11700158
0.92504567,6.9479113,-0.9425969,0.523,0.11116226
0.9555921,6.905857,-0.9329272,0.5190748,0.11331761
0.9863039,6.8644238,-0.9231448,0.5151496,0.11547296
1.0171767,6.823614,-0.9132525,0.5112244,0.11762831
1.0482056,6.7834306,-0.9032532,0.48941103,0.1079468
1.0783266,6.7452188,-0.8944652,0.4675977,0.09826529
1.1074541,6.7089276,-0.8868194,0.44578433,0.08858378
1.1355119,6.674512,-0.8802465,0.42312005,0.07503512
1.1623871,6.6419854,-0.87496,0.40045577,0.06148646
1.1880089,6.611308,-0.8708588,0.37779152,0.0479378
1.2123171,6.5824447,-0.86784154,0.36196736,0.019383455
1.235713,6.554834,-0.8666723,0.3461432,-0.00917089
1.2581202,6.528453,-0.8672013,0.33031905,-0.037725233
1.2794755,6.503283,-0.8692777,0.3180172,-0.06615378
1.2999547,6.4790444,-0.8727815,0.30571538,-0.09458232
1.3195151,6.4557276,-0.8775935,0.29341355,-0.12301086
1.3381227,6.4333286,-0.88359386,0.28381324,-0.09022783
1.356054,6.4114785,-0.88785607,0.27421293,-0.0574448
1.3733304,6.390242,-0.89048,0.26461262,-0.024661768
1.3899704,6.369678,-0.8915675,0.25646695,0.016091978
1.4060794,6.349726,-0.8908797,0.24832134,0.056845725
1.4216669,6.330447,-0.8885283,0.2401757,0.09759947
1.4367392,6.311895,-0.88462764,0.23497917,0.13260803
1.4514962,6.2938747,-0.8794495,0.22978263,0.16761658
1.4659413,6.2764206,-0.8730603,0.2245861,0.20262513
1.4800754,6.2595625,-0.86552763,0.2205847,0.21878996
1.4940337,6.243167,-0.857548,0.2165833,0.2349548
1.5078152,6.2272377,-0.84914464,0.2125819,0.25111964
