-8.778095,1.1066191,0.9610433,0.80647355,0.0
-8.731912,1.172733,0.9610433,0.523,-0.063127965
-8.702021,1.2155226,0.9555443,0.49401182,-0.12625593
-8.673735,1.2555438,0.94517654,0.4650236,-0.1893839
-8.64699,1.2925647,0.93058616,0.43951526,-0.24915731
-8.621546,1.326724,0.912523,0.4140069,-0.3
-8.59735,1.3580114,0.89213175,0.3884985,-0.3
-8.574051,1.3869019,0.8729969,0.3638599,-0.3
-8.551716,1.4135376,0.8550756,0.3392213,-0.3
-8.530452,1.4379927,0.83836776,0.31458268,-0.3
-8.510356,1.4603388,0.82287353,0.29179117,-0.3
-8.491397,1.4807748,0.80850184,0.26899964,-0.3
-8.47365,1.4993613,0.7952527,0.24620812,-0.3
-8.457183,1.5161563,0.7831261,0.22656539,-0.3
-8.441843,1.5314265,0.771967,0.20692267,-0.3
-8.427678,1.5452157,0.7617754,0.18727994,-0.3
-8.414732,1.5575646,0.7525512,0.17398056,-0.3
-8.402599,1.5689251,0.7439821,0.1606812,-0.3
-8.391305,1.5793208,0.736068,0.14738183,-0.3
-8.38087,1.5887737,0.72880894,0.13842645,-0.3
-8.371005,1.5975809,0.72199094,0.12947108,-0.3
-8.361722,1.6057553,0.7156141,0.120515704,-0.3
-8.353033,1.6133089,0.7096783,0.116900995,-0.3
-8.344562,1.6205859,0.7039205,0.11328629,-0.3
-8.336311,1.6275904,0.6983408,0.10967157,-0.3
-8.328287,1.6343268,0.6929391,0.10923566,-0.3
-8.320258,1.6409931,0.6875588,0.10879975,-0.3
-8.312225,1.6475897,0.6822001,0.10836383,-0.3
-8.30419,1.654117,0.67686284,0.10899701,-0.3
-8.296073,1.660639,0.67149436,0.10963019,-0.3
-8.287873,1.6671551,0.6660947,0.11026337,-0.3
-8.279591,1.6736642,0.66066384,0.111379385,-0.3
-8.27119,1.6801937,0.655178,0.1124954,-0.3
-8.262668,1.6867418,0.6496373,0.113611415,-0.3
-8.2540245,1.6933073,0.64404154,0.11493627,-0.3
-8.245244,1.6999002,0.6383805,0.116261125,-0.3
-8.236324,1.7065187,0.63265425,0.11758599,-0.3
-8.227265,1.7131609,0.62686276,0.11900138,-0.3
-8.218059,1.7198298,0.62100154,0.12041678,-0.3
-8.208702,1.7265233,0.6150706,0.12183218,-0.3
-8.199196,1.7332393,0.60906994,0.12335892,-0.3
-8.18953,1.7399814,0.60299414,0.12488566,-0.3
-8.179704,1.7467475,0.59684306,0.1264124,-0.3
-8.169715,1.753535,0.5906168,0.12786323,-0.3
-8.159569,1.7603374,0.5843192,0.12931405,-0.3
-8.149264,1.7671521,0.57795,0.13076487,-0.3
-8.138802,1.7739768,0.57150936,0.1317161,-0.3
-8.128218,1.7807832,0.56502193,0.13266732,-0.3
-8.117514,1.7875694,0.5584876,0.13361853,-0.3
-8.106688,1.7943337,0.55190647,0.134377,-0.3
-8.095757,1.8010645,0.5452879,0.13513547,-0.3
-8.084719,1.8077605,0.53863204,0.13589396,-0.3
-8.073574,1.81442,0.5319388,0.13646398,-0.3
-8.062339,1.8210324,0.52521753,0.13703403,-0.3
-8.051012,1.8275964,0.51846814,0.13760407,-0.3
-8.039594,1.8341107,0.5116907,0.13808738,-0.3
-8.028091,1.8405703,0.50488937,0.13857068,-0.3
-8.016505,1.8469738,0.4980643,0.13905399,-0.3
-8.004834,1.85332,0.49121544,0.13948919,-0.3
-7.9930844,1.8596058,0.48434514,0.13992439,-0.3
-7.981254,1.8658301,0.47745338,0.1403596,-0.3
-7.9693446,1.8719918,0.4705402,0.14075787,-0.3
-7.9573593,1.8780882,0.4636074,0.14115614,-0.3
-7.9452972,1.8841186,0.456655,0.14155442,-0.3
-7.93316,1.8900816,0.44968295,0.14195153,-0.3
-7.920947,1.8959763,0.44269136,0.14234863,-0.3
-7.9086585,1.9018018,0.4356802,0.14274575,-0.3
-7.8962955,1.907557,0.42864951,0.14321594,-0.3
-7.8838515,1.9132438,0.42159563,0.14368613,-0.3
-7.8713264,1.918861,0.4145186,0.1441563,-0.3
-7.8587213,1.9244077,0.40741843,0.14464284,-0.3
-7.846034,1.929883,0.40029427,0.14512937,-0.3
-7.8332653,1.9352859,0.39314616,0.14561589,-0.3
-7.8204155,1.9406153,0.3859741,0.1460028,-0.3
-7.807493,1.9458662,0.37878296,0.14638971,-0.3
-7.7944994,1.9510378,0.3715728,0.14677662,-0.3
-7.7814345,1.956129,0.36434352,0.14689903,-0.3
-7.7683215,1.9611298,0.35710827,0.14702144,-0.3
-7.7551622,1.9660395,0.34986696,0.14714386,-0.3
-7.7419567,1.970858,0.34261963,0.14705487,-0.3
-7.7287245,1.9755777,0.33537668,0.14696588,-0.3
-7.7154665,1.9801987,0.3281381,0.14687689,-0.3
-7.7021837,1.9847208,0.32090393,0.14669457,-0.3
-7.6888847,1.9891412,0.31367874,0.14651227,-0.3
-7.675571,1.9934602,0.30646253,0.14632997,-0.3
-7.662243,1.9976776,0.29925528,0.14609396,-0.3
-7.648906,2.0017922,0.29205966,0.14585796,-0.3
-7.635562,2.0058043,0.28487566,0.14562197,-0.3
-7.622211,2.009714,0.2777033,0.14538679,-0.3
-7.608854,2.0135217,0.2705425,0.14515162,-0.3
-7.5954914,2.0172276,0.26339328,0.14491645,-0.3
-7.582124,2.0208323,0.25625566,0.1451031,-0.3
-7.5687146,2.0243456,0.24910885,0.14528975,-0.3
-7.555263,2.0277677,0.24195284,0.14547642,-0.3
-7.54177,2.0310977,0.23478764,0.14608392,-0.3
-7.528197,2.0343442,0.22759251,0.14669144,-0.3
-7.5145445,2.0375063,0.22036746,0.14729895,-0.3
-7.5008125,2.0405822,0.21311249,0.1483154,-0.3
-7.486964,2.043579,0.20580746,0.14933187,-0.3
-7.472999,2.0464945,0.19845237,0.15034832,-0.3
-7.4589176,2.0493262,0.1910472,0.1514218,-0.3
-7.444715,2.0520732,0.18358918,0.15249527,-0.3
-7.4303913,2.0547328,0.17607826,0.15356874,-0.3
-7.415947,2.0573027,0.16851449,0.15462331,-0.3
-7.401385,2.0597801,0.16089877,0.1556779,-0.3
-7.3867044,2.0621629,0.15323111,0.15673247,-0.3
-7.3719063,2.064448,0.14551151,0.15756468,-0.3
-7.3570127,2.0666308,0.13775091,0.15839691,-0.3
-7.342024,2.0687087,0.12994933,0.15922913,-0.3
-7.3269405,2.07068,0.12210676,0.15996884,-0.3
-7.311772,2.0725415,0.11422776,0.16070855,-0.3
-7.296519,2.0742912,0.10631232,0.16144826,-0.3
-7.2811823,2.075928,0.09836045,0.16215868,-0.3
-7.265765,2.0774493,0.09037359,0.16286913,-0.3
-7.2502694,2.0788536,0.08235174,0.16357955,-0.3
-7.234695,2.080139,0.07429489,0.16427447,-0.3
-7.2190447,2.0813038,0.06620382,0.16496937,-0.3
-7.203319,2.0823464,0.058078524,0.16566427,-0.3
-7.187519,2.083265,0.049918998,0.16619194,-0.3
-7.171662,2.0840573,0.04173349,0.1667196,-0.3
-7.1557484,2.0847218,0.033521987,0.16724725,-0.3
-7.13978,2.0852575,0.025284495,0.16702595,-0.3
-7.1238284,2.085661,0.017057905,0.16680464,-0.3
-7.1078954,2.0859327,0.008842214,0.16658334,-0.3
-7.0919814,2.0860734,0.00063742325,0.16627294,-0.3
-7.076097,2.0860834,-0.0075520794,0.16596255,-0.3
-7.060242,2.0859637,-0.015726294,0.16565214,-0.3
-7.044419,2.0857148,-0.02388522,0.16534789,-0.3
-7.028627,2.0853376,-0.03202916,0.16504362,-0.3
-7.012868,2.0848327,-0.040158115,0.16473936,-0.3
-6.9971423,2.0842009,-0.04827208,0.1645451,-0.3
-6.981441,2.0834422,-0.056376483,0.16435085,-0.3
-6.965765,2.0825577,-0.06447132,0.16415662,-0.3
-6.950115,2.0815473,-0.072556585,0.16397347,-0.3
-6.9344916,2.0804117,-0.08063283,0.16379032,-0.3
-6.918895,2.0791514,-0.08870005,0.16360717,-0.3
-6.903326,2.0777667,-0.096758254,0.16342556,-0.3
-6.887787,2.0762584,-0.10480751,0.16324396,-0.3
-6.872277,2.074627,-0.11284783,0.16306236,-0.3
-6.856798,2.0728726,-0.1208792,0.162882,-0.3
-6.841351,2.0709963,-0.12890169,0.16270165,-0.3
-6.8259363,2.0689983,-0.1369153,0.1625213,-0.3
-6.8105555,2.0668793,-0.14492,0.16234262,-0.3
-6.795209,2.0646393,-0.15291594,0.16216394,-0.3
-6.7798977,2.0622797,-0.16090305,0.16198526,-0.3
-6.764622,2.0598004,-0.16888137,0.16180882,-0.3
-6.749384,2.057202,-0.176851,0.16163236,-0.3
-6.734184,2.0544856,-0.18481193,0.1614559,-0.3
-6.719022,2.0516512,-0.1927642,0.16136265,-0.3
-6.7038918,2.048698,-0.20071185,0.1612694,-0.3
-6.688794,2.0456264,-0.2086549,0.16117615,-0.3
-6.6737304,2.0424368,-0.21659337,0.16109578,-0.3
-6.6587,2.0391295,-0.22452788,0.1610154,-0.3
-6.643704,2.0357046,-0.23245843,0.16093504,-0.3
-6.6287427,2.0321627,-0.24038503,0.1608493,-0.3
-6.613818,2.0285044,-0.24830739,0.16076355,-0.3
-6.598931,2.0247297,-0.25622553,0.1606778,-0.3
-6.5840816,2.0208397,-0.26413947,0.16059273,-0.3
-6.5692716,2.0168343,-0.2720492,0.16050768,-0.3
-6.554502,2.012714,-0.27995473,0.16042261,-0.3
-6.5397725,2.008479,-0.2878561,0.1603397,-0.3
-6.525085,2.0041304,-0.29575336,0.1602568,-0.3
-6.51044,1.9996682,-0.30364656,0.16017391,-0.3
-6.495838,1.9950929,-0.31153566,0.16005349,-0.3
-6.4812837,1.990406,-0.31941882,0.15993308,-0.3
-6.4667773,1.9856082,-0.32729608,0.15981266,-0.3
-6.4523206,1.9807,-0.33516738,0.15956347,-0.3
-6.437925,1.975686,-0.34302643,0.15931426,-0.3
-6.4235916,1.9705669,-0.35087317,0.15906507,-0.3
-6.4093213,1.9653437,-0.35870767,0.15880075,-0.3
-6.3951163,1.9600178,-0.36652914,0.15853643,-0.3
-6.3809767,1.95459,-0.3743376,0.15827212,-0.3
-6.3669033,1.9490612,-0.38213304,0.15800361,-0.3
-6.3528976,1.9434323,-0.38991526,0.15773511,-0.3
-6.3389597,1.9377044,-0.39768422,0.1574666,-0.3
-6.3250904,1.9318783,-0.40544,0.1574597,-0.3
-6.311267,1.9259452,-0.4131954,0.15745282,-0.3
-6.297491,1.9199052,-0.4209505,0.15744592,-0.3
-6.2837625,1.9137589,-0.42870525,0.1575128,-0.3
-6.2700768,1.9075036,-0.43646327,0.15757969,-0.3
-6.256434,1.9011397,-0.4442246,0.15764657,-0.3
-6.242835,1.8946673,-0.45198923,0.15768212,-0.3
-6.229284,1.888088,-0.4597556,0.15771767,-0.3
-6.2157807,1.8814023,-0.46752372,0.15775321,-0.3
-6.2023277,1.8746102,-0.4752936,0.15779291,-0.3
-6.188924,1.867712,-0.48306543,0.15783261,-0.3
-6.175571,1.8607082,-0.4908392,0.15787229,-0.3
-6.1622696,1.8535991,-0.49861497,0.15795751,-0.3
-6.1490164,1.8463827,-0.5063949,0.15804271,-0.3
-6.1358128,1.8390596,-0.51417905,0.15812792,-0.3
-6.1226597,1.8316299,-0.52196735,0.1582131,-0.3
-6.1095576,1.8240939,-0.5297599,0.15829825,-0.3
-6.0965075,1.816452,-0.53755665,0.15838343,-0.3
-6.083511,1.8087044,-0.5453575,0.15859234,-0.3
-6.0705576,1.8008453,-0.5531688,0.15880126,-0.3
-6.057649,1.7928747,-0.5609903,0.15901017,-0.3
-6.044787,1.7847928,-0.568822,0.15928936,-0.3
-6.0319657,1.776596,-0.57666755,0.15956853,-0.3
-6.0191865,1.7682843,-0.58452684,0.1598477,-0.3
-6.006451,1.7598579,-0.5923999,0.1601096,-0.3
-5.9937615,1.7513174,-0.6002858,0.16037148,-0.3
-5.981119,1.7426629,-0.6081847,0.16063336,-0.3
-5.968525,1.7338946,-0.6160964,0.16077556,-0.3
-5.95599,1.7250191,-0.62401515,0.16091776,-0.3
-5.943514,1.7160367,-0.6319409,0.16105995,-0.3
-5.9310985,1.7069476,-0.6398736,0.16099821,-0.3
-5.918761,1.6977638,-0.6478033,0.16093647,-0.3
-5.9065003,1.6884861,-0.65573,0.16087474,-0.3
-5.894319,1.679115,-0.6636536,0.1607277,-0.3
-5.882223,1.6696564,-0.67157,0.16058065,-0.3
-5.8702135,1.6601111,-0.6794791,0.16043362,-0.3
-5.858291,1.6504799,-0.687381,0.16027896,-0.3
-5.846456,1.6407642,-0.6952753,0.1601243,-0.3
-5.8347096,1.6309649,-0.70316195,0.15996964,-0.3
-5.8230524,1.6210827,-0.71104103,0.15987979,-0.3
-5.8114796,1.6111146,-0.71891564,0.15978993,-0.3
-5.799992,1.6010613,-0.72678584,0.15970008,-0.3
-5.7885904,1.5909237,-0.73465157,0.15913206,-0.3
-5.7773094,1.5807331,-0.7424894,0.15856405,-0.3
-5.766148,1.570491,-0.7502992,0.15799603,-0.3
-5.7551074,1.560199,-0.758081,0.15727127,-0.3
-5.744197,1.5498691,-0.7658272,0.15654652,-0.3
-5.733417,1.539503,-0.77353764,0.15582177,-0.3
-5.722767,1.5291024,-0.7812124,0.15506814,-0.3
-5.712248,1.5186712,-0.78885,0.15431453,-0.3
-5.7018595,1.5082109,-0.7964505,0.15356092,-0.3
-5.6916013,1.4977235,-0.8040139,0.15281858,-0.3
-5.681472,1.4872098,-0.8115407,0.15207623,-0.3
-5.6714706,1.4766716,-0.819031,0.15133388,-0.3
-5.6615973,1.4661107,-0.8264847,0.15056628,-0.3
-5.6518526,1.4555303,-0.8339006,0.14979866,-0.3
-5.6422358,1.4449323,-0.8412787,0.14903104,-0.3
-5.6327467,1.4343183,-0.848619,0.14836586,-0.3
-5.6233773,1.4236827,-0.85592645,0.14770065,-0.3
-5.6141276,1.4130268,-0.86320126,0.14703546,-0.3
-5.604997,1.4023522,-0.8704432,0.14658518,-0.3
-5.5959716,1.3916447,-0.877663,0.1461349,-0.3
-5.5870514,1.3809054,-0.8848607,0.14568461,-0.3
-5.578236,1.3701354,-0.89203614,0.14536598,-0.3
-5.569517,1.3593262,-0.8991959,0.14504734,-0.3
-5.560895,1.3484787,-0.90633994,0.1447287,-0.3
-5.552369,1.3375938,-0.91346836,0.14520198,-0.3
-5.5438933,1.3266126,-0.92062,0.14567524,-0.3
-5.535469,1.3155351,-0.92779505,0.14614852,-0.3
-5.527097,1.3043612,-0.9349933,0.14747964,-0.3
-5.5187306,1.293025,-0.9422572,0.14881077,-0.3
-5.510372,1.2815255,-0.94958663,0.1501419,-0.3
-5.5020237,1.2698617,-0.9569816,0.15327872,-0.3
-5.4935894,1.2578914,-0.9645311,0.15641557,-0.3
-5.485075,1.2456115,-0.9722351,0.1595524,-0.3
-5.476486,1.2330189,-0.9800936,0.16184585,-0.3
-5.467875,1.2201772,-0.98806506,0.16413929,-0.3
-5.4592457,1.2070843,-0.9961495,0.16643272,-0.3
-5.4506035,1.1937381,-1.0043468,0.16850856,-0.3
-5.4419646,1.1801542,-1.0126464,0.1705844,-0.3
-5.433334,1.1663309,-1.0210483,0.17266023,-0.3
-5.4247155,1.1522665,-1.0295525,0.17493984,-0.3
-5.4161053,1.1379426,-1.0381688,0.17721944,-0.3
-5.407508,1.1233574,-1.0468974,0.17949905,-0.3
-5.3989296,1.1085093,-1.0557383,0.18202339,-0.3
-5.3903637,1.0933759,-1.0647036,0.18454772,-0.3
-5.381817,1.0779555,-1.0737933,0.18707207,-0.3
-5.373296,1.062246,-1.0830072,0.19003618,-0.3
-5.364787,1.0462085,-1.092367,0.1930003,-0.3
-5.3562984,1.0298407,-1.101873,0.19596441,-0.3
-5.347838,1.0131404,-1.1115249,0.19913277,-0.3
-5.339405,0.99608785,-1.1213329,0.20230114,-0.3
-5.331008,0.9786808,-1.1312969,0.20546952,-0.3
-5.3226557,0.960917,-1.1414169,0.2096604,-0.3
-5.314317,0.9427056,-1.1517434,0.21385129,-0.3
-5.3060045,0.9240433,-1.1622763,0.21804218,-0.3
-5.2977295,0.9049271,-1.1730156,0.22329126,-0.3
-5.2894664,0.88526076,-1.1840135,0.22854036,-0.3
-5.2812304,0.86504036,-1.1952698,0.23378946,-0.3
-5.273039,0.844262,-1.2067847,0.2416004,-0.3
-5.2648215,0.8226934,-1.2186844,0.24941133,-0.3
-5.256604,0.80032814,-1.2309687,0.25722227,-0.3
-5.248413,0.77716005,-1.2436378,0.2674672,-0.3
-5.240202,0.7529632,-1.2568115,0.27771214,-0.3
-5.2320075,0.72772944,-1.2704897,0.2879571,-0.3
-5.22387,0.701451,-1.2846726,0.30065334,-0.3
-5.2157636,0.6738962,-1.2994808,0.31334957,-0.3
-5.207741,0.64505583,-1.3149143,0.3260458,-0.3
-5.199857,0.6149217,-1.3309731,0.34058315,-0.28442034
-5.1920924,0.58316725,-1.3469012,0.35512048,-0.2688407
-5.1844907,0.5497854,-1.362622,0.36965784,-0.25326103
-5.1770945,0.5147714,-1.378059,0.38720283,-0.22689389
-5.169868,0.4777421,-1.3925761,0.4047478,-0.20052674
-5.1628366,0.43870664,-1.4060128,0.4222928,-0.17415959
-5.156014,0.39767957,-1.4182086,0.44098726,-0.1490596
-5.1493855,0.35457653,-1.4291236,0.4596817,-0.1239596
-5.142945,0.30941808,-1.4385962,0.47837612,-0.09885961
-5.1366696,0.26222944,-1.4464655,0.49361745,-0.08006199
-5.130568,0.21340562,-1.4530451,0.5088588,-0.06126436
-5.1246014,0.1629669,-1.4582376,0.523,-0.042466737
-5.118732,0.11104472,-1.4619383,0.523,-0.014761615
-5.1130505,0.05905996,-1.4632249,0.523,0.012943506
-5.107436,0.0070666205,-1.4620967,0.523,0.040648628
-5.101767,-0.044881757,-1.4585545,0.5184598,0.08895743
-5.0959826,-0.096197784,-1.4508778,0.5139196,0.13726623
-5.0898924,-0.14674073,-1.4391574,0.5093794,0.18557504
-5.083321,-0.19637093,-1.423493,0.5016845,0.22653432
-5.076146,-0.2447282,-1.4047132,0.49398965,0.2674936
-5.0682697,-0.2917148,-1.3829516,0.48629478,0.3084529
-5.059617,-0.3372341,-1.3583463,0.48283806,0.31694007
-5.0499434,-0.38208157,-1.3332661,0.47938135,0.32542723
-5.0392556,-0.42622828,-1.307722,0.47592464,0.33391443
-5.0275626,-0.46964508,-1.281725,0.4763551,0.34119168
-5.014766,-0.5126722,-1.2551595,0.47678557,0.34846896
-5.0008554,-0.5552713,-1.2280257,0.477216,0.3557462
-4.9858203,-0.59740263,-1.2003242,0.47786674,0.3578555
-4.969615,-0.6391254,-1.1724273,0.47851747,0.35996482
-4.9522424,-0.6804034,-1.144335,0.47916818,0.3620741
-4.9337068,-0.72120005,-1.116047,0.47894287,0.3537643
-4.9139724,-0.7615625,-1.0883936,0.47871754,0.34545445
-4.8930764,-0.8014658,-1.061376,0.4784922,0.33714464
-4.871055,-0.8408878,-1.0349956,0.4792096,0.34031212
-4.8479934,-0.87973,-1.008337,0.479927,0.3434796
-4.823895,-0.9179578,-0.9813999,0.48064438,0.34664705
-4.798767,-0.95553595,-0.95418376,0.47937626,0.34352088
-4.772666,-0.99236053,-0.9272744,0.4781081,0.3403947
-4.7456245,-1.028414,-0.90067095,0.47683996,0.33726853
-4.717677,-1.0636805,-0.87437236,0.47642666,0.3461407
-4.688928,-1.0980614,-0.8474328,0.47601336,0.3550129
-4.659385,-1.1315176,-0.8198556,0.47560006,0.36388507
-4.6290584,-1.1640097,-0.791644,0.4729555,0.35662785
-4.597916,-1.1955435,-0.7641246,0.4703109,0.34937063
-4.5660114,-1.2261187,-0.7372928,0.4676663,0.3421134
-4.5333967,-1.2557373,-0.7111441,0.46748298,0.35953578
-4.500244,-1.2842989,-0.68373096,0.46729967,0.37695816
-4.466562,-1.3117452,-0.65506256,0.4671164,0.39438054
-4.4323626,-1.3380178,-0.6251487,0.46053797,0.38338637
-4.3977294,-1.3630128,-0.59643704,0.45395958,0.3723922
-4.362746,-1.3867639,-0.5689086,0.44738117,0.361398
-4.3274894,-1.4093081,-0.5425442,0.44690192,0.3811785
-4.2919636,-1.4307262,-0.5148352,0.44642267,0.40095899
-4.25619,-1.4509642,-0.4857953,0.44594342,0.42073947
-4.2201943,-1.46997,-0.45543876,0.4409462,0.38890192
-4.1835513,-1.487917,-0.427573,0.435949,0.3570644
-4.1463833,-1.504854,-0.40217713,0.43095177,0.32522684
-4.108805,-1.5208381,-0.37922722,0.43510532,0.3519752
-4.070864,-1.5359584,-0.35422662,0.43925887,0.37872353
-4.0325847,-1.550115,-0.3271584,0.44341242,0.40547186
-3.9940002,-1.5632088,-0.29800755,0.43879893,0.3690709
-3.9548788,-1.5752251,-0.27162483,0.43418548,0.3326699
-3.9153454,-1.5862355,-0.247993,0.429572,0.29626894
-3.8755167,-1.5963204,-0.2270905,0.43645522,0.33282793
-3.8353252,-1.6056076,-0.20332426,0.44333845,0.3693869
-3.7948334,-1.613956,-0.17664683,0.4502217,0.4059459
-3.754114,-1.6212246,-0.14701565,0.44309235,0.36658475
-3.713195,-1.6272842,-0.1205461,0.43596303,0.3272236
-3.6722116,-1.6322486,-0.097191915,0.4288337,0.28786248
-3.6312869,-1.6362387,-0.0769007,0.43688002,0.33775622
-3.590189,-1.6394055,-0.052772474,0.44492635,0.38764998
-3.549055,-1.6415782,-0.024741087,0.45297268,0.43754375
-3.5080376,-1.6425933,0.0072475327,0.4435957,0.40138972
-3.4672048,-1.6422973,0.036132857,0.43421873,0.36523566
-3.4266737,-1.6408321,0.06198113,0.42484176,0.32908162
-3.3865464,-1.6383418,0.0848641,0.4344602,0.3919858
-3.34654,-1.6349385,0.1125265,0.44407862,0.45489
-3.3069003,-1.6304591,0.14504516,0.45369703,0.5177942
-3.267892,-1.6247611,0.1824725,0.44631535,0.5052444
-3.2294853,-1.6176741,0.21847685,0.43893364,0.49269453
-3.191732,-1.609292,0.25307956,0.43155193,0.48014468
-3.1546755,-1.5997083,0.28630242,0.43557099,0.5232169
-3.1184814,-1.5890532,0.322576,0.43959004,0.56628907
-3.083298,-1.577293,0.36188295,0.4436091,0.6093613
-3.0492773,-1.5644145,0.40419912,0.4463145,0.58484864
-3.0150626,-1.549779,0.4452655,0.44901994,0.560336
-2.9807358,-1.5333973,0.485039,0.45172533,0.53582335
-2.9463744,-1.5152876,0.523477,0.45742548,0.5740145
-2.913107,-1.4960861,0.5648746,0.46312562,0.6122057
-2.8810933,-1.475797,0.60923225,0.46882576,0.6503968
-2.8504949,-1.4544462,0.6565448,0.4757526,0.6294019
-2.8200314,-1.4309715,0.70322096,0.48267946,0.60840696
-2.7898207,-1.4053588,0.7492011,0.48960632,0.587412
-2.7599795,-1.3776033,0.79442513,0.49541202,0.5795687
-2.7309349,-1.3480295,0.8396449,0.5012177,0.5717254
-2.7027898,-1.3166522,0.8848451,0.5070234,0.5638821
-2.6756463,-1.2834918,0.93000996,0.5145322,0.5389956
-2.6492472,-1.2480934,0.974026,0.522041,0.5141092
-2.6237023,-1.2104944,1.0168124,0.523,0.4892227
-2.5994158,-1.1712339,1.0577755,0.523,0.47025204
-2.5765326,-1.1306129,1.0972717,0.523,0.45128134
-2.5550702,-1.0887274,1.1352867,0.523,0.43231067
-2.535036,-1.0456717,1.1718069,0.523,0.42753974
-2.516547,-1.0018175,1.2079492,0.523,0.42276883
-2.499618,-0.95722765,1.2437125,0.523,0.4179979
-2.4842618,-0.91196454,1.2790962,0.523,0.40518203
-2.4704392,-0.86592966,1.313456,0.523,0.39236614
-2.45814,-0.81919545,1.3467865,0.523,0.37955028
-2.4473486,-0.77183133,1.379082,0.523,0.36318788
-2.4380333,-0.72383857,1.4100485,0.523,0.34682545
-2.4301608,-0.6752868,1.4396777,0.523,0.33046305
-2.423693,-0.62624127,1.4679615,0.523,0.31233296
-2.4185839,-0.57673454,1.4947461,0.523,0.2942029
-2.414781,-0.5268263,1.5200225,0.523,0.2760728
-2.4122272,-0.47657162,1.5437822,0.523,0.2576679
-2.4108613,-0.42601666,1.5659946,0.523,0.239263
-2.410617,-0.37520713,1.5866519,0.523,0.2208581
-2.4114263,-0.3241839,1.6057473,0.523,0.20587984
-2.4132152,-0.27301967,1.6235666,0.523,0.19090159
-2.4159238,-0.22174124,1.6401061,0.523,0.17592333
-2.4194899,-0.17037211,1.6553617,0.523,0.17154332
-2.4238424,-0.119023904,1.6702414,0.523,0.16716328
-2.4289625,-0.06770772,1.6847446,0.523,0.16278327
-2.4348304,-0.016433805,1.6988714,0.523,0.15794884
-2.4414275,0.034792136,1.712582,0.523,0.15311441
-2.4487314,0.085961595,1.7258765,0.523,0.14828
-2.456721,0.13706693,1.7387542,0.523,0.14272353
-2.4653752,0.18810669,1.7511528,0.523,0.13716707
-2.4746685,0.23907511,1.7630717,0.523,0.13161062
-2.4845762,0.28996736,1.7745106,0.523,0.12394278
-2.495076,0.34079298,1.7852867,0.523,0.116274945
-2.5061328,0.39154947,1.7953992,0.523,0.10860711
-2.5177124,0.44223544,1.8048475,0.523,0.09973944
-2.5297813,0.49285662,1.813527,0.523,0.090871766
-2.5423002,0.543414,1.8214371,0.523,0.082004085
-2.5552282,0.59390956,1.8285772,0.523,0.06971438
-2.568529,0.64435863,1.834649,0.523,0.057424672
-2.5821464,0.69476545,1.8396517,0.523,0.04513496
-2.5960245,0.74513525,1.8435847,0.523,0.04671247
-2.6100998,0.7954464,1.8476549,0.523,0.048289977
-2.6243784,0.8456961,1.8518625,0.523,0.04986749
-2.6388676,0.8958814,1.8562076,0.523,0.046898443
-2.6535764,0.9460105,1.8602941,0.523,0.043929398
-2.6684923,0.9960858,1.864122,0.523,0.040960353
-2.6836014,1.0461099,1.8676914,0.523,-0.0016386509
-2.698902,1.0961217,1.8675486,0.523,-0.044237655
-2.7141802,1.1460868,1.8636937,0.523,-0.08683666
-2.7292237,1.1959708,1.8561339,0.523,-0.10494949
-2.7438643,1.24588,1.8470026,0.523,-0.12306231
-2.758019,1.2958171,1.8363028,0.523,-0.14117514
-2.771606,1.3457824,1.8240379,0.523,-0.16924606
-2.784522,1.3956909,1.8093556,0.523,-0.19731699
-2.7966409,1.4455236,1.7922676,0.523,-0.22538792
