-4.998979,-8.369922,-2.9183106,0.8287206,0.0
-5.079794,-8.388272,-2.9183106,0.523,0.099994086
-5.130541,-8.399796,-2.9096088,0.49318278,0.19998817
-5.1775813,-8.410909,-2.8932798,0.46336555,0.29998225
-5.220491,-8.421788,-2.8704588,0.4653604,0.39997992
-5.261788,-8.433268,-2.840257,0.46735525,0.4999776
-5.300955,-8.44544,-2.8029149,0.4693501,0.5999752
-5.337492,-8.458311,-2.7587473,0.47923863,0.699923
-5.371495,-8.472004,-2.7072964,0.48912716,0.7998707
-5.4024134,-8.486345,-2.648824,0.49901566,0.8998185
-5.4297485,-8.501022,-2.5836844,0.5135728,0.9992393
-5.453317,-8.515731,-2.5116937,0.523,1.0
-5.476152,-8.532376,-2.4383454,0.523,1.0
-5.4977055,-8.550651,-2.3649971,0.523,1.0
-5.517862,-8.570456,-2.291649,0.523,1.0
-5.5365124,-8.591683,-2.2183008,0.523,1.0
-5.553558,-8.614222,-2.1449525,0.523,1.0
-5.5689054,-8.637948,-2.0716043,0.523,1.0
-5.582473,-8.662736,-1.9982561,0.523,1.0
-5.5941873,-8.688452,-1.9249079,0.523,1.0
-5.603986,-8.714956,-1.8515596,0.523,1.0
-5.611816,-8.742107,-1.7782115,0.523,1.0
-5.6176353,-8.769759,-1.7048632,0.523,1.0
-5.6214123,-8.797764,-1.631515,0.523,1.0
-5.623127,-8.82597,-1.5581667,0.523,1.0
-5.62277,-8.854225,-1.4848186,0.523,1.0
-5.620343,-8.882379,-1.4114703,0.523,1.0
-5.6158605,-8.910278,-1.3381221,0.523,1.0
-5.6093445,-8.937775,-1.2647738,0.523,1.0
-5.6008315,-8.96472,-1.1914257,0.523,1.0
-5.5903664,-8.990968,-1.1180774,0.523,1.0
-5.5780063,-9.016379,-1.0447292,0.523,1.0
-5.563817,-9.040816,-0.971381,0.523,1.0
-5.547875,-9.064148,-0.8980328,0.523,1.0
-5.5302663,-9.086248,-0.82468456,0.523,0.99118894
-5.510823,-9.107283,-0.75175416,0.523,0.9823779
-5.4896173,-9.127108,-0.6792472,0.523,0.97356683
-5.466734,-9.145584,-0.6071694,0.523,0.9449917
-5.4415746,-9.163062,-0.5365215,0.523,0.9164166
-5.414214,-9.179334,-0.46736124,0.523,0.8878414
-5.384748,-9.194204,-0.39974505,0.523,0.86931866
-5.3536572,-9.207339,-0.33315936,0.523,0.85079587
-5.321068,-9.218617,-0.267627,0.523,0.83227307
-5.2871127,-9.227928,-0.20317043,0.523,0.8024503
-5.251515,-9.235262,-0.14049228,0.523,0.7726275
-5.2144327,-9.240506,-0.07964827,0.523,0.7428047
-5.176032,-9.243571,-0.020692535,0.523,0.68668073
-5.1355944,-9.244408,0.03456884,0.523,0.6305567
-5.0933766,-9.242948,0.085961826,0.523,0.57443273
-5.049633,-9.239179,0.1333246,0.523,0.543766
-5.005274,-9.233229,0.17842135,0.523,0.5130993
-4.9604316,-9.2251425,0.2212097,0.523,0.48243257
-4.91523,-9.214976,0.26164943,0.523,0.46666366
-4.870112,-9.202894,0.3008665,0.523,0.4508947
-4.8251534,-9.188945,0.3388512,0.523,0.43512577
-4.7804236,-9.17318,0.37559408,0.523,0.4196295
-4.7359905,-9.15566,0.41110772,0.523,0.40413326
-4.6919103,-9.136442,0.44538358,0.523,0.38863698
-4.648232,-9.115592,0.4784134,0.523,0.37248603
-4.604988,-9.093165,0.5101361,0.523,0.35633504
-4.562214,-9.069232,0.54054356,0.523,0.3401841
-4.5199404,-9.04386,0.56962764,0.523,0.32221797
-4.4781647,-9.017106,0.5972308,0.523,0.30425185
-4.4369044,-8.989045,0.6233441,0.523,0.2862857
-4.3961687,-8.959758,0.64795923,0.523,0.26665956
-4.3559427,-8.929307,0.67092854,0.523,0.2470334
-4.3162227,-8.8977785,0.6922433,0.523,0.22740725
-4.276998,-8.865256,0.7118952,0.523,0.21030326
-4.2382727,-8.831843,0.7300918,0.523,0.19319926
-4.2000284,-8.797611,0.7468278,0.523,0.17609528
-4.162242,-8.762633,0.7620982,0.523,0.16351436
-4.124913,-8.727004,0.7762878,0.523,0.15093346
-4.0880203,-8.690778,0.78939426,0.523,0.13835254
-4.0515385,-8.654003,0.80141556,0.523,0.11719566
-4.0154037,-8.616692,0.8116077,0.523,0.09603877
-3.9795697,-8.578929,0.81996626,0.523,0.07488188
-3.9439883,-8.540798,0.82648736,0.523,0.059848435
-3.9086204,-8.502398,0.83170104,0.523,0.044814985
-3.8734255,-8.463782,0.8356061,0.523,0.029781539
-3.8383617,-8.425009,0.8382017,0.523,0.020063406
-3.8033905,-8.386134,0.83995044,0.523,0.010345275
-3.7684822,-8.347193,0.8408522,0.523,0.0006271422
-3.733607,-8.308219,0.84090686,0.523,-0.010431116
-3.698736,-8.269244,0.8399976,0.523,-0.021489376
-3.6638358,-8.230309,0.8381246,0.523,-0.032547634
-3.6288729,-8.19145,0.83528805,0.523,-0.042530727
-3.5938132,-8.152705,0.8315819,0.523,-0.05251382
-3.558627,-8.114109,0.8270065,0.523,-0.06249691
-3.5232847,-8.075696,0.8215624,0.523,-0.0704668
-3.4877527,-8.037497,0.81542516,0.523,-0.078436695
-3.4520082,-7.999538,0.8085951,0.523,-0.08640659
-3.416029,-7.9618497,0.8010727,0.523,-0.0930955
-3.379789,-7.9244556,0.7929696,0.523,-0.0997844
-3.343271,-7.88738,0.78428614,0.523,-0.106473304
-3.306458,-7.850649,0.77502275,0.523,-0.112954274
-3.2693326,-7.814286,0.7651978,0.523,-0.119435236
-3.2318802,-7.778317,0.75481176,0.523,-0.12591621
-3.1940866,-7.7427673,0.7438651,0.523,-0.12588166
-3.1559057,-7.707633,0.73292136,0.523,-0.12584712
-3.1173425,-7.672919,0.7219806,0.523,-0.12581256
-3.0784018,-7.6386285,0.7110428,0.523,-0.12931728
-3.039106,-7.604781,0.6998021,0.523,-0.13282199
-2.9994502,-7.5713935,0.6882584,0.523,-0.1363267
-2.959431,-7.5384808,0.67641205,0.523,-0.13415127
-2.9190125,-7.5060353,0.6647536,0.523,-0.13197583
-2.878207,-7.474054,0.65328306,0.523,-0.12980038
-2.8370252,-7.4425335,0.64200056,0.523,-0.13632068
-2.7955267,-7.4115067,0.63015467,0.523,-0.14284098
-2.7537022,-7.381002,0.617746,0.523,-0.14936127
-2.7115426,-7.351047,0.6047751,0.523,-0.17038104
-2.669142,-7.321741,0.58999527,0.523,-0.19140081
-2.6264772,-7.2931747,0.57341313,0.523,-0.21242058
-2.58353,-7.2654395,0.5550361,0.523,-0.25491384
-2.5405173,-7.2387695,0.53305596,0.523,-0.2974071
-2.497451,-7.2133594,0.50751245,0.523,-0.3
-2.4537847,-7.1890764,0.48175296,0.523,-0.3
-2.4095073,-7.1659265,0.45599344,0.523,-0.3
-2.3646483,-7.143924,0.43023393,0.523,-0.3
-2.3192375,-7.1230855,0.40447444,0.523,-0.3
-2.273305,-7.1034226,0.37871492,0.523,-0.3
-2.2268815,-7.0849495,0.3529554,0.523,-0.3
-2.1799972,-7.0676785,0.32719588,0.523,-0.3
-2.132684,-7.0516205,0.3014364,0.523,-0.3
-2.0849726,-7.0367866,0.27567688,0.523,-0.3
-2.0368953,-7.023186,0.24991736,0.523,-0.3
-1.9884833,-7.010829,0.22415785,0.523,-0.3
-1.9397693,-6.999723,0.19839834,0.523,-0.3
-1.8907852,-6.989875,0.17263883,0.523,-0.3
-1.8415638,-6.981292,0.14687932,0.523,-0.3
-1.7921377,-6.9739795,0.121119805,0.523,-0.3
-1.7425396,-6.9679427,0.095360294,0.523,-0.26700875
-1.6923221,-6.9631395,0.072361596,0.523,-0.23401749
-1.6415808,-6.959461,0.05214875,0.523,-0.20102623
-1.5904038,-6.95679,0.034743745,0.523,-0.15555476
-1.5387664,-6.954995,0.02123917,0.523,-0.11008328
-1.4867947,-6.9538913,0.011662946,0.523,-0.06461181
-1.4346074,-6.9532824,0.0060348683,0.523,-0.018326664
-1.3823172,-6.9529667,0.0044374834,0.523,0.027958477
-1.3300381,-6.952735,0.006874213,0.523,0.07424362
-1.2778834,-6.9523764,0.013339838,0.523,0.07834606
-1.2257484,-6.9516807,0.020162018,0.523,0.082448505
-1.1736367,-6.95063,0.027340641,0.523,0.08655095
-1.121552,-6.949206,0.034875583,0.523,0.07974626
-1.0694499,-6.9473877,0.041819435,0.523,0.072941564
-1.0173346,-6.945207,0.04817187,0.523,0.066136874
-0.9652094,-6.942694,0.0539326,0.523,0.093092464
-0.9132116,-6.939887,0.062035445,0.523,0.12004806
-0.8613879,-6.936668,0.07247452,0.523,0.14700365
-0.8097878,-6.932922,0.085242234,0.523,0.15875788
-0.75833297,-6.928525,0.09902257,0.523,0.17051211
-0.70704395,-6.9234295,0.113813624,0.523,0.18226632
-0.65594304,-6.917588,0.12961335,0.523,0.23877546
-0.6055531,-6.9110203,0.15022941,0.523,0.29528457
-0.5560803,-6.9035316,0.17559595,0.523,0.3517937
-0.5077383,-6.8949547,0.20563205,0.49817774,0.4139173
-0.46308845,-6.8856416,0.23902647,0.4733555,0.47604093
-0.422212,-6.8756804,0.2751801,0.44853324,0.53816456
-0.3851477,-6.865216,0.31349686,0.42166772,0.52219504
-0.35038188,-6.8539453,0.34855035,0.3948022,0.5062256
-0.3179295,-6.8421526,0.3804556,0.3679367,0.4902561
-0.2877907,-6.8300986,0.40932956,0.34078008,0.4532722
-0.2596849,-6.8179054,0.4342014,0.31362346,0.4162883
-0.23366268,-6.8058386,0.45533797,0.28646684,0.37930438
-0.20976342,-6.794136,0.4730165,0.2575352,0.31882915
-0.18799308,-6.7829947,0.4864708,0.22860354,0.25835392
-0.16845547,-6.772662,0.4962051,0.1996719,0.1978787
-0.15123905,-6.7633414,0.50274736,0.17070852,0.12342398
-0.1363943,-6.7551785,0.50625,0.14174514,0.04896925
-0.12401258,-6.7483134,0.5074064,0.112781756,-0.025485475
-0.11415857,-6.742835,0.50692743,0.08377705,-0.09774296
-0.1068694,-6.738787,0.5055648,0.05477234,-0.17000045
-0.10214644,-6.7361727,0.5040204,0.025767632,-0.24225794
-0.09995599,-6.734965,0.5029901,-0.0039222706,-0.3
-0.10028429,-6.7351456,0.5031833,-0.033612173,-0.3
-0.10309737,-6.736694,0.5048388,-0.06330208,-0.3
-0.10839044,-6.739619,0.5079567,-0.09309014,-0.3
-0.116160825,-6.743944,0.51254165,-0.1228782,-0.3
-0.12639138,-6.749701,0.51859385,-0.15266627,-0.3
-0.1390585,-6.7569304,0.52611315,-0.18242925,-0.3
-0.15412974,-6.765682,0.53509843,-0.21219224,-0.3
-0.17156766,-6.776019,0.54554963,-0.24195524,-0.3
-0.19132723,-6.788013,0.55746675,-0.2714343,-0.26594585
-0.21355131,-6.8018684,0.56935656,-0.3009134,-0.23189168
-0.23821731,-6.817656,0.5808825,-0.33039245,-0.19783752
-0.26529863,-6.835433,0.59170556,-0.35870636,-0.13008627
-0.29481938,-6.855272,0.5994608,-0.38702023,-0.062335037
-0.32671127,-6.8770647,0.60347897,-0.4153341,0.0054162024
-0.36090797,-6.9006352,0.60310405,-0.43860167,0.07213708
-0.39693633,-6.925448,0.59783536,-0.46186927,0.13885796
-0.43474495,-6.9511943,0.5871807,-0.48513684,0.20557883
-0.47428244,-6.9775057,0.5706752,-0.46732733,0.24628209
-0.51242304,-7.001989,0.5516861,-0.44951785,0.28698534
-0.54914016,-7.0245857,0.5304792,-0.43170834,0.32768857
-0.58439636,-7.0452657,0.5073213,-0.4201232,0.30253404
-0.6194495,-7.0647497,0.48645934,-0.408538,0.27737948
-0.65418357,-7.083119,0.46781394,-0.39695287,0.25222492
-0.6884928,-7.1004524,0.4513034,-0.38607743,0.24498823
-0.7221977,-7.1167884,0.43569654,-0.37520197,0.23775154
-0.7552558,-7.132178,0.42096874,-0.36432654,0.23051485
-0.7876281,-7.1466722,0.40709525,-0.34616867,0.21753775
-0.8186667,-7.160055,0.39464322,-0.32801083,0.20456064
-0.8483152,-7.172404,0.38353804,-0.30985296,0.19158351
-0.87652355,-7.1837864,0.37370467,-0.29514563,0.17248726
-0.9035933,-7.1944013,0.36526185,-0.2804383,0.153391
-0.92947954,-7.204301,0.3581205,-0.26573098,0.13429473
-0.9541427,-7.213531,0.35219064,-0.24469765,0.11524088
-0.97695816,-7.221916,0.34750116,-0.22366431,0.09618702
-0.9978905,-7.229498,0.3439211,-0.20263098,0.077133164
-1.0169102,-7.23631,0.34131876,-0.18107952,0.029402751
-1.0339662,-7.2423687,0.3404315,-0.15952806,-0.018327659
-1.049001,-7.247694,0.34091878,-0.1379766,-0.06605807
-1.0619762,-7.2522974,0.34243676,-0.11685766,-0.12567693
-1.0728967,-7.2561903,0.34487802,-0.095738724,-0.18529578
-1.0817525,-7.2593718,0.3478178,-0.074619785,-0.24491464
-1.0885583,-7.261839,0.35083336,-0.05180751,-0.3
-1.0932063,-7.2635403,0.35338506,-0.028995236,-0.3
-1.095805,-7.2644987,0.35481316,-0.006182963,-0.3
-1.096359,-7.2647038,0.3551177,0.017237986,-0.3
-1.0948149,-7.2641315,0.35426867,0.040658936,-0.3
-1.0911719,-7.262784,0.35226607,0.06407989,-0.3
-1.085426,-7.2606716,0.34910992,0.092644066,-0.3
-1.0771092,-7.257644,0.34454688,0.12120824,-0.3
-1.0662103,-7.253733,0.33857697,0.14977242,-0.3
-1.0527143,-7.2489805,0.33120018,0.17964551,-0.3
-1.0364848,-7.2433996,0.32235205,0.20951858,-0.3
-1.0174998,-7.2370586,0.31203255,0.23939167,-0.3
-0.99573416,-7.2300377,0.3002417,0.26939029,-0.3
-0.9711496,-7.2224264,0.28697333,0.2993889,-0.3
-0.94371754,-7.2143307,0.2722274,0.3293875,-0.3
-0.91340876,-7.2058697,0.25600398,0.3593875,-0.3
-0.8801941,-7.197176,0.23830292,0.38938746,-0.3
-0.84404576,-7.188395,0.21912427,0.41938746,-0.3
-0.8049382,-7.1796856,0.19846803,0.44938743,-0.3
-0.76284933,-7.171221,0.17633419,0.47938743,-0.3
-0.7177619,-7.163187,0.15272275,0.5093874,-0.3
-0.6696647,-7.1557837,0.1276337,0.523,-0.2991794
-0.6200944,-7.149422,0.10194253,0.523,-0.2983588
-0.57036453,-7.1443353,0.076319724,0.523,-0.2975382
-0.5205081,-7.1405225,0.05076529,0.5129439,-0.21547273
-0.47046444,-7.13798,0.0324866,0.5028879,-0.13340726
-0.42064878,-7.136361,0.02133825,0.49283186,-0.05134181
-0.37144175,-7.135311,0.017122958,0.46509227,0.04489559
-0.3249862,-7.1345153,0.020601887,0.43735272,0.14113298
-0.28169495,-7.1336236,0.030855251,0.40961313,0.23737039
-0.24190116,-7.1323953,0.046908505,0.38203856,0.32325038
-0.2057158,-7.130697,0.06713428,0.35446396,0.40913036
-0.17326815,-7.128515,0.09063593,0.32688937,0.49501038
-0.14462115,-7.125911,0.116516896,0.3039926,0.5304248
-0.11857678,-7.122863,0.14214852,0.2810958,0.5658392
-0.09508771,-7.119501,0.16726558,0.25819904,0.60125357
-0.07409307,-7.1159563,0.19160843,0.23357032,0.579448
-0.0549064,-7.1122346,0.21292414,0.20894161,0.55764234
-0.037577964,-7.108488,0.23135234,0.18431291,0.53583676
-0.022152208,-7.104854,0.24703617,0.15536052,0.47375563
-0.008746984,-7.101474,0.25884956,0.12640813,0.41167447
0.0024517719,-7.0985084,0.2672798,0.097455755,0.3495933
0.011282751,-7.0960903,0.27284318,0.0682808,0.288316
0.017586842,-7.094326,0.27607897,0.039105855,0.22703871
0.021252783,-7.0932875,0.27754605,0.009930909,0.16576141
0.022194779,-7.093019,0.27781916,-0.019536382,0.086590216
0.02032309,-7.093553,0.27753755,-0.04900367,0.007419026
0.0156103745,-7.0948954,0.27747697,-0.07847096,-0.07175217
0.008082851,-7.0970397,0.27841458,-0.108264044,-0.1375127
-0.0022283888,-7.099987,0.28088805,-0.13805713,-0.20327322
-0.0152199445,-7.103735,0.28553313,-0.16785021,-0.26903376
-0.030746026,-7.108293,0.2929689,-0.19761927,-0.25422257
-0.049057808,-7.1138167,0.30125222,-0.22738834,-0.23941138
-0.07015326,-7.1203713,0.310239,-0.25715742,-0.22460021
-0.09402628,-7.1280246,0.31978455,-0.285994,-0.1516578
-0.12086416,-7.136912,0.32698572,-0.3148306,-0.07871541
-0.15058677,-7.1469927,0.3311118,-0.3436672,-0.005773008
-0.1830862,-7.158165,0.33144248,-0.35620013,0.069681086
-0.21668582,-7.169728,0.32730907,-0.36873308,0.14513518
-0.25123447,-7.181458,0.318421,-0.38126603,0.22058927
-0.28656706,-7.1931047,0.3045172,-0.37389177,0.27527356
-0.32089314,-7.203893,0.28757927,-0.3665175,0.32995784
-0.35414377,-7.213728,0.26778713,-0.35914326,0.38464212
-0.38624743,-7.2225366,0.24532707,-0.347607,0.34719703
-0.41795525,-7.2304754,0.22561407,-0.3360707,0.30975193
-0.44915175,-7.2376356,0.20854044,-0.3245344,0.27230683
-0.47973216,-7.244107,0.19399296,-0.3126893,0.26487786
-0.5093445,-7.2499247,0.18034974,-0.30084425,0.25744888
-0.5379656,-7.255143,0.1675832,-0.2889992,0.2500199
-0.56557465,-7.259814,0.15566567,-0.28086436,0.2365278
-0.5925489,-7.264047,0.14469658,-0.27272955,0.2230357
-0.6188684,-7.2678823,0.13464236,-0.26459473,0.20954359
-0.64451486,-7.271356,0.12546915,-0.25783032,0.20764382
-0.6695457,-7.2745132,0.11661031,-0.2510659,0.20574406
-0.6939559,-7.277373,0.1080617,-0.24430147,0.2038443
-0.71774065,-7.279953,0.09981915,-0.23716167,0.18997544
-0.7409142,-7.2822742,0.092355095,-0.23002185,0.17610657
-0.76346415,-7.284363,0.085638545,-0.22288205,0.16223772
-0.78537905,-7.286244,0.0796383,-0.21116465,0.15229139
-0.80618495,-7.2879043,0.07429923,-0.19944727,0.14234507
-0.8258735,-7.28937,0.069583476,-0.1877299,0.13239874
-0.8444372,-7.2906637,0.06545303,-0.17437856,0.10508828
-0.86174166,-7.291798,0.06240446,-0.16102724,0.07777782
-0.87776446,-7.292799,0.060319174,-0.14767592,0.050467353
-0.89248645,-7.2936883,0.059077565,-0.12922926,0.010258079
-0.90538615,-7.294451,0.05885663,-0.110782616,-0.029951196
-0.91644025,-7.2951026,0.05940956,-0.09233597,-0.07016047
-0.9256349,-7.2956495,0.060488395,-0.0736954,-0.1241628
-0.93293434,-7.2960916,0.062009517,-0.055054836,-0.17816512
-0.9383423,-7.2964272,0.06363569,-0.03641427,-0.23216745
-0.9418788,-7.296653,0.0650321,-0.015136521,-0.2921743
-0.9433252,-7.2967467,0.06575874,0.0061412286,-0.3
-0.9427398,-7.2967086,0.06545626,0.027418979,-0.3
-0.940126,-7.296537,0.06410579,0.056117248,-0.3
-0.9347759,-7.2961936,0.061341826,0.084815525,-0.3
-0.92668843,-7.2956967,0.057164375,0.11351379,-0.3
-0.9158617,-7.2950773,0.05157344,0.14321625,-0.3
-0.90219796,-7.294372,0.044519555,0.17291872,-0.3
-0.8856948,-7.293637,0.036002725,0.20262119,-0.3
-0.8663502,-7.29294,0.02602295,0.23259854,-0.2772652
-0.8439863,-7.292358,0.01541156,0.2625759,-0.25453037
-0.81857765,-7.2919664,0.004392522,0.29255325,-0.23179558
-0.79010504,-7.291841,-0.006808632,0.32255322,-0.3
-0.75929105,-7.292051,-0.022695463,0.3525532,-0.3
-0.725619,-7.292815,-0.040059894,0.38255316,-0.3
-0.68910164,-7.294279,-0.058901925,0.41255313,-0.3
-0.6497573,-7.2965994,-0.07922156,0.44255313,-0.3
-0.6076112,-7.299945,-0.10101879,0.4725531,-0.3
-0.56269664,-7.3044977,-0.124293625,0.50016767,-0.22405586
-0.51430625,-7.3105435,-0.14281532,0.523,-0.1481117
-0.4631055,-7.317906,-0.15567857,0.523,-0.07216755
-0.4115725,-7.325994,-0.16196372,0.4979599,0.026617993
-0.3624456,-7.334021,-0.15975487,0.47291982,0.12540354
-0.31612244,-7.341485,-0.14989644,0.44787973,0.22418907
-0.272945,-7.3480062,-0.13330133,0.4226007,0.31924903
-0.23317622,-7.3533387,-0.111195534,0.39732164,0.41430902
-0.19703022,-7.3573747,-0.084538065,0.3720426,0.50936896
-0.16466495,-7.3601174,-0.05430176,0.35042876,0.5781386
-0.13536045,-7.3617105,-0.022385528,0.32881492,0.6469082
-0.109129205,-7.3622975,0.010645149,0.30720112,0.71567786
-0.085947625,-7.362051,0.04423908,0.28758416,0.7092512
-0.06414566,-7.361086,0.0754547,0.2679672,0.7028246
-0.043757424,-7.3595443,0.1043226,0.24835022,0.69639796
-0.024808627,-7.3575606,0.13087367,0.22002175,0.6494964
-0.007436192,-7.3552737,0.15305132,0.19169329,0.6025948
0.008172188,-7.352866,0.17115937,0.16336484,0.5556932
0.02184781,-7.350502,0.18552275,0.13405561,0.5020859
0.033397216,-7.348335,0.19627523,0.10474641,0.44847873
0.04265477,-7.3464937,0.20384483,0.07543719,0.39487147
0.0494738,-7.345084,0.20868148,0.045925982,0.33678585
0.053714354,-7.3441863,0.21121089,0.016414775,0.27870023
0.055257425,-7.3438554,0.21196352,-0.013096433,0.22061458
0.054008123,-7.3441243,0.21148588,-0.042880155,0.14111179
0.049857315,-7.3450155,0.21048073,-0.07266388,0.06160898
0.042764775,-7.346531,0.20973508,-0.1024476,-0.017893821
0.03274612,-7.3486633,0.2100406,-0.13230808,-0.05195983
0.019823559,-7.351418,0.21118587,-0.16216855,-0.08602584
0.0040256297,-7.354805,0.21350811,-0.19202901,-0.12009185
-0.014606077,-7.3588448,0.2173424,-0.22174884,-0.07044831
-0.036205564,-7.3636146,0.21994388,-0.25146866,-0.020804768
-0.060741324,-7.3690996,0.22081578,-0.2811885,0.028838772
-0.08816601,-7.375256,0.21946445,-0.308086,0.10384871
-0.11807365,-7.381927,0.21414164,-0.33498353,0.17885865
-0.1502847,-7.388932,0.20420901,-0.36188108,0.2538686
-0.18458506,-7.3960357,0.18906124,-0.36285087,0.3085655
-0.2185404,-7.4025326,0.17069541,-0.3638207,0.3632624
-0.25205404,-7.4083095,0.14914961,-0.3647905,0.41795927
-0.2850228,-7.413264,0.12447177,-0.34875682,0.38246155
-0.31712833,-7.4172807,0.102778785,-0.33272314,0.34696382
-0.34825283,-7.4204907,0.08392203,-0.31668943,0.3114661
-0.37829193,-7.423018,0.06774687,-0.30518964,0.3066417
-0.40732053,-7.4249873,0.052392848,-0.29368985,0.3018173
-0.43532348,-7.426456,0.03784268,-0.28219005,0.2969929
-0.46228778,-7.427477,0.024079043,-0.2770032,0.27957392
-0.48890486,-7.4281178,0.011339383,-0.27181637,0.26215494
-0.5151561,-7.428416,-0.00040138297,-0.26662955,0.24473594
-0.54102457,-7.4284053,-0.011168779,-0.2573227,0.23846737
-0.56602705,-7.428126,-0.0212993,-0.24801588,0.23219877
-0.59015757,-7.427612,-0.030811448,-0.23870905,0.22593018
-0.6134108,-7.426895,-0.03972377,-0.23381348,0.22662814
-0.6361763,-7.4259906,-0.048479818,-0.2289179,0.22732608
-0.6584529,-7.4249096,-0.057078477,-0.22402233,0.22802404
-0.68023974,-7.4236646,-0.06551864,-0.21777527,0.2252351
-0.7014216,-7.422275,-0.0736248,-0.21152821,0.22244619
-0.7219974,-7.4207573,-0.081402555,-0.20528115,0.21965727
-0.7419659,-7.419128,-0.08885752,-0.1974842,0.20912382
-0.7612079,-7.4174137,-0.09569056,-0.18968725,0.19859037
-0.7797187,-7.415637,-0.10192772,-0.18189031,0.18805692
-0.7974943,-7.413819,-0.10759513,-0.16695762,0.16594733
-0.8138655,-7.4120507,-0.11219166,-0.15202492,0.14383775
-0.8288164,-7.410366,-0.1158236,-0.13709223,0.12172816
-0.842333,-7.4087934,-0.118598066,-0.116525665,0.08040808
-0.85386634,-7.407419,-0.12015798,-0.0959591,0.03908801
-0.8633858,-7.40627,-0.120782964,-0.07539253,-0.0022320629
-0.87087005,-7.4053617,-0.12075492,-0.051455922,-0.026285302
-0.87597644,-7.404742,-0.12052952,-0.02751932,-0.050338544
-0.87870497,-7.4044113,-0.120298736,-0.003582713,-0.07439178
-0.8790596,-7.4043684,-0.12025436,0.024180582,-0.08618382
-0.876668,-7.404658,-0.12060126,0.051943876,-0.097975865
-0.871536,-7.4052796,-0.12144811,0.079707175,-0.1097679
-0.86367166,-7.4062395,-0.1229034,0.10936817,-0.05040928
-0.8528311,-7.4075785,-0.12382187,0.13902916,0.008949339
-0.83903515,-7.4092956,-0.123614505,0.16869016,0.06830796
-0.82233393,-7.4113708,-0.12169552,0.19846521,0.14772016
-0.80284876,-7.4137535,-0.11682705,0.22824025,0.22713235
-0.7807625,-7.4163456,-0.10826102,0.2580153,0.30654454
-0.7563078,-7.4190035,-0.09528431,0.28800875,0.3840108
-0.72972566,-7.421544,-0.07730094,0.3180022,0.461477
-0.70133686,-7.4237432,-0.053701412,0.34799564,0.53894323
-0.67151314,-7.425346,-0.023934485,0.37799406,0.48808387
-0.63813704,-7.426145,0.0056079156,0.40799248,0.4372245
-0.6011763,-7.4259377,0.0344004,0.4379909,0.38636515
