1.0856498,-2.2250814,-0.18083371,-0.15814392,0.0
1.0700934,-2.2222373,-0.18083371,-0.13067874,-0.0054601133
1.0572388,-2.219887,-0.18071479,-0.103213556,-0.010920227
1.0470861,-2.2180321,-0.18052694,-0.07574838,-0.01638034
1.0396353,-2.2166722,-0.18032014,-0.048215535,-0.044016548
1.0348966,-2.2158084,-0.17996655,-0.020682694,-0.071652755
1.032867,-2.215439,-0.17971976,0.0068501444,-0.099288955
1.0335376,-2.215561,-0.17983294,0.034334384,-0.12708637
1.0368884,-2.21617,-0.18055822,0.061818622,-0.1548838
1.042897,-2.217267,-0.18214764,0.08930286,-0.18268122
1.0515333,-2.2188578,-0.18485153,0.11632594,-0.16843972
1.062806,-2.2209654,-0.18810175,0.14334902,-0.1541982
1.076721,-2.2236142,-0.19177121,0.1703721,-0.1399567
1.0932823,-2.2268298,-0.19573236,0.1973198,-0.124145925
1.1124885,-2.2306378,-0.19980462,0.22426751,-0.10833515
1.1343403,-2.2350628,-0.20384605,0.25121522,-0.09252437
1.1588364,-2.2401266,-0.20771444,0.2780129,-0.07574365
1.1859621,-2.2458434,-0.21122071,0.30481058,-0.05896293
1.215714,-2.2522228,-0.2142144,0.33160824,-0.042182207
1.248088,-2.259266,-0.21654503,0.35890636,0.0007172823
1.2831404,-2.2669773,-0.21650213,0.38620448,0.04361677
1.3208234,-2.2752657,-0.21369551,0.4135026,0.08651626
1.361082,-2.284002,-0.2077405,0.44110173,0.14695442
1.4037786,-2.2930017,-0.19697571,0.46870083,0.20739257
1.4487574,-2.3019779,-0.18089075,0.49629992,0.26783073
1.495837,-2.3105884,-0.1590006,0.52227724,0.2596212
1.5456777,-2.3185804,-0.13665459,0.523,0.25141168
1.5958613,-2.3254812,-0.11497,0.523,0.24320216
1.6462871,-2.3313043,-0.09397924,0.523,0.26633084
1.6965204,-2.3360393,-0.071037546,0.523,0.2894595
1.7465183,-2.339597,-0.046157192,0.523,0.31258816
1.7962309,-2.3418932,-0.01935149,0.523,0.26240233
1.8467312,-2.3428705,0.0032596646,0.523,0.21221648
1.8978575,-2.3427038,0.021619333,0.523,0.16203064
1.9494605,-2.341588,0.035681285,0.523,0.22340421
2.0004284,-2.3397686,0.054993104,0.523,0.2847778
2.050546,-2.33701,0.07948207,0.523,0.34615138
2.0995886,-2.3331037,0.10905598,0.523,0.26485848
2.149765,-2.3276098,0.13187383,0.523,0.18356562
2.2007399,-2.3208482,0.14778493,0.523,0.102272734
2.2521994,-2.3131874,0.15668416,0.523,0.17883836
2.3030348,-2.3051565,0.17218995,0.523,0.255404
2.35289,-2.2964861,0.19421141,0.523,0.33196962
2.4014049,-2.2869437,0.22261953,0.523,0.2495496
2.4508343,-2.2757542,0.24414687,0.523,0.16712958
2.5008762,-2.263288,0.25864726,0.523,0.08470956
2.5512552,-2.249959,0.2660223,0.523,0.15587495
2.6011035,-2.2363763,0.27955443,0.523,0.22704035
2.6500833,-2.2223155,0.2991752,0.523,0.29820573
2.6978543,-2.2075815,0.32478526,0.523,0.22167452
2.7462072,-2.1913006,0.34395003,0.523,0.14514329
2.7949262,-2.17385,0.3565573,0.523,0.068612054
2.8438215,-2.1556377,0.3625333,0.523,0.13450155
2.8922803,-2.1372573,0.37422204,0.523,0.20039102
2.9399867,-2.1185217,0.39157277,0.523,0.26628053
2.9866245,-2.0992653,0.41451025,0.523,0.19950806
3.0335457,-2.0786197,0.43178555,0.523,0.1327356
3.080628,-2.056925,0.44332173,0.523,0.065963134
3.1277692,-2.0345402,0.44906735,0.523,0.119438455
3.1745481,-2.0119972,0.45945367,0.523,0.17291377
3.2207255,-1.9891502,0.47445098,0.523,0.2263891
3.2660615,-1.9658666,0.49401644,0.523,0.17302364
3.3114207,-1.941438,0.5090232,0.523,0.11965819
3.3567636,-1.916133,0.51942855,0.523,0.066292726
3.4020658,-1.8902292,0.5252028,0.523,0.10203707
3.4470813,-1.864143,0.53408164,0.523,0.13778141
3.4916713,-1.837772,0.5460536,0.523,0.17352577
3.5356946,-1.8110195,0.56110346,0.523,0.13439023
3.5795763,-1.7834405,0.5727826,0.523,0.095254704
3.6233296,-1.7552239,0.58107305,0.523,0.05611918
3.666977,-1.7265605,0.58596224,0.523,0.07622588
3.7104259,-1.6977224,0.59260017,0.523,0.09633257
3.753607,-1.6686473,0.60098416,0.523,0.11643927
3.7964509,-1.6392742,0.61111087,0.523,0.09157862
3.8391058,-1.6093915,0.61908233,0.523,0.06671796
3.8816047,-1.5791099,0.6248936,0.523,0.041857302
3.923984,-1.5485407,0.62854105,0.52189827,0.04916656
3.9661489,-1.5178919,0.632816,0.52079654,0.05647582
4.008077,-1.4871402,0.63771546,0.5196948,0.063785076
4.0497475,-1.4562625,0.6432365,0.51729715,0.04762234
4.0910926,-1.4252708,0.6473408,0.51489943,0.031459607
4.1321454,-1.3942343,0.6500401,0.5125018,0.015296871
4.172939,-1.3632203,0.6513467,0.5075476,0.01722756
4.2132964,-1.3324544,0.6528039,0.50259346,0.01915825
4.2532144,-1.3019317,0.6544086,0.4976393,0.02108894
4.2926884,-1.2716476,0.65615755,0.495559,0.0053547025
4.331953,-1.2414151,0.6565998,0.4934787,-0.010379535
4.371038,-1.2112935,0.65574616,0.49139836,-0.026113773
4.4099727,-1.1813407,0.6536077,0.48827994,-0.016862988
4.4487314,-1.1516548,0.65223545,0.48516148,-0.0076122046
4.4872875,-1.122208,0.6516199,0.48204306,0.0016385794
4.5256147,-1.0929734,0.6517516,0.48426887,-0.0026007593
4.564115,-1.0635988,0.65154165,0.4864947,-0.0068400977
4.602798,-1.0340977,0.6509871,0.4887205,-0.011079436
4.6416726,-1.0044844,0.6500846,0.48885408,-0.0086593805
4.6805854,-0.9748975,0.6493791,0.48898768,-0.006239325
4.7195306,-0.94532937,0.6488706,0.48912126,-0.003819269
4.758502,-0.9157726,0.6485593,0.48927277,-0.006220645
4.797494,-0.8862192,0.648052,0.48942426,-0.0086220205
4.8365126,-0.856677,0.6473487,0.48957577,-0.011023397
4.8755627,-0.82715374,0.64644927,0.4889794,-0.0075758873
4.914593,-0.79770064,0.6458319,0.48838302,-0.004128379
4.953595,-0.7683069,0.64549583,0.48778665,-0.0006808698
4.99256,-0.73896194,0.64544046,0.48899192,-0.0036455034
5.031622,-0.7095468,0.6451434,0.4901972,-0.0066101374
5.0707884,-0.68007123,0.6446033,0.49140248,-0.009574771
5.1100664,-0.6505452,0.64381915,0.49290368,-0.008502185
5.149488,-0.62095946,0.6431207,0.4944049,-0.0074295998
5.18905,-0.59131104,0.6425085,0.4959061,-0.006357014
5.2287517,-0.56159663,0.6419831,0.49797928,-0.008120668
5.268634,-0.5317794,0.64130914,0.50005245,-0.009884322
5.308702,-0.50186545,0.64048535,0.5021256,-0.011647975
5.34896,-0.47186124,0.6395106,0.504664,-0.010199356
5.3894515,-0.44174433,0.63865274,0.5072024,-0.008750737
5.430173,-0.41151044,0.637913,0.5097408,-0.0073021175
5.4711213,-0.38115513,0.6372926,0.51293355,-0.011303395
5.512344,-0.35063642,0.6363264,0.5161263,-0.0153046725
5.55385,-0.31996948,0.6350099,0.51931906,-0.01930595
5.595651,-0.28916997,0.633339,0.523,-0.013550049
5.637804,-0.2582196,0.6321579,0.523,-0.007794148
5.679996,-0.22731715,0.63147855,0.523,-0.0020382465
5.72221,-0.1964425,0.63130087,0.523,-0.0007515609
5.7644296,-0.1655753,0.63123536,0.523,0.00053512456
5.8066516,-0.13471085,0.631282,0.523,0.00182181
5.8488717,-0.10384447,0.6314408,0.523,0.0044346275
5.8910866,-0.07297165,0.63182735,0.523,0.0070474446
5.933289,-0.042082977,0.63244164,0.523,0.009660262
5.9754715,-0.0111690555,0.6332837,0.523,0.0018281161
6.01763,0.019781765,0.63344306,0.523,-0.0060040294
6.0597825,0.050738797,0.63291967,0.523,-0.013836175
6.1019483,0.08167136,0.6317137,0.523,-0.03349065
6.1441317,0.11253869,0.62879497,0.523,-0.05314513
6.186369,0.14325657,0.62416464,0.523,-0.07279961
6.2286954,0.17374077,0.61782455,0.523,-0.096668616
6.271128,0.2038948,0.60941136,0.523,-0.120537624
6.313702,0.23361331,0.59892994,0.523,-0.14440663
6.356449,0.262791,0.5863862,0.523,-0.16332304
6.3994327,0.29134634,0.5722131,0.523,-0.18223944
6.442673,0.3191975,0.5564157,0.523,-0.20115586
6.4861884,0.34626257,0.5389996,0.523,-0.22156483
6.5299764,0.37245077,0.5198442,0.523,-0.24197379
6.574045,0.39767367,0.49895734,0.523,-0.26238275
6.6183968,0.4218432,0.47634783,0.523,-0.2665938
6.663233,0.4449775,0.453384,0.523,-0.27080488
6.7085357,0.46705058,0.43006632,0.523,-0.27501595
6.7542863,0.48803663,0.40639514,0.523,-0.20114894
6.801358,0.50829405,0.38897964,0.523,-0.12728193
6.8493595,0.52796805,0.37791485,0.523,-0.053414922
6.8978996,0.54723835,0.37326106,0.523,0.00017516017
6.9465985,0.56630975,0.37327632,0.523,0.053765245
6.995227,0.5853543,0.3779606,0.523,0.10735533
7.0435557,0.60454327,0.38730043,0.523,0.12716001
7.091591,0.624137,0.3983547,0.523,0.14696468
7.139276,0.6442056,0.41111907,0.523,0.16676937
7.186553,0.66481656,0.42558852,0.523,0.12990838
7.233786,0.686227,0.43688035,0.523,0.09304739
7.280969,0.7082602,0.4449793,0.523,0.056186397
7.3281016,0.7307367,0.4498743,0.523,0.04221613
7.375156,0.75345916,0.45355305,0.523,0.02824586
7.422149,0.7763659,0.4560148,0.523,0.014275593
7.4691005,0.7993951,0.45725912,0.523,0.0040264726
7.516027,0.82248485,0.4576101,0.523,-0.0062226476
7.562945,0.84559083,0.4570677,0.523,-0.016471768
7.60987,0.8686687,0.45563197,0.523,-0.00022164584
7.6568346,0.8916822,0.45561266,0.523,0.016028475
7.7037935,0.9146919,0.45700973,0.523,0.032278597
7.750702,0.93775815,0.45982286,0.523,0.092721805
7.797368,0.96086866,0.46789354,0.523,0.15316501
7.8435006,0.9841802,0.4811923,0.523,0.21360824
7.888808,1.0078363,0.49967054,0.4977654,0.26793873
7.9309397,1.0308352,0.521634,0.47253078,0.3222692
7.969799,1.053169,0.5465773,0.44729617,0.3765997
8.005334,1.0747887,0.57399356,0.4277279,0.3356304
8.039248,1.0967181,0.5974733,0.40815964,0.29466105
8.071539,1.1186897,0.6172293,0.38859138,0.25369173
8.102214,1.1404606,0.633484,0.36060175,0.24830629
8.130385,1.1611519,0.6482544,0.33261213,0.24292085
8.156121,1.1806452,0.6615888,0.3046225,0.23753539
8.1794815,1.1988349,0.67353547,0.27566433,0.2156193
8.200529,1.2156314,0.6833653,0.24670613,0.1937032
8.219302,1.2309172,0.6912802,0.21774794,0.17178711
8.235831,1.2445949,0.69748396,0.18875167,0.10666475
8.250216,1.2566494,0.70083314,0.15975538,0.041542374
8.262416,1.2669424,0.7019389,0.1307591,-0.023579996
8.272397,1.2753831,0.7014251,0.10161965,-0.09289201
8.280127,1.2819124,0.6998541,0.072480194,-0.16220403
8.285599,1.2865196,0.6979032,0.04334073,-0.23151605
8.288831,1.2892305,0.6962458,0.01358153,-0.2789631
8.289832,1.2900678,0.6956225,-0.016177671,-0.3
8.288646,1.2890774,0.6964193,-0.04593687,-0.3
8.285279,1.2862623,0.69868183,-0.07577796,-0.3
8.2797365,1.2816058,0.70241416,-0.10561905,-0.3
8.272035,1.275087,0.70761627,-0.13546014,-0.3
8.2622,1.266675,0.7142881,-0.16519924,-0.3
8.250276,1.2563365,0.72242475,-0.19493835,-0.3
8.236305,1.2440227,0.7320261,-0.22467744,-0.3
8.220339,1.2296765,0.74309224,-0.25434822,-0.25346532
8.202208,1.213018,0.7537223,-0.28401896,-0.20693067
8.181941,1.1939955,0.7634479,-0.31368974,-0.160396
8.159569,1.1725849,0.7717978,-0.34225672,-0.104115106
8.135174,1.1488444,0.77772605,-0.37082374,-0.047834218
8.108782,1.1228548,0.78068125,-0.39939073,0.008446669
8.080409,1.0947481,0.780119,-0.42438507,0.08469476
8.050351,1.0650054,0.77413565,-0.44937944,0.16094284
8.018634,1.0339954,0.76213354,-0.4743738,0.23719093
7.9852805,1.0021585,0.743556,-0.45945987,0.29178223
7.9528904,0.9723718,0.72152805,-0.44454595,0.34637353
7.9214964,0.94475204,0.69637495,-0.42963204,0.40096483
7.8911505,0.9193795,0.6684269,-0.4127335,0.3374486
7.860586,0.8952428,0.64565223,-0.39583495,0.2739324
7.830149,0.8723127,0.6278054,-0.3789364,0.21041618
7.8001575,0.85054606,0.6146142,-0.37526196,0.23525034
7.7703433,0.8295028,0.6000361,-0.3715875,0.2600845
7.740707,0.809226,0.5841097,-0.36791307,0.28491867
7.7112527,0.78975517,0.56687427,-0.34929365,0.27040544
7.6828575,0.7716797,0.5513236,-0.3306742,0.25589222
7.655607,0.7549225,0.53737414,-0.31205475,0.241379
7.629577,0.73941207,0.5249418,-0.30223772,0.22907327
7.604106,0.72466075,0.5135034,-0.29242072,0.21676753
7.5792313,0.71063226,0.50302136,-0.28260368,0.20446181
7.5549874,0.69729245,0.49345803,-0.27271926,0.19468209
7.5314226,0.6846185,0.4846649,-0.26283488,0.18490237
7.5085626,0.67258143,0.47661117,-0.25295046,0.17512265
7.48643,0.66115427,0.46926594,-0.23669232,0.16101868
7.465593,0.65058875,0.46294138,-0.22043419,0.14691472
7.446082,0.6408506,0.45756328,-0.20417607,0.13281076
7.427926,0.6319103,0.45305708,-0.18777363,0.08872478
7.4111094,0.62372345,0.45028403,-0.17137119,0.0446388
7.395696,0.61627245,0.44900948,-0.15496875,0.00055282115
7.3817353,0.6095457,0.4489952,-0.14478306,-0.052239854
7.3687096,0.6032698,0.45025522,-0.13459739,-0.105032526
7.3566585,0.5974445,0.45260707,-0.1244117,-0.1578252
7.3456087,0.5920714,0.45586604,-0.11060338,-0.19643685
7.335869,0.58729583,0.4594639,-0.096795045,-0.2350485
7.3274317,0.58312136,0.463221,-0.08298671,-0.27366015
7.320284,0.5795512,0.46695897,-0.065827556,-0.3
7.3146687,0.5767202,0.4702012,-0.0486684,-0.3
7.3105235,0.5746137,0.47259828,-0.031509243,-0.3
7.307843,0.57324344,0.4741502,-0.016916987,-0.3
7.3064055,0.57250553,0.47498342,-0.002324729,-0.3
7.306208,0.57240397,0.47509792,0.012267528,-0.3
7.30725,0.57294005,0.4744937,0.024256065,-0.3
7.3093114,0.57399875,0.47329903,0.0362446,-0.3
7.312393,0.5755771,0.47151384,0.04823314,-0.3
7.3164983,0.57767016,0.4691382,0.06970357,-0.3
7.3224382,0.58068085,0.46570507,0.09117401,-0.3
7.3302207,0.58459216,0.46121445,0.112644434,-0.3
7.3398576,0.58938134,0.45566633,0.14029172,-0.3
7.3518925,0.5952793,0.4487565,0.16793899,-0.3
7.366348,0.60223985,0.4404849,0.19558628,-0.3
7.3832493,0.6102067,0.43085164,0.22520699,-0.3
7.402798,0.6191923,0.41975942,0.2548277,-0.3
7.4250293,0.62911373,0.40720832,0.28444842,-0.3
7.4499817,0.63987607,0.39319828,0.31444412,-0.3
7.4777293,0.6513857,0.37771085,0.34443983,-0.3
7.508315,0.6635211,0.36074603,0.3744355,-0.3
7.541784,0.67614734,0.3423038,0.40443462,-0.25098497
7.5786877,0.6892972,0.32556304,0.4344337,-0.20196995
7.619012,0.70290977,0.3110385,0.46443278,-0.15295494
7.6627107,0.7169577,0.29924506,0.49440134,-0.10509758
7.709693,0.73145217,0.29060093,0.523,-0.057240225
7.759718,0.74641305,0.28561422,0.523,-0.009382868
7.809897,0.76114774,0.28479636,0.523,0.070385896
7.8599663,0.7758057,0.29092658,0.523,0.15015467
7.909505,0.7906386,0.30396596,0.523,0.22992343
7.9580936,0.8058804,0.32383147,0.51186985,0.28087768
8.004719,0.8215299,0.3474798,0.5007397,0.33183193
8.049232,0.8376513,0.3746679,0.4896095,0.38278615
8.091498,0.8542725,0.40514663,0.46823063,0.3827514
8.131417,0.87139255,0.43429196,0.44685176,0.38271666
8.169022,0.88883436,0.46210417,0.4254729,0.3826819
8.204351,0.90643126,0.48858345,0.400494,0.38514453
8.237124,0.9238524,0.5136606,0.3755151,0.38760713
8.267404,0.9409352,0.53731644,0.35053623,0.39006972
8.295256,0.95752907,0.5595318,0.32256535,0.38738918
8.320567,0.97338176,0.5798412,0.29459444,0.38470864
8.3434105,0.9883426,0.59826756,0.26662356,0.3820281
8.363853,1.0022767,0.6148339,0.2379385,0.32746387
8.382257,1.0152721,0.6275891,0.20925343,0.27289966
8.398568,1.0271046,0.63698894,0.18056837,0.21833542
8.41274,1.0375896,0.6435076,0.1515721,0.15493715
8.42472,1.046575,0.647406,0.122575834,0.09153887
8.434456,1.0539368,0.64927346,0.093579575,0.028140593
8.441907,1.0595925,0.64971226,0.06413725,-0.036856126
8.447011,1.0634699,0.6493184,0.034694925,-0.10185285
8.4497595,1.0655568,0.64873046,0.0052525993,-0.16684957
8.450172,1.0658697,0.6485851,-0.024582872,-0.18338461
8.448246,1.0644096,0.6493322,-0.054418344,-0.19991966
8.443998,1.0611848,0.65113336,-0.08425382,-0.2164547
8.437453,1.0561974,0.65414923,-0.11412156,-0.20528004
8.428587,1.0493991,0.65802634,-0.1439893,-0.19410539
8.417408,1.0407587,0.66265535,-0.17385703,-0.18293074
8.403931,1.0302413,0.66792643,-0.20369315,-0.14880876
8.388116,1.0177648,0.6729597,-0.23352925,-0.1146868
8.369974,1.0033045,0.6774137,-0.2633654,-0.080564834
8.349519,0.98685074,0.68094623,-0.2925985,-0.0033912659
8.326785,0.96843094,0.68111163,-0.32183158,0.0737823
8.30185,0.94822174,0.67715764,-0.35106468,0.15095587
8.274801,0.92647487,0.66835856,-0.37590462,0.2302942
8.246078,0.9037951,0.6540577,-0.4007446,0.30963254
8.215786,0.8805728,0.6337059,-0.42558452,0.38897088
8.184052,0.8572549,0.6068064,-0.4155407,0.40039206
8.152617,0.835433,0.5798116,-0.40549684,0.41181326
8.121531,0.8150745,0.55276006,-0.395453,0.42323446
8.090844,0.7961437,0.52569056,-0.3805247,0.38935047
8.060393,0.7784778,0.5016168,-0.3655964,0.35546649
8.030341,0.7619973,0.48041052,-0.3506681,0.3215825
8.000838,0.74662215,0.461938,-0.3457625,0.3441353
7.9717007,0.7321156,0.4424956,-0.34085688,0.36668816
7.9429455,0.71849054,0.42212796,-0.33595124,0.38924098
7.914592,0.7057561,0.4008798,-0.32172644,0.37311164
7.887008,0.6940653,0.38133413,-0.30750164,0.3569823
7.860266,0.68334275,0.3634248,-0.29327682,0.34085295
7.834431,0.6735172,0.34708485,-0.2830465,0.32291204
7.80919,0.66438675,0.332115,-0.2728162,0.30497113
7.7845893,0.65590227,0.3184621,-0.26258594,0.28703022
7.760671,0.64801687,0.3060722,-0.251446,0.2793066
7.737624,0.640734,0.2945187,-0.24030611,0.27158293
7.7154713,0.6340141,0.28377476,-0.22916621,0.2638593
7.6942325,0.62781996,0.27381337,-0.2270303,0.2399826
7.673002,0.62185687,0.2648197,-0.2248944,0.21610591
7.651801,0.6161075,0.25678244,-0.2227585,0.19222921
7.6306524,0.61055434,0.24968953,-0.2091121,0.20131433
7.610799,0.60549146,0.24272062,-0.19546567,0.21039943
7.5922437,0.60089713,0.23591678,-0.18181926,0.21948454
7.57499,0.59674937,0.22931896,-0.169387,0.16417207
7.5587163,0.5929507,0.22470498,-0.15695472,0.108859606
7.5435057,0.58947414,0.22186293,-0.14452246,0.053547136
7.529428,0.5862985,0.22057375,-0.12857775,0.03981913
7.5168915,0.58348763,0.21972068,-0.112633064,0.026091117
7.505903,0.5810335,0.21923093,-0.09668837,0.012363106
7.496466,0.5789309,0.21903172,-0.08519811,-0.013837069
7.4881506,0.5770799,0.2192282,-0.073707856,-0.040037245
7.4809623,0.5754782,0.2197199,-0.062217597,-0.06623742
7.474903,0.5741251,0.22040626,-0.044528965,-0.07710967
7.470571,0.57315445,0.22097796,-0.026840331,-0.087981924
7.4679623,0.5725685,0.22137102,-0.0091517,-0.09885417
7.467074,0.5723685,0.22152157,0.01001591,-0.11837644
7.4680443,0.572587,0.22132441,0.02918352,-0.13789871
7.4708643,0.57322156,0.22065581,0.048351128,-0.15742098
7.475524,0.57426673,0.21939246,0.07543869,-0.17148727
7.482779,0.5758845,0.21724689,0.102526255,-0.18555355
7.4926186,0.57805645,0.21409437,0.12961382,-0.19961984
7.5050325,0.58075553,0.2098107,0.15914564,-0.17995706
7.5203466,0.5840166,0.2050632,0.18867745,-0.16029428
7.5385823,0.5878094,0.2000441,0.21820927,-0.1406315
7.559757,0.5921027,0.19494642,0.24805489,-0.07026608
7.5840325,0.596896,0.19204384,0.27790052,9.931922e-05
7.611312,0.60220015,0.19204845,0.30774614,0.07046472
7.6414456,0.6080595,0.19565965,0.3377285,0.16393547
7.67413,0.6145374,0.204846,0.3677109,0.2574062
7.708946,0.6217708,0.22044754,0.39769325,0.35087696
7.7453885,0.6299372,0.24323016,0.42768735,0.36171737
7.7842126,0.639571,0.26845524,0.45768142,0.37255782
7.825314,0.6508779,0.29622117,0.4876755,0.38339826
7.8685713,0.66408,0.32662562,0.51741767,0.2995277
7.9153953,0.67994213,0.3520713,0.523,0.21565717
7.9633503,0.69755965,0.37072402,0.523,0.13178661
