9.811504,-1.4798372,2.496829,0.31517756,0.0
9.786314,-1.4608947,2.496829,0.34509778,0.01381352
9.758735,-1.440156,2.4976237,0.375018,0.02762704
9.728756,-1.4176495,2.49935,0.40493822,0.041440558
9.696358,-1.3934149,2.5021462,0.43473598,0.031525988
9.66149,-1.3674848,2.50443,0.46453378,0.021611417
9.624161,-1.3398553,2.506103,0.49433157,0.011696845
9.584381,-1.3105152,2.5070667,0.523,-0.027004844
9.542276,-1.2795233,2.504713,0.523,-0.065706536
9.50032,-1.2484882,2.4989898,0.523,-0.10440822
9.45868,-1.2173164,2.4899054,0.523,-0.13066734
9.417453,-1.1858654,2.478548,0.523,-0.15692647
9.37674,-1.1540693,2.4649253,0.523,-0.18318559
9.336646,-1.1218671,2.4490469,0.523,-0.19738734
9.297176,-1.089122,2.4319527,0.523,-0.21158908
9.258387,-1.0558053,2.4136465,0.523,-0.22579083
9.220334,-1.0218915,2.394132,0.523,-0.23205703
9.183004,-0.987292,2.3740852,0.523,-0.23832324
9.146431,-0.95200425,2.3535075,0.523,-0.24458945
9.110646,-0.91602695,2.3323994,0.523,-0.24616802
9.075643,-0.8793169,2.311158,0.523,-0.2477466
9.041441,-0.84188664,2.2897828,0.523,-0.24932519
9.0080595,-0.80374914,2.2682745,0.523,-0.2497015
8.97551,-0.7649062,2.2467344,0.523,-0.2500778
8.943808,-0.7253751,2.2251623,0.523,-0.25045416
8.912968,-0.6851732,2.2035587,0.523,-0.25339895
8.883027,-0.64434546,2.1817062,0.523,-0.25634378
8.854007,-0.60290504,2.1596055,0.523,-0.25928858
8.8259325,-0.56086606,2.1372566,0.523,-0.26398072
8.798838,-0.51826376,2.1145127,0.523,-0.26867282
8.772753,-0.47511157,2.0913742,0.523,-0.27336493
8.747705,-0.4314244,2.0678415,0.523,-0.27893505
8.723731,-0.38722977,2.0438416,0.523,-0.28450516
8.700861,-0.34254465,2.0193756,0.523,-0.29007524
8.679127,-0.29738778,1.9944438,0.523,-0.29557818
8.658559,-0.25177887,1.9690527,0.523,-0.3
8.639183,-0.20572504,1.9432932,0.523,-0.3
8.620998,-0.1591874,1.9175336,0.523,-0.3
8.604019,-0.11219685,1.8917742,0.523,-0.3
8.588256,-0.06478455,1.8660146,0.523,-0.3
8.573719,-0.016981963,1.8402551,0.523,-0.3
8.560418,0.031179188,1.8144956,0.523,-0.3
8.548362,0.07966695,1.7887361,0.523,-0.3
8.537559,0.12844914,1.7629765,0.523,-0.3
8.528015,0.17749341,1.7372171,0.523,-0.3
8.519739,0.2267672,1.7114576,0.523,-0.3
8.512734,0.27623785,1.685698,0.523,-0.3
8.507006,0.32587248,1.6599386,0.523,-0.3
8.502558,0.3756382,1.634179,0.523,-0.3
8.4993925,0.42550194,1.6084195,0.523,-0.29753697
8.497512,0.47546858,1.5828652,0.523,-0.29507393
8.496908,0.5255046,1.5575162,0.523,-0.2926109
8.497573,0.5755771,1.5323727,0.523,-0.2868415
8.4995,0.6257032,1.5077112,0.523,-0.2810721
8.502668,0.6758509,1.4835323,0.523,-0.2753027
8.507054,0.72598994,1.4598371,0.523,-0.26310045
8.512647,0.7761797,1.4371672,0.523,-0.25089818
8.519396,0.82639045,1.4155259,0.523,-0.23869593
8.527255,0.8765963,1.3949167,0.523,-0.21286033
8.5362,0.92692727,1.3765022,0.523,-0.18702474
8.546122,0.9773483,1.3602947,0.523,-0.16118914
8.556908,1.027831,1.3463051,0.523,-0.11491851
8.568474,1.0784823,1.33631,0.523,-0.06864788
8.580596,1.1292312,1.330331,0.523,-0.022377241
8.593049,1.1800137,1.3283806,0.523,0.03750168
8.605595,1.2307488,1.3316487,0.523,0.0973806
8.617925,1.2813196,1.3401237,0.523,0.15725952
8.629734,1.331606,1.353775,0.523,0.22191873
8.640719,1.3814268,1.3729606,0.523,0.28657794
8.650579,1.4306153,1.3976,0.523,0.35123718
8.659042,1.4789876,1.4275906,0.523,0.416348
8.665869,1.52633,1.4628428,0.523,0.48145887
8.670863,1.5724148,1.5032073,0.523,0.5465697
8.673881,1.6169932,1.548513,0.523,0.6041095
8.67484,1.6600258,1.5980263,0.523,0.6616493
8.673717,1.7012743,1.6515831,0.523,0.7191891
8.670541,1.7404933,1.7090063,0.523,0.76468635
8.665341,1.777873,1.7693528,0.523,0.8101836
8.65823,1.8132185,1.8324975,0.523,0.85568076
8.649358,1.8463442,1.8983098,0.523,0.86770046
8.638479,1.878363,1.9648044,0.523,0.87972015
8.625682,1.9091431,2.0319717,0.523,0.89173985
8.611065,1.938559,2.0998018,0.523,0.8736752
8.594119,1.9675466,2.166632,0.523,0.8556106
8.574873,1.9959328,2.2324402,0.523,0.837546
8.553366,2.0235503,2.2972052,0.523,0.806046
8.529315,2.0506198,2.3601007,0.523,0.774546
8.50278,2.0769486,2.4210644,0.523,0.7430461
8.473838,2.1023595,2.4800358,0.523,0.7098673
8.442539,2.1267288,2.5368452,0.523,0.67668855
8.408996,2.1499119,2.5914302,0.523,0.6435098
8.373329,2.1717868,2.6437309,0.523,0.61660904
8.335841,2.1921632,2.6941369,0.523,0.5897083
8.296654,2.21097,2.742612,0.523,0.56280756
8.255895,2.2281537,2.7891207,0.523,0.5345937
8.213658,2.2436895,2.8335314,0.523,0.5063798
8.170074,2.2575574,2.8758085,0.523,0.4781659
8.125271,2.2697542,2.9159184,0.523,0.4499251
8.07937,2.2802923,2.953827,0.523,0.42168427
8.03249,2.2891996,2.989504,0.523,0.39344347
7.9847436,2.2965178,3.0229213,0.523,0.3626175
7.9361887,2.3023071,3.0538414,0.523,0.33179155
7.8869314,2.3066406,3.0822346,0.523,0.30096558
7.83707,2.309604,3.1080747,0.523,0.26368672
7.7866063,2.311296,3.1307938,0.523,0.22640787
7.735644,2.3118463,-3.1328244,0.523,0.18912901
7.6842785,2.311396,-3.1164367,0.49427128,0.28910455
7.6369176,2.3102043,-3.092951,0.46554258,0.38908008
7.593894,2.3081098,-3.063518,0.43681386,0.4890556
7.5554504,2.3051023,-3.0293162,0.40892524,0.5885995
7.5216537,2.3012917,-2.9914773,0.3810366,0.6881434
7.4925523,2.29689,-2.9511442,0.35314798,0.7876873
7.4680886,2.2921736,-2.90943,0.3288096,0.8862762
7.4478555,2.2873902,-2.866974,0.30447116,0.9848651
7.43165,2.2828245,-2.8246934,0.28013277,1.0
7.417268,2.278108,-2.785406,0.25896907,1.0
7.4041543,2.2732286,-2.7490869,0.23780538,1.0
7.3922825,2.2683141,-2.715736,0.21664168,1.0
7.381623,2.2634785,-2.6853528,0.20014094,1.0
7.3719153,2.2587144,-2.657284,0.1836402,1.0
7.363134,2.2540946,-2.6315296,0.16713946,1.0
7.355253,2.2496858,-2.608089,0.15379219,1.0
7.3480983,2.2454598,-2.5865204,0.14044492,1.0
7.3416495,2.2414608,-2.5668237,0.12709765,1.0
7.3358855,2.2377276,-2.5489988,0.11423051,1.0
7.330766,2.2342803,-2.5329785,0.10136336,1.0
7.326273,2.2311492,-2.5187628,0.088496216,1.0
7.322389,2.2283602,-2.5063517,0.07199568,1.0
7.319258,2.2260518,-2.4962547,0.05549515,1.0
7.3168626,2.2242484,-2.4884717,0.038994618,1.0
7.3151894,2.222968,-2.483003,0.0226659,0.98454225
7.3141975,2.2222006,-2.479856,0.0063371803,0.9690845
7.313915,2.2219803,-2.4789853,-0.009991539,0.9536267
7.3143706,2.222336,-2.4803433,-0.031096999,0.8908596
7.3159137,2.2235367,-2.4843736,-0.05220246,0.8280925
7.3187084,2.2256935,-2.4907827,-0.07330792,0.7653254
7.3229146,2.2288964,-2.499247,-0.0963388,0.68661726
7.3288803,2.2333598,-2.5094256,-0.119369686,0.6079091
7.3367853,2.2391496,-2.5207887,-0.14240058,0.5292009
7.3467836,2.2463,-2.5327702,-0.16543704,0.45797405
7.3589563,2.2547863,-2.5449612,-0.18847352,0.3867472
7.373396,2.2645936,-2.5568092,-0.21150999,0.31552035
7.390162,2.2756932,-2.567748,-0.22867204,0.2424923
7.4088044,2.2877436,-2.5768998,-0.24583408,0.16946428
7.4292736,2.3007112,-2.5838099,-0.26299614,0.09643624
7.4514832,2.314567,-2.5880303,-0.27020565,0.020711904
7.474464,2.3287692,-2.588963,-0.27741516,-0.055012427
7.49804,2.3433096,-2.5864208,-0.28462467,-0.13073677
7.5220213,2.3581839,-2.5802367,-0.283923,-0.19473346
7.5456023,2.3730123,-2.5710797,-0.28322133,-0.25873014
7.5686455,2.387799,-2.5590026,-0.28251964,-0.3
7.591183,2.4026487,-2.5450876,-0.27910593,-0.3
7.6132426,2.4176273,-2.5313406,-0.27569222,-0.3
7.6348267,2.432721,-2.517762,-0.27227852,-0.3
7.6559386,2.4479156,-2.5043514,-0.27099255,-0.3
7.676747,2.4633188,-2.491004,-0.26970658,-0.3
7.6972494,2.4789243,-2.47772,-0.2684206,-0.3
7.7174463,2.494725,-2.4644995,-0.2692232,-0.3
7.7374926,2.5108392,-2.4512393,-0.27002582,-0.3
7.757382,2.5272667,-2.4379396,-0.27082843,-0.3
7.77711,2.5440068,-2.4246004,-0.2723337,-0.3
7.7967215,2.561103,-2.411187,-0.27383903,-0.3
7.8162084,2.578557,-2.3976996,-0.2753443,-0.3
7.8355646,2.5963693,-2.3841379,-0.27715486,-0.3
7.8548026,2.6145613,-2.370487,-0.27896538,-0.3
7.873915,2.633135,-2.3567472,-0.28077593,-0.3
7.892893,2.6520915,-2.342918,-0.28298122,-0.3
7.911753,2.6714597,-2.3289802,-0.2851865,-0.3
7.930487,2.691242,-2.3149338,-0.2873918,-0.3
7.949084,2.7114403,-2.3007786,-0.29014075,-0.3
7.967568,2.7320955,-2.2864883,-0.29288968,-0.3
7.985927,2.7532108,-2.2720625,-0.29563862,-0.3
8.004149,2.7747896,-2.2575014,-0.297695,-0.3
8.02218,2.7967832,-2.2428389,-0.29975137,-0.3
8.040009,2.8191926,-2.228075,-0.30180776,-0.3
8.057625,2.8420184,-2.21321,-0.30347452,-0.3
8.074994,2.865231,-2.198263,-0.30514127,-0.3
8.092109,2.8888295,-2.1832337,-0.30680802,-0.3
8.108958,2.9128127,-2.1681223,-0.30866,-0.3
8.125544,2.937194,-2.1529198,-0.31051198,-0.3
8.141852,2.9619727,-2.137626,-0.31236395,-0.3
8.157876,2.987147,-2.122241,-0.3145485,-0.3
8.17362,3.0127425,-2.1067486,-0.31673303,-0.3
8.189072,3.0387585,-2.0911484,-0.31891757,-0.3
8.20422,3.0651934,-2.0754406,-0.32115495,-0.3
8.219054,3.0920498,-2.0596225,-0.32339233,-0.3
8.2335615,3.1193266,-2.0436945,-0.32562974,-0.3
8.247731,3.147021,-2.027656,-0.32870254,-0.3
8.261583,3.1752026,-2.0114663,-0.33177537,-0.3
8.275103,3.2038703,-1.9951253,-0.3348482,-0.3
8.288273,3.2330227,-1.9786329,-0.33857262,-0.3
8.301102,3.2627149,-1.9619571,-0.34229702,-0.3
8.31357,3.2929456,-1.9450978,-0.34602144,-0.3
8.325656,3.3237135,-1.928055,-0.35045078,-0.3
8.337364,3.3550794,-1.9107941,-0.35488015,-0.3
8.34867,3.3870418,-1.8933151,-0.35930952,-0.3
8.35955,3.419598,-1.875618,-0.3649005,-0.3
8.370012,3.4528513,-1.8576454,-0.37049147,-0.3
8.380027,3.4867995,-1.8393974,-0.37608248,-0.3
8.389562,3.5214398,-1.8208741,-0.3826121,-0.3
8.398607,3.556855,-1.8020291,-0.3891417,-0.3
8.407127,3.5930417,-1.7828625,-0.39567134,-0.3
8.415084,3.6299949,-1.7633744,-0.40189546,-0.3
8.422432,3.6676795,-1.7435797,-0.4081196,-0.3
8.429135,3.7060883,-1.7234784,-0.4143437,-0.3
8.435155,3.7452116,-1.7030706,-0.42055106,-0.3
8.4404545,3.7850373,-1.6823571,-0.42675844,-0.3
8.444993,3.8255537,-1.6613379,-0.43296582,-0.3
8.448733,3.8667471,-1.6400127,-0.43914962,-0.3
8.451634,3.9086,-1.6183832,-0.44533342,-0.3
8.453658,3.9510963,-1.596449,-0.45151725,-0.3
8.454764,3.9942172,-1.5742103,-0.45591545,-0.3
8.454913,4.037772,-1.551755,-0.46031368,-0.3
8.454076,4.08174,-1.5290829,-0.4647119,-0.3
8.452225,4.1260967,-1.5061942,-0.4685232,-0.3
8.449335,4.170763,-1.4831179,-0.47233447,-0.3
8.445384,4.2157135,-1.4598539,-0.47614577,-0.3
8.440348,4.260922,-1.4364021,-0.48344392,-0.3
8.434159,4.3066907,-1.4125909,-0.49074203,-0.3
8.426773,4.3529873,-1.3884201,-0.49804014,-0.3
8.418144,4.399778,-1.3638899,-0.5072355,-0.3
8.408189,4.4472027,-1.3389069,-0.516431,-0.3
8.396851,4.4952183,-1.313471,-0.523,-0.3
8.384135,4.5435376,-1.2877115,-0.523,-0.3
8.370179,4.5915127,-1.2619519,-0.523,-0.3
8.354992,4.639113,-1.2361925,-0.523,-0.3
8.338584,4.686306,-1.2104329,-0.523,-0.2933764
8.3209305,4.7331557,-1.1852255,-0.523,-0.2867528
8.302064,4.7796373,-1.1605715,-0.523,-0.2801292
8.28202,4.8257284,-1.1364716,-0.523,-0.25284964
8.260711,4.871664,-1.1146656,-0.523,-0.22557008
8.238257,4.9174275,-1.0951698,-0.523,-0.19829053
8.214779,4.9630117,-1.0779984,-0.523,-0.17415915
8.190411,5.0083914,-1.0628942,-0.523,-0.15002778
8.16526,5.053576,-1.0498658,-0.523,-0.12589642
8.139438,5.09858,-1.0389208,-0.523,-0.10449636
8.113058,5.1434093,-1.0298288,-0.523,-0.0830963
8.086219,5.1880865,-1.0225939,-0.523,-0.061696243
8.059014,5.232638,-1.0172194,-0.523,-0.044973113
8.031546,5.277082,-1.0133005,-0.523,-0.028249979
8.003887,5.321445,-1.0108385,-0.523,-0.011526847
7.9761095,5.3657546,-1.0098337,-0.523,0.00671308
7.9482865,5.4100385,-1.0104189,-0.523,0.024953008
7.9204974,5.454325,-1.0125937,-0.523,0.043192934
7.892822,5.4986453,-1.0163575,-0.523,0.06274302
7.865342,5.543023,-1.021823,-0.523,0.08229311
7.8381433,5.587487,-1.0289881,-0.523,0.10184319
7.8113127,5.6320643,-1.0378501,-0.523,0.12163363
7.784937,5.6767783,-1.0484264,-0.523,0.14142406
7.7591033,5.721651,-1.0607128,-0.523,0.1612145
7.7338986,5.7667017,-1.0747045,-0.523,0.16591468
7.7093463,5.812065,-1.0891006,-0.523,0.17061488
7.685468,5.857741,-1.1039004,-0.523,0.17531508
7.662288,5.9037275,-1.1191039,-0.523,0.15963686
7.63975,5.950184,-1.1329598,-0.523,0.14395861
7.617805,5.997061,-1.145465,-0.523,0.12828039
7.596402,6.0443096,-1.1566161,-0.523,0.12366887
7.5755157,6.0918217,-1.1673684,-0.523,0.119057365
7.5551295,6.1395826,-1.1777217,-0.523,0.11444585
7.535228,6.1875777,-1.187676,-0.523,0.116074264
7.515809,6.2357597,-1.197771,-0.523,0.11770268
7.496881,6.2841263,-1.2080071,-0.523,0.119331084
7.478452,6.332674,-1.2183841,-0.523,0.12622292
7.460544,6.3813696,-1.2293574,-0.523,0.13311476
7.4431868,6.4302144,-1.2409263,-0.523,0.14000659
7.426411,6.4792104,-1.2530904,-0.523,0.1529747
7.410264,6.528313,-1.2663727,-0.523,0.16594279
7.394803,6.5775228,-1.2807711,-0.523,0.17891088
7.380085,6.6268387,-1.2962831,-0.523,0.19657439
7.366181,6.676211,-1.3133076,-0.523,0.2142379
7.353167,6.7256303,-1.3318396,-0.523,0.23190139
7.3411193,6.775084,-1.3518729,-0.523,0.25749794
7.3301353,6.824453,-1.374071,-0.523,0.2830945
7.32032,6.873702,-1.398419,-0.523,0.30869102
7.3117733,6.9227915,-1.4249014,-0.52008724,0.31353748
7.3045807,6.9717393,-1.4516361,-0.51717454,0.31838393
7.298742,7.0205092,-1.478618,-0.5142618,0.3232304
7.2942533,7.069065,-1.5058423,-0.5002719,0.3202815
7.291171,7.1164484,-1.5320928,-0.48628208,0.31733263
7.2893834,7.162614,-1.5573821,-0.4722922,0.31438372
7.288781,7.2075243,-1.5817233,-0.4609889,0.3003978
7.2892623,7.2515564,-1.6044577,-0.4496856,0.2864119
7.290714,7.2946687,-1.6256315,-0.43838233,0.272426
7.293028,7.336827,-1.6452906,-0.43064433,0.28095573
7.2961073,7.3780875,-1.6651917,-0.42290634,0.28948545
7.2999277,7.4184384,-1.685312,-0.41516834,0.29801518
7.3044624,7.457865,-1.7056292,-0.40267003,0.2826659
7.3096604,7.4961834,-1.7243478,-0.3901717,0.26731667
7.3154163,7.533372,-1.7415248,-0.3776734,0.25196743
7.3216305,7.5694146,-1.7572176,-0.3627729,0.24991879
7.328145,7.603956,-1.7721715,-0.3478724,0.24787013
7.3348904,7.6369987,-1.786396,-0.33297193,0.24582149
7.3417997,7.668547,-1.799901,-0.31972855,0.23335478
7.348864,7.6988406,-1.8122234,-0.3064852,0.22088805
7.356014,7.727877,-1.823415,-0.29324186,0.20842133
7.3631845,7.7556562,-1.8335278,-0.28261545,0.19952565
7.370379,7.7824063,-1.8428637,-0.27198905,0.19062999
7.377556,7.8081303,-1.8514531,-0.26136264,0.18173431
7.384676,7.8328304,-1.859326,-0.2459407,0.16691832
7.391577,7.85608,-1.8661362,-0.23051877,0.15210235
7.3982086,7.877879,-1.8719574,-0.21509685,0.13728637
7.404529,7.8982277,-1.8768637,-0.19658579,0.09724222
7.410424,7.916884,-1.8800447,-0.17807475,0.057198085
7.4158354,7.933819,-1.8817414,-0.1595637,0.017153943
7.4207163,7.949008,-1.8821975,-0.1444014,-0.038968213
7.4251375,7.9627433,-1.8812599,-0.12923911,-0.09509037
7.429068,7.9749937,-1.8792148,-0.11407682,-0.15121251
7.4324913,7.985739,-1.8763508,-0.09914634,-0.20676365
7.43541,7.994993,-1.8729584,-0.08421584,-0.2623148
7.4378304,8.002758,-1.8693186,-0.06928535,-0.3
7.4397774,8.009085,-1.8659061,-0.047856797,-0.3
7.4411073,8.013458,-1.863549,-0.026428243,-0.3
7.441836,8.015876,-1.8622473,-0.0049996893,-0.3
7.4419727,8.016334,-1.8620011,0.01144017,-0.3
7.441659,8.015286,-1.8625646,0.02788003,-0.3
7.440893,8.012735,-1.8639377,0.04431989,-0.3
7.4396696,8.008682,-1.8661206,0.06796925,-0.3
7.4377794,8.00247,-1.8694683,0.09161861,-0.3
7.435204,7.994105,-1.8739809,0.11526798,-0.3
7.431916,7.9835954,-1.8796582,0.14344934,-0.3
7.4277506,7.9705396,-1.8867235,0.1716307,-0.3
7.4226565,7.9549546,-1.895177,0.19981205,-0.3
7.416572,7.936861,-1.9050183,0.22965673,-0.3
7.409375,7.9161353,-1.9163297,0.2595014,-0.3
7.4009786,7.8928094,-1.929111,0.28934607,-0.3
7.3912845,7.866923,-1.9433624,0.31934446,-0.3
7.3801794,7.8385077,-1.9590911,0.34934288,-0.3
7.3675437,7.807618,-1.9762974,0.37934127,-0.3
7.3532476,7.774317,-1.9949813,0.409341,-0.28953463
7.3371015,7.7385635,-2.0144596,0.43934074,-0.27906927
7.318972,7.700418,-2.0346298,0.46934047,-0.26860392
7.298728,7.659948,-2.0553892,0.4993072,-0.2500568
7.276191,7.6171403,-2.075982,0.523,-0.23150966
7.251555,7.572594,-2.0959823,0.523,-0.21296254
7.2259254,7.528365,-2.1144054,0.523,-0.13166079
7.199108,7.4839916,-2.1258488,0.523,-0.05035906
7.1715817,7.4395995,-2.1302366,0.523,0.030942678
7.143839,7.3952937,-2.1275399,0.5079396,0.12500246
7.1172075,7.352507,-2.116985,0.4928792,0.21906224
7.0922174,7.3113966,-2.0991335,0.47781882,0.313122
7.069302,7.2721367,-2.074603,0.45525485,0.3734985
7.048839,7.2350163,-2.046918,0.4326909,0.43387496
7.030845,7.200123,-2.0166013,0.41012695,0.49425143
7.0152774,7.167547,-1.9841758,0.3904353,0.49245816
7.0014567,7.1360407,-1.9534099,0.37074366,0.49066487
6.9892483,7.1057053,-1.9242935,0.35105202,0.4888716
6.978519,7.076628,-1.896816,0.32550824,0.4891931
6.969317,7.049409,-1.8713225,0.29996443,0.48951462
6.96148,7.0241218,-1.8478155,0.27442065,0.48983616
6.9548573,7.0008297,-1.8262972,0.24586205,0.4326258
6.949216,6.9792333,-1.8091173,0.21730347,0.37541544
6.9444437,6.9595876,-1.7958379,0.18874487,0.3182051
6.940443,6.942113,-1.7859961,0.15994635,0.2555138
6.9371386,6.9269943,-1.7792585,0.13114785,0.19282249
6.9344745,6.9144015,-1.77507,0.10234933,0.1301312
6.932416,6.9044642,-1.7728564,0.07291277,0.06281412
6.9309554,6.897335,-1.7720935,0.0434762,-0.004502964
6.930086,6.8930755,-1.7721262,0.014039637,-0.07182004
6.929806,6.891703,-1.772294,-0.015741961,-0.13050401
6.9301186,6.8932323,-1.7719526,-0.045523558,-0.18918797
6.931012,6.8976135,-1.7705258,-0.07530516,-0.24787194
6.9324603,6.904769,-1.7674465,-0.105192386,-0.22037296
6.934466,6.914836,-1.7636142,-0.1350796,-0.19287398
6.9370065,6.9278474,-1.7592988,-0.16496684,-0.16537501
6.9400554,6.943831,-1.7547725,-0.19480297,-0.13980621
6.9435844,6.9627957,-1.7502482,-0.2246391,-0.11423742
6.947568,6.9847546,-1.7459805,-0.25447524,-0.08866863
6.951986,7.009714,-1.7422248,-0.28374833,-0.011261958
6.956826,7.0376716,-1.7416922,-0.31302145,0.06614471
6.9621377,7.06845,-1.7451404,-0.34229454,0.14355138
6.9680142,7.101814,-1.7533019,-0.36600244,0.22288834
6.9744925,7.136916,-1.7667859,-0.38971034,0.3022253
6.9817376,7.1734085,-1.7861184,-0.4134182,0.38156223
6.989936,7.2108912,-1.8117759,-0.4041366,0.39439905
6.99884,7.247124,-1.8376577,-0.394855,0.40723583
7.008401,7.282097,-1.8637229,-0.3855734,0.42007264
7.0185666,7.3158026,-1.8899307,-0.37145102,0.38553765
7.0293655,7.348483,-1.913212,-0.35732868,0.35100266
7.040632,7.3800893,-1.9336892,-0.34320632,0.3164677
7.05221,7.4105816,-1.9514909,-0.3371107,0.33518732
7.0640388,7.4401374,-1.9699727,-0.33101508,0.35390693
7.0761065,7.468746,-1.9890925,-0.32491946,0.37262654
7.088399,7.4963994,-2.0088077,-0.31216463,0.35637477
7.100807,7.5228925,-2.026959,-0.29940984,0.340123
7.1132407,7.5482326,-2.0436063,-0.286655,0.32387123
7.125616,7.5724263,-2.0588105,-0.27585605,0.3082722
7.137941,7.595643,-2.07276,-0.26505712,0.2926732
7.1501517,7.617891,-2.0855055,-0.25425816,0.2770742
7.162191,7.6391783,-2.0970972,-0.24594669,0.26357916
7.174119,7.6597104,-2.1077769,-0.23763523,0.25008413
7.185897,7.679494,-2.1175787,-0.22932376,0.2365891
7.1974883,7.6985373,-2.1265373,-0.22527814,0.2274062
7.2090673,7.717182,-2.1350021,-0.22123253,0.21822329
7.220617,7.735433,-2.1429849,-0.21718693,0.20904037
7.232121,7.753295,-2.1504967,-0.20623234,0.20466286
7.243182,7.770189,-2.1574824,-0.19527775,0.20028533
7.2537766,7.786126,-2.1639574,-0.18432315,0.19590782
7.263883,7.8011174,-2.1699374,-0.1702862,0.15478465
7.273371,7.815012,-2.1743128,-0.15624923,0.11366148
7.2821817,7.8277936,-2.1772664,-0.14221226,0.07253832
7.290266,7.839448,-2.1789842,-0.1249135,0.053494234
7.2973933,7.8496847,-2.1800973,-0.10761473,0.034450144
7.3035483,7.8585043,-2.180715,-0.090315975,0.015406054
7.308721,7.8659067,-2.1809468,-0.07608049,-0.010143435
7.3130803,7.8721414,-2.1808183,-0.06184502,-0.035692923
7.316621,7.8772073,-2.1804504,-0.04760954,-0.061242413
7.3193417,7.8811035,-2.1799648,-0.027590442,-0.06716131
7.320917,7.883361,-2.1796563,-0.0075713433,-0.0730802
7.3213487,7.8839803,-2.179564,0.012447756,-0.07899909
7.320639,7.882962,-2.1797278,0.034497287,-0.09633856
7.318675,7.880146,-2.180281,0.05654682,-0.113678046
7.3154593,7.8755393,-2.18135,0.078596346,-0.13101752
7.310992,7.869155,-2.1830611,0.107201956,-0.12740482
7.3048806,7.860453,-2.1853313,0.13580756,-0.12379213
7.29711,7.849442,-2.1881263,0.16441317,-0.12017943
7.2876616,7.836132,-2.1914115,0.19412464,-0.06621644
7.276397,7.820374,-2.1935523,0.22383611,-0.012253446
7.2633424,7.8021936,-2.1940095,0.25354758,0.04170955
7.2485566,7.7816234,-2.1922474,0.28348258,0.13394175
7.2321997,7.758782,-2.185938,0.31341755,0.22617395
7.214574,7.733837,-2.174224,0.34335256,0.31840616
7.1960692,7.706987,-2.1563094,0.37334928,0.3935982
7.1770144,7.67825,-2.132445,0.403346,0.46879023
7.1578507,7.6477947,-2.1020727,0.43334273,0.54398227
7.139065,7.6158266,-2.0646935,0.46333283,0.44704157
7.119259,7.5790396,-2.0313103,0.49332294,0.35010085
7.0986648,7.537527,-2.0031095,0.523,0.25316015
