-6.340571,-0.8902888,0.63203996,0.68054634,0.0
-6.2856627,-0.85008264,0.63203996,0.523,0.08080836
-6.2436037,-0.81928504,0.6390761,0.5081881,0.16161671
-6.203346,-0.789369,0.6527052,0.4933762,0.24242505
-6.1652956,-0.76028055,0.67244494,0.47741875,0.31563184
-6.129792,-0.7320112,0.6971448,0.4614613,0.38883862
-6.097054,-0.7045956,0.72630256,0.44550386,0.4620454
-6.0672393,-0.6781116,0.759402,0.43003148,0.5119661
-6.04005,-0.6523006,0.7945135,0.4145591,0.56188685
-6.0154705,-0.62726873,0.83132523,0.3990867,0.6118075
-5.9934545,-0.60313153,0.8695277,0.3835138,0.6449619
-5.973681,-0.57971615,0.90795374,0.3679409,0.67811626
-5.956049,-0.55713004,0.9464236,0.35236797,0.71127063
-5.9404445,-0.53547317,0.98476106,0.33546555,0.7223291
-5.926524,-0.51450396,1.0217257,0.31856313,0.73338753
-5.914173,-0.49431625,1.0572661,0.30166072,0.744446
-5.903274,-0.47499186,1.091332,0.2821225,0.7412736
-5.8936744,-0.4565287,1.1230814,0.2625843,0.7381011
-5.8852654,-0.4390186,1.1525296,0.24304608,0.7349287
-5.8779416,-0.42254192,1.1796913,0.22008379,0.75048393
-5.8718057,-0.40766135,1.2047073,0.19712152,0.7660391
-5.86672,-0.39439687,1.2274842,0.17415924,0.7815943
-5.8625593,-0.3827566,1.2479309,0.14747691,0.80888444
-5.859329,-0.3731022,1.2657145,0.120794594,0.83617455
-5.8568974,-0.36537912,1.2806545,0.09411227,0.8634647
-5.855148,-0.35951924,1.2925769,0.06544502,0.8965746
-5.8540254,-0.3555907,1.3010979,0.036777776,0.9296845
-5.8534393,-0.3534706,1.3060102,0.008110527,0.9627944
-5.853318,-0.35302344,1.3071198,-0.020879336,0.98670536
-5.853618,-0.354135,1.3042169,-0.0498692,1.0
-5.854328,-0.35673428,1.297223,-0.07885906,1.0
-5.8554792,-0.3608366,1.2861633,-0.10736998,1.0
-5.857108,-0.3664044,1.2711052,-0.1358809,1.0
-5.859276,-0.37341887,1.2520485,-0.16439182,1.0
-5.862059,-0.38185358,1.2289934,-0.19171406,1.0
-5.865531,-0.39161274,1.2021065,-0.21903631,1.0
-5.8697963,-0.40265203,1.1713877,-0.24635856,1.0
-5.8749723,-0.41491514,1.136837,-0.2716157,0.99270856
-5.8812127,-0.42838117,1.0989236,-0.29687285,0.98541707
-5.888669,-0.44299135,1.0576829,-0.32213,0.97812563
-5.897502,-0.45866764,1.013151,-0.34369126,0.94991493
-5.9080825,-0.47563288,0.9665599,-0.3652525,0.9217043
-5.9206257,-0.4938018,0.9180645,-0.38681376,0.8934936
-5.935349,-0.5130598,0.86782604,-0.40077317,0.8558019
-5.952336,-0.53310585,0.81738895,-0.41473258,0.8181102
-5.9717317,-0.55378413,0.7669398,-0.42869195,0.7804185
-5.9936666,-0.57492393,0.7166702,-0.43249816,0.7403682
-6.0177402,-0.59589666,0.6680459,-0.43630433,0.70031786
-6.04393,-0.6165625,0.6211824,-0.4401105,0.66026753
-6.0721974,-0.63679343,0.5761937,-0.43956447,0.6266036
-6.102054,-0.6561927,0.5332338,-0.43901843,0.5929397
-6.1334076,-0.6746996,0.49234647,-0.4384724,0.55927575
-6.1661596,-0.6922681,0.4535729,-0.43662524,0.53949845
-6.199833,-0.7086827,0.4161901,-0.43477806,0.5197211
-6.2343483,-0.72393894,0.3802022,-0.4329309,0.49994373
-6.26963,-0.738039,0.34561273,-0.42980343,0.49347928
-6.305244,-0.75086236,0.31168026,-0.42667598,0.48701483
-6.341134,-0.7624255,0.27840027,-0.42354852,0.48055038
-6.3772454,-0.77274704,0.24576816,-0.4190302,0.48071247
-6.413283,-0.7817866,0.21347412,-0.4145119,0.48087457
-6.449199,-0.7895724,0.18151839,-0.40999356,0.48103666
-6.4849486,-0.7961338,0.14990115,-0.40519688,0.48161122
-6.5204563,-0.80149674,0.118619435,-0.40040016,0.48218575
-6.5556817,-0.8056949,0.08767405,-0.39560348,0.48276028
-6.5905867,-0.80876297,0.05706583,-0.39229536,0.48204523
-6.6252894,-0.8107454,0.026754977,-0.38898724,0.48133016
-6.659756,-0.8116678,-0.0032591897,-0.38567913,0.4806151
-6.6939545,-0.81155634,-0.032977354,-0.38395822,0.47636837
-6.728057,-0.81043136,-0.062321674,-0.38223734,0.47212163
-6.762033,-0.80831116,-0.09129379,-0.38051644,0.46787488
-6.7958536,-0.80521494,-0.11989535,-0.37940302,0.46239853
-6.829566,-0.8011535,-0.14810371,-0.37828964,0.45692217
-6.8631425,-0.796144,-0.17591986,-0.37717625,0.45144582
-6.896558,-0.7902042,-0.20334478,-0.37672764,0.44695362
-6.92983,-0.7833437,-0.23048301,-0.37627903,0.4424614
-6.962935,-0.77557546,-0.2573346,-0.3758304,0.43796918
-6.99585,-0.76691324,-0.28389964,-0.37631854,0.43567285
-7.028601,-0.7573571,-0.31036866,-0.37680665,0.4333765
-7.0611644,-0.74691296,-0.33674118,-0.37729478,0.43108013
-7.093517,-0.7355871,-0.36301678,-0.3787718,0.4294354
-7.1257105,-0.72335833,-0.38930085,-0.38024884,0.42779064
-7.15772,-0.7102269,-0.41559264,-0.38172588,0.4261459
-7.18952,-0.6961937,-0.44189128,-0.3841987,0.4234751
-7.2211814,-0.6812148,-0.46820447,-0.3866715,0.42080426
-7.252677,-0.6652872,-0.49453002,-0.38914433,0.41813344
-7.2839785,-0.6484089,-0.52086574,-0.39237398,0.41768646
-7.3150864,-0.63056177,-0.54739326,-0.39560363,0.41723952
-7.3459687,-0.61173844,-0.57411224,-0.39883327,0.41679254
-7.3765907,-0.5919325,-0.6010221,-0.40344754,0.4166721
-7.407018,-0.5710701,-0.628236,-0.4080618,0.41655168
-7.43721,-0.5491383,-0.6557536,-0.41267607,0.41643122
-7.467123,-0.5261256,-0.6835748,-0.41786578,0.41579515
-7.4967604,-0.5019831,-0.7117053,-0.4230555,0.41515908
-7.526075,-0.47669944,-0.74014425,-0.42824525,0.41452298
-7.5550175,-0.45026478,-0.76889044,-0.43383735,0.41204882
-7.583587,-0.42262328,-0.79784817,-0.4394295,0.40957463
-7.6117325,-0.39376825,-0.827013,-0.44502163,0.40710044
-7.639401,-0.3636951,-0.85638064,-0.45083085,0.39640045
-7.666648,-0.33227697,-0.88539165,-0.4566401,0.38570046
-7.6934295,-0.29952267,-0.9140236,-0.46244934,0.37500048
-7.7197027,-0.26544335,-0.94225407,-0.46917042,0.36155832
-7.745505,-0.22994645,-0.96991414,-0.4758915,0.34811616
-7.7707963,-0.19304769,-0.9969708,-0.48261258,0.334674
-7.7955413,-0.15476519,-1.0233908,-0.48679566,0.31198207
-7.819655,-0.115205325,-1.0482941,-0.49097872,0.28929013
-7.8431387,-0.0744264,-1.0716377,-0.4951618,0.2665982
-7.8660045,-0.03248774,-1.0933796,-0.49596748,0.24299265
-7.888124,0.010269221,-1.1132686,-0.49677315,0.2193871
-7.909542,0.053768843,-1.1312875,-0.49757883,0.19578154
-7.9303093,0.09793754,-1.14742,-0.49885753,0.17801782
-7.9504805,0.14269997,-1.162143,-0.5001362,0.16025409
-7.9701,0.18800725,-1.175444,-0.5014149,0.14249037
-7.9892154,0.2338119,-1.1873115,-0.50317705,0.13457814
-8.007872,0.28005293,-1.1985636,-0.50493926,0.12666592
-8.026089,0.3267121,-1.2091949,-0.5067014,0.11875369
-8.043888,0.37377167,-1.2192001,-0.50947213,0.11015926
-8.061328,0.42131224,-1.228535,-0.5122428,0.10156485
-8.078431,0.46931675,-1.2371912,-0.5150135,0.09297043
-8.095222,0.51776856,-1.2451599,-0.51602066,0.08261468
-8.111674,0.5664921,-1.2522569,-0.5170278,0.072258934
-8.127825,0.61546576,-1.2584782,-0.51803493,0.06190319
-8.143711,0.66466874,-1.2638193,-0.5160861,0.05195577
-8.159286,0.71379834,-1.2682863,-0.51413727,0.04200835
-8.174589,0.7628342,-1.2718849,-0.51218843,0.032060932
-8.189664,0.81175673,-1.2746214,-0.5117056,0.028224021
-8.204593,0.8606798,-1.2770281,-0.5112227,0.02438711
-8.219392,0.9095974,-1.2791058,-0.51073986,0.020550197
-8.234076,0.95850366,-1.280855,-0.51078075,0.016110498
-8.248677,1.0074434,-1.2822263,-0.51082164,0.011670798
-8.263213,1.0564101,-1.2832199,-0.5108625,0.0072310986
-8.277702,1.1053971,-1.2838356,-0.5124537,0.0062469305
-8.292207,1.154546,-1.2843691,-0.51404476,0.0052627623
-8.306729,1.2038556,-1.2848201,-0.5156359,0.004278594
-8.321275,1.2533246,-1.2851877,-0.5180395,-0.0025143742
-8.335871,1.3030298,-1.2849706,-0.5204432,-0.009307343
-8.350544,1.3529605,-1.2841634,-0.5228469,-0.016100312
-8.365324,1.4031055,-1.2827604,-0.523,-0.022063142
-8.380177,1.4532387,-1.2808374,-0.523,-0.028025974
-8.395124,1.5033358,-1.2783948,-0.523,-0.033988804
-8.410192,1.553387,-1.2754327,-0.523,-0.03806155
-8.425405,1.603386,-1.2721157,-0.523,-0.042134304
-8.440781,1.653326,-1.2684442,-0.523,-0.04620705
-8.456337,1.7032005,-1.2644179,-0.523,-0.05105322
-8.472091,1.7529999,-1.2599697,-0.523,-0.05589939
-8.488061,1.802716,-1.2550997,-0.523,-0.060745556
-8.50427,1.8523396,-1.249808,-0.523,-0.06379169
-8.520737,1.9018674,-1.2442511,-0.523,-0.06683783
-8.537476,1.9512931,-1.2384294,-0.523,-0.069883965
-8.554499,2.00061,-1.2323428,-0.523,-0.07051342
-8.57182,2.0498207,-1.2262015,-0.523,-0.071142875
-8.589443,2.0989215,-1.2200055,-0.523,-0.07177233
-8.607369,2.14791,-1.2137547,-0.523,-0.073805794
-8.625599,2.1967783,-1.2073271,-0.523,-0.075839266
-8.644139,2.245521,-1.2007228,-0.523,-0.07787273
-8.662997,2.2941325,-1.1939417,-0.523,-0.078653224
-8.682184,2.342612,-1.1870929,-0.523,-0.07943372
-8.701701,2.3909562,-1.1801761,-0.523,-0.08021421
-8.721552,2.439161,-1.1731917,-0.523,-0.079896614
-8.741738,2.4872274,-1.1662347,-0.523,-0.07957901
-8.762259,2.5351534,-1.1593055,-0.523,-0.079261415
-8.783112,2.5829372,-1.1524037,-0.523,-0.07647093
-8.804299,2.6305861,-1.1457446,-0.523,-0.073680446
-8.825808,2.6781032,-1.1393279,-0.523,-0.07088996
-8.847625,2.7254908,-1.1331538,-0.523,-0.068367705
-8.869738,2.7727509,-1.127199,-0.523,-0.065845445
-8.892136,2.8198867,-1.1214637,-0.523,-0.06332319
-8.914807,2.8669007,-1.1159477,-0.523,-0.05993261
-8.937743,2.913799,-1.1107267,-0.523,-0.05654202
-8.960928,2.960586,-1.1058007,-0.523,-0.053151436
-8.984347,3.007267,-1.1011698,-0.523,-0.046257537
-9.00799,3.053855,-1.0971392,-0.523,-0.03936364
-9.031828,3.1003609,-1.0937089,-0.523,-0.032469742
-9.055831,3.1467965,-1.0908791,-0.523,-0.02771706
-9.079969,3.1931705,-1.0884634,-0.523,-0.022964377
-9.104222,3.2394917,-1.0864619,-0.523,-0.018211693
-9.12857,3.2857687,-1.0848745,-0.523,-0.008722657
-9.152994,3.332013,-1.0841142,-0.523,0.00076637865
-9.177455,3.3782403,-1.084181,-0.523,0.010255414
-9.201911,3.4244668,-1.0850749,-0.5127466,0.025954168
-9.225841,3.4697957,-1.0872927,-0.50249314,0.041652925
-9.24918,3.5142465,-1.09078,-0.4922397,0.05735168
-9.271873,3.5578358,-1.0954826,-0.46835262,0.084431715
-9.29323,3.599331,-1.1020653,-0.44446552,0.11151175
-9.313185,3.6387374,-1.1103088,-0.42057842,0.13859178
-9.331695,3.676053,-1.1199925,-0.39331928,0.17219329
-9.348578,3.710932,-1.1312246,-0.36606014,0.20579478
-9.363827,3.743359,-1.1436917,-0.33880103,0.23939627
-9.377461,3.7733161,-1.1570809,-0.3113486,0.2614868
-9.389552,3.8008552,-1.1704957,-0.28389618,0.28357735
-9.400174,3.8259563,-1.1837344,-0.25644374,0.30566788
-9.409405,3.8486028,-1.1965963,-0.22986548,0.3051706
-9.417419,3.86901,-1.2081071,-0.20328723,0.30467328
-9.424299,3.887141,-1.2182708,-0.17670897,0.304176
-9.43012,3.9029639,-1.2270917,-0.15546125,0.32519466
-9.435084,3.9168336,-1.2353699,-0.13421355,0.34621328
-9.43924,3.928755,-1.2429605,-0.11296584,0.3672319
-9.442636,3.938737,-1.2497202,-0.10460344,0.35269624
-9.445733,3.9480517,-1.2557424,-0.09624105,0.33816054
-9.448546,3.9566839,-1.2610638,-0.08787865,0.32362485
-9.451086,3.9646192,-1.2657214,-0.08881757,0.3093893
-9.453628,3.9726884,-1.2702286,-0.08975648,0.2951537
-9.45617,3.980891,-1.2745801,-0.090695396,0.28091815
-9.458714,3.9892256,-1.2787708,-0.0898457,0.27009976
-9.461206,3.9975178,-1.2827663,-0.088996015,0.2592814
-9.46365,4.0057654,-1.2865692,-0.08814632,0.248463
-9.466045,4.0139666,-1.290182,-0.08874394,0.23542318
-9.468435,4.0222588,-1.2936319,-0.08934155,0.22238335
-9.47082,4.03064,-1.2969161,-0.08993917,0.20934352
-9.4732,4.03911,-1.3000312,-0.08918751,0.19938864
-9.475537,4.0475335,-1.3029754,-0.08843584,0.18943375
-9.477837,4.055909,-1.305751,-0.087684184,0.17947888
-9.480096,4.0642357,-1.3083597,-0.08784406,0.16993411
-9.482343,4.072597,-1.3108357,-0.08800394,0.16038935
-9.484575,4.0809927,-1.3131782,-0.08816382,0.15084457
-9.486796,4.0894213,-1.3153863,-0.08705164,0.14245537
-9.488973,4.097759,-1.3174461,-0.085939445,0.13406616
-9.491108,4.1060038,-1.3193606,-0.08482726,0.12567694
-9.493201,4.114155,-1.3211328,-0.08489598,0.11757187
-9.495285,4.1223245,-1.3227925,-0.0849647,0.10946678
-9.497358,4.1305118,-1.3243395,-0.08503342,0.10136171
-9.499422,4.1387157,-1.3257736,-0.08279633,0.09138562
-9.501422,4.1467147,-1.3270329,-0.08055924,0.08140953
-9.50336,4.154506,-1.3281248,-0.07832215,0.07143344
-9.505237,4.16209,-1.3290565,-0.07800628,0.060946267
-9.507101,4.1696496,-1.3298483,-0.07769042,0.050459098
-9.508952,4.1771846,-1.3305014,-0.077374555,0.03997193
-9.510793,4.1846933,-1.3310168,-0.074979715,0.03414882
-9.512572,4.1919727,-1.3314434,-0.072584875,0.028325707
-9.514292,4.1990213,-1.331786,-0.070190035,0.022502596
-9.515953,4.205839,-1.3320493,-0.07034274,0.024513442
-9.517616,4.2126718,-1.3323365,-0.07049546,0.026524287
-9.519281,4.2195196,-1.3326482,-0.07064816,0.028535133
-9.5209465,4.2263823,-1.3329842,-0.06948402,0.033086903
-9.522583,4.2331314,-1.3333672,-0.068319865,0.03763867
-9.524189,4.239767,-1.3337958,-0.06715571,0.04219044
-9.525764,4.2462893,-1.3342679,-0.06893547,0.05180364
-9.527377,4.2529817,-1.3348627,-0.07071522,0.061416846
-9.529027,4.2598443,-1.3355861,-0.072494976,0.07103005
-9.530712,4.266876,-1.3364437,-0.077838615,0.09541443
-9.532512,4.274413,-1.3376796,-0.08318226,0.11979881
-9.534419,4.2824483,-1.3393365,-0.088525906,0.14418319
-9.536429,4.2909756,-1.3414564,-0.09706961,0.17892392
-9.538601,4.300277,-1.3443357,-0.10561333,0.21366465
-9.540918,4.310335,-1.3480681,-0.114157036,0.2484054
-9.543363,4.321127,-1.3527459,-0.122528404,0.28541252
-9.545906,4.332606,-1.3584956,-0.13089977,0.3224196
-9.548522,4.3447423,-1.3654084,-0.13927114,0.35942674
-9.551181,4.3575053,-1.373573,-0.1426673,0.363346
-9.553794,4.370582,-1.3820237,-0.14606343,0.36726528
-9.556352,4.3839726,-1.3907647,-0.14945959,0.37118456
-9.5588455,4.3976755,-1.3998001,-0.15085654,0.35689226
-9.561251,4.4116044,-1.408584,-0.1522535,0.3426
-9.563567,4.4257565,-1.4171085,-0.15365045,0.32830772
-9.565794,4.4401298,-1.4253658,-0.1529304,0.31502488
-9.567901,4.4545164,-1.4332632,-0.15221034,0.30174205
-9.569893,4.4689126,-1.4408022,-0.15149027,0.2884592
-9.571775,4.483313,-1.4479848,-0.14903587,0.2801621
-9.57353,4.497528,-1.454853,-0.14658146,0.27186498
-9.575164,4.511553,-1.4614133,-0.14412706,0.26356784
