9.546278,-0.20320386,-3.089348,-0.04121224,0.0
9.550394,-0.20298865,-3.089348,-0.060497385,0.0972116
9.556407,-0.20267422,-3.0903268,-0.07978253,0.1944232
9.564224,-0.20227309,-3.0928957,-0.09906768,0.2916348
9.573702,-0.20181121,-3.0976431,-0.10863401,0.38342845
9.583767,-0.20136859,-3.1044164,-0.11820034,0.47522214
9.59427,-0.20097794,-3.1134298,-0.12776667,0.5670158
9.605042,-0.20067446,-3.1248674,-0.1234223,0.6316696
9.615002,-0.20050788,-3.1370142,-0.119077936,0.6963234
9.624138,-0.20046605,3.1334417,-0.11473357,0.7609772
9.632445,-0.20053378,3.1202543,-0.0848021,0.6619843
9.639133,-0.20067649,3.1115665,-0.054870635,0.5629914
9.643771,-0.2008158,3.1066856,-0.024939172,0.4639985
9.646,-0.20089363,3.1048255,0.0050349575,0.36908165
9.645531,-0.20087637,3.1051283,0.035009086,0.27416483
9.642163,-0.20075351,3.106708,0.06498322,0.17924798
9.635773,-0.2005305,3.108639,0.09495698,0.10216586
9.626331,-0.20021926,3.110253,0.12493074,0.02508375
9.613849,-0.19982792,3.1107752,0.1549045,-0.05199836
9.598387,-0.19935127,3.1094334,0.1848398,-0.11633245
9.580037,-0.19876096,3.1058578,0.21477512,-0.18066654
9.558923,-0.19800612,3.0994258,0.24471042,-0.24500063
9.535203,-0.19700536,3.089533,0.27459398,-0.24857774
9.508624,-0.1956204,3.0782735,0.30447754,-0.2521549
9.479198,-0.19375469,3.0656128,0.3343611,-0.255732
9.446942,-0.1912992,3.0515165,0.3641947,-0.23575445
9.4116745,-0.18811373,3.0373385,0.3940283,-0.21577689
9.373394,-0.18410835,3.023278,0.4238619,-0.19579932
9.3321085,-0.17920074,3.0095341,0.4535014,-0.2246412
9.288282,-0.17337929,2.9926975,0.48314092,-0.2534831
9.24203,-0.16644113,2.972504,0.5127804,-0.28232497
9.193484,-0.15815349,2.9486947,0.523,-0.27215034
9.144044,-0.14849639,2.9252641,0.523,-0.2619757
9.094706,-0.13765347,2.9026887,0.523,-0.2518011
9.045493,-0.12566759,2.8809714,0.523,-0.25270706
8.996565,-0.112618916,2.8591774,0.523,-0.25361305
8.947943,-0.09851038,2.837307,0.523,-0.25451905
8.899653,-0.083345495,2.8153603,0.523,-0.24537013
8.851596,-0.06708661,2.794186,0.523,-0.23622124
8.803785,-0.049775016,2.7737865,0.523,-0.22707234
8.756236,-0.03145229,2.754163,0.523,-0.2205824
8.708986,-0.012171603,2.7350912,0.523,-0.21409246
8.662045,0.008035616,2.7165716,0.523,-0.20760252
8.61542,0.029137941,2.6986053,0.523,-0.19767892
8.569089,0.051119246,2.6814864,0.523,-0.18775533
8.523052,0.07393458,2.6652162,0.523,-0.17783174
8.477307,0.09753916,2.6497967,0.523,-0.17962047
8.431948,0.12183839,2.634224,0.523,-0.1814092
8.386986,0.14683287,2.6184978,0.523,-0.18319792
8.342438,0.17252284,2.6026182,0.523,-0.16523749
8.298163,0.19900051,2.5882804,0.523,-0.14727706
8.254149,0.22618705,2.575489,0.523,-0.12931663
8.210377,0.25400382,2.5642483,0.523,-0.14153725
8.166992,0.28226373,2.5519521,0.523,-0.15375787
8.124036,0.3110027,2.5386024,0.523,-0.16597849
8.081552,0.34025484,2.524201,0.523,-0.12768267
8.039254,0.37028536,2.5131016,0.523,-0.08938686
7.9971166,0.4009111,2.5053203,0.523,-0.051091038
7.9551053,0.43194726,2.5008688,0.523,-0.0949916
7.9133677,0.46307,2.4926012,0.523,-0.13889216
7.872102,0.49437484,2.4805334,0.523,-0.18279272
7.8315067,0.52594966,2.4646885,0.523,-0.124642715
7.7910542,0.55845535,2.453852,0.523,-0.066492714
7.7507324,0.59158164,2.4480603,0.523,-0.0083427075
7.7105155,0.62501365,2.447333,0.523,-0.064070806
7.670404,0.6584074,2.441752,0.523,-0.1197989
7.6306844,0.69185215,2.4313345,0.523,-0.17552699
7.59164,0.72542936,2.416113,0.523,-0.12359443
7.552809,0.7598654,2.405367,0.523,-0.071661875
7.5141535,0.7948945,2.3991258,0.523,-0.01972931
7.475626,0.83024806,2.397406,0.523,-0.07465433
7.437259,0.865576,2.3909047,0.523,-0.12957937
7.3993373,0.90095294,2.3796413,0.523,-0.18450439
7.3621407,0.93644464,2.3636498,0.523,-0.14664279
7.3252845,0.9727557,2.3509133,0.523,-0.10878119
7.288716,1.0097125,2.3414497,0.523,-0.07091959
7.252375,1.047141,2.335273,0.523,-0.106521174
7.21638,1.0846742,2.3260057,0.523,-0.14212276
7.180893,1.1223714,2.313659,0.523,-0.17772435
7.146075,1.1602855,2.2982488,0.523,-0.16599761
7.111775,1.1988099,2.2838457,0.523,-0.15427087
7.0779696,1.2378982,2.2704515,0.523,-0.14254414
7.0446324,1.2775053,2.2580686,0.523,-0.15681219
7.0118585,1.3174361,2.2444556,0.523,-0.17108026
6.9797077,1.3577142,2.229616,0.523,-0.18534832
6.948239,1.3983603,2.213552,0.523,-0.18528455
6.9174266,1.4395071,2.1974936,0.523,-0.18522078
6.8872786,1.481144,2.1814406,0.523,-0.18515702
6.857803,1.5232598,2.165393,0.523,-0.1887666
6.8290257,1.5658143,2.1490366,0.523,-0.19237617
6.8009686,1.6088036,2.132371,0.523,-0.19598573
6.773651,1.6522238,2.1153967,0.523,-0.19446152
6.7470665,1.6961147,2.098553,0.523,-0.19293731
6.7212167,1.7404603,2.0818393,0.523,-0.1914131
6.696105,1.7852451,2.065256,0.5216142,-0.19379859
6.6718144,1.8302993,2.0485134,0.5202284,-0.19618405
6.648356,1.8756118,2.0316122,0.5188426,-0.19856954
6.625737,1.9211708,2.0145538,0.5135913,-0.20085907
6.6041303,1.9666231,1.9974759,0.50834,-0.2031486
6.583525,2.0119479,1.9803826,0.5030887,-0.20543814
6.563912,2.057125,1.9632779,0.49743623,-0.20675878
6.5452914,2.1021075,1.9462582,0.49178377,-0.20807943
6.5276465,2.146873,1.929326,0.4861313,-0.20940007
6.5109606,2.1914008,1.9124838,0.4812485,-0.21268766
6.4951987,2.2357218,1.8955529,0.4763657,-0.21597524
6.480352,2.2798195,1.8785386,0.47148287,-0.21926282
6.466412,2.3236768,1.8614466,0.46683598,-0.2207234
6.4533587,2.3673174,1.8444121,0.46218908,-0.22218397
6.4411764,2.410723,1.8274374,0.45754218,-0.22364455
6.429852,2.4538765,1.8105247,0.4535558,-0.20588121
6.41931,2.4970047,1.7950714,0.44956943,-0.18811788
6.409488,2.5400624,1.781059,0.44558305,-0.17035453
6.4003224,2.5830085,1.7684689,0.44467694,-0.17138354
6.3917174,2.6259716,1.7558292,0.4437708,-0.17241256
6.383674,2.6689444,1.7431405,0.4428647,-0.17344157
6.3761935,2.7119203,1.7304026,0.44016823,-0.19533177
6.369331,2.7545512,1.7161638,0.43747178,-0.21722196
6.3631425,2.7968197,1.70045,0.43477535,-0.23911215
6.3576813,2.8387058,1.6832879,0.4315523,-0.25088978
6.3529887,2.8802457,1.6654313,0.42832923,-0.2626674
6.34908,2.9214244,1.6468948,0.4251062,-0.27444503
6.345969,2.9622257,1.6276933,0.42266375,-0.28306663
6.3436613,3.0027442,1.6080182,0.4202213,-0.29168823
6.3421636,3.0429635,1.5878778,0.41777885,-0.3
6.3414817,3.0828695,1.5673007,0.41750607,-0.3
6.3416214,3.1227553,1.5467371,0.41723326,-0.3
6.3425803,3.1626034,1.526187,0.41696045,-0.3
6.3443565,3.2023976,1.5056503,0.41874152,-0.3
6.346961,3.2423167,1.4850258,0.42052263,-0.3
6.3504024,3.282343,1.4643136,0.4223037,-0.3
6.35469,3.3224587,1.4435138,0.4265514,-0.3
6.359863,3.362879,1.4225047,0.43079907,-0.3
6.3659434,3.4035833,1.4012864,0.43504673,-0.3
6.372955,3.444549,1.3798589,0.4407069,-0.3
6.380945,3.4858863,1.3581526,0.44636706,-0.3
6.389945,3.527569,1.3361675,0.45202723,-0.3
6.3999844,3.5695696,1.3139036,0.4573445,-0.28956053
6.4111204,3.6119616,1.2921393,0.46266177,-0.27912107
6.423354,3.6547217,1.2708945,0.46797904,-0.2686816
6.4366837,3.6978266,1.2501895,0.47165087,-0.24094038
6.451118,3.7412956,1.2314323,0.47532266,-0.21319917
6.466583,3.785102,1.2146703,0.47899446,-0.18545794
6.482996,3.829226,1.1999494,0.48011893,-0.14302257
6.5002184,3.8735173,1.1885438,0.48124343,-0.100587174
6.5180783,3.9179428,1.1804895,0.4823679,-0.058151793
6.5364003,3.9624763,1.1758171,0.48488858,-0.01622752
6.5550556,4.007226,1.1745057,0.48740926,0.025696754
6.5738635,4.0521746,1.176593,0.48992994,0.06762103
6.592637,4.0973063,1.1821103,0.4920555,0.07884933
6.611227,4.1427,1.18857,0.4941811,0.09007762
6.6295843,4.1883664,1.1959791,0.49630666,0.101305924
6.647661,4.2343144,1.2043446,0.49960178,0.10011776
6.6654725,4.280724,1.2126671,0.5028969,0.0989296
6.683014,4.327593,1.2209456,0.506192,0.09774143
6.7002816,4.3749185,1.2291784,0.5104972,0.0998034
6.7172985,4.422779,1.2376559,0.51480246,0.10186538
6.734046,4.4711766,1.2463808,0.5191077,0.10392736
6.7505035,4.520114,1.2553563,0.52298707,0.098543584
6.7666497,4.569591,1.2639319,0.523,0.09315981
6.7823796,4.6192317,1.2720406,0.523,0.08777604
6.7977138,4.6690226,1.2796819,0.523,0.08615347
6.8126693,4.7189364,1.2871823,0.523,0.084530905
6.827252,4.7689676,1.2945418,0.523,0.08290833
6.841468,4.819112,1.3017604,0.523,0.084347405
6.85532,4.8693514,1.309104,0.523,0.08578648
6.868801,4.919685,1.3165725,0.523,0.08722554
6.881904,4.9701114,1.324166,0.523,0.08765805
6.8946238,5.020634,1.3317971,0.523,0.088090554
6.9069567,5.0712504,1.3394657,0.523,0.08852305
6.9189005,5.121958,1.3471719,0.523,0.100578524
6.9304404,5.172698,1.3559242,0.523,0.11263399
6.941521,5.2234716,1.3657215,0.523,0.12468946
6.952089,5.274278,1.376562,0.523,0.15232949
6.9620667,5.3250003,1.3897889,0.523,0.17996952
6.9713297,5.375615,1.4053916,0.523,0.20760956
6.979756,5.4260936,1.4233586,0.523,0.20574887
6.987277,5.476735,1.4411666,0.523,0.2038882
6.993898,5.527522,1.458816,0.523,0.2020275
6.9996233,5.5784373,1.4763066,0.523,0.17752925
7.00448,5.629686,1.4917,0.523,0.15303099
7.008564,5.681213,1.5049872,0.523,0.12853272
7.0119753,5.7329693,1.5161602,0.523,0.10973646
7.014814,5.784877,1.5257064,0.523,0.090940185
7.017162,5.836908,1.5336224,0.523,0.07214391
7.0191,5.8890357,1.5399055,0.523,0.031950265
7.0207148,5.941284,1.54269,0.523,-0.008243382
7.022185,5.9935617,1.5419714,0.523,-0.04843703
7.02369,6.0457788,1.5377511,0.523,-0.049040772
7.025416,6.0979877,1.533478,0.523,-0.04964451
7.0273647,6.1501865,1.5291525,0.523,-0.050248254
7.0295396,6.2023754,1.5247743,0.523,-0.028730284
7.0319448,6.254598,1.5222703,0.523,-0.007212317
7.0344815,6.3068357,1.5216417,0.523,0.014305651
7.037051,6.359067,1.5228887,0.523,0.08430066
7.0395465,6.4111214,1.5302281,0.523,0.15429567
7.0416427,6.4627576,1.5436243,0.523,0.22429068
7.043028,6.5137286,1.5630114,0.49657375,0.2848544
7.043399,6.5613837,1.5862691,0.47014746,0.34541816
7.0427146,6.605616,1.6128004,0.4437212,0.40598187
7.0410028,6.6463456,1.6420062,0.4217808,0.3700362
7.0382047,6.685569,1.6674289,0.3998404,0.33409056
7.0345607,6.723166,1.6892809,0.37790003,0.2981449
7.0302906,6.7590356,1.707782,0.3499569,0.30128783
7.025727,6.792142,1.7250904,0.3220138,0.30443078
7.0210056,6.822498,1.7411777,0.29407066,0.3075737
7.0162535,6.8501186,1.7560158,0.26503173,0.2775754
7.0115595,6.8751717,1.76812,0.23599279,0.2475771
7.007074,6.8976073,1.7777586,0.20695385,0.2175788
7.0029216,6.9173837,1.7852043,0.1779706,0.14816442
6.999176,6.9345827,1.7895831,0.14898737,0.07875005
6.9959526,6.949081,1.7915365,0.120004125,0.009335679
6.993325,6.9607897,1.7917233,0.09077311,-0.0568722
6.991339,6.969632,1.7908633,0.0615421,-0.12308008
6.990006,6.9755926,1.7896041,0.03231109,-0.18928796
6.989317,6.97869,1.7885908,0.0025876607,-0.22336951
6.9892626,6.9789367,1.7884952,-0.027135769,-0.25745106
6.9898295,6.976374,1.7896467,-0.0568592,-0.29153258
6.9910116,6.9710584,1.7923704,-0.0867098,-0.29011694
6.992838,6.9629526,1.7965046,-0.11656039,-0.2887013
6.9953384,6.9520626,1.8020356,-0.14641099,-0.28728566
6.998556,6.938395,1.8089498,-0.17618938,-0.27403596
7.0025578,6.9219127,1.8168964,-0.20596777,-0.26078627
7.0074058,6.9026117,1.8257476,-0.23574615,-0.24753657
7.0131702,6.8804946,1.8353746,-0.2652459,-0.18310575
7.0199904,6.855321,1.8434241,-0.29474568,-0.11867495
7.027871,6.8271346,1.8492402,-0.32424542,-0.05424414
7.03677,6.796005,1.8521702,-0.35142407,0.01679938
7.046527,6.762249,1.8511863,-0.37860274,0.0878429
7.0569634,6.7260075,1.8456504,-0.4057814,0.1588864
7.067838,6.6874447,1.8349501,-0.42192146,0.23607883
7.0785484,6.6478457,1.8185028,-0.43806154,0.31327125
7.088766,6.6074433,1.796003,-0.45420164,0.39046368
7.0981455,6.5665026,1.7671902,-0.43121305,0.36764628
7.1059976,6.527036,1.7413591,-0.4082245,0.34482887
7.112519,6.4891744,1.7183601,-0.3852359,0.32201147
7.117892,6.453028,1.6980405,-0.37859905,0.32696077
7.122442,6.417464,1.6777749,-0.3719622,0.33191007
7.1261964,6.3824987,1.6575743,-0.36532533,0.33685938
7.1291847,6.3481493,1.6374494,-0.34740183,0.32648194
7.1313763,6.315317,1.61888,-0.3294783,0.31610453
7.1328816,6.284038,1.6018095,-0.3115548,0.3057271
7.133803,6.2543416,1.5861804,-0.30054975,0.29441577
7.1342454,6.225583,1.5716449,-0.28954473,0.28310442
7.1342688,6.197781,1.5581647,-0.2785397,0.2717931
7.13393,6.170952,1.545702,-0.26830128,0.26353464
7.1332803,6.1450562,1.5340534,-0.2580629,0.2552762
7.132363,6.120103,1.5231928,-0.24782449,0.24701774
7.1312194,6.0961,1.5130934,-0.24041162,0.22872093
7.129869,6.072724,1.5040085,-0.23299877,0.21042413
7.1283484,6.0499887,1.4958973,-0.22558592,0.19212733
7.1266913,6.0279074,1.488718,-0.21356691,0.1869536
7.124971,6.0069933,1.4821023,-0.2015479,0.18177986
7.123215,5.987249,1.4760296,-0.1895289,0.17660613
7.1214495,5.968674,1.47048,-0.17478362,0.13788874
7.1197157,5.951449,1.4664758,-0.16003835,0.099171355
7.1180573,5.9356103,1.463835,-0.14529307,0.06045397
7.116509,5.9211903,1.462372,-0.12928455,0.0151039185
7.1151104,5.9083395,1.4620465,-0.11327602,-0.030246133
7.113881,5.8970838,1.4626174,-0.09726749,-0.07559618
7.112834,5.8874416,1.4638418,-0.082121275,-0.1230235
7.111964,5.879338,1.4655213,-0.06697506,-0.17045082
7.1112704,5.872774,1.4674149,-0.051828835,-0.21787815
7.1107483,5.8677406,1.469282,-0.03378677,-0.27246514
7.110419,5.8645034,1.4707974,-0.0157447,-0.3
7.1102686,5.863007,1.4715729,0.0022973681,-0.3
7.11029,5.8632255,1.4714597,0.028503424,-0.3
7.1105604,5.865935,1.4700558,0.05470948,-0.3
7.111086,5.8711348,1.4673612,0.08091553,-0.3
7.111884,5.8788238,1.4633758,0.11029066,-0.3
7.1130137,5.8892994,1.4579437,0.1396658,-0.3
7.1145163,5.9025574,1.4510646,0.16904092,-0.3
7.116445,5.918591,1.4427388,0.19885203,-0.3
7.118871,5.9374323,1.4329447,0.22866315,-0.3
7.121873,5.95907,1.4216822,0.25847426,-0.3
7.1255417,5.983489,1.4089515,0.28846195,-0.24922231
7.1300464,6.011079,1.3970933,0.31844965,-0.1984446
7.135442,6.041829,1.3866298,0.34843734,-0.1476669
7.141753,6.075711,1.3780855,0.37843624,-0.084065154
7.1489754,6.112723,1.3727896,0.40843514,-0.020463396
7.1570086,6.1527596,1.3713967,0.43843403,0.043138362
7.1656847,6.1956944,1.374548,0.46841562,0.08488339
7.1747856,6.2414713,1.3811667,0.4983972,0.12662843
7.184105,6.2900257,1.3916572,0.523,0.16837345
