4.7033443,-6.926202,-1.7507899,-0.28237933,0.0
4.7084,-6.8984203,-1.7507899,-0.2633564,0.04702451
4.713109,-6.8725386,-1.7528532,-0.24433346,0.09404902
4.717513,-6.848615,-1.7566774,-0.22531052,0.14107354
4.721636,-6.8266926,-1.7619574,-0.20365913,0.18634526
4.7254386,-6.8070436,-1.768246,-0.18200776,0.231617
4.728914,-6.789673,-1.7752094,-0.16035637,0.27688873
4.7320447,-6.7745695,-1.7825153,-0.1371402,0.32238516
4.734778,-6.7618523,-1.789757,-0.11392402,0.3678816
4.7370872,-6.751476,-1.7965856,-0.090707846,0.41337806
4.738947,-6.74338,-1.8026586,-0.06729595,0.45705038
4.7403345,-6.7375026,-1.8076082,-0.043884058,0.5007227
4.7412376,-6.7337604,-1.8111194,-0.020472165,0.544395
4.7416544,-6.7320595,-1.8128865,0.0035464275,0.5981772
4.7415843,-6.732344,-1.8125536,0.02756502,0.6519594
4.74106,-6.734472,-1.8097662,0.05158361,0.70574164
4.7401304,-6.738286,-1.8041899,0.07409428,0.7539777
4.738881,-6.743541,-1.7957366,0.09660495,0.80221385
4.7373834,-6.750087,-1.7841617,0.11911563,0.8504499
4.7357197,-6.7577662,-1.7692409,0.13947392,0.8896698
4.7339883,-6.766376,-1.7511822,0.15983221,0.92888963
4.732271,-6.77579,-1.7298458,0.18019049,0.9681095
4.7306533,-6.785876,-1.7051052,0.1967091,0.9971668
4.729224,-6.7964544,-1.677568,0.2132277,1.0
4.7279963,-6.80791,-1.6476638,0.22974631,1.0
4.727043,-6.8202863,-1.615443,0.24271692,1.0
4.7264576,-6.8333874,-1.5814031,0.25568753,1.0
4.726311,-6.8472013,-1.5455441,0.26865816,1.0
4.726678,-6.8617125,-1.5078661,0.27790985,1.0
4.727622,-6.8766985,-1.4688907,0.28716153,1.0
4.7292004,-6.892133,-1.4286176,0.2964132,1.0
4.7314696,-6.9079866,-1.3870472,0.302577,1.0
4.734457,-6.92406,-1.3446121,0.3087408,1.0
4.738198,-6.940316,-1.3013128,0.3149046,1.0
4.7427278,-6.9567165,-1.2571489,0.31986207,1.0
4.7480597,-6.973156,-1.2122898,0.32481954,1.0
4.7542176,-6.98959,-1.1667354,0.329777,1.0
4.761223,-7.0059733,-1.1204858,0.33468366,1.0
4.7690935,-7.0222535,-1.0735481,0.33959028,1.0
4.777846,-7.0383797,-1.0259222,0.34449694,1.0
4.787493,-7.0542974,-0.9776081,0.35064214,1.0
4.798084,-7.0700064,-0.9284322,0.35678735,1.0
4.8096323,-7.085441,-0.87839454,0.36293256,1.0
4.8221507,-7.100535,-0.827495,0.37024927,0.9923964
4.8358483,-7.115437,-0.77582437,0.37756598,0.9847928
4.850754,-7.1300597,-0.7233957,0.3848827,0.97718924
4.866891,-7.1443105,-0.67022234,0.39287767,0.9611313
4.8845205,-7.158284,-0.61653954,0.40087265,0.9450733
4.9036765,-7.1718597,-0.5623856,0.40886763,0.9290153
4.9243827,-7.1849103,-0.5077997,0.4175329,0.90828735
4.946824,-7.197398,-0.4529323,0.42619818,0.8875594
4.9710174,-7.2091727,-0.39784384,0.43486345,0.8668315
4.9969654,-7.2200775,-0.34259573,0.44423294,0.8433141
5.02479,-7.2300014,-0.28729975,0.45360246,0.81979674
5.0544734,-7.238772,-0.23203532,0.46297196,0.7962793
5.0859847,-7.2462177,-0.1768831,0.472912,0.7706563
5.1193843,-7.252188,-0.12197752,0.48285204,0.74503326
5.1546135,-7.256507,-0.06741554,0.4927921,0.7194102
5.191597,-7.2590036,-0.013295378,0.5014678,0.6943691
5.2301292,-7.2595162,0.040186223,0.5101435,0.6693279
5.2701044,-7.257909,0.092940085,0.5188193,0.6442868
5.311406,-7.2540593,0.14487635,0.523,0.6196451
5.353537,-7.2479124,0.19549806,0.523,0.5950035
5.3960238,-7.2394986,0.24435599,0.523,0.5703618
5.4387374,-7.2288485,0.29142046,0.523,0.54942036
5.4814596,-7.2160335,0.3369383,0.523,0.5284789
5.524085,-7.2011023,0.3808895,0.523,0.5075374
5.566517,-7.1841106,0.42325482,0.523,0.49014297
5.6085873,-7.1651583,0.4642887,0.523,0.4727485
5.650222,-7.1443076,0.5039787,0.523,0.455354
5.691353,-7.121625,0.5423129,0.523,0.44060367
5.7318707,-7.09721,0.5794882,0.523,0.42585337
5.7717237,-7.0711284,0.61549664,0.523,0.41110307
5.810868,-7.0434484,0.65033025,0.523,0.39842087
5.8492327,-7.0142636,0.6841477,0.523,0.38573867
5.8867846,-6.983638,0.7169436,0.523,0.3730565
5.9234977,-6.9516363,0.74871266,0.523,0.3610402
5.9593406,-6.918331,0.77950406,0.523,0.3490239
5.994297,-6.883785,0.8093134,0.523,0.3370076
6.0283537,-6.8480587,0.8381363,0.523,0.32593843
6.061493,-6.811226,0.8660469,0.523,0.31486925
6.0937095,-6.7733436,0.89304173,0.523,0.30380008
6.125002,-6.7344685,0.9191175,0.523,0.29385382
6.155363,-6.6946692,0.9443647,0.523,0.28390756
6.1847973,-6.6539955,0.9687809,0.523,0.2739613
6.2133102,-6.612498,0.9923636,0.523,0.26514217
6.2409043,-6.570236,1.0152053,0.523,0.25632304
6.2675886,-6.5272546,1.0373043,0.523,0.24750392
6.2933745,-6.4835944,1.0586587,0.523,0.23919779
6.318274,-6.4393024,1.0793105,0.523,0.23089166
6.3423014,-6.394417,1.0992583,0.523,0.22258553
6.365473,-6.3489738,1.1185005,0.523,0.21395129
6.387809,-6.303005,1.137008,0.523,0.20531705
6.4093294,-6.256546,1.1547793,0.523,0.1966828
6.430057,-6.209629,1.1718131,0.523,0.1906052
6.450007,-6.1623096,1.1883272,0.523,0.18452758
6.4691944,-6.1146126,1.2043207,0.523,0.17844996
6.4876375,-6.0665607,1.2197932,0.523,0.17523012
6.505345,-6.018202,1.2349894,0.523,0.17201027
6.522325,-5.9695516,1.249909,0.523,0.16879041
6.5385866,-5.9206266,1.2645522,0.523,0.16688603
6.554135,-5.871453,1.2790318,0.523,0.16498166
6.568974,-5.822043,1.2933475,0.523,0.16307728
6.5831094,-5.7724104,1.3074994,0.523,0.161775
6.5965433,-5.7225723,1.3215394,0.523,0.16047269
6.609279,-5.6725397,1.3354673,0.523,0.1591704
6.6213193,-5.622324,1.3492831,0.523,0.15834096
6.632666,-5.5719404,1.3630276,0.523,0.1575115
6.643321,-5.5213985,1.3767006,0.523,0.15668204
6.653285,-5.4707093,1.3903023,0.523,0.15600994
6.66256,-5.4198837,1.403846,0.523,0.15533784
6.671146,-5.368932,1.4173319,0.523,0.15466572
6.679045,-5.3178635,1.4307599,0.523,0.15299553
6.68626,-5.2666807,1.4440441,0.523,0.15132535
6.6927958,-5.215393,1.4571843,0.523,0.14965515
6.698659,-5.164011,1.4701806,0.523,0.1469869
6.7038555,-5.1125364,1.4829469,0.523,0.14431867
6.7083964,-5.06098,1.495483,0.523,0.14165044
6.712292,-5.0093503,1.507789,0.523,0.13890983
6.7155538,-4.957657,1.5198584,0.523,0.13616922
6.7181916,-4.905908,1.5316912,0.523,0.13342862
6.720218,-4.8541126,1.5432873,0.523,0.13111253
6.7216444,-4.8022814,1.5546832,0.523,0.12879643
6.7224803,-4.750421,1.5658789,0.523,0.12648034
6.7227354,-4.6985397,1.5768744,0.523,0.123881385
6.7224197,-4.6466413,1.5876452,0.523,0.121282436
6.721545,-4.5947328,1.598191,0.523,0.11868348
6.720123,-4.5428205,1.608512,0.523,0.11547898
6.718164,-4.490906,1.6185555,0.523,0.11227447
6.7156825,-4.4389944,1.6283216,0.523,0.10906996
6.7126937,-4.387091,1.63781,0.523,0.1051216
6.709211,-4.3351965,1.6469562,0.523,0.10117324
6.7052517,-4.2833147,1.6557602,0.523,0.09722488
6.7008343,-4.2314496,1.6642215,0.523,0.0933614
6.6959767,-4.179604,1.6723478,0.523,0.089497924
6.690696,-4.127782,1.6801386,0.523,0.08563445
6.6850095,-4.075985,1.6875939,0.523,0.08121942
6.678935,-4.0242124,1.6946658,0.523,0.076804385
6.6724925,-3.972466,1.701354,0.523,0.07238936
6.6657014,-3.920747,1.7076584,0.523,0.06840402
6.658582,-3.8690572,1.7136164,0.523,0.06441868
6.6511536,-3.817397,1.7192276,0.523,0.06043334
6.6434336,-3.7657666,1.7244922,0.523,0.05697442
6.63544,-3.7141669,1.7294557,0.523,0.053515494
6.627188,-3.662598,1.7341183,0.523,0.05005657
6.6186953,-3.6110585,1.7384797,0.523,0.050011087
6.6099772,-3.5595565,1.7428372,0.523,0.0499656
6.601035,-3.5080929,1.7471907,0.523,0.04992012
6.591869,-3.4566686,1.7515403,0.523,0.051030267
6.5824795,-3.4052875,1.7559865,0.523,0.052140415
6.5728626,-3.3539515,1.7605294,0.523,0.053250562
6.563013,-3.3026628,1.7651688,0.523,0.053546917
6.5529256,-3.2514212,1.7698342,0.523,0.05384327
6.5425997,-3.2002282,1.7745252,0.523,0.054139625
6.5320334,-3.1490848,1.779242,0.523,0.05440984
6.5212264,-3.0979927,1.7839824,0.523,0.05468005
6.5101776,-3.046953,1.7887464,0.523,0.05495026
6.498886,-2.9959674,1.7935338,0.523,0.05505214
6.4873505,-2.9450366,1.7983301,0.523,0.055154014
6.4755707,-2.8941622,1.8031352,0.523,0.05525589
6.4635468,-2.8433452,1.8079492,0.523,0.05469059
6.451278,-2.792585,1.812714,0.523,0.054125287
6.4387674,-2.7418823,1.8174297,0.523,0.05355998
6.426017,-2.6912374,1.8220961,0.523,0.052684166
6.41303,-2.6406505,1.8266863,0.523,0.051808346
6.3998103,-2.5901215,1.8312002,0.523,0.050932527
6.386362,-2.5396502,1.8356379,0.523,0.050152563
6.3726892,-2.489237,1.8400077,0.523,0.049372602
6.358796,-2.4388824,1.8443096,0.523,0.04859264
6.3446856,-2.388586,1.8485435,0.523,0.048285298
6.3303623,-2.3383489,1.8527508,0.523,0.04797796
6.3158274,-2.288172,1.8569313,0.523,0.04767062
6.3010826,-2.2380552,1.861085,0.523,0.047154922
6.2861295,-2.1879992,1.8651938,0.523,0.046639223
6.2709703,-2.1380036,1.8692577,0.523,0.046123523
6.255608,-2.088069,1.8732767,0.523,0.04726352
6.240046,-2.0381992,1.877395,0.523,0.04840352
6.2242794,-1.9883965,1.8816125,0.523,0.04954352
6.2083035,-1.9386636,1.8859293,0.523,0.052090198
6.192116,-1.8890066,1.8904678,0.523,0.054636877
6.1757045,-1.8394303,1.8952279,0.523,0.057183556
6.15906,-1.7899396,1.9002097,0.523,0.05743889
6.1421695,-1.7405334,1.9052137,0.523,0.057694227
6.1250324,-1.6912129,1.9102399,0.523,0.05794956
6.107648,-1.6419799,1.9152883,0.523,0.05820077
6.090015,-1.592836,1.9203587,0.523,0.05845198
6.0721335,-1.543783,1.9254508,0.523,0.05870319
6.054003,-1.4948221,1.9305649,0.523,0.059625156
6.0356226,-1.4459575,1.9357591,0.523,0.06054712
6.01699,-1.3971916,1.9410336,0.523,0.061469086
5.998102,-1.3485276,1.9463882,0.523,0.061333448
5.9789534,-1.2999648,1.9517312,0.523,0.06119781
5.959545,-1.2515047,1.9570622,0.523,0.061062176
5.939879,-1.2031484,1.9623815,0.523,0.059499413
5.919954,-1.1548927,1.9675648,0.523,0.05793665
5.8997765,-1.1067365,1.9726121,0.523,0.056373887
5.879355,-1.0586786,1.9775234,0.523,0.05830143
5.8587003,-1.0107268,1.9826025,0.523,0.060228974
5.8378043,-0.96288604,1.9878494,0.523,0.062156517
5.81666,-0.9151612,1.9932638,0.523,0.06001597
5.795255,-0.8675453,1.998492,0.523,0.057875425
5.7735987,-0.820036,2.003534,0.523,0.05573488
5.7517004,-0.77263063,2.0083897,0.523,0.05990278
5.7295775,-0.72534364,2.0136082,0.523,0.06407069
5.707214,-0.6781849,2.0191891,0.523,0.068238586
5.6845937,-0.6311647,2.0251327,0.523,0.062297404
5.6616855,-0.5842616,2.0305593,0.523,0.05635622
5.638515,-0.53746694,2.0354693,0.523,0.05041504
5.6151075,-0.4907718,2.039862,0.523,0.054428674
5.5915,-0.44418976,2.0446038,0.523,0.058442306
5.5676775,-0.3977307,2.0496953,0.523,0.06245594
5.5436244,-0.35140482,2.0551357,0.523,0.048952542
5.5193014,-0.30517566,2.059401,0.523,0.035449147
5.4947677,-0.25902438,2.0624905,0.523,0.02194575
5.470082,-0.21293123,2.0644033,0.523,0.03346785
5.4453154,-0.16690008,2.0673199,0.523,0.044989955
5.4204264,-0.12096216,2.0712402,0.523,0.056512058
5.3953724,-0.07514898,2.0761635,0.523,0.03381574
5.3700666,-0.02941281,2.0791106,0.523,0.011119425
5.3446136,0.016271878,2.0800798,0.523,-0.011576891
5.3191166,0.061931636,2.0790708,0.523,0.010226643
5.293665,0.10761777,2.0799623,0.523,0.032030176
5.268184,0.15326017,2.0827537,0.523,0.053833712
5.2426004,0.1987886,2.0874438,0.523,0.018770516
5.2167706,0.2442544,2.0890799,0.523,-0.01629268
5.190865,0.28967986,2.0876598,0.523,-0.051355876
5.165055,0.33508813,2.0831852,0.523,-0.019126594
5.139419,0.38066322,2.0815182,0.523,0.013102686
5.1138563,0.4262854,2.0826602,0.523,0.045331966
5.088266,0.4718354,2.0866103,0.523,-0.0011203528
5.0624695,0.5173307,2.0865126,0.523,-0.047572672
5.0367064,0.5627771,2.0823674,0.523,-0.09402499
5.011216,0.60818,2.0741837,0.523,-0.05038961
4.986019,0.65393424,2.0697932,0.523,-0.0067542316
4.960992,0.69985586,2.0692046,0.523,0.03688115
4.936008,0.74576205,2.0724187,0.523,-0.020376485
4.910865,0.79160935,2.0706425,0.523,-0.07763412
4.8858733,0.83737254,2.0638824,0.523,-0.13489175
4.861342,0.88302386,2.0521598,0.5188312,-0.082051285
4.8374014,0.9288565,2.0450726,0.5146624,-0.029210811
4.813907,0.97462255,2.0425675,0.5104936,0.02362966
4.790714,1.0200828,2.0445776,0.51517665,-0.039030958
4.767226,1.0658909,2.0412273,0.5198597,-0.101691574
4.7437844,1.1119903,2.0324316,0.523,-0.1643522
4.7208033,1.1581849,2.0181699,0.51394325,-0.119270585
4.698728,1.2041922,2.0079777,0.50488657,-0.074188985
4.6774106,1.2498064,2.0017407,0.49582982,-0.02910738
4.6567073,1.294837,1.9993355,0.49708524,-0.078173645
4.636114,1.3399125,1.9928657,0.4983407,-0.12723991
4.6158648,1.3850058,1.982326,0.49959612,-0.17630617
4.59619,1.4300845,1.9677216,0.4963155,-0.13870823
4.5771875,1.4754177,1.9562845,0.49303487,-0.10111029
4.5587435,1.5208697,1.9479902,0.48975426,-0.06351234
4.5407414,1.5663105,1.9428095,0.49275914,-0.107520536
4.5229335,1.6119508,1.9339962,0.49576402,-0.15152873
4.5055227,1.657762,1.9215236,0.4987689,-0.19553693
4.4887123,1.70371,1.9053724,0.495256,-0.16360134
4.4726667,1.7498647,1.8919284,0.49174315,-0.13166574
4.4572797,1.7961212,1.8811686,0.4882303,-0.09973014
4.442443,1.8423805,1.8730669,0.49246714,-0.13903734
4.427924,1.8889408,1.8616917,0.49670398,-0.17834455
4.413904,1.9357697,1.8470058,0.5009408,-0.21765175
4.400565,1.982828,1.8289771,0.4960033,-0.20159218
4.3881574,2.0298133,1.8124248,0.49106577,-0.1855326
4.376609,2.076675,1.7973269,0.48612824,-0.16947302
4.365847,2.123367,1.7836616,0.4874525,-0.18921527
4.355733,2.1701617,1.7683809,0.48877674,-0.20895752
4.346347,2.217046,1.7514822,0.490101,-0.22869977
4.3377686,2.2640028,1.7329637,0.48890465,-0.22426221
4.3300724,2.3110437,1.7148427,0.48770827,-0.21982463
4.3232403,2.3581479,1.6971178,0.48651192,-0.21538705
4.317252,2.4052963,1.6797879,0.487973,-0.22235854
4.312075,2.4526098,1.6618524,0.48943412,-0.22933003
4.307741,2.5000744,1.6433089,0.4908952,-0.23630151
4.3042836,2.5476742,1.6241552,0.49245182,-0.23982099
4.301732,2.595442,1.6046599,0.49400842,-0.24334045
4.300109,2.64336,1.5848217,0.49556503,-0.24685991
4.299435,2.6914093,1.5646389,0.49719837,-0.24784604
4.2997317,2.739609,1.5443105,0.49883172,-0.24883217
4.301012,2.7879388,1.5238357,0.5004651,-0.2498183
4.3032885,2.8363783,1.5032142,0.50111353,-0.24832505
4.3065686,2.8848417,1.4826869,0.50176203,-0.24683179
4.31085,2.9333084,1.462254,0.5024105,-0.24533854
4.3161297,2.981758,1.441916,0.50258714,-0.24454154
4.322397,3.030117,1.4216357,0.50276375,-0.24374455
4.3296475,3.0783656,1.401413,0.50294036,-0.24294755
4.3378773,3.1264842,1.3812481,0.50293845,-0.2409563
4.3470793,3.1744502,1.3612453,0.50293654,-0.23896508
4.357244,3.2222457,1.3414047,0.5029346,-0.23697384
4.3683605,3.2698529,1.3217263,0.5031277,-0.23442464
4.3804235,3.3172796,1.3022482,0.50332075,-0.23187542
4.3934207,3.3645089,1.2829708,0.5035139,-0.22932622
4.40734,3.411525,1.2638942,0.5038232,-0.22878008
4.422164,3.4583015,1.2448506,0.5041326,-0.22823393
4.437888,3.504822,1.22584,0.50444204,-0.22768778
4.454506,3.5510693,1.2068623,0.50427425,-0.22856636
4.4719887,3.5969684,1.1878191,0.5041064,-0.22944494
4.4903326,3.6425016,1.1687105,0.5039386,-0.23032352
4.509533,3.6876519,1.1495363,0.50341064,-0.22913095
4.52958,3.732391,1.1304795,0.50288266,-0.2279384
4.55046,3.776706,1.1115401,0.5023547,-0.22674584
4.5721583,3.8205836,1.0927179,0.5027046,-0.22663854
4.594695,3.8640764,1.0738913,0.5030546,-0.22653124
4.618063,3.9071681,1.0550604,0.5034046,-0.22642395
4.6422563,3.9498432,1.0362252,0.5041095,-0.22377829
4.667299,3.9921393,1.0175803,0.50481445,-0.22113265
4.693177,4.034045,0.9991264,0.50551933,-0.218487
4.7198772,4.0755486,0.9808642,0.50673604,-0.21463752
4.7474203,4.116691,0.96287566,0.50795275,-0.21078804
4.7757907,4.1574626,0.9451625,0.50916946,-0.20693855
4.804972,4.197855,0.9277264,0.5108783,-0.20255099
4.834981,4.2379026,0.9105976,0.51258725,-0.19816343
4.8658013,4.2775984,0.89377886,0.5142961,-0.19377588
4.8974175,4.3169346,0.8772729,0.51639867,-0.189085
4.92984,4.3559375,0.86109585,0.5185012,-0.18439414
4.963053,4.3946023,0.8452512,0.5206038,-0.17970327
4.997041,4.4329233,0.8297426,0.523,-0.16130058
5.0318885,4.4710073,0.8157435,0.523,-0.14289792
5.067366,4.5087056,0.8033299,0.523,-0.124495246
5.1033974,4.5460534,0.79250604,0.523,-0.10569841
5.1399107,4.583089,0.7833098,0.523,-0.08690157
5.1768293,4.619854,0.77574444,0.523,-0.06810473
5.21408,4.656392,0.7698126,0.523,-0.05396857
5.251579,4.69274,0.7651106,0.523,-0.039832413
5.2892733,4.7289352,0.7616395,0.523,-0.025696253
5.3271103,4.765016,0.75939983,0.523,-0.013150787
5.365038,4.8010206,0.7582536,0.523,-0.0006053209
5.4030094,4.836985,0.7582008,0.523,0.011940146
5.4409804,4.872945,0.7592416,0.523,0.02028656
5.478909,4.908939,0.76100975,0.523,0.028632974
5.516766,4.944993,0.7635053,0.523,0.03697939
5.5545225,4.9811316,0.76672786,0.523,0.04121896
5.5921564,5.0173855,0.77031976,0.523,0.045458533
5.6296525,5.053768,0.7742809,0.523,0.049698103
5.666997,5.090291,0.7786111,0.523,0.053688563
5.704175,5.126968,0.7832887,0.523,0.05767902
5.741173,5.1638103,0.7883136,0.523,0.06166948
5.7779765,5.200829,0.79368573,0.523,0.06853698
5.814564,5.2380285,0.7996552,0.523,0.07540449
5.8509116,5.275427,0.8062217,0.523,0.08227199
5.886993,5.313043,0.813385,0.523,0.08947973
5.9227815,5.350893,0.82117426,0.523,0.09668747
5.95825,5.388995,0.82958907,0.523,0.10389521
5.9933715,5.4273663,0.838629,0.52125454,0.10698726
6.0280175,5.465912,0.8479059,0.51950914,0.11007931
6.0621777,5.504634,0.8574178,0.5177637,0.11317136
6.095843,5.5435343,0.867163,0.51436734,0.11541376
6.128901,5.582494,0.87703526,0.510971,0.11765616
6.161348,5.621508,0.887032,0.5075747,0.11989856
6.193182,5.6605725,0.8971506,0.505341,0.118268885
6.2244873,5.699792,0.9070884,0.5031073,0.11663921
6.25527,5.739153,0.9168466,0.50087357,0.11500953
6.285538,5.778644,0.9264263,0.4984077,0.11626955
6.315275,5.8182216,0.9360628,0.4959418,0.11752957
6.34448,5.857881,0.9457551,0.49347588,0.11878959
6.3731513,5.897617,0.9555021,0.49122262,0.118066266
6.401307,5.937451,0.9651458,0.48896933,0.117342934
6.4289527,5.977374,0.97468674,0.48671606,0.11661961
6.4560924,6.017378,0.9841254,0.4828549,0.11063571
6.4826593,6.0573435,0.99301076,0.47899374,0.10465182
6.5086775,6.097248,1.00135,0.47513255,0.09866793
6.5341706,6.1370687,1.0091509,0.46982864,0.084338
6.5591035,6.176693,1.0157471,0.4645247,0.070008084
6.5835233,6.216075,1.0211627,0.45922077,0.05567816
6.607475,6.2551727,1.025422,0.45425776,0.04531752
6.631015,6.293969,1.0288517,0.44929475,0.03495688
6.6541753,6.332437,1.0314689,0.44433174,0.024596239
6.6769876,6.3705516,1.0332901,0.4403456,0.013607007
6.699531,6.408373,1.0342888,0.43635944,0.0026177764
6.7218347,6.445878,1.0344791,0.4323733,-0.008371455
6.743927,6.483043,1.033876,0.42628577,-0.011874038
6.76573,6.519671,1.0330323,0.42019826,-0.015376622
6.7872505,6.5557556,1.0319555,0.41411072,-0.018879205
6.8084965,6.591293,1.0306525,0.40361586,-0.02398091
6.829247,6.6258984,1.0290395,0.39312097,-0.029082615
6.8495092,6.659567,1.0271343,0.38262612,-0.034184318
6.86929,6.6922936,1.0249547,0.36992612,-0.05689349
6.888463,6.72386,1.0214489,0.35722613,-0.079602666
6.907056,6.7542295,1.0167146,0.34452614,-0.102311835
6.925089,6.7833743,1.01085,0.33336025,-0.11687985
6.942674,6.8114266,1.0043708,0.3221944,-0.13144787
6.9598145,6.83838,0.9973325,0.3110285,-0.14601588
6.9765096,6.864229,0.9897902,0.29982936,-0.14373271
6.9927964,6.889034,0.9826324,0.2886302,-0.14144954
7.008651,6.9128065,0.9758506,0.277431,-0.13916637
7.0240493,6.9355607,0.9694365,0.2730197,-0.13509764
7.0393553,6.957868,0.9633078,0.26860836,-0.1310289
7.054556,6.979734,0.9574587,0.26419705,-0.12696017
7.0696406,7.0011644,0.95188326,0.2567402,-0.11697542
7.084434,7.021933,0.9468893,0.2492834,-0.106990665
7.098914,7.0420494,0.9424526,0.24182656,-0.09700591
7.113062,7.061521,0.9385489,0.23689508,-0.07453291
7.1270227,7.0805783,0.9356089,0.23196359,-0.052059907
7.140767,7.0992255,0.93359715,0.22703211,-0.029586906
7.1542683,7.1174655,0.93247783,0.21604976,0.009212429
7.167141,7.1348157,0.93280953,0.20506741,0.04801176
7.1793404,7.1512694,0.93444985,0.19408506,0.086811095
7.1908307,7.1668205,0.9372544,0.18214694,0.12544978
7.201529,7.181385,0.94105285,0.17020883,0.16408844
7.2114186,7.1949563,0.9456869,0.1582707,0.20272712
