9.31137,-2.344665,-1.85673,0.7294152,0.0
9.290796,-2.414645,-1.85673,0.523,-0.07753998
9.27609,-2.464671,-1.8634821,0.4937567,-0.15507996
9.262014,-2.5113792,-1.8761929,0.46451342,-0.23261994
9.248425,-2.554488,-1.8940401,0.44085833,-0.3
9.235046,-2.5944235,-1.9157538,0.41720325,-0.3
9.221568,-2.6319325,-1.9363025,0.39354816,-0.3
9.20813,-2.667046,-1.9556861,0.38189676,-0.3
9.194432,-2.700861,-1.9744959,0.37024537,-0.3
9.180537,-2.7333884,-1.9927317,0.35859397,-0.3
9.166508,-2.7646418,-2.0103936,0.3539232,-0.3
9.152119,-2.7952387,-2.0278256,0.34925243,-0.3
9.137395,-2.8251796,-2.0450275,0.34458166,-0.3
9.122362,-2.854466,-2.061999,0.34319264,-0.3
9.106897,-2.883376,-2.0789025,0.3418036,-0.3
9.09101,-2.9119043,-2.0957375,0.34041458,-0.3
9.074712,-2.9400465,-2.1125042,0.3409041,-0.3
9.05792,-2.9679518,-2.1292949,0.3413936,-0.3
9.040637,-2.9956105,-2.1461096,0.3418831,-0.3
9.022866,-3.023014,-2.1629484,0.34283817,-0.3
9.004585,-3.0501902,-2.1798344,0.3437932,-0.3
8.985796,-3.0771286,-2.1967673,0.3447483,-0.3
8.9665,-3.1038191,-2.2137475,0.34525937,-0.3
8.946724,-3.130217,-2.2307527,0.34577042,-0.3
8.926473,-3.1563137,-2.247783,0.3462815,-0.3
8.905748,-3.1820996,-2.2648385,0.34725028,-0.3
8.884529,-3.2075994,-2.2819417,0.3482191,-0.3
8.862816,-3.2328026,-2.2990928,0.3491879,-0.3
8.840611,-3.2576988,-2.3162913,0.35092932,-0.3
8.81787,-3.282332,-2.3335757,0.35267073,-0.3
8.794591,-3.3066883,-2.350946,0.3544121,-0.3
8.770776,-3.330755,-2.368402,0.3564365,-0.3
8.746406,-3.3545375,-2.3859577,0.35846087,-0.3
8.721481,-3.3780212,-2.403613,0.36048526,-0.3
8.696002,-3.4011912,-2.4213684,0.3630459,-0.3
8.669932,-3.4240665,-2.4392495,0.36560655,-0.3
8.643271,-3.44663,-2.4572568,0.36816716,-0.3
8.616018,-3.4688647,-2.4753902,0.37152913,-0.3
8.588114,-3.4908,-2.4936893,0.3748911,-0.3
8.559557,-3.5124145,-2.512154,0.37825304,-0.3
8.530346,-3.5336874,-2.5307844,0.3821991,-0.3
8.500436,-3.5546286,-2.549609,0.38614517,-0.3
8.469823,-3.5752134,-2.5686278,0.39009124,-0.3
8.438508,-3.5954168,-2.587841,0.39451966,-0.3
8.40645,-3.6152372,-2.6072726,0.39894807,-0.3
8.37365,-3.6346464,-2.6269221,0.4033765,-0.3
8.340106,-3.6536157,-2.6467898,0.40821397,-0.3
8.305785,-3.6721344,-2.6668956,0.41305146,-0.3
8.270688,-3.6901705,-2.68724,0.41788894,-0.3
8.234816,-3.7076917,-2.7078223,0.4249731,-0.3
8.197976,-3.7247553,-2.7287536,0.43205726,-0.3
8.160169,-3.7413158,-2.7500339,0.4391414,-0.3
8.12139,-3.7573261,-2.771663,0.44760513,-0.3
8.081522,-3.7727866,-2.793709,0.4560689,-0.3
8.040562,-3.7876399,-2.8161721,0.46453264,-0.3
7.9985127,-3.8018281,-2.839052,0.47394702,-0.3
7.9552913,-3.8153183,-2.8623953,0.48336142,-0.3
7.910902,-3.8280442,-2.8862026,0.49277583,-0.3
7.8653526,-3.8399367,-2.9104733,0.49908185,-0.3
7.818941,-3.8508584,-2.9350548,0.50538784,-0.3
7.7716856,-3.8607597,-2.9599469,0.51169384,-0.3
7.723606,-3.8695905,-2.9851496,0.5156999,-0.3
7.674941,-3.8772666,-3.0105495,0.519706,-0.3
7.625717,-3.8837543,-3.0361469,0.523,-0.3
7.5760307,-3.889013,-3.0619063,0.523,-0.3
7.526225,-3.89299,-3.0876658,0.523,-0.3
7.4763336,-3.8956833,-3.1134253,0.523,-0.3
7.426389,-3.8970904,-3.1391847,0.523,-0.3
7.3764253,-3.8972108,3.118241,0.523,-0.3
7.3264747,-3.896044,3.0924814,0.523,-0.3
7.276571,-3.8935914,3.066722,0.523,-0.20019248
7.225459,-3.8897574,3.0493882,0.523,-0.10038495
7.1736436,-3.8849661,3.0406528,0.523,-0.00057742593
7.1216097,-3.879696,3.0406022,0.523,0.09922688
7.0698323,-3.874449,3.0492375,0.523,0.19903119
7.018783,-3.869721,3.066472,0.523,0.2988355
6.968942,-3.86597,3.0921345,0.523,0.39854306
6.9207997,-3.863587,3.1259618,0.523,0.4982506
6.874864,-3.8628688,-3.1155674,0.523,0.59795815
6.8316536,-3.8639936,-3.0664964,0.523,0.4980617
6.7858367,-3.8674407,-3.024855,0.523,0.3981652
6.737956,-3.8730557,-2.9910579,0.523,0.29826874
6.688531,-3.8805528,-2.9654427,0.523,0.20117116
6.638078,-3.8895328,-2.9480252,0.523,0.1040736
6.587033,-3.899539,-2.9389699,0.523,0.006976032
6.5358043,-3.9100635,-2.938362,0.523,-0.022112453
6.484593,-3.9206169,-2.9402893,0.523,-0.051200937
6.4334164,-3.9310603,-2.9447503,0.523,-0.08028942
6.3822913,-3.941256,-2.9517412,0.523,-0.03558016
6.3309636,-3.9511194,-2.954842,0.523,0.009129107
6.2795753,-3.9608293,-2.9540462,0.523,0.053838372
6.2282667,-3.9705665,-2.9493556,0.523,0.0415016
6.1769743,-3.98055,-2.945739,0.523,0.029164826
6.125696,-3.9907236,-2.9431973,0.523,0.016828055
6.074429,-4.0010304,-2.9417305,0.523,0.045747288
6.023224,-4.0114026,-2.9377441,0.523,0.074666515
5.9721494,-4.0219607,-2.9312418,0.523,0.10358575
5.9212766,-4.0328226,-2.9222288,0.523,0.107603565
5.870525,-4.044138,-2.9128673,0.523,0.11162139
5.819904,-4.0559225,-2.903158,0.523,0.1156392
5.769423,-4.068192,-2.8931005,0.523,0.14760756
5.7192807,-4.080915,-2.8802807,0.523,0.17957594
5.6695685,-4.094209,-2.8647118,0.523,0.2115443
5.6203823,-4.108187,-2.8464093,0.523,0.2203523
5.571554,-4.123034,-2.827357,0.523,0.22916031
5.523115,-4.138777,-2.8075562,0.523,0.23796833
5.4750986,-4.155441,-2.7870085,0.523,0.2583847
5.4276805,-4.1729965,-2.7647357,0.523,0.27880108
5.380928,-4.1914997,-2.7407472,0.523,0.29921746
5.3349137,-4.2110004,-2.7150528,0.523,0.31393185
5.2896266,-4.2315807,-2.6881359,0.523,0.32864627
5.245128,-4.253266,-2.6600018,0.523,0.3433607
5.2014823,-4.2760763,-2.6306567,0.523,0.34786338
5.1585946,-4.300119,-2.6009424,0.523,0.3523661
5.116509,-4.3253837,-2.5708594,0.523,0.35686877
5.075271,-4.3518586,-2.5404086,0.523,0.3681763
5.0350313,-4.379458,-2.509036,0.523,0.37948385
4.995851,-4.4081783,-2.4767458,0.523,0.3907914
4.9577937,-4.4380116,-2.4435422,0.523,0.39612523
4.92083,-4.469023,-2.4099095,0.523,0.40145907
4.88501,-4.501188,-2.375848,0.523,0.4067929
4.850385,-4.5344777,-2.3413591,0.523,0.4090946
4.8169622,-4.5689073,-2.306686,0.523,0.41139627
4.784785,-4.6044393,-2.271829,0.523,0.41369793
4.7538967,-4.641034,-2.2367883,0.523,0.4109737
4.7242746,-4.6787333,-2.2019649,0.523,0.40824947
4.695949,-4.7174873,-2.1673594,0.523,0.40552527
4.66895,-4.757244,-2.132972,0.523,0.41226748
4.6434083,-4.7977877,-2.0980453,0.523,0.4190097
4.6193695,-4.839075,-2.062581,0.523,0.4257519
4.596878,-4.8810616,-2.0265808,0.523,0.41148508
4.575779,-4.924103,-1.9917167,0.523,0.3972183
4.556073,-4.968121,-1.9579959,0.523,0.38295147
4.537755,-5.0130415,-1.9254252,0.523,0.38095447
4.5208964,-5.058571,-1.8930161,0.523,0.37895745
4.5055094,-5.1046596,-1.8607686,0.523,0.37696046
4.4916053,-5.1512575,-1.8286829,0.523,0.3679597
4.47916,-5.198443,-1.7973279,0.523,0.35895896
4.468162,-5.246158,-1.7667063,0.523,0.3499582
4.4585986,-5.2943482,-1.7368205,0.523,0.34974122
4.4504786,-5.342807,-1.7069523,0.523,0.34952423
4.4438086,-5.3914895,-1.6771021,0.523,0.34930724
4.4385943,-5.440354,-1.6472696,0.523,0.34631002
4.434836,-5.489405,-1.6176827,0.523,0.3433128
4.432528,-5.538599,-1.5883416,0.523,0.34031558
4.431663,-5.587892,-1.5592468,0.523,0.3375623
4.432233,-5.637237,-1.5303782,0.523,0.334809
4.434229,-5.6865926,-1.5017362,0.523,0.33205575
4.4376407,-5.735918,-1.473321,0.523,0.32226077
4.4424686,-5.7852902,-1.4457142,0.523,0.31246582
4.448677,-5.8346686,-1.4189187,0.523,0.30267087
4.45623,-5.884017,-1.3929368,0.523,0.29763752
4.4650764,-5.9332285,-1.3673742,0.523,0.2926042
4.475193,-5.982273,-1.3422313,0.523,0.28757086
4.4865565,-6.031121,-1.3175087,0.523,0.27747798
4.4991612,-6.079816,-1.2936311,0.523,0.2673851
4.5129633,-6.128332,-1.2706007,0.523,0.2572922
4.52792,-6.1766486,-1.24842,0.523,0.24954352
4.5439763,-6.2247176,-1.2268932,0.523,0.24179484
4.561097,-6.272523,-1.2060215,0.523,0.23404616
4.579246,-6.32005,-1.1858063,0.523,0.23186955
4.5983615,-6.367224,-1.1657755,0.523,0.22969295
4.6184287,-6.4140306,-1.1459296,0.523,0.22751634
4.639431,-6.460453,-1.1262684,0.523,0.2108215
4.6614237,-6.5066247,-1.1080276,0.523,0.19412664
4.6843333,-6.5525446,-1.0912124,0.523,0.17743179
4.708086,-6.598216,-1.0758272,0.523,0.1696396
4.732572,-6.6435785,-1.0611111,0.523,0.16184741
4.757756,-6.6886344,-1.0470649,0.523,0.15405521
4.783602,-6.733388,-1.0336895,0.523,0.1377283
4.810108,-6.777898,-1.0217221,0.523,0.121401384
4.8372025,-6.822182,-1.011166,0.523,0.105074465
4.8648143,-6.866259,-1.0020238,0.523,0.08685144
4.8928766,-6.910159,-0.9944627,0.523,0.068628415
4.921311,-6.953908,-0.98848534,0.523,0.050405394
4.950037,-6.997533,-0.98409355,0.523,0.028942054
4.978979,-7.0410686,-0.9815711,0.523,0.007478714
5.0080423,-7.084548,-0.9809192,0.523,-0.013984626
5.037132,-7.1280055,-0.98213816,0.523,-0.027381474
5.06616,-7.1714864,-0.9845246,0.523,-0.04077832
5.0950713,-7.215017,-0.9880781,0.523,-0.05417517
5.12381,-7.2586217,-0.9927981,0.5120421,-0.044345755
5.1517577,-7.301466,-0.9965813,0.5010842,-0.034516342
5.178959,-7.343513,-0.9994634,0.49012628,-0.024686927
5.205455,-7.384729,-1.0014797,0.46328104,-0.012230533
5.2304263,-7.4237466,-1.0024241,0.43643582,0.00022585988
5.253918,-7.4605284,-1.0024077,0.40959057,0.0126822535
5.2759633,-7.4950447,-1.001542,0.39033166,-0.04510794
5.296981,-7.527889,-1.0044755,0.3710727,-0.10289813
5.316785,-7.5590377,-1.010828,0.3518138,-0.16068831
5.3352313,-7.588462,-1.0202096,0.34422565,-0.14385644
5.3530545,-7.617494,-1.0284343,0.33663753,-0.12702455
5.3702903,-7.646095,-1.035542,0.32904938,-0.11019266
5.386972,-7.674226,-1.0415729,0.3251751,-0.094058886
5.4033165,-7.702171,-1.046663,0.32130083,-0.07792511
5.419348,-7.729903,-1.0508318,0.31742656,-0.061791338
