-9.865326,4.76422,-1.4335917,0.15982012,0.0
-9.86314,4.7483883,-1.4335917,0.18772636,0.09792347
-9.860584,4.7298813,-1.4305328,0.2156326,0.19584695
-9.857628,4.708938,-1.4235392,0.24353884,0.2937704
-9.854207,4.6858797,-1.4117858,0.27203366,0.3913372
-9.850225,4.6610503,-1.3944925,0.3005285,0.48890394
-9.845572,4.6349297,-1.3709682,0.3290233,0.5864707
-9.840133,4.6080704,-1.3406199,0.3575692,0.6818618
-9.833798,4.581041,-1.3030609,0.38611504,0.777253
-9.826517,4.5544977,-1.2579288,0.41466093,0.87264407
-9.818314,4.529137,-1.2049884,0.4433996,0.95257884
-9.809121,4.505139,-1.1447663,0.4721383,1.0
-9.798578,4.4819093,-1.0785513,0.50087696,1.0
-9.785789,4.45806,-1.0083057,0.523,1.0
-9.770719,4.4341555,-0.93495744,0.523,1.0
-9.753938,4.41142,-0.8616092,0.523,1.0
-9.735536,4.3899755,-0.788261,0.523,1.0
-9.715612,4.369937,-0.7149128,0.523,1.0
-9.694273,4.351413,-0.64156455,0.523,1.0
-9.671634,4.3345017,-0.5682163,0.523,1.0
-9.647817,4.3192954,-0.49486813,0.523,1.0
-9.622949,4.3058753,-0.4215199,0.523,1.0
-9.597164,4.2943134,-0.34817168,0.523,0.9850349
-9.569986,4.284449,-0.27553645,0.523,0.9700697
-9.541539,4.2764063,-0.20363048,0.523,0.9551046
-9.511959,4.270298,-0.13246986,0.523,0.92373866
-9.480706,4.266134,-0.062922984,0.523,0.89237267
-9.447949,4.26407,0.004941754,0.523,0.86100674
-9.413867,4.2642384,0.07105759,0.523,0.83001375
-9.378661,4.266744,0.13538142,0.523,0.7990207
-9.34252,4.271667,0.19785145,0.523,0.7680277
-9.305635,4.2790613,0.2584077,0.523,0.73646426
-9.268176,4.288963,0.31695515,0.523,0.7049008
-9.230325,4.3013787,0.37343553,0.523,0.6733373
-9.192257,4.316294,0.42779252,0.523,0.6411617
-9.15412,4.3336825,0.47992924,0.523,0.6089861
-9.116069,4.353489,0.5297917,0.523,0.5768104
-9.07824,4.375643,0.5773283,0.523,0.53991514
-9.040651,4.4001274,0.6221375,0.523,0.5030199
-9.003415,4.426831,0.6641583,0.523,0.46612465
-8.966625,4.4556293,0.7033334,0.523,0.43627775
-8.930473,4.4862866,0.7401673,0.523,0.40643084
-8.895002,4.518685,0.7746272,0.523,0.37658393
-8.860244,4.552703,0.80668235,0.523,0.35078236
-8.8262615,4.588164,0.8366357,0.523,0.3249808
-8.7930565,4.6249585,0.8644672,0.523,0.29917926
-8.760619,4.662978,0.89015836,0.523,0.28074566
-8.728995,4.702033,0.9143098,0.523,0.26231208
-8.698167,4.742045,0.9369134,0.523,0.2438785
-8.668108,4.7829375,0.9579613,0.523,0.2309547
-8.6388235,4.8245845,0.9779144,0.523,0.21803093
-8.610293,4.8669314,0.9967692,0.523,0.20510714
-8.582488,4.9099283,1.0145227,0.523,0.19309872
-8.555386,4.9535174,1.03125,0.523,0.18109031
-8.528956,4.9976544,1.0469489,0.523,0.1690819
-8.503168,5.042295,1.061617,0.523,0.15727079
-8.477988,5.087397,1.0752693,0.523,0.14545968
-8.4533825,5.1329203,1.087904,0.523,0.13364856
-8.429315,5.1788273,1.099519,0.523,0.12072932
-8.405742,5.2250867,1.1100171,0.523,0.10781008
-8.382622,5.27166,1.1193963,0.523,0.09489084
-8.35991,5.31851,1.1276551,0.523,0.08293963
-8.337562,5.365596,1.1348765,0.523,0.070988424
-8.315534,5.412885,1.1410592,0.523,0.059037216
-8.293782,5.460347,1.1462022,0.523,0.048580088
-8.272263,5.507947,1.1504351,0.523,0.03812296
-8.250935,5.5556593,1.1537573,0.523,0.02766583
-8.229758,5.6034584,1.1561686,0.523,0.01877957
-8.2086935,5.6513186,1.1578054,0.523,0.00989331
-8.187703,5.6992188,1.1586678,0.523,0.0010070503
-8.166754,5.74714,1.1587555,0.523,-0.0025449216
-8.145809,5.7950625,1.1585337,0.523,-0.0060968935
-8.124854,5.8429794,1.1580023,0.523,-0.009648865
-8.103873,5.8908844,1.1571612,0.523,-0.01676482
-8.082855,5.938767,1.1557,0.523,-0.023880774
-8.0617695,5.986612,1.1536186,0.523,-0.030996729
-8.040588,6.0344033,1.1509172,0.523,-0.03860129
-8.019284,6.082125,1.1475532,0.523,-0.046205856
-7.997827,6.1297593,1.143527,0.523,-0.053810418
-7.976186,6.1772885,1.1388389,0.523,-0.061718553
-7.954332,6.2246943,1.1334624,0.523,-0.06962669
-7.9322352,6.2719574,1.1273983,0.523,-0.077534825
-7.9098654,6.319058,1.1206466,0.523,-0.08517036
-7.8871922,6.3659773,1.1132315,0.523,-0.09280589
-7.8641872,6.4126954,1.1051536,0.523,-0.100441426
-7.840823,6.4591913,1.0964131,0.523,-0.1084382
-7.8170733,6.505443,1.0869794,0.523,-0.11643498
-7.79291,6.551427,1.076853,0.523,-0.124431744
-7.7683063,6.5971193,1.0660348,0.523,-0.12839997
-7.743222,6.64252,1.0548732,0.523,-0.13236818
-7.7176466,6.6876144,1.0433688,0.523,-0.13633639
-7.6915674,6.732388,1.0315217,0.523,-0.13858132
-7.664968,6.7768354,1.0194806,0.523,-0.14082626
-7.637844,6.8209453,1.0072458,0.523,-0.14307119
-7.6101913,6.864706,0.99481726,0.523,-0.14388594
-7.5820003,6.908115,0.9823184,0.523,-0.1447007
-7.5532722,6.951163,0.96974933,0.523,-0.14551547
-7.5240088,6.9938407,0.9571099,0.523,-0.1469744
-7.4942145,7.0361366,0.9443447,0.523,-0.14843333
-7.4638896,7.0780396,0.93145376,0.523,-0.14989226
-7.433034,7.1195393,0.918437,0.523,-0.15062997
-7.401644,7.1606293,0.9053567,0.523,-0.1513677
-7.369723,7.2013,0.8922128,0.523,-0.1521054
-7.3372736,7.241544,0.8790054,0.523,-0.14512011
-7.304261,7.281397,0.86640006,0.523,-0.13813484
-7.2707157,7.32087,0.8543976,0.523,-0.13114956
-7.2366667,7.3599744,0.84299845,0.523,-0.12432188
-7.202144,7.3987226,0.8321896,0.523,-0.1174942
-7.1671753,7.437127,0.8219716,0.523,-0.11066653
-7.1317883,7.4752016,0.81234485,0.523,-0.10453615
-7.096013,7.512959,0.80324936,0.523,-0.09840578
-7.059873,7.550413,0.7946855,0.523,-0.0922754
-7.023392,7.587578,0.7866535,0.523,-0.087086655
-6.986597,7.6244655,0.7790721,0.523,-0.0818979
-6.9495068,7.6610894,0.7719413,0.523,-0.07670915
-6.912141,7.697463,0.76526135,0.523,-0.0700377
-6.8745146,7.7336035,0.7591614,0.523,-0.06336625
-6.836652,7.7695303,0.75364166,0.523,-0.056694794
-6.798576,7.8052616,0.7487024,0.523,-0.05694134
-6.7603245,7.8408036,0.74374175,0.523,-0.057187892
-6.7218976,7.8761554,0.7387596,0.523,-0.05743444
-6.6832957,7.9113145,0.73375595,0.523,-0.047340296
-6.644498,7.9462986,0.729631,0.523,-0.037246156
-6.6055393,7.9811378,0.7263851,0.523,-0.027152013
-6.5664554,8.015861,0.72401863,0.523,-0.041450985
-6.5273085,8.050475,0.72040653,0.523,-0.055749953
-6.4880643,8.084923,0.7155495,0.523,-0.07004892
-6.4486885,8.119149,0.7094486,0.523,-0.04542312
-6.409048,8.153183,0.7054906,0.523,-0.020797318
-6.369241,8.187087,0.7036779,0.523,0.0038284839
-6.3293643,8.220926,0.70401156,0.523,-0.034860097
-6.2895226,8.254759,0.7009736,0.523,-0.07354868
-6.2496624,8.2884,0.69456834,0.523,-0.11223726
-6.2097316,8.321664,0.6848055,0.523,-0.056108713
-6.1692867,8.354692,0.6799173,0.523,1.9836425e-05
-6.1286173,8.387575,0.679919,0.523,0.056148387
-6.0880113,8.420405,0.6848107,0.523,-0.009237337
-6.047505,8.4534855,0.68400556,0.523,-0.07462306
-6.0070825,8.486442,0.6775069,0.523,-0.14000878
-5.9667325,8.518906,0.6653426,0.523,-0.07905402
-5.9257164,8.551091,0.65845895,0.523,-0.01809926
-5.884357,8.583088,0.6568814,0.523,0.0428555
-5.8429785,8.614996,0.6606158,0.523,-0.016554808
-5.8016877,8.647082,0.65917283,0.523,-0.07596512
-5.7604637,8.679022,0.6525576,0.523,-0.13537543
-5.71929,8.710489,0.6407934,0.523,-0.08828749
-5.6775284,8.741634,0.63310766,0.523,-0.041199543
-5.6354003,8.772552,0.62951744,0.523,0.0058884025
-5.5931263,8.803343,0.6300307,0.523,-0.044680048
-5.5509095,8.8341255,0.6261374,0.523,-0.0952485
-5.508723,8.864635,0.61784744,0.523,-0.14581695
-5.466544,8.89461,0.60518205,0.523,-0.119173326
-5.4238377,8.924153,0.5948187,0.523,-0.0925297
-5.380706,8.953335,0.5867647,0.523,-0.06588608
-5.337248,8.982228,0.5810258,0.523,-0.09619602
-5.2937326,9.010802,0.5726536,0.523,-0.12650596
-5.2501273,9.038916,0.5616559,0.523,-0.1568159
-5.206405,9.066428,0.5480427,0.523,-0.1446768
-5.162231,9.093392,0.5354757,0.523,-0.13253771
-5.117646,9.119844,0.5239566,0.523,-0.12039862
-5.0726905,9.145822,0.5134872,0.523,-0.13951442
-5.027578,9.171263,0.5013656,0.523,-0.15863022
-4.9822903,9.196084,0.48759627,0.523,-0.17774603
-4.9368134,9.220201,0.47218418,0.5229779,-0.17256835
-4.8909297,9.243633,0.45721716,0.5229557,-0.16739066
-4.8446617,9.266397,0.44269556,0.5229336,-0.16221297
-4.79803,9.288505,0.42861968,0.52151024,-0.17555764
-4.751325,9.309846,0.41343877,0.5200869,-0.18890232
-4.704546,9.330369,0.39716172,0.5186635,-0.202247
-4.6576915,9.350022,0.37979764,0.5139467,-0.19739324
-4.610886,9.368706,0.36299896,0.50922984,-0.1925395
-4.5641613,9.386454,0.3467586,0.504513,-0.18768574
-4.517546,9.403298,0.33106944,0.5020378,-0.19405404
-4.4709597,9.419312,0.31493407,0.49956262,-0.20042233
-4.4244113,9.434476,0.29835832,0.49708742,-0.20679063
-4.377911,9.448776,0.281348,0.49407148,-0.20469087
-4.331437,9.462208,0.2646101,0.49105555,-0.20259112
-4.2850103,9.474788,0.24814272,0.4880396,-0.20049137
-4.238649,9.486534,0.2319438,0.4849505,-0.20515925
-4.192442,9.497448,0.21547787,0.48186138,-0.20982714
-4.146403,9.5075245,0.19874999,0.47877228,-0.21449503
-4.1005435,9.516761,0.18176521,0.47551674,-0.21135691
-4.054816,9.525166,0.16513903,0.4722612,-0.20821878
-4.0092382,9.532762,0.14886825,0.46900564,-0.20508066
-3.9638286,9.539572,0.13294972,0.46495366,-0.20615889
-3.9187195,9.545605,0.117086925,0.46090168,-0.20723712
-3.8739243,9.550874,0.10128131,0.4568497,-0.20831534
-3.829456,9.555393,0.08553431,0.45177487,-0.23038734
-3.785633,9.559151,0.06834016,0.44670004,-0.25245935
-3.74248,9.562104,0.049743585,0.44162518,-0.27453133
-3.700024,9.564218,0.02978979,0.43792242,-0.3
-3.658206,9.565464,0.008220636,0.43421966,-0.3
-3.616725,9.565805,-0.0131661445,0.4305169,-0.3
-3.5755997,9.565264,-0.034370553,0.4288643,-0.3
-3.5346527,9.563855,-0.055493563,0.4272117,-0.3
-3.4939024,9.561592,-0.07653518,0.4255591,-0.3
-3.4533663,9.558483,-0.0974954,0.4201144,-0.3
-3.4134219,9.554577,-0.11818745,0.4146697,-0.3
-3.3740833,9.549906,-0.13861133,0.409225,-0.3
-3.3353636,9.544504,-0.15876703,0.40309232,-0.3
-3.297339,9.538416,-0.17862068,0.39695966,-0.3
-3.2600193,9.531678,-0.19817229,0.39082703,-0.3
-3.223413,9.524327,-0.21742183,0.38396502,-0.3
-3.187595,9.516415,-0.2363334,0.37710303,-0.3
-3.1525702,9.507979,-0.254907,0.37024105,-0.3
-3.1183429,9.499061,-0.2731426,0.3642812,-0.3
-3.084832,9.489673,-0.2910847,0.3583214,-0.3
-3.05204,9.479848,-0.30873322,0.35236156,-0.3
-3.0199692,9.46962,-0.32608822,0.34742647,-0.3
-2.9885275,9.458987,-0.34320015,0.3424914,-0.3
-2.9577162,9.447977,-0.360069,0.3375563,-0.3
-2.9275362,9.436615,-0.3766948,0.33719802,-0.28932
-2.8974838,9.4247265,-0.3927286,0.33683974,-0.27864
-2.8675644,9.412333,-0.40816978,0.33648145,-0.26796
-2.8377826,9.399453,-0.42301786,0.34069923,-0.25089997
-2.8076887,9.385905,-0.43711576,0.344917,-0.2338399
-2.7772903,9.371701,-0.45043615,0.34913477,-0.21677986
-2.746595,9.356857,-0.4629518,0.3576858,-0.20095074
-2.7152355,9.341205,-0.4748509,0.36623687,-0.18512163
-2.6832204,9.324746,-0.4860862,0.3747879,-0.16929252
-2.6505566,9.3074875,-0.49661055,0.3876556,-0.15561134
-2.6168857,9.289241,-0.5066239,0.4005233,-0.14193015
-2.5822165,9.270001,-0.51606655,0.41339102,-0.12824896
-2.5465562,9.24977,-0.5248785,0.4263859,-0.114016496
-2.5098972,9.228542,-0.53296345,0.43938082,-0.09978403
-2.4722412,9.206328,-0.5402586,0.4523757,-0.08555156
-2.4335885,9.1831455,-0.54670095,0.464891,-0.066817425
-2.393964,9.159031,-0.5518742,0.47740626,-0.048083294
-2.3533578,9.13403,-0.55569863,0.48992154,-0.02934916
-2.3117554,9.108196,-0.55809474,0.50153404,-0.01718024
-2.2692182,9.08164,-0.55953074,0.5131466,-0.00501132
-2.2257295,9.054403,-0.55995935,0.523,0.0071576
-2.181418,9.026625,-0.5593355,0.523,0.010414803
-2.1370904,8.998875,-0.55842763,0.523,0.013672006
-2.0927396,8.971167,-0.55723596,0.523,0.01692921
-2.0483577,8.943512,-0.5557603,0.523,0.027451467
-2.0039458,8.915929,-0.5533678,0.523,0.037973724
-1.9594831,8.888463,-0.55005854,0.523,0.048495986
-1.9149501,8.8611555,-0.54583293,0.523,0.051054727
-1.8703078,8.834041,-0.54138464,0.523,0.053613473
-1.8255513,8.807128,-0.53671354,0.523,0.056172214
-1.7806759,8.780428,-0.53181976,0.523,0.07192917
-1.7357159,8.753975,-0.5255554,0.523,0.08768612
-1.6906478,8.727838,-0.51792186,0.523,0.10344307
-1.6454499,8.702084,-0.50892115,0.523,0.16118583
-1.6003698,8.676931,-0.49493185,0.523,0.2189286
-1.5554442,8.652683,-0.47600067,0.523,0.27667135
-1.5107261,8.629629,-0.45219064,0.523,0.28230557
-1.4655448,8.607682,-0.42790857,0.523,0.2879398
-1.4199195,8.586873,-0.40315518,0.523,0.293574
-1.3738707,8.567232,-0.37793133,0.523,0.25811577
-1.3268718,8.548573,-0.35568124,0.523,0.22265753
-1.2790556,8.53081,-0.33643287,0.523,0.18719931
-1.23055,8.513846,-0.3202105,0.523,0.17761737
-1.1816895,8.497643,-0.30480945,0.523,0.16803542
-1.132503,8.482168,-0.2902312,0.523,0.15845348
-1.0830181,8.467389,-0.27647704,0.523,0.118184835
-1.0330553,8.453212,-0.26619923,0.523,0.07791619
-0.9827505,8.439496,-0.2594144,0.523,0.037647538
-0.93223625,8.426089,-0.2561336,0.523,0.053329904
-0.88171434,8.412858,-0.2514872,0.523,0.06901227
-0.8311801,8.399875,-0.2454764,0.523,0.08469463
-0.7806298,8.387211,-0.23810267,0.523,0.064143285
-0.7299099,8.374901,-0.23251535,0.523,0.043591935
-0.67906564,8.362861,-0.22871679,0.523,0.023040587
-0.6281411,8.351006,-0.22670859,0.523,0.0759196
-0.5773262,8.339284,-0.22009729,0.523,0.1287986
-0.5267106,8.32796,-0.20890136,0.523,0.18167762
-0.4763897,8.317292,-0.1931521,0.5002234,0.25674298
-0.4289067,8.308005,-0.17198168,0.47744676,0.33180836
-0.38443223,8.300281,-0.14606003,0.45467016,0.4068737
-0.34312162,8.294203,-0.11607149,0.4356038,0.39777735
-0.30323246,8.289553,-0.08794817,0.41653746,0.38868096
-0.26483467,8.286166,-0.061639104,0.3974711,0.3795846
-0.22798692,8.283893,-0.03709297,0.37148407,0.3872658
-0.19361319,8.282617,-0.0137106385,0.34549704,0.394947
-0.16172622,8.28218,0.008444894,0.31951004,0.40262818
-0.13233125,8.282428,0.029310906,0.29125628,0.37807184
-0.105274156,8.283221,0.04722944,0.2630025,0.35351548
-0.08062779,8.284386,0.062404595,0.23474877,0.32895914
-0.0584549,8.285771,0.07504418,0.20563602,0.26108116
-0.038644083,8.287261,0.08389082,0.1765233,0.1932032
-0.021381112,8.2887125,0.08953967,0.14741057,0.12532523
-0.006814257,8.29002,0.09261066,0.11831715,0.055165417
0.004948834,8.291113,0.09369794,0.08922373,-0.014994401
0.01383107,8.291947,0.09347498,0.060130302,-0.08515422
0.019796157,8.292507,0.092622615,0.03075999,-0.15584093
0.022821853,8.292788,0.0918269,0.0013896789,-0.22652766
0.022956701,8.2928,0.09177488,-0.027980631,-0.2972144
0.020292575,8.292555,0.09314061,-0.057783257,-0.3
0.014796257,8.292042,0.09598663,-0.08758588,-0.3
0.006467375,8.29124,0.10030053,-0.1173885,-0.3
-0.004690814,8.290117,0.106082305,-0.14708948,-0.3
-0.018663816,8.288629,0.11332696,-0.17679046,-0.3
-0.035444915,8.286719,0.12203448,-0.20649144,-0.3
-0.055025086,8.284318,0.13220488,-0.23614554,-0.25535664
-0.077674516,8.281305,0.14214623,-0.26579964,-0.2107133
-0.10340443,8.277623,0.1514119,-0.29545376,-0.16606994
-0.13220994,8.273229,0.15955202,-0.32282877,-0.09138743
-0.16394979,8.268121,0.16446227,-0.35020375,-0.016704917
-0.1984928,8.262388,0.16543724,-0.37757877,0.057977594
-0.23567256,8.256181,0.16179077,-0.39707008,0.13978498
-0.27447876,8.249846,0.15257013,-0.41656142,0.22159237
-0.3146443,8.24367,0.13731125,-0.43605274,0.30339974
-0.35586628,8.237974,0.11559826,-0.41871664,0.3325392
-0.39517993,8.233409,0.09281699,-0.40138054,0.36167863
-0.4325596,8.22993,0.06914593,-0.38404444,0.39081806
-0.46798342,8.227476,0.044762634,-0.37434635,0.3385144
-0.5032582,8.225897,0.024043428,-0.36464822,0.28621072
-0.5382296,8.225056,0.006885567,-0.3549501,0.23390704
-0.5727572,8.224818,-0.0068261516,-0.34778652,0.266447
-0.6063078,8.225047,-0.022088502,-0.34062293,0.29898697
-0.638851,8.225766,-0.03881038,-0.33345935,0.33152694
-0.6703574,8.226989,-0.056899834,-0.31637567,0.30789143
-0.7004584,8.2287035,-0.07287944,-0.29929203,0.28425592
-0.7291103,8.230796,-0.08686851,-0.28220835,0.2606204
-0.7562753,8.233161,-0.09898842,-0.2698456,0.24201083
-0.78234524,8.23575,-0.109766744,-0.25748283,0.22340126
-0.80730253,8.238501,-0.1192742,-0.24512006,0.2047917
-0.8311318,8.241357,-0.12758227,-0.24095853,0.19056492
-0.8545992,8.244367,-0.13518907,-0.23679699,0.17633814
-0.87769896,8.247509,-0.14211245,-0.23263547,0.16211136
-0.90042603,8.250761,-0.14837043,-0.2183177,0.15775545
-0.92174983,8.253948,-0.15408678,-0.20399994,0.15339954
-0.94167143,8.257042,-0.15928194,-0.18968217,0.14904363
-0.9601919,8.260017,-0.16397633,-0.17567417,0.11404657
-0.9774111,8.262867,-0.16730827,-0.16166618,0.07904951
-0.99330217,8.265551,-0.169436,-0.14765818,0.04405246
-1.0078424,8.268038,-0.17051975,-0.12691641,-0.0028253377
-1.02035,8.270191,-0.17046,-0.10617464,-0.049703132
-1.0308006,8.271991,-0.16958082,-0.085432865,-0.09658093
-1.0391821,8.273425,-0.16820776,-0.06399644,-0.1596015
-1.0454112,8.274484,-0.16651265,-0.04256001,-0.22262207
-1.0495048,8.275171,-0.16494654,-0.02112358,-0.28564262
-1.051504,8.275504,-0.16395453,0.004195242,-0.3
-1.0511086,8.275438,-0.16416115,0.029514065,-0.3
-1.048327,8.274978,-0.16561481,0.054832887,-0.3
-1.0431602,8.274115,-0.16831553,0.08411255,-0.3
-1.0352383,8.272768,-0.17245835,0.113392204,-0.3
-1.0245662,8.270909,-0.17804329,0.14267187,-0.3
-1.0111517,8.268496,-0.18507037,0.17257035,-0.3
-0.9949469,8.265462,-0.19357003,0.20246884,-0.3
-0.97596556,8.261741,-0.2035423,0.23236732,-0.3
-0.95422494,8.257254,-0.21498719,0.26236528,-0.25310403
-0.929409,8.251835,-0.22593701,0.29236326,-0.20620808
-0.9015194,8.245424,-0.2359139,0.32236123,-0.15931213
-0.8705731,8.237985,-0.24443708,0.3523612,-0.21596926
-0.83717865,8.229655,-0.2570219,0.38236117,-0.2726264
-0.80156434,8.220295,-0.27418113,0.41236115,-0.3
-0.7636415,8.209628,-0.2944913,0.44236082,-0.28850067
-0.72305924,8.197319,-0.3154677,0.47236046,-0.27700135
-0.679866,8.183223,-0.3369973,0.5023601,-0.26550204
-0.63411695,8.167193,-0.35896665,0.523,-0.19580136
-0.58608615,8.149171,-0.37592515,0.523,-0.12610069
-0.53782463,8.130123,-0.38688782,0.523,-0.056400023
-0.48946723,8.110421,-0.39180142,0.49672586,0.04131776
-0.44359788,8.09147,-0.3883818,0.4704517,0.13903555
-0.40047666,8.073826,-0.37751532,0.44417757,0.23675333
-0.36033845,8.05791,-0.36015183,0.4187916,0.3255665
-0.3232049,8.043926,-0.33782706,0.39340562,0.41437966
-0.28922933,8.031991,-0.31142807,0.36801967,0.50319284
-0.25853992,8.022112,-0.28185004,0.34618846,0.5435949
-0.23008029,8.013871,-0.25200766,0.32435727,0.583997
-0.203875,8.007123,-0.22220123,0.30252606,0.6243991
-0.17993405,8.001715,-0.19272462,0.27714196,0.6044879
-0.15755318,7.997347,-0.16647276,0.25175786,0.5845766
-0.1368482,7.993868,-0.14331749,0.22637376,0.5646654
-0.11792093,7.9911366,-0.123127475,0.19754775,0.5055636
-0.10076829,7.9890137,-0.107182056,0.16872175,0.4464619
-0.08563725,7.9873857,-0.095040366,0.13989575,0.38736013
-0.072742626,7.9861565,-0.08623286,0.11045118,0.32660732
-0.062320266,7.9852557,-0.080326825,0.08100661,0.2658545
-0.054529395,7.984628,-0.076779634,0.051562037,0.20510171
-0.049496137,7.984241,-0.07502939,0.021982344,0.1433061
-0.047326557,7.984078,-0.07450615,-0.0075973487,0.08151049
-0.04808167,7.9841347,-0.07460924,-0.03717704,0.01971488
-0.05178831,7.9844117,-0.074731395,-0.06699421,-0.041608404
-0.058463253,7.9849114,-0.07426694,-0.096811384,-0.10293169
-0.068066604,7.9856257,-0.072609045,-0.12662856,-0.16425498
-0.080526106,7.986532,-0.06915805,-0.15648991,-0.15928835
-0.09594005,7.9876,-0.06502109,-0.18635124,-0.15432172
-0.11431481,7.988796,-0.060247086,-0.21621259,-0.14935508
-0.13565657,7.9900837,-0.054885,-0.24583343,-0.07821883
-0.16012785,7.991428,-0.051683467,-0.27545425,-0.0070825694
-0.1876358,7.992851,-0.051358316,-0.3050751,0.06405369
-0.2180406,7.994414,-0.054612953,-0.32933825,0.14052708
-0.25060117,7.996194,-0.06230108,-0.3536014,0.21700047
-0.28506503,7.998344,-0.074989565,-0.37786457,0.29347387
-0.32113427,8.001054,-0.09320763,-0.37304845,0.34498233
-0.35608876,8.004321,-0.11423388,-0.3682323,0.3964908
-0.38983396,8.008193,-0.13793477,-0.3634162,0.4479993
-0.4222781,8.012696,-0.16417119,-0.34837198,0.39313424
-0.454025,8.017956,-0.1864139,-0.33332777,0.3382692
-0.48492405,8.023784,-0.20484997,-0.31828356,0.28340414
-0.5148438,8.03,-0.21968335,-0.309009,0.29175845
-0.5437276,8.036449,-0.23449707,-0.2997344,0.30011272
-0.5715776,8.043102,-0.24926537,-0.29045984,0.308467
-0.5983973,8.04993,-0.26396257,-0.2833616,0.28739592
-0.62463003,8.057019,-0.27734932,-0.2762634,0.26632485
-0.6502639,8.064317,-0.2894675,-0.26916516,0.24525377
-0.6752886,8.071771,-0.30035985,-0.26193258,0.23933116
-0.69959605,8.079299,-0.3107085,-0.25469998,0.23340856
-0.7231889,8.086875,-0.32052696,-0.24746738,0.22748594
-0.74607015,8.094471,-0.3298288,-0.23973742,0.22598484
-0.768175,8.102038,-0.33878165,-0.23200746,0.22448376
-0.789508,8.109555,-0.34738925,-0.22427751,0.22298266
-0.8100739,8.117002,-0.35565534,-0.22072545,0.21533799
-0.8302872,8.12451,-0.36351603,-0.21717338,0.20769331
-0.85014915,8.132066,-0.37097967,-0.21362132,0.20004864
-0.86966103,8.139656,-0.3780547,-0.20209728,0.2013762
-0.8880641,8.146965,-0.38479188,-0.19057323,0.20270377
-0.90536624,8.153972,-0.3911862,-0.1790492,0.20403133
-0.92157525,8.160657,-0.39723265,-0.16580884,0.1644072
-0.93665886,8.166985,-0.40175557,-0.15256849,0.12478307
-0.95059174,8.172905,-0.40492034,-0.13932815,0.08515894
-0.9633514,8.178373,-0.40689546,-0.11704892,0.04928742
-0.9740876,8.183001,-0.40785658,-0.094769694,0.013415903
-0.9827864,8.186759,-0.40806848,-0.07249047,-0.022455614
-0.9894386,8.189634,-0.4077972,-0.050358266,-0.06257187
-0.9940524,8.191628,-0.40727237,-0.02822606,-0.102688126
-0.9966305,8.19274,-0.40679014,-0.006093857,-0.14280438
-0.99718446,8.192979,-0.4066456,0.022623137,-0.13769735
-0.9951263,8.192093,-0.40716314,0.05134013,-0.13259032
-0.99045336,8.190077,-0.40829435,0.08005712,-0.12748328
-0.9831654,8.186924,-0.40999073,0.10967114,-0.091560826
-0.9731493,8.182571,-0.41166198,0.13928515,-0.055638373
-0.96040416,8.177007,-0.41295293,0.16889916,-0.019715916
-0.944937,8.17023,-0.41350788,0.19865867,0.044720016
-0.92676365,8.162255,-0.41202772,0.22841817,0.10915595
-0.90595806,8.153162,-0.40788043,0.25817767,0.17359188
-0.8826145,8.143075,-0.4004483,0.28816894,0.2465588
-0.8568799,8.132181,-0.38872615,0.31816018,0.31952572
-0.8289279,8.120733,-0.3720696,0.34815142,0.39249262
-0.7989611,8.109038,-0.34987536,0.37815002,0.3629532
-0.7657514,8.096921,-0.32749918,0.40814862,0.33341375
-0.72923404,8.084515,-0.30523667,0.43814722,0.3038743
