9.724221,-2.0299773,2.3544016,0.39490205,0.0
9.696347,-2.0020037,2.3544016,0.39519545,0.09637356
9.668582,-1.974139,2.3607395,0.3954889,0.19274712
9.64101,-1.9468166,2.3733659,0.3957823,0.28912067
9.6137295,-1.9204566,2.3921728,0.4055924,0.38615882
9.586223,-1.8948617,2.4176326,0.41540253,0.48319697
9.558664,-1.8704972,2.4497995,0.42521265,0.5802351
9.531278,-1.8478116,2.4886513,0.44940475,0.6789929
9.503499,-1.8265646,2.5356896,0.47359684,0.77775073
9.475762,-1.8073475,2.5910752,0.4977889,0.8765086
9.448618,-1.7906857,2.6548343,0.523,0.97580445
9.4227085,-1.7769735,2.7270217,0.523,1.0
9.396844,-1.7655914,2.80037,0.523,1.0
9.370215,-1.7561352,2.8737183,0.523,1.0
9.342965,-1.7486558,2.9470663,0.523,1.0
9.315241,-1.7431935,3.0204146,0.523,1.0
9.28719,-1.7397777,3.0937629,0.523,1.0
9.258965,-1.7384267,-3.1160743,0.523,1.0
9.230716,-1.7391477,-3.042726,0.523,1.0
9.202596,-1.7419369,-2.9693778,0.523,0.9
9.170567,-1.7475079,-2.9010978,0.523,0.8
9.135178,-1.7561868,-2.8385682,0.523,0.70000005
9.096999,-1.7681235,-2.782414,0.523,0.60000014
9.056588,-1.7832963,-2.733196,0.523,0.50000036
9.014465,-1.8015239,-2.691406,0.523,0.40000048
8.971093,-1.822485,-2.6574616,0.523,0.30000302
8.926871,-1.8457402,-2.631702,0.523,0.20000553
8.882134,-1.870758,-2.6143842,0.523,0.10000806
8.837161,-1.8969399,-2.6056812,0.523,2.8145314e-05
8.792193,-1.9236456,-2.6056788,0.523,-0.099951774
8.747451,-1.9502181,-2.6143768,0.523,-0.1999317
8.703153,-1.9760076,-2.6316884,0.523,-0.299783
8.659541,-2.0003965,-2.6574297,0.523,-0.3
8.61532,-2.023653,-2.6831892,0.523,-0.3
8.570514,-2.045763,-2.7089486,0.523,-0.3
8.525154,-2.0667117,-2.7347083,0.523,-0.3
8.479269,-2.086485,-2.7604678,0.523,-0.3
8.43289,-2.1050699,-2.7862272,0.523,-0.3
8.386047,-2.122454,-2.8119867,0.523,-0.3
8.338773,-2.1386259,-2.8377464,0.523,-0.3
8.291098,-2.1535747,-2.8635058,0.523,-0.3
8.243053,-2.1672907,-2.8892653,0.523,-0.3
8.194671,-2.1797647,-2.9150248,0.523,-0.3
8.145984,-2.1909883,-2.9407842,0.523,-0.3
8.097024,-2.2009542,-2.966544,0.523,-0.3
8.047823,-2.2096558,-2.9923034,0.523,-0.3
7.998415,-2.2170873,-3.0180628,0.523,-0.3
7.9488316,-2.2232435,-3.0438223,0.523,-0.3
7.899106,-2.2281208,-3.069582,0.523,-0.3
7.8492713,-2.2317157,-3.0953414,0.523,-0.3
7.7993608,-2.2340257,-3.121101,0.523,-0.3
7.7494073,-2.2350495,3.136325,0.523,-0.3
7.699444,-2.2347863,3.1105654,0.523,-0.20011084
7.648212,-2.2331963,3.0932386,0.523,-0.10022168
7.5962353,-2.230681,3.0845172,0.523,-0.00033252238
7.5440207,-2.2276976,3.0844882,0.523,0.09956002
7.4920645,-2.2247274,3.0931523,0.523,0.19945256
7.440861,-2.2222452,3.1104228,0.523,0.2993451
7.390911,-2.2206876,3.1361277,0.523,0.39913815
7.342723,-2.2204244,-3.1131825,0.523,0.4989312
7.2968173,-2.2217288,-3.0714743,0.523,0.59872425
7.2537208,-2.2247558,-3.0223482,0.523,0.49872443
7.2081175,-2.2302196,-2.980656,0.523,0.39872465
7.160543,-2.237943,-2.946814,0.523,0.29872486
7.111504,-2.2476172,-2.9211607,0.523,0.19872716
7.061474,-2.2588277,-2.9039521,0.523,0.09872948
7.0108914,-2.2710795,-2.8953602,0.523,-0.0012682199
6.960169,-2.2838278,-2.8954706,0.523,-0.10124501
6.9097047,-2.2965052,-2.904281,0.523,-0.2012218
6.859896,-2.3085523,-2.9217024,0.523,-0.3
6.8111353,-2.3194506,-2.947462,0.523,-0.3
6.7621098,-2.3290894,-2.9732215,0.523,-0.3
6.712852,-2.3374622,-2.998981,0.523,-0.3
6.6633954,-2.3445635,-3.0247405,0.523,-0.3
6.613772,-2.3503888,-3.0505002,0.523,-0.3
6.564015,-2.3549337,-3.0762596,0.523,-0.3
6.5141573,-2.3581958,-3.102019,0.523,-0.3
6.4642324,-2.3601725,-3.1277785,0.523,-0.3
6.4142733,-2.3608627,3.1296473,0.523,-0.3
6.3643126,-2.3602657,3.1038878,0.523,-0.20010722
6.3130927,-2.3583336,3.0865612,0.523,-0.10021444
6.2611337,-2.3554714,3.0778406,0.523,-0.0003216505
6.20894,-2.3521395,3.0778124,0.523,0.09947864
6.1570044,-2.3488224,3.0864694,0.523,0.19927892
6.1058173,-2.345998,3.1037252,0.523,0.2990792
6.055875,-2.344106,3.129408,0.523,0.39855838
6.0076776,-2.3435185,-3.1199489,0.523,0.49803755
5.961742,-2.344513,-3.078309,0.523,0.5975167
5.91859,-2.3472474,-3.02927,0.523,0.49752054
5.87292,-2.3523989,-2.98767,0.523,0.39752436
5.8252683,-2.359792,-2.9539244,0.523,0.29752818
5.776144,-2.3691208,-2.9283707,0.523,0.19756049
5.7260227,-2.3799727,-2.9112618,0.523,0.097592816
5.6753464,-2.391856,-2.9027686,0.523,-0.0023748637
5.624531,-2.404228,-2.9029756,0.523,-0.10195617
5.5739765,-2.4165254,-2.9118474,0.523,-0.20153746
5.5240817,-2.4281948,-2.929296,0.523,-0.3
5.4752393,-2.4387224,-2.9550555,0.523,-0.3
5.4261417,-2.4479885,-2.9808152,0.523,-0.3
5.376822,-2.4559872,-3.0065746,0.523,-0.3
5.327313,-2.4627128,-3.032334,0.523,-0.3
5.2776465,-2.4681609,-3.0580935,0.523,-0.3
5.2278566,-2.472328,-3.083853,0.523,-0.3
5.1779757,-2.4752114,-3.1096127,0.523,-0.3
5.1280375,-2.4768088,-3.1353722,0.523,-0.3
5.078074,-2.4771197,3.1220536,0.523,-0.3
5.0281196,-2.4761434,3.0962942,0.51752263,-0.20016566
4.9774528,-2.4738467,3.0791442,0.51204526,-0.10033133
4.9266047,-2.4706674,3.0705962,0.50656796,-0.00049699546
4.8760757,-2.467074,3.0705543,0.5075329,0.09896666
4.8256984,-2.463489,3.078912,0.5084979,0.19843031
4.775944,-2.4603662,3.0956187,0.50946283,0.29789397
4.727293,-2.458128,3.1205406,0.5189636,0.3963773
4.679431,-2.4571204,-3.1292512,0.523,0.49486062
4.633409,-2.4576883,-3.0878549,0.523,0.5933439
4.590111,-2.4600174,-3.0391169,0.523,0.4935198
4.5442934,-2.464729,-2.9978235,0.523,0.39369568
4.496493,-2.471649,-2.964386,0.523,0.29387155
4.447219,-2.4804733,-2.9391375,0.523,0.1968644
4.3969765,-2.4907863,-2.922088,0.523,0.09985725
4.3461857,-2.5021179,-2.9133983,0.523,0.0028500974
4.295242,-2.513949,-2.9131498,0.523,-0.047919624
4.244359,-2.5257792,-2.9173253,0.523,-0.09868935
4.193617,-2.5373538,-2.9259136,0.523,-0.14945906
4.143098,-2.5484219,-2.938893,0.523,-0.0832103
4.092046,-2.5589142,-2.946138,0.523,-0.01696152
4.040749,-2.5690699,-2.9476163,0.523,0.049287252
3.9894924,-2.5791392,-2.9433217,0.523,0.04482309
3.9382684,-2.5894306,-2.939416,0.523,0.04035893
3.8870754,-2.599924,-2.935899,0.523,0.03589477
3.835911,-2.6105993,-2.9327707,0.523,0.06388357
3.7848516,-2.6214192,-2.927206,0.523,0.09187238
3.7339642,-2.632499,-2.9192092,0.523,0.11986118
3.6833181,-2.6439514,-2.9087863,0.523,0.114817545
3.632764,-2.655938,-2.8988,0.523,0.10977392
3.5823038,-2.668436,-2.8892505,0.523,0.104730286
3.5319376,-2.6814222,-2.8801382,0.523,0.12333226
3.4817986,-2.6948385,-2.869415,0.523,0.14193425
3.4319305,-2.708757,-2.8570845,0.523,0.16053621
3.3823783,-2.723248,-2.843151,0.523,0.15690717
3.3330045,-2.738437,-2.8295302,0.523,0.15327813
3.283814,-2.7543058,-2.8162217,0.523,0.14964908
3.2348118,-2.7708373,-2.803226,0.523,0.17547405
3.186235,-2.7879314,-2.7880087,0.523,0.20129903
3.1381612,-2.8056753,-2.7705805,0.523,0.227124
3.0906713,-2.82415,-2.7509527,0.523,0.23954333
3.043692,-2.8434963,-2.7302716,0.523,0.25196266
2.997268,-2.8637466,-2.7085404,0.523,0.264382
2.9514453,-2.8849313,-2.6857626,0.523,0.2765407
2.9062696,-2.9070795,-2.6619637,0.523,0.2886994
2.861791,-2.9302146,-2.6371467,0.523,0.30085808
2.8180618,-2.954357,-2.6113157,0.523,0.3015519
2.7749803,-2.9796152,-2.585427,0.523,0.30224577
2.7325761,-3.0059745,-2.5594807,0.523,0.30293962
2.6908789,-3.0334191,-2.5334764,0.523,0.30694756
2.6499612,-3.0619028,-2.507139,0.523,0.31095552
2.6098592,-3.0914161,-2.4804688,0.523,0.3149635
2.5706093,-3.121949,-2.4534662,0.523,0.31522018
2.5322013,-3.1535277,-2.4264421,0.523,0.31547686
2.494664,-3.1861298,-2.399397,0.523,0.31573352
2.4580247,-3.2197325,-2.3723307,0.523,0.31109607
2.4222548,-3.2543664,-2.3456485,0.523,0.30645862
2.3873699,-3.289995,-2.319352,0.523,0.30182117
2.3533845,-3.3265815,-2.2934408,0.523,0.2971719
2.320311,-3.3640902,-2.267917,0.523,0.29252258
2.28816,-3.402485,-2.2427807,0.523,0.2878733
2.256941,-3.44173,-2.2180328,0.523,0.2797863
2.2266312,-3.4818301,-2.1939619,0.523,0.2716993
2.1972282,-3.5227416,-2.170569,0.523,0.2636123
2.1687272,-3.564422,-2.147856,0.523,0.26704788
2.1412055,-3.6066995,-2.124854,0.523,0.2704835
2.1146889,-3.649558,-2.1015632,0.523,0.2739191
2.0892017,-3.692981,-2.077984,0.523,0.27971858
2.064786,-3.7369204,-2.0539186,0.523,0.28551805
2.0414736,-3.7813597,-2.029368,0.523,0.29131752
2.0192976,-3.8262804,-2.0043323,0.523,0.28825268
1.9982338,-3.8717837,-1.9795527,0.523,0.28518787
1.9782858,-3.9178364,-1.9550295,0.523,0.28212303
1.9594563,-3.9644063,-1.9307626,0.523,0.28583658
1.9417815,-4.0113683,-1.9061852,0.523,0.28955013
1.9252843,-4.0586987,-1.8812972,0.523,0.29326367
1.909987,-4.1063714,-1.8560992,0.523,0.288254
1.8958745,-4.1544867,-1.8313197,0.523,0.28324428
1.8829396,-4.203008,-1.806959,0.523,0.27823457
1.8711734,-4.251901,-1.7830179,0.523,0.2732248
1.8605659,-4.3011312,-1.759497,0.523,0.26821503
1.851106,-4.350666,-1.7363969,0.523,0.26320523
1.8427817,-4.400474,-1.7137182,0.523,0.2506129
1.835565,-4.4506235,-1.6921011,0.523,0.23802061
1.8294147,-4.5010757,-1.671549,0.523,0.2254283
1.8242873,-4.5517936,-1.6520652,0.523,0.2179161
1.820142,-4.6026883,-1.6332201,0.523,0.21040392
1.8169514,-4.653735,-1.6150149,0.523,0.20289174
1.8146869,-4.7049127,-1.5974506,0.523,0.19503456
1.8133194,-4.7562027,-1.5805577,0.523,0.18717739
1.8128179,-4.8075867,-1.5643371,0.523,0.17932023
1.8131503,-4.859047,-1.54879,0.523,0.1778962
1.814283,-4.910509,-1.533365,0.523,0.17647217
1.8162098,-4.961961,-1.5180622,0.523,0.17504814
1.8189243,-5.01339,-1.5028818,0.523,0.17238963
1.822421,-5.064796,-1.4879295,0.523,0.1697311
1.8266877,-5.1161675,-1.4732054,0.523,0.16707256
1.8317127,-5.167494,-1.45871,0.523,0.1671235
1.837481,-5.218742,-1.44421,0.523,0.16717444
1.8439918,-5.2699,-1.4297059,0.523,0.16722538
1.8512437,-5.3209577,-1.4151971,0.523,0.1653656
1.8592383,-5.371921,-1.4008484,0.523,0.16350584
1.8679658,-5.42278,-1.3866596,0.523,0.16164607
1.877417,-5.473526,-1.3726307,0.523,0.15954818
1.8875825,-5.524151,-1.3587824,0.523,0.1574503
1.8984519,-5.5746474,-1.3451146,0.523,0.15535241
1.9100142,-5.6250076,-1.3316274,0.523,0.15653722
1.9222523,-5.6751976,-1.3180382,0.523,0.15772201
1.9351689,-5.7252073,-1.304347,0.523,0.15890682
1.9487664,-5.775026,-1.2905539,0.523,0.15576996
1.9630568,-5.824677,-1.2770308,0.523,0.1526331
1.9780247,-5.8741546,-1.2637779,0.523,0.14949624
1.9936544,-5.923453,-1.2507952,0.523,0.14671816
2.0099294,-5.9725647,-1.2380522,0.523,0.14394008
2.026836,-6.021485,-1.2255487,0.523,0.141162
2.04436,-6.070209,-1.2132849,0.523,0.13614443
2.0624926,-6.1187487,-1.2014543,0.523,0.13112685
2.0812109,-6.1671033,-1.1900572,0.523,0.12610927
2.1004915,-6.2152724,-1.1790937,0.523,0.124979794
2.120302,-6.263234,-1.1682279,0.523,0.12385031
2.1406353,-6.3109846,-1.15746,0.523,0.12272082
2.1614845,-6.35852,-1.1467896,0.523,0.12333961
2.182838,-6.4058266,-1.1360657,0.523,0.12395839
2.204696,-6.452898,-1.1252884,0.523,0.124577165
2.2270584,-6.4997272,-1.1144574,0.52177763,0.12298968
2.2498775,-6.5462117,-1.1037889,0.52055526,0.12140219
2.2731411,-6.5923514,-1.0932819,0.5193329,0.11981471
2.2968373,-6.6381445,-1.082936,0.51809436,0.1164095
2.320958,-6.6836,-1.072907,0.5168559,0.113004304
2.345484,-6.728721,-1.0631932,0.5156174,0.1095991
2.370397,-6.773511,-1.0537934,0.51405776,0.10295824
2.3956711,-6.8179617,-1.0449879,0.5124982,0.09631737
2.421275,-6.862083,-1.0367736,0.5109386,0.089676514
2.4471772,-6.905886,-1.0291473,0.5090151,0.08274735
2.4733295,-6.9493527,-1.0221354,0.50709164,0.07581818
2.4997008,-6.9924946,-1.0157337,0.50516814,0.068889014
2.52626,-7.035325,-1.0099382,0.50219697,0.06689401
2.5529125,-7.077756,-1.0043434,0.49922574,0.064899
2.5796468,-7.1197925,-0.99894726,0.49625453,0.062903985
2.6064503,-7.1614404,-0.993748,0.49541143,0.057891846
2.6334324,-7.20289,-0.98897064,0.4945683,0.052879702
2.6605732,-7.2441516,-0.9846139,0.49372518,0.04786756
2.6878543,-7.2852345,-0.9806765,0.4912921,0.040414054
2.7151704,-7.326021,-0.9773682,0.48885903,0.032960545
2.742493,-7.366527,-0.97468317,0.48642594,0.025507038
2.7697933,-7.406767,-0.9726155,0.48155686,0.019837309
2.7969065,-7.446553,-0.9710235,0.47668782,0.014167577
2.8238106,-7.485898,-0.9698979,0.47181875,0.008497846
2.8504856,-7.5248137,-0.9692297,0.46355063,0.0011279046
2.8767195,-7.563031,-0.96914256,0.45528248,-0.006242037
2.9024882,-7.600564,-0.9696162,0.44701433,-0.013611978
2.9277697,-7.6374245,-0.9706303,0.42507833,-0.010911387
2.9517758,-7.6725016,-0.9714033,0.4031423,-0.008210796
2.974518,-7.7057867,-0.971955,0.38120627,-0.005510205
2.9960058,-7.7372737,-0.97230506,0.3602234,-0.009535777
3.0162997,-7.7670336,-0.97287756,0.33924052,-0.01356135
3.0353947,-7.795069,-0.9736443,0.31825766,-0.017586922
3.053287,-7.8213835,-0.9745771,0.2973991,-0.024538774
3.0699816,-7.8459845,-0.9757933,0.27654055,-0.031490624
3.0854743,-7.868875,-0.9772445,0.25568202,-0.038442474
3.0997643,-7.890054,-0.97888225,0.23751959,-0.042476106
3.1130047,-7.9097476,-0.9805632,0.21935718,-0.046509735
3.1252,-7.9279523,-0.98226297,0.20119476,-0.050543368
3.136355,-7.9446654,-0.9839571,0.18682906,-0.056819506
3.1466835,-7.9601974,-0.9857254,0.17246336,-0.063095644
3.156189,-7.974547,-0.9875378,0.15809765,-0.069371775
3.1648753,-7.987711,-0.98936427,0.1455263,-0.08272288
3.1728404,-7.9998307,-0.99136835,0.13295494,-0.09607398
3.1800869,-8.010904,-0.99349403,0.12038359,-0.10942508
3.1866176,-8.020932,-0.99568516,0.11180541,-0.12633502
3.1926506,-8.030239,-0.99803305,0.10322722,-0.14324498
3.1981876,-8.038825,-1.0004891,0.09464904,-0.16015494
3.2032323,-8.04669,-1.0030047,0.09096056,-0.16553088
3.2080572,-8.054255,-1.0055027,0.087272085,-0.17090683
3.212664,-8.061517,-1.0079765,0.08358361,-0.17628276
3.2170544,-8.068476,-1.0104196,0.08205698,-0.1725205
3.2213511,-8.075323,-1.0127673,0.080530345,-0.16875823
3.2255547,-8.082058,-1.0150216,0.079003714,-0.16499597
3.2296665,-8.088678,-1.0171843,0.07886336,-0.1588836
3.2337606,-8.095302,-1.0192639,0.07872301,-0.15277123
3.2378376,-8.101929,-1.0212605,0.07858266,-0.14665888
3.2418978,-8.108558,-1.0231744,0.07760454,-0.13429797
3.2459018,-8.115124,-1.0249063,0.07662643,-0.12193707
3.2498505,-8.121625,-1.0264597,0.07564831,-0.10957616
3.2537446,-8.1280575,-1.0278385,0.07667257,-0.09225584
3.2576892,-8.134594,-1.0290157,0.07769683,-0.07493551
3.2616844,-8.1412325,-1.0299852,0.07872109,-0.05761519
3.2657306,-8.147969,-1.0307406,0.07795358,-0.037442356
3.269736,-8.154651,-1.031227,0.07718607,-0.017269522
3.273701,-8.161272,-1.0314492,0.076418556,0.0029033124
3.2776256,-8.167829,-1.0314121,0.07899559,0.024765879
3.2816818,-8.174604,-1.0310862,0.08157263,0.046628445
3.2858691,-8.181595,-1.0304525,0.08414967,0.06849101
3.2901878,-8.188794,-1.0294926,0.081351176,0.09151857
3.2943618,-8.195737,-1.0282534,0.07855268,0.114546135
3.298391,-8.20242,-1.0267571,0.07575419,0.1375737
3.3022752,-8.20884,-1.0250256,0.07465404,0.15454082
3.306104,-8.215146,-1.0231104,0.073553905,0.17150794
3.3098779,-8.221333,-1.0210181,0.07245377,0.18847506
3.3135965,-8.227402,-1.0187557,0.07310315,0.19393237
3.3173583,-8.233509,-1.0164076,0.07375254,0.1993897
3.321164,-8.2396555,-1.0139729,0.07440193,0.20484701
3.3250139,-8.24584,-1.0114505,0.07722779,0.20918505
3.3290224,-8.252243,-1.0087776,0.08005366,0.21352309
3.3331916,-8.2588625,-1.0059503,0.08287952,0.21786112
3.3375232,-8.265698,-1.0029647,0.08405709,0.22136039
3.3419335,-8.272612,-0.9998888,0.085234664,0.22485964
3.3464236,-8.279603,-0.9967213,0.086412236,0.2283589
