9.292371,-8.321449,1.6834986,0.088660166,0.0
9.291374,-8.312639,1.6834986,0.117370315,0.012801397
9.290054,-8.300978,1.683749,0.14608046,0.025602793
9.288408,-8.286468,1.6843723,0.17479062,0.03840419
9.286428,-8.2691145,1.6854907,0.20208517,0.03832419
9.284118,-8.249053,1.6867813,0.22937973,0.038244188
9.281465,-8.226286,1.6882429,0.25667426,0.038164187
9.27846,-8.200814,1.6898752,0.2809906,0.028145988
9.275123,-8.172925,1.6911931,0.30530694,0.018127788
9.271457,-8.14262,1.6921155,0.32962328,0.008109587
9.2674675,-8.109901,1.692561,0.35001522,-0.007569271
9.263216,-8.07516,1.6921195,0.37040716,-0.02324813
9.258735,-8.038402,1.6906844,0.3907991,-0.03892699
9.254064,-7.9996314,1.6881496,0.40627772,-0.055204205
9.249314,-7.9593444,1.6844134,0.42175633,-0.07148142
9.244545,-7.9175477,1.679393,0.4372349,-0.087758645
9.239824,-7.874249,1.6730062,0.4465187,-0.095132746
9.235289,-7.830031,1.6659371,0.45580244,-0.102506846
9.230982,-7.784895,1.6581635,0.46508622,-0.10988095
9.226948,-7.7388434,1.6496633,0.47001347,-0.10495452
9.223266,-7.692246,1.6414567,0.47494072,-0.10002808
9.219929,-7.6451073,1.633552,0.47986796,-0.095101655
9.216933,-7.597431,1.6259575,0.48159844,-0.07846153
9.214286,-7.5494924,1.6196661,0.48332894,-0.0618214
9.211929,-7.5013094,1.6146892,0.4850594,-0.045181274
9.209804,-7.4529,1.6110379,0.48561728,-0.031510808
9.20785,-7.4044013,1.608488,0.48617518,-0.017840337
9.206018,-7.3558264,1.6070424,0.48673305,-0.0041698692
9.204255,-7.307185,1.6067041,0.4868529,0.0052937986
9.202507,-7.258532,1.6071337,0.4869728,0.0147574665
9.200738,-7.2098722,1.6083314,0.48709267,0.024221133
9.198911,-7.1612115,1.6102976,0.4871905,0.031691134
9.196988,-7.112555,1.6128703,0.48728836,0.039161135
9.19494,-7.0639067,1.61605,0.4873862,0.046631135
9.192738,-7.0152707,1.6198366,0.48769838,0.05182327
9.19035,-6.966625,1.624047,0.48801053,0.057015408
9.187757,-6.9179726,1.6286819,0.48832268,0.062207542
9.1849375,-6.869316,1.6337415,0.48884863,0.065990545
9.181869,-6.8206344,1.6391141,0.48937458,0.06977354
9.178536,-6.7719297,1.6448004,0.48990056,0.07355654
9.174924,-6.723206,1.650801,0.49055615,0.07670484
9.171015,-6.674451,1.6570661,0.49121174,0.07985313
9.166796,-6.6256685,1.6635966,0.49186733,0.08300142
9.162253,-6.576862,1.6703931,0.4926134,0.08565058
9.157373,-6.5280247,1.6774166,0.49335948,0.08829973
9.1521435,-6.47916,1.6846677,0.49410558,0.09094888
9.146552,-6.430272,1.6921471,0.4949095,0.09316579
9.140588,-6.381358,1.6998208,0.49571338,0.095382705
9.134238,-6.3324223,1.7076893,0.4965173,0.09759961
9.127495,-6.283469,1.7157531,0.49737796,0.09936719
9.120345,-6.2344956,1.7239767,0.49823862,0.10113476
9.1127825,-6.185507,1.7323606,0.49909928,0.10290234
9.104796,-6.1365075,1.7409053,0.49997607,0.1043175
9.096378,-6.0874996,1.7495823,0.5008528,0.10573266
9.087521,-6.038488,1.7583919,0.5017296,0.10714781
9.0782175,-5.9894776,1.7673346,0.50257576,0.108371235
9.06846,-5.940477,1.7763944,0.5034219,0.10959466
9.058245,-5.8914905,1.7855713,0.50426805,0.11081807
9.047564,-5.8425245,1.794866,0.5043787,0.11207459
9.036427,-5.7936563,1.8042675,0.50448936,0.1133311
9.02483,-5.7448907,1.8137763,0.5046,0.11458762
9.012769,-5.696234,1.823392,0.50407773,0.115681246
9.000256,-5.6477523,1.833089,0.5035555,0.11677487
8.9872875,-5.59945,1.8428673,0.5030332,0.1178685
8.973864,-5.5513334,1.8527263,0.50230324,0.118286714
8.959987,-5.503423,1.8626059,0.50157326,0.11870494
8.945659,-5.4557242,1.8725058,0.5008433,0.11912316
8.9308815,-5.4082413,1.882426,0.5000312,0.11893974
8.915658,-5.360983,1.8923149,0.499219,0.11875633
8.899993,-5.313953,1.9021726,0.49840686,0.11857291
8.883892,-5.2671547,1.9119991,0.4975797,0.11794182
8.867357,-5.2205906,1.9217573,0.49675256,0.117310725
8.850396,-5.174264,1.9314475,0.49592543,0.11667963
8.833015,-5.1281776,1.9410697,0.49511704,0.11574407
8.815218,-5.08233,1.9505996,0.49430862,0.114808515
8.797013,-5.036724,1.9600372,0.49350023,0.11387295
8.778406,-4.991361,1.969383,0.49273488,0.11272814
8.759404,-4.9462385,1.978621,0.4919695,0.11158334
8.740013,-4.901357,1.9877512,0.4912041,0.110438526
8.720242,-4.8567185,1.9967742,0.49050754,0.108317584
8.700092,-4.812313,2.005612,0.48981097,0.10619664
8.679576,-4.7681403,2.014265,0.4891144,0.1040757
8.658702,-4.724199,2.022734,0.48844674,0.10021564
8.637479,-4.6804786,2.0308785,0.48777905,0.09635559
8.61592,-4.636976,2.0386999,0.4871114,0.09249553
8.594045,-4.593686,2.0461984,0.4864573,0.08838369
8.571867,-4.5506034,2.053355,0.48580322,0.084271856
8.549403,-4.5077233,2.0601702,0.48514912,0.080160014
8.52667,-4.46504,2.0666447,0.4850737,0.0765891
8.50366,-4.4224997,2.0728307,0.48499826,0.073018186
8.480384,-4.380098,2.0787277,0.48492283,0.06944727
8.456855,-4.3378296,2.0843358,0.48512343,0.066109784
8.433075,-4.295667,2.0896773,0.48532403,0.06277229
8.409055,-4.253606,2.0947514,0.48552462,0.0594348
8.384807,-4.2116413,2.099558,0.48575312,0.055736434
8.36034,-4.169765,2.104068,0.4859816,0.052038066
8.335669,-4.127971,2.1082811,0.4862101,0.048339702
8.310804,-4.0862546,2.1121967,0.48628476,0.04401033
8.2857685,-4.044621,2.1157625,0.48635945,0.039680958
8.260576,-4.003063,2.1189783,0.4864341,0.035351586
8.235242,-3.9615731,2.1218438,0.48644277,0.031188082
8.209785,-3.9201493,2.1243718,0.48645145,0.027024578
8.18422,-3.8787847,2.1265626,0.4864601,0.022861075
8.158562,-3.8374708,2.1284158,0.48633835,0.018404942
8.132831,-3.796211,2.1299076,0.48621657,0.01394881
8.107042,-3.7549973,2.131038,0.4860948,0.009492678
8.081213,-3.7138207,2.131807,0.48588708,0.0052123787
8.055362,-3.6726804,2.132229,0.48567933,0.00093207957
8.029505,-3.631568,2.1323047,0.48547158,-0.0033482194
8.003655,-3.5904753,2.1320336,0.48516017,-0.0066763163
7.9778337,-3.5494027,2.1314938,0.48484877,-0.010004413
7.952052,-3.5083437,2.1306853,0.48453733,-0.01333251
7.926321,-3.4672918,2.1296089,0.4843023,-0.014286715
7.9006467,-3.4262326,2.1284556,0.48406726,-0.01524092
7.875033,-3.3851645,2.127226,0.4838322,-0.016195124
7.849482,-3.3440855,2.12592,0.483679,-0.01701535
7.8239937,-3.3029866,2.1245487,0.48352575,-0.017835576
7.79857,-3.2618666,2.1231112,0.48337254,-0.018655801
7.773214,-3.2207236,2.1216085,0.48325413,-0.01891784
7.7479258,-3.179553,2.1200848,0.48313573,-0.01917988
7.722707,-3.138354,2.1185405,0.48301733,-0.019441921
7.697558,-3.0971265,2.1169755,0.48293695,-0.017918652
7.672477,-3.0558655,2.1155334,0.48285657,-0.016395384
7.647459,-3.014574,2.114214,0.4827762,-0.014872116
7.622499,-2.9732556,2.1130173,0.48271358,-0.013291866
7.5975914,-2.9319117,2.111948,0.48265097,-0.011711615
7.5727305,-2.8905458,2.111006,0.48258838,-0.010131365
7.5479116,-2.8491611,2.110191,0.48252764,-0.008772952
7.523129,-2.8077607,2.1094856,0.48246694,-0.0074145375
7.4983788,-2.766348,2.1088893,0.48240623,-0.006056124
7.4736557,-2.724925,2.1084025,0.48245755,-0.005894929
7.4489503,-2.6834857,2.1079285,0.48250884,-0.0057337345
7.424262,-2.6420302,2.1074674,0.48256016,-0.0055725398
7.3995905,-2.6005588,2.1070192,0.48269665,-0.0057224333
7.37493,-2.5590649,2.1065588,0.48283315,-0.005872327
7.350282,-2.5175476,2.1060863,0.48296964,-0.006022221
7.325647,-2.4760072,2.1056015,0.4831361,-0.0060285865
7.301023,-2.4344404,2.1051161,0.48330253,-0.0060349526
7.276411,-2.3928475,2.10463,0.48346898,-0.006041318
7.2518106,-2.3512282,2.1041431,0.48365203,-0.0060556233
7.2272215,-2.309581,2.103655,0.48383507,-0.0060699284
7.2026434,-2.2679064,2.1031656,0.48401815,-0.0060842335
7.178076,-2.226204,2.1026747,0.48420724,-0.0060754595
7.1535196,-2.1844728,2.1021845,0.4843963,-0.006066686
7.1289744,-2.1427135,2.1016946,0.4845854,-0.006057912
7.1044397,-2.1009262,2.1012053,0.48484766,-0.006127709
7.0799127,-2.059104,2.1007102,0.48510993,-0.006197506
7.0553927,-2.017247,2.1002092,0.4853722,-0.006267303
7.0308805,-1.9753551,2.0997021,0.48586386,-0.00706681
7.006365,-1.9334086,2.09913,0.48635554,-0.007866317
6.9818487,-1.8914059,2.0984924,0.48684725,-0.008665824
6.957335,-1.8493453,2.097789,0.48738632,-0.009062732
6.9328237,-1.8072212,2.097053,0.48792538,-0.009459639
6.908316,-1.7650324,2.0962837,0.48846447,-0.009856546
6.8838143,-1.7227784,2.0954814,0.48905483,-0.010269403
6.859317,-1.6804539,2.0946443,0.4896452,-0.010682261
6.8348255,-1.6380578,2.0937724,0.4902356,-0.011095119
6.8103414,-1.5955896,2.092866,0.4908419,-0.013891727
6.7858667,-1.553048,2.0917296,0.49144822,-0.016688336
6.761411,-1.510428,2.0903628,0.49205455,-0.019484943
6.736985,-1.4677241,2.088765,0.49287266,-0.015630716
6.7125854,-1.4249072,2.087481,0.49369076,-0.011776489
6.6881986,-1.3819857,2.086512,0.49450886,-0.007922262
6.663812,-1.3389677,2.085859,0.4960033,-0.0048118294
6.63938,-1.295803,2.0854614,0.49749777,-0.0017013967
6.614891,-1.2524979,2.0853202,0.4989922,0.0014090359
6.590335,-1.2090594,2.0854373,0.5006811,0.0045460286
6.56569,-1.165477,2.0858169,0.50236994,0.007683021
6.5409465,-1.121758,2.08646,0.50405884,0.0108200135
6.5160923,-1.0779091,2.087369,0.50536525,0.012072081
6.491134,-1.03397,2.0883858,0.5066717,0.013324147
6.466067,-0.9899433,2.089511,0.5079782,0.014576214
6.4408855,-0.9458323,2.090745,0.50887597,0.017184932
6.4156065,-0.9016763,2.0922024,0.5097737,0.019793648
6.3902197,-0.8574815,2.093884,0.51067144,0.022402365
6.364715,-0.81325406,2.0957904,0.51189023,0.02240017
6.3390656,-0.76896995,2.0977013,0.513109,0.022397976
6.3132696,-0.7246296,2.0996168,0.5143278,0.022395784
6.2873273,-0.68023354,2.1015363,0.51555926,0.02423442
6.261239,-0.6357831,2.1036184,0.5167907,0.026073057
6.234997,-0.591283,2.105864,0.5180221,0.027911693
6.208593,-0.5467384,2.1082735,0.5196208,0.026698668
6.1819997,-0.5021187,2.1105855,0.52121943,0.02548564
6.15522,-0.4574221,2.1127992,0.522818,0.024272615
6.128258,-0.41264668,2.114914,0.523,0.028890317
6.101196,-0.36791828,2.1174319,0.523,0.03350802
6.0740247,-0.32326463,2.120352,0.523,0.038125724
6.0467277,-0.27869785,2.1236746,0.523,0.033932675
6.0192785,-0.2342153,2.1266317,0.523,0.029739624
5.9916945,-0.1898082,2.1292236,0.523,0.025546575
5.963992,-0.1454676,2.1314502,0.523,0.027897943
5.936193,-0.101191565,2.1338818,0.523,0.030249309
5.9082885,-0.05698628,2.136518,0.523,0.03260068
5.880269,-0.012857978,2.1393592,0.523,0.02561162
5.852119,0.031199502,2.1415915,0.523,0.018622566
5.823866,0.07520083,2.1432147,0.523,0.01163351
5.795539,0.119160905,2.1442287,0.523,0.01816259
5.76717,0.16308795,2.1458118,0.523,0.024691671
5.738735,0.20696388,2.1479638,0.523,0.031220753
5.7102113,0.25077054,2.1506848,0.523,0.01274876
5.681557,0.29451716,2.151796,0.523,-0.005723232
5.652852,0.33823478,2.151297,0.523,-0.024195224
5.624177,0.3819546,2.1491883,0.523,-0.0075544775
5.5955863,0.42574638,2.1485298,0.523,0.009086269
5.567025,0.46955642,2.1493218,0.523,0.025727015
5.5384374,0.5133311,2.1515641,0.523,0.0009251535
5.5097423,0.5570561,2.1516447,0.523,-0.023876708
5.481052,0.6007663,2.1495638,0.523,-0.04867857
5.452478,0.64449674,2.1453223,0.523,-0.025220353
5.424065,0.688386,2.143124,0.523,-0.0017621338
5.39574,0.73235154,2.1429706,0.523,0.021696085
5.3674283,0.77631116,2.1448615,0.523,-0.015782958
5.3390303,0.820222,2.1434858,0.523,-0.053262003
5.3107295,0.864115,2.1388454,0.523,-0.090741046
5.2827086,0.90802,2.1309466,0.523,-0.05877758
5.2549686,0.9522508,2.1258261,0.523,-0.026814109
5.227418,0.9966838,2.1234891,0.523,0.0051493584
5.199962,1.0411965,2.123938,0.523,-0.03787874
5.1725054,1.0856655,2.120637,0.523,-0.08090684
5.145265,1.130111,2.1135924,0.523,-0.12393494
5.118458,1.1745503,2.102817,0.5192513,-0.08724751
5.0922174,1.2191284,2.0952759,0.51550263,-0.050560094
5.0664363,1.2636924,2.0909338,0.511754,-0.013872671
5.0410047,1.3080957,2.0897508,0.5160555,-0.06439849
5.0154624,1.3528138,2.0842156,0.52035713,-0.11492431
4.990073,1.3978416,2.0742705,0.523,-0.16545013
4.9651847,1.4430262,2.0599146,0.5175171,-0.122579776
4.941052,1.4883671,2.0493681,0.51203424,-0.079709426
4.9175467,1.5336736,2.042573,0.5065513,-0.036839068
4.8945413,1.5787648,2.0394635,0.5100654,-0.08778081
4.8715906,1.6240962,2.0320108,0.51357937,-0.13872255
4.8489537,1.669646,2.0201747,0.51709336,-0.18966429
4.826894,1.7153863,2.0039268,0.5128646,-0.1436295
4.8055897,1.7614574,1.991692,0.5086358,-0.097594716
4.784907,1.8076608,1.9834317,0.50440705,-0.051559925
4.7647057,1.8538065,1.9790992,0.5084327,-0.1053349
4.7446303,1.9002117,1.9701897,0.5124583,-0.15910988
4.7249546,1.9468279,1.9566574,0.51648396,-0.21288486
4.705955,1.9935987,1.9384702,0.5113085,-0.18149486
4.687878,2.0405285,1.9230883,0.50613296,-0.15010488
4.6706104,2.0874991,1.9104737,0.5009575,-0.11871489
4.654037,2.1344001,1.900585,0.5037762,-0.15449655
4.637917,2.1814952,1.8876647,0.50659496,-0.1902782
4.6224165,2.2287638,1.8716958,0.50941366,-0.22605985
4.6077027,2.2761786,1.8526659,0.5061595,-0.21554996
4.59395,2.323672,1.8346225,0.5029053,-0.20504008
4.58111,2.3712056,1.8175567,0.49965113,-0.19453019
4.569135,2.4187431,1.8014592,0.5004696,-0.20950027
4.557944,2.4663994,1.784112,0.5012881,-0.22447033
4.5475974,2.5141628,1.7655151,0.5021066,-0.23944041
4.5381594,2.5620193,1.7456685,0.50147504,-0.24192661
4.529689,2.609964,1.7256452,0.50084347,-0.24441282
4.522194,2.6579783,1.7054456,0.50021195,-0.24689904
4.515682,2.7060435,1.6850704,0.50165653,-0.25175706
4.5101423,2.7543108,1.6642429,0.50310117,-0.25661507
4.505602,2.8027613,1.642961,0.5045458,-0.2614731
4.5020876,2.851374,1.6212231,0.505716,-0.26541376
4.4996276,2.9001129,1.5991142,0.50688624,-0.26935443
4.4982443,2.948954,1.576633,0.5080564,-0.27329507
4.4979587,2.9978733,1.5537785,0.50919217,-0.27461228
4.4987926,3.0468776,1.5307652,0.5103279,-0.27592945
4.5007577,3.0959406,1.5075928,0.5114636,-0.27724665
4.503865,3.1450355,1.4842608,0.51162267,-0.273398
4.5081224,3.1941133,1.4612374,0.5117817,-0.26954937
4.5135164,3.2431476,1.438523,0.5119408,-0.26570073
4.5200315,3.2921138,1.4161184,0.5124205,-0.26370567
4.5276527,3.340994,1.3938571,0.5129002,-0.26171058
4.536373,3.3897638,1.3717397,0.5133799,-0.2597155
4.5461845,3.4384003,1.3497666,0.5136243,-0.2557121
4.557079,3.4868836,1.3281144,0.5138688,-0.25170866
4.5690384,3.535193,1.3067838,0.51411325,-0.24770522
4.582045,3.5833082,1.2857754,0.51431614,-0.24680129
4.5960684,3.6311693,1.2648338,0.514519,-0.24589737
4.6111,3.6787558,1.2439592,0.5147218,-0.24499343
4.6271315,3.7260475,1.2231516,0.51440895,-0.24500023
4.6441336,3.7729669,1.2023561,0.514096,-0.24500702
4.662096,3.819494,1.1815727,0.5137831,-0.24501382
4.6810102,3.8656096,1.1608013,0.5131384,-0.24294852
4.700864,3.9112887,1.1402273,0.5124938,-0.24088322
4.721637,3.9565158,1.1198505,0.51184916,-0.23881792
4.743311,4.0012765,1.0996705,0.5119484,-0.23740171
4.7658963,4.0456147,1.079604,0.51204765,-0.2359855
4.789379,4.0895143,1.0596511,0.51214695,-0.2345693
4.813746,4.13296,1.039812,0.51283103,-0.23132496
4.839023,4.1760035,1.020216,0.5135152,-0.22808062
4.8651934,4.218633,1.0008644,0.5141993,-0.22483627
4.89224,4.2608356,0.9817578,0.5154246,-0.22170275
4.920174,4.3026433,0.9628683,0.5166499,-0.21856923
4.9489813,4.344043,0.9441972,0.5178752,-0.21543571
4.978647,4.385022,0.92574584,0.51930296,-0.2110749
5.0091767,4.425597,0.90761256,0.5207308,-0.2067141
5.040552,4.465759,0.88979965,0.5221586,-0.20235328
5.072755,4.5055,0.8723095,0.523,-0.1835303
5.105822,4.5448794,0.85640144,0.523,-0.1647073
5.139623,4.583857,0.84210926,0.523,-0.1458843
5.1740794,4.622461,0.8294381,0.523,-0.12377928
5.209127,4.66074,0.8186762,0.523,-0.10167426
5.244673,4.6987343,0.8098289,0.523,-0.079569235
5.2806263,4.7364883,0.8029004,0.523,-0.064619645
5.3168793,4.774033,0.7972716,0.523,-0.049670063
5.353374,4.811405,0.79294384,0.523,-0.03472048
5.3900533,4.8486423,0.78991795,0.523,-0.022440672
5.4268584,4.8857813,0.7879621,0.523,-0.010160863
5.463743,4.922856,0.78707635,0.523,0.0021189451
5.500663,4.9598994,0.78726107,0.523,0.0077904104
5.5375743,4.9969487,0.78794014,0.523,0.013461876
5.5744586,5.034021,0.7891135,0.523,0.01913334
5.6112957,5.071133,0.7907812,0.523,0.025272548
5.648066,5.1083016,0.7929839,0.523,0.031411756
5.684748,5.145544,0.79572153,0.523,0.037550963
5.72132,5.1828794,0.79899395,0.523,0.044066392
5.7577605,5.220324,0.8028338,0.523,0.050581824
5.794045,5.257897,0.80724096,0.523,0.057097256
5.8301516,5.2956157,0.81221527,0.523,0.06467289
5.866053,5.3334966,0.8178486,0.523,0.07224852
5.901722,5.371559,0.82414085,0.523,0.07982415
5.9371305,5.409823,0.83109146,0.5220609,0.0855941
5.9721923,5.448245,0.83852994,0.5211217,0.09136406
6.0068865,5.486837,0.8464542,0.52018255,0.09713402
6.041194,5.525612,0.85486215,0.51712805,0.09989375
6.074965,5.5644336,0.8634575,0.5140736,0.10265348
6.1081944,5.603302,0.8722373,0.5110191,0.10541321
6.1408763,5.642217,0.8811987,0.50877184,0.10632001
6.173063,5.6812477,0.8901972,0.5065246,0.10722681
6.2047534,5.7203884,0.89923203,0.50427735,0.108133614
6.2359467,5.759635,0.90830255,0.50201404,0.10861707
6.266643,5.7989836,0.9173726,0.49975076,0.10910052
6.2968426,5.838428,0.9264417,0.4974875,0.109583974
6.3265467,5.877963,0.9355097,0.49531737,0.11051897
6.3557596,5.917588,0.94461477,0.49314728,0.111453965
6.3844814,5.9572983,0.95375633,0.49097717,0.11238895
6.412711,5.99709,0.9629337,0.48763496,0.1089773
6.440396,6.036881,0.9717731,0.48429275,0.10556565
6.46755,6.0766554,0.980278,0.4809505,0.102154
6.4941893,6.1163974,0.9884523,0.47575817,0.08972307
6.52025,6.1559715,0.9955572,0.47056583,0.077292144
6.545774,6.195337,1.001613,0.4653735,0.064861216
6.570802,6.234455,1.0066402,0.45978567,0.054454964
6.5953507,6.273251,1.0108111,0.45419785,0.044048715
6.619453,6.311696,1.0141445,0.44861,0.033642463
6.6431417,6.349763,1.0166594,0.44415998,0.023000896
6.6665077,6.387522,1.0183619,0.43970996,0.012359327
6.68958,6.4249496,1.0192677,0.43525994,0.0017177581
6.712387,6.462022,1.0193923,0.42980176,-0.004383224
6.734904,6.4986315,1.0190783,0.42434362,-0.0104842065
6.7571445,6.5347676,1.0183369,0.41888544,-0.01658519
6.779124,6.57042,1.017179,0.4126701,-0.019239616
6.8008165,6.6055164,1.0158558,0.40645474,-0.021894043
6.8222275,6.6400537,1.0143728,0.40023938,-0.024548471
6.84336,6.67403,1.0127354,0.38425967,-0.033791292
6.863696,6.7066073,1.0105717,0.36827996,-0.043034114
6.883248,6.7377768,1.0079311,0.3523003,-0.05227693
6.902021,6.7675314,1.0048629,0.34180212,-0.07776901
6.9202933,6.796295,1.0004371,0.33130395,-0.10326109
6.9380865,6.824033,0.9947455,0.3208058,-0.12875317
6.9554167,6.8507137,0.98788035,0.3091972,-0.13170412
6.972289,6.8763037,0.9811129,0.29758862,-0.13465506
6.988688,6.9008126,0.9744544,0.28598005,-0.13760601
7.0045977,6.924251,0.9679163,0.27976564,-0.13465522
7.020317,6.947087,0.96165663,0.27355126,-0.13170443
7.0358334,6.9693274,0.9556693,0.26733688,-0.12875365
7.0511327,6.99098,0.9499484,0.26006347,-0.12390195
7.066145,7.0119715,0.9445917,0.2527901,-0.11905025
7.0808554,7.032309,0.9395878,0.24551669,-0.11419855
7.0952497,7.0520005,0.93492496,0.24094991,-0.09796427
7.1094904,7.0712934,0.9309972,0.23638314,-0.08172999
7.123556,7.0901933,0.92778087,0.23181637,-0.065495715
7.1374264,7.1087055,0.92525214,0.22222555,-0.028031599
7.150791,7.126449,0.92421407,0.21263471,0.009432519
7.163601,7.1434197,0.9245483,0.2030439,0.046896636
7.1758146,7.159612,0.92613477,0.1910888,0.08591209
7.1872554,7.1748295,0.9288675,0.17913371,0.12492756
7.1978974,7.1890655,0.9325876,0.16717863,0.16394302
