2.1234872,-6.2563667,2.1012523,0.08823179,0.0
2.1190233,-6.2487564,2.1012523,0.058925632,0.09344895
2.1160553,-6.2436957,2.1021688,0.02961948,0.1868979
2.1145804,-6.2411866,2.103086,0.00031332774,0.28034684
2.1145651,-6.2411604,2.1031005,-0.0288394,0.36557275
2.1159322,-6.243481,2.1013823,-0.057992127,0.4507987
2.1185737,-6.2479835,2.097171,-0.08714485,0.5360246
2.1223378,-6.2544613,2.0897534,-0.11616693,0.59948134
2.1270947,-6.2627897,2.0788295,-0.145189,0.66293806
2.1326616,-6.272788,2.0639372,-0.17421107,0.7263948
2.1388268,-6.28426,2.0446525,-0.2030532,0.75112516
2.1455994,-6.2974663,2.0215566,-0.23189534,0.77585554
2.1528108,-6.312366,1.9944894,-0.26073748,0.80058587
2.1602747,-6.3289156,1.9632981,-0.28849164,0.8079172
2.1678998,-6.3473344,1.9285421,-0.31624582,0.8152484
2.175493,-6.367646,1.8901764,-0.34399998,0.8225797
2.182841,-6.3898664,1.8481567,-0.3697409,0.8193752
2.1897528,-6.4141426,1.8031272,-0.39548182,0.81617075
2.1959903,-6.440506,1.7551073,-0.42122272,0.8129663
2.2012966,-6.4689684,1.7041162,-0.44221494,0.80105877
2.2053874,-6.499471,1.6511909,-0.46320716,0.7891512
2.2080078,-6.5319963,1.5963969,-0.48419937,0.7772437
2.2088914,-6.566501,1.5398008,-0.50158745,0.7464706
2.2077503,-6.6033044,1.4830334,-0.51897556,0.71569747
2.2043176,-6.6423173,1.4262795,-0.523,0.68492436
2.1984844,-6.6823997,1.3711367,-0.523,0.65682733
2.1902697,-6.7229953,1.3179121,-0.523,0.6287303
2.1796865,-6.7639484,1.2666478,-0.523,0.60063326
2.166765,-6.8051147,1.2173842,-0.523,0.58040833
2.1516283,-6.846147,1.169585,-0.523,0.56018347
2.134325,-6.8869348,1.1232698,-0.523,0.5399586
2.1149127,-6.9273763,1.0784574,-0.523,0.5246216
2.0935159,-6.9672666,1.0347968,-0.523,0.50928456
2.070196,-7.0065255,0.9922985,-0.523,0.4939476
2.0450182,-7.045081,0.95097226,-0.523,0.4902492
2.018216,-7.0826383,0.9099302,-0.523,0.4865508
1.9898394,-7.1191354,0.8691729,-0.523,0.48285243
1.9599413,-7.1545153,0.8287007,-0.523,0.48277414
1.9286349,-7.1886573,0.78823465,-0.523,0.48269582
1.8959715,-7.2215066,0.7477746,-0.523,0.48261753
1.8620048,-7.253009,0.70732063,-0.5225974,0.4782726
1.8267391,-7.283157,0.66723335,-0.52219474,0.47392768
1.7902399,-7.3119097,0.6275131,-0.5217921,0.46958274
1.7525734,-7.3392296,0.58816004,-0.52107066,0.44970575
1.7135324,-7.365266,0.5504084,-0.52034914,0.42982876
1.6732167,-7.390006,0.5142689,-0.51962763,0.40995175
1.6317239,-7.413449,0.4797513,-0.5178153,0.38943693
1.5892276,-7.4355593,0.446985,-0.5160029,0.3689221
1.5458275,-7.4563627,0.41597235,-0.51419055,0.3484073
1.5016192,-7.4758916,0.38671482,-0.51184374,0.33325803
1.4568228,-7.4941335,0.3588088,-0.5094969,0.31810877
1.4115112,-7.5111275,0.3322495,-0.50715005,0.30295947
1.365753,-7.526916,0.30703178,-0.505325,0.29593557
1.3196777,-7.5415244,0.28247005,-0.5034999,0.28891164
1.2733271,-7.554977,0.25856143,-0.50167483,0.2818877
1.2267416,-7.567298,0.235303,-0.5009598,0.27488726
1.179855,-7.5785384,0.2126397,-0.5002448,0.26788682
1.1327013,-7.5887194,0.19057105,-0.4995298,0.26088634
1.0853124,-7.5978613,0.16909651,-0.49930066,0.258129
1.037725,-7.6059856,0.1478536,-0.49907154,0.25537166
0.98996323,-7.613099,0.12684228,-0.49884242,0.25261432
0.9420502,-7.6192093,0.10606248,-0.49903688,0.24899726
0.8939574,-7.6243296,0.085566014,-0.49923137,0.24538018
0.8457068,-7.628468,0.06535337,-0.49942583,0.24176311
0.79732025,-7.631635,0.04542505,-0.49980858,0.23879738
0.7488078,-7.63384,0.025721403,-0.50019133,0.23583166
0.70018923,-7.635091,0.006242977,-0.5005741,0.23286593
0.6514839,-7.635395,-0.013009691,-0.50103235,0.23009257
0.60270524,-7.6347604,-0.03205457,-0.50149065,0.22731921
0.5538714,-7.6331944,-0.050891105,-0.50194895,0.22454585
0.505,-7.6307054,-0.06951873,-0.5022018,0.22152689
0.45612535,-7.627302,-0.08790932,-0.5024547,0.21850792
0.40726402,-7.622996,-0.10606244,-0.50270754,0.21548896
0.3584319,-7.617797,-0.12397769,-0.50261456,0.21115509
0.30966398,-7.6117196,-0.1415348,-0.50252163,0.20682123
0.26097453,-7.604782,-0.1587336,-0.50242865,0.20248736
0.21237691,-7.5970025,-0.17557389,-0.5027024,0.20276873
0.16389355,-7.5884013,-0.19244643,-0.50297624,0.2030501
0.1155387,-7.578979,-0.20935127,-0.50325,0.20333147
0.06732659,-7.5687356,-0.22628842,-0.5044814,0.20309517
0.01917502,-7.5576496,-0.24324755,-0.5057127,0.20285888
-0.028901018,-7.545719,-0.26022857,-0.506944,0.20262258
-0.076886415,-7.5329423,-0.2772314,-0.50846744,0.20841436
-0.12473337,-7.519327,-0.2947658,-0.5099909,0.21420614
-0.1724176,-7.5048494,-0.31283408,-0.5115143,0.21999793
-0.21991338,-7.4894867,-0.3314385,-0.51344883,0.22601609
-0.26722905,-7.4732037,-0.35061553,-0.51538336,0.23203425
-0.3143347,-7.455976,-0.37036827,-0.5173179,0.23805241
-0.3611988,-7.4377794,-0.39069974,-0.5194208,0.24187571
-0.4078286,-7.418574,-0.4114354,-0.5215238,0.245699
-0.45419317,-7.398343,-0.4325775,-0.523,0.2495223
-0.5002052,-7.377097,-0.45410252,-0.523,0.25158
-0.54572535,-7.354878,-0.47580132,-0.523,0.25363767
-0.59072876,-7.3316884,-0.49767378,-0.523,0.25569537
-0.6351904,-7.307533,-0.5197198,-0.523,0.25228906
-0.6791476,-7.282381,-0.54147846,-0.523,0.24888271
-0.722585,-7.256256,-0.5629495,-0.523,0.24547638
-0.76548845,-7.2291813,-0.58413255,-0.5221068,0.24046238
-0.80778897,-7.2012167,-0.604856,-0.52121365,0.23544838
-0.8494803,-7.1723957,-0.6251207,-0.52032053,0.23043437
-0.8905574,-7.1427517,-0.6449276,-0.5185914,0.22611514
-0.93094534,-7.1123705,-0.66430503,-0.5168623,0.2217959
-0.9706434,-7.081286,-0.68325514,-0.51513314,0.21747667
-1.009652,-7.0495305,-0.70177984,-0.5134629,0.21105954
-1.0479949,-7.017118,-0.7197079,-0.5117926,0.2046424
-1.0856785,-6.9840865,-0.73704207,-0.51012236,0.19822526
-1.1227113,-6.950473,-0.75378513,-0.50868124,0.19078031
-1.1591265,-6.91629,-0.7698616,-0.5072402,0.18333536
-1.1949363,-6.881576,-0.7852741,-0.50579906,0.17589042
-1.2301543,-6.846367,-0.8000253,-0.50473416,0.16886172
-1.2648184,-6.810673,-0.8141629,-0.50366926,0.161833
-1.2989423,-6.7745275,-0.82768875,-0.5026044,0.1548043
-1.3325409,-6.73796,-0.84060454,-0.5029188,0.14811343
-1.365719,-6.7009006,-0.85297406,-0.5032332,0.14142255
-1.3984884,-6.663373,-0.864796,-0.50354755,0.13473168
-1.4308623,-6.6254025,-0.8760691,-0.504401,0.12574932
-1.4628979,-6.586959,-0.8866126,-0.5052545,0.11676697
-1.4946145,-6.5480714,-0.8964231,-0.506108,0.10778461
-1.5260329,-6.508769,-0.9054973,-0.50656074,0.09812849
-1.5571522,-6.4691076,-0.9137687,-0.5070135,0.08847238
-1.5879978,-6.429119,-0.9212351,-0.50746626,0.078816265
-1.618596,-6.3888326,-0.92789423,-0.5080882,0.07470627
-1.6489719,-6.3482804,-0.9342146,-0.50871,0.07059627
-1.6791369,-6.3074756,-0.94019514,-0.50933194,0.06648628
-1.7091023,-6.266429,-0.94583493,-0.51115656,0.06192111
-1.738951,-6.2250543,-0.9511068,-0.5129812,0.05735594
-1.768695,-6.1833634,-0.95600784,-0.5148058,0.052790772
-1.7983469,-6.1413674,-0.9605352,-0.5176238,0.048594475
-1.827976,-6.0989985,-0.96472585,-0.52044183,0.044398177
-1.8575933,-6.056266,-0.9685757,-0.523,0.04020188
-1.887196,-6.013201,-0.97207904,-0.523,0.03366641
-1.9166547,-5.970023,-0.9750131,-0.523,0.027130937
-1.9459924,-5.9267497,-0.97737765,-0.523,0.020595467
-1.9752322,-5.8834004,-0.97917277,-0.523,0.01933756
-2.004395,-5.839998,-0.98085827,-0.523,0.01807965
-2.0334852,-5.7965446,-0.98243415,-0.523,0.016821742
-2.0625076,-5.753045,-0.98390037,-0.523,0.014870179
-2.0914671,-5.7095017,-0.9851965,-0.523,0.012918616
-2.1203709,-5.6659193,-0.9863225,-0.523,0.010967052
-2.1492262,-5.6223035,-0.98727846,-0.523,0.0149382595
-2.1780384,-5.578663,-0.9885805,-0.523,0.018909466
-2.2067916,-5.534987,-0.9902287,-0.523,0.022880673
-2.2354705,-5.4912677,-0.99222296,-0.523,0.023177493
-2.2640622,-5.4474916,-0.9942431,-0.523,0.023474311
-2.292565,-5.4036584,-0.9962891,-0.523,0.023771131
-2.320978,-5.359767,-0.99836093,-0.523,0.019781625
-2.3493023,-5.315813,-1.0000851,-0.523,0.01579212
-2.3775527,-5.271807,-1.0014616,-0.523,0.011802614
-2.4057443,-5.22776,-1.0024904,-0.523,0.011760426
-2.4338906,-5.183684,-1.0035155,-0.523,0.011718238
-2.4619915,-5.139579,-1.0045369,-0.523,0.011676049
-2.4900475,-5.095445,-1.0055547,-0.523,0.01282959
-2.518058,-5.051284,-1.006673,-0.523,0.01398313
-2.5460188,-5.0070915,-1.0078918,-0.523,0.015136671
-2.5739253,-4.962866,-1.0092111,-0.523,0.017735004
-2.601772,-4.918606,-1.010757,-0.523,0.020333339
-2.6295493,-4.8743043,-1.0125293,-0.523,0.02293167
-2.657246,-4.8299565,-1.0145279,-0.523,0.033377122
-2.6848462,-4.7855663,-1.0174367,-0.523,0.043822575
-2.712306,-4.741114,-1.0212554,-0.523,0.054268025
-2.7395818,-4.6965804,-1.0259835,-0.5020198,0.06443012
-2.7655454,-4.6537356,-1.0313705,-0.48103967,0.07459221
-2.790185,-4.612577,-1.0373453,-0.4600595,0.0847543
-2.8134954,-4.5731053,-1.0438362,-0.4330824,0.11278882
-2.8351371,-4.53591,-1.0519601,-0.4061053,0.14082333
-2.8550754,-4.5009933,-1.0614601,-0.3791282,0.16885786
-2.8732986,-4.4683633,-1.0720793,-0.35104236,0.18896005
-2.88979,-4.4380836,-1.0830691,-0.3229565,0.20906225
-2.904595,-4.410175,-1.0942403,-0.29487064,0.22916444
-2.9177675,-4.3846583,-1.1054044,-0.26751393,0.24206953
-2.9294229,-4.3614492,-1.1160921,-0.24015722,0.25497463
-2.9396296,-4.340571,-1.1261876,-0.21280049,0.26787972
-2.9484558,-4.3220453,-1.135575,-0.19432959,0.29449037
-2.9562962,-4.3051825,-1.1449759,-0.17585869,0.321101
-2.9631891,-4.2899857,-1.1542264,-0.1573878,0.34771162
-2.9691763,-4.276454,-1.1631646,-0.14540778,0.34558818
-2.9745998,-4.263894,-1.1713741,-0.13342775,0.34346473
-2.9794858,-4.2523193,-1.1788628,-0.12144774,0.3413413
-2.9838572,-4.241743,-1.1856385,-0.12195937,0.32058868
-2.9882057,-4.2310166,-1.192044,-0.122471,0.29983607
-2.9925323,-4.220145,-1.1980729,-0.12298263,0.27908343
-2.9968374,-4.2091346,-1.2037194,-0.1229568,0.26463124
-3.0010965,-4.198057,-1.2090793,-0.12293097,0.25017908
-3.0053113,-4.186918,-1.2141517,-0.122905135,0.2357269
-3.0094836,-4.1757193,-1.2189358,-0.122689575,0.22127745
-3.013609,-4.1644826,-1.2234237,-0.12247402,0.206828
-3.0176895,-4.153212,-1.2276156,-0.12225846,0.19237855
-3.0217273,-4.1419115,-1.2315115,-0.12220446,0.17508009
-3.0257323,-4.1305637,-1.2350591,-0.12215045,0.15778165
-3.0297067,-4.119174,-1.238258,-0.12209645,0.1404832
-3.0336533,-4.107747,-1.2411073,-0.12178085,0.123999335
-3.0375657,-4.0963135,-1.2436178,-0.12146526,0.10751547
-3.0414467,-4.0848775,-1.2457901,-0.12114966,0.091031596
-3.045299,-4.0734444,-1.2476256,-0.117764674,0.082687154
-3.0490263,-4.0623155,-1.2492467,-0.11437969,0.074342705
-3.0526311,-4.051494,-1.2506627,-0.1109947,0.065998256
-3.0561163,-4.0409813,-1.2518827,-0.1070518,0.0802845
-3.059462,-4.0308485,-1.2533135,-0.10310889,0.09457074
-3.0626664,-4.0210967,-1.2549363,-0.09916598,0.10885699
-3.0657287,-4.011727,-1.2567319,-0.09985504,0.12184799
-3.0687907,-4.0023,-1.2587547,-0.10054411,0.13483898
-3.0718493,-3.9928179,-1.2610074,-0.10123317,0.14782998
-3.0749018,-3.9832816,-1.2634926,-0.10424463,0.16001216
-3.0780149,-3.9734726,-1.2662609,-0.10725608,0.17219432
-3.0811834,-3.9633918,-1.2693238,-0.110267535,0.18437648
-3.084402,-3.9530408,-1.272693,-0.11663222,0.21146451
-3.0877514,-3.9421403,-1.2767731,-0.122996904,0.23855254
-3.091215,-3.9307017,-1.281617,-0.12936158,0.2656406
-3.0947745,-3.9187376,-1.2872772,-0.13958964,0.30246735
-3.098502,-3.9059443,-1.2942073,-0.14981768,0.33929408
-3.10236,-3.8923538,-1.3025178,-0.16004571,0.37612084
-3.1063056,-3.8780003,-1.3123156,-0.1695169,0.4000535
-3.1102967,-3.862906,-1.3233192,-0.1789881,0.42398617
-3.1142929,-3.8470888,-1.3355917,-0.18845929,0.44791883
-3.1182516,-3.8305697,-1.349195,-0.19438735,0.41824913
-3.1221557,-3.813241,-1.3623538,-0.2003154,0.38857943
-3.125992,-3.7951043,-1.3750029,-0.20624346,0.35890976
-3.1297486,-3.7761629,-1.3870767,-0.2072801,0.3245978
-3.1333377,-3.756848,-1.3980947,-0.20831674,0.2902859
-3.1367676,-3.7371848,-1.4080323,-0.2093534,0.25597394
-3.1400497,-3.7171993,-1.4168665,-0.20302643,0.23302071
-3.1430783,-3.6976788,-1.4246804,-0.19669947,0.21006748
-3.1458793,-3.6786463,-1.4315164,-0.1903725,0.18711424
