-5.199336,-9.274909,0.42124766,0.07814067,0.0
-5.1922054,-9.271714,0.42124766,0.10788166,0.099966094
-5.1824093,-9.267324,0.4230421,0.13762265,0.19993219
-5.17011,-9.261787,0.42759746,0.16736364,0.2998983
-5.1555605,-9.2551565,0.43583795,0.19703497,0.39980733
-5.1391077,-9.247495,0.44862032,0.2267063,0.49971634
-5.121178,-9.238864,0.4667257,0.25637764,0.5996254
-5.102277,-9.229341,0.49083945,0.28574613,0.6987684
-5.082982,-9.219028,0.521475,0.31511462,0.79791135
-5.063905,-9.208068,0.5590734,0.3444831,0.8970543
-5.0456843,-9.196669,0.60394186,0.373334,0.98122627
-5.028599,-9.18488,0.65565985,0.40218487,1.0
-5.0113745,-9.171632,0.7120643,0.43103576,1.0
-4.9937444,-9.156415,0.772515,0.45784944,1.0
-4.9760284,-9.13915,0.8367261,0.48466316,1.0
-4.958486,-9.119707,0.90469784,0.5114769,1.0
-4.9414096,-9.09798,0.97643,0.523,1.0
-4.9255857,-9.074568,1.0497782,0.523,1.0
-4.91152,-9.050059,1.1231264,0.523,1.0
-4.899288,-9.024586,1.1964747,0.523,0.956749
-4.88827,-8.996538,1.267718,0.523,0.91349804
-4.8787327,-8.966041,1.3367231,0.523,0.8702471
-4.870913,-8.933246,1.403361,0.523,0.84704185
-4.8651414,-8.8990965,1.4686772,0.523,0.82383657
-4.861519,-8.863749,1.5326363,0.523,0.8006313
-4.86013,-8.827361,1.5952042,0.523,0.7669352
-4.8610487,-8.789714,1.6556919,0.523,0.73323923
-4.8643436,-8.750995,1.7140309,0.523,0.69954324
-4.870056,-8.711388,1.7701547,0.523,0.6805223
-4.878106,-8.671543,1.8249998,0.523,0.6615014
-4.888484,-8.6316,1.8785465,0.523,0.64248043
-4.901168,-8.591696,1.9307753,0.523,0.6158431
-4.9162064,-8.551741,1.9811269,0.523,0.58920574
-4.9335513,-8.5118685,2.0295656,0.523,0.56256837
-4.953143,-8.472203,2.0760567,0.523,0.5463147
-4.9747734,-8.4331,2.1213434,0.523,0.530061
-4.9983797,-8.394644,2.1654136,0.523,0.51380736
-5.023895,-8.3569145,2.2082558,0.523,0.49604595
-5.0512695,-8.319951,2.249743,0.523,0.47828457
-5.080427,-8.283816,2.289862,0.523,0.46052316
-5.1112876,-8.248565,2.3286004,0.523,0.4414988
-5.143788,-8.214219,2.3658462,0.523,0.4224744
-5.1778417,-8.180817,2.4015863,0.523,0.40345004
-5.2133627,-8.148382,2.4358072,0.523,0.38961312
-5.250185,-8.117002,2.468916,0.523,0.37577623
-5.2882376,-8.086688,2.5009055,0.523,0.3619393
-5.3274493,-8.057451,2.5317702,0.523,0.3449387
-5.367797,-8.029263,2.5612447,0.523,0.32793808
-5.409203,-8.002113,2.5893204,0.523,0.31093743
-5.451593,-7.9759912,2.6159892,0.523,0.29701057
-5.4948525,-7.9508996,2.6414995,0.523,0.2830837
-5.538921,-7.9268193,2.6658468,0.523,0.26915684
-5.5837393,-7.9037285,2.689026,0.523,0.2544802
-5.629259,-7.8815956,2.7109697,0.523,0.23980355
-5.6754246,-7.8603883,2.7316728,0.523,0.22512689
-5.7221813,-7.8400707,2.7511308,0.523,0.21699348
-5.7694106,-7.8206315,2.7698975,0.523,0.20886005
-5.8170805,-7.802049,2.787971,0.523,0.20072664
-5.865159,-7.7843013,2.8053503,0.523,0.18816729
-5.913659,-7.76735,2.8216558,0.523,0.17560795
-5.9625416,-7.7511544,2.8368843,0.523,0.1630486
-6.0117707,-7.7356715,2.851034,0.523,0.1509727
-6.0613084,-7.7208586,2.8641436,0.523,0.1388968
-6.111124,-7.7066717,2.876212,0.523,0.12682089
-6.1611876,-7.6930647,2.8872368,0.523,0.1133807
-6.21148,-7.6799893,2.8970988,0.523,0.09994051
-6.2619715,-7.6673923,2.9057958,0.523,0.08650032
-6.312634,-7.65522,2.9133263,0.52247596,0.07672274
-6.3633766,-7.6434317,2.9200008,0.52195185,0.066945165
-6.4141817,-7.6319857,2.92582,0.5214278,0.05716759
-6.465032,-7.62084,2.9307854,0.5205357,0.04690636
-6.5158772,-7.60996,2.9348533,0.5196436,0.036645126
-6.566701,-7.5993004,2.9380264,0.5187515,0.026383895
-6.617487,-7.5888166,2.9403071,0.5178552,0.017957455
-6.668219,-7.578465,2.941857,0.5169589,0.0095310155
-6.718885,-7.5682087,2.9426782,0.5160626,0.0011045753
-6.7694736,-7.5580106,2.9427733,0.5154997,-0.0076553524
-6.8200064,-7.547829,2.9421155,0.5149368,-0.01641528
-6.8704724,-7.5376267,2.9407067,0.51437384,-0.025175208
-6.9208593,-7.5273666,2.9385488,0.5141188,-0.031502843
-6.97119,-7.5170045,2.93585,0.51386374,-0.03783048
-7.0214567,-7.506514,2.9326108,0.51360863,-0.044158112
-7.071651,-7.4958687,2.9288318,0.5131897,-0.048782848
-7.121753,-7.485045,2.9246612,0.5127707,-0.053407587
-7.171757,-7.4740243,2.920099,0.51235175,-0.058032323
-7.2216563,-7.4627876,2.915146,0.512985,-0.06307457
-7.271546,-7.451293,2.9097571,0.5136183,-0.06811681
-7.321418,-7.4395194,2.9039307,0.51425153,-0.073159054
-7.3712635,-7.4274445,2.8976657,0.51431173,-0.071049914
-7.4210463,-7.415055,2.8915806,0.5143719,-0.06894078
-7.470766,-7.4023585,2.8856752,0.5144321,-0.06683165
-7.5204225,-7.3893657,2.8799493,0.51576596,-0.06488434
-7.570139,-7.3760524,2.8743758,0.5170999,-0.062937036
-7.619915,-7.3624253,2.8689551,0.5184338,-0.060989726
-7.6697507,-7.3484917,2.8636887,0.5143583,-0.058816828
-7.7191277,-7.334405,2.8586493,0.5102827,-0.056643926
-7.7680483,-7.3201814,2.8538346,0.50620717,-0.054471027
-7.8165154,-7.3058367,2.8492413,0.4944475,-0.05213008
-7.863798,-7.2916055,2.844947,0.48268783,-0.04978913
-7.909901,-7.2775135,2.8409433,0.4709282,-0.04744818
-7.954831,-7.263583,2.8372207,0.45225352,-0.03429904
-7.9979525,-7.250037,2.834636,0.43357888,-0.021149898
-8.039274,-7.2369394,2.8331077,0.4149042,-0.008000756
-8.078805,-7.2243423,2.8325543,0.39438358,-0.0009461284
-8.116375,-7.2123475,2.832492,0.37386295,0.0061084987
-8.151989,-7.200975,2.8328729,0.3533423,0.013163125
-8.18565,-7.19024,2.833648,0.33041534,0.00023348928
-8.217136,-7.180225,2.8336608,0.30748835,-0.012696147
-8.246437,-7.170906,2.8330102,0.2845614,-0.025625784
-8.27354,-7.1622667,2.831795,0.2636599,-0.039332617
-8.298632,-7.154235,2.830067,0.24275842,-0.05303945
-8.321707,-7.1468043,2.827922,0.22185694,-0.06674628
-8.342763,-7.139974,2.825456,0.20295304,-0.08370032
-8.361984,-7.1336865,2.822628,0.18404913,-0.10065436
-8.379373,-7.1279445,2.8195457,0.16514523,-0.117608406
-8.39493,-7.1227536,2.8163161,0.15197362,-0.14926513
-8.40917,-7.117951,2.8125494,0.13880202,-0.18092184
-8.4220915,-7.1135387,2.8083868,0.12563042,-0.21257856
-8.433696,-7.1095223,2.8039691,0.114129364,-0.23234352
-8.444176,-7.105843,2.7995892,0.10262831,-0.2521085
-8.453538,-7.10251,2.7953224,0.091127254,-0.27187347
-8.461795,-7.099531,2.791244,0.08685996,-0.2844794
-8.469625,-7.0966697,2.7871811,0.08259266,-0.29708531
-8.477033,-7.093929,2.7831514,0.07832536,-0.3
-8.484039,-7.091304,2.7792935,0.075008325,-0.3
-8.49074,-7.088764,2.7755992,0.07169128,-0.3
-8.497135,-7.086313,2.7720683,0.06837425,-0.3
-8.503226,-7.083954,2.7687006,0.06785263,-0.2977325
-8.509268,-7.0815907,2.765383,0.067331016,-0.295465
-8.515259,-7.079224,2.7621155,0.0668094,-0.29319748
-8.521199,-7.0768547,2.7588973,0.06305794,-0.2899536
-8.526805,-7.0745983,2.7558925,0.059306476,-0.2867097
-8.532075,-7.0724583,2.7530973,0.055555012,-0.2834658
-8.537012,-7.070438,2.7505076,0.058119956,-0.286623
-8.542166,-7.0683126,2.7477689,0.060684897,-0.2897802
-8.547536,-7.066081,2.744879,0.06324984,-0.29293743
-8.553122,-7.0637417,2.7418349,0.0565797,-0.2875426
-8.558119,-7.06163,2.7391605,0.049909562,-0.2821478
-8.56253,-7.0597525,2.7368445,0.043239426,-0.27675298
-8.566353,-7.0581145,2.7348754,0.049697194,-0.28417298
-8.570734,-7.056227,2.7325532,0.056154963,-0.29159302
-8.575669,-7.054088,2.7298627,0.06261273,-0.29901305
-8.581153,-7.0516934,2.7267888,0.051417273,-0.2886514
-8.585664,-7.049707,2.7243493,0.040221814,-0.2782898
-8.589199,-7.04814,2.7225077,0.029026354,-0.26792815
-8.591756,-7.047001,2.7212272,0.04343353,-0.2979909
-8.595547,-7.0453067,2.7191017,0.0578407,-0.3
-8.600586,-7.0430408,2.7162528,0.07224788,-0.3
-8.6068735,-7.0401926,2.7126944,0.05468547,-0.28007782
-8.611652,-7.0380073,2.710175,0.037123065,-0.26015565
-8.614911,-7.036507,2.7085834,0.01956066,-0.24023348
-8.616636,-7.03571,2.7078078,0.039171003,-0.28377554
-8.6200485,-7.034129,2.7059798,0.058781344,-0.3
-8.625139,-7.0317597,2.7030847,0.078391686,-0.3
-8.63192,-7.02858,2.6992238,0.05781756,-0.27524704
-8.636949,-7.026198,2.6966047,0.037243437,-0.25049406
-8.640205,-7.024645,2.695066,0.01666931,-0.22574112
-8.64167,-7.0239434,2.6944442,0.037358496,-0.26592654
-8.64492,-7.0223846,2.692808,0.058047682,-0.3
-8.649917,-7.019979,2.6899488,0.07873687,-0.3
-8.656685,-7.016696,2.6860707,0.057347126,-0.27232784
-8.661645,-7.014266,2.6834998,0.035957385,-0.24465568
-8.664774,-7.012723,2.6820483,0.014567643,-0.21698353
-8.666049,-7.012092,2.6815255,0.03545379,-0.2530065
-8.669125,-7.010568,2.6800466,0.05633994,-0.28902942
-8.67396,-7.008163,2.67737,0.07722609,-0.3
-8.680556,-7.00486,2.6735666,0.055599812,-0.26961476
-8.68534,-7.0024424,2.6710982,0.033973537,-0.23922953
-8.688281,-7.000946,2.6697564,0.012347266,-0.2088443
-8.689358,-7.000397,2.66933,0.03310697,-0.24202335
-8.69222,-6.9989347,2.6680074,0.053866673,-0.2752024
-8.696834,-6.9965706,2.6655679,0.07462638,-0.3
-8.70317,-6.993304,2.6618922,0.052850366,-0.26911032
-8.707689,-6.990952,2.6595502,0.031074354,-0.23822065
-8.710365,-6.9895525,2.658328,0.00929834,-0.20733097
