-3.7397084,0.5153909,2.9303455,0.32171002,0.0
-3.7711644,0.52213645,2.9303455,0.3450168,0.011266386
-3.8048968,0.5293703,2.9309933,0.3683236,0.022532772
-3.8409064,0.537068,2.9323764,0.39163038,0.03379916
-3.8791935,0.54519725,2.9345822,0.41807947,-0.020258617
-3.9201005,0.5537885,2.9331706,0.44452852,-0.0743164
-3.9634712,0.5629611,2.9276698,0.4709776,-0.12837417
-4.0091166,0.57287747,2.9176204,0.4969771,-0.19322538
-4.056671,0.58371013,2.9017153,0.5229766,-0.25807658
-4.105789,0.5957237,2.8794694,0.523,-0.3
-4.1540465,0.608671,2.85371,0.523,-0.3
-4.2019544,0.6228569,2.8279505,0.523,-0.3
-4.249481,0.6382721,2.8021908,0.523,-0.3
-4.296595,0.65490633,2.7764313,0.523,-0.3
-4.343265,0.6727485,2.7506719,0.523,-0.3
-4.3894596,0.6917868,2.7249124,0.523,-0.3
-4.4351487,0.71200866,2.6991527,0.523,-0.3
-4.480302,0.7334006,2.6733932,0.523,-0.3
-4.5248885,0.75594836,2.6476338,0.523,-0.3
-4.56888,0.7796371,2.6218743,0.523,-0.3
-4.612247,0.80445105,2.5961149,0.523,-0.3
-4.65496,0.83037376,2.5703552,0.523,-0.3
-4.696992,0.857388,2.5445957,0.5164826,-0.3
-4.7377987,0.8851259,2.5191572,0.5099652,-0.3
-4.7773805,0.91352975,2.4940398,0.5034478,-0.3
-4.8157406,0.94254315,2.4692433,0.49023443,-0.3
-4.852381,0.97171247,2.4450974,0.47702104,-0.3
-4.887339,1.0009482,2.4216027,0.46380767,-0.3
-4.9206514,1.0301646,2.3987586,0.44585654,-0.29217088
-4.9520993,1.0590434,2.377355,0.4279054,-0.28434175
-4.98175,1.0874649,2.3573487,0.40995428,-0.27651262
-5.0096693,1.1153197,2.3386955,0.39071655,-0.2353232
-5.0360613,1.142652,2.3235126,0.37147883,-0.19413379
-5.0609794,1.1692545,2.3115685,0.35224107,-0.15294439
-5.084473,1.1949447,2.3026245,0.33307025,-0.10069054
-5.106617,1.219598,2.2970445,0.31389943,-0.0484367
-5.127438,1.24304,2.2945113,0.29472858,0.003817141
-5.146954,1.2651253,2.294699,0.27570003,0.05546832
-5.165186,1.2857497,2.2972465,0.25667146,0.1071195
-5.1821365,1.3048269,2.30182,0.2376429,0.15877068
-5.197803,1.3222966,2.308082,0.22173439,0.21069285
-5.21238,1.3383485,2.315811,0.2058259,0.26261503
-5.2258563,1.3529596,2.3247166,0.18991739,0.31453717
-5.2382183,1.3661256,2.3345091,0.17753293,0.36692715
-5.2496796,1.3780947,2.3451242,0.16514845,0.41931713
-5.2602267,1.3888782,2.3563304,0.15276398,0.4717071
-5.2698503,1.3984994,2.3679001,0.13926382,0.5240468
-5.2784758,1.4069248,2.3795145,0.12576367,0.57638645
-5.2861032,1.4142051,2.3909378,0.112263516,0.6287261
-5.2927427,1.4203985,2.4019418,0.09717383,0.69673526
-5.2982483,1.4254217,2.412335,0.08208415,0.76474434
-5.3026648,1.4293683,2.4218068,0.06699447,0.8327535
-5.306054,1.4323398,2.430067,0.046513814,0.9098275
-5.3082166,1.4342043,2.4361866,0.026033157,0.98690146
-5.3093095,1.4351348,2.4398067,0.0055525014,1.0
-5.3095384,1.4353285,2.4405854,-0.019045413,1.0
-5.308752,1.4346648,2.4379144,-0.04364333,1.0
-5.3069544,1.4331391,2.4317935,-0.06824124,1.0
-5.3041577,1.4307363,2.422223,-0.095119074,1.0
-5.3002915,1.4273499,2.408883,-0.12199691,1.0
-5.2953916,1.422941,2.3917735,-0.14887474,1.0
-5.2895055,1.4174591,2.3708947,-0.17695509,1.0
-5.282646,1.4107985,2.3460774,-0.20503545,1.0
-5.2748923,1.4028864,2.3173223,-0.23311579,1.0
-5.266339,1.3936408,2.2846289,-0.26016364,1.0
-5.2571354,1.3830159,2.2481422,-0.28721148,1.0
-5.24741,1.3709235,2.2078621,-0.31425932,1.0
-5.23731,1.3572747,2.1637888,-0.33924767,1.0
-5.2270665,1.3420744,2.116211,-0.36423603,1.0
-5.216857,1.3252499,2.0651286,-0.38922438,1.0
-5.2068796,1.3067377,2.010542,-0.41267473,1.0
-5.1973877,1.2865621,1.9526662,-0.4361251,1.0
-5.1886063,1.2646954,1.8915018,-0.45957544,1.0
-5.1807785,1.2411305,1.8270485,-0.47900915,1.0
-5.174219,1.2160946,1.7598698,-0.49844283,1.0
-5.1691575,1.1896436,1.6899656,-0.51787657,1.0
-5.1658306,1.1618611,1.6173359,-0.523,1.0
-5.164516,1.1336339,1.5439878,-0.523,1.0
-5.1652737,1.1053861,1.4706395,-0.523,1.0
-5.168099,1.07727,1.3972913,-0.523,1.0
-5.1729774,1.0494365,1.323943,-0.523,1.0
-5.179882,1.0220352,1.2505949,-0.523,1.0
-5.1887765,0.99521375,1.1772466,-0.523,1.0
-5.1996126,0.96911615,1.1038984,-0.523,1.0
-5.212332,0.94388276,1.0305501,-0.523,1.0
-5.2268662,0.91964936,0.95720196,-0.523,1.0
-5.2431374,0.89654624,0.88385373,-0.523,1.0
-5.261058,0.8746976,0.8105055,-0.523,1.0
-5.2805314,0.85422105,0.7371573,-0.523,0.98405313
-5.3019695,0.8347572,0.6645694,-0.523,0.9681062
-5.3253074,0.8164734,0.5927603,-0.523,0.9521593
-5.350463,0.79952943,0.52174824,-0.523,0.9173772
-5.3780265,0.7836837,0.45253706,-0.523,0.882595
-5.407901,0.7691591,0.38521042,-0.523,0.8478129
-5.439968,0.75615686,0.3198498,-0.523,0.7982498
-5.4746203,0.74467933,0.25742665,-0.523,0.7486867
-5.5116715,0.7349248,0.19809428,-0.523,0.69912356
-5.5509195,0.7270467,0.14199843,-0.523,0.64830434
-5.592189,0.7211468,0.08936409,-0.523,0.5974851
-5.6352553,0.71728796,0.040327165,-0.523,0.54666597
-5.679897,0.7154867,-0.0049857274,-0.523,0.49897364
-5.7258196,0.71571565,-0.046697117,-0.523,0.4512813
-5.772833,0.7179126,-0.084712155,-0.523,0.403589
-5.8207583,0.72198224,-0.11894438,-0.523,0.37147236
-5.869147,0.7277651,-0.15058482,-0.523,0.3393557
-5.917906,0.7351635,-0.17960082,-0.523,0.30723906
-5.966955,0.7440687,-0.20596246,-0.523,0.26769456
-6.0163264,0.75438356,-0.22901882,-0.523,0.22815005
-6.065941,0.7659492,-0.24873382,-0.523,0.18860556
-6.115732,0.7785959,-0.26507664,-0.523,0.14820126
-6.1656523,0.79214746,-0.2779476,-0.523,0.107796945
-6.2156534,0.80641437,-0.28732574,-0.523,0.06739263
-6.265695,0.8212019,-0.29319566,-0.523,0.046314746
-6.3157096,0.8363011,-0.29723135,-0.523,0.025236856
-6.3657007,0.8516135,-0.2994309,-0.523,0.0041589676
-6.415673,0.8670407,-0.29979342,-0.523,-0.0137178125
-6.4656353,0.8824846,-0.29859772,-0.523,-0.031594593
-6.5155964,0.89786255,-0.2958442,-0.523,-0.04947137
-6.565563,0.91309184,-0.2915337,-0.523,-0.055312045
-6.6155796,0.928101,-0.2867148,-0.523,-0.061152715
-6.665651,0.94286394,-0.28138763,-0.523,-0.066993386
-6.715781,0.9573545,-0.27555242,-0.523,-0.0782214
-6.7659545,0.9715407,-0.26874107,-0.523,-0.08944942
-6.8161755,0.98537177,-0.26095444,-0.523,-0.100677446
-6.866449,0.99879694,-0.25219354,-0.523,-0.112529695
-6.9167743,1.0117648,-0.2424054,-0.523,-0.124381945
-6.967153,1.0242218,-0.23159137,-0.523,-0.1362342
-7.017585,1.0361148,-0.219753,-0.523,-0.14561692
-7.068087,1.047395,-0.20710486,-0.523,-0.15499964
-7.1186557,1.0580204,-0.1936481,-0.523,-0.16438237
-7.1692863,1.0679493,-0.17938387,-0.5168874,-0.16078645
-7.2194896,1.0770528,-0.16559206,-0.51077485,-0.15719053
-7.2692475,1.0853684,-0.15226561,-0.5046623,-0.1535946
-7.3185425,1.0929329,-0.13939744,-0.48384964,-0.18951666
-7.3656,1.0995355,-0.124205835,-0.463037,-0.22543873
-7.4103847,1.1051267,-0.10695508,-0.44222435,-0.2613608
-7.452861,1.1096872,-0.087910295,-0.41693532,-0.23881778
-7.4932146,1.1132439,-0.07147233,-0.39164633,-0.21627477
-7.531369,1.1159755,-0.05746493,-0.3663573,-0.19373176
-7.5672603,1.1180403,-0.045709614,-0.34033135,-0.19048741
-7.600643,1.1195673,-0.03497003,-0.31430537,-0.18724309
-7.6315055,1.120647,-0.02521866,-0.28827938,-0.18399876
-7.6598377,1.1213616,-0.016427951,-0.26568532,-0.1766235
-7.6859894,1.1217912,-0.008647507,-0.24309127,-0.16924824
-7.7099504,1.1219985,-0.0018230688,-0.2204972,-0.16187297
-7.731712,1.1220381,0.0040997425,-0.20109661,-0.19382417
-7.751445,1.1219573,0.010555374,-0.18169601,-0.22577538
-7.769152,1.1217704,0.017334517,-0.16229542,-0.25772658
-7.7848434,1.1214983,0.024228904,-0.15104719,-0.2562189
-7.7994504,1.1211443,0.030608753,-0.13979894,-0.25471124
-7.812973,1.1207303,0.036479514,-0.1285507,-0.25320357
-7.82541,1.1202765,0.04184665,-0.12671292,-0.26244053
-7.8376365,1.1197644,0.047325682,-0.12487513,-0.2716775
-7.849653,1.1191953,0.052910674,-0.123037346,-0.28091443
-7.861458,1.1185702,0.058595706,-0.12090649,-0.28653017
-7.8730354,1.117891,0.06429092,-0.118775636,-0.29214588
-7.884386,1.1171602,0.069992304,-0.116644785,-0.2977616
-7.89551,1.1163803,0.075695865,-0.1145062,-0.3
-7.906418,1.1155531,0.08133568,-0.11236762,-0.3
-7.9171176,1.1146809,0.08687016,-0.110229045,-0.3
-7.9276085,1.1137673,0.09229931,-0.10940562,-0.3
-7.938016,1.1128039,0.09768791,-0.108582206,-0.3
-7.9483395,1.1117922,0.10303595,-0.10775878,-0.3
-7.9585795,1.1107334,0.10834343,-0.10632919,-0.3
-7.968678,1.109635,0.1135805,-0.10489959,-0.3
-7.978635,1.1084992,0.11874716,-0.10347,-0.3
-7.98845,1.1073282,0.12384341,-0.102394566,-0.3
-7.9981575,1.1061198,0.12888668,-0.10131913,-0.3
-8.007756,1.1048757,0.133877,-0.100243695,-0.3
-8.017247,1.1035974,0.13881433,-0.09916268,-0.3
-8.026629,1.1022866,0.14369842,-0.09808167,-0.3
-8.035903,1.1009448,0.14852928,-0.09700066,-0.3
-8.045068,1.0995735,0.15330689,-0.096169345,-0.29774687
-8.054153,1.0981694,0.15800904,-0.09533803,-0.29549375
-8.063161,1.0967343,0.16263631,-0.09450672,-0.2932406
-8.072088,1.0952694,0.16718927,-0.09224266,-0.2915015
-8.080801,1.0937991,0.17160754,-0.08997859,-0.28976235
-8.089296,1.0923266,0.1758924,-0.08771453,-0.28802323
-8.097577,1.090855,0.18004505,-0.0853662,-0.2775249
-8.105655,1.0893848,0.18394311,-0.08301786,-0.26702654
-8.113527,1.0879202,0.18759401,-0.08066954,-0.25652823
-8.121193,1.0864649,0.19100532,-0.078005016,-0.24024501
-8.128632,1.0850266,0.19409874,-0.075340495,-0.22396182
-8.135839,1.0836097,0.19688752,-0.07267597,-0.20767862
-8.142814,1.0822185,0.19938502,-0.0719709,-0.1878336
-8.149744,1.0808182,0.20162489,-0.07126583,-0.1679886
-8.156628,1.079411,0.20361082,-0.07056076,-0.14814359
-8.163463,1.0779998,0.20534664,-0.074530125,-0.1258078
-8.170701,1.0764922,0.20690528,-0.07849949,-0.10347203
-8.178343,1.0748881,0.2082566,-0.08246885,-0.08113625
-8.186385,1.0731887,0.20937058,-0.08964411,-0.04784291
-8.195144,1.0713276,0.21008512,-0.09681936,-0.0145495655
-8.204612,1.0693088,0.21031989,-0.10399462,0.018743778
-8.21478,1.067138,0.20999503,-0.112309024,0.05375979
-8.225748,1.0648003,0.20898923,-0.12062343,0.0887758
-8.237502,1.0623075,0.20720683,-0.12893784,0.123791814
-8.250023,1.0596752,0.20455338,-0.13268998,0.14256123
-8.262884,1.0570072,0.2014113,-0.13644214,0.16133063
-8.276078,1.0543131,0.1977585,-0.14019428,0.18010004
-8.289602,1.0516032,0.19357304,-0.14180632,0.18196076
-8.303288,1.0489204,0.1892962,-0.14341837,0.18382148
-8.317137,1.0462672,0.184927,-0.14503041,0.1856822
-8.331147,1.0436462,0.18046449,-0.14436968,0.18103257
-8.345118,1.0410974,0.1761323,-0.14370894,0.17638291
-8.359047,1.0386183,0.17192954,-0.14304823,0.17173326
-8.372933,1.036207,0.16785528,-0.14132409,0.16535196
-8.386678,1.0338781,0.16397831,-0.13959993,0.15897064
-8.400276,1.031628,0.16029514,-0.1378758,0.15258934
-8.413729,1.0294529,0.15680234,-0.13650696,0.14253458
-8.427075,1.0273428,0.15357049,-0.13513811,0.13247985
-8.440313,1.0252938,0.15059537,-0.13376927,0.1224251
