-3.7397084,0.5153909,2.9303455,0.32171002,0.0
-3.7711644,0.52213645,2.9303455,0.34102362,0.030596782
-3.804493,0.5292837,2.9320843,0.36033723,0.061193563
-3.8396728,0.5367639,2.9357572,0.37965083,0.09179034
-3.87668,0.54449075,2.941557,0.39505234,0.09495568
-3.9152231,0.5523052,2.9477997,0.41045383,0.098121025
-3.9553063,0.56017184,2.9545012,0.4258553,0.10128637
-3.9969344,0.56805223,2.9616778,0.43316755,0.09838545
-4.0393457,0.5757661,2.9687693,0.4404798,0.09548454
-4.08254,0.58330625,2.9757686,0.44779205,0.092583634
-4.126516,0.5906661,2.9826684,0.4474159,0.081737325
-4.170546,0.5977231,2.9887567,0.44703972,0.07089101
-4.2146177,0.6045118,2.994034,0.44666356,0.0600447
-4.2587194,0.611067,2.9985013,0.4440279,0.046341486
-4.302621,0.6173922,3.0019295,0.4413922,0.03263827
-4.3463073,0.62353355,3.0043302,0.43875653,0.018935055
-4.3897624,0.62953603,3.0057147,0.43360704,0.0051657497
-4.432723,0.6354096,3.006088,0.42845753,-0.008603555
-4.4751744,0.64119744,3.0054736,0.42330804,-0.02237286
-4.517103,0.64694023,3.0038955,0.42074525,-0.024174333
-4.5587673,0.65271384,3.0022004,0.41818246,-0.025975805
-4.600166,0.6585221,3.00039,0.41561967,-0.027777279
-4.6412983,0.66436905,2.9984663,0.4148762,-0.030376976
-4.6823425,0.67028403,2.996366,0.41413274,-0.032976676
-4.7232976,0.67627394,2.9940903,0.41338927,-0.035576373
-4.764162,0.6823456,2.9916399,0.4127333,-0.038719982
-4.8049417,0.6885069,2.988977,0.4120773,-0.04186359
-4.8456345,0.6947659,2.9861026,0.41142133,-0.0450072
-4.886239,0.7011309,2.9830174,0.41139048,-0.049752705
-4.9268117,0.70761925,2.9796076,0.41135964,-0.054498214
-4.967349,0.7142437,2.975873,0.41132882,-0.05924372
-5.0078473,0.7210172,2.971814,0.41170645,-0.06512121
-5.04834,0.7279588,2.9673486,0.4120841,-0.0709987
-5.088822,0.73508483,2.9624765,0.41246176,-0.076876186
-5.1292887,0.74241155,2.957197,0.41272438,-0.0822414
-5.169724,0.7499533,2.9515462,0.41298696,-0.08760661
-5.2101235,0.75772494,2.9455237,0.41324958,-0.09297182
-5.250482,0.7657409,2.9391296,0.41358194,-0.09712429
-5.2908044,0.7740181,2.9324453,0.4139143,-0.10127677
-5.331086,0.78256804,2.9254706,0.41424668,-0.10542925
-5.3713226,0.7914019,2.9182053,0.41472742,-0.11004661
-5.41152,0.800534,2.910614,0.41520816,-0.114663966
-5.451673,0.80997694,2.9026964,0.4156889,-0.11928132
-5.491774,0.8197435,2.894452,0.41614753,-0.124533504
-5.531812,0.829845,2.8858368,0.41660616,-0.12978569
-5.571779,0.8402955,2.8768506,0.4170648,-0.13503787
-5.6116657,0.8511091,2.8674924,0.41718552,-0.13962184
-5.651436,0.86229163,2.857816,0.4173062,-0.14420581
-5.6910815,0.8738542,2.847821,0.41742694,-0.14878976
-5.7305946,0.8858079,2.8375077,0.4176501,-0.15268475
-5.76998,0.89816767,2.826921,0.4178733,-0.15657973
-5.8092294,0.9109428,2.8160603,0.41809645,-0.1604747
-5.8483343,0.9241423,2.804926,0.4184739,-0.16357958
-5.8873053,0.93778175,2.7935677,0.41885135,-0.16668446
-5.926133,0.9518683,2.7819855,0.4192288,-0.16978934
-5.9648104,0.9664091,2.770179,0.4203413,-0.17165306
-6.0034027,0.9814405,2.7582126,0.42145386,-0.17351678
-6.0419016,0.99696857,2.7460854,0.42256638,-0.17538051
-6.080298,1.0129993,2.733797,0.42517266,-0.17560707
-6.1187286,1.0296018,2.721417,0.4277789,-0.17583364
-6.157183,1.0467827,2.708945,0.43038517,-0.1760602
-6.195652,1.0645487,2.6963813,0.43326458,-0.1771748
-6.234143,1.0829152,2.6836543,0.43614402,-0.1782894
-6.2726436,1.1018914,2.6707628,0.43902346,-0.179404
-6.311141,1.121487,2.657706,0.44206288,-0.18138064
-6.3496304,1.1417154,2.6444156,0.44510233,-0.1833573
-6.388096,1.1625886,2.6308894,0.44814175,-0.18533394
-6.4265223,1.1841182,2.617126,0.45124027,-0.18887165
-6.4648867,1.2063123,2.603006,0.4543388,-0.19240935
-6.503169,1.2291863,2.5885258,0.4574373,-0.19594707
-6.541348,1.2527556,2.5736823,0.46047527,-0.19874372
-6.5794034,1.2770358,2.5585296,0.4635132,-0.20154038
-6.6173134,1.3020395,2.5430655,0.46655115,-0.20433703
-6.6550565,1.3277794,2.5272868,0.46939474,-0.20791604
-6.692588,1.3542522,2.511138,0.47223833,-0.21149504
-6.7298837,1.3814709,2.4946158,0.4750819,-0.21507406
-6.766917,1.4094479,2.4777172,0.47822362,-0.21807528
-6.803691,1.4382169,2.460473,0.48136535,-0.22107649
-6.840176,1.467789,2.4428809,0.48450708,-0.2240777
-6.876346,1.498175,2.4249372,0.48857108,-0.2266682
-6.9122424,1.5294466,2.4066377,0.49263507,-0.2292587
-6.947833,1.5616162,2.3879788,0.49669904,-0.2318492
-6.983084,1.5946949,2.368957,0.5006962,-0.23605955
-7.0179434,1.6286753,2.3494403,0.5046933,-0.2402699
-7.0523705,1.6635708,2.329424,0.5086905,-0.24448024
-7.0863237,1.6993927,2.3089023,0.5116597,-0.24606186
-7.1197157,1.7361023,2.28813,0.5146289,-0.2476435
-7.1525145,1.7736996,2.2671058,0.5175981,-0.24922512
-7.184687,1.8121836,2.245828,0.5191584,-0.24654496
-7.2161493,1.8514881,2.2247107,0.5207188,-0.2438648
-7.246887,1.8915951,2.2037556,0.5222792,-0.24118465
-7.2768874,1.9324867,2.1829643,0.523,-0.23616041
-7.306107,1.9741011,2.1625698,0.523,-0.23113619
-7.334506,2.0163534,2.1426015,0.523,-0.22611195
-7.3620877,2.059214,2.1230595,0.523,-0.22002394
-7.3888636,2.102666,2.1040351,0.523,-0.21393594
-7.414843,2.146678,2.0855289,0.523,-0.20784794
-7.4400363,2.1912215,2.0675416,0.523,-0.20221356
-7.4644527,2.2362635,2.0500352,0.523,-0.19657917
-7.4881043,2.2817779,2.0330102,0.523,-0.19094479
-7.5110025,2.3277392,2.0164673,0.523,-0.180498
-7.5331807,2.3741639,2.0008192,0.523,-0.17005122
-7.55467,2.4210167,1.9860677,0.523,-0.15960443
-7.5755014,2.4682634,1.9722145,0.523,-0.15203838
-7.5957007,2.5158505,1.9590127,0.523,-0.14447232
-7.615292,2.5637543,1.9464633,0.523,-0.13690627
-7.6343007,2.6119518,1.934567,0.523,-0.12839194
-7.652756,2.660427,1.9234061,0.523,-0.11987762
-7.670688,2.709157,1.9129819,0.523,-0.1113633
-7.6881285,2.7581198,1.9032947,0.523,-0.104846664
-7.705106,2.8072839,1.8941723,0.523,-0.09833003
-7.721645,2.8566334,1.885615,0.523,-0.09181339
-7.737771,2.9061537,1.8776232,0.523,-0.08598213
-7.753509,2.9558268,1.8701377,0.523,-0.08015086
-7.7688823,3.0056407,1.8631587,0.523,-0.07431959
-7.7839146,3.055583,1.8566865,0.523,-0.07520075
-7.798622,3.1056185,1.8501376,0.523,-0.0760819
-7.8130007,3.1557457,1.8435122,0.523,-0.07696305
-7.827046,3.2059639,1.8368102,0.523,-0.07099557
-7.84076,3.256297,1.830627,0.523,-0.06502809
-7.8541684,3.3067348,1.8249626,0.523,-0.059060596
-7.8672957,3.3572662,1.8198175,0.523,-0.06174494
-7.880161,3.4078565,1.8144388,0.523,-0.06442928
-7.8927517,3.4585066,1.8088267,0.523,-0.06711362
-7.9050555,3.5092175,1.802981,0.523,-0.06395584
-7.917065,3.56001,1.79741,0.523,-0.06079806
-7.9287944,3.6108787,1.7921137,0.523,-0.057640277
-7.940256,3.6618183,1.7870921,0.523,-0.06181251
-7.951459,3.712802,1.7817075,0.523,-0.06598474
-7.962384,3.7638319,1.7759601,0.523,-0.07015697
-7.973013,3.814909,1.7698498,0.523,-0.061410893
-7.983335,3.8660796,1.7645001,0.523,-0.052664816
-7.9933887,3.9173305,1.7599117,0.523,-0.04391874
-8.003211,3.9686484,1.7560846,0.523,-0.047567748
-8.0128355,4.019995,1.7519399,0.523,-0.05121676
-8.022245,4.071372,1.7474774,0.523,-0.054865766
-8.031424,4.1227803,1.7426974,0.523,-0.0431376
-8.040361,4.1742616,1.7389383,0.523,-0.03140943
-8.049109,4.2257986,1.7362009,0.523,-0.019681264
-8.057719,4.2773747,1.7344855,0.523,-0.042141926
-8.066235,4.32893,1.7308133,0.523,-0.06460259
-8.074551,4.380454,1.725186,0.523,-0.08706325
-8.082562,4.4319363,1.7176065,0.523,-0.060204826
-8.090199,4.4835796,1.7123618,0.523,-0.033346403
-8.097574,4.535328,1.7094557,0.523,-0.0064879777
-8.104803,4.587125,1.7088902,0.523,-0.04861805
-8.111994,4.6388655,1.704654,0.523,-0.09074812
-8.118945,4.6904845,1.6967546,0.523,-0.13287818
-8.125457,4.741913,1.685206,0.523,-0.09274365
-8.131402,4.7936473,1.6771336,0.523,-0.052609116
-8.136945,4.84558,1.6725498,0.523,-0.012474579
-8.142258,4.8976054,1.6714625,0.523,-0.061204832
-8.147504,4.9495435,1.6661308,0.523,-0.10993509
-8.1524515,5.0012918,1.6565675,0.523,-0.15866534
-8.156876,5.052745,1.6427951,0.523,-0.11708563
-8.160612,5.1045523,1.6326125,0.523,-0.07550592
-8.163835,5.1566033,1.6260371,0.523,-0.033926208
-8.16672,5.2087936,1.6230804,0.523,-0.083721794
-8.169444,5.2608395,1.6157912,0.523,-0.13351738
-8.171775,5.3126216,1.6041875,0.523,-0.18331297
-8.173492,5.3640165,1.588298,0.523,-0.14873601
-8.174397,5.415731,1.5753809,0.523,-0.11415906
-8.174636,5.46769,1.5654517,0.523,-0.07958211
-8.174356,5.519824,1.5585221,0.523,-0.11751162
-8.173719,5.571759,1.5483025,0.523,-0.15544114
-8.172557,5.6234155,1.5348078,0.523,-0.19337066
-8.170711,5.6747074,1.5180571,0.5227278,-0.18859075
-8.168004,5.725982,1.5017241,0.52245563,-0.18381083
-8.164458,5.777225,1.4858086,0.5221834,-0.17903093
-8.160097,5.8284235,1.4703104,0.5223569,-0.197884
-8.154959,5.879381,1.4531951,0.52253044,-0.21673708
-8.148972,5.9300594,1.4344672,0.52270395,-0.23559014
-8.142064,5.9804144,1.4141325,0.52250075,-0.24565129
-8.134156,6.030475,1.3929548,0.5222975,-0.25571245
-8.125217,6.0802097,1.370937,0.5220943,-0.2657736
-8.115216,6.1295834,1.3480818,0.52242523,-0.27327728
-8.104105,6.1786447,1.3245823,0.52275616,-0.28078097
-8.091863,6.2273583,1.3004392,0.523,-0.28828466
-8.078471,6.2756786,1.275657,0.523,-0.2984753
-8.0639305,6.323505,1.2500246,0.523,-0.3
-8.048177,6.37092,1.224265,0.523,-0.3
-8.031207,6.4179144,1.1985055,0.523,-0.3
-8.013033,6.464456,1.172746,0.523,-0.3
-7.9936657,6.510514,1.1469865,0.523,-0.3
-7.973119,6.5560575,1.121227,0.523,-0.3
-7.9514055,6.6010566,1.0954674,0.523,-0.3
-7.92854,6.645482,1.069708,0.523,-0.3
-7.9045386,6.6893034,1.0439484,0.523,-0.3
-7.879416,6.7324924,1.018189,0.523,-0.3
-7.8531895,6.7750196,0.99242944,0.523,-0.3
-7.825876,6.8168573,0.9666699,0.523,-0.3
-7.7974944,6.857978,0.9409104,0.523,-0.3
-7.768063,6.8983536,0.9151509,0.523,-0.3
-7.7376013,6.937958,0.88939136,0.523,-0.3
-7.7061296,6.976764,0.86363184,0.523,-0.3
-7.673669,7.0147476,0.8378723,0.523,-0.3
-7.6402407,7.051882,0.81211287,0.523,-0.3
-7.6058674,7.088143,0.78635335,0.523,-0.3
-7.570571,7.1235065,0.76059383,0.523,-0.3
-7.5343757,7.1579494,0.7348343,0.5225402,-0.3
-7.497338,7.191419,0.70909745,0.5220805,-0.3
-7.459484,7.223896,0.6833832,0.5216207,-0.3
-7.420842,7.255361,0.65769166,0.5202215,-0.3
-7.3815103,7.2857413,0.632069,0.5188223,-0.3
-7.341521,7.3150253,0.6065152,0.5174231,-0.3
-7.300906,7.3432016,0.5810304,0.51722234,-0.3
-7.259603,7.370323,0.55555546,0.5170216,-0.3
-7.217638,7.3963737,0.5300904,0.51682085,-0.3
-7.1750402,7.4213376,0.5046352,0.51703733,-0.3
-7.131803,7.445219,0.4791694,0.5172538,-0.3
-7.087953,7.468002,0.4536929,0.5174703,-0.3
-7.0435185,7.489669,0.42820576,0.5187355,-0.3
-6.998436,7.5102468,0.4026563,0.52000076,-0.3
-6.9527316,7.5297136,0.3770445,0.5212659,-0.3
-6.906431,7.548048,0.3513704,0.523,-0.3
-6.8595195,7.5652447,0.32561088,0.523,-0.3
-6.812181,7.581228,0.2998514,0.523,-0.3
-6.7644463,7.595986,0.27409187,0.523,-0.3
-6.716347,7.60951,0.24833235,0.523,-0.3
-6.667916,7.6217904,0.22257285,0.523,-0.3
-6.619184,7.6328197,0.19681333,0.523,-0.293659
-6.5700893,7.6426086,0.17158237,0.523,-0.28731802
-6.52067,7.6511726,0.14688097,0.523,-0.280977
-6.470962,7.658527,0.12271014,0.523,-0.25539064
-6.4207387,7.6647205,0.1006898,0.523,-0.22980429
-6.370072,7.66984,0.08083437,0.523,-0.20421793
-6.3190255,7.673975,0.06315684,0.523,-0.18853338
-6.267755,7.6772175,0.046820205,0.523,-0.17284884
-6.2162905,7.679629,0.03182846,0.523,-0.15716429
-6.1646614,7.6812725,0.018185299,0.523,-0.14558467
-6.112923,7.682214,0.0055399486,0.523,-0.13400507
-6.061093,7.682501,-0.0061058984,0.523,-0.12242546
-6.0091853,7.6821837,-0.01675068,0.523,-0.114454165
-5.957235,7.6813135,-0.026705502,0.523,-0.10648286
-5.9052496,7.679925,-0.035969727,0.523,-0.09851156
-5.8532367,7.678053,-0.04454277,0.523,-0.09455137
-5.801222,7.6757345,-0.052772224,0.523,-0.09059118
-5.749209,7.6729875,-0.06065796,0.523,-0.086630985
-5.697201,7.669829,-0.06819985,0.522961,-0.07993349
-5.645193,7.6662765,-0.07515945,0.5229221,-0.07323599
-5.5931883,7.66236,-0.08153653,0.5228831,-0.06653849
-5.5411887,7.658111,-0.0873309,0.52146995,-0.058148958
-5.4893284,7.6535707,-0.09238187,0.5200568,-0.049759425
-5.4376087,7.648779,-0.09669305,0.5186436,-0.041369893
-5.3860307,7.643776,-0.100268066,0.51847935,-0.03271829
-5.3344707,7.638589,-0.10309485,0.5183151,-0.024066687
-5.2829294,7.6332564,-0.10517367,0.5181508,-0.015415085
-5.2314067,7.627817,-0.10650484,0.5198707,-0.0074579837
-5.1797156,7.622291,-0.10715103,0.52159053,0.00049911736
-5.127856,7.616713,-0.10710765,0.523,0.008456218
-5.0758576,7.611122,-0.10637055,0.523,0.01970942
-5.0238633,7.6055703,-0.10465266,0.523,0.030962622
-4.971874,7.6001096,-0.101954184,0.523,0.042215824
-4.9198923,7.5947914,-0.09827546,0.523,0.054831766
-4.867923,7.589668,-0.09349836,0.523,0.06744771
-4.8159695,7.584796,-0.08762362,0.523,0.080063656
-4.764037,7.5802336,-0.08065219,0.523,0.089141235
-4.712114,7.576037,-0.07289234,0.523,0.09821882
-4.6602044,7.5722466,-0.06434469,0.523,0.10729641
-4.6083126,7.568903,-0.05500995,0.523,0.116490304
-4.5564456,7.5660467,-0.04487883,0.523,0.1256842
-4.5046105,7.563719,-0.033952177,0.523,0.1348781
-4.4528155,7.5619597,-0.022230916,0.523,0.13879031
-4.401031,7.560808,-0.01017183,0.523,0.14270252
-4.3492656,7.5602818,0.0022248982,0.523,0.14661473
-4.297527,7.5603967,0.014959079,0.5163316,0.1513193
-4.246489,7.56116,0.027931264,0.5096632,0.15602387
-4.1961617,7.5625663,0.04113083,0.5029949,0.16072844
-4.1465526,7.564608,0.054547153,0.48082736,0.16015483
-4.0991554,7.567196,0.06732683,0.45865983,0.15958121
-4.053975,7.5702424,0.07947403,0.43649232,0.15900761
-4.0110126,7.573664,0.09099295,0.41018355,0.14931723
-3.9706182,7.5773497,0.10116297,0.38387477,0.13962686
-3.9327989,7.5811887,0.11006718,0.357566,0.12993649
-3.8975582,7.5850835,0.11778889,0.33893678,0.10947685
-3.8641007,7.5890427,0.12396083,0.32030755,0.08901722
-3.8324416,7.5929875,0.12870671,0.30167836,0.06855758
-3.8025937,7.5968504,0.13215107,0.29059014,0.070698455
-3.77386,7.60067,0.13557225,0.27950191,0.07283932
-3.7462397,7.6044374,0.13896237,0.2684137,0.074980184
-3.7197318,7.6081448,0.14231353,0.26220378,0.08797518
-3.6938767,7.6118493,0.14615314,0.25599384,0.10097017
-3.6686792,7.6155586,0.15045378,0.2497839,0.11396517
-3.6441433,7.6192784,0.15518795,0.24474862,0.14365804
-3.6202116,7.623022,0.16102783,0.23971334,0.17335092
-3.596905,7.626808,0.16791895,0.23467804,0.20304379
-3.5742426,7.6306496,0.17580615,0.2305131,0.21766199
-3.5520823,7.6345863,0.18410261,0.22634813,0.23228018
-3.5304275,7.6386185,0.19278672,0.22218317,0.24689838
