-7.200501,-5.0118084,1.9137856,0.30819988,0.0
-7.2108655,-4.9827833,1.9137856,0.331525,-0.09985368
-7.2219596,-4.9517174,1.9082774,0.35485014,-0.19970736
-7.2334757,-4.9188995,1.8965447,0.37817526,-0.29956102
-7.245039,-4.8846664,1.8779447,0.40655726,-0.3
-7.2567816,-4.8476443,1.8579204,0.43493927,-0.3
-7.268549,-4.807794,1.8364981,0.46332127,-0.3
-7.280172,-4.7650843,1.813678,0.49199718,-0.3
-7.291476,-4.7194614,1.7894455,0.5206731,-0.3
-7.302265,-4.670904,1.7638006,0.523,-0.3
-7.3118486,-4.6218677,1.7380412,0.523,-0.3
-7.320166,-4.572601,1.7122816,0.523,-0.3
-7.327212,-4.523136,1.6865221,0.523,-0.3
-7.332981,-4.473506,1.6607625,0.523,-0.3
-7.33747,-4.423744,1.6350031,0.523,-0.3
-7.340676,-4.373883,1.6092435,0.523,-0.3
-7.3425965,-4.3239555,1.583484,0.523,-0.3
-7.3432302,-4.2739954,1.5577245,0.523,-0.3
-7.342577,-4.2240357,1.531965,0.523,-0.3
-7.3406377,-4.1741095,1.5062056,0.49695364,-0.3
-7.337573,-4.1267323,1.4817289,0.47090727,-0.3
-7.3335714,-4.0819235,1.4585351,0.44486088,-0.3
-7.3288107,-4.039692,1.4366242,0.42130023,-0.3
-7.3234267,-3.9998052,1.4158738,0.39773956,-0.3
-7.3175635,-3.9622626,1.3962837,0.3741789,-0.3
-7.3113565,-3.927059,1.3778541,0.34564185,-0.3
-7.305025,-3.8946512,1.3608302,0.31710485,-0.3
-7.298711,-3.8650224,1.3452116,0.2885678,-0.3
-7.292545,-3.838153,1.3309988,0.2597301,-0.3
-7.2866516,-3.81405,1.3182062,0.23089242,-0.3
-7.281139,-3.792692,1.3068339,0.20205472,-0.3
-7.2761025,-3.7740574,1.296882,0.17246416,-0.3
-7.2716455,-3.7581956,1.2883875,0.14287362,-0.3
-7.2678423,-3.7450871,1.2813506,0.11328306,-0.3
-7.2647533,-3.734715,1.275771,0.083666965,-0.3
-7.262429,-3.7270672,1.2716501,0.054050874,-0.3
-7.260907,-3.722133,1.2689879,0.024434779,-0.3
-7.2602134,-3.719904,1.2677845,-0.0053681033,-0.27542865
-7.260368,-3.720397,1.2680278,-0.035170987,-0.25085732
-7.2613835,-3.723649,1.2694829,-0.06497387,-0.226286
-7.2632627,-3.7296956,1.2719125,-0.094826505,-0.18982986
-7.2660046,-3.738595,1.2748946,-0.12467914,-0.15337373
-7.2695975,-3.750381,1.2780693,-0.15453178,-0.116917595
-7.2740264,-3.765076,1.2810736,-0.18430325,-0.06595968
-7.27928,-3.7826996,1.2830982,-0.21407472,-0.015001762
-7.2853537,-3.803225,1.2836335,-0.2438462,0.035956156
-7.292256,-3.826596,1.2821726,-0.27225468,0.10715362
-7.2999606,-3.8525457,1.2773197,-0.30066314,0.17835107
-7.3085203,-3.8808699,1.2684296,-0.3290716,0.24954854
-7.318016,-3.9113111,1.2548847,-0.34703347,0.32180637
-7.328244,-3.9426038,1.2365913,-0.36499533,0.39406422
-7.339299,-3.9744413,1.213235,-0.3829572,0.46632206
-7.351271,-4.0064845,1.1845386,-0.36682948,0.4175879
-7.363903,-4.0375447,1.1597435,-0.3507018,0.36885375
-7.3769736,-4.0675316,1.1386695,-0.3345741,0.32011956
-7.390274,-4.0963697,1.1211221,-0.32381672,0.34357983
-7.403527,-4.123828,1.102942,-0.31305933,0.3670401
-7.4167047,-4.1499085,1.0842183,-0.3023019,0.39050037
-7.429776,-4.1746187,1.0650396,-0.28777575,0.36152983
-7.4428167,-4.1981664,1.048075,-0.2732496,0.33255926
-7.455711,-4.220545,1.0332073,-0.25872344,0.3035887
-7.4683533,-4.2417517,1.0203166,-0.25531188,0.28160748
-7.4811826,-4.2626543,1.0084914,-0.25190032,0.25962627
-7.4941626,-4.2832513,0.99771345,-0.24848877,0.23764507
-7.5072575,-4.3035436,0.9879638,-0.2408734,0.24014191
-7.5201344,-4.323077,0.97841555,-0.23325804,0.24263875
-7.5327764,-4.3418617,0.96907496,-0.22564268,0.24513559
-7.5451674,-4.3599067,0.9599481,-0.21796444,0.243995
-7.5572987,-4.3772326,0.9511721,-0.21028619,0.2428544
-7.5691524,-4.39385,0.9427441,-0.20260794,0.2417138
-7.580711,-4.4097676,0.9346611,-0.19060703,0.24061766
-7.5917087,-4.4246583,0.92709076,-0.17860612,0.2395215
-7.602122,-4.4385366,0.92002875,-0.1666052,0.23842534
-7.611929,-4.451417,0.9134708,-0.15248907,0.19886014
-7.6210628,-4.4632506,0.90845007,-0.13837291,0.15929493
-7.6294646,-4.474024,0.9047919,-0.124256775,0.11972971
-7.637087,-4.483724,0.90231824,-0.10135276,0.07738502
-7.6433496,-4.4916544,0.90101236,-0.07844875,0.035040326
-7.6482167,-4.4978004,0.9005543,-0.055544738,-0.0073043704
-7.651667,-4.5021534,0.90062195,-0.027814075,-0.06932253
-7.6533904,-4.504328,0.90094304,-8.341414e-05,-0.13134068
-7.6533957,-4.5043344,0.9009449,0.027647248,-0.19335884
-7.651711,-4.5022073,0.9000594,0.05758141,-0.1360896
-7.648165,-4.4977384,0.8987574,0.08751557,-0.07882033
-7.6427336,-4.490911,0.89760894,0.11744973,-0.021551084
-7.635412,-4.4817305,0.8971871,0.14734529,0.007812095
-7.626221,-4.470215,0.897379,0.17724083,0.037175275
-7.615175,-4.4563694,0.89847684,0.20713638,0.06653845
-7.602303,-4.4401994,0.9007723,0.2371173,0.11869793
-7.587682,-4.421745,0.90545213,0.26709822,0.1708574
-7.571433,-4.401038,0.91302115,0.29707912,0.22301689
-7.5537205,-4.378111,0.92397213,0.32707775,0.16346098
-7.5342717,-4.352358,0.9328432,0.35707638,0.10390508
-7.5131207,-4.323828,0.9390158,0.387075,0.044349182
