7.547559,0.34531227,1.376117,-0.028667213,0.0
7.547004,0.3424997,1.376117,-0.058373045,0.09984641
7.5458803,0.33680117,1.3751472,-0.08807888,0.19969282
7.5442023,0.32833302,1.3722352,-0.11778471,0.29953924
7.541982,0.31730014,1.3664426,-0.14725228,0.3994176
7.539229,0.30401626,1.3568987,-0.17671984,0.499296
7.535936,0.28885522,1.3427962,-0.20618741,0.5991744
7.5320873,0.2722689,1.3234159,-0.23442873,0.6989434
7.527693,0.2548692,1.2982769,-0.26267004,0.7987124
7.522761,0.2372208,1.2669116,-0.29091138,0.89848137
7.517339,0.219933,1.2289776,-0.31087083,0.99597776
7.511674,0.20400932,1.1854924,-0.33083028,1.0
7.504956,0.18744498,1.1390951,-0.35078973,1.0
7.4970255,0.1702306,1.0898986,-0.36208245,1.0
7.487976,0.15288608,1.0391182,-0.3733752,1.0
7.4777484,0.13549735,0.9867542,-0.38466793,1.0
7.466288,0.118158735,0.9328063,-0.3909277,1.0
7.453708,0.10119162,0.8779806,-0.39718747,1.0
7.4400015,0.084679104,0.822277,-0.4034472,1.0
7.4251666,0.06870752,0.76569545,-0.4030315,1.0
7.409468,0.05361599,0.70917225,-0.40261576,1.0
7.3929596,0.039450034,0.65270734,-0.4022,1.0
7.3756957,0.026251966,0.5963007,-0.39952007,1.0
7.357835,0.014129491,0.54027,-0.39684016,1.0
7.3394475,0.0031007489,0.48461506,-0.3941602,1.0
7.320603,-0.006820636,0.429336,-0.39448464,1.0
7.3012233,-0.015692994,0.37401143,-0.39480907,1.0
7.2813663,-0.023486556,0.31864136,-0.39513347,1.0
7.2610917,-0.030174747,0.26322582,-0.40319023,1.0
7.240058,-0.03584299,0.20668034,-0.41124696,1.0
7.218311,-0.04040275,0.14900494,-0.4193037,1.0
7.195907,-0.043765992,0.09019963,-0.4288789,1.0
7.1728287,-0.045853306,0.030051434,-0.43845412,1.0
7.1491494,-0.046565108,-0.03143964,-0.44802937,1.0
7.124954,-0.04580417,-0.09427359,-0.45577314,1.0
7.100438,-0.04348607,-0.15819357,-0.46351692,1.0
7.075707,-0.039540786,-0.22319958,-0.4712607,1.0
7.050876,-0.033904675,-0.2892916,-0.47861034,0.966488
7.024812,-0.026146866,-0.35493264,-0.48595998,0.932976
6.997679,-0.016090725,-0.4200023,-0.49330962,0.899464
6.9696608,-0.0035783974,-0.4843787,-0.5026398,0.86395735
6.940773,0.011622145,-0.54808146,-0.51197,0.8284506
6.9112325,0.029655762,-0.61095864,-0.52130014,0.79294395
6.881268,0.0506413,-0.6728563,-0.523,0.7500304
6.8513417,0.074489675,-0.73227435,-0.523,0.7071168
6.821774,0.10107203,-0.78890175,-0.523,0.6642032
6.7927566,0.13029355,-0.842634,-0.523,0.62340987
6.7644978,0.16198711,-0.89352256,-0.523,0.5826165
6.73713,0.1960199,-0.9414826,-0.523,0.54182315
6.710756,0.23224497,-0.98643434,-0.523,0.49555662
6.6853747,0.27061903,-1.0278839,-0.523,0.4492901
6.661036,0.31095457,-1.0657427,-0.523,0.40302357
6.6377583,0.35305768,-1.0999296,-0.523,0.36328763
6.6155806,0.3966242,-1.1309042,-0.523,0.3235517
6.5944643,0.44148973,-1.1586176,-0.523,0.2838158
6.574351,0.48749253,-1.1830261,-0.523,0.25264797
6.555203,0.53437245,-1.204815,-0.523,0.22148012
6.5369434,0.5820159,-1.2239633,-0.523,0.19031228
6.519487,0.6303136,-1.2404522,-0.523,0.16177496
6.5027437,0.6791398,-1.2544922,-0.523,0.13323765
6.4866195,0.7284047,-1.2660717,-0.523,0.10470032
6.471014,0.77802205,-1.2751814,-0.523,0.06432318
6.455809,0.82794994,-1.2807844,-0.523,0.023946041
6.4408574,0.8780516,-1.2828715,-0.523,-0.016431099
6.426008,0.9281919,-1.2814393,-0.523,-0.047212772
6.411102,0.97826177,-1.2773255,-0.523,-0.07799445
6.3960185,1.0281736,-1.2705338,-0.523,-0.10877612
6.380641,1.0778383,-1.2610708,-0.523,-0.13087709
6.3648367,1.1272237,-1.2496953,-0.523,-0.15297806
6.3485227,1.1762711,-1.2364126,-0.523,-0.17507905
6.331621,1.2249191,-1.2212294,-0.523,-0.18786108
6.314024,1.2731915,-1.2049503,-0.523,-0.20064314
6.2956896,1.3210505,-1.1875781,-0.523,-0.21342519
6.276578,1.3684565,-1.1691154,-0.523,-0.21888234
6.256618,1.4154452,-1.1501882,-0.523,-0.22433949
6.2357984,1.4619904,-1.1307969,-0.523,-0.22979662
6.2141075,1.508065,-1.1109421,-0.523,-0.22818832
6.1914973,1.5537171,-1.0912238,-0.523,-0.22658002
6.167983,1.5989313,-1.0716422,-0.523,-0.22497173
6.143579,1.6436929,-1.0521971,-0.523,-0.22610255
6.118315,1.68796,-1.0326561,-0.523,-0.22723337
6.0921984,1.7317138,-1.0130188,-0.523,-0.22836418
6.0652347,1.7749348,-0.9932857,-0.523,-0.23038885
6.0374365,1.8175952,-0.9733806,-0.523,-0.23241353
6.0088086,1.8596739,-0.9533038,-0.523,-0.23443821
5.9793553,1.9011493,-0.9330553,-0.523,-0.23449096
5.949069,1.9420193,-0.91280234,-0.523,-0.23454373
5.9179616,1.9822671,-0.89254487,-0.523,-0.23459649
5.886046,2.021876,-0.8722829,-0.523,-0.23432015
5.853332,2.060833,-0.8520444,-0.523,-0.2340438
5.819834,2.0991223,-0.8318293,-0.523,-0.23376748
5.785567,2.136729,-0.8116377,-0.523,-0.23251523
5.750537,2.1736474,-0.79155225,-0.523,-0.23126298
5.7147617,2.2098653,-0.771573,-0.523,-0.23001073
5.67826,2.2453718,-0.75170004,-0.52165914,-0.22893272
5.641145,2.2800655,-0.7319693,-0.5203182,-0.22785471
5.603441,2.3139415,-0.71238035,-0.51897734,-0.2267767
5.5651703,2.346995,-0.6929327,-0.51678395,-0.22987288
5.5264564,2.3791387,-0.67330754,-0.5145906,-0.23296905
5.487314,2.4103606,-0.6535072,-0.5123972,-0.23606521
5.4477606,2.440649,-0.633534,-0.51085114,-0.23736414
5.407743,2.4700432,-0.61351365,-0.5093051,-0.23866308
5.3672814,2.498535,-0.59344673,-0.50775903,-0.239962
5.326393,2.5261164,-0.57333386,-0.5060861,-0.2390923
5.2850866,2.5527873,-0.5533586,-0.5044131,-0.23822261
5.243385,2.5785482,-0.5335204,-0.5027402,-0.23735292
5.201311,2.603399,-0.5138188,-0.5011996,-0.23719259
5.1588855,2.6273437,-0.49419057,-0.49965903,-0.23703225
5.1161275,2.6503806,-0.47463566,-0.4981185,-0.23687191
5.073059,2.6725097,-0.455154,-0.49697432,-0.23553193
5.0296535,2.6937535,-0.435825,-0.49583018,-0.23419192
4.9859324,2.7141142,-0.41664818,-0.494686,-0.23285192
4.941917,2.7335937,-0.3976231,-0.49601802,-0.2351414
4.8974433,2.7522724,-0.3783627,-0.49735004,-0.23743087
4.8525224,2.770129,-0.35886604,-0.49868205,-0.23972034
4.807166,2.7871425,-0.33913228,-0.5019518,-0.24281114
4.7612185,2.803351,-0.31901804,-0.5052216,-0.24590194
4.714689,2.8187199,-0.29852024,-0.50849134,-0.24899273
4.6675873,2.8332136,-0.27763584,-0.511914,-0.25569087
4.619957,2.8467882,-0.25605747,-0.5153367,-0.262389
4.57181,2.8593934,-0.23377874,-0.5187593,-0.26908717
4.523161,2.870978,-0.21079326,-0.523,-0.27166247
4.473894,2.8815198,-0.18740353,-0.523,-0.27423778
4.42443,2.8908997,-0.16379765,-0.523,-0.2768131
4.3747945,2.8991034,-0.13997574,-0.523,-0.2861656
4.325112,2.9061036,-0.11537069,-0.523,-0.29551813
4.2754116,2.911863,-0.089984655,-0.523,-0.3
4.22565,2.916353,-0.064225145,-0.523,-0.3
4.1757884,2.9195597,-0.038465638,-0.523,-0.3
4.1258616,2.9214811,-0.012706125,-0.523,-0.3
4.0759015,2.922116,0.0130533865,-0.523,-0.3
4.0259414,2.9214637,0.038812898,-0.523,-0.3
3.976015,2.9195251,0.06457241,-0.523,-0.3
3.926155,2.916301,0.09033192,-0.523,-0.3
3.8763947,2.9117937,0.11609143,-0.523,-0.3
3.826767,2.9060063,0.14185095,-0.523,-0.3
3.7773046,2.8989427,0.16761045,-0.523,-0.3
3.7280407,2.8906074,0.19336997,-0.523,-0.3
3.6790078,2.8810058,0.21912947,-0.523,-0.3
3.6302385,2.8701446,0.24488899,-0.523,-0.3
3.5817652,2.858031,0.2706485,-0.523,-0.3
3.5336199,2.8446727,0.296408,-0.523,-0.3
3.4858346,2.8300788,0.32216752,-0.523,-0.3
3.438441,2.814259,0.34792703,-0.523,-0.3
3.391471,2.7972238,0.37368655,-0.523,-0.3
3.3449547,2.7789845,0.39944607,-0.523,-0.29519096
3.298856,2.7595243,0.4248048,-0.523,-0.2903819
3.2531996,2.7388716,0.4497622,-0.523,-0.28557286
3.2080083,2.717055,0.47431767,-0.523,-0.27997246
3.1632936,2.694098,0.49840438,-0.523,-0.27437207
3.1190743,2.6700325,0.52202153,-0.523,-0.26877168
3.0753675,2.6448903,0.5451684,-0.523,-0.2607928
3.032161,2.6186864,0.56764406,-0.523,-0.2528139
2.989465,2.5914614,0.589447,-0.523,-0.244835
2.9472873,2.5632548,0.61057585,-0.523,-0.23925337
2.9056575,2.5341232,0.6312324,-0.523,-0.23367172
2.8645833,2.5040977,0.65141594,-0.523,-0.22809008
2.82407,2.473209,0.6711258,-0.523,-0.21973185
2.7840974,2.4414673,0.69012535,-0.523,-0.21137363
2.7446632,2.4089122,0.7084132,-0.523,-0.2030154
2.7057624,2.3755832,0.7259881,-0.523,-0.19153763
2.6673656,2.3414974,0.74258184,-0.523,-0.18005987
2.6294577,2.3067043,0.7581924,-0.523,-0.1685821
2.592022,2.2712522,0.7728177,-0.523,-0.15586698
2.555032,2.2351813,0.7863491,-0.523,-0.14315186
2.5184634,2.198543,0.7987846,-0.523,-0.13043675
2.48229,2.161388,0.81012213,-0.523,-0.10917358
2.4464486,2.123729,0.81961954,-0.523,-0.087910414
2.4108915,2.0856512,0.82727253,-0.523,-0.06664725
2.375569,2.0472393,0.83307767,-0.5065641,-0.04827838
2.3415372,2.0097969,0.83715206,-0.4901281,-0.029909516
2.308734,1.9734095,0.83959496,-0.47369215,-0.011540651
2.2771044,1.9381515,0.8405061,-0.45469564,0.01779052
2.246777,1.9042829,0.83915794,-0.4356991,0.047121692
2.217701,1.8718994,0.83573735,-0.4167026,0.076452866
2.1898372,1.841079,0.8304329,-0.39217284,0.09623089
2.1635053,1.8122618,0.8241527,-0.36764312,0.116008915
2.1387036,1.7854593,0.81706035,-0.3431134,0.13578694
2.1154382,1.7606719,0.80931914,-0.31677315,0.15578656
2.0938458,1.7380209,0.8011275,-0.2904329,0.17578618
2.073946,1.7174852,0.79266226,-0.26409265,0.1957858
2.0557623,1.6990352,0.7840996,-0.23884374,0.21531443
2.039242,1.6825578,0.7755946,-0.21359482,0.23484306
2.0244098,1.6680137,0.76731104,-0.18834591,0.2543717
2.0112894,1.6553594,0.7594119,-0.17438266,0.27272278
1.9991097,1.6437969,0.7515834,-0.1604194,0.2910739
1.9878824,1.6333042,0.7439105,-0.14645615,0.309425
1.9776175,1.6238577,0.7364776,-0.14421073,0.3172958
1.9674672,1.6146549,0.7289787,-0.1419653,0.3251666
1.9574335,1.6056939,0.7214198,-0.13971987,0.3330374
1.9475188,1.5969732,0.71380705,-0.13485117,0.3298059
1.937875,1.5886201,0.70652825,-0.12998246,0.32657444
1.9285109,1.5806277,0.6995785,-0.12511376,0.32334295
1.9194343,1.5729891,0.69295293,-0.12556455,0.31324005
1.910244,1.5653582,0.6865043,-0.12601534,0.30313712
1.9009415,1.5577351,0.68023473,-0.12646613,0.29303423
1.8915288,1.5501198,0.67414623,-0.12315048,0.26692507
1.8822485,1.5427046,0.6687324,-0.11983483,0.2408159
1.8731174,1.5354893,0.6639691,-0.11651918,0.21470672
1.8641517,1.5284737,0.65983146,-0.11573364,0.19600813
1.8551828,1.5215153,0.6560748,-0.1149481,0.17730954
1.8462172,1.5146133,0.6526957,-0.11416256,0.15861094
1.8372613,1.5077668,0.64969045,-0.111915424,0.14528015
1.8284436,1.5010679,0.6469901,-0.10966829,0.13194937
1.8197693,1.4945147,0.6445854,-0.10742116,0.11861856
1.8112429,1.4881055,0.6424666,-0.104706876,0.11096596
1.8029114,1.4818703,0.6405341,-0.10199259,0.10331336
1.7947775,1.4758075,0.6387811,-0.09927831,0.09566075
1.7868437,1.4699154,0.6372006,-0.09623289,0.09106408
1.7791408,1.4642138,0.63574207,-0.09318748,0.086467415
1.7716707,1.4587013,0.6344008,-0.09014207,0.08187075
1.7644348,1.4533764,0.63317215,-0.0876121,0.0753193
1.7573919,1.4482071,0.6320734,-0.085082136,0.068767846
1.7505437,1.4431921,0.63109905,-0.082552165,0.062216394
1.7438915,1.4383308,0.63024354,-0.079899244,0.05948733
1.737448,1.4336303,0.6294519,-0.077246316,0.056758266
1.7312138,1.4290901,0.62872154,-0.07459339,0.054029204
1.7251897,1.4247096,0.62805015,-0.07240495,0.058979522
1.719341,1.4204627,0.6273388,-0.07021651,0.06392984
1.713668,1.4163494,0.62659115,-0.06802807,0.06888016
1.7081705,1.4123698,0.6258108,-0.06552004,0.077803075
1.7028762,1.4085436,0.6249621,-0.06301201,0.08672599
1.6977853,1.4048709,0.6240524,-0.060503982,0.0956489
1.6928977,1.4013516,0.6230894,-0.058434978,0.10654913
1.6881793,1.3979609,0.6220536,-0.056365974,0.117449366
1.68363,1.3946991,0.6209528,-0.054296974,0.1283496
1.6792502,1.391566,0.6197945,-0.05286394,0.13955978
1.674989,1.3885252,0.61856884,-0.051430907,0.15076993
1.6708463,1.3855767,0.6172814,-0.049997874,0.1619801
1.6668227,1.3827206,0.61593753,-0.04917645,0.17270854
1.6628684,1.3799218,0.614529,-0.048355024,0.18343696
1.658984,1.3771806,0.6130589,-0.0475336,0.1941654
1.6551692,1.374497,0.61153036,-0.046916462,0.20232335
1.6514062,1.3718584,0.60995907,-0.046299327,0.21048129
1.647695,1.3692647,0.6083468,-0.04568219,0.21863922
1.6440355,1.3667161,0.6066954,-0.04562525,0.2193125
1.640377,1.3641771,0.605041,-0.045568313,0.21998577
1.6367195,1.3616476,0.6033838,-0.045511376,0.22065905
1.6330628,1.3591278,0.60172355,-0.044948522,0.22260644
1.6294489,1.3566462,0.60006964,-0.044385664,0.22455382
1.6258777,1.3542026,0.5984224,-0.043822806,0.22650121
1.6223494,1.351797,0.5967822,-0.043433122,0.22823769
1.61885,1.3494195,0.59514433,-0.04304344,0.22997417
1.6153796,1.3470699,0.593509,-0.04265375,0.23171064
1.6119381,1.344748,0.5918765,-0.043889128,0.2352235
1.608396,1.3423668,0.5901717,-0.0451245,0.23873638
1.6047533,1.3399268,0.5883933,-0.046359878,0.24224925
1.6010095,1.3374289,0.58653975,-0.04979066,0.24963184
1.5969912,1.3347585,0.58448964,-0.05322144,0.25701442
1.5926983,1.3319184,0.58223486,-0.056652226,0.264397
1.588131,1.3289113,0.5797674,-0.060184825,0.2649439
1.5832716,1.3257293,0.57714075,-0.063717425,0.2654908
1.578119,1.3223745,0.5743544,-0.06725002,0.2660377
1.5726718,1.3188493,0.5714076,-0.07071696,0.2648202
1.5669308,1.3151582,0.5683227,-0.07418391,0.26360267
1.5608945,1.3113034,0.56510115,-0.07765085,0.2623852
1.5545611,1.3072875,0.5617443,-0.08132255,0.25963768
1.5479093,1.303101,0.5582646,-0.08499425,0.2568902
1.5409368,1.2987463,0.55466545,-0.08866595,0.2541427
1.5336416,1.2942268,0.5509501,-0.0927986,0.24925801
1.5259793,1.2895188,0.54713476,-0.09693124,0.24437332
1.5179471,1.2846259,0.54322606,-0.10106389,0.23948863
1.5095425,1.279551,0.5392306,-0.10641714,0.23681745
1.5006657,1.2742393,0.53506947,-0.11177039,0.23414625
1.4913132,1.2686956,0.5307475,-0.11712364,0.23147507
1.4814816,1.2629251,0.52626914,-0.12069791,0.24466851
1.4713557,1.257043,0.5213963,-0.12427218,0.25786197
1.4609361,1.2510577,0.5161144,-0.12784646,0.27105543
