-3.436961,7.303121,-1.405008,0.61354315,0.0
-3.4268355,7.242608,-1.405008,0.523,0.096616626
-3.4182446,7.1912656,-1.3965993,0.4994684,0.19323325
-3.4097493,7.14299,-1.3806136,0.47593677,0.28984988
-3.4011273,7.098204,-1.3579425,0.48725247,0.38174185
-3.391575,7.0540066,-1.3276892,0.49856815,0.47363383
-3.380895,7.010943,-1.2897878,0.5098839,0.5655258
-3.368956,6.9695816,-1.24425,0.50395286,0.5365024
-3.3550618,6.928556,-1.2013189,0.49802187,0.507479
-3.3393433,6.8879676,-1.160981,0.49209088,0.4784556
-3.3219383,6.8479013,-1.1232207,0.4937296,0.45342153
-3.3027296,6.807889,-1.0871748,0.4953683,0.42838746
-3.2817771,6.7679963,-1.0528784,0.49700704,0.40335342
-3.2591462,6.728279,-1.0203655,0.50152636,0.38331264
-3.2348173,6.6886363,-0.98910403,0.5060457,0.3632719
-3.2088277,6.6491137,-0.9591348,0.51056504,0.34323114
-3.1812196,6.609752,-0.93049794,0.5123416,0.32590118
-3.1522217,6.570829,-0.90315914,0.5141182,0.30857125
-3.1218946,6.532363,-0.8771364,0.51589483,0.2912413
-3.0902994,6.4943657,-0.8524473,0.5163479,0.2713485
-3.05756,6.4569125,-0.8293811,0.5168009,0.25145572
-3.0237563,6.4199967,-0.80794984,0.51725394,0.23156294
-2.9889688,6.3836036,-0.788165,0.51686686,0.20029347
-2.953251,6.3476872,-0.77102596,0.5164798,0.169024
-2.9167368,6.312208,-0.75654554,0.5160927,0.13775453
-2.8795617,6.2771187,-0.7447339,0.516281,0.10611737
-2.8418145,6.242323,-0.73562,0.5164693,0.0744802
-2.803629,6.207762,-0.72921485,0.5166576,0.042843033
-2.7651372,6.1733694,-0.72552675,0.51783,0.016632497
-2.726401,6.1390142,-0.72409135,0.51900244,-0.009578037
-2.6875243,6.1046343,-0.72491986,0.5201748,-0.035788573
-2.6486115,6.070165,-0.7280219,0.5227028,-0.059571486
-2.6096613,6.035446,-0.73320854,0.523,-0.0833544
-2.5709357,6.0005655,-0.7404658,0.523,-0.107137315
-2.5325518,5.9654846,-0.7497868,0.523,-0.13709067
-2.4946358,5.9301777,-0.76169914,0.523,-0.16704401
-2.457315,5.894585,-0.7761922,0.523,-0.19699736
-2.4207163,5.858654,-0.79325294,0.523,-0.21446088
-2.3848667,5.822237,-0.8118038,0.523,-0.23192438
-2.349838,5.7853074,-0.83183914,0.523,-0.24938789
-2.315703,5.7478447,-0.8533528,0.523,-0.26927313
-2.2825568,5.7098575,-0.87654185,0.523,-0.28915834
-2.2504838,5.671332,-0.90139705,0.523,-0.3
-2.2194803,5.6321507,-0.9271565,0.523,-0.3
-2.1894963,5.5921836,-0.952916,0.523,-0.3
-2.1605515,5.5514574,-0.97867554,0.523,-0.3
-2.1326656,5.5099993,-1.0044351,0.523,-0.3
-2.1058567,5.4678364,-1.0301945,0.523,-0.3
-2.0801425,5.4249973,-1.0559541,0.523,-0.3
-2.0555403,5.38151,-1.0817136,0.523,-0.3
-2.0320663,5.3374033,-1.1074731,0.523,-0.3
-2.009736,5.292707,-1.1332326,0.523,-0.3
-1.9885646,5.2474504,-1.1589922,0.523,-0.3
-1.9685658,5.201663,-1.1847516,0.523,-0.3
-1.949753,5.155376,-1.2105112,0.523,-0.3
-1.9321387,5.1086197,-1.2362707,0.523,-0.3
-1.9157344,5.061425,-1.2620301,0.523,-0.3
-1.9005511,5.013824,-1.2877897,0.523,-0.3
-1.886599,4.9658475,-1.3135492,0.523,-0.3
-1.8738871,4.9175277,-1.3393087,0.523,-0.3
-1.862424,4.868896,-1.3650682,0.523,-0.3
-1.8522174,4.819986,-1.3908278,0.523,-0.3
-1.8432739,4.7708287,-1.4165872,0.523,-0.3
-1.8355994,4.7214575,-1.4423468,0.523,-0.3
-1.8291992,4.671905,-1.4681063,0.523,-0.3
-1.8240775,4.622204,-1.4938657,0.523,-0.3
-1.8202374,4.5723877,-1.5196253,0.523,-0.3
-1.8176819,4.522489,-1.5453848,0.523,-0.3
-1.8164123,4.472541,-1.5711443,0.523,-0.3
-1.8164297,4.422577,-1.5969038,0.523,-0.3
-1.817734,4.37263,-1.6226634,0.523,-0.3
-1.8203243,4.322733,-1.6484228,0.523,-0.3
-1.824199,4.272919,-1.6741824,0.523,-0.3
-1.8293554,4.2232223,-1.6999419,0.523,-0.3
-1.83579,4.173674,-1.7257013,0.523,-0.3
-1.8434988,4.124308,-1.7514609,0.523,-0.3
-1.8524766,4.075157,-1.7772204,0.523,-0.3
-1.8627173,4.0262537,-1.80298,0.523,-0.3
-1.8742142,3.9776306,-1.8287394,0.523,-0.3
-1.8869597,3.9293194,-1.854499,0.523,-0.3
-1.9009452,3.8813527,-1.8802584,0.523,-0.3
-1.9161615,3.833762,-1.906018,0.523,-0.3
-1.9325987,3.786579,-1.9317775,0.523,-0.3
-1.9502456,3.739835,-1.9575369,0.523,-0.3
-1.9690907,3.693561,-1.9832965,0.523,-0.3
-1.9891213,3.647788,-2.009056,0.523,-0.3
-2.0103242,3.602546,-2.0348155,0.523,-0.3
-2.0326855,3.557865,-2.060575,0.523,-0.3
-2.0561903,3.5137746,-2.0863345,0.523,-0.3
-2.0808227,3.4703047,-2.1120942,0.523,-0.3
-2.1065667,3.4274833,-2.1378536,0.523,-0.3
-2.133405,3.3853393,-2.163613,0.523,-0.3
-2.1613197,3.3439007,-2.1893725,0.523,-0.3
-2.1902928,3.3031945,-2.215132,0.523,-0.3
-2.2203045,3.2632484,-2.2408917,0.523,-0.3
-2.2513354,3.2240884,-2.2666512,0.523,-0.3
-2.2833643,3.1857407,-2.2924106,0.523,-0.3
-2.3163705,3.1482306,-2.31817,0.523,-0.3
-2.3503318,3.111583,-2.3439298,0.523,-0.3
-2.3852258,3.0758226,-2.3696892,0.523,-0.3
-2.4210293,3.0409725,-2.3954487,0.52028996,-0.3
-2.4575286,3.007232,-2.4210746,0.51758,-0.3
-2.4946856,2.9746087,-2.4465673,0.51487,-0.3
-2.5324633,2.9431088,-2.4719265,0.48967516,-0.3
-2.5691407,2.914071,-2.4960444,0.46448037,-0.3
-2.604585,2.8873744,-2.5189216,0.43928558,-0.3
-2.6386752,2.862899,-2.540558,0.41305286,-0.3
-2.6712203,2.8405843,-2.5609024,0.38682017,-0.3
-2.7021172,2.820311,-2.5799544,0.36058745,-0.3
-2.7312737,2.801965,-2.5977147,0.33520776,-0.3
-2.7586765,2.785394,-2.6142247,0.30982804,-0.3
-2.784254,2.770498,-2.629485,0.28444836,-0.3
-2.8079424,2.7571821,-2.6434948,0.26166877,-0.3
-2.8299031,2.7452393,-2.6563828,0.23888919,-0.3
-2.8500907,2.734595,-2.668149,0.21610962,-0.3
-2.8684657,2.7251816,-2.6787932,0.19565006,-0.3
-2.8851907,2.716837,-2.6884296,0.1751905,-0.3
-2.9002378,2.7095094,-2.6970582,0.15473092,-0.3
-2.9135833,2.7031527,-2.7046793,0.13898648,-0.3
-2.9256139,2.697534,-2.7115247,0.12324205,-0.3
-2.9363155,2.6926253,-2.7175949,0.10749762,-0.3
-2.9456758,2.6884003,-2.7228897,0.102332145,-0.28453535
-2.954649,2.684407,-2.727677,0.09716667,-0.26907068
-2.9632251,2.6806395,-2.7319822,0.0920012,-0.25360605
-2.9713943,2.6770928,-2.7358294,0.095466204,-0.2435869
-2.9799068,2.6734357,-2.739667,0.098931216,-0.23356774
-2.9887643,2.6696708,-2.743483,0.10239622,-0.2235486
-2.9979682,2.6657999,-2.7472665,0.098765895,-0.20431621
-3.0068972,2.6620843,-2.7506065,0.09513556,-0.18508382
-3.0155425,2.6585207,-2.7535243,0.09150524,-0.16585143
-3.0238965,2.6551056,-2.7560422,0.092229284,-0.11643426
-3.0323844,2.6516607,-2.757828,0.09295333,-0.0670171
-3.0409844,2.648188,-2.7588654,0.09367739,-0.01759994
-3.0496728,2.6446903,-2.7591403,0.0873544,0.03655497
-3.057772,2.6414325,-2.758608,0.08103141,0.09070988
-3.065257,2.6384168,-2.7573848,0.074708425,0.14486478
-3.0721107,2.6356459,-2.755587,0.07690072,0.19151059
-3.0791047,2.6328037,-2.7531476,0.07909302,0.23815641
-3.086218,2.6298926,-2.750038,0.08128531,0.2848022
-3.0934289,2.6269155,-2.7462313,0.08829086,0.31175435
-3.1011841,2.623679,-2.7417178,0.09529642,0.3387065
-3.1094632,2.6201797,-2.7364404,0.10230197,0.36565864
-3.1182435,2.616414,-2.7303438,0.094748676,0.3570637
-3.1263807,2.6128652,-2.7248244,0.08719538,0.34846878
-3.1338747,2.6095476,-2.7198622,0.07964209,0.33987382
