-5.675073,2.8891218,-2.3283668,-0.054925706,0.0
-5.671299,2.893112,-2.3283668,-0.025062112,-0.0877641
-5.6695833,2.8949258,-2.3280005,0.00480148,-0.1755282
-5.6699085,2.8945823,-2.3281403,0.034665074,-0.2632923
-5.672208,2.8921502,-2.329644,0.064497076,-0.26259473
-5.6764936,2.8876305,-2.3324344,0.09432908,-0.26189712
-5.682781,2.8810365,-2.336505,0.12416109,-0.26119953
-5.6910944,2.8723896,-2.3418489,0.15397336,-0.26822847
-5.701441,2.8617418,-2.34865,0.18378562,-0.27525738
-5.7138524,2.8491414,-2.356975,0.2135979,-0.28228632
-5.7283697,2.8346467,-2.3668916,0.24336816,-0.28141037
-5.7450776,2.8182926,-2.378156,0.27313843,-0.28053445
-5.7640395,2.8001459,-2.3907597,0.30290872,-0.2796585
-5.785325,2.780283,-2.404695,0.33258548,-0.27660695
-5.8090186,2.758783,-2.4198327,0.36226228,-0.27355537
-5.835201,2.735738,-2.436144,0.39193904,-0.2705038
-5.863955,2.7112498,-2.4535995,0.42123312,-0.2455338
-5.89552,2.6853042,-2.4706647,0.4505272,-0.22056378
-5.9299526,2.6579728,-2.4870923,0.47982126,-0.19559377
-5.9672933,2.6293201,-2.5026345,0.50821376,-0.17991188
-6.00743,2.5995016,-2.5177913,0.523,-0.16422999
-6.049309,2.5693629,-2.5320425,0.523,-0.14854808
-6.0917177,2.5397508,-2.5449433,0.523,-0.122895606
-6.134655,2.5105865,-2.5556288,0.523,-0.09724312
-6.178025,2.481801,-2.564092,0.523,-0.07159065
-6.2217307,2.453322,-2.5703268,0.523,-0.059959788
-6.2656474,2.4250944,-2.57555,0.523,-0.04832893
-6.3097386,2.3970788,-2.5797613,0.523,-0.036698073
-6.3539696,2.3692355,-2.5829594,0.523,-0.020074254
-6.3983097,2.3415205,-2.584709,0.523,-0.0034504354
-6.4427075,2.313878,-2.5850098,0.523,0.013173384
-6.4871097,2.2862508,-2.5838616,0.523,0.026318938
-6.5314684,2.25858,-2.5815678,0.523,0.039464492
-6.5757446,2.2308195,-2.5781286,0.523,0.052610047
-6.619899,2.2029238,-2.5735447,0.523,0.0656956
-6.66389,2.1748478,-2.5678225,0.523,0.07878116
-6.7076783,2.1465473,-2.5609624,0.523,0.09186672
-6.751223,2.117979,-2.552966,0.523,0.09854578
-6.79451,2.089082,-2.54439,0.523,0.105224855
-6.837518,2.0598347,-2.535235,0.523,0.11190392
-6.880226,2.0302165,-2.525501,0.523,0.11772578
-6.9226146,2.000204,-2.5152628,0.523,0.12354764
-6.9646645,1.9697808,-2.504521,0.523,0.1293695
-7.006354,1.9389304,-2.4932756,0.523,0.13262749
-7.047676,1.9076266,-2.4817488,0.523,0.13588548
-7.088617,1.8758626,-2.4699407,0.523,0.13914347
-7.1291614,1.8436319,-2.457851,0.523,0.14189094
-7.1692977,1.8109261,-2.4455242,0.523,0.1446384
-7.209012,1.7777412,-2.4329605,0.523,0.14738587
-7.2482905,1.7440736,-2.4201598,0.523,0.15558602
-7.287086,1.7099488,-2.4066527,0.523,0.16378617
-7.3253665,1.6753488,-2.3924396,0.523,0.17198634
-7.363099,1.6402569,-2.377522,0.523,0.17828903
-7.4002624,1.6046458,-2.3620634,0.523,0.18459171
-7.4368286,1.5685065,-2.3460643,0.523,0.19089441
-7.472769,1.5318305,-2.3295255,0.523,0.1970303
-7.508055,1.4946102,-2.312462,0.523,0.20316619
-7.542658,1.4568403,-2.2948742,0.523,0.20930208
-7.5765476,1.4185168,-2.276763,0.523,0.21473141
-7.6096992,1.3796314,-2.2581892,0.523,0.22016074
-7.6420836,1.3401842,-2.2391531,0.523,0.22559007
-7.6736727,1.3001771,-2.2196555,0.523,0.23092687
-7.7044377,1.259612,-2.199705,0.523,0.23626369
-7.734349,1.2184935,-2.1793015,0.523,0.2416005
-7.7633777,1.1768275,-2.1584463,0.523,0.24628828
-7.791498,1.1346145,-2.1371946,0.523,0.25097606
-7.8186827,1.0918643,-2.1155467,0.523,0.25566384
-7.844904,1.0485884,-2.0935035,0.523,0.25964177
-7.8701386,1.0047909,-2.0711248,0.523,0.2636197
-7.8943605,0.9604869,-2.0484111,0.523,0.26759762
-7.9175453,0.9156927,-2.025363,0.523,0.26997057
-7.9396772,0.8704057,-2.0021152,0.523,0.27234355
-7.9607363,0.8246466,-1.9786683,0.523,0.27471653
-7.9807034,0.7784372,-1.9550223,0.523,0.27830833
-7.9995537,0.7318162,-1.9310751,0.523,0.28190017
-8.017263,0.6848057,-1.906827,0.523,0.28549197
-8.033811,0.63742936,-1.8822782,0.523,0.28725338
-8.049182,0.5896858,-1.8575822,0.523,0.2890148
-8.063363,0.54160243,-1.832739,0.523,0.2907762
-8.076338,0.493207,-1.8077487,0.523,0.2948605
-8.088085,0.44456244,-1.7824175,0.523,0.2989448
-8.098583,0.39569703,-1.7567459,0.523,0.30302912
-8.107812,0.3466405,-1.7307342,0.523,0.3065758
-8.115752,0.2974155,-1.7044277,0.523,0.3101225
-8.122388,0.24805443,-1.6778266,0.523,0.31366917
-8.127703,0.19859092,-1.6509312,0.523,0.31711778
-8.1316805,0.14905816,-1.6237501,0.523,0.32056642
-8.134308,0.09949206,-1.5962836,0.523,0.32401505
-8.1355715,0.049929604,-1.5685319,0.523,0.33024105
-8.135459,0.0004558028,-1.5402662,0.523,0.3364671
-8.133952,-0.04888857,-1.5114877,0.523,0.3426931
-8.131032,-0.09806088,-1.4821976,0.523,0.3456735
-8.126678,-0.14707421,-1.4526628,0.523,0.3486539
-8.120885,-0.19588491,-1.4228839,0.523,0.35163432
-8.113649,-0.2444486,-1.3928608,0.523,0.35297194
-8.104963,-0.29274943,-1.3627284,0.523,0.35430953
-8.0948305,-0.34074295,-1.3324865,0.523,0.35564712
-8.083257,-0.3883845,-1.3021353,0.523,0.35211274
-8.070227,-0.43571463,-1.2720731,0.523,0.34857836
-8.05576,-0.48269236,-1.2423003,0.523,0.345044
-8.039882,-0.5292781,-1.2128172,0.523,0.34191734
-8.022617,-0.5754271,-1.1835908,0.523,0.33879068
-8.003991,-0.62110245,-1.1546211,0.523,0.33566403
-7.9840283,-0.6662686,-1.1259089,0.523,0.33124527
-7.962744,-0.7109113,-1.0975604,0.523,0.3268265
-7.9401693,-0.7549992,-1.0695765,0.523,0.32240775
-7.916334,-0.79850286,-1.0419576,0.523,0.31691015
-7.891261,-0.84140974,-1.0147936,0.523,0.31141254
-7.864985,-0.88369524,-0.9880855,0.523,0.30591494
-7.837541,-0.9253369,-0.9618339,0.5224893,0.29806554
-7.808972,-0.96630394,-0.9362605,0.5219786,0.29021618
-7.7793226,-1.0065835,-0.9113657,0.521468,0.2823668
-7.748639,-1.0461651,-0.88714963,0.5204311,0.2735402
-7.7169895,-1.0850127,-0.8637179,0.5193943,0.2647136
-7.6844244,-1.1231248,-0.84106946,0.51835746,0.255887
-7.6509924,-1.1605029,-0.81920314,0.5175358,0.24628724
-7.616721,-1.1971732,-0.7981735,0.51671416,0.23668748
-7.5816593,-1.2331426,-0.77797997,0.51589257,0.22708772
-7.545854,-1.2684206,-0.7586219,0.51508874,0.21623196
-7.5093403,-1.3030294,-0.7402031,0.51428497,0.20537618
-7.472167,-1.3369858,-0.72272295,0.51348114,0.19452041
-7.434382,-1.3703085,-0.70618063,0.5125179,0.18242499
-7.3960342,-1.4030156,-0.69068426,0.5115547,0.17032956
-7.3571734,-1.4351333,-0.6762322,0.5105915,0.15823413
-7.317848,-1.46669,-0.66282284,0.5092803,0.14314474
-7.2781143,-1.4977077,-0.65071416,0.5079691,0.12805535
-7.2380285,-1.5282263,-0.6399024,0.5066579,0.11296596
-7.1976457,-1.5582868,-0.6303835,0.5037949,0.10180996
-7.15716,-1.5878295,-0.6218497,0.50093186,0.09065398
-7.1166115,-1.6168909,-0.6142915,0.49806884,0.07949799
-7.0760384,-1.6455079,-0.6076992,0.49538997,0.0713944
-7.0354724,-1.6737216,-0.6018095,0.4927111,0.06329081
-6.994939,-1.7015599,-0.5966156,0.49003223,0.055187218
-6.954463,-1.7290502,-0.5921107,0.4881393,0.045019865
-6.914,-1.7562664,-0.58844924,0.4862464,0.034852512
-6.8735785,-1.7832401,-0.58562535,0.48435348,0.024685156
-6.8332267,-1.8100032,-0.5836328,0.4822612,0.018274974
-6.79299,-1.8365742,-0.582164,0.48016894,0.0118647935
-6.752886,-1.8629736,-0.5812145,0.47807667,0.005454612
-6.712929,-1.8892214,-0.5807799,0.47660345,0.0002243042
-6.6730833,-1.9153715,-0.5807621,0.4751302,-0.005006003
-6.6333604,-1.9414397,-0.5811585,0.47365698,-0.010236311
-6.593773,-1.9674418,-0.5819666,0.47355264,-0.015731055
-6.5542183,-1.9934683,-0.5832081,0.4734483,-0.021225799
-6.5147085,-2.0195353,-0.58488286,0.47334397,-0.026720542
-6.475256,-2.0456595,-0.5869906,0.4740115,-0.032234423
-6.43581,-2.0718994,-0.5895367,0.47467905,-0.037748307
-6.396383,-2.0982716,-0.59252244,0.4753466,-0.04326219
-6.356988,-2.1247928,-0.59594876,0.47613096,-0.049060535
-6.31763,-2.1514854,-0.5998404,0.4769153,-0.054858882
-6.2783237,-2.1783674,-0.60419875,0.47769964,-0.060657226
-6.2390833,-2.2054558,-0.6090251,0.47837663,-0.06377761
-6.199926,-2.2327664,-0.6141066,0.47905362,-0.066898
-6.160861,-2.2603092,-0.6194439,0.4797306,-0.07001839
-6.121897,-2.2880933,-0.62503767,0.4806091,-0.07229432
-6.0830245,-2.3161416,-0.6308235,0.48148754,-0.07457025
-6.0442505,-2.3444612,-0.6368021,0.48236603,-0.07684618
-6.0055823,-2.3730595,-0.642974,0.4834295,-0.07891624
-5.9670134,-2.4019547,-0.6493258,0.484493,-0.0809863
-5.9285502,-2.4311535,-0.6558582,0.48555648,-0.08305635
-5.8902016,-2.4606626,-0.6625719,0.4867295,-0.08236796
-5.8519573,-2.4905019,-0.6692462,0.48790252,-0.08167956
-5.813819,-2.5206704,-0.67588073,0.48907554,-0.080991164
-5.7757883,-2.5511658,-0.6824753,0.49035767,-0.081372425
-5.737862,-2.5819912,-0.68911827,0.4916398,-0.081753686
-5.7000437,-2.613148,-0.69580966,0.49292192,-0.08213495
-5.662338,-2.644638,-0.70254976,0.49401227,-0.081103995
-5.6247587,-2.6764545,-0.7092202,0.49510258,-0.08007305
-5.5873075,-2.7085943,-0.71582055,0.49619293,-0.07904211
-5.5499835,-2.7410548,-0.7223504,0.49741817,-0.07766915
-5.5127773,-2.7738423,-0.72878295,0.4986434,-0.076296195
-5.4756875,-2.8069537,-0.73511755,0.49986863,-0.07492323
-5.4387136,-2.8403845,-0.7413537,0.5013982,-0.072657794
-5.40183,-2.8741539,-0.7474201,0.5029278,-0.070392355
-5.3650346,-2.9082556,-0.7533156,0.50445735,-0.06812691
-5.3283234,-2.9426835,-0.75903904,0.5062371,-0.06631069
-5.291677,-2.9774475,-0.7646297,0.5080168,-0.06449446
-5.2550926,-3.0125427,-0.77008665,0.50979656,-0.06267823
-5.218569,-3.047965,-0.7754087,0.5116613,-0.06183029
-5.182099,-3.0837133,-0.78067803,0.513526,-0.06098234
-5.1456842,-3.119786,-0.78589416,0.51539075,-0.060134392
-5.1093245,-3.1561818,-0.7910565,0.5169474,-0.05433311
-5.073032,-3.1928875,-0.7957354,0.51850396,-0.048531823
-5.036792,-3.2298849,-0.7999278,0.5200606,-0.04273054
-5.000589,-3.267155,-0.80363035,0.52214265,-0.040694278
-4.9643774,-3.3047118,-0.80717075,0.523,-0.038658015
-4.9282365,-3.3424616,-0.8105396,0.523,-0.036621757
-4.8922205,-3.380336,-0.8137311,0.523,-0.036324102
-4.8563247,-3.4183254,-0.8168967,0.523,-0.036026448
-4.8205495,-3.4564288,-0.8200363,0.523,-0.035728794
-4.7848935,-3.4946444,-0.82315,0.523,-0.03267514
-4.749353,-3.5329752,-0.82599765,0.523,-0.029621487
-4.713918,-3.5714104,-0.8285793,0.523,-0.026567835
-4.67858,-3.6099405,-0.8308948,0.523,-0.025097769
-4.6433296,-3.6485538,-0.8330823,0.523,-0.023627704
-4.6081624,-3.6872454,-0.83514166,0.523,-0.02215764
-4.573074,-3.7260106,-0.8370729,0.523,-0.019809049
-4.5380588,-3.7648454,-0.8387995,0.523,-0.01746046
-4.503109,-3.8037424,-0.84032136,0.523,-0.015111869
-4.4682174,-3.842694,-0.84163857,0.523,-0.013925761
-4.4333763,-3.8816922,-0.8428524,0.523,-0.012739653
-4.398582,-3.9207335,-0.84396285,0.523,-0.011553544
-4.3638306,-3.9598136,-0.8449699,0.523,-0.0077869357
-4.3291173,-3.9989302,-0.84564865,0.523,-0.0040203272
-4.29443,-4.038071,-0.8459991,0.523,-0.0002537191
-4.2597556,-4.0772247,-0.84602123,0.523,0.012012964
-4.2250853,-4.1163764,-0.8449741,0.523,0.024279648
-4.190381,-4.155483,-0.84285796,0.523,0.03654633
-4.1556077,-4.1945014,-0.83967304,0.523,0.05106365
-4.120732,-4.2333837,-0.8352239,0.523,0.06558097
-4.0857134,-4.272078,-0.8295115,0.523,0.080098286
-4.050512,-4.310531,-0.8225371,0.523,0.08672954
-4.0150623,-4.3487163,-0.81498665,0.523,0.0933608
-3.9793475,-4.38661,-0.8068605,0.523,0.09999205
-3.9433486,-4.424188,-0.79815906,0.523,0.10550292
-3.907045,-4.4614305,-0.78897977,0.523,0.111013785
-3.8704226,-4.4983163,-0.7793229,0.523,0.11652465
-3.8334692,-4.5348234,-0.7691888,0.523,0.1207926
-3.796167,-4.5709357,-0.75868535,0.523,0.12506054
-3.758507,-4.606635,-0.7478126,0.523,0.12932849
-3.720482,-4.6419044,-0.7365709,0.523,0.13016024
-3.6820672,-4.6767397,-0.7252573,0.523,0.130992
-3.6432648,-4.7111344,-0.7138717,0.523,0.13182376
-3.6040778,-4.7450814,-0.70241433,0.5216666,0.13011509
-3.5645964,-4.7784996,-0.6911335,0.5203332,0.12840642
-3.5248334,-4.8113933,-0.6800284,0.51899976,0.12669775
-3.4848018,-4.843767,-0.6690983,0.51615685,0.12427887
-3.4446278,-4.875536,-0.65843457,0.5133139,0.12185999
-3.404328,-4.906712,-0.64803493,0.5104709,0.11944111
-3.3639197,-4.9373055,-0.63789725,0.5067791,0.11669479
-3.3234847,-4.9672794,-0.62806314,0.5030872,0.11394848
-3.2830405,-4.996648,-0.6185295,0.49939534,0.111202165
-3.2426045,-5.025426,-0.6092929,0.4970138,0.110667095
-3.202096,-5.053695,-0.60014445,0.4946323,0.11013202
-3.1615236,-5.081461,-0.59108365,0.49225077,0.10959695
-3.1208954,-5.108728,-0.5821101,0.49071783,0.11268397
-3.0801654,-5.1355357,-0.5729136,0.4891849,0.11577097
-3.039333,-5.161876,-0.56349576,0.48765194,0.11885798
-2.9983983,-5.18774,-0.5538583,0.48535317,0.11244814
-2.9573796,-5.213107,-0.54478127,0.48305443,0.10603831
-2.9162989,-5.238,-0.5362602,0.48075566,0.09962847
-2.875177,-5.2624407,-0.52829057,0.4765274,0.08711519
-2.8341768,-5.2863693,-0.5213805,0.47229913,0.07460191
-2.793336,-5.3098283,-0.51551354,0.46807086,0.06208863
-2.7526906,-5.332859,-0.51067305,0.4620576,0.05019306
-2.7124305,-5.355414,-0.5068093,0.4560443,0.038297486
-2.6725879,-5.377534,-0.5038991,0.450031,0.026401913
-2.6331923,-5.3992558,-0.5019191,0.4288197,0.023434132
-2.5956097,-5.419881,-0.5002444,0.40760836,0.020466352
-2.559851,-5.4394274,-0.4988541,0.38639703,0.017498571
-2.5259254,-5.4579105,-0.49772727,0.3660297,0.01155675
-2.4937656,-5.4753847,-0.49702227,0.34566242,0.0056149303
-2.463382,-5.491866,-0.49669877,0.32529512,-0.00032688974
-2.4347835,-5.507367,-0.4967165,0.30496764,-0.0062980177
-2.4079726,-5.5218997,-0.4970366,0.28464016,-0.012269145
-2.3829546,-5.535471,-0.49761865,0.26431268,-0.018240273
-2.3597329,-5.5480857,-0.49842212,0.24610215,-0.017379344
-2.33812,-5.5598483,-0.49913493,0.22789161,-0.016518414
-2.3181138,-5.5707555,-0.49976233,0.20968106,-0.015657485
-2.2997124,-5.5808024,-0.50030947,0.19500741,-0.0075060367
-2.2826023,-5.5901566,-0.5005534,0.18033375,0.000645411
-2.2667813,-5.598811,-0.500534,0.1656601,0.008796859
-2.252248,-5.6067605,-0.50029117,0.15422036,0.01738106
-2.2387183,-5.614157,-0.49984443,0.14278062,0.025965262
-2.2261913,-5.6209984,-0.4992266,0.13134088,0.034549464
-2.214667,-5.627282,-0.49847046,0.12204975,0.045956146
-2.2039585,-5.633111,-0.49753597,0.11275862,0.057362832
-2.194066,-5.638484,-0.49645853,0.103467494,0.068769515
-2.18499,-5.6434007,-0.49527356,0.10281119,0.07492043
-2.1759696,-5.648273,-0.493991,0.10215489,0.08107134
-2.1670048,-5.653101,-0.49261218,0.10149859,0.087222256
-2.1580958,-5.6578827,-0.49113858,0.09865856,0.10232595
-2.1494417,-5.6625113,-0.48945895,0.09581854,0.11742965
-2.141043,-5.6669855,-0.48758793,0.092978515,0.13253334
-2.1329007,-5.6713033,-0.48554015,0.09172868,0.14943805
-2.1248784,-5.675536,-0.48326403,0.090478845,0.16634277
-2.1169772,-5.6796827,-0.48076716,0.08922901,0.18324748
-2.1091983,-5.68374,-0.4780572,0.08707646,0.19473478
-2.101613,-5.68767,-0.4752489,0.084923916,0.20622207
-2.0942218,-5.6914735,-0.4723507,0.08277137,0.21770936
-2.087025,-5.695151,-0.46937102,0.08150377,0.22179149
-2.0799341,-5.698747,-0.46638283,0.080236174,0.22587362
-2.0729494,-5.7022634,-0.4633879,0.078968585,0.22995576
-2.0660713,-5.7057,-0.46038797,0.07832996,0.23437862
-2.0592458,-5.709085,-0.4573561,0.07769133,0.2388015
-2.0524728,-5.7124186,-0.45429328,0.077052705,0.24322435
-2.045753,-5.7157,-0.45120046,0.07628514,0.2490733
-2.0390997,-5.718924,-0.44806632,0.07551757,0.25492224
-2.0325134,-5.72209,-0.44489247,0.074750006,0.2607712
-2.025994,-5.725198,-0.44168037,0.07792582,0.2644369
-2.0191944,-5.728413,-0.43828586,0.08110165,0.26810262
-2.012113,-5.731732,-0.4347052,0.084277466,0.27176833
-2.0047498,-5.7351513,-0.43093467,0.08704495,0.27292556
-1.9971337,-5.7386527,-0.4270242,0.08981243,0.27408278
-1.9892641,-5.7422333,-0.42297268,0.0925799,0.27524
