-3.6855924,8.657241,-2.9606571,0.13350464,0.0
-3.698725,8.654838,-2.9606571,0.16312043,0.09967568
-3.7146912,8.651917,-2.9579518,0.19273622,0.19935136
-3.7332654,8.648467,-2.9515903,0.222352,0.29902703
-3.7541316,8.644454,-2.9406734,0.2520297,0.39671054
-3.7769096,8.639815,-2.9244432,0.2817074,0.49439406
-3.8011246,8.634473,-2.902165,0.3113851,0.59207755
-3.8262258,8.6283455,-2.8732016,0.34094244,0.6200454
-3.8529801,8.620987,-2.8401828,0.37049982,0.6480133
-3.8811877,8.612218,-2.8029103,0.4000572,0.67598116
-3.910623,8.60185,-2.7611935,0.429184,0.5991252
-3.9435327,8.58869,-2.720856,0.4583108,0.52226925
-3.97979,8.572466,-2.6827514,0.4874376,0.44541332
-4.019228,8.552983,-2.6477509,0.5126788,0.45149234
-4.059847,8.5311165,-2.6104698,0.523,0.45757136
-4.100303,8.507352,-2.571962,0.523,0.46365038
-4.139695,8.482123,-2.5329797,0.523,0.42625362
-4.178765,8.454897,-2.4969397,0.523,0.3888569
-4.2174478,8.425816,-2.463892,0.523,0.35146016
-4.2556996,8.395027,-2.4338832,0.523,0.34902146
-4.293044,8.363077,-2.4040742,0.523,0.34658277
-4.3294516,8.329999,-2.3744648,0.523,0.34414408
-4.364895,8.295828,-2.3450556,0.523,0.31565085
-4.399656,8.260284,-2.317996,0.523,0.28715765
-4.433743,8.223488,-2.293308,0.523,0.25866446
-4.467177,8.18556,-2.2710116,0.523,0.25611854
-4.4997787,8.146872,-2.24893,0.523,0.2535726
-4.5315394,8.107445,-2.227063,0.523,0.25102672
-4.562451,8.067307,-2.205411,0.523,0.21369055
-4.5927525,8.026149,-2.1869256,0.523,0.17635441
-4.622507,7.9841275,-2.171633,0.523,0.13901825
-4.6517887,7.9414034,-2.1595542,0.523,0.12730038
-4.6805973,7.898261,-2.1484878,0.523,0.115582526
-4.708967,7.85474,-2.1384354,0.523,0.10386466
-4.7369347,7.81088,-2.129398,0.523,0.08142316
-4.7645617,7.7666764,-2.1223085,0.523,0.058981664
-4.791918,7.7222085,-2.1171703,0.523,0.03654016
-4.8190746,7.677552,-2.1139858,0.523,0.027956594
-4.846096,7.6327977,-2.1115494,0.523,0.019373024
-4.8730145,7.5879683,-2.1098607,0.523,0.010789454
-4.89986,7.5430875,-2.1089203,0.523,-0.001312095
-4.9266653,7.498179,-2.1090345,0.523,-0.013413643
-4.953473,7.4532776,-2.1102037,0.523,-0.025515193
-4.980327,7.408418,-2.1124277,0.523,-0.03443686
-5.007273,7.3636303,-2.1154287,0.523,-0.043358523
-5.0343447,7.318939,-2.119207,0.523,-0.052280188
-5.061573,7.27437,-2.1237621,0.523,-0.059973966
-5.0889926,7.229944,-2.1289866,0.523,-0.067667745
-5.1166296,7.185684,-2.1348805,0.523,-0.07536153
-5.144512,7.141612,-2.1414433,0.523,-0.08762487
-5.172655,7.097768,-2.1490715,0.523,-0.09988822
-5.201099,7.0541897,-2.157764,0.523,-0.11215156
-5.2298827,7.010917,-2.1675193,0.523,-0.12513642
-5.259042,6.9679937,-2.1783986,0.523,-0.13812128
-5.2886157,6.925463,-2.1904,0.523,-0.15110615
-5.3186407,6.8833704,-2.2035213,0.523,-0.1593352
-5.3491764,6.841729,-2.2173514,0.523,-0.16756424
-5.380243,6.8005695,-2.231889,0.523,-0.1757933
-5.411859,6.7599244,-2.2471335,0.523,-0.18315494
-5.444048,6.7198195,-2.2630095,0.523,-0.19051658
-5.4768243,6.6802855,-2.279516,0.523,-0.19787821
-5.5102,6.6413546,-2.296652,0.523,-0.17694786
-5.5443735,6.6028485,-2.3119955,0.523,-0.15601751
-5.579256,6.5647373,-2.32554,0.523,-0.13508716
-5.6147604,6.5269866,-2.3372793,0.523,-0.19529979
-5.6503463,6.4900284,-2.3541949,0.523,-0.25551242
-5.686056,6.454176,-2.3762255,0.523,-0.3
-5.7220864,6.4195604,-2.401985,0.523,-0.28297132
-5.759186,6.3857126,-2.426323,0.523,-0.26594266
-5.79728,6.3526187,-2.4492319,0.523,-0.248914
-5.8362966,6.3202615,-2.4707055,0.523,-0.22606456
-5.8762193,6.288575,-2.4902434,0.523,-0.20321512
-5.916956,6.25752,-2.5078354,0.523,-0.18036568
-5.958416,6.2270517,-2.523472,0.523,-0.19295755
-6.000248,6.197306,-2.5401874,0.523,-0.20554943
-6.0424633,6.1683373,-2.5579786,0.523,-0.2181413
-6.0850725,6.140201,-2.5768428,0.523,-0.17874637
-6.1285477,6.1126556,-2.5923407,0.523,-0.13935146
-6.1727223,6.085617,-2.604448,0.523,-0.09995653
-6.217433,6.0589895,-2.6131465,0.523,-0.049420178
-6.2625437,6.032653,-2.6174526,0.523,0.0011161685
-6.3078227,6.0064783,-2.6173553,0.523,0.051652513
