2.3922894,1.59871,2.7387314,0.29106715,0.0
2.365513,1.6101213,2.7387314,0.26106718,0.09999242
2.3416162,1.6203053,2.743075,0.23106721,0.19998483
2.3207448,1.6290933,2.7507255,0.20106724,0.29997724
2.3029847,1.6364117,2.760628,0.17106923,0.3998822
2.288357,1.6422704,2.7717278,0.14107123,0.49978715
2.2768128,1.6467463,2.7829955,0.111073226,0.5996921
2.2682269,1.6499643,2.7934437,0.08112099,0.69185317
2.2623546,1.6520954,2.802069,0.05116876,0.7840143
2.2589383,1.6533021,2.808091,0.021216525,0.8761754
2.2576551,1.6537467,2.8108077,-0.0086649405,0.90136707
2.2581637,1.6535721,2.8096752,-0.038546406,0.92655873
2.2603524,1.6528176,2.8045385,-0.06842787,0.95175034
2.2640996,1.6515045,2.7952502,-0.09835078,0.9397627
2.2695575,1.6495348,2.7820153,-0.12827368,0.927775
2.276757,1.6468284,2.764906,-0.15819658,0.91578734
2.2857182,1.6432836,2.7439964,-0.18814027,0.8703728
2.2968986,1.6385882,2.720022,-0.21808396,0.82495815
2.310402,1.6325325,2.6933243,-0.24802765,0.7795436
2.3262997,1.624887,2.6642656,-0.2780082,0.70575345
2.3450944,1.6151661,2.6342125,-0.30798876,0.63196325
2.3668144,1.6030914,2.6038895,-0.3379693,0.55817306
2.3914363,1.588409,2.574056,-0.36796364,0.46781003
2.4191303,1.570754,2.5464015,-0.39795798,0.377447
2.4497633,1.5500125,2.521957,-0.4279523,0.28708395
2.4831767,1.5261767,2.5017607,-0.45794192,0.18912007
2.5192575,1.4993223,2.4874122,-0.48793155,0.09115618
2.5578165,1.4697546,2.4800096,-0.5179212,-0.0068077147
2.5986807,1.437936,2.4805973,-0.523,-0.10626966
2.6397324,1.4060099,2.489843,-0.523,-0.2057316
2.6804354,1.3749548,2.5076497,-0.523,-0.3
2.7206912,1.3453598,2.533409,-0.523,-0.3
2.761696,1.3168114,2.5591686,-0.523,-0.3
2.8034227,1.2893287,2.5849283,-0.523,-0.3
2.8458433,1.2629298,2.6106877,-0.523,-0.3
2.8889298,1.2376323,2.6364472,-0.523,-0.3
2.9326537,1.2134529,2.6622066,-0.523,-0.3
2.9769857,1.1904078,2.6879663,-0.523,-0.3
3.0218966,1.1685121,2.7137258,-0.523,-0.3
3.0673566,1.1477804,2.7394853,-0.523,-0.3
3.1133356,1.1282266,2.7652447,-0.523,-0.3
3.159803,1.1098634,2.7910042,-0.523,-0.3
3.2067277,1.0927032,2.8167639,-0.523,-0.3
3.2540789,1.0767574,2.8425233,-0.523,-0.3
3.301825,1.0620364,2.8682828,-0.523,-0.3
3.3499348,1.0485501,2.8940423,-0.523,-0.3
3.3983757,1.0363075,2.919802,-0.523,-0.3
3.447116,1.0253165,2.9455614,-0.523,-0.3
3.496123,1.0155846,2.9713209,-0.523,-0.3
3.5453646,1.0071181,2.9970803,-0.523,-0.3
3.5948079,0.9999228,3.0228398,-0.523,-0.3
3.6444201,0.99400336,3.0485995,-0.523,-0.3
3.6941683,0.98936373,3.074359,-0.523,-0.2842026
3.744257,0.985991,3.0987997,-0.523,-0.2684052
3.7946382,0.98383373,3.1219158,-0.523,-0.2526078
3.8452685,0.9828374,-3.139484,-0.523,-0.21823743
3.896328,0.982945,-3.1206114,-0.523,-0.18386707
3.947735,0.9840238,-3.1046746,-0.523,-0.1494967
3.9994164,0.98593265,-3.091692,-0.49300012,-0.23478125
4.047304,0.9883242,-3.0725775,-0.4630002,-0.3
4.091431,0.9913745,-3.0497732,-0.43300033,-0.3
4.1326227,0.9951674,-3.0284464,-0.40300158,-0.3
4.170877,0.9995143,-3.0085974,-0.37300286,-0.3
4.206197,1.0042396,-2.9902256,-0.3430041,-0.3
4.2385902,1.0091807,-2.9733315,-0.3130166,-0.3
4.2680717,1.0141885,-2.9579144,-0.2830291,-0.3
4.294656,1.0191271,-2.9439743,-0.2530416,-0.3
4.318359,1.0238733,-2.9315112,-0.22319604,-0.26081496
4.33945,1.0283704,-2.9219186,-0.1933505,-0.22162995
4.3578587,1.0324807,-2.914835,-0.16350494,-0.18244493
4.373526,1.0360956,-2.9098907,-0.13414568,-0.12689614
4.386477,1.0391513,-2.907061,-0.10478642,-0.071347356
4.396643,1.0415802,-2.905816,-0.07542716,-0.015798569
4.403976,1.0433419,-2.9056175,-0.0460479,0.059792697
4.4084454,1.0444165,-2.9060762,-0.016668642,0.13538396
4.4100513,1.044802,-2.9064512,0.012710615,0.21097523
4.4088426,1.0445124,-2.9060075,0.041985553,0.29655388
4.404938,1.0435752,-2.9039626,0.07126049,0.38213253
4.398512,1.0420187,-2.8995337,0.10053543,0.46771115
4.3897996,1.0398676,-2.8919795,0.12871772,0.55183816
4.3791785,1.0371599,-2.8807328,0.1569,0.6359651
4.366983,1.0339044,-2.8652008,0.1850823,0.72009206
4.3535976,1.0301076,-2.8448586,0.21072169,0.7738059
4.3391843,1.0257006,-2.8203144,0.23636109,0.8275197
4.324008,1.0206498,-2.7913105,0.26200047,0.8812336
4.3083515,1.0149298,-2.7576208,0.2829767,0.9123472
4.2922974,1.0084435,-2.7203176,0.3039529,0.9434608
4.2760158,1.0011475,-2.6793046,0.32492912,0.97457445
4.2596855,0.99301016,-2.6344934,0.3418305,1.0
4.2435403,0.98404074,-2.5865533,0.35873187,1.0
4.2270675,0.97382665,-2.536243,0.37563324,1.0
4.2103786,0.9622775,-2.4835622,0.38296196,1.0
4.1940074,0.9496234,-2.4298537,0.39029068,1.0
4.1780396,0.93585,-2.3751173,0.3976194,1.0
4.162564,0.9209491,-2.319353,0.40282965,1.0
4.147751,0.90500253,-2.2628582,0.4080399,1.0
4.1336823,0.8880282,-2.2056324,0.41325012,1.0
4.120441,0.87005043,-2.1476762,0.4185967,0.9913412
4.1079392,0.8508387,-2.0892987,0.4239433,0.9826823
4.0962834,0.83041006,-2.0305126,0.4292899,0.97402346
4.0855794,0.80878973,-1.9713312,0.43202642,0.9490715
4.075768,0.7856184,-1.9128006,0.4347629,0.92411965
4.0669823,0.7609395,-1.8549706,0.4374994,0.8991678
4.0593495,0.73480743,-1.7978908,0.43656182,0.8712246
4.053021,0.7074194,-1.7422206,0.43562424,0.8432814
4.048079,0.6788743,-1.6879978,0.43468666,0.81533825
4.0445943,0.64927566,-1.6352588,0.43322423,0.79597217
4.0426416,0.61903065,-1.5836658,0.43176177,0.77660614
4.0422454,0.5882358,-1.5332316,0.43029934,0.7572401
4.04342,0.5569865,-1.4839681,0.43268603,0.73316896
4.046208,0.5249566,-1.4357073,0.43507272,0.70909786
4.050655,0.4922376,-1.388491,0.43745944,0.68502676
4.0567966,0.45892206,-1.3423615,0.43722758,0.67735946
4.0645123,0.42573702,-1.2966902,0.43699574,0.6696921
4.0737863,0.39275506,-1.2514797,0.4367639,0.6620248
4.0846004,0.36004674,-1.2067323,0.4376687,0.6570492
4.09694,0.32766357,-1.1621788,0.4385735,0.6520736
4.1107907,0.29567447,-1.1178218,0.4394783,0.647098
4.1261363,0.26414743,-1.0736635,0.43807858,0.6364392
4.142938,0.233181,-1.0302691,0.4366789,0.62578034
4.161151,0.20283362,-0.98763984,0.4352792,0.6151215
4.1807265,0.17315952,-0.9457763,0.4325388,0.61218274
4.201439,0.14445283,-0.9043495,0.42979842,0.609244
4.2232285,0.116747916,-0.86335766,0.427058,0.60630524
4.2460356,0.090075545,-0.8227989,0.426245,0.5932896
4.270073,0.06416931,-0.7830806,0.42543197,0.5802739
4.2952895,0.039069243,-0.7442065,0.42461896,0.56725824
4.3216333,0.0148110185,-0.70618033,0.4243847,0.5559222
4.3490605,-0.008581589,-0.6688538,0.42415047,0.5445862
4.3775225,-0.031077955,-0.63223094,0.42391625,0.53325015
4.4069724,-0.052650996,-0.5963157,0.42563662,0.5129856
4.437657,-0.07347786,-0.5615,0.427357,0.49272105
4.469528,-0.093526036,-0.52780825,0.4290774,0.47245649
4.502536,-0.112768814,-0.4952645,0.43241882,0.46916306
4.536471,-0.1310995,-0.46267888,0.43576026,0.46586967
4.5713096,-0.14847676,-0.43005496,0.4391017,0.46257624
4.607027,-0.16485986,-0.3973964,0.44183064,0.47380093
4.643279,-0.18007585,-0.36379725,0.44455954,0.4850256
4.6800337,-0.19406995,-0.3292527,0.44728848,0.4962503
4.717254,-0.20678785,-0.29375798,0.4476452,0.50127697
4.75483,-0.2181548,-0.25790566,0.4480019,0.50630367
4.7927136,-0.22814782,-0.22169605,0.44835857,0.5113303
4.8308578,-0.23674554,-0.18512958,0.44992733,0.5343826
4.868916,-0.24387288,-0.14693752,0.45149612,0.55743486
4.906818,-0.2494825,-0.10712977,0.4530649,0.58048713
4.9444857,-0.25353336,-0.06571727,0.45039493,0.61434555
4.98121,-0.25595027,-0.022447545,0.44772494,0.64820397
5.0168924,-0.2567514,0.022605201,0.44505498,0.68206245
5.051432,-0.25597048,0.0693653,0.44823948,0.6833813
5.0861073,-0.2535614,0.11653642,0.45142394,0.6847002
5.1208377,-0.24949561,0.16411959,0.45460844,0.68601906
5.1555414,-0.24374835,0.21211576,0.4622474,0.68445665
5.1905518,-0.23620865,0.26082525,0.46988636,0.6828942
5.2257705,-0.22680862,0.31024483,0.47752532,0.68133175
5.2610908,-0.21548504,0.3603713,0.4870267,0.66428477
5.2969737,-0.20196325,0.41041297,0.49652806,0.6472377
5.3332953,-0.18615907,0.4603128,0.5060294,0.63019073
5.3699226,-0.16799773,0.5100132,0.51599044,0.61459845
5.4067144,-0.14741732,0.55960256,0.523,0.5990062
5.4433203,-0.12448761,0.60874903,0.523,0.5834139
5.4791284,-0.09952735,0.6567671,0.523,0.56163746
5.5141854,-0.072500385,0.7031897,0.523,0.539861
5.548405,-0.043490257,0.74799484,0.523,0.5180846
5.5817127,-0.01258561,0.79116124,0.523,0.5042977
5.6139035,0.019978432,0.8332795,0.523,0.4905107
5.644926,0.054123662,0.87434167,0.523,0.47672373
5.674736,0.0897708,0.9143399,0.523,0.44816732
5.703503,0.12710926,0.95211047,0.523,0.41961092
5.731204,0.16601884,0.9876226,0.523,0.3910545
5.75783,0.20637898,1.0208474,0.523,0.38383842
5.7831755,0.24772288,1.0534898,0.523,0.37662232
5.807227,0.2899937,1.085548,0.523,0.36940622
5.8299756,0.33313537,1.1170206,0.523,0.34093073
5.8515825,0.37743697,1.1461661,0.523,0.31245524
5.872086,0.42278486,1.1729608,0.523,0.2839797
5.8915367,0.4690692,1.1973829,0.523,0.28161955
5.909864,0.5158468,1.2216076,0.523,0.27925935
5.9270644,0.5630867,1.2456346,0.523,0.2768992
5.9431357,0.6107583,1.2694637,0.523,0.25262037
5.9581656,0.65911657,1.2912502,0.523,0.22834156
5.9722214,0.7080815,1.3109815,0.523,0.20406276
5.9853787,0.7575774,1.3286458,0.523,0.22526999
5.997603,0.8070687,1.3481162,0.523,0.24647723
6.008804,0.8565358,1.3693839,0.523,0.26768446
6.018894,0.9059536,1.3924394,0.51928,0.24646626
6.027828,0.9555135,1.4135549,0.51556,0.22524807
6.035698,1.0051471,1.4327465,0.51184,0.20402987
6.0425954,1.0547926,1.450031,0.51341903,0.18235846
6.048678,1.1049155,1.4655491,0.5149981,0.16068706
6.0540185,1.1554705,1.4792821,0.5165771,0.13901564
6.058694,1.2064158,1.4912124,0.5177794,0.09592015
6.0627913,1.2577926,1.4994771,0.51898175,0.052824657
6.066484,1.3094866,1.5040443,0.5201841,0.009729165
6.069954,1.3613868,1.5048877,0.523,0.027333241
6.073397,1.4135537,1.50727,0.523,0.04493732
6.076714,1.4656955,1.5111856,0.523,0.062541395
6.0798235,1.5178006,1.5166336,0.523,0.048314445
6.0826516,1.5699629,1.5208434,0.523,0.034087498
6.0852613,1.6221673,1.5238142,0.523,0.019860547
