-7.9642596,1.2977046,-1.5069127,0.6788559,0.0
-7.9599257,1.2299575,-1.5069127,0.523,0.09307289
-7.956601,1.1779901,-1.4988116,0.4998395,0.18614578
-7.9530683,1.1289968,-1.4833938,0.47667903,0.27921867
-7.9490685,1.08335,-1.461498,0.4754992,0.3461063
-7.9441895,1.0388867,-1.4346135,0.47431943,0.4129939
-7.9382915,0.99584484,-1.4028852,0.47313964,0.47988153
-7.9312773,0.95446527,-1.3664792,0.47495818,0.51587766
-7.9228945,0.91400987,-1.3274298,0.47677672,0.5518738
-7.913111,0.87460667,-1.2857687,0.47859523,0.58786994
-7.901913,0.8363884,-1.2415314,0.48240277,0.60637325
-7.8890953,0.79887784,-1.1957119,0.48621035,0.62487656
-7.874649,0.762186,-1.1483066,0.4900179,0.6433798
-7.858574,0.7264283,-1.0993128,0.49512395,0.6501283
-7.8406725,0.6913161,-1.049364,0.50023,0.65687674
-7.82094,0.6569671,-0.9984533,0.50533605,0.6636252
-7.79938,0.6235027,-0.94657415,0.5114227,0.6597935
-7.775762,0.5907145,-0.8943277,0.5175094,0.6559618
-7.7500877,0.5587349,-0.841721,0.523,0.6521301
-7.7223964,0.5277341,-0.7888212,0.523,0.63956606
-7.6928253,0.49796027,-0.736796,0.523,0.62700206
-7.6614585,0.46950316,-0.6856536,0.523,0.614438
-7.628382,0.44244474,-0.63540214,0.523,0.5955402
-7.593536,0.41674834,-0.5865055,0.523,0.5766425
-7.5570197,0.39248326,-0.5389811,0.523,0.55774474
-7.5189366,0.3697078,-0.49284604,0.523,0.53743887
-7.4793563,0.34845132,-0.44822213,0.523,0.517133
-7.438386,0.32875004,-0.40512782,0.523,0.49682713
-7.3961306,0.3106289,-0.36358082,0.523,0.4800926
-7.3527756,0.29413238,-0.3233219,0.523,0.4633581
-7.3084145,0.27926782,-0.28436235,0.523,0.4466236
-7.263139,0.2660345,-0.24671309,0.523,0.43258563
-7.2170944,0.2544385,-0.2101711,0.523,0.41854763
-7.17036,0.24446912,-0.17474361,0.523,0.40450966
-7.1230135,0.23611028,-0.1404376,0.523,0.3923632
-7.0751634,0.22934584,-0.107107416,0.523,0.38021672
-7.026877,0.22415411,-0.07475797,0.523,0.36807024
-6.978216,0.22050954,-0.043394044,0.523,0.35655576
-6.9292517,0.21838345,-0.012968631,0.523,0.3450413
-6.8800383,0.21774517,0.016514234,0.523,0.33352682
-6.830627,0.21856123,0.045050643,0.523,0.32289326
-6.7810802,0.22079487,0.07270964,0.523,0.31225973
-6.7314405,0.2244105,0.0994881,0.523,0.30162618
-6.681749,0.22937064,0.12538299,0.523,0.2919632
-6.6320553,0.23563421,0.15047243,0.523,0.2823002
-6.582393,0.24316393,0.17475405,0.523,0.27263722
-6.532792,0.25192124,0.19822562,0.523,0.2633784
-6.483284,0.26186553,0.22091892,0.523,0.25411958
-6.433894,0.27295777,0.24283205,0.523,0.24486077
-6.3846426,0.28515834,0.2639631,0.523,0.23458582
-6.335537,0.29843011,0.28422412,0.523,0.22431087
-6.286593,0.3127283,0.303613,0.523,0.21403591
-6.237824,0.3280076,0.3221277,0.523,0.20355898
-6.1892385,0.34422317,0.33974895,0.523,0.19308206
-6.1408443,0.3613283,0.3564749,0.523,0.18260513
-6.092647,0.37927616,0.37230366,0.523,0.17267609
-6.0446544,0.39801797,0.38728058,0.523,0.16274706
-5.9968677,0.4175092,0.40140417,0.523,0.15281802
-5.949286,0.43770528,0.414673,0.523,0.14489703
-5.9019203,0.45855564,0.42725906,0.523,0.13697605
-5.8547673,0.4800246,0.4391615,0.523,0.12905505
-5.807824,0.5020766,0.4503796,0.523,0.12665835
-5.7611165,0.5246608,0.4613905,0.523,0.12426163
-5.7146463,0.54776496,0.4721941,0.523,0.121864915
-5.6684146,0.57137674,0.48279038,0.523,0.1207481
-5.62243,0.5954803,0.49329004,0.523,0.11963129
-5.5766945,0.6200687,0.50369304,0.523,0.11851448
-5.531211,0.645135,0.5139994,0.523,0.11767088
-5.485984,0.67067116,0.52423275,0.523,0.11682727
-5.4410157,0.6966714,0.534393,0.523,0.11598367
-5.39631,0.7231298,0.54448026,0.523,0.115053505
-5.3518686,0.75004077,0.554487,0.523,0.11412334
-5.307694,0.77739793,0.5644132,0.523,0.11319317
-5.263788,0.8051952,0.5742588,0.523,0.11224841
-5.220154,0.8334265,0.5840226,0.523,0.11130366
-5.1767926,0.8620854,0.5937045,0.523,0.1103589
-5.133706,0.8911659,0.6033046,0.523,0.10939951
-5.090896,0.9206618,0.6128216,0.523,0.108440116
-5.0483646,0.9505669,0.62225544,0.523,0.10748073
-5.0061126,0.9808751,0.63160616,0.523,0.10651101
-4.964142,1.0115801,0.64087284,0.523,0.10554129
-4.9224524,1.0426761,0.6500554,0.523,0.104571566
-4.881047,1.0741568,0.659154,0.523,0.103040956
-4.839922,1.106018,0.66811985,0.523,0.101510346
-4.7990785,1.1382515,0.67695296,0.523,0.099979736
-4.7585154,1.1708497,0.6856533,0.523,0.09805348
-4.7182293,1.2038059,0.6941867,0.523,0.09612723
-4.6782184,1.237111,0.70255286,0.523,0.09420097
-4.63848,1.2707556,0.7107519,0.523,0.09142349
-4.599009,1.3047339,0.7187099,0.523,0.08864601
-4.5597997,1.3390337,0.7264267,0.523,0.08586852
-4.520847,1.3736436,0.7339024,0.523,0.08313306
-4.4821444,1.4085517,0.7411405,0.523,0.08039758
-4.4436874,1.4437469,0.74814093,0.523,0.07766211
-4.4054694,1.4792182,0.7549037,0.523,0.07540781
-4.3674855,1.5149533,0.7614705,0.523,0.07315351
-4.329731,1.550943,0.7678414,0.523,0.0708992
-4.2922006,1.5871786,0.77401626,0.523,0.068326786
-4.2548876,1.6236516,0.7799674,0.523,0.06575437
-4.217786,1.6603525,0.7856949,0.523,0.06318195
-4.1808887,1.6972712,0.7911986,0.523,0.060697187
-4.14419,1.7343984,0.79648614,0.523,0.058212418
-4.1076827,1.7717245,0.8015574,0.523,0.05572765
-4.0713596,1.8092406,0.8064125,0.523,0.053495992
-4.035215,1.8469372,0.81107336,0.523,0.051264334
-3.9992423,1.8848063,0.81553996,0.523,0.049032677
-3.9634352,1.9228399,0.81981224,0.523,0.048386555
-3.9277894,1.9610274,0.8240283,0.523,0.047740437
-3.8923042,1.999366,0.82818806,0.523,0.047094315
-3.8569775,2.037853,0.8322916,0.523,0.04708339
-3.821809,2.076485,0.8363942,0.523,0.047072463
-3.7867994,2.1152606,0.8404958,0.523,0.04706154
-3.751949,2.1541796,0.8445965,0.523,0.04682972
-3.7172582,2.1932416,0.84867704,0.523,0.046597898
-3.6827266,2.2324452,0.8527373,0.523,0.046366077
-3.648354,2.271789,0.8567775,0.523,0.046078473
-3.6141405,2.3112721,0.8607926,0.523,0.04579087
-3.580085,2.3508928,0.8647826,0.523,0.045503266
-3.5461876,2.3906496,0.8687476,0.523,0.04463194
-3.5124469,2.430542,0.87263674,0.523,0.043760616
-3.4788601,2.4705667,0.87644994,0.523,0.04288929
-3.445425,2.510721,0.88018733,0.523,0.042666607
-3.41214,2.551,0.8839053,0.523,0.042443924
-3.3790045,2.5914032,0.8876039,0.523,0.04222124
-3.3460183,2.631929,0.8912831,0.523,0.04387515
-3.313184,2.6725729,0.8951063,0.523,0.04552906
-3.2805076,2.7133389,0.89907354,0.523,0.04718297
-3.2479956,2.7542312,0.90318483,0.523,0.050079457
-3.2156565,2.7952511,0.90754825,0.523,0.052975945
-3.1835017,2.8364055,0.91216385,0.523,0.055872433
-3.1515422,2.8777013,0.9170315,0.523,0.05915057
-3.11979,2.9191444,0.92218447,0.523,0.062428705
-3.0882583,2.9607422,0.9276226,0.523,0.06570684
-3.0569596,3.0025022,0.933346,0.523,0.0680551
-3.0259054,3.044434,0.93927354,0.523,0.07040335
-2.9951053,3.0865424,0.94540524,0.523,0.07275161
-2.964569,3.1288316,0.9517412,0.523,0.073314674
-2.9343028,3.1713116,0.95812607,0.523,0.07387774
-2.9043095,3.2139823,0.9645599,0.523,0.07444079
-2.8745925,3.2568436,0.97104263,0.523,0.07474203
-2.8451548,3.2998953,0.9775516,0.523,0.07504325
-2.8159986,3.3431368,0.98408675,0.523,0.07534449
-2.787126,3.3865669,0.99064803,0.523,0.07435795
-2.7585373,3.430189,0.9971236,0.523,0.07337142
-2.7302294,3.473998,1.0035135,0.523,0.07238488
-2.7022,3.5179906,1.0098175,0.523,0.07327284
-2.6744502,3.562156,1.0161986,0.523,0.07416079
-2.6469846,3.6064947,1.0226572,0.523,0.075048745
-2.6198077,3.6510067,1.0291927,0.523,0.07554438
-2.5929234,3.695694,1.0357714,0.523,0.076040015
-2.5663347,3.7405553,1.0423932,0.523,0.07653566
-2.5400445,3.78559,1.0490581,0.523,0.07632096
-2.5140548,3.8307998,1.0557042,0.523,0.076106265
-2.4883657,3.8761818,1.0623318,0.523,0.07589157
-2.4629774,3.921734,1.0689406,0.523,0.07782535
-2.4378943,3.9674463,1.0757176,0.523,0.07975914
-2.4131255,4.0133204,1.0826625,0.523,0.081692934
-2.3886797,4.059358,1.0897754,0.523,0.081863776
-2.3645625,4.105568,1.0969033,0.523,0.08203461
-2.3407755,4.151948,1.104046,0.523,0.08220545
-2.3173206,4.198496,1.1112036,0.523,0.08624414
-2.2942076,4.245195,1.1187118,0.523,0.090282835
-2.2714536,4.292049,1.1265708,0.523,0.09432153
-2.2490773,4.339063,1.1347803,0.523,0.09204458
-2.2270827,4.3862696,1.1427921,0.523,0.08976762
-2.2054627,4.43366,1.1506064,0.523,0.08749067
-2.1842093,4.481228,1.1582229,0.523,0.09124397
-2.163326,4.52894,1.1661654,0.523,0.09499726
-2.1428294,4.5768003,1.1744335,0.523,0.09875055
-2.1227365,4.62481,1.1830273,0.523,0.08616414
-2.103034,4.6730475,1.1905286,0.523,0.07357773
-2.0836744,4.7214804,1.1969364,0.523,0.060991324
-2.0646093,4.770077,1.2022495,0.523,0.077318266
-2.045824,4.8187194,1.2089823,0.523,0.0936452
-2.0273924,4.8674192,1.2171332,0.523,0.10997214
-2.0093884,4.916186,1.2266997,0.523,0.07524844
-1.9917952,4.965281,1.2332528,0.523,0.040524743
-1.9744892,5.014589,1.2367841,0.523,0.005801046
-1.9573437,5.0639977,1.2372898,0.523,0.05039736
-1.9402446,5.1133533,1.2416809,0.523,0.09499367
-1.9234171,5.1626234,1.2499487,0.523,0.13959
-1.9070836,5.2117715,1.2620769,0.523,0.08147285
-1.8912456,5.2614336,1.2691708,0.523,0.023355711
-1.8757129,5.311359,1.2712064,0.523,-0.03476143
-1.860287,5.361299,1.2681769,0.523,0.01671133
-1.8447026,5.411216,1.2696335,0.523,0.06818409
-1.829225,5.4610457,1.2755723,0.523,0.119656846
-1.8141168,5.510725,1.2859776,0.523,0.05459123
-1.7994432,5.5608435,1.2907337,0.523,-0.010474384
-1.7849874,5.611103,1.2898207,0.523,-0.07554
-1.7705264,5.6612086,1.2832425,0.523,-0.023981947
-1.755698,5.711347,1.2811522,0.523,0.027576108
-1.7407663,5.7614493,1.2835556,0.523,0.07913416
-1.7259957,5.8114495,1.2904463,0.523,0.017611254
-1.7115269,5.8617,1.2919813,0.523,-0.043911655
-1.6971469,5.911932,1.288155,0.523,-0.10543456
-1.6826419,5.961878,1.2789816,0.52234143,-0.054264236
-1.6676366,6.01183,1.2742598,0.52168286,-0.0030939102
-1.6523926,6.061721,1.2739908,0.5210243,0.048076414
-1.637172,6.111488,1.278164,0.523,-0.0064681233
-1.6220852,6.1615634,1.2776002,0.523,-0.061012663
-1.6069978,6.2115383,1.2722852,0.523,-0.1155572
-1.5917192,6.261192,1.2622349,0.5218345,-0.076823406
-1.5759184,6.3107643,1.2555599,0.5206689,-0.038089614
-1.5597873,6.3602295,1.2522554,0.5195034,0.0006441772
-1.5435174,6.4095664,1.2523112,0.52174413,-0.049529977
-1.5272001,6.4590564,1.248006,0.523,-0.09970413
-1.5106922,6.508409,1.2393295,0.523,-0.14987828
-1.493863,6.5573077,1.226314,0.5173833,-0.11637704
-1.4765087,6.6056767,1.2163013,0.5117665,-0.082875796
-1.4588053,6.6535068,1.2092406,0.50614977,-0.04937455
-1.4409232,6.7007914,1.205077,0.50749373,-0.08970596
-1.4228472,6.747994,1.1974998,0.50883764,-0.13003737
-1.4044471,6.7949734,1.1865028,0.5101816,-0.17036879
-1.3855971,6.841586,1.1720862,0.5083547,-0.14337617
-1.3660637,6.8879533,1.1599802,0.50652784,-0.11638357
-1.3459721,6.9340773,1.1501771,0.50470096,-0.08939096
-1.3254461,6.9799643,1.1426678,0.50690234,-0.12526795
-1.304566,7.025718,1.1321124,0.5091038,-0.16114493
-1.2832221,7.071211,1.1184982,0.51130515,-0.19702192
-1.2613086,7.11631,1.1018169,0.5091573,-0.18563983
-1.2386913,7.1609483,1.086154,0.50700945,-0.17425776
-1.2154279,7.205131,1.0715033,0.5048616,-0.16287568
-1.1915747,7.248867,1.0578588,0.50551283,-0.1805182
-1.1671704,7.292197,1.0427322,0.5061641,-0.19816071
-1.1421658,7.3350635,1.0261245,0.5068153,-0.21580322
-1.1165149,7.3774056,1.008037,0.504786,-0.21708375
-1.0902156,7.4190974,0.98991656,0.5027567,-0.2183643
-1.0632814,7.4601293,0.97176427,0.5007274,-0.21964483
-1.0357265,7.5004897,0.953581,0.5003067,-0.22463934
-1.007498,7.540264,0.9350067,0.49988607,-0.22963387
-0.97859335,7.5794296,0.91604257,0.4994654,-0.23462838
-0.9490111,7.6179614,0.89668983,0.4992789,-0.23856948
-0.91872877,7.655864,0.8770255,0.4990924,-0.24251059
-0.88774866,7.693113,0.8570501,0.4989059,-0.2464517
-0.8560737,7.7296863,0.8367642,0.49976966,-0.24770272
-0.82361746,7.765661,0.8163422,0.5006334,-0.24895373
-0.7903866,7.8010144,0.79578364,0.5014972,-0.25020474
-0.75638825,7.8357267,0.77508837,0.5018472,-0.25125116
-0.72166395,7.869742,0.7542938,0.50219727,-0.25229755
-0.6862247,7.903043,0.7333999,0.50254726,-0.25334397
-0.65008205,7.9356093,0.71240664,0.5022258,-0.25534183
-0.61330634,7.9673734,0.6912649,0.50190437,-0.25733972
-0.575911,7.998317,0.6699751,0.5015829,-0.2593376
-0.53790975,8.028421,0.6485374,0.5011387,-0.2582418
-0.49929497,8.057688,0.62720716,0.50069445,-0.257146
-0.4600882,8.086106,0.6059843,0.5002502,-0.25605023
-0.42031106,8.11367,0.5848686,0.499853,-0.25654626
-0.3799981,8.140364,0.5637297,0.49945575,-0.2570423
-0.3391677,8.166175,0.5425677,0.4990585,-0.25753832
-0.29783857,8.191093,0.5213826,0.4987502,-0.2574234
-0.25601545,8.2151165,0.50021976,0.49844193,-0.25730848
-0.21371819,8.238235,0.4790793,0.49813363,-0.2571936
-0.17096685,8.260443,0.45796114,0.49859583,-0.2564388
-0.12770744,8.281766,0.43688408,0.49905807,-0.255684
-0.08395909,8.302196,0.41584817,0.49952027,-0.25492918
-0.039741077,8.321722,0.3948536,0.49942005,-0.2547443
0.004870313,8.340313,0.37387812,0.49931985,-0.2545594
0.04985496,8.357962,0.35292172,0.49921963,-0.2543745
0.09519264,8.374662,0.33198446,0.4994049,-0.2535447
0.14089681,8.390418,0.31110626,0.4995902,-0.25271487
0.1869469,8.405226,0.29028723,0.49977547,-0.25188503
0.23332238,8.419079,0.26952738,0.50097877,-0.2510029
0.28009838,8.432001,0.2487889,0.50218207,-0.25012082
0.32725587,8.443981,0.22807212,0.5033854,-0.2492387
0.3747757,8.455011,0.20737743,0.5049812,-0.24645452
0.42269868,8.465095,0.18684429,0.50657696,-0.24367036
0.47100425,8.474226,0.16647431,0.50817275,-0.24088618
0.51967204,8.482404,0.14626908,0.5101608,-0.23676082
0.56873536,8.489632,0.1263256,0.5121489,-0.23263547
0.6181735,8.495911,0.1066469,0.51413697,-0.22851011
0.6679662,8.501242,0.08723595,0.51669174,-0.21460727
0.7182581,8.50564,0.06889652,0.5192465,-0.20070441
0.7690197,8.509143,0.05164372,0.5218013,-0.18680155
0.82022375,8.511789,0.03549249,0.523,-0.15818553
0.8718382,8.513622,0.021761416,0.523,-0.1295695
0.9236875,8.5147505,0.01049885,0.523,-0.10095348
0.9757184,8.515297,0.0017140103,0.523,-0.083179936
1.0278375,8.515386,-0.0055281497,0.523,-0.0654064
1.0800248,8.515098,-0.011225343,0.523,-0.04763285
1.1322622,8.514511,-0.01537577,0.523,-0.035417844
1.1845232,8.513707,-0.01846238,0.523,-0.023202837
1.2368003,8.512742,-0.020484712,0.523,-0.01098783
1.2890861,8.511671,-0.021442465,0.523,-0.00014111996
1.3413742,8.51055,-0.021454766,0.523,0.01070559
1.3936591,8.509428,-0.020521613,0.523,0.0215523
1.445936,8.508355,-0.018643117,0.523,0.024818635
1.4982108,8.5073805,-0.01647998,0.523,0.02808497
1.550483,8.506518,-0.01403223,0.523,0.031351306
1.6027522,8.505785,-0.011299889,0.523,0.036263585
1.6550145,8.505195,-0.008139606,0.523,0.041175865
1.7072684,8.504769,-0.004551457,0.523,0.046088148
1.7595123,8.504532,-0.0005355287,0.523,0.047127225
1.8117542,8.504503,0.0035708738,0.523,0.048166297
1.8639933,8.50469,0.007767746,0.523,0.049205374
1.9162284,8.5050955,0.012055084,0.523,0.05219201
1.9684534,8.505725,0.016602423,0.523,0.055178642
2.0206666,8.506593,0.02140972,0.523,0.058165275
2.0728662,8.50771,0.026476935,0.523,0.06140381
2.1250494,8.509092,0.031825937,0.523,0.06464235
2.1772137,8.510753,0.037456673,0.523,0.067880884
2.2293565,8.512707,0.04336908,0.51991343,0.07141159
2.2811666,8.5149555,0.049551796,0.5168269,0.07494229
2.3326411,8.517508,0.05600112,0.51374036,0.078472994
2.3837767,8.520374,0.06271335,0.51234186,0.080957495
2.4347427,8.523575,0.069618784,0.5109433,0.083441995
2.4855359,8.527117,0.07671623,0.50954473,0.085926495
2.536153,8.531008,0.08400449,0.51067525,0.0814334
2.5868719,8.535278,0.09092783,0.5118058,0.07694031
2.6376903,8.539912,0.09748445,0.5129363,0.07244722
2.6886065,8.544891,0.1036725,0.5113705,0.07463509
2.7393272,8.550168,0.11002762,0.50980467,0.07682296
2.78985,8.55575,0.11654865,0.50823885,0.07901083
2.8401716,8.561642,0.12323442,0.5086734,0.08026393
2.8904908,8.567874,0.13003181,0.509108,0.08151702
2.940804,8.574453,0.13694097,0.5095426,0.08277011
2.9911084,8.581386,0.1439621,0.5092991,0.081220284
3.0413454,8.588669,0.15084876,0.50905555,0.07967047
3.0915132,8.596294,0.15760106,0.50881207,0.07812064
3.1416106,8.604256,0.16421911,0.50100857,0.07645677
3.190893,8.612422,0.17059714,0.49320504,0.07479289
3.2393618,8.620772,0.17673945,0.48540154,0.07312901
3.287018,8.629284,0.18265033,0.47574395,0.069554485
3.3336878,8.637904,0.18816091,0.4660864,0.06597995
3.3793743,8.646603,0.19328259,0.4564288,0.06240542
3.42408,8.655354,0.19802678,0.4498662,0.046081685
3.4681406,8.664194,0.20148066,0.4433036,0.029757952
3.511555,8.673061,0.20367897,0.436741,0.013434219
3.5543225,8.681895,0.20465681,0.4337382,0.0007569492
3.596791,8.69071,0.20471153,0.43073538,-0.011920321
3.6389623,8.699466,0.2038558,0.42773256,-0.02459759
3.6808372,8.708122,0.20210245,0.4259459,-0.03472237
3.7225397,8.716667,0.19963796,0.42415926,-0.04484715
3.7640712,8.72507,0.19646864,0.42237258,-0.054971926
3.8054335,8.733303,0.19260082,0.40999445,-0.06572194
3.845588,8.741134,0.18811311,0.39761633,-0.07647194
3.884534,8.748548,0.1830503,0.38523817,-0.08722195
3.92227,8.755533,0.1774572,0.37517992,-0.10134533
3.9590094,8.762122,0.17113091,0.36512166,-0.11546871
3.9947486,8.768299,0.16411982,0.3550634,-0.12959209
4.0294843,8.774052,0.15647237,0.3433179,-0.13189706
4.063102,8.779355,0.14894713,0.33157238,-0.13420205
4.0955973,8.784231,0.14155309,0.31982687,-0.13650702
4.1269655,8.788701,0.13429923,0.30886072,-0.12751256
4.157325,8.792804,0.12775308,0.29789454,-0.1185181
4.1866646,8.796572,0.12188252,0.28692836,-0.10952364
4.214974,8.800039,0.11665542,0.27493346,-0.103332914
4.2421346,8.803223,0.11192889,0.26293856,-0.09714218
4.268141,8.806146,0.10767851,0.25094366,-0.09095146
4.2929864,8.808831,0.1038798,0.23910004,-0.065546095
4.3167167,8.811305,0.10126966,0.22725643,-0.040140737
4.339308,8.813601,0.0997497,0.21541281,-0.014735376
4.3607397,8.815746,0.099220686,0.19857314,0.03166143
4.3804893,8.817712,0.100268364,0.18173347,0.07805823
4.398516,8.819526,0.10263026,0.1648938,0.124455035
4.414792,8.821202,0.10604175,0.15017585,0.15776786
4.4295397,8.822772,0.109974205,0.13545792,0.19108067
4.4427586,8.824231,0.1142619,0.120739974,0.2243935
4.4544535,8.825573,0.11873965,0.11391307,0.20819524
4.46552,8.826894,0.12266385,0.10708616,0.19199696
4.475953,8.828179,0.12606953,0.10025925,0.1757987
